   5.00073237145638946616446377417107329       ,         200
 B,H,U,0,0,0,0,0
   2.50000000000000000000000000000000012E-0002 ,   0.00000000000000000000000000000000000       ,   1.13860617378745861562251190491919554       ,   5.17026274388376716414188091089014019E-0003
   7.50000000000000000000000000000000096E-0002 ,   0.00000000000000000000000000000000000       ,   1.13862056904298041122059569549304653       ,   1.55099176526185435564777413444264345E-0002
  0.125000000000000000000000000000000000       ,   0.00000000000000000000000000000000000       ,   1.13864938611878298856231908536486641       ,   2.58469591095799826569214351640048404E-0002
  0.175000000000000000000000000000000014       ,   0.00000000000000000000000000000000000       ,   1.13869267818161387543911403798232503       ,   3.61796390997444479015724834900390058E-0002
  0.225000000000000000000000000000000005       ,   0.00000000000000000000000000000000000       ,   1.13875052507393824981943636757088115       ,   4.65062010434561811893470666207215185E-0002
  0.275000000000000000000000000000000019       ,   0.00000000000000000000000000000000000       ,   1.13882303342269241386234235781294751       ,   5.68248763829734869812208591112463822E-0002
  0.325000000000000000000000000000000058       ,   0.00000000000000000000000000000000000       ,   1.13891033678081673412018658238205231       ,   6.71338811818181418877866908582133373E-0002
  0.375000000000000000000000000000000048       ,   0.00000000000000000000000000000000000       ,   1.13901259579853049846969689912884003       ,   7.74314127413657469627441595692870099E-0002
  0.425000000000000000000000000000000039       ,   0.00000000000000000000000000000000000       ,   1.13912999842051147366644993510926240       ,   8.77156462400440519477334748091634037E-0002
  0.475000000000000000000000000000000029       ,   0.00000000000000000000000000000000000       ,   1.13926276010436704330290366550401522       ,   9.79847314020026540712749652787478732E-0002
  0.525000000000000000000000000000000019       ,   0.00000000000000000000000000000000000       ,   1.13941112405507375508679247321838408       ,  0.108236789204359288714902988252945131      
  0.575000000000000000000000000000000058       ,   0.00000000000000000000000000000000000       ,   1.13957536146946298774749680239378853       ,  0.118469908635282974212564694413592374      
  0.625000000000000000000000000000000096       ,   0.00000000000000000000000000000000000       ,   1.13975577178437758495196512471835816       ,  0.128682143519371815326747167657620488      
  0.675000000000000000000000000000000039       ,   0.00000000000000000000000000000000000       ,   1.13995268292182794432117769686036925       ,  0.138871509432080684617627002572544548      
  0.725000000000000000000000000000000077       ,   0.00000000000000000000000000000000000       ,   1.14016645152430676497199845278901796       ,  0.149035980731300762428817567247276570      
  0.775000000000000000000000000000000019       ,   0.00000000000000000000000000000000000       ,   1.14039746317330054198900504669486879       ,  0.159173487741397581767300217408963347      
  0.825000000000000000000000000000000058       ,   0.00000000000000000000000000000000000       ,   1.14064613258383327162625431052877509       ,  0.169281914132723646636990313111559464      
  0.875000000000000000000000000000000096       ,   0.00000000000000000000000000000000000       ,   1.14091290376742250681857786219873484       ,  0.179359094547324659235269184742908761      
  0.925000000000000000000000000000000039       ,   0.00000000000000000000000000000000000       ,   1.14119825015492670995726876081667411       ,  0.189402812528625639434472155830991580      
  0.975000000000000000000000000000000077       ,   0.00000000000000000000000000000000000       ,   1.14150267466922802446871722551358100       ,  0.199410798818649722153435267525800632      
   1.02499999999999999999999999999999992       ,   0.00000000000000000000000000000000000       ,   1.14182670973537547536439358455867243       ,  0.209380730090205443469544277471138522      
   1.07499999999999999999999999999999996       ,   0.00000000000000000000000000000000000       ,   1.14217091721262908530795979235021299       ,  0.219310228183109243964219679265589017      
   1.12500000000000000000000000000000000       ,   0.00000000000000000000000000000000000       ,   1.14253588822881343088591515594040687       ,  0.229196859912845844980604980404366027      
   1.17500000000000000000000000000000004       ,   0.00000000000000000000000000000000000       ,   1.14292224289264921360250272372699550       ,  0.239038137517449434812952564911208611      
   1.22500000000000000000000000000000008       ,   0.00000000000000000000000000000000000       ,   1.14333062985455358507301930586986691       ,  0.248831519804513436201115358743129141      
   1.27499999999999999999999999999999992       ,   0.00000000000000000000000000000000000       ,   1.14376172568117419117178645053724634       ,  0.258574414056066185541386598792612312      
   1.32499999999999999999999999999999996       ,   0.00000000000000000000000000000000000       ,   1.14421623400412287341383511579606197       ,  0.268264178745642004793178895462284635      
   1.37500000000000000000000000000000000       ,   0.00000000000000000000000000000000000       ,   1.14469488439950511675188728098229673       ,  0.277898127120192130639089773910835629      
   1.42500000000000000000000000000000004       ,   0.00000000000000000000000000000000000       ,   1.14519843095236272124515316166198457       ,  0.287473531700181157644392553051498015      
   1.47500000000000000000000000000000008       ,   0.00000000000000000000000000000000000       ,   1.14572765045941810847708158711197541       ,  0.296987629754493861430071307413572254      
   1.52499999999999999999999999999999992       ,   0.00000000000000000000000000000000000       ,   1.14628334022473860170362026173791117       ,  0.306437629812237933448951184687035511      
   1.57499999999999999999999999999999996       ,   0.00000000000000000000000000000000000       ,   1.14686631540616694892619578684656442       ,  0.315820719280165597987174768516457384      
   1.62500000000000000000000000000000000       ,   0.00000000000000000000000000000000000       ,   1.14747740587545861316525310218178883       ,  0.325134073240744895484903227649292378      
   1.67500000000000000000000000000000004       ,   0.00000000000000000000000000000000000       ,   1.14811745256174396192086454737355347       ,  0.334374864510103834602117951128347041      
   1.72500000000000000000000000000000008       ,   0.00000000000000000000000000000000000       ,   1.14878730325580526744763963665736817       ,  0.343540275035352591180014251119264929      
   1.77499999999999999999999999999999992       ,   0.00000000000000000000000000000000000       ,   1.14948780786131022917496548464137039       ,  0.352627508705568727590391157296739116      
   1.82499999999999999999999999999999996       ,   0.00000000000000000000000000000000000       ,   1.15021981308825234075090159375994229       ,  0.361633805638696507169467448192737669      
   1.87500000000000000000000000000000000       ,   0.00000000000000000000000000000000000       ,   1.15098415659330142423415969957081007       ,  0.370556457986690938824528077301623154      
   1.92500000000000000000000000000000004       ,   0.00000000000000000000000000000000000       ,   1.15178166058172851816227538313704478       ,  0.379392827272558972676315018998663282      
   1.97500000000000000000000000000000008       ,   0.00000000000000000000000000000000000       ,   1.15261312489643141713023394413635055       ,  0.388140363234960727801177977871640155      
   2.02499999999999999999999999999999992       ,   0.00000000000000000000000000000000000       ,   1.15347931963180746144054069459049282       ,  0.396796624108810094025490137646370322      
   2.07500000000000000000000000000000015       ,   0.00000000000000000000000000000000000       ,   1.15438097732409554092454965388396532       ,  0.405359298214934746654694612789604180      
   2.12500000000000000000000000000000000       ,   0.00000000000000000000000000000000000       ,   1.15531878478530782940221194959754060       ,  0.413826226670558806756912368606575027      
   2.17499999999999999999999999999999985       ,   0.00000000000000000000000000000000000       ,   1.15629337466461382675058594419492114       ,  0.422195426968289903681039814534049719      
   2.22500000000000000000000000000000008       ,   0.00000000000000000000000000000000000       ,   1.15730531683843756790741429610423026       ,  0.430465117107788450569404622175118720      
   2.27499999999999999999999999999999992       ,   0.00000000000000000000000000000000000       ,   1.15835510974799545687342135007828182       ,  0.438633739904200169345841157336776772      
   2.32500000000000000000000000000000015       ,   0.00000000000000000000000000000000000       ,   1.15944317182008031571302607611999261       ,  0.446699987042605349121704572639908520      
   2.37500000000000000000000000000000000       ,   0.00000000000000000000000000000000000       ,   1.16056983312321651874302265972399529       ,  0.454662822399248311518413897362685796      
   2.42500000000000000000000000000000023       ,   0.00000000000000000000000000000000000       ,   1.16173532742637511938449140433762297       ,  0.462521504109161040504175808075181658      
   2.47500000000000000000000000000000008       ,   0.00000000000000000000000000000000000       ,   1.16293978484036700888763064946449574       ,  0.470275604827813674357058729153075033      
   2.52499999999999999999999999999999992       ,   0.00000000000000000000000000000000000       ,   1.16418322523143493157467727524659773       ,  0.477925029614778943318526019969635494      
   2.57500000000000000000000000000000015       ,   0.00000000000000000000000000000000000       ,   1.16546555260066622083417853841292118       ,  0.485470030864340953236823817658282956      
   2.62500000000000000000000000000000000       ,   0.00000000000000000000000000000000000       ,   1.16678655061987100255755187131786491       ,  0.492911219725821077471759905726753693      
   2.67500000000000000000000000000000023       ,   0.00000000000000000000000000000000000       ,   1.16814587950322322607151533420411172       ,  0.500249573498140845055277005776702229      
   2.72500000000000000000000000000000008       ,   0.00000000000000000000000000000000000       ,   1.16954307437378596957516642841230985       ,  0.507486438549496928275714854857296346      
   2.77499999999999999999999999999999992       ,   0.00000000000000000000000000000000000       ,   1.17097754525544440515058853538641678       ,  0.514623528402287789523776080474802583      
   2.82500000000000000000000000000000015       ,   0.00000000000000000000000000000000000       ,   1.17244857878473969068631393717354153       ,  0.521662916732284069663754891985875245      
   2.87500000000000000000000000000000000       ,   0.00000000000000000000000000000000000       ,   1.17395534169483113526457132848744696       ,  0.528607025155569458718248051351550715      
   2.92500000000000000000000000000000023       ,   0.00000000000000000000000000000000000       ,   1.17549688607651598712133814817420558       ,  0.535458605813005266973798441484589803      
   2.97500000000000000000000000000000008       ,   0.00000000000000000000000000000000000       ,   1.17707215637021254205966141525804349       ,  0.542220718905449330706358882171816520      
   3.02499999999999999999999999999999992       ,   0.00000000000000000000000000000000000       ,   1.17867999798970873236517210312078762       ,  0.548896705478003516959609014195768853      
   3.07500000000000000000000000000000015       ,   0.00000000000000000000000000000000000       ,   1.18031916742536260530433803230888073       ,  0.555490155890864295914814653441659728      
   3.12500000000000000000000000000000000       ,   0.00000000000000000000000000000000000       ,   1.18198834362355940548290533759575632       ,  0.562004874539467370331400098454855175      
   3.17500000000000000000000000000000023       ,   0.00000000000000000000000000000000000       ,   1.18368614039255192178097711774665032       ,  0.568444841488969112122126357076401807      
   3.22500000000000000000000000000000008       ,   0.00000000000000000000000000000000000       ,   1.18541111954364418056520644255146983       ,  0.574814171759575293030812171296865560      
   3.27499999999999999999999999999999992       ,   0.00000000000000000000000000000000000       ,   1.18716180444151025747911286290235029       ,  0.581117073031826024315534515421876848      
   3.32500000000000000000000000000000015       ,   0.00000000000000000000000000000000000       ,   1.18893669360787469929842537039653375       ,  0.587357802525787626450457839433972461      
   3.37500000000000000000000000000000000       ,   0.00000000000000000000000000000000000       ,   1.19073427399733944846702949447854948       ,  0.593540623734109304964662392255482595      
   3.42500000000000000000000000000000023       ,   0.00000000000000000000000000000000000       ,   1.19255303353984969318085283651803608       ,  0.599669763541086277894521563269446731      
   3.47500000000000000000000000000000008       ,   0.00000000000000000000000000000000000       ,   1.19439147251614979690774805642411456       ,  0.605749370016324454231516060766131160      
   3.52499999999999999999999999999999992       ,   0.00000000000000000000000000000000000       ,   1.19624811329287773122994400748568224       ,  0.611783470798396515320596428545361227      
   3.57500000000000000000000000000000015       ,   0.00000000000000000000000000000000000       ,   1.19812150788120700118189216892948781       ,  0.617775931426910571833819422949985142      
   3.62500000000000000000000000000000000       ,   0.00000000000000000000000000000000000       ,   1.20001024268074970094931567271841622       ,  0.623730412152121627291757081162502634      
   3.67500000000000000000000000000000023       ,   0.00000000000000000000000000000000000       ,   1.20191293960708965418538773714008877       ,  0.629650320499458226787624954047346754      
   3.72500000000000000000000000000000008       ,   0.00000000000000000000000000000000000       ,   1.20382825255138963072988279272133327       ,  0.635538754931182353744592644724596017      
   3.77499999999999999999999999999999992       ,   0.00000000000000000000000000000000000       ,   1.20575485775850561941210105042970273       ,  0.641398431874891500544615748956640105      
   3.82500000000000000000000000000000015       ,   0.00000000000000000000000000000000000       ,   1.20769143621713407266544735801615849       ,  0.647231583396954143985055063581601545      
   3.87500000000000000000000000000000000       ,   0.00000000000000000000000000000000000       ,   1.20963664553499316746793711262295206       ,  0.653039804548553759201735293835842931      
   3.92500000000000000000000000000000023       ,   0.00000000000000000000000000000000000       ,   1.21158907808658302038768287974601825       ,  0.658823815597754415313329242675296610      
   3.97500000000000000000000000000000008       ,   0.00000000000000000000000000000000000       ,   1.21354720167586230303837504325563452       ,  0.664583080988709103217818571867286903      
   4.02500000000000000000000000000000031       ,   0.00000000000000000000000000000000000       ,   1.21550927907004239144844936885293849       ,  0.670315186980029799351226812716577602      
   4.07500000000000000000000000000000015       ,   0.00000000000000000000000000000000000       ,   1.21747326470262187817998773533909047       ,  0.676014811353522666539065838149660548      
   4.12500000000000000000000000000000077       ,   0.00000000000000000000000000000000000       ,   1.21943668307226039138649959299369321       ,  0.681672000129714936871886839031233303      
   4.17500000000000000000000000000000062       ,   0.00000000000000000000000000000000000       ,   1.22139650881981782311452577478559810       ,  0.687269260909474973594595951933833889      
   4.22500000000000000000000000000000046       ,   0.00000000000000000000000000000000000       ,   1.22334910280944580438677487687250477       ,  0.692776625999018450965978031724326258      
   4.27500000000000000000000000000000031       ,   0.00000000000000000000000000000000000       ,   1.22529033023128631016354000786094885       ,  0.698143219587279007154723913020657368      
   4.32500000000000000000000000000000015       ,   0.00000000000000000000000000000000000       ,   1.22721612977141654966413656558834780       ,  0.703282792379619311887609601642174559      
   4.37500000000000000000000000000000077       ,   0.00000000000000000000000000000000000       ,   1.22912407754442027708876224076877115       ,  0.708048848689311472535397300084635762      
   4.42500000000000000000000000000000062       ,   0.00000000000000000000000000000000000       ,   1.23101699892966981355990613772860124       ,  0.712191875252972397949432005939801243      
   4.47500000000000000000000000000000046       ,   0.00000000000000000000000000000000000       ,   1.23291058063929856087489462591148413       ,  0.715286039912724444551669567382975438      
   4.52500000000000000000000000000000031       ,   0.00000000000000000000000000000000000       ,   1.23484814721105845579422295229701996       ,  0.716605364141630995447970760816447342      
   4.57500000000000000000000000000000015       ,   0.00000000000000000000000000000000000       ,   1.23692744548475444161580561270881973       ,  0.714918485424584811235726101635227308      
   4.62500000000000000000000000000000077       ,   0.00000000000000000000000000000000000       ,   1.23934577934199269951061073183353071       ,  0.708165572612179183578341678528758450      
   4.67500000000000000000000000000000062       ,   0.00000000000000000000000000000000000       ,   1.24246458186579397717541054709915083       ,  0.693005371195977627446695744241327686      
   4.72500000000000000000000000000000046       ,   0.00000000000000000000000000000000000       ,   1.24686286991798714065841425576053335       ,  0.664297946034161643315245477024576553      
   4.77500000000000000000000000000000031       ,   0.00000000000000000000000000000000000       ,   1.25328190480975716424853131485140514       ,  0.614873239559039274063751032598188757      
   4.82500000000000000000000000000000092       ,   0.00000000000000000000000000000000000       ,   1.26226265248595398961838207257477204       ,  0.536382668866862499662932814561337436      
   4.87500000000000000000000000000000077       ,   0.00000000000000000000000000000000000       ,   1.27333980375944082486519924689119139       ,  0.422164984377517336455577661449574683      
   4.92500000000000000000000000000000062       ,   0.00000000000000000000000000000000000       ,   1.28422479510153908517667122957009627       ,  0.271731655698462356672690852314326404      
   4.97500000000000000000000000000000046       ,   0.00000000000000000000000000000000000       ,   1.29117889378168137036583698586796243       ,   9.39694789824055225720649261915847618E-0002
   5.02500000000000000000000000000000031       ,   0.00000000000000000000000000000000000       ,   1.29117889378168137036583698586796223       ,  -9.39694789824055225720649261915847979E-0002
   5.07500000000000000000000000000000092       ,   0.00000000000000000000000000000000000       ,   1.28422479510153908517667122957009608       , -0.271731655698462356672690852314326019      
   5.12500000000000000000000000000000077       ,   0.00000000000000000000000000000000000       ,   1.27333980375944082486519924689119081       , -0.422164984377517336455577661449574490      
   5.17500000000000000000000000000000062       ,   0.00000000000000000000000000000000000       ,   1.26226265248595398961838207257477165       , -0.536382668866862499662932814561337436      
   5.22500000000000000000000000000000046       ,   0.00000000000000000000000000000000000       ,   1.25328190480975716424853131485140456       , -0.614873239559039274063751032598189335      
   5.27500000000000000000000000000000031       ,   0.00000000000000000000000000000000000       ,   1.24686286991798714065841425576053277       , -0.664297946034161643315245477024576938      
   5.32500000000000000000000000000000092       ,   0.00000000000000000000000000000000000       ,   1.24246458186579397717541054709915025       , -0.693005371195977627446695744241328071      
   5.37500000000000000000000000000000077       ,   0.00000000000000000000000000000000000       ,   1.23934577934199269951061073183353013       , -0.708165572612179183578341678528758738      
   5.42500000000000000000000000000000062       ,   0.00000000000000000000000000000000000       ,   1.23692744548475444161580561270881915       , -0.714918485424584811235726101635227693      
   5.47500000000000000000000000000000046       ,   0.00000000000000000000000000000000000       ,   1.23484814721105845579422295229701958       , -0.716605364141630995447970760816447438      
   5.52500000000000000000000000000000031       ,   0.00000000000000000000000000000000000       ,   1.23291058063929856087489462591148375       , -0.715286039912724444551669567382975726      
   5.57500000000000000000000000000000092       ,   0.00000000000000000000000000000000000       ,   1.23101699892966981355990613772860066       , -0.712191875252972397949432005939802109      
   5.62500000000000000000000000000000077       ,   0.00000000000000000000000000000000000       ,   1.22912407754442027708876224076877096       , -0.708048848689311472535397300084636243      
   5.67500000000000000000000000000000062       ,   0.00000000000000000000000000000000000       ,   1.22721612977141654966413656558834780       , -0.703282792379619311887609601642174559      
   5.72500000000000000000000000000000046       ,   0.00000000000000000000000000000000000       ,   1.22529033023128631016354000786094865       , -0.698143219587279007154723913020657753      
   5.77500000000000000000000000000000031       ,   0.00000000000000000000000000000000000       ,   1.22334910280944580438677487687250477       , -0.692776625999018450965978031724326547      
   5.82500000000000000000000000000000092       ,   0.00000000000000000000000000000000000       ,   1.22139650881981782311452577478559810       , -0.687269260909474973594595951933834081      
   5.87500000000000000000000000000000077       ,   0.00000000000000000000000000000000000       ,   1.21943668307226039138649959299369321       , -0.681672000129714936871886839031233399      
   5.92500000000000000000000000000000062       ,   0.00000000000000000000000000000000000       ,   1.21747326470262187817998773533909028       , -0.676014811353522666539065838149660837      
   5.97500000000000000000000000000000046       ,   0.00000000000000000000000000000000000       ,   1.21550927907004239144844936885293811       , -0.670315186980029799351226812716578276      
   6.02500000000000000000000000000000031       ,   0.00000000000000000000000000000000000       ,   1.21354720167586230303837504325563433       , -0.664583080988709103217818571867286806      
   6.07500000000000000000000000000000092       ,   0.00000000000000000000000000000000000       ,   1.21158907808658302038768287974601825       , -0.658823815597754415313329242675296898      
   6.12500000000000000000000000000000077       ,   0.00000000000000000000000000000000000       ,   1.20963664553499316746793711262295206       , -0.653039804548553759201735293835842931      
   6.17500000000000000000000000000000062       ,   0.00000000000000000000000000000000000       ,   1.20769143621713407266544735801615829       , -0.647231583396954143985055063581601834      
   6.22500000000000000000000000000000046       ,   0.00000000000000000000000000000000000       ,   1.20575485775850561941210105042970273       , -0.641398431874891500544615748956640105      
   6.27500000000000000000000000000000031       ,   0.00000000000000000000000000000000000       ,   1.20382825255138963072988279272133308       , -0.635538754931182353744592644724596595      
   6.32500000000000000000000000000000092       ,   0.00000000000000000000000000000000000       ,   1.20191293960708965418538773714008857       , -0.629650320499458226787624954047346946      
   6.37500000000000000000000000000000077       ,   0.00000000000000000000000000000000000       ,   1.20001024268074970094931567271841603       , -0.623730412152121627291757081162503019      
   6.42500000000000000000000000000000062       ,   0.00000000000000000000000000000000000       ,   1.19812150788120700118189216892948762       , -0.617775931426910571833819422949985335      
   6.47500000000000000000000000000000046       ,   0.00000000000000000000000000000000000       ,   1.19624811329287773122994400748568185       , -0.611783470798396515320596428545361515      
   6.52500000000000000000000000000000031       ,   0.00000000000000000000000000000000000       ,   1.19439147251614979690774805642411436       , -0.605749370016324454231516060766131257      
   6.57500000000000000000000000000000092       ,   0.00000000000000000000000000000000000       ,   1.19255303353984969318085283651803608       , -0.599669763541086277894521563269446635      
   6.62500000000000000000000000000000077       ,   0.00000000000000000000000000000000000       ,   1.19073427399733944846702949447854948       , -0.593540623734109304964662392255482692      
   6.67500000000000000000000000000000062       ,   0.00000000000000000000000000000000000       ,   1.18893669360787469929842537039653355       , -0.587357802525787626450457839433972654      
   6.72500000000000000000000000000000046       ,   0.00000000000000000000000000000000000       ,   1.18716180444151025747911286290235029       , -0.581117073031826024315534515421876848      
   6.77500000000000000000000000000000031       ,   0.00000000000000000000000000000000000       ,   1.18541111954364418056520644255146983       , -0.574814171759575293030812171296865367      
   6.82500000000000000000000000000000092       ,   0.00000000000000000000000000000000000       ,   1.18368614039255192178097711774665012       , -0.568444841488969112122126357076401904      
   6.87500000000000000000000000000000077       ,   0.00000000000000000000000000000000000       ,   1.18198834362355940548290533759575613       , -0.562004874539467370331400098454855175      
   6.92500000000000000000000000000000062       ,   0.00000000000000000000000000000000000       ,   1.18031916742536260530433803230888054       , -0.555490155890864295914814653441660017      
   6.97500000000000000000000000000000046       ,   0.00000000000000000000000000000000000       ,   1.17867999798970873236517210312078743       , -0.548896705478003516959609014195768564      
   7.02500000000000000000000000000000031       ,   0.00000000000000000000000000000000000       ,   1.17707215637021254205966141525804329       , -0.542220718905449330706358882171816135      
   7.07500000000000000000000000000000092       ,   0.00000000000000000000000000000000000       ,   1.17549688607651598712133814817420558       , -0.535458605813005266973798441484589129      
   7.12500000000000000000000000000000077       ,   0.00000000000000000000000000000000000       ,   1.17395534169483113526457132848744715       , -0.528607025155569458718248051351549752      
   7.17500000000000000000000000000000062       ,   0.00000000000000000000000000000000000       ,   1.17244857878473969068631393717354192       , -0.521662916732284069663754891985873416      
   7.22500000000000000000000000000000046       ,   0.00000000000000000000000000000000000       ,   1.17097754525544440515058853538641716       , -0.514623528402287789523776080474800946      
   7.27500000000000000000000000000000031       ,   0.00000000000000000000000000000000000       ,   1.16954307437378596957516642841230985       , -0.507486438549496928275714854857295094      
   7.32500000000000000000000000000000092       ,   0.00000000000000000000000000000000000       ,   1.16814587950322322607151533420411191       , -0.500249573498140845055277005776701651      
   7.37500000000000000000000000000000077       ,   0.00000000000000000000000000000000000       ,   1.16678655061987100255755187131786511       , -0.492911219725821077471759905726753115      
   7.42500000000000000000000000000000062       ,   0.00000000000000000000000000000000000       ,   1.16546555260066622083417853841292118       , -0.485470030864340953236823817658282571      
   7.47500000000000000000000000000000046       ,   0.00000000000000000000000000000000000       ,   1.16418322523143493157467727524659754       , -0.477925029614778943318526019969634916      
   7.52500000000000000000000000000000031       ,   0.00000000000000000000000000000000000       ,   1.16293978484036700888763064946449574       , -0.470275604827813674357058729153074359      
   7.57500000000000000000000000000000092       ,   0.00000000000000000000000000000000000       ,   1.16173532742637511938449140433762297       , -0.462521504109161040504175808075181080      
   7.62500000000000000000000000000000077       ,   0.00000000000000000000000000000000000       ,   1.16056983312321651874302265972399529       , -0.454662822399248311518413897362685459      
   7.67500000000000000000000000000000062       ,   0.00000000000000000000000000000000000       ,   1.15944317182008031571302607611999261       , -0.446699987042605349121704572639908713      
   7.72500000000000000000000000000000046       ,   0.00000000000000000000000000000000000       ,   1.15835510974799545687342135007828182       , -0.438633739904200169345841157336776964      
   7.77500000000000000000000000000000031       ,   0.00000000000000000000000000000000000       ,   1.15730531683843756790741429610423026       , -0.430465117107788450569404622175118768      
   7.82500000000000000000000000000000092       ,   0.00000000000000000000000000000000000       ,   1.15629337466461382675058594419492076       , -0.422195426968289903681039814534049863      
   7.87500000000000000000000000000000077       ,   0.00000000000000000000000000000000000       ,   1.15531878478530782940221194959754022       , -0.413826226670558806756912368606575267      
   7.92500000000000000000000000000000062       ,   0.00000000000000000000000000000000000       ,   1.15438097732409554092454965388396493       , -0.405359298214934746654694612789604517      
   7.97500000000000000000000000000000046       ,   0.00000000000000000000000000000000000       ,   1.15347931963180746144054069459049263       , -0.396796624108810094025490137646370418      
   8.02500000000000000000000000000000031       ,   0.00000000000000000000000000000000000       ,   1.15261312489643141713023394413635036       , -0.388140363234960727801177977871639770      
   8.07500000000000000000000000000000092       ,   0.00000000000000000000000000000000000       ,   1.15178166058172851816227538313704440       , -0.379392827272558972676315018998663186      
   8.12500000000000000000000000000000000       ,   0.00000000000000000000000000000000000       ,   1.15098415659330142423415969957080988       , -0.370556457986690938824528077301622576      
   8.17500000000000000000000000000000062       ,   0.00000000000000000000000000000000000       ,   1.15021981308825234075090159375994210       , -0.361633805638696507169467448192736851      
   8.22500000000000000000000000000000123       ,   0.00000000000000000000000000000000000       ,   1.14948780786131022917496548464137020       , -0.352627508705568727590391157296738635      
   8.27500000000000000000000000000000031       ,   0.00000000000000000000000000000000000       ,   1.14878730325580526744763963665736817       , -0.343540275035352591180014251119264688      
   8.32500000000000000000000000000000092       ,   0.00000000000000000000000000000000000       ,   1.14811745256174396192086454737355347       , -0.334374864510103834602117951128346607      
   8.37500000000000000000000000000000000       ,   0.00000000000000000000000000000000000       ,   1.14747740587545861316525310218178883       , -0.325134073240744895484903227649291896      
   8.42500000000000000000000000000000062       ,   0.00000000000000000000000000000000000       ,   1.14686631540616694892619578684656442       , -0.315820719280165597987174768516456950      
   8.47500000000000000000000000000000123       ,   0.00000000000000000000000000000000000       ,   1.14628334022473860170362026173791117       , -0.306437629812237933448951184687034982      
   8.52500000000000000000000000000000031       ,   0.00000000000000000000000000000000000       ,   1.14572765045941810847708158711197541       , -0.296987629754493861430071307413571869      
   8.57500000000000000000000000000000092       ,   0.00000000000000000000000000000000000       ,   1.14519843095236272124515316166198438       , -0.287473531700181157644392553051497630      
   8.62500000000000000000000000000000000       ,   0.00000000000000000000000000000000000       ,   1.14469488439950511675188728098229654       , -0.277898127120192130639089773910835292      
   8.67500000000000000000000000000000062       ,   0.00000000000000000000000000000000000       ,   1.14421623400412287341383511579606178       , -0.268264178745642004793178895462284106      
   8.72500000000000000000000000000000123       ,   0.00000000000000000000000000000000000       ,   1.14376172568117419117178645053724615       , -0.258574414056066185541386598792612072      
   8.77500000000000000000000000000000031       ,   0.00000000000000000000000000000000000       ,   1.14333062985455358507301930586986671       , -0.248831519804513436201115358743128612      
   8.82500000000000000000000000000000092       ,   0.00000000000000000000000000000000000       ,   1.14292224289264921360250272372699511       , -0.239038137517449434812952564911208033      
   8.87500000000000000000000000000000000       ,   0.00000000000000000000000000000000000       ,   1.14253588822881343088591515594040649       , -0.229196859912845844980604980404365256      
   8.92500000000000000000000000000000062       ,   0.00000000000000000000000000000000000       ,   1.14217091721262908530795979235021260       , -0.219310228183109243964219679265588198      
   8.97500000000000000000000000000000123       ,   0.00000000000000000000000000000000000       ,   1.14182670973537547536439358455867186       , -0.209380730090205443469544277471138016      
   9.02500000000000000000000000000000031       ,   0.00000000000000000000000000000000000       ,   1.14150267466922802446871722551358043       , -0.199410798818649722153435267525800199      
   9.07500000000000000000000000000000092       ,   0.00000000000000000000000000000000000       ,   1.14119825015492670995726876081667373       , -0.189402812528625639434472155830991147      
   9.12500000000000000000000000000000000       ,   0.00000000000000000000000000000000000       ,   1.14091290376742250681857786219873446       , -0.179359094547324659235269184742908736      
   9.17500000000000000000000000000000062       ,   0.00000000000000000000000000000000000       ,   1.14064613258383327162625431052877470       , -0.169281914132723646636990313111559560      
   9.22500000000000000000000000000000123       ,   0.00000000000000000000000000000000000       ,   1.14039746317330054198900504669486821       , -0.159173487741397581767300217408963660      
   9.27500000000000000000000000000000031       ,   0.00000000000000000000000000000000000       ,   1.14016645152430676497199845278901758       , -0.149035980731300762428817567247276739      
   9.32500000000000000000000000000000092       ,   0.00000000000000000000000000000000000       ,   1.13995268292182794432117769686036886       , -0.138871509432080684617627002572544331      
   9.37500000000000000000000000000000000       ,   0.00000000000000000000000000000000000       ,   1.13975577178437758495196512471835778       , -0.128682143519371815326747167657620247      
   9.42500000000000000000000000000000062       ,   0.00000000000000000000000000000000000       ,   1.13957536146946298774749680239378815       , -0.118469908635282974212564694413592242      
   9.47500000000000000000000000000000123       ,   0.00000000000000000000000000000000000       ,   1.13941112405507375508679247321838369       , -0.108236789204359288714902988252945070      
   9.52500000000000000000000000000000031       ,   0.00000000000000000000000000000000000       ,   1.13926276010436704330290366550401483       ,  -9.79847314020026540712749652787472352E-0002
   9.57500000000000000000000000000000092       ,   0.00000000000000000000000000000000000       ,   1.13912999842051147366644993510926201       ,  -8.77156462400440519477334748091625972E-0002
   9.62500000000000000000000000000000154       ,   0.00000000000000000000000000000000000       ,   1.13901259579853049846969689912883964       ,  -7.74314127413657469627441595692866729E-0002
   9.67500000000000000000000000000000062       ,   0.00000000000000000000000000000000000       ,   1.13891033678081673412018658238205212       ,  -6.71338811818181418877866908582126753E-0002
   9.72500000000000000000000000000000123       ,   0.00000000000000000000000000000000000       ,   1.13882303342269241386234235781294712       ,  -5.68248763829734869812208591112460752E-0002
   9.77500000000000000000000000000000031       ,   0.00000000000000000000000000000000000       ,   1.13875052507393824981943636757088077       ,  -4.65062010434561811893470666207214222E-0002
   9.82500000000000000000000000000000092       ,   0.00000000000000000000000000000000000       ,   1.13869267818161387543911403798232465       ,  -3.61796390997444479015724834900393188E-0002
   9.87500000000000000000000000000000154       ,   0.00000000000000000000000000000000000       ,   1.13864938611878298856231908536486602       ,  -2.58469591095799826569214351640051172E-0002
   9.92500000000000000000000000000000062       ,   0.00000000000000000000000000000000000       ,   1.13862056904298041122059569549304614       ,  -1.55099176526185435564777413444267445E-0002
   9.97500000000000000000000000000000123       ,   0.00000000000000000000000000000000000       ,   1.13860617378745861562251190491919515       ,  -5.17026274388376716414188091089031774E-0003
