   5.00170734899032774379743825018615257       ,         200
 B,H,U,0,0,0,0,0
   2.50000000000000000000000000000000012E-0002 ,   0.00000000000000000000000000000000000       ,   1.14022513606850481462780645083478455       ,   5.13217778295454020288404790643342666E-0003
   7.50000000000000000000000000000000096E-0002 ,   0.00000000000000000000000000000000000       ,   1.14023993648901003607387194780957657       ,   1.53956660716975074089078125616012931E-0002
  0.125000000000000000000000000000000000       ,   0.00000000000000000000000000000000000       ,   1.14026956223923570746818329730233720       ,   2.56565511046838292970410888538892561E-0002
  0.175000000000000000000000000000000014       ,   0.00000000000000000000000000000000000       ,   1.14031406316153580171043175012104788       ,   3.59130926343209037282774403226603048E-0002
  0.225000000000000000000000000000000005       ,   0.00000000000000000000000000000000000       ,   1.14037351407869285089660219621794081       ,   4.61635433107018581034430286716714788E-0002
  0.275000000000000000000000000000000019       ,   0.00000000000000000000000000000000000       ,   1.14044801486345266288475041452345543       ,   5.64061458677226164872611937974098591E-0002
  0.325000000000000000000000000000000058       ,   0.00000000000000000000000000000000000       ,   1.14053769052860441217802176721647062       ,   6.66391303371907129000473462300634608E-0002
  0.375000000000000000000000000000000048       ,   0.00000000000000000000000000000000000       ,   1.14064269133530748582389756051850023       ,   7.68607113002787919685795112808723207E-0002
  0.425000000000000000000000000000000039       ,   0.00000000000000000000000000000000000       ,   1.14076319291673941752575613151122815       ,   8.70690851866920856290192785011805305E-0002
  0.475000000000000000000000000000000029       ,   0.00000000000000000000000000000000000       ,   1.14089939641347735761988886492548886       ,   9.72624276331620670645622840297568531E-0002
  0.525000000000000000000000000000000019       ,   0.00000000000000000000000000000000000       ,   1.14105152861632218138966740037176110       ,  0.107438890914349181156856301179299405      
  0.575000000000000000000000000000000058       ,   0.00000000000000000000000000000000000       ,   1.14121984211152337033423019894038605       ,  0.117596601460937644195901424296331255      
  0.625000000000000000000000000000000096       ,   0.00000000000000000000000000000000000       ,   1.14140461542255874234510617168504446       ,  0.127733657481636375939645950583084417      
  0.675000000000000000000000000000000039       ,   0.00000000000000000000000000000000000       ,   1.14160615314176144872003677464579451       ,  0.137848126707963019266747305723852077      
  0.725000000000000000000000000000000077       ,   0.00000000000000000000000000000000000       ,   1.14182478604416413613446976803756121       ,  0.147938044283081832759981288373454955      
  0.775000000000000000000000000000000019       ,   0.00000000000000000000000000000000000       ,   1.14206087117494508157227145662053231       ,  0.158001410818587153972229446905364930      
  0.825000000000000000000000000000000058       ,   0.00000000000000000000000000000000000       ,   1.14231479190081362745030890009476113       ,  0.168036190645963854497487842472747518      
  0.875000000000000000000000000000000096       ,   0.00000000000000000000000000000000000       ,   1.14258695791456481054844254898786339       ,  0.178040310292500466729213585131380075      
  0.925000000000000000000000000000000039       ,   0.00000000000000000000000000000000000       ,   1.14287780518087080303247888598627061       ,  0.188011657214657498814128555609460669      
  0.975000000000000000000000000000000077       ,   0.00000000000000000000000000000000000       ,   1.14318779581016791855396258849779507       ,  0.197948078825271510404758415879105874      
   1.02499999999999999999999999999999992       ,   0.00000000000000000000000000000000000       ,   1.14351741784625439396705496959932310       ,  0.207847381854462315389470401031631207      
   1.07499999999999999999999999999999996       ,   0.00000000000000000000000000000000000       ,   1.14386718495195208122015406350127265       ,  0.217707332087650900475235421501379813      
   1.12500000000000000000000000000000000       ,   0.00000000000000000000000000000000000       ,   1.14423763597592555931897880659469419       ,  0.227525654527619490575948342111125971      
   1.17500000000000000000000000000000004       ,   0.00000000000000000000000000000000000       ,   1.14462933438252147082646740641754035       ,  0.237300034030966686746042823401636860      
   1.22500000000000000000000000000000008       ,   0.00000000000000000000000000000000000       ,   1.14504286752532171586962941213009018       ,  0.247028116472525971458145336699175241      
   1.27499999999999999999999999999999992       ,   0.00000000000000000000000000000000000       ,   1.14547884574403593520092229784168176       ,  0.256707510494201862544636117345024808      
   1.32499999999999999999999999999999996       ,   0.00000000000000000000000000000000000       ,   1.14593790126343840527199058155036437       ,  0.266335789897090212493249392210370876      
   1.37500000000000000000000000000000000       ,   0.00000000000000000000000000000000000       ,   1.14642068687233707518832000357009427       ,  0.275910496737520539736772007680193834      
   1.42500000000000000000000000000000004       ,   0.00000000000000000000000000000000000       ,   1.14692787436011160182244919952189247       ,  0.285429145188597943538289508508168036      
   1.47500000000000000000000000000000008       ,   0.00000000000000000000000000000000000       ,   1.14746015268824529117204861503195430       ,  0.294889226228714917746543345945571974      
   1.52499999999999999999999999999999992       ,   0.00000000000000000000000000000000000       ,   1.14801822587458382070172834446476704       ,  0.304288213217110651516930048567143982      
   1.57499999999999999999999999999999996       ,   0.00000000000000000000000000000000000       ,   1.14860281056887020500730778809712442       ,  0.313623568413617981171366694514705616      
   1.62500000000000000000000000000000000       ,   0.00000000000000000000000000000000000       ,   1.14921463329952537780931503834615561       ,  0.322892750494981561071023589228048864      
   1.67500000000000000000000000000000004       ,   0.00000000000000000000000000000000000       ,   1.14985442737376496644162367031829809       ,  0.332093223113273654621491076687629543      
   1.72500000000000000000000000000000008       ,   0.00000000000000000000000000000000000       ,   1.15052292941606276923639910569864886       ,  0.341222464532699398094597611004939957      
   1.77499999999999999999999999999999992       ,   0.00000000000000000000000000000000000       ,   1.15122087553378220300267086352639674       ,  0.350277978369213723941065422632830973      
   1.82499999999999999999999999999999996       ,   0.00000000000000000000000000000000000       ,   1.15194899710357962631009869545517317       ,  0.359257305442645676054215790622185430      
   1.87500000000000000000000000000000000       ,   0.00000000000000000000000000000000000       ,   1.15270801617800163663942160330451205       ,  0.368158036733275863970160241907766019      
   1.92500000000000000000000000000000004       ,   0.00000000000000000000000000000000000       ,   1.15349864051859163494373910444916440       ,  0.376977827413947603838963658660308111      
   1.97500000000000000000000000000000008       ,   0.00000000000000000000000000000000000       ,   1.15432155826979719239137279528031251       ,  0.385714411904816211311138531509967580      
   2.02499999999999999999999999999999992       ,   0.00000000000000000000000000000000000       ,   1.15517743229699822498282768780448288       ,  0.394365619870875737295653144219122933      
   2.07500000000000000000000000000000015       ,   0.00000000000000000000000000000000000       ,   1.15606689422197937658734833981582601       ,  0.402929393052708989142165768088507394      
   2.12500000000000000000000000000000000       ,   0.00000000000000000000000000000000000       ,   1.15699053820001692935948987831885848       ,  0.411403802788905714403603873062316024      
   2.17499999999999999999999999999999985       ,   0.00000000000000000000000000000000000       ,   1.15794891449424836234980416780974393       ,  0.419787068054884842763093745696907257      
   2.22500000000000000000000000000000008       ,   0.00000000000000000000000000000000000       ,   1.15894252291488152732014778350155775       ,  0.428077573808232281347335362976447484      
   2.27499999999999999999999999999999992       ,   0.00000000000000000000000000000000000       ,   1.15997180620274950587836022229680292       ,  0.436273889396118392076163958025876467      
   2.32500000000000000000000000000000015       ,   0.00000000000000000000000000000000000       ,   1.16103714344832438465822901039828156       ,  0.444374786747076813171115501560496086      
   2.37500000000000000000000000000000000       ,   0.00000000000000000000000000000000000       ,   1.16213884364809898974955463828663122       ,  0.452379258038772820517014171043211276      
   2.42500000000000000000000000000000023       ,   0.00000000000000000000000000000000000       ,   1.16327713950970284474917712330531343       ,  0.460286532506868478159784157797654077      
   2.47500000000000000000000000000000008       ,   0.00000000000000000000000000000000000       ,   1.16445218162466770190482903995553512       ,  0.468096092039290118627728185533443292      
   2.52499999999999999999999999999999992       ,   0.00000000000000000000000000000000000       ,   1.16566403313280833896687421040900615       ,  0.475807685186715154750590584197240253      
   2.57500000000000000000000000000000015       ,   0.00000000000000000000000000000000000       ,   1.16691266500415077360535060683287511       ,  0.483421339215426428423877349201304244      
   2.62500000000000000000000000000000000       ,   0.00000000000000000000000000000000000       ,   1.16819795206267335230506363339789144       ,  0.490937369834141956088673214980975814      
   2.67500000000000000000000000000000023       ,   0.00000000000000000000000000000000000       ,   1.16951966987034525101843685879243254       ,  0.498356388243004411828900587421886984      
   2.72500000000000000000000000000000008       ,   0.00000000000000000000000000000000000       ,   1.17087749257967049231752603354498610       ,  0.505679305181146636113261447275637120      
   2.77499999999999999999999999999999992       ,   0.00000000000000000000000000000000000       ,   1.17227099184791962149749351323280201       ,  0.512907331689095042529675369655453541      
   2.82500000000000000000000000000000015       ,   0.00000000000000000000000000000000000       ,   1.17369963688634833159093519052555937       ,  0.520041976352983146946587331929470206      
   2.87500000000000000000000000000000000       ,   0.00000000000000000000000000000000000       ,   1.17516279569300854561975176603257623       ,  0.527085038857548461190866385217780773      
   2.92500000000000000000000000000000023       ,   0.00000000000000000000000000000000000       ,   1.17665973748844086803739472062154396       ,  0.534038599741669784441861212249801923      
   2.97500000000000000000000000000000008       ,   0.00000000000000000000000000000000000       ,   1.17818963633989373582703918564492592       ,  0.540905006320223645494847405641937664      
   3.02499999999999999999999999999999992       ,   0.00000000000000000000000000000000000       ,   1.17975157592208436999093872396014702       ,  0.547686854804605305853200907571296597      
   3.07500000000000000000000000000000015       ,   0.00000000000000000000000000000000000       ,   1.18134455532118738845184819045362369       ,  0.554386968715383093759866502081937505      
   3.12500000000000000000000000000000000       ,   0.00000000000000000000000000000000000       ,   1.18296749574380778033534735907029270       ,  0.561008373726718965142872854780024496      
   3.17500000000000000000000000000000023       ,   0.00000000000000000000000000000000000       ,   1.18461924794389787933377027549971582       ,  0.567554269103951154012604345449488070      
   3.22500000000000000000000000000000008       ,   0.00000000000000000000000000000000000       ,   1.18629860012705287066948483360795559       ,  0.574027995881040764677617405870833047      
   3.27499999999999999999999999999999992       ,   0.00000000000000000000000000000000000       ,   1.18800428603163741242285117422626689       ,  0.580433001857600931832445939215737400      
   3.32500000000000000000000000000000015       ,   0.00000000000000000000000000000000000       ,   1.18973499281682511836872176047026688       ,  0.586772803354433271736391888566903565      
   3.37500000000000000000000000000000000       ,   0.00000000000000000000000000000000000       ,   1.19148936830433802300588055084844326       ,  0.593050943421599471130588700421853443      
   3.42500000000000000000000000000000023       ,   0.00000000000000000000000000000000000       ,   1.19326602701685096519619805922807727       ,  0.599270945800089372699743481416359673      
   3.47500000000000000000000000000000008       ,   0.00000000000000000000000000000000000       ,   1.19506355432249033369188263298298150       ,  0.605436263331704739166168078182846524      
   3.52499999999999999999999999999999992       ,   0.00000000000000000000000000000000000       ,   1.19688050781934481734978794417028030       ,  0.611550218592721539359456687057026712      
   3.57500000000000000000000000000000015       ,   0.00000000000000000000000000000000000       ,   1.19871541486075242154936087781398391       ,  0.617615933142868720434163609516038781      
   3.62500000000000000000000000000000000       ,   0.00000000000000000000000000000000000       ,   1.20056676481241888909622651758171828       ,  0.623636239695689149309909044452840585      
   3.67500000000000000000000000000000023       ,   0.00000000000000000000000000000000000       ,   1.20243299422521085511497997862427906       ,  0.629613568359770337928387583263191072      
   3.72500000000000000000000000000000008       ,   0.00000000000000000000000000000000000       ,   1.20431246258312964436695683530291777       ,  0.635549793291927318070405851928695342      
   3.77499999999999999999999999999999992       ,   0.00000000000000000000000000000000000       ,   1.20620341563366709358131893277566084       ,  0.641446018727687452494585741398858377      
   3.82500000000000000000000000000000015       ,   0.00000000000000000000000000000000000       ,   1.20810393254048560598748516629636406       ,  0.647302271964494158083438099176785717      
   3.87500000000000000000000000000000000       ,   0.00000000000000000000000000000000000       ,   1.21001185228190982325934919347046968       ,  0.653117053178366400084446790092458195      
   3.92500000000000000000000000000000023       ,   0.00000000000000000000000000000000000       ,   1.21192467402506823891206137007462060       ,  0.658886664325830806872221406536983561      
   3.97500000000000000000000000000000008       ,   0.00000000000000000000000000000000000       ,   1.21383942600947542821972005042437634       ,  0.664604196068827986875752887278215642      
   4.02500000000000000000000000000000031       ,   0.00000000000000000000000000000000000       ,   1.21575249852365298158739717811379721       ,  0.670257983560409776979597952497485899      
   4.07500000000000000000000000000000015       ,   0.00000000000000000000000000000000000       ,   1.21765944027165371729383160382828393       ,  0.675829234686996426247694871337320508      
   4.12500000000000000000000000000000077       ,   0.00000000000000000000000000000000000       ,   1.21955472639231074987077357285076043       ,  0.681288365462759326152250102877908422      
   4.17500000000000000000000000000000062       ,   0.00000000000000000000000000000000000       ,   1.22143152520265132185518138748205353       ,  0.686589311755817668136332114336752534      
   4.22500000000000000000000000000000046       ,   0.00000000000000000000000000000000000       ,   1.22328152728872719514442832780527739       ,  0.691660671054076397374943542632688333      
   4.27500000000000000000000000000000031       ,   0.00000000000000000000000000000000000       ,   1.22509496798176507925098518235399132       ,  0.696391883599534929653247223941341389      
   4.32500000000000000000000000000000015       ,   0.00000000000000000000000000000000000       ,   1.22686109318703430900953961872565512       ,  0.700611678508906692198339866044849753      
   4.37500000000000000000000000000000077       ,   0.00000000000000000000000000000000000       ,   1.22856951849746569798245512557657711       ,  0.704054550377670339013688021683747036      
   4.42500000000000000000000000000000062       ,   0.00000000000000000000000000000000000       ,   1.23021324623887695068129277434155478       ,  0.706308974211711434498632537234052080      
   4.47500000000000000000000000000000046       ,   0.00000000000000000000000000000000000       ,   1.23179454687556281555246721014006782       ,  0.706738457679939956670384723040217792      
   4.52500000000000000000000000000000031       ,   0.00000000000000000000000000000000000       ,   1.23333538606678050920544727634382465       ,  0.704364013842382066430040183136720244      
   4.57500000000000000000000000000000015       ,   0.00000000000000000000000000000000000       ,   1.23489415855669954305920312348808028       ,  0.697696522574772015139194810040043449      
   4.62500000000000000000000000000000077       ,   0.00000000000000000000000000000000000       ,   1.23658891318719466899848621397331935       ,  0.684515972867284966656888092699829981      
   4.67500000000000000000000000000000062       ,   0.00000000000000000000000000000000000       ,   1.23862115893691160581035655335853455       ,  0.661625556024581100602487206794070720      
   4.72500000000000000000000000000000046       ,   0.00000000000000000000000000000000000       ,   1.24127925195162918977038331064045800       ,  0.624685193408517988843590052319409444      
   4.77500000000000000000000000000000031       ,   0.00000000000000000000000000000000000       ,   1.24487513537594032961723238970393862       ,  0.568368835830402097852296115457342826      
   4.82500000000000000000000000000000092       ,   0.00000000000000000000000000000000000       ,   1.24955299260768650722444570204786515       ,  0.487240001772019630015648308890804270      
   4.87500000000000000000000000000000077       ,   0.00000000000000000000000000000000000       ,   1.25496897179964503328484606321018922       ,  0.377665955830507680903036162224583228      
   4.92500000000000000000000000000000062       ,   0.00000000000000000000000000000000000       ,   1.26004446608782429377652887618051255       ,  0.240439182088396546323064005687527623      
   4.97500000000000000000000000000000046       ,   0.00000000000000000000000000000000000       ,   1.26319644703066662239624376188960808       ,   8.26873037152700290682780656353094966E-0002
   5.02500000000000000000000000000000031       ,   0.00000000000000000000000000000000000       ,   1.26319644703066662239624376188960808       ,  -8.26873037152700290682780656353087022E-0002
   5.07500000000000000000000000000000092       ,   0.00000000000000000000000000000000000       ,   1.26004446608782429377652887618051255       , -0.240439182088396546323064005687526829      
   5.12500000000000000000000000000000077       ,   0.00000000000000000000000000000000000       ,   1.25496897179964503328484606321018941       , -0.377665955830507680903036162224583180      
   5.17500000000000000000000000000000062       ,   0.00000000000000000000000000000000000       ,   1.24955299260768650722444570204786535       , -0.487240001772019630015648308890804030      
   5.22500000000000000000000000000000046       ,   0.00000000000000000000000000000000000       ,   1.24487513537594032961723238970393900       , -0.568368835830402097852296115457342826      
   5.27500000000000000000000000000000031       ,   0.00000000000000000000000000000000000       ,   1.24127925195162918977038331064045800       , -0.624685193408517988843590052319409347      
   5.32500000000000000000000000000000092       ,   0.00000000000000000000000000000000000       ,   1.23862115893691160581035655335853474       , -0.661625556024581100602487206794070431      
   5.37500000000000000000000000000000077       ,   0.00000000000000000000000000000000000       ,   1.23658891318719466899848621397331916       , -0.684515972867284966656888092699829981      
   5.42500000000000000000000000000000062       ,   0.00000000000000000000000000000000000       ,   1.23489415855669954305920312348808028       , -0.697696522574772015139194810040043834      
   5.47500000000000000000000000000000046       ,   0.00000000000000000000000000000000000       ,   1.23333538606678050920544727634382485       , -0.704364013842382066430040183136720629      
   5.52500000000000000000000000000000031       ,   0.00000000000000000000000000000000000       ,   1.23179454687556281555246721014006782       , -0.706738457679939956670384723040217888      
   5.57500000000000000000000000000000092       ,   0.00000000000000000000000000000000000       ,   1.23021324623887695068129277434155478       , -0.706308974211711434498632537234051791      
   5.62500000000000000000000000000000077       ,   0.00000000000000000000000000000000000       ,   1.22856951849746569798245512557657730       , -0.704054550377670339013688021683747133      
   5.67500000000000000000000000000000062       ,   0.00000000000000000000000000000000000       ,   1.22686109318703430900953961872565512       , -0.700611678508906692198339866044849368      
   5.72500000000000000000000000000000046       ,   0.00000000000000000000000000000000000       ,   1.22509496798176507925098518235399132       , -0.696391883599534929653247223941340330      
   5.77500000000000000000000000000000031       ,   0.00000000000000000000000000000000000       ,   1.22328152728872719514442832780527739       , -0.691660671054076397374943542632686985      
   5.82500000000000000000000000000000092       ,   0.00000000000000000000000000000000000       ,   1.22143152520265132185518138748205353       , -0.686589311755817668136332114336751186      
   5.87500000000000000000000000000000077       ,   0.00000000000000000000000000000000000       ,   1.21955472639231074987077357285076043       , -0.681288365462759326152250102877907363      
   5.92500000000000000000000000000000062       ,   0.00000000000000000000000000000000000       ,   1.21765944027165371729383160382828393       , -0.675829234686996426247694871337319738      
   5.97500000000000000000000000000000046       ,   0.00000000000000000000000000000000000       ,   1.21575249852365298158739717811379740       , -0.670257983560409776979597952497484743      
   6.02500000000000000000000000000000031       ,   0.00000000000000000000000000000000000       ,   1.21383942600947542821972005042437653       , -0.664604196068827986875752887278214390      
   6.07500000000000000000000000000000092       ,   0.00000000000000000000000000000000000       ,   1.21192467402506823891206137007462060       , -0.658886664325830806872221406536982116      
   6.12500000000000000000000000000000077       ,   0.00000000000000000000000000000000000       ,   1.21001185228190982325934919347046968       , -0.653117053178366400084446790092456462      
   6.17500000000000000000000000000000062       ,   0.00000000000000000000000000000000000       ,   1.20810393254048560598748516629636387       , -0.647302271964494158083438099176783406      
   6.22500000000000000000000000000000046       ,   0.00000000000000000000000000000000000       ,   1.20620341563366709358131893277566065       , -0.641446018727687452494585741398856355      
   6.27500000000000000000000000000000031       ,   0.00000000000000000000000000000000000       ,   1.20431246258312964436695683530291758       , -0.635549793291927318070405851928692839      
   6.32500000000000000000000000000000092       ,   0.00000000000000000000000000000000000       ,   1.20243299422521085511497997862427887       , -0.629613568359770337928387583263188761      
   6.37500000000000000000000000000000077       ,   0.00000000000000000000000000000000000       ,   1.20056676481241888909622651758171789       , -0.623636239695689149309909044452838659      
   6.42500000000000000000000000000000062       ,   0.00000000000000000000000000000000000       ,   1.19871541486075242154936087781398333       , -0.617615933142868720434163609516036855      
   6.47500000000000000000000000000000046       ,   0.00000000000000000000000000000000000       ,   1.19688050781934481734978794417027953       , -0.611550218592721539359456687057025171      
   6.52500000000000000000000000000000031       ,   0.00000000000000000000000000000000000       ,   1.19506355432249033369188263298298092       , -0.605436263331704739166168078182844791      
   6.57500000000000000000000000000000092       ,   0.00000000000000000000000000000000000       ,   1.19326602701685096519619805922807669       , -0.599270945800089372699743481416358132      
   6.62500000000000000000000000000000077       ,   0.00000000000000000000000000000000000       ,   1.19148936830433802300588055084844249       , -0.593050943421599471130588700421851710      
   6.67500000000000000000000000000000062       ,   0.00000000000000000000000000000000000       ,   1.18973499281682511836872176047026591       , -0.586772803354433271736391888566901831      
   6.72500000000000000000000000000000046       ,   0.00000000000000000000000000000000000       ,   1.18800428603163741242285117422626593       , -0.580433001857600931832445939215735860      
   6.77500000000000000000000000000000031       ,   0.00000000000000000000000000000000000       ,   1.18629860012705287066948483360795462       , -0.574027995881040764677617405870832084      
   6.82500000000000000000000000000000092       ,   0.00000000000000000000000000000000000       ,   1.18461924794389787933377027549971524       , -0.567554269103951154012604345449486433      
   6.87500000000000000000000000000000077       ,   0.00000000000000000000000000000000000       ,   1.18296749574380778033534735907029192       , -0.561008373726718965142872854780022955      
   6.92500000000000000000000000000000062       ,   0.00000000000000000000000000000000000       ,   1.18134455532118738845184819045362312       , -0.554386968715383093759866502081936157      
   6.97500000000000000000000000000000046       ,   0.00000000000000000000000000000000000       ,   1.17975157592208436999093872396014664       , -0.547686854804605305853200907571294767      
   7.02500000000000000000000000000000031       ,   0.00000000000000000000000000000000000       ,   1.17818963633989373582703918564492534       , -0.540905006320223645494847405641936123      
   7.07500000000000000000000000000000092       ,   0.00000000000000000000000000000000000       ,   1.17665973748844086803739472062154338       , -0.534038599741669784441861212249800575      
   7.12500000000000000000000000000000077       ,   0.00000000000000000000000000000000000       ,   1.17516279569300854561975176603257546       , -0.527085038857548461190866385217779329      
   7.17500000000000000000000000000000062       ,   0.00000000000000000000000000000000000       ,   1.17369963688634833159093519052555860       , -0.520041976352983146946587331929469243      
   7.22500000000000000000000000000000046       ,   0.00000000000000000000000000000000000       ,   1.17227099184791962149749351323280105       , -0.512907331689095042529675369655453541      
   7.27500000000000000000000000000000031       ,   0.00000000000000000000000000000000000       ,   1.17087749257967049231752603354498533       , -0.505679305181146636113261447275636446      
   7.32500000000000000000000000000000092       ,   0.00000000000000000000000000000000000       ,   1.16951966987034525101843685879243177       , -0.498356388243004411828900587421886647      
   7.37500000000000000000000000000000077       ,   0.00000000000000000000000000000000000       ,   1.16819795206267335230506363339789048       , -0.490937369834141956088673214980975573      
   7.42500000000000000000000000000000062       ,   0.00000000000000000000000000000000000       ,   1.16691266500415077360535060683287434       , -0.483421339215426428423877349201304003      
   7.47500000000000000000000000000000046       ,   0.00000000000000000000000000000000000       ,   1.16566403313280833896687421040900538       , -0.475807685186715154750590584197239435      
   7.52500000000000000000000000000000031       ,   0.00000000000000000000000000000000000       ,   1.16445218162466770190482903995553435       , -0.468096092039290118627728185533443100      
   7.57500000000000000000000000000000092       ,   0.00000000000000000000000000000000000       ,   1.16327713950970284474917712330531285       , -0.460286532506868478159784157797654414      
   7.62500000000000000000000000000000077       ,   0.00000000000000000000000000000000000       ,   1.16213884364809898974955463828663083       , -0.452379258038772820517014171043211517      
   7.67500000000000000000000000000000062       ,   0.00000000000000000000000000000000000       ,   1.16103714344832438465822901039828156       , -0.444374786747076813171115501560496182      
   7.72500000000000000000000000000000046       ,   0.00000000000000000000000000000000000       ,   1.15997180620274950587836022229680292       , -0.436273889396118392076163958025876660      
   7.77500000000000000000000000000000031       ,   0.00000000000000000000000000000000000       ,   1.15894252291488152732014778350155755       , -0.428077573808232281347335362976447147      
   7.82500000000000000000000000000000092       ,   0.00000000000000000000000000000000000       ,   1.15794891449424836234980416780974374       , -0.419787068054884842763093745696907594      
   7.87500000000000000000000000000000077       ,   0.00000000000000000000000000000000000       ,   1.15699053820001692935948987831885810       , -0.411403802788905714403603873062316554      
   7.92500000000000000000000000000000062       ,   0.00000000000000000000000000000000000       ,   1.15606689422197937658734833981582582       , -0.402929393052708989142165768088508453      
   7.97500000000000000000000000000000046       ,   0.00000000000000000000000000000000000       ,   1.15517743229699822498282768780448231       , -0.394365619870875737295653144219123944      
   8.02500000000000000000000000000000031       ,   0.00000000000000000000000000000000000       ,   1.15432155826979719239137279528031193       , -0.385714411904816211311138531509968688      
   8.07500000000000000000000000000000092       ,   0.00000000000000000000000000000000000       ,   1.15349864051859163494373910444916402       , -0.376977827413947603838963658660309796      
   8.12500000000000000000000000000000000       ,   0.00000000000000000000000000000000000       ,   1.15270801617800163663942160330451148       , -0.368158036733275863970160241907768041      
   8.17500000000000000000000000000000062       ,   0.00000000000000000000000000000000000       ,   1.15194899710357962631009869545517278       , -0.359257305442645676054215790622186682      
   8.22500000000000000000000000000000123       ,   0.00000000000000000000000000000000000       ,   1.15122087553378220300267086352639654       , -0.350277978369213723941065422632832273      
   8.27500000000000000000000000000000031       ,   0.00000000000000000000000000000000000       ,   1.15052292941606276923639910569864829       , -0.341222464532699398094597611004941401      
   8.32500000000000000000000000000000092       ,   0.00000000000000000000000000000000000       ,   1.14985442737376496644162367031829770       , -0.332093223113273654621491076687630843      
   8.37500000000000000000000000000000000       ,   0.00000000000000000000000000000000000       ,   1.14921463329952537780931503834615503       , -0.322892750494981561071023589228049827      
   8.42500000000000000000000000000000062       ,   0.00000000000000000000000000000000000       ,   1.14860281056887020500730778809712423       , -0.313623568413617981171366694514707157      
   8.47500000000000000000000000000000123       ,   0.00000000000000000000000000000000000       ,   1.14801822587458382070172834446476685       , -0.304288213217110651516930048567145619      
   8.52500000000000000000000000000000031       ,   0.00000000000000000000000000000000000       ,   1.14746015268824529117204861503195392       , -0.294889226228714917746543345945573467      
   8.57500000000000000000000000000000092       ,   0.00000000000000000000000000000000000       ,   1.14692787436011160182244919952189247       , -0.285429145188597943538289508508169480      
   8.62500000000000000000000000000000000       ,   0.00000000000000000000000000000000000       ,   1.14642068687233707518832000357009407       , -0.275910496737520539736772007680195134      
   8.67500000000000000000000000000000062       ,   0.00000000000000000000000000000000000       ,   1.14593790126343840527199058155036418       , -0.266335789897090212493249392210372369      
   8.72500000000000000000000000000000123       ,   0.00000000000000000000000000000000000       ,   1.14547884574403593520092229784168137       , -0.256707510494201862544636117345025867      
   8.77500000000000000000000000000000031       ,   0.00000000000000000000000000000000000       ,   1.14504286752532171586962941213008998       , -0.247028116472525971458145336699176252      
   8.82500000000000000000000000000000092       ,   0.00000000000000000000000000000000000       ,   1.14462933438252147082646740641754035       , -0.237300034030966686746042823401637703      
   8.87500000000000000000000000000000000       ,   0.00000000000000000000000000000000000       ,   1.14423763597592555931897880659469419       , -0.227525654527619490575948342111126717      
   8.92500000000000000000000000000000062       ,   0.00000000000000000000000000000000000       ,   1.14386718495195208122015406350127265       , -0.217707332087650900475235421501379933      
   8.97500000000000000000000000000000123       ,   0.00000000000000000000000000000000000       ,   1.14351741784625439396705496959932271       , -0.207847381854462315389470401031631568      
   9.02500000000000000000000000000000031       ,   0.00000000000000000000000000000000000       ,   1.14318779581016791855396258849779488       , -0.197948078825271510404758415879106428      
   9.07500000000000000000000000000000092       ,   0.00000000000000000000000000000000000       ,   1.14287780518087080303247888598627004       , -0.188011657214657498814128555609460669      
   9.12500000000000000000000000000000000       ,   0.00000000000000000000000000000000000       ,   1.14258695791456481054844254898786319       , -0.178040310292500466729213585131380099      
   9.17500000000000000000000000000000062       ,   0.00000000000000000000000000000000000       ,   1.14231479190081362745030890009476094       , -0.168036190645963854497487842472747735      
   9.22500000000000000000000000000000123       ,   0.00000000000000000000000000000000000       ,   1.14206087117494508157227145662053212       , -0.158001410818587153972229446905365435      
   9.27500000000000000000000000000000031       ,   0.00000000000000000000000000000000000       ,   1.14182478604416413613446976803756121       , -0.147938044283081832759981288373455701      
   9.32500000000000000000000000000000092       ,   0.00000000000000000000000000000000000       ,   1.14160615314176144872003677464579451       , -0.137848126707963019266747305723852486      
   9.37500000000000000000000000000000000       ,   0.00000000000000000000000000000000000       ,   1.14140461542255874234510617168504427       , -0.127733657481636375939645950583085524      
   9.42500000000000000000000000000000062       ,   0.00000000000000000000000000000000000       ,   1.14121984211152337033423019894038586       , -0.117596601460937644195901424296332351      
   9.47500000000000000000000000000000123       ,   0.00000000000000000000000000000000000       ,   1.14105152861632218138966740037176091       , -0.107438890914349181156856301179300621      
   9.52500000000000000000000000000000031       ,   0.00000000000000000000000000000000000       ,   1.14089939641347735761988886492548886       ,  -9.72624276331620670645622840297581531E-0002
   9.57500000000000000000000000000000092       ,   0.00000000000000000000000000000000000       ,   1.14076319291673941752575613151122796       ,  -8.70690851866920856290192785011816138E-0002
   9.62500000000000000000000000000000154       ,   0.00000000000000000000000000000000000       ,   1.14064269133530748582389756051850023       ,  -7.68607113002787919685795112808729707E-0002
   9.67500000000000000000000000000000062       ,   0.00000000000000000000000000000000000       ,   1.14053769052860441217802176721647081       ,  -6.66391303371907129000473462300639544E-0002
   9.72500000000000000000000000000000123       ,   0.00000000000000000000000000000000000       ,   1.14044801486345266288475041452345543       ,  -5.64061458677226164872611937974106716E-0002
   9.77500000000000000000000000000000031       ,   0.00000000000000000000000000000000000       ,   1.14037351407869285089660219621794100       ,  -4.61635433107018581034430286716719783E-0002
   9.82500000000000000000000000000000092       ,   0.00000000000000000000000000000000000       ,   1.14031406316153580171043175012104826       ,  -3.59130926343209037282774403226607502E-0002
   9.87500000000000000000000000000000154       ,   0.00000000000000000000000000000000000       ,   1.14026956223923570746818329730233739       ,  -2.56565511046838292970410888538888588E-0002
   9.92500000000000000000000000000000062       ,   0.00000000000000000000000000000000000       ,   1.14023993648901003607387194780957676       ,  -1.53956660716975074089078125616011878E-0002
   9.97500000000000000000000000000000123       ,   0.00000000000000000000000000000000000       ,   1.14022513606850481462780645083478455       ,  -5.13217778295454020288404790643288199E-0003
