   5.00354097595693163021873717345846462       ,         200
 B,H,U,0,0,0,0,0
   2.50000000000000000000000000000000012E-0002 ,   0.00000000000000000000000000000000000       ,   1.13784437231579929817860135466131435       ,   5.16435619259354596190988804654957906E-0003
   7.50000000000000000000000000000000096E-0002 ,   0.00000000000000000000000000000000000       ,   1.13785887938065873021865445446990459       ,   1.54921907280173258502292043087508266E-0002
  0.125000000000000000000000000000000000       ,   0.00000000000000000000000000000000000       ,   1.13788792031091246860201308497862367       ,   2.58173899899759376297564698130565753E-0002
  0.175000000000000000000000000000000014       ,   0.00000000000000000000000000000000000       ,   1.13793154874489339432714186508738256       ,   3.61381913841397182948333420505137968E-0002
  0.225000000000000000000000000000000005       ,   0.00000000000000000000000000000000000       ,   1.13798984523250379061237532072909365       ,   4.64528237048375338556758332837263097E-0002
  0.275000000000000000000000000000000019       ,   0.00000000000000000000000000000000000       ,   1.13806291734396948331677813774420323       ,   5.67595037040758199163569216576272274E-0002
  0.325000000000000000000000000000000058       ,   0.00000000000000000000000000000000000       ,   1.13815089981125393922612535361215662       ,   6.70564326745961048389003852939404629E-0002
  0.375000000000000000000000000000000048       ,   0.00000000000000000000000000000000000       ,   1.13825395469898417663831678252719530       ,   7.73417930518354009541630875906856375E-0002
  0.425000000000000000000000000000000039       ,   0.00000000000000000000000000000000000       ,   1.13837227160089807543741748332978276       ,   8.76137450405821216656547062437169430E-0002
  0.475000000000000000000000000000000029       ,   0.00000000000000000000000000000000000       ,   1.13850606785698863268843038958813851       ,   9.78704232735730001719240842743594865E-0002
  0.525000000000000000000000000000000019       ,   0.00000000000000000000000000000000000       ,   1.13865558878573236928381937159612123       ,  0.108109933511430282809404904503204486      
  0.575000000000000000000000000000000058       ,   0.00000000000000000000000000000000000       ,   1.13882110792509091625606930360999543       ,  0.118330349396372136291328741498039854      
  0.625000000000000000000000000000000096       ,   0.00000000000000000000000000000000000       ,   1.13900292727540880627822268210000857       ,  0.128529709276195290967612088720707223      
  0.675000000000000000000000000000000039       ,   0.00000000000000000000000000000000000       ,   1.13920137753692319521306838417885220       ,  0.138706013120216651602177498791512538      
  0.725000000000000000000000000000000077       ,   0.00000000000000000000000000000000000       ,   1.13941681833434871835795406936305690       ,  0.148857219555155207421306078952841990      
  0.775000000000000000000000000000000019       ,   0.00000000000000000000000000000000000       ,   1.13964963842085451452712721376540139       ,  0.158981243056181906139200094154642655      
  0.825000000000000000000000000000000058       ,   0.00000000000000000000000000000000000       ,   1.13990025585360829564439877084735262       ,  0.169075951336245339148988872950241452      
  0.875000000000000000000000000000000096       ,   0.00000000000000000000000000000000000       ,   1.14016911813276723200258774506746188       ,  0.179139162984816802006045634491833650      
  0.925000000000000000000000000000000039       ,   0.00000000000000000000000000000000000       ,   1.14045670229514691780949785877761653       ,  0.189168645414785683101531003025480808      
  0.975000000000000000000000000000000077       ,   0.00000000000000000000000000000000000       ,   1.14076351495257829388580207417077648       ,  0.199162113182715721748279095538238681      
   1.02499999999999999999999999999999992       ,   0.00000000000000000000000000000000000       ,   1.14109009226296596591976077315922687       ,  0.209117226752428789852891208778660498      
   1.07499999999999999999999999999999996       ,   0.00000000000000000000000000000000000       ,   1.14143699981914873062033627561215507       ,  0.219031591774457948992321962746691378      
   1.12500000000000000000000000000000000       ,   0.00000000000000000000000000000000000       ,   1.14180483243679784548090008238637723       ,  0.228902758954113463818173744373120988      
   1.17500000000000000000000000000000004       ,   0.00000000000000000000000000000000000       ,   1.14219421381787323260084004916461775       ,  0.238728224578882156732493872788238702      
   1.22500000000000000000000000000000008       ,   0.00000000000000000000000000000000000       ,   1.14260579606084998833218334812105001       ,  0.248505431772139225058876569814134775      
   1.27499999999999999999999999999999992       ,   0.00000000000000000000000000000000000       ,   1.14304025898343060261803392504749803       ,  0.258231772535508644938450958084949152      
   1.32499999999999999999999999999999996       ,   0.00000000000000000000000000000000000       ,   1.14349830921828422979419996686752132       ,  0.267904590637668627663225005828240769      
   1.37500000000000000000000000000000000       ,   0.00000000000000000000000000000000000       ,   1.14398067903806262853355119622039600       ,  0.277521185403981548388597167735092345      
   1.42500000000000000000000000000000004       ,   0.00000000000000000000000000000000000       ,   1.14448812486306351038775152389991786       ,  0.287078816459866264745635817363904147      
   1.47500000000000000000000000000000008       ,   0.00000000000000000000000000000000000       ,   1.14502142540387050207153389026802985       ,  0.296574709481780899156416750458665226      
   1.52499999999999999999999999999999992       ,   0.00000000000000000000000000000000000       ,   1.14558137939235148618470164062635547       ,  0.306006063012980456883448861057385830      
   1.57499999999999999999999999999999996       ,   0.00000000000000000000000000000000000       ,   1.14616880285760063742882649820043854       ,  0.315370056406197497307693525083347323      
   1.62500000000000000000000000000000000       ,   0.00000000000000000000000000000000000       ,   1.14678452590862711550077386518958819       ,  0.324663858960830498828268483852965950      
   1.67500000000000000000000000000000004       ,   0.00000000000000000000000000000000000       ,   1.14742938899253847582360674028768383       ,  0.333884640326407212682084012374748822      
   1.72500000000000000000000000000000008       ,   0.00000000000000000000000000000000000       ,   1.14810423860527554580392575615182866       ,  0.343029582245021646613725550283237375      
   1.77499999999999999999999999999999992       ,   0.00000000000000000000000000000000000       ,   1.14880992244127051739906544047791632       ,  0.352095891701066706889801186473582742      
   1.82499999999999999999999999999999996       ,   0.00000000000000000000000000000000000       ,   1.14954728397844555470456171654103263       ,  0.361080815535038149010475070660658665      
   1.87500000000000000000000000000000000       ,   0.00000000000000000000000000000000000       ,   1.15031715650559924601988038313641039       ,  0.369981656558044292837971337460069371      
   1.92500000000000000000000000000000004       ,   0.00000000000000000000000000000000000       ,   1.15112035661043780604544122949348122       ,  0.378795791174126813180390382154251843      
   1.97500000000000000000000000000000008       ,   0.00000000000000000000000000000000000       ,   1.15195767715840804371795456822148422       ,  0.387520688478536982374924054848043146      
   2.02499999999999999999999999999999992       ,   0.00000000000000000000000000000000000       ,   1.15282987980525427090217500089195140       ,  0.396153930752443746780625581629489601      
   2.07500000000000000000000000000000015       ,   0.00000000000000000000000000000000000       ,   1.15373768710002416674118480433654456       ,  0.404693235219588163999081529075773731      
   2.12500000000000000000000000000000000       ,   0.00000000000000000000000000000000000       ,   1.15468177425019458402588455675411532       ,  0.413136476870088455566989107598244395      
   2.17499999999999999999999999999999985       ,   0.00000000000000000000000000000000000       ,   1.15566276063665849147828543045920192       ,  0.421481712093231408316236642416329767      
   2.22500000000000000000000000000000008       ,   0.00000000000000000000000000000000000       ,   1.15668120118331914579427423626651201       ,  0.429727202797127426373681708993398775      
   2.27499999999999999999999999999999992       ,   0.00000000000000000000000000000000000       ,   1.15773757770358260321021474614409141       ,  0.437871440631097682218651145722364968      
   2.32500000000000000000000000000000015       ,   0.00000000000000000000000000000000000       ,   1.15883229036350603945564961833232381       ,  0.445913170869173774906049262725215338      
   2.37500000000000000000000000000000000       ,   0.00000000000000000000000000000000000       ,   1.15996564941790620278991292978624526       ,  0.453851415462731185529184419050839545      
   2.42500000000000000000000000000000023       ,   0.00000000000000000000000000000000000       ,   1.16113786739032502971601673977102220       ,  0.461685494729704848823844985831221661      
   2.47500000000000000000000000000000008       ,   0.00000000000000000000000000000000000       ,   1.16234905187921299384029920765035209       ,  0.469415047119743792826757014703910184      
   2.52499999999999999999999999999999992       ,   0.00000000000000000000000000000000000       ,   1.16359919917978186420119512624317831       ,  0.477040046481735901433730268131984543      
   2.57500000000000000000000000000000015       ,   0.00000000000000000000000000000000000       ,   1.16488818891247119345339159336656917       ,  0.484560816264942809830712784221049202      
   2.62500000000000000000000000000000000       ,   0.00000000000000000000000000000000000       ,   1.16621577984375948492486214056454170       ,  0.491978040109800992520860229379893682      
   2.67500000000000000000000000000000023       ,   0.00000000000000000000000000000000000       ,   1.16758160707226535426844599981600553       ,  0.499292768330954946147283634523291861      
   2.72500000000000000000000000000000008       ,   0.00000000000000000000000000000000000       ,   1.16898518073223869767452149416391081       ,  0.506506419864019926479356709136594781      
   2.77499999999999999999999999999999992       ,   0.00000000000000000000000000000000000       ,   1.17042588633764650187300503932293953       ,  0.513620779338342198162107313559417296      
   2.82500000000000000000000000000000015       ,   0.00000000000000000000000000000000000       ,   1.17190298685366595366943026519490510       ,  0.520637989048570198337513242710732106      
   2.87500000000000000000000000000000000       ,   0.00000000000000000000000000000000000       ,   1.17341562653955050928064121736615007       ,  0.527560535724734634442395702435640355      
   2.92500000000000000000000000000000023       ,   0.00000000000000000000000000000000000       ,   1.17496283655893308411224295991761995       ,  0.534391232139260528487751336428692330      
   2.97500000000000000000000000000000008       ,   0.00000000000000000000000000000000000       ,   1.17654354230231631390383134212784236       ,  0.541133193734599574350728788408306268      
   3.02499999999999999999999999999999992       ,   0.00000000000000000000000000000000000       ,   1.17815657231362206374506378924537844       ,  0.547789810600876680877605035801835279      
   3.07500000000000000000000000000000015       ,   0.00000000000000000000000000000000000       ,   1.17980066866031201287423429024733519       ,  0.554364715271991608566705345512645621      
   3.12500000000000000000000000000000000       ,   0.00000000000000000000000000000000000       ,   1.18147449853700998309806562136167273       ,  0.560861746932874883295583540296082522      
   3.17500000000000000000000000000000023       ,   0.00000000000000000000000000000000000       ,   1.18317666684793723506496397936226911       ,  0.567284912731381693730360069971066369      
   3.22500000000000000000000000000000008       ,   0.00000000000000000000000000000000000       ,   1.18490572947547019781095815223331948       ,  0.573638346957241932239867345111708336      
   3.27499999999999999999999999999999992       ,   0.00000000000000000000000000000000000       ,   1.18666020691145303154505705778695878       ,  0.579926268880051188981964832388802521      
   3.32500000000000000000000000000000015       ,   0.00000000000000000000000000000000000       ,   1.18843859790413250037359613076939610       ,  0.586152940021283728090048999451240449      
   3.37500000000000000000000000000000000       ,   0.00000000000000000000000000000000000       ,   1.19023939275525899313012992376429574       ,  0.592322621563074561470422823561601807      
   3.42500000000000000000000000000000023       ,   0.00000000000000000000000000000000000       ,   1.19206108588645234900765288412525359       ,  0.598439532456565222965087261193511271      
   3.47500000000000000000000000000000008       ,   0.00000000000000000000000000000000000       ,   1.19390218727724520954977050220655664       ,  0.604507808566106673917395596935610100      
   3.52499999999999999999999999999999992       ,   0.00000000000000000000000000000000000       ,   1.19576123235279987975832170058849223       ,  0.610531462843690612902429372836064971      
   3.57500000000000000000000000000000015       ,   0.00000000000000000000000000000000000       ,   1.19763678985769592745966345089958355       ,  0.616514346023890635932053388707584224      
   3.62500000000000000000000000000000000       ,   0.00000000000000000000000000000000000       ,   1.19952746718123824208795193503670642       ,  0.622460106582929274913030399551197107      
   3.67500000000000000000000000000000023       ,   0.00000000000000000000000000000000000       ,   1.20143191248579881776461117388263066       ,  0.628372147574632802773467458131999476      
   3.72500000000000000000000000000000008       ,   0.00000000000000000000000000000000000       ,   1.20334881281991446522248972457479170       ,  0.634253576193405283729965050464379636      
   3.77499999999999999999999999999999992       ,   0.00000000000000000000000000000000000       ,   1.20527688716455499308200454767459596       ,  0.640107139092167368801177371065391115      
   3.82500000000000000000000000000000015       ,   0.00000000000000000000000000000000000       ,   1.20721487307225597012979379939489019       ,  0.645935131864136735533745340439038503      
   3.87500000000000000000000000000000000       ,   0.00000000000000000000000000000000000       ,   1.20916150526323521705084297505726404       ,  0.651739263403823747781034772969146781      
   3.92500000000000000000000000000000023       ,   0.00000000000000000000000000000000000       ,   1.21111548438194400039352530809063363       ,  0.657520442867247466658836403131415066      
   3.97500000000000000000000000000000008       ,   0.00000000000000000000000000000000000       ,   1.21307543443263111083450252980079242       ,  0.663278434755152549477122165271908215      
   4.02500000000000000000000000000000031       ,   0.00000000000000000000000000000000000       ,   1.21503984895022443739354694891746380       ,  0.669011289406488394997268426293724724      
   4.07500000000000000000000000000000015       ,   0.00000000000000000000000000000000000       ,   1.21700703027351432533426865191050719       ,  0.674714389900965513795265984182781542      
   4.12500000000000000000000000000000077       ,   0.00000000000000000000000000000000000       ,   1.21897503647802054733562576692950383       ,  0.680378840929727544622991475622030150      
   4.17500000000000000000000000000000062       ,   0.00000000000000000000000000000000000       ,   1.22094167265957325413862240234961153       ,  0.685988723589561206662495755896175072      
   4.22500000000000000000000000000000046       ,   0.00000000000000000000000000000000000       ,   1.22290460891015175505075998777726229       ,  0.691516387595906610040443662926384428      
   4.27500000000000000000000000000000031       ,   0.00000000000000000000000000000000000       ,   1.22486179811180978909352268689103168       ,  0.696914336819148074389996635462048519      
   4.32500000000000000000000000000000015       ,   0.00000000000000000000000000000000000       ,   1.22681254194989207225906198662601072       ,  0.702101193033416667842959992017582318      
   4.37500000000000000000000000000000077       ,   0.00000000000000000000000000000000000       ,   1.22875988236057348696460389295619984       ,  0.706937375115384167257429989258584320      
   4.42500000000000000000000000000000062       ,   0.00000000000000000000000000000000000       ,   1.23071559145880690241887466132613298       ,  0.711182996165227837981031330509906725      
   4.47500000000000000000000000000000046       ,   0.00000000000000000000000000000000000       ,   1.23271005780675674019266409854006722       ,  0.714425332961609031830360358132346682      
   4.52500000000000000000000000000000031       ,   0.00000000000000000000000000000000000       ,   1.23481096745416937202173768989715749       ,  0.715955314530133765362690062796751247      
   4.57500000000000000000000000000000015       ,   0.00000000000000000000000000000000000       ,   1.23715666156550330818196498564569506       ,  0.714562089937138601753263713531406143      
   4.62500000000000000000000000000000077       ,   0.00000000000000000000000000000000000       ,   1.24001075070081082372367617170489088       ,  0.708206871729665635663260609666488877      
   4.67500000000000000000000000000000062       ,   0.00000000000000000000000000000000000       ,   1.24383770252180443073018481902186744       ,  0.693552008383670829862167905134818574      
   4.72500000000000000000000000000000046       ,   0.00000000000000000000000000000000000       ,   1.24936781766154460152212522460313111       ,  0.665415001766236183629432303241494922      
   4.77500000000000000000000000000000031       ,   0.00000000000000000000000000000000000       ,   1.25753585152329009282482020611899238       ,  0.616495206861456129039224972089145846      
   4.82500000000000000000000000000000092       ,   0.00000000000000000000000000000000000       ,   1.26904785612338162451437984397091325       ,  0.538217424774544004182673865703487809      
   4.87500000000000000000000000000000077       ,   0.00000000000000000000000000000000000       ,   1.28336526883436400246099539899024989       ,  0.423732948271851360545994475553286397      
   4.92500000000000000000000000000000062       ,   0.00000000000000000000000000000000000       ,   1.29757275387973783064881763922745905       ,  0.272662698266400824213675036352481206      
   4.97500000000000000000000000000000046       ,   0.00000000000000000000000000000000000       ,   1.30672503899646987223205917175201362       ,   9.42498577350064242000131534055661125E-0002
   5.02500000000000000000000000000000031       ,   0.00000000000000000000000000000000000       ,   1.30672503899646987223205917175201362       ,  -9.42498577350064242000131534055610328E-0002
   5.07500000000000000000000000000000092       ,   0.00000000000000000000000000000000000       ,   1.29757275387973783064881763922745905       , -0.272662698266400824213675036352476776      
   5.12500000000000000000000000000000077       ,   0.00000000000000000000000000000000000       ,   1.28336526883436400246099539899024989       , -0.423732948271851360545994475553282401      
   5.17500000000000000000000000000000062       ,   0.00000000000000000000000000000000000       ,   1.26904785612338162451437984397091325       , -0.538217424774544004182673865703485112      
   5.22500000000000000000000000000000046       ,   0.00000000000000000000000000000000000       ,   1.25753585152329009282482020611899219       , -0.616495206861456129039224972089144016      
   5.27500000000000000000000000000000031       ,   0.00000000000000000000000000000000000       ,   1.24936781766154460152212522460313091       , -0.665415001766236183629432303241493863      
   5.32500000000000000000000000000000092       ,   0.00000000000000000000000000000000000       ,   1.24383770252180443073018481902186725       , -0.693552008383670829862167905134817612      
   5.37500000000000000000000000000000077       ,   0.00000000000000000000000000000000000       ,   1.24001075070081082372367617170489049       , -0.708206871729665635663260609666488010      
   5.42500000000000000000000000000000062       ,   0.00000000000000000000000000000000000       ,   1.23715666156550330818196498564569467       , -0.714562089937138601753263713531405276      
   5.47500000000000000000000000000000046       ,   0.00000000000000000000000000000000000       ,   1.23481096745416937202173768989715711       , -0.715955314530133765362690062796750476      
   5.52500000000000000000000000000000031       ,   0.00000000000000000000000000000000000       ,   1.23271005780675674019266409854006683       , -0.714425332961609031830360358132346104      
   5.57500000000000000000000000000000092       ,   0.00000000000000000000000000000000000       ,   1.23071559145880690241887466132613260       , -0.711182996165227837981031330509906532      
   5.62500000000000000000000000000000077       ,   0.00000000000000000000000000000000000       ,   1.22875988236057348696460389295619945       , -0.706937375115384167257429989258584223      
   5.67500000000000000000000000000000062       ,   0.00000000000000000000000000000000000       ,   1.22681254194989207225906198662601034       , -0.702101193033416667842959992017582125      
   5.72500000000000000000000000000000046       ,   0.00000000000000000000000000000000000       ,   1.22486179811180978909352268689103110       , -0.696914336819148074389996635462048423      
   5.77500000000000000000000000000000031       ,   0.00000000000000000000000000000000000       ,   1.22290460891015175505075998777726191       , -0.691516387595906610040443662926384331      
   5.82500000000000000000000000000000092       ,   0.00000000000000000000000000000000000       ,   1.22094167265957325413862240234961114       , -0.685988723589561206662495755896175072      
   5.87500000000000000000000000000000077       ,   0.00000000000000000000000000000000000       ,   1.21897503647802054733562576692950344       , -0.680378840929727544622991475622030054      
   5.92500000000000000000000000000000062       ,   0.00000000000000000000000000000000000       ,   1.21700703027351432533426865191050662       , -0.674714389900965513795265984182781446      
   5.97500000000000000000000000000000046       ,   0.00000000000000000000000000000000000       ,   1.21503984895022443739354694891746342       , -0.669011289406488394997268426293724339      
   6.02500000000000000000000000000000031       ,   0.00000000000000000000000000000000000       ,   1.21307543443263111083450252980079184       , -0.663278434755152549477122165271907445      
   6.07500000000000000000000000000000092       ,   0.00000000000000000000000000000000000       ,   1.21111548438194400039352530809063306       , -0.657520442867247466658836403131414295      
   6.12500000000000000000000000000000077       ,   0.00000000000000000000000000000000000       ,   1.20916150526323521705084297505726346       , -0.651739263403823747781034772969146299      
   6.17500000000000000000000000000000062       ,   0.00000000000000000000000000000000000       ,   1.20721487307225597012979379939488961       , -0.645935131864136735533745340439038311      
   6.22500000000000000000000000000000046       ,   0.00000000000000000000000000000000000       ,   1.20527688716455499308200454767459519       , -0.640107139092167368801177371065391404      
   6.27500000000000000000000000000000031       ,   0.00000000000000000000000000000000000       ,   1.20334881281991446522248972457479093       , -0.634253576193405283729965050464380214      
   6.32500000000000000000000000000000092       ,   0.00000000000000000000000000000000000       ,   1.20143191248579881776461117388262989       , -0.628372147574632802773467458131999957      
   6.37500000000000000000000000000000077       ,   0.00000000000000000000000000000000000       ,   1.19952746718123824208795193503670565       , -0.622460106582929274913030399551197878      
   6.42500000000000000000000000000000062       ,   0.00000000000000000000000000000000000       ,   1.19763678985769592745966345089958278       , -0.616514346023890635932053388707584994      
   6.47500000000000000000000000000000046       ,   0.00000000000000000000000000000000000       ,   1.19576123235279987975832170058849146       , -0.610531462843690612902429372836065356      
   6.52500000000000000000000000000000031       ,   0.00000000000000000000000000000000000       ,   1.19390218727724520954977050220655587       , -0.604507808566106673917395596935611255      
   6.57500000000000000000000000000000092       ,   0.00000000000000000000000000000000000       ,   1.19206108588645234900765288412525301       , -0.598439532456565222965087261193511753      
   6.62500000000000000000000000000000077       ,   0.00000000000000000000000000000000000       ,   1.19023939275525899313012992376429516       , -0.592322621563074561470422823561602481      
   6.67500000000000000000000000000000062       ,   0.00000000000000000000000000000000000       ,   1.18843859790413250037359613076939572       , -0.586152940021283728090048999451240834      
   6.72500000000000000000000000000000046       ,   0.00000000000000000000000000000000000       ,   1.18666020691145303154505705778695840       , -0.579926268880051188981964832388802425      
   6.77500000000000000000000000000000031       ,   0.00000000000000000000000000000000000       ,   1.18490572947547019781095815223331909       , -0.573638346957241932239867345111708239      
   6.82500000000000000000000000000000092       ,   0.00000000000000000000000000000000000       ,   1.18317666684793723506496397936226872       , -0.567284912731381693730360069971066273      
   6.87500000000000000000000000000000077       ,   0.00000000000000000000000000000000000       ,   1.18147449853700998309806562136167234       , -0.560861746932874883295583540296082907      
   6.92500000000000000000000000000000062       ,   0.00000000000000000000000000000000000       ,   1.17980066866031201287423429024733519       , -0.554364715271991608566705345512645621      
   6.97500000000000000000000000000000046       ,   0.00000000000000000000000000000000000       ,   1.17815657231362206374506378924537844       , -0.547789810600876680877605035801835183      
   7.02500000000000000000000000000000031       ,   0.00000000000000000000000000000000000       ,   1.17654354230231631390383134212784255       , -0.541133193734599574350728788408305979      
   7.07500000000000000000000000000000092       ,   0.00000000000000000000000000000000000       ,   1.17496283655893308411224295991762014       , -0.534391232139260528487751336428692041      
   7.12500000000000000000000000000000077       ,   0.00000000000000000000000000000000000       ,   1.17341562653955050928064121736615027       , -0.527560535724734634442395702435640066      
   7.17500000000000000000000000000000062       ,   0.00000000000000000000000000000000000       ,   1.17190298685366595366943026519490529       , -0.520637989048570198337513242710732106      
   7.22500000000000000000000000000000046       ,   0.00000000000000000000000000000000000       ,   1.17042588633764650187300503932293972       , -0.513620779338342198162107313559417007      
   7.27500000000000000000000000000000031       ,   0.00000000000000000000000000000000000       ,   1.16898518073223869767452149416391100       , -0.506506419864019926479356709136594492      
   7.32500000000000000000000000000000092       ,   0.00000000000000000000000000000000000       ,   1.16758160707226535426844599981600553       , -0.499292768330954946147283634523291620      
   7.37500000000000000000000000000000077       ,   0.00000000000000000000000000000000000       ,   1.16621577984375948492486214056454170       , -0.491978040109800992520860229379893489      
   7.42500000000000000000000000000000062       ,   0.00000000000000000000000000000000000       ,   1.16488818891247119345339159336656917       , -0.484560816264942809830712784221049202      
   7.47500000000000000000000000000000046       ,   0.00000000000000000000000000000000000       ,   1.16359919917978186420119512624317831       , -0.477040046481735901433730268131984640      
   7.52500000000000000000000000000000031       ,   0.00000000000000000000000000000000000       ,   1.16234905187921299384029920765035190       , -0.469415047119743792826757014703910088      
   7.57500000000000000000000000000000092       ,   0.00000000000000000000000000000000000       ,   1.16113786739032502971601673977102201       , -0.461685494729704848823844985831221757      
   7.62500000000000000000000000000000077       ,   0.00000000000000000000000000000000000       ,   1.15996564941790620278991292978624506       , -0.453851415462731185529184419050839641      
   7.67500000000000000000000000000000062       ,   0.00000000000000000000000000000000000       ,   1.15883229036350603945564961833232343       , -0.445913170869173774906049262725215146      
   7.72500000000000000000000000000000046       ,   0.00000000000000000000000000000000000       ,   1.15773757770358260321021474614409121       , -0.437871440631097682218651145722364631      
   7.77500000000000000000000000000000031       ,   0.00000000000000000000000000000000000       ,   1.15668120118331914579427423626651163       , -0.429727202797127426373681708993398678      
   7.82500000000000000000000000000000092       ,   0.00000000000000000000000000000000000       ,   1.15566276063665849147828543045920134       , -0.421481712093231408316236642416330345      
   7.87500000000000000000000000000000077       ,   0.00000000000000000000000000000000000       ,   1.15468177425019458402588455675411494       , -0.413136476870088455566989107598245310      
   7.92500000000000000000000000000000062       ,   0.00000000000000000000000000000000000       ,   1.15373768710002416674118480433654399       , -0.404693235219588163999081529075775031      
   7.97500000000000000000000000000000046       ,   0.00000000000000000000000000000000000       ,   1.15282987980525427090217500089195082       , -0.396153930752443746780625581629491093      
   8.02500000000000000000000000000000031       ,   0.00000000000000000000000000000000000       ,   1.15195767715840804371795456822148383       , -0.387520688478536982374924054848043916      
   8.07500000000000000000000000000000092       ,   0.00000000000000000000000000000000000       ,   1.15112035661043780604544122949348084       , -0.378795791174126813180390382154252517      
   8.12500000000000000000000000000000000       ,   0.00000000000000000000000000000000000       ,   1.15031715650559924601988038313641001       , -0.369981656558044292837971337460070093      
   8.17500000000000000000000000000000062       ,   0.00000000000000000000000000000000000       ,   1.14954728397844555470456171654103225       , -0.361080815535038149010475070660659050      
   8.22500000000000000000000000000000123       ,   0.00000000000000000000000000000000000       ,   1.14880992244127051739906544047791593       , -0.352095891701066706889801186473582839      
   8.27500000000000000000000000000000031       ,   0.00000000000000000000000000000000000       ,   1.14810423860527554580392575615182828       , -0.343029582245021646613725550283237712      
   8.32500000000000000000000000000000092       ,   0.00000000000000000000000000000000000       ,   1.14742938899253847582360674028768345       , -0.333884640326407212682084012374748774      
   8.37500000000000000000000000000000000       ,   0.00000000000000000000000000000000000       ,   1.14678452590862711550077386518958761       , -0.324663858960830498828268483852965950      
   8.42500000000000000000000000000000062       ,   0.00000000000000000000000000000000000       ,   1.14616880285760063742882649820043796       , -0.315370056406197497307693525083347178      
   8.47500000000000000000000000000000123       ,   0.00000000000000000000000000000000000       ,   1.14558137939235148618470164062635508       , -0.306006063012980456883448861057385685      
   8.52500000000000000000000000000000031       ,   0.00000000000000000000000000000000000       ,   1.14502142540387050207153389026802946       , -0.296574709481780899156416750458664648      
   8.57500000000000000000000000000000092       ,   0.00000000000000000000000000000000000       ,   1.14448812486306351038775152389991728       , -0.287078816459866264745635817363903954      
   8.62500000000000000000000000000000000       ,   0.00000000000000000000000000000000000       ,   1.14398067903806262853355119622039562       , -0.277521185403981548388597167735092345      
   8.67500000000000000000000000000000062       ,   0.00000000000000000000000000000000000       ,   1.14349830921828422979419996686752113       , -0.267904590637668627663225005828240432      
   8.72500000000000000000000000000000123       ,   0.00000000000000000000000000000000000       ,   1.14304025898343060261803392504749784       , -0.258231772535508644938450958084948863      
   8.77500000000000000000000000000000031       ,   0.00000000000000000000000000000000000       ,   1.14260579606084998833218334812104982       , -0.248505431772139225058876569814134221      
   8.82500000000000000000000000000000092       ,   0.00000000000000000000000000000000000       ,   1.14219421381787323260084004916461736       , -0.238728224578882156732493872788238919      
   8.87500000000000000000000000000000000       ,   0.00000000000000000000000000000000000       ,   1.14180483243679784548090008238637684       , -0.228902758954113463818173744373121493      
   8.92500000000000000000000000000000062       ,   0.00000000000000000000000000000000000       ,   1.14143699981914873062033627561215469       , -0.219031591774457948992321962746691931      
   8.97500000000000000000000000000000123       ,   0.00000000000000000000000000000000000       ,   1.14109009226296596591976077315922648       , -0.209117226752428789852891208778661052      
   9.02500000000000000000000000000000031       ,   0.00000000000000000000000000000000000       ,   1.14076351495257829388580207417077610       , -0.199162113182715721748279095538239355      
   9.07500000000000000000000000000000092       ,   0.00000000000000000000000000000000000       ,   1.14045670229514691780949785877761615       , -0.189168645414785683101531003025481482      
   9.12500000000000000000000000000000000       ,   0.00000000000000000000000000000000000       ,   1.14016911813276723200258774506746149       , -0.179139162984816802006045634491834252      
   9.17500000000000000000000000000000062       ,   0.00000000000000000000000000000000000       ,   1.13990025585360829564439877084735243       , -0.169075951336245339148988872950241741      
   9.22500000000000000000000000000000123       ,   0.00000000000000000000000000000000000       ,   1.13964963842085451452712721376540120       , -0.158981243056181906139200094154642872      
   9.27500000000000000000000000000000031       ,   0.00000000000000000000000000000000000       ,   1.13941681833434871835795406936305671       , -0.148857219555155207421306078952842182      
   9.32500000000000000000000000000000092       ,   0.00000000000000000000000000000000000       ,   1.13920137753692319521306838417885201       , -0.138706013120216651602177498791512466      
   9.37500000000000000000000000000000000       ,   0.00000000000000000000000000000000000       ,   1.13900292727540880627822268210000818       , -0.128529709276195290967612088720706790      
   9.42500000000000000000000000000000062       ,   0.00000000000000000000000000000000000       ,   1.13882110792509091625606930360999485       , -0.118330349396372136291328741498039939      
   9.47500000000000000000000000000000123       ,   0.00000000000000000000000000000000000       ,   1.13865558878573236928381937159612065       , -0.108109933511430282809404904503204558      
   9.52500000000000000000000000000000031       ,   0.00000000000000000000000000000000000       ,   1.13850606785698863268843038958813793       ,  -9.78704232735730001719240842743595467E-0002
   9.57500000000000000000000000000000092       ,   0.00000000000000000000000000000000000       ,   1.13837227160089807543741748332978218       ,  -8.76137450405821216656547062437168106E-0002
   9.62500000000000000000000000000000154       ,   0.00000000000000000000000000000000000       ,   1.13825395469898417663831678252719473       ,  -7.73417930518354009541630875906856013E-0002
   9.67500000000000000000000000000000062       ,   0.00000000000000000000000000000000000       ,   1.13815089981125393922612535361215623       ,  -6.70564326745961048389003852939404870E-0002
   9.72500000000000000000000000000000123       ,   0.00000000000000000000000000000000000       ,   1.13806291734396948331677813774420304       ,  -5.67595037040758199163569216576270890E-0002
   9.77500000000000000000000000000000031       ,   0.00000000000000000000000000000000000       ,   1.13798984523250379061237532072909345       ,  -4.64528237048375338556758332837261773E-0002
   9.82500000000000000000000000000000092       ,   0.00000000000000000000000000000000000       ,   1.13793154874489339432714186508738256       ,  -3.61381913841397182948333420505133454E-0002
   9.87500000000000000000000000000000154       ,   0.00000000000000000000000000000000000       ,   1.13788792031091246860201308497862348       ,  -2.58173899899759376297564698130560999E-0002
   9.92500000000000000000000000000000062       ,   0.00000000000000000000000000000000000       ,   1.13785887938065873021865445446990440       ,  -1.54921907280173258502292043087507077E-0002
   9.97500000000000000000000000000000123       ,   0.00000000000000000000000000000000000       ,   1.13784437231579929817860135466131397       ,  -5.16435619259354596190988804654981002E-0003
