   144.03234744297845      ,         400
X,ZB,H,U,L,ZF,QS,TB
 2.50000000E+000, 1.49883553E+001, 9.65086330E+000, 2.95902444E+000, 1.40000000E+001, 1.29875000E+001, 1.55443907E-002, 4.22414553E+001
 7.50000000E+000, 1.49651360E+001, 9.66993164E+000, 2.95415258E+000, 1.40000000E+001, 1.29625000E+001, 1.54677299E-002, 4.20908361E+001
 1.25000000E+001, 1.49402832E+001, 9.69085084E+000, 2.94866829E+000, 1.40000000E+001, 1.29375000E+001, 1.53817403E-002, 4.19220261E+001
 1.75000000E+001, 1.49152916E+001, 9.71201372E+000, 2.94307962E+000, 1.40000000E+001, 1.29125000E+001, 1.52944444E-002, 4.17505394E+001
 2.25000000E+001, 1.48902747E+001, 9.73324029E+000, 2.93748287E+000, 1.40000000E+001, 1.28875000E+001, 1.52073553E-002, 4.15792314E+001
 2.75000000E+001, 1.48652527E+001, 9.75449419E+000, 2.93189921E+000, 1.40000000E+001, 1.28625000E+001, 1.51208006E-002, 4.14087226E+001
 3.25000000E+001, 1.48402300E+001, 9.77576777E+000, 2.92633295E+000, 1.40000000E+001, 1.28375000E+001, 1.50348439E-002, 4.12391357E+001
 3.75000000E+001, 1.48152072E+001, 9.79705956E+000, 2.92078464E+000, 1.40000000E+001, 1.28125000E+001, 1.49494898E-002, 4.10704833E+001
 4.25000000E+001, 1.47901846E+001, 9.81836939E+000, 2.91525405E+000, 1.40000000E+001, 1.27875000E+001, 1.48647311E-002, 4.09027547E+001
 4.75000000E+001, 1.47651622E+001, 9.83969733E+000, 2.90974080E+000, 1.40000000E+001, 1.27625000E+001, 1.47805580E-002, 4.07359353E+001
 5.25000000E+001, 1.47401400E+001, 9.86104351E+000, 2.90424451E+000, 1.40000000E+001, 1.27375000E+001, 1.46969611E-002, 4.05700102E+001
 5.75000000E+001, 1.47151181E+001, 9.88240798E+000, 2.89876483E+000, 1.40000000E+001, 1.27125000E+001, 1.46139316E-002, 4.04049658E+001
 6.25000000E+001, 1.46900963E+001, 9.90379081E+000, 2.89330145E+000, 1.40000000E+001, 1.26875000E+001, 1.45314610E-002, 4.02407892E+001
 6.75000000E+001, 1.46650748E+001, 9.92519202E+000, 2.88785407E+000, 1.40000000E+001, 1.26625000E+001, 1.44495417E-002, 4.00774690E+001
 7.25000000E+001, 1.46400535E+001, 9.94661158E+000, 2.88242246E+000, 1.40000000E+001, 1.26375000E+001, 1.43681667E-002, 3.99149946E+001
 7.75000000E+001, 1.46150324E+001, 9.96804946E+000, 2.87700639E+000, 1.40000000E+001, 1.26125000E+001, 1.42873293E-002, 3.97533564E+001
 8.25000000E+001, 1.45900115E+001, 9.98950557E+000, 2.87160569E+000, 1.40000000E+001, 1.25875000E+001, 1.42070238E-002, 3.95925460E+001
 8.75000000E+001, 1.45649909E+001, 1.00109798E+001, 2.86622021E+000, 1.40000000E+001, 1.25625000E+001, 1.41272446E-002, 3.94325557E+001
 9.25000000E+001, 1.45399704E+001, 1.00324721E+001, 2.86084982E+000, 1.40000000E+001, 1.25375000E+001, 1.40479867E-002, 3.92733788E+001
 9.75000000E+001, 1.45149501E+001, 1.00539821E+001, 2.85549444E+000, 1.40000000E+001, 1.25125000E+001, 1.39692459E-002, 3.91150094E+001
 1.02500000E+002, 1.44899300E+001, 1.00755099E+001, 2.85015399E+000, 1.40000000E+001, 1.24875000E+001, 1.38910178E-002, 3.89574424E+001
 1.07500000E+002, 1.44649102E+001, 1.00970550E+001, 2.84482844E+000, 1.40000000E+001, 1.24625000E+001, 1.38132989E-002, 3.88006732E+001
 1.12500000E+002, 1.44398905E+001, 1.01186174E+001, 2.83951776E+000, 1.40000000E+001, 1.24375000E+001, 1.37360859E-002, 3.86446980E+001
 1.17500000E+002, 1.44148710E+001, 1.01401968E+001, 2.83422195E+000, 1.40000000E+001, 1.24125000E+001, 1.36593758E-002, 3.84895137E+001
 1.22500000E+002, 1.43898517E+001, 1.01617928E+001, 2.82894103E+000, 1.40000000E+001, 1.23875000E+001, 1.35831657E-002, 3.83351174E+001
 1.27500000E+002, 1.43648326E+001, 1.01834053E+001, 2.82367503E+000, 1.40000000E+001, 1.23625000E+001, 1.35074534E-002, 3.81815070E+001
 1.32500000E+002, 1.43398137E+001, 1.02050339E+001, 2.81842401E+000, 1.40000000E+001, 1.23375000E+001, 1.34322365E-002, 3.80286805E+001
 1.37500000E+002, 1.43147949E+001, 1.02266784E+001, 2.81318802E+000, 1.40000000E+001, 1.23125000E+001, 1.33575129E-002, 3.78766364E+001
 1.42500000E+002, 1.42897764E+001, 1.02483384E+001, 2.80796714E+000, 1.40000000E+001, 1.22875000E+001, 1.32832808E-002, 3.77253736E+001
 1.47500000E+002, 1.42647580E+001, 1.02700135E+001, 2.80276145E+000, 1.40000000E+001, 1.22625000E+001, 1.32095384E-002, 3.75748909E+001
 1.52500000E+002, 1.42397398E+001, 1.02917035E+001, 2.79757103E+000, 1.40000000E+001, 1.22375000E+001, 1.31362841E-002, 3.74251876E+001
 1.57500000E+002, 1.42147217E+001, 1.03134081E+001, 2.79239599E+000, 1.40000000E+001, 1.22125000E+001, 1.30635162E-002, 3.72762631E+001
 1.62500000E+002, 1.41897038E+001, 1.03351269E+001, 2.78723640E+000, 1.40000000E+001, 1.21875000E+001, 1.29912332E-002, 3.71281166E+001
 1.67500000E+002, 1.41646861E+001, 1.03568595E+001, 2.78209239E+000, 1.40000000E+001, 1.21625000E+001, 1.29194335E-002, 3.69807476E+001
 1.72500000E+002, 1.41396686E+001, 1.03786057E+001, 2.77696403E+000, 1.40000000E+001, 1.21375000E+001, 1.28481158E-002, 3.68341557E+001
 1.77500000E+002, 1.41146512E+001, 1.04003651E+001, 2.77185144E+000, 1.40000000E+001, 1.21125000E+001, 1.27772783E-002, 3.66883401E+001
 1.82500000E+002, 1.40896339E+001, 1.04221373E+001, 2.76675470E+000, 1.40000000E+001, 1.20875000E+001, 1.27069197E-002, 3.65433001E+001
 1.87500000E+002, 1.40646169E+001, 1.04439222E+001, 2.76167392E+000, 1.40000000E+001, 1.20625000E+001, 1.26370382E-002, 3.63990351E+001
 1.92500000E+002, 1.40395999E+001, 1.04657192E+001, 2.75660917E+000, 1.40000000E+001, 1.20375000E+001, 1.25676322E-002, 3.62555441E+001
 1.97500000E+002, 1.40145832E+001, 1.04875282E+001, 2.75156053E+000, 1.40000000E+001, 1.20125000E+001, 1.24986999E-002, 3.61128260E+001
 2.02500000E+002, 1.39895665E+001, 1.05093488E+001, 2.74652809E+000, 1.40000000E+001, 1.19875000E+001, 1.24302395E-002, 3.59708796E+001
 2.07500000E+002, 1.39645501E+001, 1.05311807E+001, 2.74151191E+000, 1.40000000E+001, 1.19625000E+001, 1.23622490E-002, 3.58297033E+001
 2.12500000E+002, 1.39395338E+001, 1.05530236E+001, 2.73651205E+000, 1.40000000E+001, 1.19375000E+001, 1.22947264E-002, 3.56892956E+001
 2.17500000E+002, 1.39145176E+001, 1.05748773E+001, 2.73152856E+000, 1.40000000E+001, 1.19125000E+001, 1.22276696E-002, 3.55496544E+001
 2.22500000E+002, 1.38895016E+001, 1.05967415E+001, 2.72656148E+000, 1.40000000E+001, 1.18875000E+001, 1.21610761E-002, 3.54107777E+001
 2.27500000E+002, 1.38644857E+001, 1.06186159E+001, 2.72161084E+000, 1.40000000E+001, 1.18625000E+001, 1.20949437E-002, 3.52726629E+001
 2.32500000E+002, 1.38394699E+001, 1.06405003E+001, 2.71667666E+000, 1.40000000E+001, 1.18375000E+001, 1.20292698E-002, 3.51353073E+001
 2.37500000E+002, 1.38144543E+001, 1.06623944E+001, 2.71175894E+000, 1.40000000E+001, 1.18125000E+001, 1.19640516E-002, 3.49987079E+001
 2.42500000E+002, 1.37894389E+001, 1.06842981E+001, 2.70685769E+000, 1.40000000E+001, 1.17875000E+001, 1.18992864E-002, 3.48628614E+001
 2.47500000E+002, 1.37644235E+001, 1.07062110E+001, 2.70197289E+000, 1.40000000E+001, 1.17625000E+001, 1.18349712E-002, 3.47277642E+001
 2.52500000E+002, 1.37394083E+001, 1.07281331E+001, 2.69710451E+000, 1.40000000E+001, 1.17375000E+001, 1.17711028E-002, 3.45934124E+001
 2.57500000E+002, 1.37143933E+001, 1.07500640E+001, 2.69225250E+000, 1.40000000E+001, 1.17125000E+001, 1.17076780E-002, 3.44598016E+001
 2.62500000E+002, 1.36893784E+001, 1.07720037E+001, 2.68741681E+000, 1.40000000E+001, 1.16875000E+001, 1.16446933E-002, 3.43269273E+001
 2.67500000E+002, 1.36643636E+001, 1.07939519E+001, 2.68259737E+000, 1.40000000E+001, 1.16625000E+001, 1.15821451E-002, 3.41947845E+001
 2.72500000E+002, 1.36393489E+001, 1.08159085E+001, 2.67779409E+000, 1.40000000E+001, 1.16375000E+001, 1.15200298E-002, 3.40633679E+001
 2.77500000E+002, 1.36143344E+001, 1.08378733E+001, 2.67300688E+000, 1.40000000E+001, 1.16125000E+001, 1.14583433E-002, 3.39326719E+001
 2.82500000E+002, 1.35893200E+001, 1.08598463E+001, 2.66823561E+000, 1.40000000E+001, 1.15875000E+001, 1.13970816E-002, 3.38026904E+001
 2.87500000E+002, 1.35643057E+001, 1.08818272E+001, 2.66348015E+000, 1.40000000E+001, 1.15625000E+001, 1.13362404E-002, 3.36734171E+001
 2.92500000E+002, 1.35392915E+001, 1.09038161E+001, 2.65874036E+000, 1.40000000E+001, 1.15375000E+001, 1.12758154E-002, 3.35448451E+001
 2.97500000E+002, 1.35142775E+001, 1.09258127E+001, 2.65401607E+000, 1.40000000E+001, 1.15125000E+001, 1.12158018E-002, 3.34169674E+001
 3.02500000E+002, 1.34892636E+001, 1.09478170E+001, 2.64930709E+000, 1.40000000E+001, 1.14875000E+001, 1.11561950E-002, 3.32897762E+001
 3.07500000E+002, 1.34642498E+001, 1.09698290E+001, 2.64461323E+000, 1.40000000E+001, 1.14625000E+001, 1.10969900E-002, 3.31632639E+001
 3.12500000E+002, 1.34392361E+001, 1.09918485E+001, 2.63993427E+000, 1.40000000E+001, 1.14375000E+001, 1.10381817E-002, 3.30374219E+001
 3.17500000E+002, 1.34142226E+001, 1.10138756E+001, 2.63526997E+000, 1.40000000E+001, 1.14125000E+001, 1.09797648E-002, 3.29122416E+001
 3.22500000E+002, 1.33892092E+001, 1.10359101E+001, 2.63062009E+000, 1.40000000E+001, 1.13875000E+001, 1.09217338E-002, 3.27877140E+001
 3.27500000E+002, 1.33641959E+001, 1.10579522E+001, 2.62598435E+000, 1.40000000E+001, 1.13625000E+001, 1.08640833E-002, 3.26638296E+001
 3.32500000E+002, 1.33391827E+001, 1.10800017E+001, 2.62136247E+000, 1.40000000E+001, 1.13375000E+001, 1.08068074E-002, 3.25405787E+001
 3.37500000E+002, 1.33141696E+001, 1.11020586E+001, 2.61675415E+000, 1.40000000E+001, 1.13125000E+001, 1.07499004E-002, 3.24179513E+001
 3.42500000E+002, 1.32891567E+001, 1.11241230E+001, 2.61215908E+000, 1.40000000E+001, 1.12875000E+001, 1.06933562E-002, 3.22959368E+001
 3.47500000E+002, 1.32641438E+001, 1.11461949E+001, 2.60757692E+000, 1.40000000E+001, 1.12625000E+001, 1.06371687E-002, 3.21745247E+001
 3.52500000E+002, 1.32391311E+001, 1.11682742E+001, 2.60300734E+000, 1.40000000E+001, 1.12375000E+001, 1.05813318E-002, 3.20537041E+001
 3.57500000E+002, 1.32141185E+001, 1.11903611E+001, 2.59844997E+000, 1.40000000E+001, 1.12125000E+001, 1.05258392E-002, 3.19334639E+001
 3.62500000E+002, 1.31891060E+001, 1.12124555E+001, 2.59390447E+000, 1.40000000E+001, 1.11875000E+001, 1.04706846E-002, 3.18137928E+001
 3.67500000E+002, 1.31640936E+001, 1.12345574E+001, 2.58937045E+000, 1.40000000E+001, 1.11625000E+001, 1.04158617E-002, 3.16946794E+001
 3.72500000E+002, 1.31390813E+001, 1.12566670E+001, 2.58484753E+000, 1.40000000E+001, 1.11375000E+001, 1.03613641E-002, 3.15761123E+001
 3.77500000E+002, 1.31140692E+001, 1.12787842E+001, 2.58033534E+000, 1.40000000E+001, 1.11125000E+001, 1.03071854E-002, 3.14580799E+001
 3.82500000E+002, 1.30890571E+001, 1.13009091E+001, 2.57583349E+000, 1.40000000E+001, 1.10875000E+001, 1.02533194E-002, 3.13405707E+001
 3.87500000E+002, 1.30640452E+001, 1.13230418E+001, 2.57134157E+000, 1.40000000E+001, 1.10625000E+001, 1.01997598E-002, 3.12235732E+001
 3.92500000E+002, 1.30390333E+001, 1.13451821E+001, 2.56685922E+000, 1.40000000E+001, 1.10375000E+001, 1.01465003E-002, 3.11070760E+001
 3.97500000E+002, 1.30140216E+001, 1.13673302E+001, 2.56238604E+000, 1.40000000E+001, 1.10125000E+001, 1.00935349E-002, 3.09910679E+001
 4.02500000E+002, 1.29890099E+001, 1.13894861E+001, 2.55792164E+000, 1.40000000E+001, 1.09875000E+001, 1.00408577E-002, 3.08755378E+001
 4.07500000E+002, 1.29639984E+001, 1.14116498E+001, 2.55346566E+000, 1.40000000E+001, 1.09625000E+001, 9.98846266E-003, 3.07604750E+001
 4.12500000E+002, 1.29389870E+001, 1.14338213E+001, 2.54901772E+000, 1.40000000E+001, 1.09375000E+001, 9.93634428E-003, 3.06458688E+001
 4.17500000E+002, 1.29139757E+001, 1.14560006E+001, 2.54457747E+000, 1.40000000E+001, 1.09125000E+001, 9.88449700E-003, 3.05317091E+001
 4.22500000E+002, 1.28889645E+001, 1.14781876E+001, 2.54014456E+000, 1.40000000E+001, 1.08875000E+001, 9.83291555E-003, 3.04179859E+001
 4.27500000E+002, 1.28639534E+001, 1.15003825E+001, 2.53571866E+000, 1.40000000E+001, 1.08625000E+001, 9.78159484E-003, 3.03046899E+001
 4.32500000E+002, 1.28389424E+001, 1.15225851E+001, 2.53129944E+000, 1.40000000E+001, 1.08375000E+001, 9.73053003E-003, 3.01918118E+001
 4.37500000E+002, 1.28139315E+001, 1.15447954E+001, 2.52688661E+000, 1.40000000E+001, 1.08125000E+001, 9.67971650E-003, 3.00793431E+001
 4.42500000E+002, 1.27889206E+001, 1.15670133E+001, 2.52247988E+000, 1.40000000E+001, 1.07875000E+001, 9.62914991E-003, 2.99672756E+001
 4.47500000E+002, 1.27639099E+001, 1.15892389E+001, 2.51807898E+000, 1.40000000E+001, 1.07625000E+001, 9.57882617E-003, 2.98556019E+001
 4.52500000E+002, 1.27388993E+001, 1.16114721E+001, 2.51368367E+000, 1.40000000E+001, 1.07375000E+001, 9.52874148E-003, 2.97443146E+001
 4.57500000E+002, 1.27138888E+001, 1.16337128E+001, 2.50929372E+000, 1.40000000E+001, 1.07125000E+001, 9.47889230E-003, 2.96334073E+001
 4.62500000E+002, 1.26888784E+001, 1.16559610E+001, 2.50490893E+000, 1.40000000E+001, 1.06875000E+001, 9.42927541E-003, 2.95228740E+001
 4.67500000E+002, 1.26638680E+001, 1.16782166E+001, 2.50052912E+000, 1.40000000E+001, 1.06625000E+001, 9.37988785E-003, 2.94127093E+001
 4.72500000E+002, 1.26388578E+001, 1.17004796E+001, 2.49615412E+000, 1.40000000E+001, 1.06375000E+001, 9.33072699E-003, 2.93029083E+001
 4.77500000E+002, 1.26138476E+001, 1.17227498E+001, 2.49178382E+000, 1.40000000E+001, 1.06125000E+001, 9.28179057E-003, 2.91934669E+001
 4.82500000E+002, 1.25888371E+001, 1.17450282E+001, 2.48741828E+000, 1.40000000E+001, 1.05875000E+001, 9.23307852E-003, 2.90843855E+001
 4.87500000E+002, 1.25638178E+001, 1.17673306E+001, 2.48306260E+000, 1.40000000E+001, 1.05625000E+001, 9.18464658E-003, 2.89757771E+001
 4.92500000E+002, 1.25383829E+001, 1.17901977E+001, 2.47874306E+000, 1.40000000E+001, 1.05375000E+001, 9.13678472E-003, 2.88680877E+001
 4.97500000E+002, 1.25122225E+001, 1.18179048E+001, 2.47798317E+000, 1.40000000E+001, 1.05125000E+001, 9.12837364E-003, 2.88419887E+001
 5.02500000E+002, 1.24851208E+001, 1.18491675E+001, 2.48907718E+000, 1.39000000E+001, 1.04875000E+001, 9.25151868E-003, 2.91350857E+001
 5.07500000E+002, 1.24574542E+001, 1.18734839E+001, 2.51451433E+000, 1.37000000E+001, 1.04625000E+001, 9.53805716E-003, 2.98170808E+001
 5.12500000E+002, 1.24307117E+001, 1.18893640E+001, 2.54754593E+000, 1.35000000E+001, 1.04375000E+001, 9.91889243E-003, 3.06961938E+001
 5.17500000E+002, 1.24050357E+001, 1.19025442E+001, 2.58290507E+000, 1.33000000E+001, 1.04125000E+001, 1.03376515E-002, 3.16505904E+001
 5.22500000E+002, 1.23795076E+001, 1.19148142E+001, 2.61965788E+000, 1.31000000E+001, 1.03875000E+001, 1.07852380E-002, 3.26597002E+001
 5.27500000E+002, 1.23539681E+001, 1.19264511E+001, 2.65769630E+000, 1.29000000E+001, 1.03625000E+001, 1.12618968E-002, 3.37229210E+001
 5.32500000E+002, 1.23283873E+001, 1.19374711E+001, 2.69705732E+000, 1.27000000E+001, 1.03375000E+001, 1.17697043E-002, 3.48433954E+001
 5.37500000E+002, 1.23027561E+001, 1.19478438E+001, 2.73780687E+000, 1.25000000E+001, 1.03125000E+001, 1.23112748E-002, 3.60252215E+001
 5.42500000E+002, 1.22770680E+001, 1.19575284E+001, 2.78002027E+000, 1.23000000E+001, 1.02875000E+001, 1.28895608E-002, 3.72730034E+001
 5.47500000E+002, 1.22513166E+001, 1.19664792E+001, 2.82377942E+000, 1.21000000E+001, 1.02625000E+001, 1.35078497E-002, 3.85918122E+001
 5.52500000E+002, 1.22254944E+001, 1.19746463E+001, 2.86917267E+000, 1.19000000E+001, 1.02375000E+001, 1.41697997E-002, 3.99872250E+001
 5.57500000E+002, 1.21995933E+001, 1.19819750E+001, 2.91629546E+000, 1.17000000E+001, 1.02125000E+001, 1.48794890E-002, 4.14653832E+001
 5.62500000E+002, 1.21736036E+001, 1.19884060E+001, 2.96525092E+000, 1.15000000E+001, 1.01875000E+001, 1.56414734E-002, 4.30330622E+001
 5.67500000E+002, 1.21475144E+001, 1.19938744E+001, 3.01615078E+000, 1.13000000E+001, 1.01625000E+001, 1.64608544E-002, 4.46977523E+001
 5.72500000E+002, 1.21213133E+001, 1.19983090E+001, 3.06911618E+000, 1.11000000E+001, 1.01375000E+001, 1.73433583E-002, 4.64677514E+001
 5.77500000E+002, 1.20949857E+001, 1.20016320E+001, 3.12427881E+000, 1.09000000E+001, 1.01125000E+001, 1.82954293E-002, 4.83522731E+001
 5.82500000E+002, 1.20685149E+001, 1.20037578E+001, 3.18178200E+000, 1.07000000E+001, 1.00875000E+001, 1.93243381E-002, 5.03615708E+001
 5.87500000E+002, 1.20418815E+001, 1.20045926E+001, 3.24178215E+000, 1.05000000E+001, 1.00625000E+001, 2.04383117E-002, 5.25070836E+001
 5.92500000E+002, 1.20150626E+001, 1.20040326E+001, 3.30445018E+000, 1.03000000E+001, 1.00375000E+001, 2.16466855E-002, 5.48016053E+001
 5.97500000E+002, 1.19880319E+001, 1.20019638E+001, 3.36997336E+000, 1.01000000E+001, 1.00125000E+001, 2.29600850E-002, 5.72594832E+001
 6.02500000E+002, 1.19607581E+001, 1.19982600E+001, 3.43855728E+000, 9.90000000E+000, 9.98750000E+000, 2.43906432E-002, 5.98968516E+001
 6.07500000E+002, 1.19332043E+001, 1.19927814E+001, 3.51042821E+000, 9.70000000E+000, 9.96250000E+000, 2.59522605E-002, 6.27319076E+001
 6.12500000E+002, 1.19053268E+001, 1.19853733E+001, 3.58583575E+000, 9.50000000E+000, 9.93750000E+000, 2.76609182E-002, 6.57852374E+001
 6.17500000E+002, 1.18770736E+001, 1.19758640E+001, 3.66505598E+000, 9.30000000E+000, 9.91250000E+000, 2.95350582E-002, 6.90802046E+001
 6.22500000E+002, 1.18483821E+001, 1.19640624E+001, 3.74839505E+000, 9.10000000E+000, 9.88750000E+000, 3.15960439E-002, 7.26434142E+001
 6.27500000E+002, 1.18191774E+001, 1.19497562E+001, 3.83619337E+000, 8.90000000E+000, 9.86250000E+000, 3.38687240E-002, 7.65052685E+001
 6.32500000E+002, 1.17893681E+001, 1.19327088E+001, 3.92883052E+000, 8.70000000E+000, 9.83750000E+000, 3.63821235E-002, 8.07006362E+001
 6.37500000E+002, 1.17588432E+001, 1.19126569E+001, 4.02673093E+000, 8.50000000E+000, 9.81250000E+000, 3.91702974E-002, 8.52696609E+001
 6.42500000E+002, 1.17274664E+001, 1.18893071E+001, 4.13037059E+000, 8.30000000E+000, 9.78750000E+000, 4.22733881E-002, 9.02587420E+001
 6.47500000E+002, 1.16950691E+001, 1.18623330E+001, 4.24028471E+000, 8.10000000E+000, 9.76250000E+000, 4.57389416E-002, 9.57217276E+001
 6.52500000E+002, 1.16614413E+001, 1.18313723E+001, 4.35707683E+000, 7.90000000E+000, 9.73750000E+000, 4.96235549E-002, 1.01721370E+002
 6.57500000E+002, 1.16263199E+001, 1.17960244E+001, 4.48142907E+000, 7.70000000E+000, 9.71250000E+000, 5.39949431E-002, 1.08331106E+002
 6.62500000E+002, 1.15893713E+001, 1.17558490E+001, 4.61411405E+000, 7.50000000E+000, 9.68750000E+000, 5.89345424E-002, 1.15637225E+002
 6.67500000E+002, 1.15501700E+001, 1.17103674E+001, 4.75600797E+000, 7.30000000E+000, 9.66250000E+000, 6.45407896E-002, 1.23741527E+002
 6.72500000E+002, 1.15081681E+001, 1.16590675E+001, 4.90810492E+000, 7.10000000E+000, 9.63750000E+000, 7.09332571E-002, 1.32764531E+002
 6.77500000E+002, 1.14626500E+001, 1.16014176E+001, 5.07152877E+000, 6.90000000E+000, 9.61250000E+000, 7.82577187E-002, 1.42849192E+002
 6.82500000E+002, 1.14127184E+001, 1.15368521E+001, 5.24757398E+000, 6.70000000E+000, 9.58750000E+000, 8.66939274E-002, 1.54167077E+002
 6.87500000E+002, 1.13568542E+001, 1.14650332E+001, 5.43738684E+000, 6.50000000E+000, 9.56250000E+000, 9.64465394E-002, 1.66903549E+002
 6.92500000E+002, 1.12978802E+001, 1.13802389E+001, 5.64443309E+000, 6.30000000E+000, 9.53750000E+000, 1.07889782E-001, 1.81424186E+002
 6.97500000E+002, 1.12375739E+001, 1.12590669E+001, 5.85704546E+000, 6.10000000E+000, 9.51250000E+000, 1.20547709E-001, 1.97156515E+002
 7.02500000E+002, 1.12028156E+001, 1.10832519E+001, 6.04093608E+000, 6.00000000E+000, 9.48750000E+000, 1.32263205E-001, 2.10877815E+002
 7.07500000E+002, 1.12313437E+001, 1.08803018E+001, 6.18467940E+000, 6.00000000E+000, 9.46250000E+000, 1.41930920E-001, 2.21325203E+002
 7.12500000E+002, 1.12771224E+001, 1.07045380E+001, 6.29652822E+000, 6.00000000E+000, 9.43750000E+000, 1.49769771E-001, 2.29673893E+002
 7.17500000E+002, 1.12955509E+001, 1.05727145E+001, 6.38238333E+000, 6.00000000E+000, 9.41250000E+000, 1.55978057E-001, 2.36194441E+002
 7.22500000E+002, 1.12954753E+001, 1.04709812E+001, 6.44976164E+000, 6.00000000E+000, 9.38750000E+000, 1.60968277E-001, 2.41380276E+002
 7.27500000E+002, 1.12841082E+001, 1.03884771E+001, 6.50476952E+000, 6.00000000E+000, 9.36250000E+000, 1.65120259E-001, 2.45659798E+002
 7.32500000E+002, 1.12659272E+001, 1.03177872E+001, 6.55193685E+000, 6.00000000E+000, 9.33750000E+000, 1.68736887E-001, 2.49362843E+002
 7.37500000E+002, 1.12436424E+001, 1.02539890E+001, 6.59446640E+000, 6.00000000E+000, 9.31250000E+000, 1.72043033E-001, 2.52728608E+002
 7.42500000E+002, 1.12188688E+001, 1.01938768E+001, 6.63454934E+000, 6.00000000E+000, 9.28750000E+000, 1.75198463E-001, 2.55924013E+002
 7.47500000E+002, 1.11925515E+001, 1.01353924E+001, 6.67365328E+000, 6.00000000E+000, 9.26250000E+000, 1.78313961E-001, 2.59062930E+002
 7.52500000E+002, 1.11652318E+001, 1.00772228E+001, 6.71275275E+000, 6.00000000E+000, 9.23750000E+000, 1.81465958E-001, 2.62222541E+002
 7.57500000E+002, 1.11372094E+001, 1.00185266E+001, 6.75249961E+000, 6.00000000E+000, 9.21250000E+000, 1.84708100E-001, 2.65455846E+002
 7.62500000E+002, 1.11086410E+001, 9.95875345E+000, 6.79334230E+000, 6.00000000E+000, 9.18750000E+000, 1.88079691E-001, 2.68800606E+002
 7.67500000E+002, 1.10795980E+001, 9.89752770E+000, 6.83560594E+000, 6.00000000E+000, 9.16250000E+000, 1.91611565E-001, 2.72285460E+002
 7.72500000E+002, 1.10501003E+001, 9.83457564E+000, 6.87954483E+000, 6.00000000E+000, 9.13750000E+000, 1.95330052E-001, 2.75933993E+002
 7.77500000E+002, 1.10201348E+001, 9.76968013E+000, 6.92537623E+000, 6.00000000E+000, 9.11250000E+000, 1.99259649E-001, 2.79767418E+002
 7.82500000E+002, 1.09896661E+001, 9.70265282E+000, 6.97330206E+000, 6.00000000E+000, 9.08750000E+000, 2.03424828E-001, 2.83806344E+002
 7.87500000E+002, 1.09586409E+001, 9.63331710E+000, 7.02352302E+000, 6.00000000E+000, 9.06250000E+000, 2.07851332E-001, 2.88071991E+002
 7.92500000E+002, 1.09269901E+001, 9.56149761E+000, 7.07624821E+000, 6.00000000E+000, 9.03750000E+000, 2.12567163E-001, 2.92587060E+002
 7.97500000E+002, 1.08946287E+001, 9.48701367E+000, 7.13170186E+000, 6.00000000E+000, 9.01250000E+000, 2.17603426E-001, 2.97376431E+002
 8.02500000E+002, 1.08614538E+001, 9.40967513E+000, 7.19012877E+000, 6.00000000E+000, 8.98750000E+000, 2.22995114E-001, 3.02467765E+002
 8.07500000E+002, 1.08273419E+001, 9.32927980E+000, 7.25179874E+000, 6.00000000E+000, 8.96250000E+000, 2.28781914E-001, 3.07892077E+002
 8.12500000E+002, 1.07921448E+001, 9.24561203E+000, 7.31701063E+000, 6.00000000E+000, 8.93750000E+000, 2.35009068E-001, 3.13684323E+002
 8.17500000E+002, 1.07556840E+001, 9.15844234E+000, 7.38609620E+000, 6.00000000E+000, 8.91250000E+000, 2.41728317E-001, 3.19884006E+002
 8.22500000E+002, 1.07177441E+001, 9.06752830E+000, 7.45942342E+000, 6.00000000E+000, 8.88750000E+000, 2.48998957E-001, 3.26535814E+002
 8.27500000E+002, 1.06780639E+001, 8.97261707E+000, 7.53739935E+000, 6.00000000E+000, 8.86250000E+000, 2.56888971E-001, 3.33690265E+002
 8.32500000E+002, 1.06363253E+001, 8.87345032E+000, 7.62047159E+000, 6.00000000E+000, 8.83750000E+000, 2.65476226E-001, 3.41404312E+002
 8.37500000E+002, 1.05921399E+001, 8.76977268E+000, 7.70912775E+000, 6.00000000E+000, 8.81250000E+000, 2.74849627E-001, 3.49741818E+002
 8.42500000E+002, 1.05450319E+001, 8.66134529E+000, 7.80389091E+000, 6.00000000E+000, 8.78750000E+000, 2.85110047E-001, 3.58773738E+002
 8.47500000E+002, 1.04944179E+001, 8.54796680E+000, 7.90530891E+000, 6.00000000E+000, 8.76250000E+000, 2.96370725E-001, 3.68577728E+002
 8.52500000E+002, 1.04395827E+001, 8.42950489E+000, 8.01393350E+000, 6.00000000E+000, 8.73750000E+000, 3.08756561E-001, 3.79236752E+002
 8.57500000E+002, 1.03796536E+001, 8.30594200E+000, 8.13028398E+000, 6.00000000E+000, 8.71250000E+000, 3.22401406E-001, 3.90835991E+002
 8.62500000E+002, 1.03135743E+001, 8.17743975E+000, 8.25478777E+000, 6.00000000E+000, 8.68750000E+000, 3.37441947E-001, 4.03457058E+002
 8.67500000E+002, 1.02400856E+001, 8.04442533E+000, 8.38768879E+000, 6.00000000E+000, 8.66250000E+000, 3.54006150E-001, 4.17168155E+002
 8.72500000E+002, 1.01577253E+001, 7.90769940E+000, 8.52891508E+000, 6.00000000E+000, 8.63750000E+000, 3.72193740E-001, 4.32008623E+002
 8.77500000E+002, 1.00648647E+001, 7.76855826E+000, 8.67789627E+000, 6.00000000E+000, 8.61250000E+000, 3.92045431E-001, 4.47966069E+002
 8.82500000E+002, 9.95983973E+000, 7.62887704E+000, 8.83339169E+000, 6.00000000E+000, 8.58750000E+000, 4.13506713E-001, 4.64951584E+002
 8.87500000E+002, 9.84099335E+000, 7.49122119E+000, 8.99294614E+000, 6.00000000E+000, 8.56250000E+000, 4.36329825E-001, 4.82731484E+002
 8.92500000E+002, 9.70915064E+000, 7.35624672E+000, 9.15600184E+000, 6.00000000E+000, 8.53750000E+000, 4.60507686E-001, 5.01269109E+002
 8.97500000E+002, 9.55955316E+000, 7.21199311E+000, 9.29293346E+000, 6.00000000E+000, 8.51250000E+000, 4.81491943E-001, 5.17369978E+002
 9.02500000E+002, 9.45047056E+000, 7.03017003E+000, 9.37011319E+000, 6.10000000E+000, 8.48750000E+000, 4.93601104E-001, 5.25300710E+002
 9.07500000E+002, 9.45738414E+000, 6.80832968E+000, 9.41383760E+000, 6.30000000E+000, 8.46250000E+000, 5.00554755E-001, 5.28035081E+002
 9.12500000E+002, 9.52403191E+000, 6.58180994E+000, 9.45068954E+000, 6.50000000E+000, 8.43750000E+000, 5.06466059E-001, 5.30370674E+002
 9.17500000E+002, 9.58505997E+000, 6.37157742E+000, 9.48056276E+000, 6.70000000E+000, 8.41250000E+000, 5.11292252E-001, 5.32109250E+002
 9.22500000E+002, 9.63719697E+000, 6.17738708E+000, 9.50383182E+000, 6.90000000E+000, 8.38750000E+000, 5.15073184E-001, 5.33265199E+002
 9.27500000E+002, 9.68148223E+000, 5.99763610E+000, 9.52098101E+000, 7.10000000E+000, 8.36250000E+000, 5.17872331E-001, 5.33879747E+002
 9.32500000E+002, 9.71900808E+000, 5.83082462E+000, 9.53250882E+000, 7.30000000E+000, 8.33750000E+000, 5.19760607E-001, 5.33998174E+002
 9.37500000E+002, 9.75067658E+000, 5.67563680E+000, 9.53889650E+000, 7.50000000E+000, 8.31250000E+000, 5.20810292E-001, 5.33665101E+002
 9.42500000E+002, 9.77722791E+000, 5.53092331E+000, 9.54059479E+000, 7.70000000E+000, 8.28750000E+000, 5.21091959E-001, 5.32922707E+002
 9.47500000E+002, 9.79927527E+000, 5.39567912E+000, 9.53801852E+000, 7.90000000E+000, 8.26250000E+000, 5.20672812E-001, 5.31809950E+002
 9.52500000E+002, 9.81733169E+000, 5.26902352E+000, 9.53154538E+000, 8.10000000E+000, 8.23750000E+000, 5.19615822E-001, 5.30362292E+002
 9.57500000E+002, 9.83183053E+000, 5.15018279E+000, 9.52151659E+000, 8.30000000E+000, 8.21250000E+000, 5.17979342E-001, 5.28611681E+002
 9.62500000E+002, 9.84314123E+000, 5.03847562E+000, 9.50823859E+000, 8.50000000E+000, 8.18750000E+000, 5.15816962E-001, 5.26586648E+002
 9.67500000E+002, 9.85158168E+000, 4.93330101E+000, 9.49198453E+000, 8.70000000E+000, 8.16250000E+000, 5.13177467E-001, 5.24312423E+002
 9.72500000E+002, 9.85742817E+000, 4.83412849E+000, 9.47299538E+000, 8.90000000E+000, 8.13750000E+000, 5.10104777E-001, 5.21810983E+002
 9.77500000E+002, 9.86092367E+000, 4.74049057E+000, 9.45147967E+000, 9.10000000E+000, 8.11250000E+000, 5.06637772E-001, 5.19100978E+002
 9.82500000E+002, 9.86228511E+000, 4.65197744E+000, 9.42761157E+000, 9.30000000E+000, 8.08750000E+000, 5.02809892E-001, 5.16197450E+002
 9.87500000E+002, 9.86171035E+000, 4.56823400E+000, 9.40152626E+000, 9.50000000E+000, 8.06250000E+000, 4.98648384E-001, 5.13111244E+002
 9.92500000E+002, 9.85938540E+000, 4.48895959E+000, 9.37331173E+000, 9.70000000E+000, 8.03750000E+000, 4.94173053E-001, 5.09848007E+002
 9.97500000E+002, 9.85549269E+000, 4.41391075E+000, 9.34299561E+000, 9.90000000E+000, 8.01250000E+000, 4.89394340E-001, 5.06406626E+002
 1.00250000E+003, 9.85022135E+000, 4.34290748E+000, 9.31052575E+000, 1.01000000E+001, 7.98750000E+000, 4.84310559E-001, 5.02776948E+002
 1.00750000E+003, 9.84378035E+000, 4.27584334E+000, 9.27574312E+000, 1.03000000E+001, 7.96250000E+000, 4.78904136E-001, 4.98936654E+002
 1.01250000E+003, 9.83641565E+000, 4.21269942E+000, 9.23834638E+000, 1.05000000E+001, 7.93750000E+000, 4.73136859E-001, 4.94847245E+002
 1.01750000E+003, 9.82843204E+000, 4.15356130E+000, 9.19784892E+000, 1.07000000E+001, 7.91250000E+000, 4.66944386E-001, 4.90449299E+002
 1.02250000E+003, 9.82021963E+000, 4.09863671E+000, 9.15353221E+000, 1.09000000E+001, 7.88750000E+000, 4.60230786E-001, 4.85657567E+002
 1.02750000E+003, 9.81228324E+000, 4.04826936E+000, 9.10440444E+000, 1.11000000E+001, 7.86250000E+000, 4.52864668E-001, 4.80357067E+002
 1.03250000E+003, 9.80527014E+000, 4.00294126E+000, 9.04918015E+000, 1.13000000E+001, 7.83750000E+000, 4.44679471E-001, 4.74402226E+002
 1.03750000E+003, 9.79998677E+000, 3.96325311E+000, 8.98630503E+000, 1.15000000E+001, 7.81250000E+000, 4.35481531E-001, 4.67621977E+002
 1.04250000E+003, 9.79739052E+000, 3.92987008E+000, 8.91405477E+000, 1.17000000E+001, 7.78750000E+000, 4.25069797E-001, 4.59834115E+002
 1.04750000E+003, 9.79854273E+000, 3.90341761E+000, 8.83074812E+000, 1.19000000E+001, 7.76250000E+000, 4.13271693E-001, 4.50872985E+002
 1.05250000E+003, 9.80446841E+000, 3.88432529E+000, 8.73509242E+000, 1.21000000E+001, 7.73750000E+000, 3.99994915E-001, 4.40631014E+002
 1.05750000E+003, 9.81599816E+000, 3.87269189E+000, 8.62650341E+000, 1.23000000E+001, 7.71250000E+000, 3.85269030E-001, 4.29094176E+002
 1.06250000E+003, 9.83359148E+000, 3.86813351E+000, 8.50545625E+000, 1.25000000E+001, 7.68750000E+000, 3.69281975E-001, 4.16376098E+002
 1.06750000E+003, 9.85716224E+000, 3.86971663E+000, 8.37367239E+000, 1.27000000E+001, 7.66250000E+000, 3.52383460E-001, 4.02727701E+002
 1.07250000E+003, 9.88600472E+000, 3.87599731E+000, 8.23406046E+000, 1.29000000E+001, 7.63750000E+000, 3.35048958E-001, 3.88515750E+002
 1.07750000E+003, 9.91885153E+000, 3.88518135E+000, 8.09037961E+000, 1.31000000E+001, 7.61250000E+000, 3.17809874E-001, 3.74171914E+002
 1.08250000E+003, 9.95405871E+000, 3.89537656E+000, 7.94668973E+000, 1.33000000E+001, 7.58750000E+000, 3.01169268E-001, 3.60125408E+002
 1.08750000E+003, 9.98987532E+000, 3.90488012E+000, 7.80677981E+000, 1.35000000E+001, 7.56250000E+000, 2.85533170E-001, 3.46742552E+002
 1.09250000E+003, 1.00244339E+001, 3.91274932E+000, 7.67298205E+000, 1.37000000E+001, 7.53750000E+000, 2.71094853E-001, 3.34217734E+002
 1.09750000E+003, 1.00574156E+001, 3.92208885E+000, 7.55592591E+000, 1.39000000E+001, 7.51250000E+000, 2.58869043E-001, 3.23367637E+002
 1.10250000E+003, 1.00732077E+001, 3.94071226E+000, 7.46570895E+000, 1.40000000E+001, 7.48750000E+000, 2.49700808E-001, 3.15101621E+002
 1.10750000E+003, 1.00542027E+001, 3.97040829E+000, 7.39273176E+000, 1.40000000E+001, 7.46250000E+000, 2.42445127E-001, 3.08477866E+002
 1.11250000E+003, 1.00143669E+001, 4.00404745E+000, 7.32587741E+000, 1.40000000E+001, 7.43750000E+000, 2.35923623E-001, 3.02381542E+002
 1.11750000E+003, 9.97072425E+000, 4.03786634E+000, 7.26235979E+000, 1.40000000E+001, 7.41250000E+000, 2.29837350E-001, 2.96632107E+002
 1.12250000E+003, 9.92481001E+000, 4.07338938E+000, 7.19897979E+000, 1.40000000E+001, 7.38750000E+000, 2.23869149E-001, 2.90938834E+002
 1.12750000E+003, 9.87697793E+000, 4.11286689E+000, 7.13235623E+000, 1.40000000E+001, 7.36250000E+000, 2.17706582E-001, 2.84999945E+002
 1.13250000E+003, 9.82635637E+000, 4.16041322E+000, 7.05730764E+000, 1.40000000E+001, 7.33750000E+000, 2.10898871E-001, 2.78362634E+002
 1.13750000E+003, 9.77061858E+000, 4.22338192E+000, 6.96495478E+000, 1.40000000E+001, 7.31250000E+000, 2.02714510E-001, 2.70277132E+002
 1.14250000E+003, 9.70621747E+000, 4.31266162E+000, 6.84215507E+000, 1.40000000E+001, 7.28750000E+000, 1.92160498E-001, 2.59703140E+002
 1.14750000E+003, 9.62973803E+000, 4.43963878E+000, 6.67528127E+000, 1.40000000E+001, 7.26250000E+000, 1.78415391E-001, 2.45722883E+002
 1.15250000E+003, 9.54097487E+000, 4.60809342E+000, 6.46063696E+000, 1.40000000E+001, 7.23750000E+000, 1.61727750E-001, 2.28445243E+002
 1.15750000E+003, 9.44574029E+000, 4.80564405E+000, 6.21493517E+000, 1.40000000E+001, 7.21250000E+000, 1.43954447E-001, 2.09638385E+002
 1.16250000E+003, 9.35409552E+000, 5.00563973E+000, 5.97137548E+000, 1.40000000E+001, 7.18750000E+000, 1.27683434E-001, 1.91988657E+002
 1.16750000E+003, 9.27439960E+000, 5.18122656E+000, 5.76124211E+000, 1.40000000E+001, 7.16250000E+000, 1.14680964E-001, 1.77529271E+002
 1.17250000E+003, 9.20950972E+000, 5.31798651E+000, 5.59967240E+000, 1.40000000E+001, 7.13750000E+000, 1.05312396E-001, 1.66881287E+002
 1.17750000E+003, 9.15779314E+000, 5.41529221E+000, 5.48569502E+000, 1.40000000E+001, 7.11250000E+000, 9.90227877E-002, 1.59609929E+002
 1.18250000E+003, 9.11589875E+000, 5.48033495E+000, 5.40991330E+000, 1.40000000E+001, 7.08750000E+000, 9.49840085E-002, 1.54883526E+002
 1.18750000E+003, 9.08061554E+000, 5.52216208E+000, 5.36134640E+000, 1.40000000E+001, 7.06250000E+000, 9.24548233E-002, 1.51899390E+002
 1.19250000E+003, 9.04951882E+000, 5.54855950E+000, 5.33078016E+000, 1.40000000E+001, 7.03750000E+000, 9.08864769E-002, 1.50039057E+002
 1.19750000E+003, 9.02097577E+000, 5.56520907E+000, 5.31156493E+000, 1.40000000E+001, 7.01250000E+000, 8.99096932E-002, 1.48876439E+002
 1.20250000E+003, 8.99395365E+000, 5.57590392E+000, 5.29928337E+000, 1.40000000E+001, 6.98750000E+000, 8.92889841E-002, 1.48135961E+002
 1.20750000E+003, 8.96782299E+000, 5.58304722E+000, 5.29114195E+000, 1.40000000E+001, 6.96250000E+000, 8.88789900E-002, 1.47646074E+002
 1.21250000E+003, 8.94220892E+000, 5.58811293E+000, 5.28542755E+000, 1.40000000E+001, 6.93750000E+000, 8.85918549E-002, 1.47302563E+002
 1.21750000E+003, 8.91689167E+000, 5.59198624E+000, 5.28111071E+000, 1.40000000E+001, 6.91250000E+000, 8.83752472E-002, 1.47043161E+002
 1.22250000E+003, 8.89174386E+000, 5.59519111E+000, 5.27758143E+000, 1.40000000E+001, 6.88750000E+000, 8.81983316E-002, 1.46831105E+002
 1.22750000E+003, 8.86669230E+000, 5.59803447E+000, 5.27448204E+000, 1.40000000E+001, 6.86250000E+000, 8.80430953E-002, 1.46644895E+002
 1.23250000E+003, 8.84169525E+000, 5.60069473E+000, 5.27160454E+000, 1.40000000E+001, 6.83750000E+000, 8.78990908E-002, 1.46472045E+002
 1.23750000E+003, 8.81672905E+000, 5.60327499E+000, 5.26882871E+000, 1.40000000E+001, 6.81250000E+000, 8.77602959E-002, 1.46305355E+002
 1.24250000E+003, 8.79178039E+000, 5.60583467E+000, 5.26608545E+000, 1.40000000E+001, 6.78750000E+000, 8.76232569E-002, 1.46140688E+002
 1.24750000E+003, 8.76684181E+000, 5.60840798E+000, 5.26333515E+000, 1.40000000E+001, 6.76250000E+000, 8.74860007E-002, 1.45975680E+002
 1.25250000E+003, 8.74190913E+000, 5.61101470E+000, 5.26055513E+000, 1.40000000E+001, 6.73750000E+000, 8.73474029E-002, 1.45808978E+002
 1.25750000E+003, 8.71698006E+000, 5.61366644E+000, 5.25773235E+000, 1.40000000E+001, 6.71250000E+000, 8.72068220E-002, 1.45639808E+002
 1.26250000E+003, 8.69205331E+000, 5.61637017E+000, 5.25485925E+000, 1.40000000E+001, 6.68750000E+000, 8.70638906E-002, 1.45467725E+002
 1.26750000E+003, 8.66712817E+000, 5.61913024E+000, 5.25193136E+000, 1.40000000E+001, 6.66250000E+000, 8.69183950E-002, 1.45292466E+002
 1.27250000E+003, 8.64220425E+000, 5.62194958E+000, 5.24894592E+000, 1.40000000E+001, 6.63750000E+000, 8.67702084E-002, 1.45113872E+002
 1.27750000E+003, 8.61728133E+000, 5.62483030E+000, 5.24590114E+000, 1.40000000E+001, 6.61250000E+000, 8.66192522E-002, 1.44931843E+002
 1.28250000E+003, 8.59235927E+000, 5.62777409E+000, 5.24279576E+000, 1.40000000E+001, 6.58750000E+000, 8.64654747E-002, 1.44746310E+002
 1.28750000E+003, 8.56743800E+000, 5.63078237E+000, 5.23962884E+000, 1.40000000E+001, 6.56250000E+000, 8.63088392E-002, 1.44557220E+002
 1.29250000E+003, 8.54251747E+000, 5.63385648E+000, 5.23639957E+000, 1.40000000E+001, 6.53750000E+000, 8.61493171E-002, 1.44364534E+002
 1.29750000E+003, 8.51759763E+000, 5.63699767E+000, 5.23310722E+000, 1.40000000E+001, 6.51250000E+000, 8.59868843E-002, 1.44168214E+002
 1.30250000E+003, 8.49267845E+000, 5.64020716E+000, 5.22975112E+000, 1.40000000E+001, 6.48750000E+000, 8.58215191E-002, 1.43968228E+002
 1.30750000E+003, 8.46775992E+000, 5.64348618E+000, 5.22633060E+000, 1.40000000E+001, 6.46250000E+000, 8.56532006E-002, 1.43764542E+002
 1.31250000E+003, 8.44284199E+000, 5.64683597E+000, 5.22284498E+000, 1.40000000E+001, 6.43750000E+000, 8.54819080E-002, 1.43557123E+002
 1.31750000E+003, 8.41792464E+000, 5.65025778E+000, 5.21929357E+000, 1.40000000E+001, 6.41250000E+000, 8.53076199E-002, 1.43345938E+002
 1.32250000E+003, 8.39300785E+000, 5.65375289E+000, 5.21567564E+000, 1.40000000E+001, 6.38750000E+000, 8.51303138E-002, 1.43130953E+002
 1.32750000E+003, 8.36809159E+000, 5.65732262E+000, 5.21199041E+000, 1.40000000E+001, 6.36250000E+000, 8.49499652E-002, 1.42912129E+002
 1.33250000E+003, 8.34317583E+000, 5.66096835E+000, 5.20823705E+000, 1.40000000E+001, 6.33750000E+000, 8.47665473E-002, 1.42689425E+002
 1.33750000E+003, 8.31826055E+000, 5.66469150E+000, 5.20441463E+000, 1.40000000E+001, 6.31250000E+000, 8.45800297E-002, 1.42462797E+002
 1.34250000E+003, 8.29334572E+000, 5.66849359E+000, 5.20052214E+000, 1.40000000E+001, 6.28750000E+000, 8.43903777E-002, 1.42232194E+002
 1.34750000E+003, 8.26843132E+000, 5.67237622E+000, 5.19655844E+000, 1.40000000E+001, 6.26250000E+000, 8.41975513E-002, 1.41997559E+002
 1.35250000E+003, 8.24351732E+000, 5.67634112E+000, 5.19252221E+000, 1.40000000E+001, 6.23750000E+000, 8.40015034E-002, 1.41758826E+002
 1.35750000E+003, 8.21860371E+000, 5.68039016E+000, 5.18841199E+000, 1.40000000E+001, 6.21250000E+000, 8.38021789E-002, 1.41515919E+002
 1.36250000E+003, 8.19369045E+000, 5.68452539E+000, 5.18422605E+000, 1.40000000E+001, 6.18750000E+000, 8.35995123E-002, 1.41268749E+002
 1.36750000E+003, 8.16877755E+000, 5.68874908E+000, 5.17996240E+000, 1.40000000E+001, 6.16250000E+000, 8.33934260E-002, 1.41017214E+002
 1.37250000E+003, 8.14386497E+000, 5.69306374E+000, 5.17561874E+000, 1.40000000E+001, 6.13750000E+000, 8.31838276E-002, 1.40761190E+002
 1.37750000E+003, 8.11895273E+000, 5.69747219E+000, 5.17119237E+000, 1.40000000E+001, 6.11250000E+000, 8.29706080E-002, 1.40500535E+002
 1.38250000E+003, 8.09404081E+000, 5.70197759E+000, 5.16668016E+000, 1.40000000E+001, 6.08750000E+000, 8.27536377E-002, 1.40235081E+002
 1.38750000E+003, 8.06912923E+000, 5.70658352E+000, 5.16207844E+000, 1.40000000E+001, 6.06250000E+000, 8.25327645E-002, 1.39964633E+002
 1.39250000E+003, 8.04421800E+000, 5.71129401E+000, 5.15738298E+000, 1.40000000E+001, 6.03750000E+000, 8.23078094E-002, 1.39688960E+002
 1.39750000E+003, 8.01930714E+000, 5.71611364E+000, 5.15258886E+000, 1.40000000E+001, 6.01250000E+000, 8.20785637E-002, 1.39407798E+002
 1.40250000E+003, 7.99439668E+000, 5.72104759E+000, 5.14769041E+000, 1.40000000E+001, 5.98750000E+000, 8.18447850E-002, 1.39120837E+002
 1.40750000E+003, 7.96948669E+000, 5.72610170E+000, 5.14268112E+000, 1.40000000E+001, 5.96250000E+000, 8.16061937E-002, 1.38827725E+002
 1.41250000E+003, 7.94457721E+000, 5.73128258E+000, 5.13755355E+000, 1.40000000E+001, 5.93750000E+000, 8.13624693E-002, 1.38528056E+002
 1.41750000E+003, 7.91966833E+000, 5.73659764E+000, 5.13229924E+000, 1.40000000E+001, 5.91250000E+000, 8.11132471E-002, 1.38221369E+002
 1.42250000E+003, 7.89476014E+000, 5.74205518E+000, 5.12690867E+000, 1.40000000E+001, 5.88750000E+000, 8.08581149E-002, 1.37907146E+002
 1.42750000E+003, 7.86985276E+000, 5.74766444E+000, 5.12137111E+000, 1.40000000E+001, 5.86250000E+000, 8.05966105E-002, 1.37584805E+002
 1.43250000E+003, 7.84494630E+000, 5.75343568E+000, 5.11567466E+000, 1.40000000E+001, 5.83750000E+000, 8.03282199E-002, 1.37253696E+002
 1.43750000E+003, 7.82004094E+000, 5.75938018E+000, 5.10980613E+000, 1.40000000E+001, 5.81250000E+000, 8.00523759E-002, 1.36913107E+002
 1.44250000E+003, 7.79513683E+000, 5.76551031E+000, 5.10375106E+000, 1.40000000E+001, 5.78750000E+000, 7.97684585E-002, 1.36562255E+002
 1.44750000E+003, 7.77023416E+000, 5.77183951E+000, 5.09749371E+000, 1.40000000E+001, 5.76250000E+000, 7.94757960E-002, 1.36200291E+002
 1.45250000E+003, 7.74533315E+000, 5.77838225E+000, 5.09101710E+000, 1.40000000E+001, 5.73750000E+000, 7.91736679E-002, 1.35826305E+002
 1.45750000E+003, 7.72043401E+000, 5.78515406E+000, 5.08430310E+000, 1.40000000E+001, 5.71250000E+000, 7.88613093E-002, 1.35439326E+002
 1.46250000E+003, 7.69553700E+000, 5.79217139E+000, 5.07733251E+000, 1.40000000E+001, 5.68750000E+000, 7.85379177E-002, 1.35038334E+002
 1.46750000E+003, 7.67064237E+000, 5.79945151E+000, 5.07008522E+000, 1.40000000E+001, 5.66250000E+000, 7.82026611E-002, 1.34622268E+002
 1.47250000E+003, 7.64575038E+000, 5.80701241E+000, 5.06254044E+000, 1.40000000E+001, 5.63750000E+000, 7.78546887E-002, 1.34190037E+002
 1.47750000E+003, 7.62086130E+000, 5.81487257E+000, 5.05467689E+000, 1.40000000E+001, 5.61250000E+000, 7.74931436E-002, 1.33740538E+002
 1.48250000E+003, 7.59597540E+000, 5.82305078E+000, 5.04647315E+000, 1.40000000E+001, 5.58750000E+000, 7.71171773E-002, 1.33272670E+002
 1.48750000E+003, 7.57109294E+000, 5.83156587E+000, 5.03790795E+000, 1.40000000E+001, 5.56250000E+000, 7.67259666E-002, 1.32785357E+002
 1.49250000E+003, 7.54621418E+000, 5.84043643E+000, 5.02896059E+000, 1.40000000E+001, 5.53750000E+000, 7.63187315E-002, 1.32277566E+002
 1.49750000E+003, 7.52133932E+000, 5.84968049E+000, 5.01961129E+000, 1.40000000E+001, 5.51250000E+000, 7.58947546E-002, 1.31748336E+002
 1.50250000E+003, 7.49646858E+000, 5.85931519E+000, 5.00984168E+000, 1.40000000E+001, 5.48750000E+000, 7.54534009E-002, 1.31196797E+002
 1.50750000E+003, 7.47160212E+000, 5.86935644E+000, 4.99963520E+000, 1.40000000E+001, 5.46250000E+000, 7.49941381E-002, 1.30622197E+002
 1.51250000E+003, 7.44674006E+000, 5.87981856E+000, 4.98897755E+000, 1.40000000E+001, 5.43750000E+000, 7.45165555E-002, 1.30023926E+002
 1.51750000E+003, 7.42188246E+000, 5.89071394E+000, 4.97785712E+000, 1.40000000E+001, 5.41250000E+000, 7.40203819E-002, 1.29401538E+002
 1.52250000E+003, 7.39702932E+000, 5.90205273E+000, 4.96626537E+000, 1.40000000E+001, 5.38750000E+000, 7.35055009E-002, 1.28754769E+002
 1.52750000E+003, 7.37218060E+000, 5.91384258E+000, 4.95419714E+000, 1.40000000E+001, 5.36250000E+000, 7.29719631E-002, 1.28083558E+002
 1.53250000E+003, 7.34733618E+000, 5.92608838E+000, 4.94165093E+000, 1.40000000E+001, 5.33750000E+000, 7.24199944E-002, 1.27388053E+002
 1.53750000E+003, 7.32249585E+000, 5.93879209E+000, 4.92862905E+000, 1.40000000E+001, 5.31250000E+000, 7.18499997E-002, 1.26668620E+002
 1.54250000E+003, 7.29765935E+000, 5.95195272E+000, 4.91513771E+000, 1.40000000E+001, 5.28750000E+000, 7.12625619E-002, 1.25925846E+002
 1.54750000E+003, 7.27282635E+000, 5.96556622E+000, 4.90118697E+000, 1.40000000E+001, 5.26250000E+000, 7.06584352E-002, 1.25160527E+002
 1.55250000E+003, 7.24799645E+000, 5.97962562E+000, 4.88679062E+000, 1.40000000E+001, 5.23750000E+000, 7.00385341E-002, 1.24373663E+002
 1.55750000E+003, 7.22316920E+000, 5.99412116E+000, 4.87196590E+000, 1.40000000E+001, 5.21250000E+000, 6.94039169E-002, 1.23566434E+002
 1.56250000E+003, 7.19834408E+000, 6.00904054E+000, 4.85673316E+000, 1.40000000E+001, 5.18750000E+000, 6.87557656E-002, 1.22740184E+002
 1.56750000E+003, 7.17352054E+000, 6.02436918E+000, 4.84111547E+000, 1.40000000E+001, 5.16250000E+000, 6.80953622E-002, 1.21896385E+002
 1.57250000E+003, 7.14869800E+000, 6.04009062E+000, 4.82513805E+000, 1.40000000E+001, 5.13750000E+000, 6.74240628E-002, 1.21036617E+002
 1.57750000E+003, 7.12387585E+000, 6.05618691E+000, 4.80882779E+000, 1.40000000E+001, 5.11250000E+000, 6.67432703E-002, 1.20162526E+002
 1.58250000E+003, 7.09905348E+000, 6.07263899E+000, 4.79221265E+000, 1.40000000E+001, 5.08750000E+000, 6.60544079E-002, 1.19275799E+002
 1.58750000E+003, 7.07423027E+000, 6.08942716E+000, 4.77532112E+000, 1.40000000E+001, 5.06250000E+000, 6.53588923E-002, 1.18378128E+002
 1.59250000E+003, 7.04940562E+000, 6.10653146E+000, 4.75818166E+000, 1.40000000E+001, 5.03750000E+000, 6.46581107E-002, 1.17471181E+002
 1.59750000E+003, 7.02457895E+000, 6.12393206E+000, 4.74082227E+000, 1.40000000E+001, 5.01250000E+000, 6.39533991E-002, 1.16556578E+002
 1.60250000E+003, 6.99974971E+000, 6.14160957E+000, 4.72326998E+000, 1.40000000E+001, 4.98750000E+000, 6.32460255E-002, 1.15635868E+002
 1.60750000E+003, 6.97491737E+000, 6.15954536E+000, 4.70555059E+000, 1.40000000E+001, 4.96250000E+000, 6.25371756E-002, 1.14710509E+002
 1.61250000E+003, 6.95008146E+000, 6.17772177E+000, 4.68768830E+000, 1.40000000E+001, 4.93750000E+000, 6.18279439E-002, 1.13781858E+002
 1.61750000E+003, 6.92524154E+000, 6.19612226E+000, 4.66970562E+000, 1.40000000E+001, 4.91250000E+000, 6.11193271E-002, 1.12851160E+002
 1.62250000E+003, 6.90039724E+000, 6.21473156E+000, 4.65162316E+000, 1.40000000E+001, 4.88750000E+000, 6.04122223E-002, 1.11919547E+002
 1.62750000E+003, 6.87554820E+000, 6.23353569E+000, 4.63345964E+000, 1.40000000E+001, 4.86250000E+000, 5.97074276E-002, 1.10988033E+002
 1.63250000E+003, 6.85069413E+000, 6.25252197E+000, 4.61523188E+000, 1.40000000E+001, 4.83750000E+000, 5.90056451E-002, 1.10057520E+002
 1.63750000E+003, 6.82583476E+000, 6.27167901E+000, 4.59695487E+000, 1.40000000E+001, 4.81250000E+000, 5.83074863E-002, 1.09128805E+002
 1.64250000E+003, 6.80096990E+000, 6.29099665E+000, 4.57864189E+000, 1.40000000E+001, 4.78750000E+000, 5.76134788E-002, 1.08202582E+002
 1.64750000E+003, 6.77609935E+000, 6.31046585E+000, 4.56030460E+000, 1.40000000E+001, 4.76250000E+000, 5.69240737E-002, 1.07279454E+002
 1.65250000E+003, 6.75122298E+000, 6.33007860E+000, 4.54195323E+000, 1.40000000E+001, 4.73750000E+000, 5.62396533E-002, 1.06359941E+002
 1.65750000E+003, 6.72634066E+000, 6.34982784E+000, 4.52359668E+000, 1.40000000E+001, 4.71250000E+000, 5.55605393E-002, 1.05444491E+002
 1.66250000E+003, 6.70145232E+000, 6.36970732E+000, 4.50524273E+000, 1.40000000E+001, 4.68750000E+000, 5.48870003E-002, 1.04533486E+002
 1.66750000E+003, 6.67655788E+000, 6.38971153E+000, 4.48689814E+000, 1.40000000E+001, 4.66250000E+000, 5.42192589E-002, 1.03627252E+002
 1.67250000E+003, 6.65165731E+000, 6.40983555E+000, 4.46856881E+000, 1.40000000E+001, 4.63750000E+000, 5.35574982E-002, 1.02726066E+002
 1.67750000E+003, 6.62675057E+000, 6.43007502E+000, 4.45025990E+000, 1.40000000E+001, 4.61250000E+000, 5.29018677E-002, 1.01830166E+002
 1.68250000E+003, 6.60183765E+000, 6.45042603E+000, 4.43197593E+000, 1.40000000E+001, 4.58750000E+000, 5.22524885E-002, 1.00939753E+002
 1.68750000E+003, 6.57691855E+000, 6.47088505E+000, 4.41372089E+000, 1.40000000E+001, 4.56250000E+000, 5.16094575E-002, 1.00054997E+002
 1.69250000E+003, 6.55199329E+000, 6.49144888E+000, 4.39549831E+000, 1.40000000E+001, 4.53750000E+000, 5.09728510E-002, 9.91760459E+001
 1.69750000E+003, 6.52706189E+000, 6.51211457E+000, 4.37731135E+000, 1.40000000E+001, 4.51250000E+000, 5.03427287E-002, 9.83030237E+001
 1.70250000E+003, 6.50212437E+000, 6.53287943E+000, 4.35916284E+000, 1.40000000E+001, 4.48750000E+000, 4.97191354E-002, 9.74360374E+001
 1.70750000E+003, 6.47718077E+000, 6.55374092E+000, 4.34105535E+000, 1.40000000E+001, 4.46250000E+000, 4.91021041E-002, 9.65751786E+001
 1.71250000E+003, 6.45223115E+000, 6.57469668E+000, 4.32299119E+000, 1.40000000E+001, 4.43750000E+000, 4.84916572E-002, 9.57205260E+001
 1.71750000E+003, 6.42727555E+000, 6.59574447E+000, 4.30497253E+000, 1.40000000E+001, 4.41250000E+000, 4.78878088E-002, 9.48721474E+001
 1.72250000E+003, 6.40231405E+000, 6.61688215E+000, 4.28700135E+000, 1.40000000E+001, 4.38750000E+000, 4.72905655E-002, 9.40301014E+001
 1.72750000E+003, 6.37734672E+000, 6.63810769E+000, 4.26907951E+000, 1.40000000E+001, 4.36250000E+000, 4.66999277E-002, 9.31944387E+001
 1.73250000E+003, 6.35237364E+000, 6.65941909E+000, 4.25120874E+000, 1.40000000E+001, 4.33750000E+000, 4.61158908E-002, 9.23652035E+001
 1.73750000E+003, 6.32739490E+000, 6.68081443E+000, 4.23339071E+000, 1.40000000E+001, 4.31250000E+000, 4.55384457E-002, 9.15424342E+001
 1.74250000E+003, 6.30241062E+000, 6.70229182E+000, 4.21562700E+000, 1.40000000E+001, 4.28750000E+000, 4.49675796E-002, 9.07261648E+001
 1.74750000E+003, 6.27742090E+000, 6.72384939E+000, 4.19791914E+000, 1.40000000E+001, 4.26250000E+000, 4.44032766E-002, 8.99164249E+001
 1.75250000E+003, 6.25242587E+000, 6.74548531E+000, 4.18026860E+000, 1.40000000E+001, 4.23750000E+000, 4.38455182E-002, 8.91132409E+001
 1.75750000E+003, 6.22742567E+000, 6.76719775E+000, 4.16267681E+000, 1.40000000E+001, 4.21250000E+000, 4.32942834E-002, 8.83166360E+001
 1.76250000E+003, 6.20242043E+000, 6.78898491E+000, 4.14514517E+000, 1.40000000E+001, 4.18750000E+000, 4.27495493E-002, 8.75266308E+001
 1.76750000E+003, 6.17741033E+000, 6.81084497E+000, 4.12767506E+000, 1.40000000E+001, 4.16250000E+000, 4.22112911E-002, 8.67432436E+001
 1.77250000E+003, 6.15239551E+000, 6.83277615E+000, 4.11026781E+000, 1.40000000E+001, 4.13750000E+000, 4.16794825E-002, 8.59664901E+001
 1.77750000E+003, 6.12737615E+000, 6.85477666E+000, 4.09292474E+000, 1.40000000E+001, 4.11250000E+000, 4.11540953E-002, 8.51963840E+001
 1.78250000E+003, 6.10235240E+000, 6.87684474E+000, 4.07564714E+000, 1.40000000E+001, 4.08750000E+000, 4.06350997E-002, 8.44329364E+001
 1.78750000E+003, 6.07732445E+000, 6.89897862E+000, 4.05843625E+000, 1.40000000E+001, 4.06250000E+000, 4.01224643E-002, 8.36761565E+001
 1.79250000E+003, 6.05229246E+000, 6.92117657E+000, 4.04129329E+000, 1.40000000E+001, 4.03750000E+000, 3.96161561E-002, 8.29260504E+001
 1.79750000E+003, 6.02725658E+000, 6.94343689E+000, 4.02421944E+000, 1.40000000E+001, 4.01250000E+000, 3.91161401E-002, 8.21826221E+001
 1.80250000E+003, 6.00221700E+000, 6.96575790E+000, 4.00721583E+000, 1.40000000E+001, 3.98750000E+000, 3.86223800E-002, 8.14458732E+001
 1.80750000E+003, 5.97717385E+000, 6.98813796E+000, 3.99028355E+000, 1.40000000E+001, 3.96250000E+000, 3.81348373E-002, 8.07158018E+001
 1.81250000E+003, 5.95212730E+000, 7.01057547E+000, 3.97342362E+000, 1.40000000E+001, 3.93750000E+000, 3.76534715E-002, 7.99924030E+001
 1.81750000E+003, 5.92707748E+000, 7.03306889E+000, 3.95663700E+000, 1.40000000E+001, 3.91250000E+000, 3.71782399E-002, 7.92756690E+001
 1.82250000E+003, 5.90202453E+000, 7.05561669E+000, 3.93992461E+000, 1.40000000E+001, 3.88750000E+000, 3.67090982E-002, 7.85655887E+001
 1.82750000E+003, 5.87696858E+000, 7.07821742E+000, 3.92328727E+000, 1.40000000E+001, 3.86250000E+000, 3.62460000E-002, 7.78621477E+001
 1.83250000E+003, 5.85190974E+000, 7.10086966E+000, 3.90672577E+000, 1.40000000E+001, 3.83750000E+000, 3.57888967E-002, 7.71653287E+001
 1.83750000E+003, 5.82684814E+000, 7.12357204E+000, 3.89024080E+000, 1.40000000E+001, 3.81250000E+000, 3.53377382E-002, 7.64751107E+001
 1.84250000E+003, 5.80178390E+000, 7.14632326E+000, 3.87383299E+000, 1.40000000E+001, 3.78750000E+000, 3.48924723E-002, 7.57914701E+001
 1.84750000E+003, 5.77671710E+000, 7.16912203E+000, 3.85750292E+000, 1.40000000E+001, 3.76250000E+000, 3.44530452E-002, 7.51143800E+001
 1.85250000E+003, 5.75164788E+000, 7.19196713E+000, 3.84125108E+000, 1.40000000E+001, 3.73750000E+000, 3.40194012E-002, 7.44438105E+001
 1.85750000E+003, 5.72657631E+000, 7.21485738E+000, 3.82507790E+000, 1.40000000E+001, 3.71250000E+000, 3.35914836E-002, 7.37797292E+001
 1.86250000E+003, 5.70150252E+000, 7.23779162E+000, 3.80898374E+000, 1.40000000E+001, 3.68750000E+000, 3.31692340E-002, 7.31221010E+001
 1.86750000E+003, 5.67642659E+000, 7.26076874E+000, 3.79296893E+000, 1.40000000E+001, 3.66250000E+000, 3.27525928E-002, 7.24708883E+001
 1.87250000E+003, 5.65134862E+000, 7.28378767E+000, 3.77703370E+000, 1.40000000E+001, 3.63750000E+000, 3.23414995E-002, 7.18260515E+001
 1.87750000E+003, 5.62626872E+000, 7.30684737E+000, 3.76117825E+000, 1.40000000E+001, 3.61250000E+000, 3.19358926E-002, 7.11875486E+001
 1.88250000E+003, 5.60118696E+000, 7.32994681E+000, 3.74540272E+000, 1.40000000E+001, 3.58750000E+000, 3.15357097E-002, 7.05553361E+001
 1.88750000E+003, 5.57610345E+000, 7.35308501E+000, 3.72970721E+000, 1.40000000E+001, 3.56250000E+000, 3.11408879E-002, 6.99293685E+001
 1.89250000E+003, 5.55101827E+000, 7.37626100E+000, 3.71409176E+000, 1.40000000E+001, 3.53750000E+000, 3.07513638E-002, 6.93095990E+001
 1.89750000E+003, 5.52593152E+000, 7.39947383E+000, 3.69855638E+000, 1.40000000E+001, 3.51250000E+000, 3.03670735E-002, 6.86959793E+001
 1.90250000E+003, 5.50084327E+000, 7.42272260E+000, 3.68310104E+000, 1.40000000E+001, 3.48750000E+000, 2.99879528E-002, 6.80884600E+001
 1.90750000E+003, 5.47575362E+000, 7.44600638E+000, 3.66772568E+000, 1.40000000E+001, 3.46250000E+000, 2.96139375E-002, 6.74869904E+001
 1.91250000E+003, 5.45066264E+000, 7.46932431E+000, 3.65243017E+000, 1.40000000E+001, 3.43750000E+000, 2.92449631E-002, 6.68915192E+001
 1.91750000E+003, 5.42557042E+000, 7.49267552E+000, 3.63721441E+000, 1.40000000E+001, 3.41250000E+000, 2.88809652E-002, 6.63019940E+001
 1.92250000E+003, 5.40047703E+000, 7.51605917E+000, 3.62207821E+000, 1.40000000E+001, 3.38750000E+000, 2.85218795E-002, 6.57183621E+001
 1.92750000E+003, 5.37538256E+000, 7.53947444E+000, 3.60702140E+000, 1.40000000E+001, 3.36250000E+000, 2.81676420E-002, 6.51405698E+001
 1.93250000E+003, 5.35028707E+000, 7.56292052E+000, 3.59204376E+000, 1.40000000E+001, 3.33750000E+000, 2.78181887E-002, 6.45685632E+001
 1.93750000E+003, 5.32519064E+000, 7.58639663E+000, 3.57714506E+000, 1.40000000E+001, 3.31250000E+000, 2.74734562E-002, 6.40022881E+001
 1.94250000E+003, 5.30009334E+000, 7.60990200E+000, 3.56232506E+000, 1.40000000E+001, 3.28750000E+000, 2.71333812E-002, 6.34416898E+001
 1.94750000E+003, 5.27499523E+000, 7.63343590E+000, 3.54758348E+000, 1.40000000E+001, 3.26250000E+000, 2.67979010E-002, 6.28867137E+001
 1.95250000E+003, 5.24989639E+000, 7.65699759E+000, 3.53292004E+000, 1.40000000E+001, 3.23750000E+000, 2.64669533E-002, 6.23373050E+001
 1.95750000E+003, 5.22479687E+000, 7.68058639E+000, 3.51833445E+000, 1.40000000E+001, 3.21250000E+000, 2.61404765E-002, 6.17934089E+001
 1.96250000E+003, 5.19969675E+000, 7.70420160E+000, 3.50382640E+000, 1.40000000E+001, 3.18750000E+000, 2.58184094E-002, 6.12549706E+001
 1.96750000E+003, 5.17459607E+000, 7.72784258E+000, 3.48939559E+000, 1.40000000E+001, 3.16250000E+000, 2.55006915E-002, 6.07219357E+001
 1.97250000E+003, 5.14949491E+000, 7.75150868E+000, 3.47504168E+000, 1.40000000E+001, 3.13750000E+000, 2.51872630E-002, 6.01942498E+001
 1.97750000E+003, 5.12439326E+000, 7.77519932E+000, 3.46076431E+000, 1.40000000E+001, 3.11250000E+000, 2.48780638E-002, 5.96718574E+001
 1.98250000E+003, 5.09929210E+000, 7.79891321E+000, 3.44656386E+000, 1.40000000E+001, 3.08750000E+000, 2.45730503E-002, 5.91547297E+001
 1.98750000E+003, 5.07417597E+000, 7.82266162E+000, 3.43242793E+000, 1.40000000E+001, 3.06250000E+000, 2.42719094E-002, 5.86423874E+001
 1.99250000E+003, 5.04930183E+000, 7.84622744E+000, 3.41853201E+000, 1.40000000E+001, 3.03750000E+000, 2.39782862E-002, 5.81410152E+001
 1.99750000E+003, 5.02157672E+000, 7.87230676E+000, 3.40288198E+000, 1.40000000E+001, 3.01250000E+000, 2.36504597E-002, 5.75798843E+001
