   144.01110694834114      ,         400
X,ZB,H,U,L,ZF,QS,TB
 2.50000000E+000, 1.49757914E+001, 9.72181869E+000, 2.93700180E+000, 1.40000000E+001, 1.29875000E+001, 1.52002766E-002, 4.15724220E+001
 7.50000000E+000, 1.49615168E+001, 9.72844035E+000, 2.93758540E+000, 1.40000000E+001, 1.29625000E+001, 1.52092954E-002, 4.15849948E+001
 1.25000000E+001, 1.49396623E+001, 9.74480100E+000, 2.93426131E+000, 1.40000000E+001, 1.29375000E+001, 1.51576669E-002, 4.14812165E+001
 1.75000000E+001, 1.49153362E+001, 9.76496710E+000, 2.92905655E+000, 1.40000000E+001, 1.29125000E+001, 1.50771043E-002, 4.13222910E+001
 2.25000000E+001, 1.48904330E+001, 9.78617182E+000, 2.92328996E+000, 1.40000000E+001, 1.28875000E+001, 1.49881930E-002, 4.11473277E+001
 2.75000000E+001, 1.48654257E+001, 9.80759503E+000, 2.91741980E+000, 1.40000000E+001, 1.28625000E+001, 1.48980492E-002, 4.09697933E+001
 3.25000000E+001, 1.48404033E+001, 9.82905846E+000, 2.91155596E+000, 1.40000000E+001, 1.28375000E+001, 1.48083655E-002, 4.07928912E+001
 3.75000000E+001, 1.48153791E+001, 9.85053174E+000, 2.90571824E+000, 1.40000000E+001, 1.28125000E+001, 1.47194404E-002, 4.06171906E+001
 4.25000000E+001, 1.47903550E+001, 9.87201079E+000, 2.89990918E+000, 1.40000000E+001, 1.27875000E+001, 1.46313067E-002, 4.04427587E+001
 4.75000000E+001, 1.47653311E+001, 9.89349535E+000, 2.89412870E+000, 1.40000000E+001, 1.27625000E+001, 1.45439573E-002, 4.02695867E+001
 5.25000000E+001, 1.47403073E+001, 9.91498561E+000, 2.88837636E+000, 1.40000000E+001, 1.27375000E+001, 1.44573798E-002, 4.00976557E+001
 5.75000000E+001, 1.47152838E+001, 9.93648187E+000, 2.88265167E+000, 1.40000000E+001, 1.27125000E+001, 1.43715610E-002, 3.99269458E+001
 6.25000000E+001, 1.46902605E+001, 9.95798442E+000, 2.87695413E+000, 1.40000000E+001, 1.26875000E+001, 1.42864881E-002, 3.97574367E+001
 6.75000000E+001, 1.46652374E+001, 9.97949358E+000, 2.87128324E+000, 1.40000000E+001, 1.26625000E+001, 1.42021479E-002, 3.95891082E+001
 7.25000000E+001, 1.46402144E+001, 1.00010097E+001, 2.86563849E+000, 1.40000000E+001, 1.26375000E+001, 1.41185278E-002, 3.94219402E+001
 7.75000000E+001, 1.46151917E+001, 1.00225330E+001, 2.86001937E+000, 1.40000000E+001, 1.26125000E+001, 1.40356151E-002, 3.92559131E+001
 8.25000000E+001, 1.45901692E+001, 1.00440640E+001, 2.85442540E+000, 1.40000000E+001, 1.25875000E+001, 1.39533973E-002, 3.90910071E+001
 8.75000000E+001, 1.45651469E+001, 1.00656028E+001, 2.84885607E+000, 1.40000000E+001, 1.25625000E+001, 1.38718624E-002, 3.89272032E+001
 9.25000000E+001, 1.45401248E+001, 1.00871499E+001, 2.84331092E+000, 1.40000000E+001, 1.25375000E+001, 1.37909984E-002, 3.87644829E+001
 9.75000000E+001, 1.45151029E+001, 1.01087056E+001, 2.83778948E+000, 1.40000000E+001, 1.25125000E+001, 1.37107939E-002, 3.86028279E+001
 1.02500000E+002, 1.44900812E+001, 1.01302701E+001, 2.83229130E+000, 1.40000000E+001, 1.24875000E+001, 1.36312378E-002, 3.84422207E+001
 1.07500000E+002, 1.44650596E+001, 1.01518437E+001, 2.82681595E+000, 1.40000000E+001, 1.24625000E+001, 1.35523194E-002, 3.82826447E+001
 1.12500000E+002, 1.44400383E+001, 1.01734267E+001, 2.82136303E+000, 1.40000000E+001, 1.24375000E+001, 1.34740283E-002, 3.81240836E+001
 1.17500000E+002, 1.44150172E+001, 1.01950195E+001, 2.81593215E+000, 1.40000000E+001, 1.24125000E+001, 1.33963548E-002, 3.79665220E+001
 1.22500000E+002, 1.43899962E+001, 1.02166221E+001, 2.81052295E+000, 1.40000000E+001, 1.23875000E+001, 1.33192892E-002, 3.78099453E+001
 1.27500000E+002, 1.43649755E+001, 1.02382348E+001, 2.80513509E+000, 1.40000000E+001, 1.23625000E+001, 1.32428227E-002, 3.76543394E+001
 1.32500000E+002, 1.43399549E+001, 1.02598579E+001, 2.79976824E+000, 1.40000000E+001, 1.23375000E+001, 1.31669467E-002, 3.74996912E+001
 1.37500000E+002, 1.43149345E+001, 1.02814915E+001, 2.79442211E+000, 1.40000000E+001, 1.23125000E+001, 1.30916529E-002, 3.73459883E+001
 1.42500000E+002, 1.42899143E+001, 1.03031357E+001, 2.78909644E+000, 1.40000000E+001, 1.22875000E+001, 1.30169336E-002, 3.71932187E+001
 1.47500000E+002, 1.42648943E+001, 1.03247907E+001, 2.78379096E+000, 1.40000000E+001, 1.22625000E+001, 1.29427815E-002, 3.70413715E+001
 1.52500000E+002, 1.42398745E+001, 1.03464567E+001, 2.77850545E+000, 1.40000000E+001, 1.22375000E+001, 1.28691894E-002, 3.68904360E+001
 1.57500000E+002, 1.42148549E+001, 1.03681337E+001, 2.77323969E+000, 1.40000000E+001, 1.22125000E+001, 1.27961507E-002, 3.67404023E+001
 1.62500000E+002, 1.41898354E+001, 1.03898218E+001, 2.76799349E+000, 1.40000000E+001, 1.21875000E+001, 1.27236590E-002, 3.65912610E+001
 1.67500000E+002, 1.41648161E+001, 1.04115211E+001, 2.76276666E+000, 1.40000000E+001, 1.21625000E+001, 1.26517081E-002, 3.64430032E+001
 1.72500000E+002, 1.41397970E+001, 1.04332317E+001, 2.75755903E+000, 1.40000000E+001, 1.21375000E+001, 1.25802922E-002, 3.62956203E+001
 1.77500000E+002, 1.41147781E+001, 1.04549535E+001, 2.75237044E+000, 1.40000000E+001, 1.21125000E+001, 1.25094056E-002, 3.61491041E+001
 1.82500000E+002, 1.40897594E+001, 1.04766868E+001, 2.74720076E+000, 1.40000000E+001, 1.20875000E+001, 1.24390428E-002, 3.60034469E+001
 1.87500000E+002, 1.40647408E+001, 1.04984314E+001, 2.74204983E+000, 1.40000000E+001, 1.20625000E+001, 1.23691986E-002, 3.58586409E+001
 1.92500000E+002, 1.40397224E+001, 1.05201875E+001, 2.73691753E+000, 1.40000000E+001, 1.20375000E+001, 1.22998677E-002, 3.57146790E+001
 1.97500000E+002, 1.40147041E+001, 1.05419550E+001, 2.73180373E+000, 1.40000000E+001, 1.20125000E+001, 1.22310451E-002, 3.55715538E+001
 2.02500000E+002, 1.39896861E+001, 1.05637340E+001, 2.72670830E+000, 1.40000000E+001, 1.19875000E+001, 1.21627258E-002, 3.54292585E+001
 2.07500000E+002, 1.39646682E+001, 1.05855244E+001, 2.72163112E+000, 1.40000000E+001, 1.19625000E+001, 1.20949050E-002, 3.52877859E+001
 2.12500000E+002, 1.39396504E+001, 1.06073264E+001, 2.71657207E+000, 1.40000000E+001, 1.19375000E+001, 1.20275779E-002, 3.51471294E+001
 2.17500000E+002, 1.39146329E+001, 1.06291399E+001, 2.71153103E+000, 1.40000000E+001, 1.19125000E+001, 1.19607397E-002, 3.50072821E+001
 2.22500000E+002, 1.38896155E+001, 1.06509650E+001, 2.70650787E+000, 1.40000000E+001, 1.18875000E+001, 1.18943856E-002, 3.48682373E+001
 2.27500000E+002, 1.38645982E+001, 1.06728016E+001, 2.70150249E+000, 1.40000000E+001, 1.18625000E+001, 1.18285111E-002, 3.47299883E+001
 2.32500000E+002, 1.38395811E+001, 1.06946497E+001, 2.69651475E+000, 1.40000000E+001, 1.18375000E+001, 1.17631115E-002, 3.45925285E+001
 2.37500000E+002, 1.38145642E+001, 1.07165095E+001, 2.69154454E+000, 1.40000000E+001, 1.18125000E+001, 1.16981821E-002, 3.44558511E+001
 2.42500000E+002, 1.37895475E+001, 1.07383808E+001, 2.68659173E+000, 1.40000000E+001, 1.17875000E+001, 1.16337184E-002, 3.43199496E+001
 2.47500000E+002, 1.37645309E+001, 1.07602638E+001, 2.68165619E+000, 1.40000000E+001, 1.17625000E+001, 1.15697157E-002, 3.41848173E+001
 2.52500000E+002, 1.37395144E+001, 1.07821584E+001, 2.67673780E+000, 1.40000000E+001, 1.17375000E+001, 1.15061695E-002, 3.40504473E+001
 2.57500000E+002, 1.37144981E+001, 1.08040646E+001, 2.67183641E+000, 1.40000000E+001, 1.17125000E+001, 1.14430753E-002, 3.39168332E+001
 2.62500000E+002, 1.36894820E+001, 1.08259825E+001, 2.66695191E+000, 1.40000000E+001, 1.16875000E+001, 1.13804284E-002, 3.37839680E+001
 2.67500000E+002, 1.36644660E+001, 1.08479121E+001, 2.66208415E+000, 1.40000000E+001, 1.16625000E+001, 1.13182244E-002, 3.36518451E+001
 2.72500000E+002, 1.36394502E+001, 1.08698534E+001, 2.65723298E+000, 1.40000000E+001, 1.16375000E+001, 1.12564586E-002, 3.35204576E+001
 2.77500000E+002, 1.36144345E+001, 1.08918065E+001, 2.65239827E+000, 1.40000000E+001, 1.16125000E+001, 1.11951264E-002, 3.33897987E+001
 2.82500000E+002, 1.35894189E+001, 1.09137713E+001, 2.64757986E+000, 1.40000000E+001, 1.15875000E+001, 1.11342234E-002, 3.32598612E+001
 2.87500000E+002, 1.35644035E+001, 1.09357478E+001, 2.64277759E+000, 1.40000000E+001, 1.15625000E+001, 1.10737448E-002, 3.31306382E+001
 2.92500000E+002, 1.35393883E+001, 1.09577362E+001, 2.63799131E+000, 1.40000000E+001, 1.15375000E+001, 1.10136860E-002, 3.30021225E+001
 2.97500000E+002, 1.35143732E+001, 1.09797364E+001, 2.63322083E+000, 1.40000000E+001, 1.15125000E+001, 1.09540423E-002, 3.28743068E+001
 3.02500000E+002, 1.34893582E+001, 1.10017484E+001, 2.62846599E+000, 1.40000000E+001, 1.14875000E+001, 1.08948089E-002, 3.27471836E+001
 3.07500000E+002, 1.34643434E+001, 1.10237724E+001, 2.62372660E+000, 1.40000000E+001, 1.14625000E+001, 1.08359810E-002, 3.26207454E+001
 3.12500000E+002, 1.34393287E+001, 1.10458082E+001, 2.61900246E+000, 1.40000000E+001, 1.14375000E+001, 1.07775538E-002, 3.24949842E+001
 3.17500000E+002, 1.34143141E+001, 1.10678561E+001, 2.61429337E+000, 1.40000000E+001, 1.14125000E+001, 1.07195223E-002, 3.23698922E+001
 3.22500000E+002, 1.33892997E+001, 1.10899160E+001, 2.60959910E+000, 1.40000000E+001, 1.13875000E+001, 1.06618814E-002, 3.22454610E+001
 3.27500000E+002, 1.33642854E+001, 1.11119879E+001, 2.60491944E+000, 1.40000000E+001, 1.13625000E+001, 1.06046261E-002, 3.21216824E+001
 3.32500000E+002, 1.33392713E+001, 1.11340719E+001, 2.60025414E+000, 1.40000000E+001, 1.13375000E+001, 1.05477512E-002, 3.19985477E+001
 3.37500000E+002, 1.33142573E+001, 1.11561681E+001, 2.59560296E+000, 1.40000000E+001, 1.13125000E+001, 1.04912512E-002, 3.18760480E+001
 3.42500000E+002, 1.32892434E+001, 1.11782765E+001, 2.59096562E+000, 1.40000000E+001, 1.12875000E+001, 1.04351210E-002, 3.17541743E+001
 3.47500000E+002, 1.32642297E+001, 1.12003972E+001, 2.58634187E+000, 1.40000000E+001, 1.12625000E+001, 1.03793550E-002, 3.16329173E+001
 3.52500000E+002, 1.32392161E+001, 1.12225302E+001, 2.58173141E+000, 1.40000000E+001, 1.12375000E+001, 1.03239477E-002, 3.15122675E+001
 3.57500000E+002, 1.32142026E+001, 1.12446756E+001, 2.57713397E+000, 1.40000000E+001, 1.12125000E+001, 1.02688935E-002, 3.13922154E+001
 3.62500000E+002, 1.31891892E+001, 1.12668333E+001, 2.57254922E+000, 1.40000000E+001, 1.11875000E+001, 1.02141869E-002, 3.12727511E+001
 3.67500000E+002, 1.31641760E+001, 1.12890035E+001, 2.56797688E+000, 1.40000000E+001, 1.11625000E+001, 1.01598222E-002, 3.11538650E+001
 3.72500000E+002, 1.31391629E+001, 1.13111861E+001, 2.56341662E+000, 1.40000000E+001, 1.11375000E+001, 1.01057937E-002, 3.10355471E+001
 3.77500000E+002, 1.31141499E+001, 1.13333812E+001, 2.55886814E+000, 1.40000000E+001, 1.11125000E+001, 1.00520958E-002, 3.09177875E+001
 3.82500000E+002, 1.30891370E+001, 1.13555888E+001, 2.55433111E+000, 1.40000000E+001, 1.10875000E+001, 9.99872302E-003, 3.08005764E+001
 3.87500000E+002, 1.30641243E+001, 1.13778088E+001, 2.54980523E+000, 1.40000000E+001, 1.10625000E+001, 9.94566977E-003, 3.06839041E+001
 3.92500000E+002, 1.30391116E+001, 1.14000412E+001, 2.54529017E+000, 1.40000000E+001, 1.10375000E+001, 9.89293067E-003, 3.05677611E+001
 3.97500000E+002, 1.30140991E+001, 1.14222859E+001, 2.54078565E+000, 1.40000000E+001, 1.10125000E+001, 9.84050041E-003, 3.04521379E+001
 4.02500000E+002, 1.29890868E+001, 1.14445429E+001, 2.53629134E+000, 1.40000000E+001, 1.09875000E+001, 9.78837384E-003, 3.03370255E+001
 4.07500000E+002, 1.29640745E+001, 1.14668120E+001, 2.53180697E+000, 1.40000000E+001, 1.09625000E+001, 9.73654593E-003, 3.02224150E+001
 4.12500000E+002, 1.29390623E+001, 1.14890930E+001, 2.52733225E+000, 1.40000000E+001, 1.09375000E+001, 9.68501184E-003, 3.01082978E+001
 4.17500000E+002, 1.29140503E+001, 1.15113859E+001, 2.52286691E+000, 1.40000000E+001, 1.09125000E+001, 9.63376687E-003, 2.99946656E+001
 4.22500000E+002, 1.28890384E+001, 1.15336903E+001, 2.51841067E+000, 1.40000000E+001, 1.08875000E+001, 9.58280647E-003, 2.98815104E+001
 4.27500000E+002, 1.28640266E+001, 1.15560061E+001, 2.51396330E+000, 1.40000000E+001, 1.08625000E+001, 9.53212626E-003, 2.97688244E+001
 4.32500000E+002, 1.28390149E+001, 1.15783330E+001, 2.50952453E+000, 1.40000000E+001, 1.08375000E+001, 9.48172199E-003, 2.96566002E+001
 4.37500000E+002, 1.28140033E+001, 1.16006708E+001, 2.50509412E+000, 1.40000000E+001, 1.08125000E+001, 9.43158956E-003, 2.95448304E+001
 4.42500000E+002, 1.27889918E+001, 1.16230191E+001, 2.50067185E+000, 1.40000000E+001, 1.07875000E+001, 9.38172496E-003, 2.94335081E+001
 4.47500000E+002, 1.27639804E+001, 1.16453776E+001, 2.49625748E+000, 1.40000000E+001, 1.07625000E+001, 9.33212430E-003, 2.93226263E+001
 4.52500000E+002, 1.27389691E+001, 1.16677461E+001, 2.49185078E+000, 1.40000000E+001, 1.07375000E+001, 9.28278376E-003, 2.92121781E+001
 4.57500000E+002, 1.27139580E+001, 1.16901241E+001, 2.48745153E+000, 1.40000000E+001, 1.07125000E+001, 9.23369961E-003, 2.91021570E+001
 4.62500000E+002, 1.26889469E+001, 1.17125114E+001, 2.48305951E+000, 1.40000000E+001, 1.06875000E+001, 9.18486820E-003, 2.89925563E+001
 4.67500000E+002, 1.26639359E+001, 1.17349076E+001, 2.47867449E+000, 1.40000000E+001, 1.06625000E+001, 9.13628593E-003, 2.88833696E+001
 4.72500000E+002, 1.26389250E+001, 1.17573125E+001, 2.47429625E+000, 1.40000000E+001, 1.06375000E+001, 9.08794924E-003, 2.87745903E+001
 4.77500000E+002, 1.26139131E+001, 1.17797265E+001, 2.46992449E+000, 1.40000000E+001, 1.06125000E+001, 9.03985366E-003, 2.86662097E+001
 4.82500000E+002, 1.25888881E+001, 1.18021605E+001, 2.46555778E+000, 1.40000000E+001, 1.05875000E+001, 8.99198264E-003, 2.85581905E+001
 4.87500000E+002, 1.25637291E+001, 1.18247255E+001, 2.46118371E+000, 1.40000000E+001, 1.05625000E+001, 8.94420022E-003, 2.84502114E+001
 4.92500000E+002, 1.25375745E+001, 1.18482205E+001, 2.45671210E+000, 1.40000000E+001, 1.05375000E+001, 8.89552789E-003, 2.83399562E+001
 4.97500000E+002, 1.25098025E+001, 1.18772677E+001, 2.45554823E+000, 1.40000000E+001, 1.05125000E+001, 8.88288275E-003, 2.83045358E+001
 5.02500000E+002, 1.24819736E+001, 1.19083607E+001, 2.46708678E+000, 1.39000000E+001, 1.04875000E+001, 9.00868560E-003, 2.86050132E+001
 5.07500000E+002, 1.24555170E+001, 1.19297569E+001, 2.49422480E+000, 1.37000000E+001, 1.04625000E+001, 9.30924498E-003, 2.93209499E+001
 5.12500000E+002, 1.24298906E+001, 1.19434029E+001, 2.52839840E+000, 1.35000000E+001, 1.04375000E+001, 9.69713855E-003, 3.02199751E+001
 5.17500000E+002, 1.24043698E+001, 1.19562655E+001, 2.56384882E+000, 1.33000000E+001, 1.04125000E+001, 1.01107567E-002, 3.11685369E+001
 5.22500000E+002, 1.23788240E+001, 1.19685521E+001, 2.60051118E+000, 1.31000000E+001, 1.03875000E+001, 1.05507158E-002, 3.21669393E+001
 5.27500000E+002, 1.23532325E+001, 1.19802626E+001, 2.63842883E+000, 1.29000000E+001, 1.03625000E+001, 1.10189759E-002, 3.32182571E+001
 5.32500000E+002, 1.23275882E+001, 1.19913645E+001, 2.67766592E+000, 1.27000000E+001, 1.03375000E+001, 1.15179080E-002, 3.43262851E+001
 5.37500000E+002, 1.23018853E+001, 1.20018189E+001, 2.71829373E+000, 1.25000000E+001, 1.03125000E+001, 1.20501635E-002, 3.54952337E+001
 5.42500000E+002, 1.22761169E+001, 1.20115828E+001, 2.76038917E+000, 1.23000000E+001, 1.02875000E+001, 1.26186854E-002, 3.67297237E+001
 5.47500000E+002, 1.22502754E+001, 1.20206099E+001, 2.80403513E+000, 1.21000000E+001, 1.02625000E+001, 1.32267430E-002, 3.80348284E+001
 5.52500000E+002, 1.22243520E+001, 1.20288498E+001, 2.84932103E+000, 1.19000000E+001, 1.02375000E+001, 1.38779763E-002, 3.94161283E+001
 5.57500000E+002, 1.21983366E+001, 1.20362475E+001, 2.89634352E+000, 1.17000000E+001, 1.02125000E+001, 1.45764463E-002, 4.08797732E+001
 5.62500000E+002, 1.21722177E+001, 1.20427431E+001, 2.94520720E+000, 1.15000000E+001, 1.01875000E+001, 1.53266943E-002, 4.24325539E+001
 5.67500000E+002, 1.21459820E+001, 1.20482716E+001, 2.99602547E+000, 1.13000000E+001, 1.01625000E+001, 1.61338110E-002, 4.40819848E+001
 5.72500000E+002, 1.21196138E+001, 1.20527614E+001, 3.04892151E+000, 1.11000000E+001, 1.01375000E+001, 1.70035170E-002, 4.58363991E+001
 5.77500000E+002, 1.20930954E+001, 1.20561346E+001, 3.10402932E+000, 1.09000000E+001, 1.01125000E+001, 1.79422573E-002, 4.77050590E+001
 5.82500000E+002, 1.20664056E+001, 1.20583057E+001, 3.16149499E+000, 1.07000000E+001, 1.00875000E+001, 1.89573134E-002, 4.96982838E+001
 5.87500000E+002, 1.20395199E+001, 1.20591809E+001, 3.22147811E+000, 1.05000000E+001, 1.00625000E+001, 2.00569345E-002, 5.18275987E+001
 5.92500000E+002, 1.20124092E+001, 1.20586572E+001, 3.28415333E+000, 1.03000000E+001, 1.00375000E+001, 2.12504945E-002, 5.41059095E+001
 5.97500000E+002, 1.19850391E+001, 1.20566213E+001, 3.34971224E+000, 1.01000000E+001, 1.00125000E+001, 2.25486781E-002, 5.65477069E+001
 6.02500000E+002, 1.19573690E+001, 1.20529489E+001, 3.41836546E+000, 9.90000000E+000, 9.98750000E+000, 2.39637038E-002, 5.91693066E+001
 6.07500000E+002, 1.19293497E+001, 1.20475026E+001, 3.49034508E+000, 9.70000000E+000, 9.96250000E+000, 2.55095920E-002, 6.19891338E+001
 6.12500000E+002, 1.19009226E+001, 1.20401316E+001, 3.56590739E+000, 9.50000000E+000, 9.93750000E+000, 2.72024868E-002, 6.50280588E+001
 6.17500000E+002, 1.18720162E+001, 1.20306696E+001, 3.64533615E+000, 9.30000000E+000, 9.91250000E+000, 2.90610474E-002, 6.83097964E+001
 6.22500000E+002, 1.18425435E+001, 1.20189342E+001, 3.72894622E+000, 9.10000000E+000, 9.88750000E+000, 3.11069219E-002, 7.18613815E+001
 6.27500000E+002, 1.18123976E+001, 1.20047251E+001, 3.81708777E+000, 8.90000000E+000, 9.86250000E+000, 3.33653257E-002, 7.57137360E+001
 6.32500000E+002, 1.17814456E+001, 1.19878236E+001, 3.91015110E+000, 8.70000000E+000, 9.83750000E+000, 3.58657481E-002, 7.99023461E+001
 6.37500000E+002, 1.17495212E+001, 1.19679926E+001, 4.00857199E+000, 8.50000000E+000, 9.81250000E+000, 3.86428175E-002, 8.44680714E+001
 6.42500000E+002, 1.17164142E+001, 1.19449777E+001, 4.11283766E+000, 8.30000000E+000, 9.78750000E+000, 4.17373612E-002, 8.94581060E+001
 6.47500000E+002, 1.16818552E+001, 1.19185108E+001, 4.22349304E+000, 8.10000000E+000, 9.76250000E+000, 4.51976996E-002, 9.49271149E+001
 6.52500000E+002, 1.16454955E+001, 1.18883174E+001, 4.34114705E+000, 7.90000000E+000, 9.73750000E+000, 4.90812188E-002, 1.00938558E+002
 6.57500000E+002, 1.16068796E+001, 1.18541279E+001, 4.46647842E+000, 7.70000000E+000, 9.71250000E+000, 5.34562674E-002, 1.07566217E+002
 6.62500000E+002, 1.15654200E+001, 1.18156876E+001, 4.60024185E+000, 7.50000000E+000, 9.68750000E+000, 5.84044866E-002, 1.14896005E+002
 6.67500000E+002, 1.15204130E+001, 1.17727250E+001, 4.74328301E+000, 7.30000000E+000, 9.66250000E+000, 6.40240193E-002, 1.23028598E+002
 6.72500000E+002, 1.14712189E+001, 1.17247611E+001, 4.89659770E+000, 7.10000000E+000, 9.63750000E+000, 7.04354067E-002, 1.32085088E+002
 6.77500000E+002, 1.14178532E+001, 1.16704850E+001, 5.06153465E+000, 6.90000000E+000, 9.61250000E+000, 7.77958807E-002, 1.42222373E+002
 6.82500000E+002, 1.13622755E+001, 1.16063050E+001, 5.24034619E+000, 6.70000000E+000, 9.58750000E+000, 8.63360492E-002, 1.53673642E+002
 6.87500000E+002, 1.13104250E+001, 1.15237568E+001, 5.43739060E+000, 6.50000000E+000, 9.56250000E+000, 9.64463505E-002, 1.66841140E+002
 6.92500000E+002, 1.12745397E+001, 1.14057702E+001, 5.66132536E+000, 6.30000000E+000, 9.53750000E+000, 1.08860353E-001, 1.82482191E+002
 6.97500000E+002, 1.12687789E+001, 1.12146409E+001, 5.91624495E+000, 6.10000000E+000, 9.51250000E+000, 1.24237666E-001, 2.01218738E+002
 7.02500000E+002, 1.12917100E+001, 1.09485438E+001, 6.15642695E+000, 6.00000000E+000, 9.48750000E+000, 1.39990036E-001, 2.19209210E+002
 7.07500000E+002, 1.13158400E+001, 1.07545991E+001, 6.29082148E+000, 6.00000000E+000, 9.46250000E+000, 1.49357847E-001, 2.29179864E+002
 7.12500000E+002, 1.13244697E+001, 1.06515561E+001, 6.35044996E+000, 6.00000000E+000, 9.43750000E+000, 1.53643865E-001, 2.33709228E+002
 7.17500000E+002, 1.13206570E+001, 1.05681312E+001, 6.40164716E+000, 6.00000000E+000, 9.41250000E+000, 1.57389438E-001, 2.37629987E+002
 7.22500000E+002, 1.13087500E+001, 1.04918121E+001, 6.45058961E+000, 6.00000000E+000, 9.38750000E+000, 1.61025568E-001, 2.41406662E+002
 7.27500000E+002, 1.12910036E+001, 1.04240646E+001, 6.49449176E+000, 6.00000000E+000, 9.36250000E+000, 1.64334416E-001, 2.44821649E+002
 7.32500000E+002, 1.12691813E+001, 1.03622438E+001, 6.53483225E+000, 6.00000000E+000, 9.33750000E+000, 1.67414559E-001, 2.47982622E+002
 7.37500000E+002, 1.12446363E+001, 1.03040090E+001, 6.57306060E+000, 6.00000000E+000, 9.31250000E+000, 1.70368866E-001, 2.50998545E+002
 7.42500000E+002, 1.12183259E+001, 1.02475314E+001, 6.61037474E+000, 6.00000000E+000, 9.28750000E+000, 1.73286026E-001, 2.53961505E+002
 7.47500000E+002, 1.11908725E+001, 1.01914869E+001, 6.64768732E+000, 6.00000000E+000, 9.26250000E+000, 1.76236346E-001, 2.56943163E+002
 7.52500000E+002, 1.11626450E+001, 1.01349728E+001, 6.68565348E+000, 6.00000000E+000, 9.23750000E+000, 1.79272666E-001, 2.59996252E+002
 7.57500000E+002, 1.11338387E+001, 1.00773983E+001, 6.72472896E+000, 6.00000000E+000, 9.21250000E+000, 1.82434017E-001, 2.63158687E+002
 7.62500000E+002, 1.11045374E+001, 1.00183798E+001, 6.76523321E+000, 6.00000000E+000, 9.18750000E+000, 1.85750027E-001, 2.66458262E+002
 7.67500000E+002, 1.10747568E+001, 9.95765988E+000, 6.80740275E+000, 6.00000000E+000, 9.16250000E+000, 1.89244852E-001, 2.69916740E+002
 7.72500000E+002, 1.10444714E+001, 9.89505084E+000, 6.85143008E+000, 6.00000000E+000, 9.13750000E+000, 1.92940152E-001, 2.73552887E+002
 7.77500000E+002, 1.10136282E+001, 9.83040029E+000, 6.89748895E+000, 6.00000000E+000, 9.11250000E+000, 1.96857135E-001, 2.77384503E+002
 7.82500000E+002, 1.09821538E+001, 9.76357160E+000, 6.94574958E+000, 6.00000000E+000, 9.08750000E+000, 2.01017875E-001, 2.81429688E+002
 7.87500000E+002, 1.09499556E+001, 9.69443425E+000, 6.99638692E+000, 6.00000000E+000, 9.06250000E+000, 2.05446129E-001, 2.85707581E+002
 7.92500000E+002, 1.09169212E+001, 9.62286063E+000, 7.04958480E+000, 6.00000000E+000, 9.03750000E+000, 2.10167871E-001, 2.90238781E+002
 7.97500000E+002, 1.08829148E+001, 9.54872632E+000, 7.10553704E+000, 6.00000000E+000, 9.01250000E+000, 2.15211594E-001, 2.95045536E+002
 8.02500000E+002, 1.08477738E+001, 9.47191337E+000, 7.16444622E+000, 6.00000000E+000, 8.98750000E+000, 2.20608433E-001, 3.00151747E+002
 8.07500000E+002, 1.08113031E+001, 9.39231630E+000, 7.22652035E+000, 6.00000000E+000, 8.96250000E+000, 2.26392118E-001, 3.05582786E+002
 8.12500000E+002, 1.07732703E+001, 9.30985047E+000, 7.29196717E+000, 6.00000000E+000, 8.93750000E+000, 2.32598682E-001, 3.11365100E+002
 8.17500000E+002, 1.07334004E+001, 9.22446256E+000, 7.36098574E+000, 6.00000000E+000, 8.91250000E+000, 2.39265888E-001, 3.17525556E+002
 8.22500000E+002, 1.06913729E+001, 9.13614255E+000, 7.43375542E+000, 6.00000000E+000, 8.88750000E+000, 2.46432313E-001, 3.24090501E+002
 8.27500000E+002, 1.06468204E+001, 9.04493581E+000, 7.51042289E+000, 6.00000000E+000, 8.86250000E+000, 2.54136099E-001, 3.31084576E+002
 8.32500000E+002, 1.05993330E+001, 8.95095271E+000, 7.59108877E+000, 6.00000000E+000, 8.83750000E+000, 2.62413489E-001, 3.38529402E+002
 8.37500000E+002, 1.05484665E+001, 8.85437329E+000, 7.67579634E+000, 6.00000000E+000, 8.81250000E+000, 2.71297339E-001, 3.46442350E+002
 8.42500000E+002, 1.04937565E+001, 8.75544394E+000, 7.76452559E+000, 6.00000000E+000, 8.78750000E+000, 2.80815966E-001, 3.54835697E+002
 8.47500000E+002, 1.04347341E+001, 8.65446486E+000, 7.85719525E+000, 6.00000000E+000, 8.76250000E+000, 2.90992680E-001, 3.63716466E+002
 8.52500000E+002, 1.03709441E+001, 8.55176825E+000, 7.95367470E+000, 6.00000000E+000, 8.73750000E+000, 3.01846340E-001, 3.73087183E+002
 8.57500000E+002, 1.03019591E+001, 8.44768825E+000, 8.05380636E+000, 6.00000000E+000, 8.71250000E+000, 3.13393216E-001, 3.82947735E+002
 8.62500000E+002, 1.02273928E+001, 8.34252130E+000, 8.15744054E+000, 6.00000000E+000, 8.68750000E+000, 3.25650649E-001, 3.93298623E+002
 8.67500000E+002, 1.01469150E+001, 8.23646429E+000, 8.26449373E+000, 6.00000000E+000, 8.66250000E+000, 3.38644199E-001, 4.04146939E+002
 8.72500000E+002, 1.00602840E+001, 8.12948450E+000, 8.37507271E+000, 6.00000000E+000, 8.63750000E+000, 3.52424267E-001, 4.15519764E+002
 8.77500000E+002, 9.96743796E+000, 8.02097461E+000, 8.48980303E+000, 6.00000000E+000, 8.61250000E+000, 3.67111966E-001, 4.27500554E+002
 8.82500000E+002, 9.86875245E+000, 7.90873173E+000, 8.61081233E+000, 6.00000000E+000, 8.58750000E+000, 3.83040067E-001, 4.40339745E+002
 8.87500000E+002, 9.76579431E+000, 7.78572319E+000, 8.74490137E+000, 6.00000000E+000, 8.56250000E+000, 4.01220585E-001, 4.54817431E+002
 8.92500000E+002, 9.66358875E+000, 7.62898354E+000, 8.91469066E+000, 6.00000000E+000, 8.53750000E+000, 4.25054225E-001, 4.73548800E+002
 8.97500000E+002, 9.57583265E+000, 7.34184660E+000, 9.18649979E+000, 6.00000000E+000, 8.51250000E+000, 4.65138953E-001, 5.04709601E+002
 9.02500000E+002, 9.52172841E+000, 6.94220897E+000, 9.50366335E+000, 6.10000000E+000, 8.48750000E+000, 5.15006421E-001, 5.41071094E+002
 9.07500000E+002, 9.51822713E+000, 6.65586472E+000, 9.65642449E+000, 6.30000000E+000, 8.46250000E+000, 5.40252888E-001, 5.56938491E+002
 9.12500000E+002, 9.54659560E+000, 6.42895633E+000, 9.72080072E+000, 6.50000000E+000, 8.43750000E+000, 5.51136601E-001, 5.62587262E+002
 9.17500000E+002, 9.58764241E+000, 6.22959966E+000, 9.74722946E+000, 6.70000000E+000, 8.41250000E+000, 5.55650740E-001, 5.63932904E+002
 9.22500000E+002, 9.63195854E+000, 6.04808158E+000, 9.75461572E+000, 6.90000000E+000, 8.38750000E+000, 5.56921405E-001, 5.63210791E+002
 9.27500000E+002, 9.67477931E+000, 5.87998834E+000, 9.75192822E+000, 7.10000000E+000, 8.36250000E+000, 5.56467391E-001, 5.61479652E+002
 9.32500000E+002, 9.71387337E+000, 5.72305022E+000, 9.74349246E+000, 7.30000000E+000, 8.33750000E+000, 5.55030222E-001, 5.59242796E+002
 9.37500000E+002, 9.74835730E+000, 5.57593162E+000, 9.73138196E+000, 7.50000000E+000, 8.31250000E+000, 5.52968294E-001, 5.56734065E+002
 9.42500000E+002, 9.77804633E+000, 5.43772268E+000, 9.71656915E+000, 7.70000000E+000, 8.28750000E+000, 5.50451489E-001, 5.54056381E+002
 9.47500000E+002, 9.80310169E+000, 5.30771550E+000, 9.69949669E+000, 7.90000000E+000, 8.26250000E+000, 5.47558962E-001, 5.51250524E+002
 9.52500000E+002, 9.82384013E+000, 5.18530496E+000, 9.68036351E+000, 8.10000000E+000, 8.23750000E+000, 5.44328319E-001, 5.48329427E+002
 9.57500000E+002, 9.84063267E+000, 5.06994563E+000, 9.65926644E+000, 8.30000000E+000, 8.21250000E+000, 5.40779973E-001, 5.45295017E+002
 9.62500000E+002, 9.85385255E+000, 4.96113539E+000, 9.63626690E+000, 8.50000000E+000, 8.18750000E+000, 5.36928541E-001, 5.42146024E+002
 9.67500000E+002, 9.86385098E+000, 4.85841163E+000, 9.61141738E+000, 8.70000000E+000, 8.16250000E+000, 5.32787329E-001, 5.38880967E+002
 9.72500000E+002, 9.87094898E+000, 4.76134600E+000, 9.58477280E+000, 8.90000000E+000, 8.13750000E+000, 5.28370145E-001, 5.35499427E+002
 9.77500000E+002, 9.87543302E+000, 4.66951779E+000, 9.55638120E+000, 9.10000000E+000, 8.11250000E+000, 5.23689547E-001, 5.32001398E+002
 9.82500000E+002, 9.87749747E+000, 4.58322728E+000, 9.52558967E+000, 9.30000000E+000, 8.08750000E+000, 5.18641185E-001, 5.28296479E+002
 9.87500000E+002, 9.87704908E+000, 4.50409457E+000, 9.49124607E+000, 9.50000000E+000, 8.06250000E+000, 5.13054247E-001, 5.24213649E+002
 9.92500000E+002, 9.87422134E+000, 4.42838556E+000, 9.45668359E+000, 9.70000000E+000, 8.03750000E+000, 5.07470621E-001, 5.20184073E+002
 9.97500000E+002, 9.86967088E+000, 4.35627899E+000, 9.42104396E+000, 9.90000000E+000, 8.01250000E+000, 5.01755077E-001, 5.16100213E+002
 1.00250000E+003, 9.86363575E+000, 4.28763137E+000, 9.38420696E+000, 1.01000000E+001, 7.98750000E+000, 4.95892669E-001, 5.11943509E+002
 1.00750000E+003, 9.85630799E+000, 4.22228432E+000, 9.34611841E+000, 1.03000000E+001, 7.96250000E+000, 4.89879363E-001, 5.07703774E+002
 1.01250000E+003, 9.84791416E+000, 4.16012474E+000, 9.30665090E+000, 1.05000000E+001, 7.93750000E+000, 4.83700128E-001, 5.03362671E+002
 1.01750000E+003, 9.83876131E+000, 4.10111511E+000, 9.26552839E+000, 1.07000000E+001, 7.91250000E+000, 4.77317831E-001, 4.98884950E+002
 1.02250000E+003, 9.82929298E+000, 4.04532995E+000, 9.22223414E+000, 1.09000000E+001, 7.88750000E+000, 4.70660279E-001, 4.94207967E+002
 1.02750000E+003, 9.82016376E+000, 3.99300518E+000, 9.17588664E+000, 1.11000000E+001, 7.86250000E+000, 4.63603394E-001, 4.89227766E+002
 1.03250000E+003, 9.81232658E+000, 3.94460978E+000, 9.12507112E+000, 1.13000000E+001, 7.83750000E+000, 4.55949355E-001, 4.83780516E+002
 1.03750000E+003, 9.80708617E+000, 3.90108918E+000, 9.06742168E+000, 1.15000000E+001, 7.81250000E+000, 4.47371004E-001, 4.77594605E+002
 1.04250000E+003, 9.80586249E+000, 3.86729543E+000, 8.99710857E+000, 1.17000000E+001, 7.78750000E+000, 4.37060977E-001, 4.69949187E+002
 1.04750000E+003, 9.80892245E+000, 3.84020376E+000, 8.91666326E+000, 1.19000000E+001, 7.76250000E+000, 4.25447453E-001, 4.61206919E+002
 1.05250000E+003, 9.81592664E+000, 3.81871668E+000, 8.82752854E+000, 1.21000000E+001, 7.73750000E+000, 4.12820480E-001, 4.51570054E+002
 1.05750000E+003, 9.82725563E+000, 3.80265859E+000, 8.72944536E+000, 1.23000000E+001, 7.71250000E+000, 3.99215990E-001, 4.41045204E+002
 1.06250000E+003, 9.84300897E+000, 3.79166764E+000, 8.62263078E+000, 1.25000000E+001, 7.68750000E+000, 3.84742789E-001, 4.29697030E+002
 1.06750000E+003, 9.86298510E+000, 3.78517955E+000, 8.50782926E+000, 1.27000000E+001, 7.66250000E+000, 3.69580798E-001, 4.17649719E+002
 1.07250000E+003, 9.88667375E+000, 3.78246857E+000, 8.38629002E+000, 1.29000000E+001, 7.63750000E+000, 3.53967332E-001, 4.05078442E+002
 1.07750000E+003, 9.91328945E+000, 3.78272387E+000, 8.25966703E+000, 1.31000000E+001, 7.61250000E+000, 3.38173553E-001, 3.92192206E+002
 1.08250000E+003, 9.94185473E+000, 3.78512111E+000, 8.12987601E+000, 1.33000000E+001, 7.58750000E+000, 3.22477968E-001, 3.79213787E+002
 1.08750000E+003, 9.97131778E+000, 3.78883799E+000, 7.99895064E+000, 1.35000000E+001, 7.56250000E+000, 3.07143640E-001, 3.66362706E+002
 1.09250000E+003, 1.00006339E+001, 3.79301194E+000, 7.86794933E+000, 1.37000000E+001, 7.53750000E+000, 2.92293979E-001, 3.53756109E+002
 1.09750000E+003, 1.00276223E+001, 3.81230780E+000, 7.72061324E+000, 1.39000000E+001, 7.51250000E+000, 2.76175026E-001, 3.39676416E+002
 1.10250000E+003, 1.00426758E+001, 3.87519526E+000, 7.53657347E+000, 1.40000000E+001, 7.48750000E+000, 2.56893644E-001, 3.22265590E+002
 1.10750000E+003, 1.00333924E+001, 3.96685851E+000, 7.35362679E+000, 1.40000000E+001, 7.46250000E+000, 2.38629592E-001, 3.05281099E+002
 1.11250000E+003, 1.00015657E+001, 4.02416474E+000, 7.24397202E+000, 1.40000000E+001, 7.43750000E+000, 2.28107261E-001, 2.95344178E+002
 1.11750000E+003, 9.96140501E+000, 4.06690397E+000, 7.16482275E+000, 1.40000000E+001, 7.41250000E+000, 2.20707219E-001, 2.88281350E+002
 1.12250000E+003, 9.91815601E+000, 4.10435390E+000, 7.09747547E+000, 1.40000000E+001, 7.38750000E+000, 2.14538148E-001, 2.82342032E+002
 1.12750000E+003, 9.87358495E+000, 4.14124858E+000, 7.03319783E+000, 1.40000000E+001, 7.36250000E+000, 2.08758101E-001, 2.76731178E+002
 1.13250000E+003, 9.82794472E+000, 4.18173898E+000, 6.96548627E+000, 1.40000000E+001, 7.33750000E+000, 2.02780911E-001, 2.70876873E+002
 1.13750000E+003, 9.78042027E+000, 4.23231222E+000, 6.88532307E+000, 1.40000000E+001, 7.31250000E+000, 1.95849784E-001, 2.64016279E+002
 1.14250000E+003, 9.72893693E+000, 4.30395128E+000, 6.77830007E+000, 1.40000000E+001, 7.28750000E+000, 1.86840113E-001, 2.54984704E+002
 1.14750000E+003, 9.67001324E+000, 4.41069689E+000, 6.62742778E+000, 1.40000000E+001, 7.26250000E+000, 1.74612918E-001, 2.42536197E+002
 1.15250000E+003, 9.59957210E+000, 4.56048790E+000, 6.42669066E+000, 1.40000000E+001, 7.23750000E+000, 1.59194580E-001, 2.26524223E+002
 1.15750000E+003, 9.51515116E+000, 4.74516495E+000, 6.19326237E+000, 1.40000000E+001, 7.21250000E+000, 1.42452046E-001, 2.08701929E+002
 1.16250000E+003, 9.41905971E+000, 4.94463540E+000, 5.95652883E+000, 1.40000000E+001, 7.18750000E+000, 1.26726467E-001, 1.91492135E+002
 1.16750000E+003, 9.32056547E+000, 5.13653016E+000, 5.74088865E+000, 1.40000000E+001, 7.16250000E+000, 1.13458069E-001, 1.76570461E+002
 1.17250000E+003, 9.23265428E+000, 5.29925046E+000, 5.56407544E+000, 1.40000000E+001, 7.13750000E+000, 1.03304374E-001, 1.64876587E+002
 1.17750000E+003, 9.16376354E+000, 5.41792903E+000, 5.43660800E+000, 1.40000000E+001, 7.11250000E+000, 9.63796562E-002, 1.56751930E+002
 1.18250000E+003, 9.11339126E+000, 5.49181577E+000, 5.35706705E+000, 1.40000000E+001, 7.08750000E+000, 9.22238120E-002, 1.51812992E+002
 1.18750000E+003, 9.07576204E+000, 5.53194234E+000, 5.31354448E+000, 1.40000000E+001, 7.06250000E+000, 9.00033426E-002, 1.49153618E+002
 1.19250000E+003, 9.04512722E+000, 5.55190248E+000, 5.29171757E+000, 1.40000000E+001, 7.03750000E+000, 8.89039472E-002, 1.47831662E+002
 1.19750000E+003, 9.01781350E+000, 5.56168009E+000, 5.28094263E+000, 1.40000000E+001, 7.01250000E+000, 8.83645304E-002, 1.47182117E+002
 1.20250000E+003, 8.99195828E+000, 5.56687117E+000, 5.27516718E+000, 1.40000000E+001, 6.98750000E+000, 8.80760697E-002, 1.46834922E+002
 1.20750000E+003, 8.96669270E+000, 5.57013223E+000, 5.27151991E+000, 1.40000000E+001, 6.96250000E+000, 8.78939766E-002, 1.46616006E+002
 1.21250000E+003, 8.94164661E+000, 5.57266183E+000, 5.26869161E+000, 1.40000000E+001, 6.93750000E+000, 8.77527392E-002, 1.46446381E+002
 1.21750000E+003, 8.91667973E+000, 5.57495437E+000, 5.26613381E+000, 1.40000000E+001, 6.91250000E+000, 8.76250307E-002, 1.46293058E+002
 1.22250000E+003, 8.89174083E+000, 5.57719694E+000, 5.26363810E+000, 1.40000000E+001, 6.88750000E+000, 8.75004959E-002, 1.46143524E+002
 1.22750000E+003, 8.86681189E+000, 5.57945774E+000, 5.26112850E+000, 1.40000000E+001, 6.86250000E+000, 8.73753704E-002, 1.45993224E+002
 1.23250000E+003, 8.84188680E+000, 5.58176115E+000, 5.25857807E+000, 1.40000000E+001, 6.83750000E+000, 8.72483269E-002, 1.45840547E+002
 1.23750000E+003, 8.81696356E+000, 5.58411605E+000, 5.25597732E+000, 1.40000000E+001, 6.81250000E+000, 8.71189036E-002, 1.45684930E+002
 1.24250000E+003, 8.79204153E+000, 5.58652606E+000, 5.25332274E+000, 1.40000000E+001, 6.78750000E+000, 8.69869347E-002, 1.45526166E+002
 1.24750000E+003, 8.76712050E+000, 5.58899306E+000, 5.25061279E+000, 1.40000000E+001, 6.76250000E+000, 8.68523530E-002, 1.45364167E+002
 1.25250000E+003, 8.74220039E+000, 5.59151841E+000, 5.24784658E+000, 1.40000000E+001, 6.73750000E+000, 8.67151229E-002, 1.45198884E+002
 1.25750000E+003, 8.71728118E+000, 5.59410332E+000, 5.24502343E+000, 1.40000000E+001, 6.71250000E+000, 8.65752196E-002, 1.45030282E+002
 1.26250000E+003, 8.69236285E+000, 5.59674897E+000, 5.24214273E+000, 1.40000000E+001, 6.68750000E+000, 8.64326221E-002, 1.44858328E+002
 1.26750000E+003, 8.66744537E+000, 5.59945651E+000, 5.23920388E+000, 1.40000000E+001, 6.66250000E+000, 8.62873110E-002, 1.44682992E+002
 1.27250000E+003, 8.64252873E+000, 5.60222712E+000, 5.23620633E+000, 1.40000000E+001, 6.63750000E+000, 8.61392674E-002, 1.44504244E+002
 1.27750000E+003, 8.61761290E+000, 5.60506196E+000, 5.23314949E+000, 1.40000000E+001, 6.61250000E+000, 8.59884729E-002, 1.44322056E+002
 1.28250000E+003, 8.59269786E+000, 5.60796220E+000, 5.23003278E+000, 1.40000000E+001, 6.58750000E+000, 8.58349087E-002, 1.44136398E+002
 1.28750000E+003, 8.56778358E+000, 5.61092899E+000, 5.22685560E+000, 1.40000000E+001, 6.56250000E+000, 8.56785555E-002, 1.43947241E+002
 1.29250000E+003, 8.54287005E+000, 5.61396345E+000, 5.22361734E+000, 1.40000000E+001, 6.53750000E+000, 8.55193931E-002, 1.43754553E+002
 1.29750000E+003, 8.51795724E+000, 5.61706669E+000, 5.22031734E+000, 1.40000000E+001, 6.51250000E+000, 8.53574000E-002, 1.43558304E+002
 1.30250000E+003, 8.49304511E+000, 5.62023978E+000, 5.21695491E+000, 1.40000000E+001, 6.48750000E+000, 8.51925537E-002, 1.43358459E+002
 1.30750000E+003, 8.46813364E+000, 5.62348378E+000, 5.21352936E+000, 1.40000000E+001, 6.46250000E+000, 8.50248309E-002, 1.43154986E+002
 1.31250000E+003, 8.44322279E+000, 5.62679972E+000, 5.21003995E+000, 1.40000000E+001, 6.43750000E+000, 8.48542076E-002, 1.42947848E+002
 1.31750000E+003, 8.41831253E+000, 5.63018862E+000, 5.20648595E+000, 1.40000000E+001, 6.41250000E+000, 8.46806599E-002, 1.42737012E+002
 1.32250000E+003, 8.39340284E+000, 5.63365148E+000, 5.20286661E+000, 1.40000000E+001, 6.38750000E+000, 8.45041645E-002, 1.42522443E+002
 1.32750000E+003, 8.36849367E+000, 5.63718931E+000, 5.19918121E+000, 1.40000000E+001, 6.36250000E+000, 8.43246991E-002, 1.42304108E+002
 1.33250000E+003, 8.34358498E+000, 5.64080314E+000, 5.19542904E+000, 1.40000000E+001, 6.33750000E+000, 8.41422435E-002, 1.42081974E+002
 1.33750000E+003, 8.31867675E+000, 5.64449400E+000, 5.19160945E+000, 1.40000000E+001, 6.31250000E+000, 8.39567795E-002, 1.41856012E+002
 1.34250000E+003, 8.29376893E+000, 5.64826292E+000, 5.18772180E+000, 1.40000000E+001, 6.28750000E+000, 8.37682914E-002, 1.41626195E+002
 1.34750000E+003, 8.26886148E+000, 5.65211100E+000, 5.18376551E+000, 1.40000000E+001, 6.26250000E+000, 8.35767661E-002, 1.41392499E+002
 1.35250000E+003, 8.24395436E+000, 5.65603930E+000, 5.17974004E+000, 1.40000000E+001, 6.23750000E+000, 8.33821929E-002, 1.41154902E+002
 1.35750000E+003, 8.21904753E+000, 5.66004894E+000, 5.17564490E+000, 1.40000000E+001, 6.21250000E+000, 8.31845635E-002, 1.40913385E+002
 1.36250000E+003, 8.19414095E+000, 5.66414103E+000, 5.17147962E+000, 1.40000000E+001, 6.18750000E+000, 8.29838715E-002, 1.40667931E+002
 1.36750000E+003, 8.16923458E+000, 5.66831667E+000, 5.16724376E+000, 1.40000000E+001, 6.16250000E+000, 8.27801122E-002, 1.40418525E+002
 1.37250000E+003, 8.14432836E+000, 5.67257700E+000, 5.16293692E+000, 1.40000000E+001, 6.13750000E+000, 8.25732824E-002, 1.40165153E+002
 1.37750000E+003, 8.11942226E+000, 5.67692311E+000, 5.15855870E+000, 1.40000000E+001, 6.11250000E+000, 8.23633800E-002, 1.39907804E+002
 1.38250000E+003, 8.09451623E+000, 5.68135611E+000, 5.15410871E+000, 1.40000000E+001, 6.08750000E+000, 8.21504036E-002, 1.39646466E+002
 1.38750000E+003, 8.06961021E+000, 5.68587710E+000, 5.14958658E+000, 1.40000000E+001, 6.06250000E+000, 8.19343526E-002, 1.39381129E+002
 1.39250000E+003, 8.04470417E+000, 5.69048716E+000, 5.14499194E+000, 1.40000000E+001, 6.03750000E+000, 8.17152269E-002, 1.39111783E+002
 1.39750000E+003, 8.01979806E+000, 5.69518737E+000, 5.14032440E+000, 1.40000000E+001, 6.01250000E+000, 8.14930267E-002, 1.38838418E+002
 1.40250000E+003, 7.99489182E+000, 5.69997882E+000, 5.13558357E+000, 1.40000000E+001, 5.98750000E+000, 8.12677522E-002, 1.38561026E+002
 1.40750000E+003, 7.96998540E+000, 5.70486259E+000, 5.13076907E+000, 1.40000000E+001, 5.96250000E+000, 8.10394033E-002, 1.38279596E+002
 1.41250000E+003, 7.94507876E+000, 5.70983979E+000, 5.12588045E+000, 1.40000000E+001, 5.93750000E+000, 8.08079789E-002, 1.37994116E+002
 1.41750000E+003, 7.92017184E+000, 5.71491155E+000, 5.12091725E+000, 1.40000000E+001, 5.91250000E+000, 8.05734764E-002, 1.37704573E+002
 1.42250000E+003, 7.89526459E+000, 5.72007906E+000, 5.11587891E+000, 1.40000000E+001, 5.88750000E+000, 8.03358904E-002, 1.37410950E+002
 1.42750000E+003, 7.87035695E+000, 5.72534357E+000, 5.11076481E+000, 1.40000000E+001, 5.86250000E+000, 8.00952116E-002, 1.37113226E+002
 1.43250000E+003, 7.84544886E+000, 5.73070642E+000, 5.10557417E+000, 1.40000000E+001, 5.83750000E+000, 7.98514253E-002, 1.36811372E+002
 1.43750000E+003, 7.82054029E+000, 5.73616905E+000, 5.10030607E+000, 1.40000000E+001, 5.81250000E+000, 7.96045099E-002, 1.36505350E+002
 1.44250000E+003, 7.79563121E+000, 5.74173305E+000, 5.09495938E+000, 1.40000000E+001, 5.78750000E+000, 7.93544347E-002, 1.36195113E+002
 1.44750000E+003, 7.77072159E+000, 5.74740020E+000, 5.08953267E+000, 1.40000000E+001, 5.76250000E+000, 7.91011574E-002, 1.35880596E+002
 1.45250000E+003, 7.74581141E+000, 5.75317250E+000, 5.08402422E+000, 1.40000000E+001, 5.73750000E+000, 7.88446209E-002, 1.35561720E+002
 1.45750000E+003, 7.72090065E+000, 5.75905231E+000, 5.07843185E+000, 1.40000000E+001, 5.71250000E+000, 7.85847495E-002, 1.35238380E+002
 1.46250000E+003, 7.69598925E+000, 5.76504233E+000, 5.07275286E+000, 1.40000000E+001, 5.68750000E+000, 7.83214449E-002, 1.34910442E+002
 1.46750000E+003, 7.67107714E+000, 5.77114581E+000, 5.06698395E+000, 1.40000000E+001, 5.66250000E+000, 7.80545813E-002, 1.34577741E+002
 1.47250000E+003, 7.64616412E+000, 5.77736660E+000, 5.06112104E+000, 1.40000000E+001, 5.63750000E+000, 7.77840008E-002, 1.34240067E+002
 1.47750000E+003, 7.62124973E+000, 5.78370948E+000, 5.05515912E+000, 1.40000000E+001, 5.61250000E+000, 7.75095038E-002, 1.33897162E+002
 1.48250000E+003, 7.59633513E+000, 5.79017887E+000, 5.04909242E+000, 1.40000000E+001, 5.58750000E+000, 7.72308586E-002, 1.33548728E+002
 1.48750000E+003, 7.57142062E+000, 5.79677897E+000, 5.04291613E+000, 1.40000000E+001, 5.56250000E+000, 7.69478815E-002, 1.33194524E+002
 1.49250000E+003, 7.54650623E+000, 5.80351556E+000, 5.03662370E+000, 1.40000000E+001, 5.53750000E+000, 7.66603109E-002, 1.32834211E+002
 1.49750000E+003, 7.52159192E+000, 5.81039557E+000, 5.03020718E+000, 1.40000000E+001, 5.51250000E+000, 7.63678264E-002, 1.32467375E+002
 1.50250000E+003, 7.49667767E+000, 5.81742668E+000, 5.02365778E+000, 1.40000000E+001, 5.48750000E+000, 7.60700724E-002, 1.32093558E+002
 1.50750000E+003, 7.47176352E+000, 5.82461713E+000, 5.01696603E+000, 1.40000000E+001, 5.46250000E+000, 7.57666679E-002, 1.31712270E+002
 1.51250000E+003, 7.44684954E+000, 5.83197566E+000, 5.01012192E+000, 1.40000000E+001, 5.43750000E+000, 7.54572129E-002, 1.31322992E+002
 1.51750000E+003, 7.42193584E+000, 5.83951143E+000, 5.00311506E+000, 1.40000000E+001, 5.41250000E+000, 7.51412950E-002, 1.30925190E+002
 1.52250000E+003, 7.39702252E+000, 5.84723385E+000, 4.99593480E+000, 1.40000000E+001, 5.38750000E+000, 7.48184971E-002, 1.30518322E+002
 1.52750000E+003, 7.37210970E+000, 5.85515251E+000, 4.98857046E+000, 1.40000000E+001, 5.36250000E+000, 7.44884064E-002, 1.30101848E+002
 1.53250000E+003, 7.34719750E+000, 5.86327696E+000, 4.98101153E+000, 1.40000000E+001, 5.33750000E+000, 7.41506245E-002, 1.29675243E+002
 1.53750000E+003, 7.32228601E+000, 5.87161654E+000, 4.97324791E+000, 1.40000000E+001, 5.31250000E+000, 7.38047773E-002, 1.29238008E+002
 1.54250000E+003, 7.29737534E+000, 5.88018023E+000, 4.96527009E+000, 1.40000000E+001, 5.28750000E+000, 7.34505256E-002, 1.28789688E+002
 1.54750000E+003, 7.27246555E+000, 5.88897644E+000, 4.95706943E+000, 1.40000000E+001, 5.26250000E+000, 7.30875742E-002, 1.28329877E+002
 1.55250000E+003, 7.24755669E+000, 5.89801288E+000, 4.94863832E+000, 1.40000000E+001, 5.23750000E+000, 7.27156800E-002, 1.27858232E+002
 1.55750000E+003, 7.22264879E+000, 5.90729639E+000, 4.93997030E+000, 1.40000000E+001, 5.21250000E+000, 7.23346590E-002, 1.27374479E+002
 1.56250000E+003, 7.19774186E+000, 5.91683288E+000, 4.93106027E+000, 1.40000000E+001, 5.18750000E+000, 7.19443907E-002, 1.26878423E+002
 1.56750000E+003, 7.17283585E+000, 5.92662721E+000, 4.92190447E+000, 1.40000000E+001, 5.16250000E+000, 7.15448207E-002, 1.26369947E+002
 1.57250000E+003, 7.14793072E+000, 5.93668318E+000, 4.91250058E+000, 1.40000000E+001, 5.13750000E+000, 7.11359612E-002, 1.25849016E+002
 1.57750000E+003, 7.12302638E+000, 5.94700353E+000, 4.90284767E+000, 1.40000000E+001, 5.11250000E+000, 7.07178899E-002, 1.25315674E+002
 1.58250000E+003, 7.09812273E+000, 5.95759001E+000, 4.89294608E+000, 1.40000000E+001, 5.08750000E+000, 7.02907425E-002, 1.24770037E+002
 1.58750000E+003, 7.07321965E+000, 5.96844369E+000, 4.88279701E+000, 1.40000000E+001, 5.06250000E+000, 6.98546942E-002, 1.24212269E+002
 1.59250000E+003, 7.04831697E+000, 5.97956402E+000, 4.87240370E+000, 1.40000000E+001, 5.03750000E+000, 6.94100091E-002, 1.23642647E+002
 1.59750000E+003, 7.02341454E+000, 5.99094978E+000, 4.86177025E+000, 1.40000000E+001, 5.01250000E+000, 6.89569894E-002, 1.23061492E+002
 1.60250000E+003, 6.99851218E+000, 6.00259912E+000, 4.85090148E+000, 1.40000000E+001, 4.98750000E+000, 6.84959675E-002, 1.22469165E+002
 1.60750000E+003, 6.97360970E+000, 6.01450960E+000, 4.83980291E+000, 1.40000000E+001, 4.96250000E+000, 6.80273042E-002, 1.21866064E+002
 1.61250000E+003, 6.94870690E+000, 6.02667826E+000, 4.82848063E+000, 1.40000000E+001, 4.93750000E+000, 6.75513830E-002, 1.21252616E+002
 1.61750000E+003, 6.92380360E+000, 6.03910172E+000, 4.81694124E+000, 1.40000000E+001, 4.91250000E+000, 6.70686049E-002, 1.20629273E+002
 1.62250000E+003, 6.89889958E+000, 6.05177623E+000, 4.80519165E+000, 1.40000000E+001, 4.88750000E+000, 6.65793827E-002, 1.19996501E+002
 1.62750000E+003, 6.87399467E+000, 6.06469779E+000, 4.79323908E+000, 1.40000000E+001, 4.86250000E+000, 6.60841364E-002, 1.19354781E+002
 1.63250000E+003, 6.84908865E+000, 6.07786218E+000, 4.78109091E+000, 1.40000000E+001, 4.83750000E+000, 6.55832892E-002, 1.18704598E+002
 1.63750000E+003, 6.82418134E+000, 6.09126501E+000, 4.76875462E+000, 1.40000000E+001, 4.81250000E+000, 6.50772644E-002, 1.18046441E+002
 1.64250000E+003, 6.79927257E+000, 6.10490180E+000, 4.75623777E+000, 1.40000000E+001, 4.78750000E+000, 6.45664820E-002, 1.17380795E+002
 1.64750000E+003, 6.77436214E+000, 6.11876799E+000, 4.74354789E+000, 1.40000000E+001, 4.76250000E+000, 6.40513573E-002, 1.16708146E+002
 1.65250000E+003, 6.74944989E+000, 6.13285898E+000, 4.73069250E+000, 1.40000000E+001, 4.73750000E+000, 6.35322985E-002, 1.16028971E+002
 1.65750000E+003, 6.72453566E+000, 6.14717016E+000, 4.71767904E+000, 1.40000000E+001, 4.71250000E+000, 6.30097057E-002, 1.15343741E+002
 1.66250000E+003, 6.69961929E+000, 6.16169694E+000, 4.70451487E+000, 1.40000000E+001, 4.68750000E+000, 6.24839695E-002, 1.14652918E+002
 1.66750000E+003, 6.67470064E+000, 6.17643473E+000, 4.69120725E+000, 1.40000000E+001, 4.66250000E+000, 6.19554707E-002, 1.13956953E+002
 1.67250000E+003, 6.64977957E+000, 6.19137900E+000, 4.67776330E+000, 1.40000000E+001, 4.63750000E+000, 6.14245790E-002, 1.13256288E+002
 1.67750000E+003, 6.62485595E+000, 6.20652526E+000, 4.66419003E+000, 1.40000000E+001, 4.61250000E+000, 6.08916528E-002, 1.12551354E+002
 1.68250000E+003, 6.59992966E+000, 6.22186909E+000, 4.65049427E+000, 1.40000000E+001, 4.58750000E+000, 6.03570391E-002, 1.11842567E+002
 1.68750000E+003, 6.57500060E+000, 6.23740613E+000, 4.63668273E+000, 1.40000000E+001, 4.56250000E+000, 5.98210724E-002, 1.11130334E+002
 1.69250000E+003, 6.55006866E+000, 6.25313211E+000, 4.62276192E+000, 1.40000000E+001, 4.53750000E+000, 5.92840752E-002, 1.10415048E+002
 1.69750000E+003, 6.52513375E+000, 6.26904284E+000, 4.60873821E+000, 1.40000000E+001, 4.51250000E+000, 5.87463576E-002, 1.09697089E+002
 1.70250000E+003, 6.50019579E+000, 6.28513420E+000, 4.59461777E+000, 1.40000000E+001, 4.48750000E+000, 5.82082168E-002, 1.08976823E+002
 1.70750000E+003, 6.47525469E+000, 6.30140218E+000, 4.58040660E+000, 1.40000000E+001, 4.46250000E+000, 5.76699377E-002, 1.08254604E+002
 1.71250000E+003, 6.45031040E+000, 6.31784286E+000, 4.56611050E+000, 1.40000000E+001, 4.43750000E+000, 5.71317925E-002, 1.07530771E+002
 1.71750000E+003, 6.42536285E+000, 6.33445243E+000, 4.55173511E+000, 1.40000000E+001, 4.41250000E+000, 5.65940406E-002, 1.06805652E+002
 1.72250000E+003, 6.40041198E+000, 6.35122714E+000, 4.53728584E+000, 1.40000000E+001, 4.38750000E+000, 5.60569291E-002, 1.06079557E+002
 1.72750000E+003, 6.37545777E+000, 6.36816339E+000, 4.52276794E+000, 1.40000000E+001, 4.36250000E+000, 5.55206927E-002, 1.05352787E+002
 1.73250000E+003, 6.35050017E+000, 6.38525764E+000, 4.50818643E+000, 1.40000000E+001, 4.33750000E+000, 5.49855543E-002, 1.04625627E+002
 1.73750000E+003, 6.32553914E+000, 6.40250646E+000, 4.49354619E+000, 1.40000000E+001, 4.31250000E+000, 5.44517247E-002, 1.03898352E+002
 1.74250000E+003, 6.30057468E+000, 6.41990651E+000, 4.47885187E+000, 1.40000000E+001, 4.28750000E+000, 5.39194035E-002, 1.03171220E+002
 1.74750000E+003, 6.27560676E+000, 6.43745453E+000, 4.46410798E+000, 1.40000000E+001, 4.26250000E+000, 5.33887795E-002, 1.02444480E+002
 1.75250000E+003, 6.25063538E+000, 6.45514737E+000, 4.44931884E+000, 1.40000000E+001, 4.23750000E+000, 5.28600308E-002, 1.01718370E+002
 1.75750000E+003, 6.22566054E+000, 6.47298193E+000, 4.43448862E+000, 1.40000000E+001, 4.21250000E+000, 5.23333257E-002, 1.00993116E+002
 1.76250000E+003, 6.20068224E+000, 6.49095520E+000, 4.41962131E+000, 1.40000000E+001, 4.18750000E+000, 5.18088228E-002, 1.00268931E+002
 1.76750000E+003, 6.17570051E+000, 6.50906421E+000, 4.40472079E+000, 1.40000000E+001, 4.16250000E+000, 5.12866719E-002, 9.95460219E+001
 1.77250000E+003, 6.15071535E+000, 6.52730609E+000, 4.38979079E+000, 1.40000000E+001, 4.13750000E+000, 5.07670145E-002, 9.88245844E+001
 1.77750000E+003, 6.12572681E+000, 6.54567798E+000, 4.37483492E+000, 1.40000000E+001, 4.11250000E+000, 5.02499838E-002, 9.81048054E+001
 1.78250000E+003, 6.10073490E+000, 6.56417711E+000, 4.35985667E+000, 1.40000000E+001, 4.08750000E+000, 4.97357059E-002, 9.73868641E+001
 1.78750000E+003, 6.07573967E+000, 6.58280071E+000, 4.34485942E+000, 1.40000000E+001, 4.06250000E+000, 4.92242995E-002, 9.66709313E+001
 1.79250000E+003, 6.05074116E+000, 6.60154608E+000, 4.32984646E+000, 1.40000000E+001, 4.03750000E+000, 4.87158770E-002, 9.59571709E+001
 1.79750000E+003, 6.02573942E+000, 6.62041054E+000, 4.31482098E+000, 1.40000000E+001, 4.01250000E+000, 4.82105442E-002, 9.52457398E+001
 1.80250000E+003, 6.00073449E+000, 6.63939145E+000, 4.29978608E+000, 1.40000000E+001, 3.98750000E+000, 4.77084012E-002, 9.45367879E+001
 1.80750000E+003, 5.97572644E+000, 6.65848621E+000, 4.28474478E+000, 1.40000000E+001, 3.96250000E+000, 4.72095420E-002, 9.38304593E+001
 1.81250000E+003, 5.95071533E+000, 6.67769223E+000, 4.26970002E+000, 1.40000000E+001, 3.93750000E+000, 4.67140554E-002, 9.31268914E+001
 1.81750000E+003, 5.92570120E+000, 6.69700697E+000, 4.25465464E+000, 1.40000000E+001, 3.91250000E+000, 4.62220246E-002, 9.24262160E+001
 1.82250000E+003, 5.90068413E+000, 6.71642794E+000, 4.23961144E+000, 1.40000000E+001, 3.88750000E+000, 4.57335280E-002, 9.17285588E+001
 1.82750000E+003, 5.87566418E+000, 6.73595265E+000, 4.22457310E+000, 1.40000000E+001, 3.86250000E+000, 4.52486383E-002, 9.10340397E+001
 1.83250000E+003, 5.85064141E+000, 6.75557869E+000, 4.20954224E+000, 1.40000000E+001, 3.83750000E+000, 4.47674237E-002, 9.03427728E+001
 1.83750000E+003, 5.82561590E+000, 6.77530367E+000, 4.19452139E+000, 1.40000000E+001, 3.81250000E+000, 4.42899472E-002, 8.96548666E+001
 1.84250000E+003, 5.80058770E+000, 6.79512527E+000, 4.17951300E+000, 1.40000000E+001, 3.78750000E+000, 4.38162669E-002, 8.89704234E+001
 1.84750000E+003, 5.77555690E+000, 6.81504121E+000, 4.16451943E+000, 1.40000000E+001, 3.76250000E+000, 4.33464362E-002, 8.82895401E+001
 1.85250000E+003, 5.75052355E+000, 6.83504927E+000, 4.14954295E+000, 1.40000000E+001, 3.73750000E+000, 4.28805035E-002, 8.76123077E+001
 1.85750000E+003, 5.72548774E+000, 6.85514728E+000, 4.13458576E+000, 1.40000000E+001, 3.71250000E+000, 4.24185128E-002, 8.69388117E+001
 1.86250000E+003, 5.70044952E+000, 6.87533314E+000, 4.11964996E+000, 1.40000000E+001, 3.68750000E+000, 4.19605034E-002, 8.62691316E+001
 1.86750000E+003, 5.67540898E+000, 6.89560481E+000, 4.10473754E+000, 1.40000000E+001, 3.66250000E+000, 4.15065103E-002, 8.56033420E+001
 1.87250000E+003, 5.65036618E+000, 6.91596031E+000, 4.08985044E+000, 1.40000000E+001, 3.63750000E+000, 4.10565641E-002, 8.49415118E+001
 1.87750000E+003, 5.62532120E+000, 6.93639771E+000, 4.07499049E+000, 1.40000000E+001, 3.61250000E+000, 4.06106915E-002, 8.42837049E+001
 1.88250000E+003, 5.60027410E+000, 6.95691515E+000, 4.06015946E+000, 1.40000000E+001, 3.58750000E+000, 4.01689152E-002, 8.36299803E+001
 1.88750000E+003, 5.57522495E+000, 6.97751081E+000, 4.04535902E+000, 1.40000000E+001, 3.56250000E+000, 3.97312543E-002, 8.29803924E+001
 1.89250000E+003, 5.55017384E+000, 6.99818293E+000, 4.03059078E+000, 1.40000000E+001, 3.53750000E+000, 3.92977243E-002, 8.23349909E+001
 1.89750000E+003, 5.52512082E+000, 7.01892981E+000, 4.01585627E+000, 1.40000000E+001, 3.51250000E+000, 3.88683375E-002, 8.16938214E+001
 1.90250000E+003, 5.50006596E+000, 7.03974979E+000, 4.00115694E+000, 1.40000000E+001, 3.48750000E+000, 3.84431029E-002, 8.10569253E+001
 1.90750000E+003, 5.47500935E+000, 7.06064124E+000, 3.98649421E+000, 1.40000000E+001, 3.46250000E+000, 3.80220267E-002, 8.04243400E+001
 1.91250000E+003, 5.44995104E+000, 7.08160258E+000, 3.97186938E+000, 1.40000000E+001, 3.43750000E+000, 3.76051121E-002, 7.97960995E+001
 1.91750000E+003, 5.42489109E+000, 7.10263230E+000, 3.95728372E+000, 1.40000000E+001, 3.41250000E+000, 3.71923598E-002, 7.91722338E+001
 1.92250000E+003, 5.39982959E+000, 7.12372888E+000, 3.94273845E+000, 1.40000000E+001, 3.38750000E+000, 3.67837678E-002, 7.85527697E+001
 1.92750000E+003, 5.37476659E+000, 7.14489086E+000, 3.92823469E+000, 1.40000000E+001, 3.36250000E+000, 3.63793318E-002, 7.79377308E+001
 1.93250000E+003, 5.34970216E+000, 7.16611683E+000, 3.91377353E+000, 1.40000000E+001, 3.33750000E+000, 3.59790450E-002, 7.73271372E+001
 1.93750000E+003, 5.32463636E+000, 7.18740538E+000, 3.89935600E+000, 1.40000000E+001, 3.31250000E+000, 3.55828987E-002, 7.67210061E+001
 1.94250000E+003, 5.29956926E+000, 7.20875517E+000, 3.88498306E+000, 1.40000000E+001, 3.28750000E+000, 3.51908819E-002, 7.61193518E+001
 1.94750000E+003, 5.27450092E+000, 7.23016487E+000, 3.87065564E+000, 1.40000000E+001, 3.26250000E+000, 3.48029817E-002, 7.55221859E+001
 1.95250000E+003, 5.24943143E+000, 7.25163315E+000, 3.85637460E+000, 1.40000000E+001, 3.23750000E+000, 3.44191835E-002, 7.49295173E+001
 1.95750000E+003, 5.22436099E+000, 7.27315861E+000, 3.84214080E+000, 1.40000000E+001, 3.21250000E+000, 3.40394720E-002, 7.43413541E+001
 1.96250000E+003, 5.19929054E+000, 7.29473924E+000, 3.82795524E+000, 1.40000000E+001, 3.18750000E+000, 3.36638351E-002, 7.37577104E+001
 1.96750000E+003, 5.17422451E+000, 7.31636976E+000, 3.81381986E+000, 1.40000000E+001, 3.16250000E+000, 3.32922854E-002, 7.31786415E+001
 1.97250000E+003, 5.14918293E+000, 7.33803033E+000, 3.79974113E+000, 1.40000000E+001, 3.13750000E+000, 3.29249507E-002, 7.26043966E+001
 1.97750000E+003, 5.12424592E+000, 7.35964394E+000, 3.78574364E+000, 1.40000000E+001, 3.11250000E+000, 3.25624223E-002, 7.20360010E+001
 1.98250000E+003, 5.09969057E+000, 7.38094260E+000, 3.77191491E+000, 1.40000000E+001, 3.08750000E+000, 3.22068832E-002, 7.14771434E+001
 1.98750000E+003, 5.07632331E+000, 7.40113110E+000, 3.75852502E+000, 1.40000000E+001, 3.06250000E+000, 3.18650930E-002, 7.09391473E+001
 1.99250000E+003, 5.05605193E+000, 7.41827142E+000, 3.74627057E+000, 1.40000000E+001, 3.03750000E+000, 3.15544007E-002, 7.04509213E+001
 1.99750000E+003, 5.04238629E+000, 7.42863732E+000, 3.73660294E+000, 1.40000000E+001, 3.01250000E+000, 3.13107140E-002, 7.00719484E+001
