   10.003023870133042      ,         400
X,ZB,H,U,L
 2.41250000E-002, 0.00000000E+000, 8.65014415E-002, 2.59412819E-003, 5.00000000E-001
 7.23750000E-002, 0.00000000E+000, 8.62582581E-002, 7.77557865E-003, 5.00000000E-001
 1.20625000E-001, 0.00000000E+000, 8.62590260E-002, 1.29432885E-002, 5.00000000E-001
 1.68875000E-001, 0.00000000E+000, 8.62603982E-002, 1.81087871E-002, 5.00000000E-001
 2.17125000E-001, 0.00000000E+000, 8.62622045E-002, 2.32748331E-002, 5.00000000E-001
 2.65375000E-001, 0.00000000E+000, 8.62644580E-002, 2.84403620E-002, 5.00000000E-001
 3.13625000E-001, 0.00000000E+000, 8.62671355E-002, 3.36054844E-002, 5.00000000E-001
 3.61875000E-001, 0.00000000E+000, 8.62702256E-002, 3.87700573E-002, 5.00000000E-001
 4.10125000E-001, 0.00000000E+000, 8.62737189E-002, 4.39339899E-002, 5.00000000E-001
 4.58375000E-001, 0.00000000E+000, 8.62776065E-002, 4.90972013E-002, 5.00000000E-001
 5.06625000E-001, 0.00000000E+000, 8.62818795E-002, 5.42596137E-002, 5.00000000E-001
 5.54875000E-001, 0.00000000E+000, 8.62865295E-002, 5.94211505E-002, 5.00000000E-001
 6.03125000E-001, 0.00000000E+000, 8.62915479E-002, 6.45817367E-002, 5.00000000E-001
 6.51375000E-001, 0.00000000E+000, 8.62969264E-002, 6.97412983E-002, 5.00000000E-001
 6.99625000E-001, 0.00000000E+000, 8.63026568E-002, 7.48997626E-002, 5.00000000E-001
 7.47875000E-001, 0.00000000E+000, 8.63087311E-002, 8.00570581E-002, 5.00000000E-001
 7.96125000E-001, 0.00000000E+000, 8.63151412E-002, 8.52131146E-002, 5.00000000E-001
 8.44375000E-001, 0.00000000E+000, 8.63218795E-002, 9.03678635E-002, 5.00000000E-001
 8.92625000E-001, 0.00000000E+000, 8.63289381E-002, 9.55212372E-002, 5.00000000E-001
 9.40875000E-001, 0.00000000E+000, 8.63363095E-002, 1.00673170E-001, 5.00000000E-001
 9.89125000E-001, 0.00000000E+000, 8.63439862E-002, 1.05823596E-001, 5.00000000E-001
 1.03737500E+000, 0.00000000E+000, 8.63519608E-002, 1.10972453E-001, 5.00000000E-001
 1.08562500E+000, 0.00000000E+000, 8.63602261E-002, 1.16119679E-001, 5.00000000E-001
 1.13387500E+000, 0.00000000E+000, 8.63687750E-002, 1.21265212E-001, 5.00000000E-001
 1.18212500E+000, 0.00000000E+000, 8.63776005E-002, 1.26408993E-001, 5.00000000E-001
 1.23037500E+000, 0.00000000E+000, 8.63866956E-002, 1.31550962E-001, 5.00000000E-001
 1.27862500E+000, 0.00000000E+000, 8.63960538E-002, 1.36691061E-001, 5.00000000E-001
 1.32687500E+000, 0.00000000E+000, 8.64056682E-002, 1.41829233E-001, 5.00000000E-001
 1.37512500E+000, 0.00000000E+000, 8.64155325E-002, 1.46965422E-001, 5.00000000E-001
 1.42337500E+000, 0.00000000E+000, 8.64256401E-002, 1.52099574E-001, 5.00000000E-001
 1.47162500E+000, 0.00000000E+000, 8.64359848E-002, 1.57231634E-001, 5.00000000E-001
 1.51987500E+000, 0.00000000E+000, 8.64465603E-002, 1.62361548E-001, 5.00000000E-001
 1.56812500E+000, 0.00000000E+000, 8.64573604E-002, 1.67489267E-001, 5.00000000E-001
 1.61637500E+000, 0.00000000E+000, 8.64683792E-002, 1.72614738E-001, 5.00000000E-001
 1.66462500E+000, 0.00000000E+000, 8.64796105E-002, 1.77737913E-001, 5.00000000E-001
 1.71287500E+000, 0.00000000E+000, 8.64910485E-002, 1.82858743E-001, 5.00000000E-001
 1.76112500E+000, 0.00000000E+000, 8.65026873E-002, 1.87977180E-001, 5.00000000E-001
 1.80937500E+000, 0.00000000E+000, 8.65145212E-002, 1.93093179E-001, 5.00000000E-001
 1.85762500E+000, 0.00000000E+000, 8.65265446E-002, 1.98206693E-001, 5.00000000E-001
 1.90587500E+000, 0.00000000E+000, 8.65387520E-002, 2.03317678E-001, 5.00000000E-001
 1.95412500E+000, 0.00000000E+000, 8.65511380E-002, 2.08426089E-001, 5.00000000E-001
 2.00237500E+000, 0.00000000E+000, 8.65636973E-002, 2.13531882E-001, 5.00000000E-001
 2.05062500E+000, 0.00000000E+000, 8.65764247E-002, 2.18635015E-001, 5.00000000E-001
 2.09887500E+000, 0.00000000E+000, 8.65893150E-002, 2.23735444E-001, 5.00000000E-001
 2.14712500E+000, 0.00000000E+000, 8.66023634E-002, 2.28833130E-001, 5.00000000E-001
 2.19537500E+000, 0.00000000E+000, 8.66155647E-002, 2.33928031E-001, 5.00000000E-001
 2.24362500E+000, 0.00000000E+000, 8.66289142E-002, 2.39020107E-001, 5.00000000E-001
 2.29187500E+000, 0.00000000E+000, 8.66424069E-002, 2.44109320E-001, 5.00000000E-001
 2.34012500E+000, 0.00000000E+000, 8.66560381E-002, 2.49195633E-001, 5.00000000E-001
 2.38837500E+000, 0.00000000E+000, 8.66698030E-002, 2.54279008E-001, 5.00000000E-001
 2.43662500E+000, 0.00000000E+000, 8.66836970E-002, 2.59359409E-001, 5.00000000E-001
 2.48487500E+000, 0.00000000E+000, 8.66977155E-002, 2.64436801E-001, 5.00000000E-001
 2.53312500E+000, 0.00000000E+000, 8.67118539E-002, 2.69511149E-001, 5.00000000E-001
 2.58137500E+000, 0.00000000E+000, 8.67261077E-002, 2.74582420E-001, 5.00000000E-001
 2.62962500E+000, 0.00000000E+000, 8.67404727E-002, 2.79650580E-001, 5.00000000E-001
 2.67787500E+000, 0.00000000E+000, 8.67549444E-002, 2.84715596E-001, 5.00000000E-001
 2.72612500E+000, 0.00000000E+000, 8.67695187E-002, 2.89777435E-001, 5.00000000E-001
 2.77437500E+000, 0.00000000E+000, 8.67841915E-002, 2.94836067E-001, 5.00000000E-001
 2.82262500E+000, 0.00000000E+000, 8.67989587E-002, 2.99891460E-001, 5.00000000E-001
 2.87087500E+000, 0.00000000E+000, 8.68138162E-002, 3.04943582E-001, 5.00000000E-001
 2.91912500E+000, 0.00000000E+000, 8.68287602E-002, 3.09992405E-001, 5.00000000E-001
 2.96737500E+000, 0.00000000E+000, 8.68437867E-002, 3.15037899E-001, 5.00000000E-001
 3.01562500E+000, 0.00000000E+000, 8.68588919E-002, 3.20080035E-001, 5.00000000E-001
 3.06387500E+000, 0.00000000E+000, 8.68740719E-002, 3.25118786E-001, 5.00000000E-001
 3.11212500E+000, 0.00000000E+000, 8.68893231E-002, 3.30154124E-001, 5.00000000E-001
 3.16037500E+000, 0.00000000E+000, 8.69046416E-002, 3.35186023E-001, 5.00000000E-001
 3.20862500E+000, 0.00000000E+000, 8.69200238E-002, 3.40214455E-001, 5.00000000E-001
 3.25687500E+000, 0.00000000E+000, 8.69354661E-002, 3.45239396E-001, 5.00000000E-001
 3.30512500E+000, 0.00000000E+000, 8.69509651E-002, 3.50260820E-001, 5.00000000E-001
 3.35337500E+000, 0.00000000E+000, 8.69665173E-002, 3.55278701E-001, 5.00000000E-001
 3.40162500E+000, 0.00000000E+000, 8.69821193E-002, 3.60293015E-001, 5.00000000E-001
 3.44987500E+000, 0.00000000E+000, 8.69977678E-002, 3.65303736E-001, 5.00000000E-001
 3.49812500E+000, 0.00000000E+000, 8.70134597E-002, 3.70310840E-001, 5.00000000E-001
 3.54637500E+000, 0.00000000E+000, 8.70291918E-002, 3.75314302E-001, 5.00000000E-001
 3.59462500E+000, 0.00000000E+000, 8.70449610E-002, 3.80314099E-001, 5.00000000E-001
 3.64287500E+000, 0.00000000E+000, 8.70607640E-002, 3.85310208E-001, 5.00000000E-001
 3.69112500E+000, 0.00000000E+000, 8.70765978E-002, 3.90302608E-001, 5.00000000E-001
 3.73937500E+000, 0.00000000E+000, 8.70924591E-002, 3.95291279E-001, 5.00000000E-001
 3.78762500E+000, 0.00000000E+000, 8.71083445E-002, 4.00276202E-001, 5.00000000E-001
 3.83587500E+000, 0.00000000E+000, 8.71242506E-002, 4.05257362E-001, 5.00000000E-001
 3.88412500E+000, 0.00000000E+000, 8.71401736E-002, 4.10234746E-001, 5.00000000E-001
 3.93237500E+000, 0.00000000E+000, 8.71561096E-002, 4.15208345E-001, 5.00000000E-001
 3.98062500E+000, 0.00000000E+000, 8.71720542E-002, 4.20178155E-001, 5.00000000E-001
 4.02887500E+000, 0.00000000E+000, 8.71880029E-002, 4.25144172E-001, 5.00000000E-001
 4.07712500E+000, 0.00000000E+000, 8.72039524E-002, 4.30106419E-001, 5.00000000E-001
 4.12537500E+000, 0.00000000E+000, 8.72198963E-002, 4.35064876E-001, 5.00000000E-001
 4.17362500E+000, 0.00000000E+000, 8.72358301E-002, 4.40019556E-001, 5.00000000E-001
 4.22187500E+000, 0.00000000E+000, 8.72517493E-002, 4.44970474E-001, 5.00000000E-001
 4.27012500E+000, 0.00000000E+000, 8.72676497E-002, 4.49917642E-001, 5.00000000E-001
 4.31837500E+000, 0.00000000E+000, 8.72835264E-002, 4.54861064E-001, 5.00000000E-001
 4.36662500E+000, 0.00000000E+000, 8.72993743E-002, 4.59800733E-001, 5.00000000E-001
 4.41487500E+000, 0.00000000E+000, 8.73151895E-002, 4.64736637E-001, 5.00000000E-001
 4.46312500E+000, 0.00000000E+000, 8.73309689E-002, 4.69668759E-001, 5.00000000E-001
 4.51137500E+000, 0.00000000E+000, 8.73467106E-002, 4.74597071E-001, 5.00000000E-001
 4.55962500E+000, 0.00000000E+000, 8.73624139E-002, 4.79521536E-001, 5.00000000E-001
 4.60787500E+000, 0.00000000E+000, 8.73780793E-002, 4.84442111E-001, 5.00000000E-001
 4.65612500E+000, 0.00000000E+000, 8.73937086E-002, 4.89358739E-001, 5.00000000E-001
 4.70437500E+000, 0.00000000E+000, 8.74093043E-002, 4.94271359E-001, 5.00000000E-001
 4.75262500E+000, 0.00000000E+000, 8.74248696E-002, 4.99179904E-001, 5.00000000E-001
 4.80087500E+000, 0.00000000E+000, 8.74404080E-002, 5.04084304E-001, 5.00000000E-001
 4.84912500E+000, 0.00000000E+000, 8.74559228E-002, 5.08984493E-001, 5.00000000E-001
 4.89737500E+000, 0.00000000E+000, 8.74714162E-002, 5.13880399E-001, 5.00000000E-001
 4.94562500E+000, 0.00000000E+000, 8.74868902E-002, 5.18771962E-001, 5.00000000E-001
 4.99387500E+000, 0.00000000E+000, 8.75023457E-002, 5.23659130E-001, 5.00000000E-001
 5.04212500E+000, 0.00000000E+000, 8.75177832E-002, 5.28541863E-001, 5.00000000E-001
 5.09037500E+000, 0.00000000E+000, 8.75332022E-002, 5.33420131E-001, 5.00000000E-001
 5.13862500E+000, 0.00000000E+000, 8.75486006E-002, 5.38293905E-001, 5.00000000E-001
 5.18687500E+000, 0.00000000E+000, 8.75639769E-002, 5.43163169E-001, 5.00000000E-001
 5.23512500E+000, 0.00000000E+000, 8.75793282E-002, 5.48027909E-001, 5.00000000E-001
 5.28337500E+000, 0.00000000E+000, 8.75946527E-002, 5.52888125E-001, 5.00000000E-001
 5.33162500E+000, 0.00000000E+000, 8.76099467E-002, 5.57743804E-001, 5.00000000E-001
 5.37987500E+000, 0.00000000E+000, 8.76252078E-002, 5.62594945E-001, 5.00000000E-001
 5.42812500E+000, 0.00000000E+000, 8.76404339E-002, 5.67441552E-001, 5.00000000E-001
 5.47637500E+000, 0.00000000E+000, 8.76556237E-002, 5.72283628E-001, 5.00000000E-001
 5.52462500E+000, 0.00000000E+000, 8.76707724E-002, 5.77121131E-001, 5.00000000E-001
 5.57287500E+000, 0.00000000E+000, 8.76858806E-002, 5.81954069E-001, 5.00000000E-001
 5.62112500E+000, 0.00000000E+000, 8.77009481E-002, 5.86782434E-001, 5.00000000E-001
 5.66937500E+000, 0.00000000E+000, 8.77159713E-002, 5.91606184E-001, 5.00000000E-001
 5.71762500E+000, 0.00000000E+000, 8.77309511E-002, 5.96425322E-001, 5.00000000E-001
 5.76587500E+000, 0.00000000E+000, 8.77458881E-002, 6.01239851E-001, 5.00000000E-001
 5.81412500E+000, 0.00000000E+000, 8.77607773E-002, 6.06049715E-001, 5.00000000E-001
 5.86237500E+000, 0.00000000E+000, 8.77756166E-002, 6.10854890E-001, 5.00000000E-001
 5.91062500E+000, 0.00000000E+000, 8.77904103E-002, 6.15655433E-001, 5.00000000E-001
 5.95887500E+000, 0.00000000E+000, 8.78051551E-002, 6.20451332E-001, 5.00000000E-001
 6.00712500E+000, 0.00000000E+000, 8.78198406E-002, 6.25242525E-001, 5.00000000E-001
 6.05537500E+000, 0.00000000E+000, 8.78344658E-002, 6.30029053E-001, 5.00000000E-001
 6.10362500E+000, 0.00000000E+000, 8.78490346E-002, 6.34811004E-001, 5.00000000E-001
 6.15187500E+000, 0.00000000E+000, 8.78635368E-002, 6.39588285E-001, 5.00000000E-001
 6.20012500E+000, 0.00000000E+000, 8.78779764E-002, 6.44360906E-001, 5.00000000E-001
 6.24837500E+000, 0.00000000E+000, 8.78923510E-002, 6.49128766E-001, 5.00000000E-001
 6.29662500E+000, 0.00000000E+000, 8.79066810E-002, 6.53891977E-001, 5.00000000E-001
 6.34487500E+000, 0.00000000E+000, 8.79209331E-002, 6.58650086E-001, 5.00000000E-001
 6.39312500E+000, 0.00000000E+000, 8.79351597E-002, 6.63403582E-001, 5.00000000E-001
 6.44137500E+000, 0.00000000E+000, 8.79493078E-002, 6.68151891E-001, 5.00000000E-001
 6.48962500E+000, 0.00000000E+000, 8.79634341E-002, 6.72895669E-001, 5.00000000E-001
 6.53787500E+000, 0.00000000E+000, 8.79774612E-002, 6.77634191E-001, 5.00000000E-001
 6.58612500E+000, 0.00000000E+000, 8.79914596E-002, 6.82368304E-001, 5.00000000E-001
 6.63437500E+000, 0.00000000E+000, 8.80053416E-002, 6.87097134E-001, 5.00000000E-001
 6.68262500E+000, 0.00000000E+000, 8.80191932E-002, 6.91821566E-001, 5.00000000E-001
 6.73087500E+000, 0.00000000E+000, 8.80329419E-002, 6.96540728E-001, 5.00000000E-001
 6.77912500E+000, 0.00000000E+000, 8.80466780E-002, 7.01255417E-001, 5.00000000E-001
 6.82737500E+000, 0.00000000E+000, 8.80603109E-002, 7.05964525E-001, 5.00000000E-001
 6.87562500E+000, 0.00000000E+000, 8.80739371E-002, 7.10668993E-001, 5.00000000E-001
 6.92387500E+000, 0.00000000E+000, 8.80874603E-002, 7.15367837E-001, 5.00000000E-001
 6.97212500E+000, 0.00000000E+000, 8.81009657E-002, 7.20062098E-001, 5.00000000E-001
 7.02037500E+000, 0.00000000E+000, 8.81143497E-002, 7.24750839E-001, 5.00000000E-001
 7.06862500E+000, 0.00000000E+000, 8.81277086E-002, 7.29435185E-001, 5.00000000E-001
 7.11687500E+000, 0.00000000E+000, 8.81409595E-002, 7.34114245E-001, 5.00000000E-001
 7.16512500E+000, 0.00000000E+000, 8.81541728E-002, 7.38788669E-001, 5.00000000E-001
 7.21337500E+000, 0.00000000E+000, 8.81672867E-002, 7.43457706E-001, 5.00000000E-001
 7.26162500E+000, 0.00000000E+000, 8.81803460E-002, 7.48121808E-001, 5.00000000E-001
 7.30987500E+000, 0.00000000E+000, 8.81933176E-002, 7.52780667E-001, 5.00000000E-001
 7.35812500E+000, 0.00000000E+000, 8.82062045E-002, 7.57434366E-001, 5.00000000E-001
 7.40637500E+000, 0.00000000E+000, 8.82190214E-002, 7.62083058E-001, 5.00000000E-001
 7.45462500E+000, 0.00000000E+000, 8.82317660E-002, 7.66726639E-001, 5.00000000E-001
 7.50287500E+000, 0.00000000E+000, 8.82444645E-002, 7.71365263E-001, 5.00000000E-001
 7.55112500E+000, 0.00000000E+000, 8.82570850E-002, 7.75998469E-001, 5.00000000E-001
 7.59937500E+000, 0.00000000E+000, 8.82696574E-002, 7.80626493E-001, 5.00000000E-001
 7.64762500E+000, 0.00000000E+000, 8.82821630E-002, 7.85249107E-001, 5.00000000E-001
 7.69587500E+000, 0.00000000E+000, 8.82946182E-002, 7.89866509E-001, 5.00000000E-001
 7.74412500E+000, 0.00000000E+000, 8.83069969E-002, 7.94478467E-001, 5.00000000E-001
 7.79237500E+000, 0.00000000E+000, 8.83192846E-002, 7.99084877E-001, 5.00000000E-001
 7.84062500E+000, 0.00000000E+000, 8.83314971E-002, 8.03685920E-001, 5.00000000E-001
 7.88887500E+000, 0.00000000E+000, 8.83436325E-002, 8.08281559E-001, 5.00000000E-001
 7.93712500E+000, 0.00000000E+000, 8.83557260E-002, 8.12872132E-001, 5.00000000E-001
 7.98537500E+000, 0.00000000E+000, 8.83677507E-002, 8.17457315E-001, 5.00000000E-001
 8.03362500E+000, 0.00000000E+000, 8.83797149E-002, 8.22037168E-001, 5.00000000E-001
 8.08187500E+000, 0.00000000E+000, 8.83916062E-002, 8.26611543E-001, 5.00000000E-001
 8.13012500E+000, 0.00000000E+000, 8.84034286E-002, 8.31180493E-001, 5.00000000E-001
 8.17837500E+000, 0.00000000E+000, 8.84151915E-002, 8.35744150E-001, 5.00000000E-001
 8.22662500E+000, 0.00000000E+000, 8.84268863E-002, 8.40302462E-001, 5.00000000E-001
 8.27487500E+000, 0.00000000E+000, 8.84384977E-002, 8.44855276E-001, 5.00000000E-001
 8.32312500E+000, 0.00000000E+000, 8.84500544E-002, 8.49402873E-001, 5.00000000E-001
 8.37137500E+000, 0.00000000E+000, 8.84614995E-002, 8.53944571E-001, 5.00000000E-001
 8.41962500E+000, 0.00000000E+000, 8.84729087E-002, 8.58481083E-001, 5.00000000E-001
 8.46787500E+000, 0.00000000E+000, 8.84842343E-002, 8.63011747E-001, 5.00000000E-001
 8.51612500E+000, 0.00000000E+000, 8.84954981E-002, 8.67536712E-001, 5.00000000E-001
 8.56437500E+000, 0.00000000E+000, 8.85067210E-002, 8.72056043E-001, 5.00000000E-001
 8.61262500E+000, 0.00000000E+000, 8.85178810E-002, 8.76569592E-001, 5.00000000E-001
 8.66087500E+000, 0.00000000E+000, 8.85289852E-002, 8.81077129E-001, 5.00000000E-001
 8.70912500E+000, 0.00000000E+000, 8.85400545E-002, 8.85579155E-001, 5.00000000E-001
 8.75737500E+000, 0.00000000E+000, 8.85510780E-002, 8.90075038E-001, 5.00000000E-001
 8.80562500E+000, 0.00000000E+000, 8.85620314E-002, 8.94564956E-001, 5.00000000E-001
 8.85387500E+000, 0.00000000E+000, 8.85729720E-002, 8.99049209E-001, 5.00000000E-001
 8.90212500E+000, 0.00000000E+000, 8.85838287E-002, 9.03527415E-001, 5.00000000E-001
 8.95037500E+000, 0.00000000E+000, 8.85946318E-002, 9.07999782E-001, 5.00000000E-001
 8.99862500E+000, 0.00000000E+000, 8.86054153E-002, 9.12466454E-001, 5.00000000E-001
 9.04687500E+000, 0.00000000E+000, 8.86161206E-002, 9.16927008E-001, 5.00000000E-001
 9.09512500E+000, 0.00000000E+000, 8.86268097E-002, 9.21381521E-001, 5.00000000E-001
 9.14337500E+000, 0.00000000E+000, 8.86374443E-002, 9.25829862E-001, 5.00000000E-001
 9.19162500E+000, 0.00000000E+000, 8.86480475E-002, 9.30271973E-001, 5.00000000E-001
 9.23987500E+000, 0.00000000E+000, 8.86586121E-002, 9.34707998E-001, 5.00000000E-001
 9.28812500E+000, 0.00000000E+000, 8.86691352E-002, 9.39137994E-001, 5.00000000E-001
 9.33637500E+000, 0.00000000E+000, 8.86796287E-002, 9.43561452E-001, 5.00000000E-001
 9.38462500E+000, 0.00000000E+000, 8.86900678E-002, 9.47979236E-001, 5.00000000E-001
 9.43287500E+000, 0.00000000E+000, 8.87004242E-002, 9.52391038E-001, 5.00000000E-001
 9.48112500E+000, 0.00000000E+000, 8.87107565E-002, 9.56796611E-001, 5.00000000E-001
 9.52937500E+000, 0.00000000E+000, 8.87210253E-002, 9.61196076E-001, 5.00000000E-001
 9.57762500E+000, 0.00000000E+000, 8.87312110E-002, 9.65589921E-001, 5.00000000E-001
 9.62587500E+000, 0.00000000E+000, 8.87413652E-002, 9.69977195E-001, 5.00000000E-001
 9.67412500E+000, 0.00000000E+000, 8.87514693E-002, 9.74358470E-001, 5.00000000E-001
 9.72237500E+000, 0.00000000E+000, 8.87615242E-002, 9.78733333E-001, 5.00000000E-001
 9.77062500E+000, 0.00000000E+000, 8.87715577E-002, 9.83101851E-001, 5.00000000E-001
 9.81887500E+000, 0.00000000E+000, 8.87815875E-002, 9.87463417E-001, 5.00000000E-001
 9.86712500E+000, 0.00000000E+000, 8.87915910E-002, 9.91818529E-001, 5.00000000E-001
 9.91537500E+000, 0.00000000E+000, 8.88016135E-002, 9.96166671E-001, 5.00000000E-001
 9.96362500E+000, 0.00000000E+000, 8.88116540E-002, 1.00050745E+000, 5.00000000E-001
 1.00118750E+001, 0.00000000E+000, 8.88217153E-002, 1.00484152E+000, 5.00000000E-001
 1.00601250E+001, 0.00000000E+000, 8.88318158E-002, 1.00916814E+000, 5.00000000E-001
 1.01083750E+001, 0.00000000E+000, 8.88419458E-002, 1.01348743E+000, 5.00000000E-001
 1.01566250E+001, 0.00000000E+000, 8.88521171E-002, 1.01779975E+000, 5.00000000E-001
 1.02048750E+001, 0.00000000E+000, 8.88623203E-002, 1.02210415E+000, 5.00000000E-001
 1.02531250E+001, 0.00000000E+000, 8.88725500E-002, 1.02640192E+000, 5.00000000E-001
 1.03013750E+001, 0.00000000E+000, 8.88828095E-002, 1.03069175E+000, 5.00000000E-001
 1.03496250E+001, 0.00000000E+000, 8.88930769E-002, 1.03497468E+000, 5.00000000E-001
 1.03978750E+001, 0.00000000E+000, 8.89033639E-002, 1.03925040E+000, 5.00000000E-001
 1.04461250E+001, 0.00000000E+000, 8.89136537E-002, 1.04351849E+000, 5.00000000E-001
 1.04943750E+001, 0.00000000E+000, 8.89239298E-002, 1.04778028E+000, 5.00000000E-001
 1.05426250E+001, 0.00000000E+000, 8.89342175E-002, 1.05203419E+000, 5.00000000E-001
 1.05908750E+001, 0.00000000E+000, 8.89444714E-002, 1.05628160E+000, 5.00000000E-001
 1.06391250E+001, 0.00000000E+000, 8.89547321E-002, 1.06052142E+000, 5.00000000E-001
 1.06873750E+001, 0.00000000E+000, 8.89649538E-002, 1.06475426E+000, 5.00000000E-001
 1.07356250E+001, 0.00000000E+000, 8.89751813E-002, 1.06897986E+000, 5.00000000E-001
 1.07838750E+001, 0.00000000E+000, 8.89853820E-002, 1.07319796E+000, 5.00000000E-001
 1.08321250E+001, 0.00000000E+000, 8.89955784E-002, 1.07740867E+000, 5.00000000E-001
 1.08803750E+001, 0.00000000E+000, 8.90058330E-002, 1.08161226E+000, 5.00000000E-001
 1.09286250E+001, 0.00000000E+000, 8.90158774E-002, 1.08580564E+000, 5.00000000E-001
 1.09768750E+001, 0.00000000E+000, 8.90844567E-002, 1.09090422E+000, 5.00000000E-001
 1.10251250E+001, 0.00000000E+000, 1.01702992E-001, 9.41704480E-001, 5.00000000E-001
 1.10733750E+001, 0.00000000E+000, 1.69327202E-001, 3.38542050E-001, 5.00000000E-001
 1.11216250E+001, 0.00000000E+000, 2.02351131E-001, 9.10363214E-002, 5.00000000E-001
 1.11698750E+001, 0.00000000E+000, 2.07853800E-001, 5.77342114E-002, 5.00000000E-001
 1.12181250E+001, 0.00000000E+000, 2.09101656E-001, 5.77409150E-002, 5.00000000E-001
 1.12663750E+001, 0.00000000E+000, 2.09591257E-001, 5.97676316E-002, 5.00000000E-001
 1.13146250E+001, 0.00000000E+000, 2.10137210E-001, 6.22346889E-002, 5.00000000E-001
 1.13628750E+001, 0.00000000E+000, 2.10714621E-001, 6.45291441E-002, 5.00000000E-001
 1.14111250E+001, 0.00000000E+000, 2.11282289E-001, 6.68831062E-002, 5.00000000E-001
 1.14593750E+001, 0.00000000E+000, 2.11846363E-001, 6.92505204E-002, 5.00000000E-001
 1.15076250E+001, 0.00000000E+000, 2.12413629E-001, 7.16117208E-002, 5.00000000E-001
 1.15558750E+001, 0.00000000E+000, 2.12978798E-001, 7.39892491E-002, 5.00000000E-001
 1.16041250E+001, 0.00000000E+000, 2.13541882E-001, 7.63654641E-002, 5.00000000E-001
 1.16523750E+001, 0.00000000E+000, 2.14106154E-001, 7.87433678E-002, 5.00000000E-001
 1.17006250E+001, 0.00000000E+000, 2.14670849E-001, 8.11448909E-002, 5.00000000E-001
 1.17488750E+001, 0.00000000E+000, 2.15236296E-001, 8.35550914E-002, 5.00000000E-001
 1.17971250E+001, 0.00000000E+000, 2.15799490E-001, 8.59564830E-002, 5.00000000E-001
 1.18453750E+001, 0.00000000E+000, 2.16361216E-001, 8.83541019E-002, 5.00000000E-001
 1.18936250E+001, 0.00000000E+000, 2.16922256E-001, 9.07522504E-002, 5.00000000E-001
 1.19418750E+001, 0.00000000E+000, 2.17483214E-001, 9.31548879E-002, 5.00000000E-001
 1.19901250E+001, 0.00000000E+000, 2.18044691E-001, 9.55638958E-002, 5.00000000E-001
 1.20383750E+001, 0.00000000E+000, 2.18605779E-001, 9.79712139E-002, 5.00000000E-001
 1.20866250E+001, 0.00000000E+000, 2.19164632E-001, 1.00363938E-001, 5.00000000E-001
 1.21348750E+001, 0.00000000E+000, 2.19721824E-001, 1.02744963E-001, 5.00000000E-001
 1.21831250E+001, 0.00000000E+000, 2.20278504E-001, 1.05121549E-001, 5.00000000E-001
 1.22313750E+001, 0.00000000E+000, 2.20835513E-001, 1.07497251E-001, 5.00000000E-001
 1.22796250E+001, 0.00000000E+000, 2.21393554E-001, 1.09876501E-001, 5.00000000E-001
 1.23278750E+001, 0.00000000E+000, 2.21950363E-001, 1.12245337E-001, 5.00000000E-001
 1.23761250E+001, 0.00000000E+000, 2.22505753E-001, 1.14602906E-001, 5.00000000E-001
 1.24243750E+001, 0.00000000E+000, 2.23061387E-001, 1.16960208E-001, 5.00000000E-001
 1.24726250E+001, 0.00000000E+000, 2.23615218E-001, 1.19305301E-001, 5.00000000E-001
 1.25208750E+001, 0.00000000E+000, 2.24164460E-001, 1.21620652E-001, 5.00000000E-001
 1.25691250E+001, 0.00000000E+000, 2.24709761E-001, 1.23911657E-001, 5.00000000E-001
 1.26173750E+001, 0.00000000E+000, 2.25253597E-001, 1.26195669E-001, 5.00000000E-001
 1.26656250E+001, 0.00000000E+000, 2.25796713E-001, 1.28478540E-001, 5.00000000E-001
 1.27138750E+001, 0.00000000E+000, 2.26336812E-001, 1.30746063E-001, 5.00000000E-001
 1.27621250E+001, 0.00000000E+000, 2.26871026E-001, 1.32980335E-001, 5.00000000E-001
 1.28103750E+001, 0.00000000E+000, 2.27398074E-001, 1.35173740E-001, 5.00000000E-001
 1.28586250E+001, 0.00000000E+000, 2.27918679E-001, 1.37331498E-001, 5.00000000E-001
 1.29068750E+001, 0.00000000E+000, 2.28434612E-001, 1.39465233E-001, 5.00000000E-001
 1.29551250E+001, 0.00000000E+000, 2.28946366E-001, 1.41577876E-001, 5.00000000E-001
 1.30033750E+001, 0.00000000E+000, 2.29452199E-001, 1.43657789E-001, 5.00000000E-001
 1.30516250E+001, 0.00000000E+000, 2.29949592E-001, 1.45688707E-001, 5.00000000E-001
 1.30998750E+001, 0.00000000E+000, 2.30436772E-001, 1.47659727E-001, 5.00000000E-001
 1.31481250E+001, 0.00000000E+000, 2.30912668E-001, 1.49564865E-001, 5.00000000E-001
 1.31963750E+001, 0.00000000E+000, 2.31376418E-001, 1.51399757E-001, 5.00000000E-001
 1.32446250E+001, 0.00000000E+000, 2.31826767E-001, 1.53157706E-001, 5.00000000E-001
 1.32928750E+001, 0.00000000E+000, 2.32263762E-001, 1.54840565E-001, 5.00000000E-001
 1.33411250E+001, 0.00000000E+000, 2.32687609E-001, 1.56450707E-001, 5.00000000E-001
 1.33893750E+001, 0.00000000E+000, 2.33096748E-001, 1.57977708E-001, 5.00000000E-001
 1.34376250E+001, 0.00000000E+000, 2.33487017E-001, 1.59392638E-001, 5.00000000E-001
 1.34858750E+001, 0.00000000E+000, 2.33853258E-001, 1.60658610E-001, 5.00000000E-001
 1.35341250E+001, 0.00000000E+000, 2.34190679E-001, 1.61739722E-001, 5.00000000E-001
 1.35823750E+001, 0.00000000E+000, 2.34495921E-001, 1.62609232E-001, 5.00000000E-001
 1.36306250E+001, 0.00000000E+000, 2.34769724E-001, 1.63273162E-001, 5.00000000E-001
 1.36788750E+001, 0.00000000E+000, 2.35013565E-001, 1.63758679E-001, 5.00000000E-001
 1.37271250E+001, 0.00000000E+000, 2.35225037E-001, 1.64082145E-001, 5.00000000E-001
 1.37753750E+001, 0.00000000E+000, 2.35408741E-001, 1.64290318E-001, 5.00000000E-001
 1.38236250E+001, 0.00000000E+000, 2.35574061E-001, 1.64417680E-001, 5.00000000E-001
 1.38718750E+001, 0.00000000E+000, 2.35721586E-001, 1.64435308E-001, 5.00000000E-001
 1.39201250E+001, 0.00000000E+000, 2.35850127E-001, 1.64108650E-001, 5.00000000E-001
 1.39683750E+001, 0.00000000E+000, 2.36240690E-001, 1.65469766E-001, 5.00000000E-001
 1.40166250E+001, 0.00000000E+000, 2.36543327E-001, 1.80327493E-001, 4.66750000E-001
 1.40648750E+001, 0.00000000E+000, 2.36278198E-001, 2.20067835E-001, 3.70250000E-001
 1.41131250E+001, 0.00000000E+000, 2.34728522E-001, 3.01652726E-001, 2.73750000E-001
 1.41613750E+001, 0.00000000E+000, 2.31599046E-001, 4.56865757E-001, 1.77250000E-001
 1.42096250E+001, 0.00000000E+000, 2.06525068E-001, 7.73086448E-001, 1.00000000E-001
 1.42578750E+001, 0.00000000E+000, 1.73250324E-001, 1.07282920E+000, 1.00000000E-001
 1.43061250E+001, 0.00000000E+000, 1.67880270E-001, 1.11105422E+000, 1.00000000E-001
 1.43543750E+001, 0.00000000E+000, 1.66998206E-001, 1.11514182E+000, 1.00000000E-001
 1.44026250E+001, 0.00000000E+000, 1.66228783E-001, 1.11837794E+000, 1.00000000E-001
 1.44508750E+001, 0.00000000E+000, 1.65463391E-001, 1.12160930E+000, 1.00000000E-001
 1.44991250E+001, 0.00000000E+000, 1.64701764E-001, 1.12483602E+000, 1.00000000E-001
 1.45473750E+001, 0.00000000E+000, 1.63941172E-001, 1.12803746E+000, 1.00000000E-001
 1.45956250E+001, 0.00000000E+000, 1.63183329E-001, 1.13122721E+000, 1.00000000E-001
 1.46438750E+001, 0.00000000E+000, 1.62428889E-001, 1.13441154E+000, 1.00000000E-001
 1.46921250E+001, 0.00000000E+000, 1.61676651E-001, 1.13758140E+000, 1.00000000E-001
 1.47403750E+001, 0.00000000E+000, 1.60924340E-001, 1.14071862E+000, 1.00000000E-001
 1.47886250E+001, 0.00000000E+000, 1.60174166E-001, 1.14383799E+000, 1.00000000E-001
 1.48368750E+001, 0.00000000E+000, 1.59426841E-001, 1.14694411E+000, 1.00000000E-001
 1.48851250E+001, 0.00000000E+000, 1.58680579E-001, 1.15003027E+000, 1.00000000E-001
 1.49333750E+001, 0.00000000E+000, 1.57933828E-001, 1.15310634E+000, 1.00000000E-001
 1.49816250E+001, 0.00000000E+000, 1.57178805E-001, 1.15624166E+000, 1.00000000E-001
 1.50298750E+001, 0.00000000E+000, 1.56350701E-001, 1.15995108E+000, 1.00000000E-001
 1.50781250E+001, 0.00000000E+000, 1.55078756E-001, 1.16718309E+000, 1.00000000E-001
 1.51263750E+001, 0.00000000E+000, 1.51788897E-001, 1.19057789E+000, 1.00000000E-001
 1.51746250E+001, 0.00000000E+000, 1.13018688E-001, 1.44307836E+000, 1.00000000E-001
 1.52228750E+001, 0.00000000E+000, 6.61201936E-002, 1.71742264E+000, 1.45750000E-001
 1.52711250E+001, 0.00000000E+000, 4.07026679E-002, 1.83767600E+000, 2.42250000E-001
 1.53193750E+001, 0.00000000E+000, 2.92490581E-002, 1.88846576E+000, 3.38750000E-001
 1.53676250E+001, 0.00000000E+000, 2.28966140E-002, 1.90120510E+000, 4.35250000E-001
 1.54158750E+001, 0.00000000E+000, 2.04793501E-002, 1.89344166E+000, 5.00000000E-001
 1.54641250E+001, 0.00000000E+000, 2.06114523E-002, 1.87812082E+000, 5.00000000E-001
 1.55123750E+001, 0.00000000E+000, 2.07878586E-002, 1.86049419E+000, 5.00000000E-001
 1.55606250E+001, 0.00000000E+000, 2.09791574E-002, 1.84231860E+000, 5.00000000E-001
 1.56088750E+001, 0.00000000E+000, 2.11754929E-002, 1.82408839E+000, 5.00000000E-001
 1.56571250E+001, 0.00000000E+000, 2.13735579E-002, 1.80612593E+000, 5.00000000E-001
 1.57053750E+001, 0.00000000E+000, 2.15722736E-002, 1.78848151E+000, 5.00000000E-001
 1.57536250E+001, 0.00000000E+000, 2.17713267E-002, 1.77114112E+000, 5.00000000E-001
 1.58018750E+001, 0.00000000E+000, 2.19705867E-002, 1.75409321E+000, 5.00000000E-001
 1.58501250E+001, 0.00000000E+000, 2.21699580E-002, 1.73733320E+000, 5.00000000E-001
 1.58983750E+001, 0.00000000E+000, 2.23694132E-002, 1.72085426E+000, 5.00000000E-001
 1.59466250E+001, 0.00000000E+000, 2.25690051E-002, 1.70464688E+000, 5.00000000E-001
 1.59948750E+001, 0.00000000E+000, 2.27687604E-002, 1.68869600E+000, 5.00000000E-001
 1.60431250E+001, 0.00000000E+000, 2.29685577E-002, 1.67299615E+000, 5.00000000E-001
 1.60913750E+001, 0.00000000E+000, 2.31683038E-002, 1.65755330E+000, 5.00000000E-001
 1.61396250E+001, 0.00000000E+000, 2.33680984E-002, 1.64236070E+000, 5.00000000E-001
 1.61878750E+001, 0.00000000E+000, 2.35676202E-002, 1.62740491E+000, 5.00000000E-001
 1.62361250E+001, 0.00000000E+000, 2.37670400E-002, 1.61267995E+000, 5.00000000E-001
 1.62843750E+001, 0.00000000E+000, 2.39665477E-002, 1.59817317E+000, 5.00000000E-001
 1.63326250E+001, 0.00000000E+000, 2.41664162E-002, 1.58387517E+000, 5.00000000E-001
 1.63808750E+001, 0.00000000E+000, 2.43670774E-002, 1.56976795E+000, 5.00000000E-001
 1.64291250E+001, 0.00000000E+000, 2.45688760E-002, 1.55583111E+000, 5.00000000E-001
 1.64773750E+001, 0.00000000E+000, 2.47719635E-002, 1.54206366E+000, 5.00000000E-001
 1.65256250E+001, 0.00000000E+000, 2.49763346E-002, 1.52846210E+000, 5.00000000E-001
 1.65738750E+001, 0.00000000E+000, 2.51818037E-002, 1.51502770E+000, 5.00000000E-001
 1.66221250E+001, 0.00000000E+000, 2.53881602E-002, 1.50176976E+000, 5.00000000E-001
 1.66703750E+001, 0.00000000E+000, 2.55952701E-002, 1.48868336E+000, 5.00000000E-001
 1.67186250E+001, 0.00000000E+000, 2.58030152E-002, 1.47576454E+000, 5.00000000E-001
 1.67668750E+001, 0.00000000E+000, 2.60113958E-002, 1.46301405E+000, 5.00000000E-001
 1.68151250E+001, 0.00000000E+000, 2.62204968E-002, 1.45041759E+000, 5.00000000E-001
 1.68633750E+001, 0.00000000E+000, 2.64303668E-002, 1.43797242E+000, 5.00000000E-001
 1.69116250E+001, 0.00000000E+000, 2.66411709E-002, 1.42568115E+000, 5.00000000E-001
 1.69598750E+001, 0.00000000E+000, 2.68531077E-002, 1.41353013E+000, 5.00000000E-001
 1.70081250E+001, 0.00000000E+000, 2.70663110E-002, 1.40152400E+000, 5.00000000E-001
 1.70563750E+001, 0.00000000E+000, 2.72810163E-002, 1.38966260E+000, 5.00000000E-001
 1.71046250E+001, 0.00000000E+000, 2.74973517E-002, 1.37792895E+000, 5.00000000E-001
 1.71528750E+001, 0.00000000E+000, 2.77153081E-002, 1.36633003E+000, 5.00000000E-001
 1.72011250E+001, 0.00000000E+000, 2.79349557E-002, 1.35485550E+000, 5.00000000E-001
 1.72493750E+001, 0.00000000E+000, 2.81562077E-002, 1.34348663E+000, 5.00000000E-001
 1.72976250E+001, 0.00000000E+000, 2.83789788E-002, 1.33223202E+000, 5.00000000E-001
 1.73458750E+001, 0.00000000E+000, 2.86034013E-002, 1.32107507E+000, 5.00000000E-001
 1.73941250E+001, 0.00000000E+000, 2.88295172E-002, 1.31000426E+000, 5.00000000E-001
 1.74423750E+001, 0.00000000E+000, 2.90575159E-002, 1.29903360E+000, 5.00000000E-001
 1.74906250E+001, 0.00000000E+000, 2.92877738E-002, 1.28814380E+000, 5.00000000E-001
 1.75388750E+001, 0.00000000E+000, 2.95204695E-002, 1.27733301E+000, 5.00000000E-001
 1.75871250E+001, 0.00000000E+000, 2.97558595E-002, 1.26661111E+000, 5.00000000E-001
 1.76353750E+001, 0.00000000E+000, 2.99942006E-002, 1.25595708E+000, 5.00000000E-001
 1.76836250E+001, 0.00000000E+000, 3.02355336E-002, 1.24537431E+000, 5.00000000E-001
 1.77318750E+001, 0.00000000E+000, 3.04800049E-002, 1.23486223E+000, 5.00000000E-001
 1.77801250E+001, 0.00000000E+000, 3.07277741E-002, 1.22440410E+000, 5.00000000E-001
 1.78283750E+001, 0.00000000E+000, 3.09789955E-002, 1.21400215E+000, 5.00000000E-001
 1.78766250E+001, 0.00000000E+000, 3.12339176E-002, 1.20364378E+000, 5.00000000E-001
 1.79248750E+001, 0.00000000E+000, 3.14928029E-002, 1.19332382E+000, 5.00000000E-001
 1.79731250E+001, 0.00000000E+000, 3.17560467E-002, 1.18303702E+000, 5.00000000E-001
 1.80213750E+001, 0.00000000E+000, 3.20240540E-002, 1.17276938E+000, 5.00000000E-001
 1.80696250E+001, 0.00000000E+000, 3.22972518E-002, 1.16252222E+000, 5.00000000E-001
 1.81178750E+001, 0.00000000E+000, 3.25762064E-002, 1.15228484E+000, 5.00000000E-001
 1.81661250E+001, 0.00000000E+000, 3.28614795E-002, 1.14204519E+000, 5.00000000E-001
 1.82143750E+001, 0.00000000E+000, 3.31537044E-002, 1.13179513E+000, 5.00000000E-001
 1.82626250E+001, 0.00000000E+000, 3.34540557E-002, 1.12151519E+000, 5.00000000E-001
 1.83108750E+001, 0.00000000E+000, 3.37661769E-002, 1.11114354E+000, 5.00000000E-001
 1.83591250E+001, 0.00000000E+000, 3.41040237E-002, 1.10044712E+000, 5.00000000E-001
 1.84073750E+001, 0.00000000E+000, 3.45216849E-002, 1.08853308E+000, 5.00000000E-001
 1.84556250E+001, 0.00000000E+000, 3.52117174E-002, 1.07226341E+000, 5.00000000E-001
 1.85038750E+001, 0.00000000E+000, 3.67233511E-002, 1.04293873E+000, 5.00000000E-001
 1.85521250E+001, 0.00000000E+000, 3.97743659E-002, 9.89315916E-001, 5.00000000E-001
 1.86003750E+001, 0.00000000E+000, 4.22937425E-002, 9.46102301E-001, 5.00000000E-001
 1.86486250E+001, 0.00000000E+000, 4.30847294E-002, 9.32168717E-001, 5.00000000E-001
 1.86968750E+001, 0.00000000E+000, 4.31770213E-002, 9.26414004E-001, 5.00000000E-001
 1.87451250E+001, 0.00000000E+000, 4.31235988E-002, 9.23709918E-001, 5.00000000E-001
 1.87933750E+001, 0.00000000E+000, 4.30139513E-002, 9.22458321E-001, 5.00000000E-001
 1.88416250E+001, 0.00000000E+000, 4.28729789E-002, 9.21552708E-001, 5.00000000E-001
 1.88898750E+001, 0.00000000E+000, 4.27178069E-002, 9.20643787E-001, 5.00000000E-001
 1.89381250E+001, 0.00000000E+000, 4.25575635E-002, 9.19699540E-001, 5.00000000E-001
 1.89863750E+001, 0.00000000E+000, 4.23845778E-002, 9.18705499E-001, 5.00000000E-001
 1.90346250E+001, 0.00000000E+000, 4.21852068E-002, 9.18200281E-001, 5.00000000E-001
 1.90828750E+001, 0.00000000E+000, 4.19633823E-002, 9.18194284E-001, 5.00000000E-001
 1.91311250E+001, 0.00000000E+000, 4.17199687E-002, 9.18363990E-001, 5.00000000E-001
 1.91793750E+001, 0.00000000E+000, 4.14541035E-002, 9.18787250E-001, 5.00000000E-001
 1.92276250E+001, 0.00000000E+000, 4.11645333E-002, 9.19507464E-001, 5.00000000E-001
 1.92758750E+001, 0.00000000E+000, 4.06806957E-002, 9.21225912E-001, 5.00000000E-001
