x, y
-0.013661160836837683, 0.0032580338278138466
2.9644810735437215, 0.003040839350057053
2.991803395217397, 0.013032164476621116
3.02595652660824, 0.02780191394066196
3.087431979672757, 0.037141626468590046
3.1693989446937842, 0.04083406383460029
3.24453555859514, 0.044743710261050056
3.360655655007009, 0.04604692087563903
3.469945400299207, 0.047350131490228035
3.531420853363726, 0.04778454961110717
3.6065574672650813, 0.04908776022569617
3.668032461732102, 0.05125977791667783
3.743169075633459, 0.047350131490228035
3.8524592795231536, 0.04908776022569617
3.9549182150981848, 0.05104258343892107
4.064207501792886, 0.05256300311394962
4.159836086248247, 0.05343181019034228
4.207650378475928, 0.052345794053510045
4.269125372942949, 0.05582103694176349
4.378415576832645, 0.05582103694176349
4.4467209224193365, 0.054300617266734914
4.521857536320692, 0.05408340820629536
4.576503096863037, 0.0551694243431276
4.637978091330059, 0.05364900466809902
4.6584700618840635, 0.0551694243431276
4.73360667578542, 0.05647263495771657
4.829235260240781, 0.05799305463274516
4.904371874142137, 0.06038228138416637
5.054645101944847, 0.06103389398280226
5.239071002540905, 0.0638575242724198
5.3961745814632875, 0.06407471875017656
5.5259567559069875, 0.06429192781061614
5.614754072047686, 0.06364031521198024
5.669398715395036, 0.06494354040925203
5.710382656503045, 0.06298871719602714
5.778688919284731, 0.062119910119634504
5.860655884305756, 0.06320591167378391
5.942622849326782, 0.06450912228837291
5.983606790434793, 0.06668115456203735
6.051913053216479, 0.0651607348870088
6.086065726009824, 0.06841876871482269
6.1475407204768455, 0.06798436517662636
6.222677334378202, 0.07059080098848715
6.270491626605882, 0.07037359192804757
6.359289859941573, 0.07102520452668348
6.448087176082269, 0.07254562420171201
6.54371576053763, 0.07558644896908634
6.646174696112661, 0.07515204543088999
6.775955953361368, 0.07471764189269368
6.857923835577387, 0.07536925449132957
6.994535443945765, 0.07536925449132957
7.015027414499769, 0.0771068686441149
7.096994379520797, 0.07536925449132957
7.172130993422153, 0.07623806156772224
7.226775636769504, 0.07884448279690023
7.274589928997184, 0.0821025312073969
7.295081899551189, 0.08622937211160346
7.3360658406592, 0.09057342207624955
7.356557811213203, 0.094048664964503
7.377048864572215, 0.10034752355969119
7.377048864572215, 0.10512597706253364
7.424863156799896, 0.10881842901122667
7.472677449027576, 0.11381407699182587
7.493169419581582, 0.12337098399751072
7.520491741255255, 0.13075587331221397
7.547814062928932, 0.13466551973866372
7.609289974590946, 0.13401390714002784
7.616120325710618, 0.14900087295584966
7.691256939611974, 0.1372719409678417
7.711748910165977, 0.14487402476030173
7.766393553513328, 0.14052997479565563
7.7937158751870035, 0.15464813353508475
7.868852489088361, 0.15356212468959393
7.889344459642366, 0.15638575497921148
7.9234971324357115, 0.15225890678366352
7.964481073543721, 0.18266724924484487
8.0122953657714, 0.1920069544814316
8.0122953657714, 0.19678540798427402
8.060109657999082, 0.19548219007834364
8.128415003585772, 0.20308427387080366
8.203551617487129, 0.21307558806035554
8.258197178029475, 0.21937445759255583
8.326502523616165, 0.22415291109539828
8.367486464724175, 0.22610773430862316
8.510929341407218, 0.2165508273029383
8.538251663080892, 0.20655951675905707
8.579234686993908, 0.20417029000763587
8.606557008667584, 0.2139443987824189
8.661202569209927, 0.21350999159855188
8.72267756367695, 0.219591659361654
8.68169362256894, 0.22132928080578074
8.72267756367695, 0.2265421378468195
8.790983826458636, 0.23218940207172528
8.866120440359992, 0.23609904485250438
9.002732048728369, 0.2245873146335946
9.05054634095605, 0.22306689860423676
9.180327598204755, 0.2295829735512059
9.28961780209445, 0.2315377931187601
9.323770474887796, 0.22827975564527553
9.351092796561472, 0.22219808788217338
9.378415118235147, 0.22046047008371736
9.467213351570837, 0.22610773430862316
9.48087405381018, 0.23392701987018133
9.57650263826554, 0.235230234130441
9.596994608819545, 0.23262380560992163
9.699453544394576, 0.23501303236134286
9.781420509415604, 0.2248045200483635
9.842896421077617, 0.23414422163927948
10.00683035111967, 0.22675933961591765