x, y
0.04713261681826481, 0.30019762785866166
0.43205030601365807, 0.2996047442826768
0.6127256008529194, 0.2869565248399241
0.6991356620556511, 0.27015810377963695
0.8483897397545612, 0.24861660084295856
1.0761976514120875, 0.22252964388855057
1.2254517291109979, 0.21205533420820377
1.3589944071319944, 0.2035573163829856
1.547525401810213, 0.19387351813728526
1.783189013306696, 0.18577075602939033
2.0895523411383143, 0.17806324963881864
2.5923018360819485, 0.16976285303800587
2.9615081255994293, 0.16561264810334325
3.362136687067578, 0.16205533337892172
3.8570304821722554, 0.15909090886474125
4.273370443318317, 0.15671937456080184
4.76040801117888, 0.1549407171985911
5.066771339010498, 0.1539525712710268
5.514533044702071, 0.1529644253434625
5.765907001066149, 0.15177865819149278
5.985860267695038, 0.14920948939463555
6.237235278869433, 0.14545455344580863
6.410055401274897, 0.1422924944387103
6.637863840337582, 0.13715415684499585
6.959937513036795, 0.13023716188907064
7.305577757847724, 0.12411067836779185
7.855459869609624, 0.1150197703323326
8.350353664714302, 0.10750987189765386
8.90809094891, 0.10098815919607677