x, y
-0.01381211370918008, 0.0033713869556413405
4.288674057485174, 0.003090430183300836
4.371546739740255, 0.04453029031676669
4.399170967158615, 0.051132576410634734
4.447513596973196, 0.05478490127612768
4.502762979139717, 0.05773486250450277
4.5580114339764375, 0.0684108897598856
4.633978291209378, 0.06602283264494704
4.6685083436498775, 0.07796312765088427
4.716850973464458, 0.08414398801748603
4.785912005675259, 0.0899034226568215
4.854972110556259, 0.08259877292583559
4.86878468793034, 0.09046532677025804
4.8964089153487, 0.09467954631794306
4.937845720141141, 0.0911676904073759
5.020718402396221, 0.08484636108584835
5.04834262981458, 0.09102722145245011
5.096685259629162, 0.08962247531572547
5.124309487047522, 0.08695347085969088
5.317680006305844, 0.08835820756517107
5.386740111186844, 0.0899034226568215
5.435082741001424, 0.08498683004077415
5.504143773212224, 0.09004390104299176
5.511049598234365, 0.0928533838851966
5.559392228048946, 0.0969271297623336
5.607734857863524, 0.09931519159289438
5.628453260259745, 0.10128182769618889
5.662983312700245, 0.10479367889113382
5.6975142924705455, 0.10226514810564724
5.752762747307266, 0.10451273155003776
5.780386974725628, 0.09762950283069592
5.828729604540206, 0.1038103631972977
5.8632596569807065, 0.09959613893399043
5.925414864169368, 0.09664618242123758
5.973757493983948, 0.09496049365903911
6.056630176239029, 0.09833187118343603
6.118784456097889, 0.09229148920300452
6.146408683516249, 0.09875329219508007
6.18784548830869, 0.10184372237838096
6.21546971572705, 0.10451273155003776
6.346685027796711, 0.10015803361618249
6.43646446240373, 0.10746268806279062
6.498618742262592, 0.10296751645838734
6.588398176869614, 0.10310799012893537
6.581492351847472, 0.10886742948389307
6.664365034102554, 0.10310799012893537
6.698895086543054, 0.10577699930059217
6.761050293731714, 0.10423178420894173
6.802486171194355, 0.10563652563004416
6.830110398612715, 0.10338893747003142
6.8922656058013745, 0.10184372237838096
6.995856690452675, 0.10310799012893537
7.071823547685616, 0.10563652563004416
7.230663087173637, 0.1078841090744347
7.285911542010357, 0.10633889398278427
7.375690976617379, 0.10718174072169459
7.417127781409819, 0.10451273155003776
7.513812113709181, 0.10352941585620165
7.596685723294061, 0.10928885049553713
7.617403198360482, 0.10647936765333228
7.714088457989643, 0.10928885049553713
7.790055315222584, 0.10324846379948338
7.941989029688464, 0.11589113187378294
7.990331659503044, 0.10971027150718117
8.100829496506286, 0.1005794593434488
8.190608003783506, 0.10760316173333866
8.273480686038589, 0.10100088035509286
8.328730068205108, 0.10802458274498272
8.397790173086108, 0.1046532052205858
8.56353646492607, 0.1059174729711402
8.58425486732229, 0.10774363540388669
8.667127549577371, 0.10605794664168822
8.736188581788172, 0.10985074989335142
8.839779666439473, 0.10338893747003142
8.901933946298332, 0.10676031971005055
8.984806628553413, 0.1046532052205858
9.012430855971772, 0.10816505641553073
9.143647095371234, 0.1059174729711402
9.247238180022535, 0.10872695581334503
9.343923439651697, 0.1038103631972977
9.412983544532697, 0.10774363540388669
9.475138751721357, 0.10549605195949614
9.544198856602357, 0.1104126445755435
9.675415096001817, 0.11223880700828998
9.7928178306974, 0.11181738599664592
9.88259726530442, 0.112379280678838
9.97237577258164, 0.10985074989335142