x, y
0.03151285987595742, 0.2997368428956769
0.4201681739015639, 0.2997368428956769
0.5987401062145021, 0.2868421006136651
0.7352946569467931, 0.2700000017668072
0.7983196714605939, 0.2626315763436525
0.8718492076790839, 0.25342105119023617
0.9558825603641519, 0.24289473168116832
1.0294120965826425, 0.23526315798772668
1.1239499709723995, 0.22657894704295656
1.2184878453621573, 0.2178947360981864
1.3550423960944482, 0.20868421094477013
1.4915969468267398, 0.20026314827028688
1.670168173901564, 0.19263158341088144
1.8067227246338549, 0.18552631509204975
2.016806811584637, 0.17894736098186426
2.321428772925176, 0.17315788701868412
2.6155462125610245, 0.16921052161980182
2.9201681739015646, 0.1647368420122733
3.1407567825570366, 0.161578939092324
3.319327304393747, 0.16052631067503165
3.539915913049218, 0.15947368225773936
3.66596594207682, 0.15710525948479548
3.7710083381712676, 0.15710525948479548
3.9075635941416724, 0.15631577933779006
4.0231098067026965, 0.15657894527614932
4.191176512072833, 0.15500000265021088
4.359243217442965, 0.155526316858857
4.548318966222481, 0.15236841393890768
4.621848502440972, 0.15289472814755384
4.705881855126038, 0.15157895145997466
4.821428067687062, 0.15236841393890768
4.9579833236574675, 0.15078947131296921
5.147059072436983, 0.15236841393890768
5.252100058055202, 0.15184209973026153
5.367646270616226, 0.15078947131296921
5.577731062805123, 0.1497368428956769
5.819327304393748, 0.1502631571043231
5.913865884021619, 0.14868421447838465
6.071428772925177, 0.14815788260166607
6.260504521704691, 0.14710525418437376
6.49159694682674, 0.14763156839301994
6.628150792320919, 0.14526314562007603
6.733193188415366, 0.14605262576708145
6.964285613537414, 0.14421051720278372
7.121848502440971, 0.14447368314114298
7.258402347935149, 0.1455263115584353
7.394957603905554, 0.14210526036819912
7.542016676342535, 0.1428947405152045
7.741596241588627, 0.1400000035336145
7.888655314025608, 0.13842104323960364
8.077731062805123, 0.1352631579877267
8.224790135242106, 0.1342105295704344
8.434873516954774, 0.13210525506777737
8.61344544926771, 0.13026314650347964
8.792015971104423, 0.12657894704295655
9.012604579759895, 0.12552631862566424
9.138654608787494, 0.12315789585272036
9.317226541100432, 0.12184210149706877
9.516806106346525, 0.11973684466248417
9.737394715001995, 0.11894736451547874
9.863444744029596, 0.11657894174253484
9.9894947730572, 0.11657894174253484