x, y
0.020491971493761446, 0.0029800186320031188
5.443989581948465, 0.0030104258604410285
5.5601092250880555, 0.026424848198639016
5.607923519508486, 0.029161598284866422
5.642077111063101, 0.028827107032989123
5.683060136855588, 0.03189834888148776
5.744536051336874, 0.027975672992304253
5.7718583742635445, 0.031685490626513504
5.806011048623123, 0.027975672992304253
5.792350345757306, 0.03369244120014086
5.853825343043555, 0.028066897739981538
5.833333371549793, 0.03390529971031208
5.908469988896895, 0.027823631746175442
5.908469988896895, 0.0339661162087636
5.963114634750236, 0.02283666356133281
6.017760197798613, 0.0339661162087636
6.0587432235911, 0.030225890580525553
6.0519128721581925, 0.023049522326700995
6.099727166578624, 0.025938314169451134
6.147541460999056, 0.02086012123693122
6.154371812431965, 0.024904430633411693
6.236338781211976, 0.020039096466259957
6.256830752705738, 0.024904430633411693
6.297814695693261, 0.0221372717875646
6.290983427065316, 0.024265855358095
6.3524593415465995, 0.02235013055293278
6.379781664473272, 0.023657688332004073
6.427595958893704, 0.02298870480746162
6.489070956179953, 0.019735011932426643
6.543715602033293, 0.021681147028390323
6.632513839441249, 0.022258904784467647
6.673497782428772, 0.025086881149554114
6.734972779715022, 0.022897480059784335
6.782787074135452, 0.02231972128291917
6.8647540429154645, 0.021285837746879727
6.89890763447008, 0.02076889648925393
6.94672192889051, 0.02192441302219642
6.960382631756327, 0.021255429497653966
6.987704954682999, 0.023019114077475235
7.056011220597194, 0.01930929644326598
7.062841572030102, 0.02149869651224791
7.110655866450534, 0.02086012123693122
7.1448085408101125, 0.02380973059892073
7.22677642678516, 0.02201563879066155
7.301913044132261, 0.024782797636508647
7.3838800129122735, 0.022897480059784335
7.39071036434518, 0.02605994716635418
7.4590166302593754, 0.02423544710886924
7.500000573246898, 0.022380538802158543
7.52732289617357, 0.019978279967808436
7.575137190594, 0.02280625531210705
7.575137190594, 0.021012163503847874
7.629781836447341, 0.022258904784467647
7.677596130867773, 0.020951345984608502
7.704918453794445, 0.023140747074378278
7.7732247197086375, 0.02295829655823586
7.766393451080692, 0.027154648221632993
7.827869365561978, 0.02277584706288129
7.868852391354467, 0.02551259765950262
7.923497954402842, 0.02609035643636779
7.984972951689091, 0.024752389387282886
7.984972951689091, 0.027033014203942093
8.039617597542431, 0.022897480059784335
8.135246186383295, 0.025938314169451134
8.148907806444148, 0.023961771845049537
8.196721183669544, 0.024326671856546522
8.23087477522416, 0.022198088286016122
8.306011392571262, 0.02484361413496017
8.34699441836375, 0.023019114077475235
8.374317658485456, 0.020951345984608502
8.422131035710853, 0.02286707181055857
8.510929273118808, 0.021985229520647943
8.55191321610633, 0.02286707181055857
8.61338821339258, 0.024904430633411693
8.709016802233444, 0.020799304738479695
8.749999828025931, 0.02377932234969497
8.818306093940125, 0.02295829655823586
8.845628416866797, 0.025938314169451134
8.900273062720137, 0.02286707181055857
8.961748977201422, 0.024691571868043515
8.995901651561, 0.02192441302219642
9.036885594548522, 0.02387054709737225
9.139344534822298, 0.026880972957813293
9.207650800736491, 0.023657688332004073
9.289617769516502, 0.024904430633411693
9.310109741010264, 0.02192441302219642
9.35109276680275, 0.022897480059784335
9.426229384149853, 0.02317115532360404
9.487705298631138, 0.024357080105772286
9.562841915978241, 0.025755864674096567
9.583333887472003, 0.02505647290032835
9.631148181892433, 0.024874022384185932
9.678962476312865, 0.02377932234969497
9.706284799239535, 0.021194612999202445
9.760929445092879, 0.023961771845049537
9.836066062439981, 0.024934838882637454
9.85655803393374, 0.023961771845049537
9.883880356860411, 0.0259687224186769
9.911202679787081, 0.024752389387282886
9.959016974207515, 0.025725456424870806
9.972677677073332, 0.025147697648005635