   5000.8469981703411      ,         149
 X,ZB,H,U,Q,0,0,0,0
   0.0000000000000000      ,  -0.0000000000000000      ,  0.99896526224544313      ,   2.5018055964865355E-002 ,   2.4992168837812891E-002
   10.000000000000000      ,  -7.4100000000000002E-006 ,  0.99896514867241704      ,   2.5025598010279069E-002 ,   2.4999700236954574E-002
   20.000000000000000      ,  -1.4820000000000000E-005 ,  0.99896497906127635      ,   2.5033157342882743E-002 ,   2.5007247500870498E-002
   30.000000000000000      ,  -2.2229999999999999E-005 ,  0.99896475405637564      ,   2.5040742668786697E-002 ,   2.5014819341513495E-002
   40.000000000000000      ,  -2.9640000000000001E-005 ,  0.99896447460411719      ,   2.5048362385218931E-002 ,   2.5022424169843762E-002
   50.000000000000000      ,  -3.7060000000000001E-005 ,  0.99906446769349955      ,   2.5370323511927313E-002 ,   2.5346588754655536E-002
   60.000000000000000      ,  -5.0470000000000003E-005 ,  0.99918732028256596      ,   2.6385292135681328E-002 ,   2.6363849343924089E-002
   70.000000000000000      ,  -6.5850000000000001E-005 ,  0.99921483036977399      ,   2.7858928009093425E-002 ,   2.7837054024890031E-002
   80.000000000000000      ,  -8.3709999999999996E-005 ,  0.99924755148836331      ,   2.9505593389746954E-002 ,   2.9483391949915880E-002
   90.000000000000000      ,  -1.0474000000000000E-004 ,  0.99928696407976947      ,   3.1357794063530814E-002 ,   3.1335434829984327E-002
   100.00000000000000      ,  -1.2990000000000001E-004 ,  0.99915620927213278      ,   3.2896217612340725E-002 ,   3.2868460088937533E-002
   110.00000000000000      ,  -1.4040999999999999E-004 ,  0.99897584303495290      ,   3.3457920320784894E-002 ,   3.3423654158652373E-002
   120.00000000000000      ,  -1.5092999999999999E-004 ,  0.99897209890388672      ,   3.3466310679589252E-002 ,   3.3431910622158834E-002
   130.00000000000000      ,  -1.6144000000000000E-004 ,  0.99896831633061067      ,   3.3474828784725422E-002 ,   3.3440293350532620E-002
   140.00000000000000      ,  -1.7195000000000001E-004 ,  0.99896451014341936      ,   3.3483479155036973E-002 ,   3.3448807352008905E-002
   150.00000000000000      ,  -1.8246000000000001E-004 ,  0.99913967081614552      ,   3.4053034355310936E-002 ,   3.4023737536056260E-002
   160.00000000000000      ,  -2.1838000000000001E-004 ,  0.99938152551222281      ,   3.5900447402279767E-002 ,   3.5878243891461672E-002
   170.00000000000000      ,  -2.6294000000000003E-004 ,  0.99946325046685536      ,   3.8671613431135746E-002 ,   3.8650856460680637E-002
   180.00000000000000      ,  -3.1934999999999998E-004 ,  0.99956810947832386      ,   4.1904452714236949E-002 ,   4.1886354578293643E-002
   190.00000000000000      ,  -3.9248000000000001E-004 ,  0.99970561404183866      ,   4.5725337379355878E-002 ,   4.5711876482099206E-002
   200.00000000000000      ,  -4.8987000000000000E-004 ,  0.99910087052425367      ,   4.7837620726332714E-002 ,   4.7794608511488097E-002
   210.00000000000000      ,  -4.2606000000000002E-004 ,  0.99835410503559807      ,   4.5805368954073132E-002 ,   4.5729978127969050E-002
   220.00000000000000      ,  -3.7773000000000000E-004 ,  0.99840408948431092      ,   4.1988857133250353E-002 ,   4.1921846674609631E-002
   230.00000000000000      ,  -3.4036000000000000E-004 ,  0.99844172032765266      ,   3.8762557167100468E-002 ,   3.8702154262218777E-002
   240.00000000000000      ,  -3.1097999999999998E-004 ,  0.99847063770391642      ,   3.5999559354924000E-002 ,   3.5944502986170954E-002
   250.00000000000000      ,  -2.8758000000000001E-004 ,  0.99866699176897333      ,   3.4151022094848361E-002 ,   3.4105498501297953E-002
   260.00000000000000      ,  -2.9808999999999999E-004 ,  0.99884677562506907      ,   3.3587155092102285E-002 ,   3.3548421566165484E-002
   270.00000000000000      ,  -3.0860000000000002E-004 ,  0.99884325194397006      ,   3.3598037060838526E-002 ,   3.3559172596781976E-002
   280.00000000000000      ,  -3.1911000000000000E-004 ,  0.99883980652675219      ,   3.3609042784047076E-002 ,   3.3570049791966920E-002
   290.00000000000000      ,  -3.2962999999999997E-004 ,  0.99883645606927784      ,   3.3620164960623547E-002 ,   3.3581046421733735E-002
   300.00000000000000      ,  -3.4014000000000001E-004 ,  0.99892230214359845      ,   3.3910622523817970E-002 ,   3.3874077118614808E-002
   310.00000000000000      ,  -3.7022999999999998E-004 ,  0.99903634127634877      ,   3.4799322144104604E-002 ,   3.4765787473743287E-002
   320.00000000000000      ,  -4.0359000000000000E-004 ,  0.99906407078500958      ,   3.6051717596675914E-002 ,   3.6017975740926599E-002
   330.00000000000000      ,  -4.4074000000000001E-004 ,  0.99909560148145704      ,   3.7396371584836323E-002 ,   3.7362550361776117E-002
   340.00000000000000      ,  -4.8231000000000001E-004 ,  0.99913160149050761      ,   3.8843907476885972E-002 ,   3.8810175485530181E-002
   350.00000000000000      ,  -5.2910000000000001E-004 ,  0.99904447678899932      ,   4.0004196828339028E-002 ,   3.9965971889732110E-002
   360.00000000000000      ,  -5.4279999999999997E-004 ,  0.99890963147918377      ,   4.0420749087744422E-002 ,   4.0376675575351337E-002
   370.00000000000000      ,  -5.5650000000000003E-004 ,  0.99890407255235580      ,   4.0432713805709383E-002 ,   4.0388402484866963E-002
   380.00000000000000      ,  -5.7019000000000004E-004 ,  0.99889864669893824      ,   4.0444726529139989E-002 ,   4.0400182596066578E-002
   390.00000000000000      ,  -5.8388999999999999E-004 ,  0.99889338085138057      ,   4.0456774758070836E-002 ,   4.0412004516432169E-002
   400.00000000000000      ,  -5.9758999999999995E-004 ,  0.99857677706667691      ,   3.9492764197167789E-002 ,   3.9436557189462061E-002
   412.50000000000000      ,  -5.2559999999999998E-004 ,  0.99827646323415975      ,   3.6857250326955131E-002 ,   3.6793725500928846E-002
   425.00000000000000      ,  -4.7154000000000000E-004 ,  0.99809327496225730      ,   3.3139626548975495E-002 ,   3.3076438393293120E-002
   435.00000000000000      ,  -3.8486000000000000E-004 ,  0.99832352850391248      ,   3.0005912573180769E-002 ,   2.9955608516037738E-002
   450.00000000000000      ,  -3.9780000000000002E-004 ,  0.99851044570072855      ,   2.8437758648788759E-002 ,   2.8395399063131814E-002
   460.00000000000000      ,  -3.7033999999999998E-004 ,  0.99835250550630106      ,   2.7050278703254632E-002 ,   2.7005713518037999E-002
   470.00000000000000      ,  -3.4832999999999999E-004 ,  0.99848724672580458      ,   2.5756199991960799E-002 ,   2.5717237216092127E-002
   475.00000000000000      ,  -3.5202999999999998E-004 ,  0.99861606960770666      ,   2.5358980265453659E-002 ,   2.5323885201946731E-002
   487.50000000000000      ,  -3.6130000000000000E-004 ,  0.99862034465281502      ,   2.5368069887449708E-002 ,   2.5333070694181725E-002
   500.00000000000000      ,  -3.7055999999999998E-004 ,  0.99837998633150915      ,   2.4620429258272014E-002 ,   2.4580543826349503E-002
   505.00000000000000      ,  -3.2593999999999999E-004 ,  0.99827681185210004      ,   2.2909726399311096E-002 ,   2.2870248630308173E-002
   517.50000000000000      ,  -3.1520000000000002E-004 ,  0.99839168529561817      ,   2.1400347880141644E-002 ,   2.1365929385967125E-002
   530.00000000000000      ,  -3.0654000000000000E-004 ,  0.99847910869159340      ,   2.0592172964095667E-002 ,   2.0560854507213368E-002
   540.00000000000000      ,  -3.1253999999999999E-004 ,  0.99856534360361937      ,   2.0345189769775188E-002 ,   2.0316001413136400E-002
   550.00000000000000      ,  -3.1854000000000002E-004 ,  0.99873513260531976      ,   2.0874908826250298E-002 ,   2.0848504834709052E-002
   565.00000000000000      ,  -3.6546000000000001E-004 ,  0.99901091671436038      ,   2.2662628752719963E-002 ,   2.2640213525411991E-002
   575.00000000000000      ,  -4.2614999999999998E-004 ,  0.99890795817714795      ,   2.4708268241819764E-002 ,   2.4681285779529449E-002
   587.50000000000000      ,  -4.3541000000000001E-004 ,  0.99866543958983844      ,   2.5497608286083651E-002 ,   2.5463580187511235E-002
   600.00000000000000      ,  -4.4466999999999998E-004 ,  0.99877327685185879      ,   2.5829781243595088E-002 ,   2.5798095253032147E-002
   610.00000000000000      ,  -4.8153999999999997E-004 ,  0.99892670298710451      ,   2.6865741693593747E-002 ,   2.6836906773284791E-002
   620.00000000000000      ,  -5.2448999999999996E-004 ,  0.99898798314945658      ,   2.8367411178104218E-002 ,   2.8338702879985682E-002
   630.00000000000000      ,  -5.7505999999999996E-004 ,  0.99906024236684376      ,   3.0044819554900244E-002 ,   3.0016584706386726E-002
   640.00000000000000      ,  -6.3531000000000004E-004 ,  0.99914640036026980      ,   3.1930971650782049E-002 ,   3.1903715384884707E-002
   650.00000000000000      ,  -7.0805000000000000E-004 ,  0.99889190369082947      ,   3.2944316943209914E-002 ,   3.2907811467196998E-002
   660.00000000000000      ,  -6.5459999999999997E-004 ,  0.99851777880562764      ,   3.1965643722296065E-002 ,   3.1918263567679121E-002
   670.00000000000000      ,  -6.1079000000000005E-004 ,  0.99851221707224846      ,   3.0089751164340796E-002 ,   3.0044984146258197E-002
   680.00000000000000      ,  -5.7452000000000002E-004 ,  0.99850846274915728      ,   2.8422522167194996E-002 ,   2.8380128916619722E-002
   690.00000000000000      ,  -5.4423999999999998E-004 ,  0.99850617577591083      ,   2.6930976794252038E-002 ,   2.6890746648738400E-002
   700.00000000000000      ,  -5.1878999999999998E-004 ,  0.99860508026746997      ,   2.5901957254660754E-002 ,   2.5865826103375077E-002
   710.00000000000000      ,  -5.2620000000000000E-004 ,  0.99871586398757028      ,   2.5580886592701472E-002 ,   2.5548037254997904E-002
   720.00000000000000      ,  -5.3361000000000001E-004 ,  0.99872268452830659      ,   2.5585872034294539E-002 ,   2.5553190804088365E-002
   730.00000000000000      ,  -5.4102000000000002E-004 ,  0.99872970472152622      ,   2.5590497967783777E-002 ,   2.5557990479041507E-002
   740.00000000000000      ,  -5.4843000000000003E-004 ,  0.99873692392827540      ,   2.5594763283392916E-002 ,   2.5562435150328206E-002
   750.00000000000000      ,  -5.5584000000000004E-004 ,  0.99911491587095513      ,   2.6759761705470685E-002 ,   2.6736077065088151E-002
   760.00000000000000      ,  -7.1973999999999996E-004 ,  0.99994871464563695      ,   3.1221284472906240E-002 ,   3.1219683278268379E-002
   770.00000000000000      ,  -1.0372100000000000E-003 ,   1.0008881695558203      ,   3.9865789114163538E-002 ,   3.9901196694373489E-002
   780.00000000000000      ,  -1.7906000000000000E-003 ,   1.0030982139786531      ,   5.5303739665924473E-002 ,   5.5475082485229227E-002
   790.00000000000000      ,  -4.4023999999999999E-003 ,   1.0107974152632402      ,   9.1856652573577821E-002 ,   9.2848466996105924E-002
   800.00000000000000      ,  -3.0285540000000000E-002 ,   1.0150772053437174      ,   7.7351474398367912E-002 ,   7.8517718461511399E-002
   810.00000000000000      ,  -1.3796800000000001E-003 ,  0.99619421827114152      ,   2.7091647109989455E-002 ,   2.6988542214413574E-002
   820.00000000000000      ,  -6.0771999999999996E-004 ,  0.99832338959209210      ,   1.4892971374042191E-002 ,   1.4868001663231798E-002
   830.00000000000000      ,  -6.2662000000000004E-004 ,  0.99888277383078850      ,   1.3418283395383935E-002 ,   1.3403292138028716E-002
   840.00000000000000      ,  -6.4634999999999996E-004 ,  0.99890621500015886      ,   1.3633091269351270E-002 ,   1.3618179598619390E-002
   850.00000000000000      ,  -6.6697999999999996E-004 ,  0.99893080875576890      ,   1.3854813316967972E-002 ,   1.3839999871879012E-002
   860.00000000000000      ,  -6.8855000000000001E-004 ,  0.99895659837633044      ,   1.4083816297881765E-002 ,   1.4069121221089092E-002
   870.00000000000000      ,  -7.1113999999999997E-004 ,  0.99898367002717048      ,   1.4320483116456966E-002 ,   1.4305928780240311E-002
   880.00000000000000      ,  -7.3483000000000001E-004 ,  0.99901211042312832      ,   1.4565222773710741E-002 ,   1.4550833941947778E-002
   890.00000000000000      ,  -7.5969999999999998E-004 ,  0.99904200661870601      ,   1.4818471853532215E-002 ,   1.4804275855575640E-002
   900.00000000000000      ,  -7.8584000000000000E-004 ,  0.99912144599226937      ,   1.5231048479479101E-002 ,   1.5217667180795515E-002
   910.00000000000000      ,  -8.5884000000000004E-004 ,  0.99926136099312435      ,   1.5997660214654378E-002 ,   1.5985843718801091E-002
   920.00000000000000      ,  -9.4649000000000003E-004 ,  0.99937267857251499      ,   1.7028476515979711E-002 ,   1.7017794187783812E-002
   930.00000000000000      ,  -1.0531799999999999E-003 ,  0.99950736958891473      ,   1.8201649815014022E-002 ,   1.8192683128783221E-002
   940.00000000000000      ,  -1.1850500000000000E-003 ,  0.99967281516593776      ,   1.9548870940521278E-002 ,   1.9542474846426499E-002
   950.00000000000000      ,  -1.3509200000000000E-003 ,  0.99954768383552550      ,   2.0072434562234242E-002 ,   2.0063355475621387E-002
   960.00000000000000      ,  -1.1444400000000000E-003 ,  0.99909065104235595      ,   1.8866413830324794E-002 ,   1.8849257676573708E-002
   970.00000000000000      ,  -9.9678000000000006E-004 ,  0.99901191607506978      ,   1.7028674901841189E-002 ,   1.7011849141907818E-002
   980.00000000000000      ,  -8.8772999999999999E-004 ,  0.99895583967262258      ,   1.5516702353233301E-002 ,   1.5500500428224330E-002
   990.00000000000000      ,  -8.0508999999999995E-004 ,  0.99891515321777635      ,   1.4250818569529485E-002 ,   1.4235358614860277E-002
   1000.0000000000000      ,  -7.4111999999999995E-004 ,  0.99896244528667244      ,   1.3417137217037942E-002 ,   1.3403216203079042E-002
   1010.0000000000000      ,  -7.4852999999999996E-004 ,  0.99905655877354926      ,   1.3161352891388147E-002 ,   1.3148935928474544E-002
   1020.0000000000000      ,  -7.5593999999999998E-004 ,  0.99907016179465946      ,   1.3158573895275215E-002 ,   1.3146338550539592E-002
   1030.0000000000000      ,  -7.6336000000000004E-004 ,  0.99908401433281480      ,   1.3155814464106052E-002 ,   1.3143763926616783E-002
   1040.0000000000000      ,  -7.7077000000000005E-004 ,  0.99909809855874554      ,   1.3153081790039763E-002 ,   1.3141219006616389E-002
   1050.0000000000000      ,  -7.7817999999999995E-004 ,  0.99911242658728550      ,   1.3150382144529614E-002 ,   1.3138710214971094E-002
   1060.0000000000000      ,  -7.8558999999999996E-004 ,  0.99912700042753211      ,   1.3147721478742743E-002 ,   1.3136243523512874E-002
   1070.0000000000000      ,  -7.9299999999999998E-004 ,  0.99914182196088319      ,   1.3145105283193037E-002 ,   1.3133824442517122E-002
   1080.0000000000000      ,  -8.0040999999999999E-004 ,  0.99915689291880450      ,   1.3142538581750705E-002 ,   1.3131458014407547E-002
   1090.0000000000000      ,  -8.0782000000000000E-004 ,  0.99917221486059515      ,   1.3140025928328851E-002 ,   1.3129148810133986E-002
   1100.0000000000000      ,  -8.1523000000000001E-004 ,  0.99918778915127959      ,   1.3137571406157619E-002 ,   1.3126900928135699E-002
   1110.0000000000000      ,  -8.2264999999999997E-004 ,  0.99920362693993481      ,   1.3135178498346198E-002 ,   1.3124717996050968E-002
   1120.0000000000000      ,  -8.3005999999999998E-004 ,  0.99921970913751423      ,   1.3132850617867517E-002 ,   1.3122603174532005E-002
   1130.0000000000000      ,  -8.3746999999999999E-004 ,  0.99923604639694075      ,   1.3130590325930678E-002 ,   1.3120559164140887E-002
   1140.0000000000000      ,  -8.4488000000000000E-004 ,  0.99925263909201767      ,   1.3128399866701987E-002 ,   1.3118588213857254E-002
   1150.0000000000000      ,  -8.5229000000000001E-004 ,  0.99926948729796816      ,   1.3126281047279423E-002 ,   1.3116692132243946E-002
   1160.0000000000000      ,  -8.5970000000000003E-004 ,  0.99928659077265369      ,   1.3124235251045167E-002 ,   1.3114872300515208E-002
   1170.0000000000000      ,  -8.6711000000000004E-004 ,  0.99930394893874130      ,   1.3122263452997508E-002 ,   1.3113129687594934E-002
   1180.0000000000000      ,  -8.7452000000000005E-004 ,  0.99932156086692336      ,   1.3120366236862201E-002 ,   1.3111464866966816E-002
   1190.0000000000000      ,  -8.8194000000000000E-004 ,  0.99933943526048097      ,   1.3118543682736345E-002 ,   1.3109878035345688E-002
   1200.0000000000000      ,  -8.8935000000000001E-004 ,  0.99935755044024865      ,   1.3116795912197951E-002 ,   1.3108369032438812E-002
   1210.0000000000000      ,  -8.9676000000000003E-004 ,  0.99937591433266626      ,   1.3115122322617506E-002 ,   1.3106937362750631E-002
   1220.0000000000000      ,  -9.0417000000000004E-004 ,  0.99939452445747490      ,   1.3113522134864618E-002 ,   1.3105582217935596E-002
   1230.0000000000000      ,  -9.1158000000000005E-004 ,  0.99941337791781981      ,   1.3111994285963791E-002 ,   1.3104302500574224E-002
   1240.0000000000000      ,  -9.1898999999999995E-004 ,  0.99943247139176328      ,   1.3110537453829780E-002 ,   1.3103096848755371E-002
   1250.0000000000000      ,  -9.2639999999999997E-004 ,  0.99945180112542020      ,   1.3109150082647018E-002 ,   1.3101963661325013E-002
   1260.0000000000000      ,  -9.3380999999999998E-004 ,  0.99947136292777439      ,   1.3107830408802508E-002 ,   1.3100901123711969E-002
   1270.0000000000000      ,  -9.4123000000000004E-004 ,  0.99949116216741252      ,   1.3106576356246265E-002 ,   1.3099907234340510E-002
   1280.0000000000000      ,  -9.4864000000000005E-004 ,  0.99951117377018284      ,   1.3105386087274573E-002 ,   1.3098979830803232E-002
   1290.0000000000000      ,  -9.5604999999999996E-004 ,  0.99953140222037296      ,   1.3104257242646352E-002 ,   1.3098116616798786E-002
   1300.0000000000000      ,  -9.6345999999999997E-004 ,  0.99955184156190147      ,   1.3103187492442114E-002 ,   1.3097315188401388E-002
   1310.0000000000000      ,  -9.7086999999999998E-004 ,  0.99957248540225341      ,   1.3102174431299291E-002 ,   1.3096573060467688E-002
   1320.0000000000000      ,  -9.7827999999999999E-004 ,  0.99959332691806912      ,   1.3101215604359780E-002 ,   1.3095887692632915E-002
   1330.0000000000000      ,  -9.8569000000000000E-004 ,  0.99961435886252736      ,   1.3100308532663547E-002 ,   1.3095256514779767E-002
   1340.0000000000000      ,  -9.9310000000000002E-004 ,  0.99963557357451260      ,   1.3099450737850507E-002 ,   1.3094676951842264E-002
   1350.0000000000000      ,  -1.0005200000000000E-003 ,  0.99965697298971701      ,   1.3098639635355501E-002 ,   1.3094146448162610E-002
   1360.0000000000000      ,  -1.0079300000000000E-003 ,  0.99967852865265305      ,   1.3097873081377175E-002 ,   1.3093662490470327E-002
   1370.0000000000000      ,  -1.0153400000000000E-003 ,  0.99970024173205674      ,   1.3097148609163629E-002 ,   1.3093222630581550E-002
   1380.0000000000000      ,  -1.0227500000000000E-003 ,  0.99972210303609799      ,   1.3096463973987317E-002 ,   1.3092824506411093E-002
   1390.0000000000000      ,  -1.0301600000000000E-003 ,  0.99974410303009620      ,   1.3095817042154031E-002 ,   1.3092465862254529E-002
   1400.0000000000000      ,  -1.0375700000000000E-003 ,  0.99976623185555502      ,   1.3095205809620996E-002 ,   1.3092144567657756E-002
   1410.0000000000000      ,  -1.0449800000000000E-003 ,  0.99978847935059523      ,   1.3094628419337884E-002 ,   1.3091858635030911E-002
   1420.0000000000000      ,  -1.0523900000000001E-003 ,  0.99981083507171231      ,   1.3094083177107125E-002 ,   1.3091606235801934E-002
   1430.0000000000000      ,  -1.0598000000000001E-003 ,  0.99983328831676699      ,   1.3093568566108790E-002 ,   1.3091385715253607E-002
   1440.0000000000000      ,  -1.0672200000000000E-003 ,  0.99985583814927315      ,   1.3093083128872272E-002 ,   1.3091195605776694E-002
   1450.0000000000000      ,  -1.0746300000000000E-003 ,  0.99987845342291581      ,   1.3092626002297733E-002 ,   1.3091034638422110E-002
   1460.0000000000000      ,  -1.0820400000000000E-003 ,  0.99990113280869652      ,   1.3092196141962355E-002 ,   1.3090901753301805E-002
   1470.0000000000000      ,  -1.0894500000000001E-003 ,  0.99992386482106121      ,   1.3091792853764940E-002 ,   1.3090796107773389E-002
   1480.0000000000000      ,  -1.0968600000000001E-003 ,  0.99994663784567739      ,   1.3091415669627085E-002 ,   1.3090717083483821E-002
   1490.0000000000000      ,  -1.1042700000000001E-003 ,  0.99996944016759826      ,   1.3091064352151601E-002 ,   1.3090664291419038E-002
   1500.0000000000000      ,  -1.1116800000000001E-003 ,  0.99999225999966079      ,   1.3090738897136273E-002 ,   1.3090637574812769E-002
