   5000.7316157005380      ,          30
 X,ZB,H,U,Q,0,0,0,0
   0.0000000000000000      ,  -0.0000000000000000      ,   1.0030141056527566      ,   2.4865988285351460E-002 ,   2.4940937001203718E-002
   50.000000000000000      ,  -3.7060000000000001E-005 ,   1.0030145179227983      ,   2.4861826205304055E-002 ,   2.4936772625993441E-002
   100.00000000000000      ,  -1.2990000000000001E-004 ,   1.0030314428670859      ,   3.3090717051261577E-002 ,   3.3191029669433381E-002
   150.00000000000000      ,  -1.8246000000000001E-004 ,   1.0030181245558918      ,   3.3085595300842832E-002 ,   3.3185451748466606E-002
   200.00000000000000      ,  -4.8987000000000000E-004 ,   1.0031463105090070      ,   4.9460831400809868E-002 ,   4.9616450534430465E-002
   250.00000000000000      ,  -2.8758000000000001E-004 ,   1.0029041686834916      ,   3.3081644815623812E-002 ,   3.3177719492495740E-002
   300.00000000000000      ,  -3.4014000000000001E-004 ,   1.0028905095825151      ,   3.3078583399434022E-002 ,   3.3174197361726110E-002
   350.00000000000000      ,  -5.2910000000000001E-004 ,   1.0029731633003038      ,   3.9637457478827562E-002 ,   3.9755306112720969E-002
   400.00000000000000      ,  -5.9758999999999995E-004 ,   1.0029590564492510      ,   3.9671960755013433E-002 ,   3.9789352326339990E-002
   425.00000000000000      ,  -4.7154000000000000E-004 ,   1.0028099904419141      ,   3.3130926095143627E-002 ,   3.3224023680802746E-002
   435.00000000000000      ,  -3.8486000000000000E-004 ,   1.0027201530522476      ,   2.8414141886121909E-002 ,   2.8491432700900439E-002
   450.00000000000000      ,  -3.9780000000000002E-004 ,   1.0027188216462779      ,   2.8406382778342391E-002 ,   2.8483614666732604E-002
   470.00000000000000      ,  -3.4832999999999999E-004 ,   1.0026659255083001      ,   2.4866170129877394E-002 ,   2.4932461487120364E-002
   475.00000000000000      ,  -3.5202999999999998E-004 ,   1.0026595762652089      ,   2.4862426781204601E-002 ,   2.4928550301367387E-002
   500.00000000000000      ,  -3.7055999999999998E-004 ,   1.0026673132415491      ,   2.4861777475003961E-002 ,   2.4928091623271486E-002
   505.00000000000000      ,  -3.2593999999999999E-004 ,   1.0026195315765187      ,   2.2102208020640161E-002 ,   2.2160105452461012E-002
   530.00000000000000      ,  -3.0654000000000000E-004 ,   1.0025952632161983      ,   1.9888221331517523E-002 ,   1.9939836500774820E-002
   550.00000000000000      ,  -3.1854000000000002E-004 ,   1.0025980997092481      ,   1.9890285099776764E-002 ,   1.9941962043711355E-002
   565.00000000000000      ,  -3.6546000000000001E-004 ,   1.0026326370494585      ,   2.2100226758180491E-002 ,   2.2158408633945512E-002
   575.00000000000000      ,  -4.2614999999999998E-004 ,   1.0026766820990218      ,   2.4851403310063337E-002 ,   2.4917922616438954E-002
   600.00000000000000      ,  -4.4466999999999998E-004 ,   1.0026751964522012      ,   2.4826020044855061E-002 ,   2.4892434525601331E-002
   650.00000000000000      ,  -7.0805000000000000E-004 ,   1.0028675740774522      ,   3.3029983027510673E-002 ,   3.3124698950619050E-002
   700.00000000000000      ,  -5.1878999999999998E-004 ,   1.0026521671054915      ,   2.4808143576565526E-002 ,   2.4873938918907604E-002
   750.00000000000000      ,  -5.5584000000000004E-004 ,   1.0025500382112598      ,   2.4483347340700526E-002 ,   2.4545780811958857E-002
   800.00000000000000      ,  -3.0285540000000000E-002 ,   1.0291206979734084      ,  0.20063652379516780      ,  0.20647919940704146     
   820.00000000000000      ,  -6.0771999999999996E-004 ,   1.0003255456155744      ,   2.4572258259511336E-002 ,   2.4580257650452481E-002
   900.00000000000000      ,  -7.8584000000000000E-004 ,   1.0003366274248220      ,   2.8393728931055077E-002 ,   2.8403287038906232E-002
   950.00000000000000      ,  -1.3509200000000000E-003 ,   1.0007844735139675      ,   3.9691637955165629E-002 ,   3.9722774993867442E-002
   1000.0000000000000      ,  -7.4111999999999995E-004 ,   1.0000757905813156      ,   2.4671971756107670E-002 ,   2.4673841659189268E-002
   1500.0000000000000      ,  -1.1116800000000001E-003 ,   1.0001730838362506      ,   2.4425507010219876E-002 ,   2.4429734670675572E-002
