   5001.2768381132100      ,          30
 X,ZB,H,U,Q,0,0,0,0
   0.0000000000000000      ,  -0.0000000000000000      ,   1.0005818465860528      ,   2.4919397526609523E-002 ,   2.4933896792986871E-002
   50.000000000000000      ,  -3.7060000000000001E-005 ,   1.0011054107748238      ,   2.6539053990599023E-002 ,   2.6568390546833864E-002
   100.00000000000000      ,  -1.2990000000000001E-004 ,   1.0014244632339138      ,   3.0705578250488322E-002 ,   3.0749317217782204E-002
   150.00000000000000      ,  -1.8246000000000001E-004 ,   1.0015372016837598      ,   3.6227180900215747E-002 ,   3.6282869383693427E-002
   200.00000000000000      ,  -4.8987000000000000E-004 ,   1.0007800303492951      ,   3.9230137719353839E-002 ,   3.9260738417381959E-002
   250.00000000000000      ,  -2.8758000000000001E-004 ,  0.99953633296992983      ,   3.6266736632791591E-002 ,   3.6249920942726728E-002
   300.00000000000000      ,  -3.4014000000000001E-004 ,   1.0009443788785088      ,   3.4633993259637147E-002 ,   3.4666700871349966E-002
   350.00000000000000      ,  -5.2910000000000001E-004 ,   1.0011854928959818      ,   3.7923213360491252E-002 ,   3.7968171060522915E-002
   400.00000000000000      ,  -5.9758999999999995E-004 ,  0.99996440740903136      ,   3.7987754742326137E-002 ,   3.7986402659709775E-002
   425.00000000000000      ,  -4.7154000000000000E-004 ,  0.99952953131284661      ,   3.3381201202546701E-002 ,   3.3365496392641338E-002
   435.00000000000000      ,  -3.8486000000000000E-004 ,  0.99998816669874235      ,   2.9541960222322555E-002 ,   2.9541610643407504E-002
   450.00000000000000      ,  -3.9780000000000002E-004 ,   1.0000156895471666      ,   2.7494882023967462E-002 ,   2.7495313406215815E-002
   470.00000000000000      ,  -3.4832999999999999E-004 ,   1.0000154327127988      ,   2.5714045051465649E-002 ,   2.5714441888937824E-002
   475.00000000000000      ,  -3.5202999999999998E-004 ,   1.0002672560504786      ,   2.4897867123081490E-002 ,   2.4904521228714147E-002
   500.00000000000000      ,  -3.7055999999999998E-004 ,   1.0000359767116085      ,   2.4145327163044947E-002 ,   2.4146195832516985E-002
   505.00000000000000      ,  -3.2593999999999999E-004 ,  0.99983431244954390      ,   2.2162259436669818E-002 ,   2.2158587426191183E-002
   530.00000000000000      ,  -3.0654000000000000E-004 ,   1.0000386783531836      ,   2.0407094371296012E-002 ,   2.0407883684099556E-002
   550.00000000000000      ,  -3.1854000000000002E-004 ,   1.0003669280884828      ,   2.0397889409777711E-002 ,   2.0405373968347924E-002
   565.00000000000000      ,  -3.6546000000000001E-004 ,   1.0006322866777868      ,   2.2129163335734527E-002 ,   2.2143155310902281E-002
   575.00000000000000      ,  -4.2614999999999998E-004 ,   1.0005262455851012      ,   2.4101980956991974E-002 ,   2.4114664518062785E-002
   600.00000000000000      ,  -4.4466999999999998E-004 ,   1.0008038940153670      ,   2.6464027973691042E-002 ,   2.6485302247401594E-002
   650.00000000000000      ,  -7.0805000000000000E-004 ,   1.0004941917949628      ,   2.8087525155078421E-002 ,   2.8101405779550871E-002
   700.00000000000000      ,  -5.1878999999999998E-004 ,  0.99973711191631165      ,   2.6451435454374058E-002 ,   2.6444481687196653E-002
   750.00000000000000      ,  -5.5584000000000004E-004 ,   1.0024581493598137      ,   3.1634453943092646E-002 ,   3.1712216155800915E-002
   800.00000000000000      ,  -3.0285540000000000E-002 ,   1.0299069936472174      ,   3.7451757648860821E-002 ,   3.8571827126942425E-002
   820.00000000000000      ,  -6.0771999999999996E-004 ,  0.99824605669490607      ,   3.2577820555707827E-002 ,   3.2520680905449594E-002
   900.00000000000000      ,  -7.8584000000000000E-004 ,   1.0013332666993324      ,   2.9504544510712268E-002 ,   2.9543881937387374E-002
   950.00000000000000      ,  -1.3509200000000000E-003 ,   1.0003222177235556      ,   3.1141194493969057E-002 ,   3.1151228738767706E-002
   1000.0000000000000      ,  -7.4111999999999995E-004 ,  0.99926794926241314      ,   2.6801491759547616E-002 ,   2.6781871707736611E-002
   1500.0000000000000      ,  -1.1116800000000001E-003 ,   1.0001646358470861      ,   2.4063390995510553E-002 ,   2.4067352692270862E-002
