   5000.6642475953422      ,          30
 X,ZB,H,U,Q,0,0,0,0
   0.0000000000000000      ,  -0.0000000000000000      ,   1.0024430854412052      ,   2.4879191961156601E-002 ,   2.4939973952825850E-002
   50.000000000000000      ,  -3.7060000000000001E-005 ,   1.0024436010283262      ,   2.4872845200858838E-002 ,   2.4933624510969053E-002
   100.00000000000000      ,  -1.2990000000000001E-004 ,   1.0024607734855193      ,   3.3101885297120444E-002 ,   3.3183341538780296E-002
   150.00000000000000      ,  -1.8246000000000001E-004 ,   1.0024472216010896      ,   3.3096041390499473E-002 ,   3.3177034737900860E-002
   200.00000000000000      ,  -4.8987000000000000E-004 ,   1.0025758279705834      ,   4.9458550350348365E-002 ,   4.9585947067725303E-002
   250.00000000000000      ,  -2.8758000000000001E-004 ,   1.0023326019911531      ,   3.3089867981888989E-002 ,   3.3167053473830539E-002
   300.00000000000000      ,  -3.4014000000000001E-004 ,   1.0023192069097240      ,   3.3084110119539177E-002 ,   3.3160839016330483E-002
   350.00000000000000      ,  -5.2910000000000001E-004 ,   1.0024026709344913      ,   3.9638843088238056E-002 ,   3.9734082184403025E-002
   400.00000000000000      ,  -5.9758999999999995E-004 ,   1.0023869186202969      ,   3.9671948177285074E-002 ,   3.9766641889092888E-002
   425.00000000000000      ,  -4.7154000000000000E-004 ,   1.0022377771036075      ,   3.3132505336781720E-002 ,   3.3206648498609527E-002
   435.00000000000000      ,  -3.8486000000000000E-004 ,   1.0021484051346272      ,   2.8416396018336253E-002 ,   2.8477445949449648E-002
   450.00000000000000      ,  -3.9780000000000002E-004 ,   1.0021468610164213      ,   2.8407228405596580E-002 ,   2.8468214776845129E-002
   470.00000000000000      ,  -3.4832999999999999E-004 ,   1.0020941265765411      ,   2.4867334241897725E-002 ,   2.4919409587421414E-002
   475.00000000000000      ,  -3.5202999999999998E-004 ,   1.0020877597935782      ,   2.4863093480231857E-002 ,   2.4915001647143862E-002
   500.00000000000000      ,  -3.7055999999999998E-004 ,   1.0020953528208667      ,   2.4861233096690614E-002 ,   2.4913326151589990E-002
   505.00000000000000      ,  -3.2593999999999999E-004 ,   1.0020475800406807      ,   2.2101837248773432E-002 ,   2.2147092529586392E-002
   530.00000000000000      ,  -3.0654000000000000E-004 ,   1.0020233184404503      ,   1.9887522317298376E-002 ,   1.9927761107937834E-002
   550.00000000000000      ,  -3.1854000000000002E-004 ,   1.0020261940165220      ,   1.9888862629772512E-002 ,   1.9929161324228385E-002
   565.00000000000000      ,  -3.6546000000000001E-004 ,   1.0020608666367410      ,   2.2097741621979496E-002 ,   2.2143282120435558E-002
   575.00000000000000      ,  -4.2614999999999998E-004 ,   1.0021049374188025      ,   2.4847831328135117E-002 ,   2.4900134458073802E-002
   600.00000000000000      ,  -4.4466999999999998E-004 ,   1.0021031772213547      ,   2.4822224201007159E-002 ,   2.4874429737530075E-002
   650.00000000000000      ,  -7.0805000000000000E-004 ,   1.0022957492402940      ,   3.3014472577533809E-002 ,   3.3090265527872385E-002
   700.00000000000000      ,  -5.1878999999999998E-004 ,   1.0020797847239145      ,   2.4802067127104348E-002 ,   2.4853650087436802E-002
   750.00000000000000      ,  -5.5584000000000004E-004 ,   1.0020804920090318      ,   2.4796639877407444E-002 ,   2.4848229088523230E-002
   800.00000000000000      ,  -3.0285540000000000E-002 ,   1.0292813025635312      ,  0.17688591422816399      ,  0.18206536420190569     
   820.00000000000000      ,  -6.0771999999999996E-004 ,   1.0002177841569653      ,   2.4869700078627072E-002 ,   2.4875116305292676E-002
   900.00000000000000      ,  -7.8584000000000000E-004 ,   1.0003370457924983      ,   2.8369724496666950E-002 ,   2.8379286392942887E-002
   950.00000000000000      ,  -1.3509200000000000E-003 ,   1.0007838971038652      ,   3.9630638328355484E-002 ,   3.9661704670965407E-002
   1000.0000000000000      ,  -7.4111999999999995E-004 ,   1.0000746992894003      ,   2.4651693067643470E-002 ,   2.4653534531598138E-002
   1500.0000000000000      ,  -1.1116800000000001E-003 ,   1.0001739164585131      ,   2.4397375467932372E-002 ,   2.4401618573070768E-002
