   1.0026213662999366      ,         200
X,ZB,H,U,ZF,QS
 2.50000000E-002, 0.00000000E+000, 5.00000000E-001, 0.00000000E+000,-1.00000000E-001, 0.00000000E+000
 7.50000000E-002, 0.00000000E+000, 5.00000000E-001, 0.00000000E+000,-1.00000000E-001, 0.00000000E+000
 1.25000000E-001, 0.00000000E+000, 5.00000000E-001, 0.00000000E+000,-1.00000000E-001, 0.00000000E+000
 1.75000000E-001, 0.00000000E+000, 5.00000000E-001, 0.00000000E+000,-1.00000000E-001, 0.00000000E+000
 2.25000000E-001, 0.00000000E+000, 5.00000000E-001, 0.00000000E+000,-1.00000000E-001, 0.00000000E+000
 2.75000000E-001, 0.00000000E+000, 5.00000000E-001, 0.00000000E+000,-1.00000000E-001, 0.00000000E+000
 3.25000000E-001, 0.00000000E+000, 5.00000000E-001, 0.00000000E+000,-1.00000000E-001, 0.00000000E+000
 3.75000000E-001, 0.00000000E+000, 5.00000000E-001, 0.00000000E+000,-1.00000000E-001, 0.00000000E+000
 4.25000000E-001, 0.00000000E+000, 5.00000000E-001, 0.00000000E+000,-1.00000000E-001, 0.00000000E+000
 4.75000000E-001, 0.00000000E+000, 5.00000000E-001, 0.00000000E+000,-1.00000000E-001, 0.00000000E+000
 5.25000000E-001, 0.00000000E+000, 5.00000000E-001, 0.00000000E+000,-1.00000000E-001, 0.00000000E+000
 5.75000000E-001,-1.90185205E-037, 5.00000000E-001, 2.15328604E-012,-1.00000000E-001, 0.00000000E+000
 6.25000000E-001,-1.73521205E-035, 5.00000000E-001, 1.50730023E-011,-1.00000000E-001, 3.19640830E-036
 6.75000000E-001,-5.05133210E-034, 5.00000000E-001, 5.38321510E-011,-1.00000000E-001, 2.45374281E-034
 7.25000000E-001,-9.87314462E-033, 5.00000000E-001, 1.50730023E-010,-1.00000000E-001, 6.24298496E-033
 7.75000000E-001,-1.59566232E-031, 5.00000000E-001, 3.89744773E-010,-1.00000000E-001, 1.17499819E-031
 8.25000000E-001,-2.34284737E-030, 5.00000000E-001, 9.64672146E-010,-1.00000000E-001, 1.84422955E-030
 8.75000000E-001,-3.16028131E-029, 4.99999999E-001, 2.31047592E-009,-1.00000000E-001, 2.63461013E-029
 9.25000000E-001,-3.97049425E-028, 4.99999999E-001, 5.40474795E-009,-1.00000000E-001, 3.46910451E-028
 9.75000000E-001,-4.66869646E-027, 4.99999997E-001, 1.23577085E-008,-1.00000000E-001, 4.26603289E-027
 1.02500000E+000,-5.14923395E-026, 4.99999994E-001, 2.76481923E-008,-1.00000000E-001, 4.90946963E-026
 1.07500000E+000,-5.33650531E-025, 4.99999986E-001, 6.05719341E-008,-1.00000000E-001, 5.29919132E-025
 1.12500000E+000,-5.19928364E-024, 4.99999971E-001, 1.29972335E-007,-1.00000000E-001, 5.37153180E-024
 1.17500000E+000,-4.76304641E-023, 4.99999938E-001, 2.73176589E-007,-1.00000000E-001, 5.11536500E-023
 1.22500000E+000,-4.10297181E-022, 4.99999873E-001, 5.62431664E-007,-1.00000000E-001, 4.57729677E-022
 1.27500000E+000,-3.32338566E-021, 4.99999744E-001, 1.13427064E-006,-1.00000000E-001, 3.84835537E-021
 1.32500000E+000,-2.53102201E-020, 4.99999494E-001, 2.24066337E-006,-1.00000000E-001, 3.03990487E-020
 1.37500000E+000,-1.81219653E-019, 4.99999021E-001, 4.33542556E-006,-1.00000000E-001, 2.25583589E-019
 1.42500000E+000,-1.21972224E-018, 4.99998145E-001, 8.21604618E-006,-1.00000000E-001, 1.57240634E-018
 1.47500000E+000,-7.71635070E-018, 4.99996557E-001, 1.52492444E-005,-1.00000000E-001, 1.02936096E-017
 1.52500000E+000,-4.58780334E-017, 4.99993741E-001, 2.77182460E-005,-1.00000000E-001, 6.32775725E-017
 1.57500000E+000,-2.56321491E-016, 4.99988859E-001, 4.93391932E-005,-1.00000000E-001, 3.65209272E-016
 1.62500000E+000,-1.34555169E-015, 4.99980581E-001, 8.60011499E-005,-1.00000000E-001, 1.97867260E-015
 1.67500000E+000,-6.63595331E-015, 4.99966856E-001, 1.46784668E-004,-1.00000000E-001, 1.00618861E-014
 1.72500000E+000,-3.07436592E-014, 4.99944611E-001, 2.45302622E-004,-1.00000000E-001, 4.80172776E-014
 1.77500000E+000,-1.33793105E-013, 4.99909370E-001, 4.01378448E-004,-1.00000000E-001, 2.15020308E-013
 1.82500000E+000,-5.46936556E-013, 4.99854810E-001, 6.43026028E-004,-1.00000000E-001, 9.03431087E-013
 1.87500000E+000,-2.10037233E-012, 4.99772266E-001, 1.00862140E-003,-1.00000000E-001, 3.56157304E-012
 1.92500000E+000,-7.57855104E-012, 4.99650254E-001, 1.54906461E-003,-1.00000000E-001, 1.31751884E-011
 1.97500000E+000,-2.57002604E-011, 4.99474048E-001, 2.32963542E-003,-1.00000000E-001, 4.57435143E-011
 2.02500000E+000,-8.19505496E-011, 4.99225422E-001, 3.43117278E-003,-1.00000000E-001, 1.49113583E-010
 2.07500000E+000,-2.45875801E-010, 4.98882640E-001, 4.95018633E-003,-1.00000000E-001, 4.56626060E-010
 2.12500000E+000,-6.94727029E-010, 4.98420766E-001, 6.99756417E-003,-1.00000000E-001, 1.31461835E-009
 2.17500000E+000,-1.85072250E-009, 4.97812337E-001, 9.69568995E-003,-1.00000000E-001, 3.56193629E-009
 2.22500000E+000,-4.65487224E-009, 4.97028405E-001, 1.31740101E-002,-1.00000000E-001, 9.09481773E-009
 2.27500000E+000,-1.10724294E-008, 4.96039862E-001, 1.75633580E-002,-1.00000000E-001, 2.19191578E-008
 2.32500000E+000,-2.49569462E-008, 4.94818929E-001, 2.29895849E-002,-1.00000000E-001, 4.99576094E-008
 2.37500000E+000,-5.34200511E-008, 4.93340638E-001, 2.95672000E-002,-1.00000000E-001, 1.07912247E-007
 2.42500000E+000,-1.08849008E-007, 4.91584149E-001, 3.73937448E-002,-1.00000000E-001, 2.21451220E-007
 2.47500000E+000,-2.11674532E-007, 4.89533747E-001, 4.65455047E-002,-1.00000000E-001, 4.32867787E-007
 2.52500000E+000,-3.93918093E-007, 4.87179430E-001, 5.70749415E-002,-1.00000000E-001, 8.08157860E-007
 2.57500000E+000,-7.03454663E-007, 4.84517067E-001, 6.90099523E-002,-1.00000000E-001, 1.44521705E-006
 2.62500000E+000,-1.20883655E-006, 4.81548151E-001, 8.23548126E-002,-1.00000000E-001, 2.48263337E-006
 2.67500000E+000,-2.00446067E-006, 4.78279234E-001, 9.70924698E-002,-1.00000000E-001, 4.10841018E-006
 2.72500000E+000,-3.21584165E-006, 4.74721139E-001, 1.13187759E-001,-1.00000000E-001, 6.56793459E-006
 2.77500000E+000,-5.00477989E-006, 4.70888061E-001, 1.30591099E-001,-1.00000000E-001, 1.01706102E-005
 2.82500000E+000,-7.57427766E-006, 4.66796650E-001, 1.49242283E-001,-1.00000000E-001, 1.52947677E-005
 2.87500000E+000,-1.11731416E-005, 4.62465146E-001, 1.69074061E-001,-1.00000000E-001, 2.23906986E-005
 2.92500000E+000,-1.61002978E-005, 4.57912612E-001, 1.90015325E-001,-1.00000000E-001, 3.19818825E-005
 2.97500000E+000,-2.27089227E-005, 4.53158298E-001, 2.11993783E-001,-1.00000000E-001, 4.46646505E-005
 3.02500000E+000,-3.14105535E-005, 4.48221131E-001, 2.34938106E-001,-1.00000000E-001, 6.11066385E-005
 3.07500000E+000,-4.26793806E-005, 4.43119340E-001, 2.58779554E-001,-1.00000000E-001, 8.20444349E-005
 3.12500000E+000,-5.70569515E-005, 4.37870185E-001, 2.83453154E-001,-1.00000000E-001, 1.08280820E-004
 3.17500000E+000,-7.51575270E-005, 4.32489783E-001, 3.08898489E-001,-1.00000000E-001, 1.40681962E-004
 3.22500000E+000,-9.76743431E-005, 4.26993017E-001, 3.35060181E-001,-1.00000000E-001, 1.80174866E-004
 3.27500000E+000,-1.25387045E-004, 4.21393491E-001, 3.61888133E-001,-1.00000000E-001, 2.27745342E-004
 3.32500000E+000,-1.59170575E-004, 4.15703543E-001, 3.89337599E-001,-1.00000000E-001, 2.84436657E-004
 3.37500000E+000,-2.00005828E-004, 4.09934276E-001, 4.17369128E-001,-1.00000000E-001, 3.51349033E-004
 3.42500000E+000,-2.48992423E-004, 4.04095616E-001, 4.45948429E-001,-1.00000000E-001, 4.29640082E-004
 3.47500000E+000,-3.07364006E-004, 3.98196384E-001, 4.75046191E-001,-1.00000000E-001, 5.20526255E-004
 3.52500000E+000,-3.76506546E-004, 3.92244370E-001, 5.04637869E-001,-1.00000000E-001, 6.25285353E-004
 3.57500000E+000,-4.57980196E-004, 3.86246419E-001, 5.34703470E-001,-1.00000000E-001, 7.45260108E-004
 3.62500000E+000,-5.53545369E-004, 3.80208510E-001, 5.65227331E-001,-1.00000000E-001, 8.81862819E-004
 3.67500000E+000,-6.65193801E-004, 3.74135846E-001, 5.96197894E-001,-1.00000000E-001, 1.03658096E-003
 3.72500000E+000,-7.95185463E-004, 3.68032943E-001, 6.27607479E-001,-1.00000000E-001, 1.21098361E-003
 3.77500000E+000,-9.46092302E-004, 3.61903724E-001, 6.59452030E-001,-1.00000000E-001, 1.40672825E-003
 3.82500000E+000,-1.12084982E-003, 3.55751630E-001, 6.91730817E-001,-1.00000000E-001, 1.62556760E-003
 3.87500000E+000,-1.32281743E-003, 3.49579744E-001, 7.24446056E-001,-1.00000000E-001, 1.86935519E-003
 3.92500000E+000,-1.55584836E-003, 3.43390944E-001, 7.57602391E-001,-1.00000000E-001, 2.14004835E-003
 3.97500000E+000,-1.82436917E-003, 3.37188095E-001, 7.91206165E-001,-1.00000000E-001, 2.43970594E-003
 4.02500000E+000,-2.13346786E-003, 3.30974298E-001, 8.25264367E-001,-1.00000000E-001, 2.77047707E-003
 4.07500000E+000,-2.48898737E-003, 3.24753215E-001, 8.59783126E-001,-1.00000000E-001, 3.13457478E-003
 4.12500000E+000,-2.89761758E-003, 3.18529500E-001, 8.94765546E-001,-1.00000000E-001, 3.53422615E-003
 4.17500000E+000,-3.36697310E-003, 3.12309350E-001, 9.30208647E-001,-1.00000000E-001, 3.97158634E-003
 4.22500000E+000,-3.90563431E-003, 3.06101233E-001, 9.66099102E-001,-1.00000000E-001, 4.44859938E-003
 4.27500000E+000,-4.52311619E-003, 2.99916790E-001, 1.00240747E+000,-1.00000000E-001, 4.96678342E-003
 4.32500000E+000,-5.22970970E-003, 2.93771932E-001, 1.03908054E+000,-1.00000000E-001, 5.52691410E-003
 4.37500000E+000,-6.03611874E-003, 2.87688107E-001, 1.07603176E+000,-1.00000000E-001, 6.12857962E-003
 4.42500000E+000,-6.95279309E-003, 2.81693624E-001, 1.11312959E+000,-1.00000000E-001, 6.76959193E-003
 4.47500000E+000,-7.98884965E-003, 2.75824858E-001, 1.15018493E+000,-1.00000000E-001, 7.44526810E-003
 4.52500000E+000,-9.15050118E-003, 2.70127012E-001, 1.18693886E+000,-1.00000000E-001, 8.14765552E-003
 4.57500000E+000,-1.04390071E-002, 2.64654018E-001, 1.22305380E+000,-1.00000000E-001, 8.86486596E-003
 4.62500000E+000,-1.18483511E-002, 2.59467151E-001, 1.25811196E+000,-1.00000000E-001, 9.58078880E-003
 4.67500000E+000,-1.33631288E-002, 2.54632094E-001, 1.29162486E+000,-1.00000000E-001, 1.02755125E-002
 4.72500000E+000,-1.49573780E-002, 2.50214562E-001, 1.32305696E+000,-1.00000000E-001, 1.09267123E-002
 4.77500000E+000,-1.65953067E-002, 2.46275246E-001, 1.35186165E+000,-1.00000000E-001, 1.15119452E-002
 4.82500000E+000,-1.82336900E-002, 2.42864369E-001, 1.37753010E+000,-1.00000000E-001, 1.20116038E-002
 4.87500000E+000,-1.98293693E-002, 2.40020297E-001, 1.39962269E+000,-1.00000000E-001, 1.24107550E-002
 4.92500000E+000,-2.13378387E-002, 2.37759540E-001, 1.41785400E+000,-1.00000000E-001, 1.27027492E-002
 4.97500000E+000,-2.27381587E-002, 2.36095913E-001, 1.43201996E+000,-1.00000000E-001, 1.28839169E-002
 5.02500000E+000,-2.40084363E-002, 2.35007274E-001, 1.44212533E+000,-1.00000000E-001, 1.29596678E-002
 5.07500000E+000,-2.51059615E-002, 2.34396447E-001, 1.44854861E+000,-1.00000000E-001, 1.29519195E-002
 5.12500000E+000,-2.59314823E-002, 2.34035206E-001, 1.45229676E+000,-1.00000000E-001, 1.29116661E-002
 5.17500000E+000,-2.63193670E-002, 2.33548020E-001, 1.45512849E+000,-1.00000000E-001, 1.29225198E-002
 5.22500000E+000,-2.60886235E-002, 2.32491502E-001, 1.45926884E+000,-1.00000000E-001, 1.30814284E-002
 5.27500000E+000,-2.51357574E-002, 2.30509259E-001, 1.46674070E+000,-1.00000000E-001, 1.34633268E-002
 5.32500000E+000,-2.34952675E-002, 2.27455923E-001, 1.47874265E+000,-1.00000000E-001, 1.40958632E-002
 5.37500000E+000,-2.13194193E-002, 2.23406552E-001, 1.49547298E+000,-1.00000000E-001, 1.49605406E-002
 5.42500000E+000,-1.88066716E-002, 2.18573009E-001, 1.51638388E+000,-1.00000000E-001, 1.60119940E-002
 5.47500000E+000,-1.61373711E-002, 2.13204689E-001, 1.54058032E+000,-1.00000000E-001, 1.71983504E-002
 5.52500000E+000,-1.34447601E-002, 2.07524509E-001, 1.56713109E+000,-1.00000000E-001, 1.84734321E-002
 5.57500000E+000,-1.08147596E-002, 2.01705580E-001, 1.59522633E+000,-1.00000000E-001, 1.98008082E-002
 5.62500000E+000,-8.29762295E-003, 1.95872474E-001, 1.62421911E+000,-1.00000000E-001, 2.11532960E-002
 5.67500000E+000,-5.92019750E-003, 1.90111614E-001, 1.65360893E+000,-1.00000000E-001, 2.25109220E-002
 5.72500000E+000,-3.69507321E-003, 1.84482603E-001, 1.68300652E+000,-1.00000000E-001, 2.38587629E-002
 5.77500000E+000,-1.62682165E-003, 1.79027708E-001, 1.71209391E+000,-1.00000000E-001, 2.51849113E-002
 5.82500000E+000, 2.84904220E-004, 1.73775916E-001, 1.74057968E+000,-1.00000000E-001, 2.64794152E-002
 5.87500000E+000, 2.05993864E-003, 1.68726660E-001, 1.76828470E+000,-1.00000000E-001, 2.77658426E-002
 5.92500000E+000, 3.74295642E-003, 1.63850496E-001, 1.79526122E+000,-1.00000000E-001, 2.90578533E-002
 5.97500000E+000, 5.34539066E-003, 1.59136317E-001, 1.82152045E+000,-1.00000000E-001, 3.03531901E-002
 6.02500000E+000, 6.87003018E-003, 1.54580598E-001, 1.84703820E+000,-1.00000000E-001, 3.16479098E-002
 6.07500000E+000, 8.31801156E-003, 1.50183329E-001, 1.87176919E+000,-1.00000000E-001, 3.29368165E-002
 6.12500000E+000, 9.68924567E-003, 1.45947162E-001, 1.89565105E+000,-1.00000000E-001, 3.42135392E-002
 6.17500000E+000, 1.09826386E-002, 1.41876882E-001, 1.91860678E+000,-1.00000000E-001, 3.54705763E-002
 6.22500000E+000, 1.21962670E-002, 1.37978992E-001, 1.94054675E+000,-1.00000000E-001, 3.66993458E-002
 6.27500000E+000, 1.33275484E-002, 1.34261326E-001, 1.96137079E+000,-1.00000000E-001, 3.78902774E-002
 6.32500000E+000, 1.43734365E-002, 1.30732579E-001, 1.98097097E+000,-1.00000000E-001, 3.90329832E-002
 6.37500000E+000, 1.53306675E-002, 1.27401706E-001, 1.99923563E+000,-1.00000000E-001, 4.01165429E-002
 6.42500000E+000, 1.61960710E-002, 1.24277135E-001, 2.01605491E+000,-1.00000000E-001, 4.11299355E-002
 6.47500000E+000, 1.69669538E-002, 1.21365788E-001, 2.03132809E+000,-1.00000000E-001, 4.20626282E-002
 6.52500000E+000, 1.76415451E-002, 1.18671943E-001, 2.04497243E+000,-1.00000000E-001, 4.29053070E-002
 6.57500000E+000, 1.82194695E-002, 1.16196043E-001, 2.05693289E+000,-1.00000000E-001, 4.36506882E-002
 6.62500000E+000, 1.87021798E-002, 1.13933614E-001, 2.06719135E+000,-1.00000000E-001, 4.42942992E-002
 6.67500000E+000, 1.90932645E-002, 1.11874527E-001, 2.07577366E+000,-1.00000000E-001, 4.48350765E-002
 6.72500000E+000, 1.93985374E-002, 1.10002792E-001, 2.08275233E+000,-1.00000000E-001, 4.52756165E-002
 6.77500000E+000, 1.96258398E-002, 1.08297021E-001, 2.08824331E+000,-1.00000000E-001, 4.56219463E-002
 6.82500000E+000, 1.97845316E-002, 1.06731518E-001, 2.09239582E+000,-1.00000000E-001, 4.58827485E-002
 6.87500000E+000, 1.98847251E-002, 1.05277839E-001, 2.09537600E+000,-1.00000000E-001, 4.60681151E-002
 6.92500000E+000, 1.99363401E-002, 1.03905897E-001, 2.09734320E+000,-1.00000000E-001, 4.61876926E-002
 6.97500000E+000, 1.99479148E-002, 1.02584259E-001, 2.09841455E+000,-1.00000000E-001, 4.62479329E-002
 7.02500000E+000, 1.99250418E-002, 1.01277766E-001, 2.09860683E+000,-1.00000000E-001, 4.62474754E-002
 7.07500000E+000, 1.98677163E-002, 9.99394813E-002, 2.09772127E+000,-1.00000000E-001, 4.61679025E-002
 7.12500000E+000, 1.97648746E-002, 9.84905481E-002, 2.09509029E+000,-1.00000000E-001, 4.59535397E-002
 7.17500000E+000, 1.95823464E-002, 9.67741735E-002, 2.08900487E+000,-1.00000000E-001, 4.54669092E-002
 7.22500000E+000, 1.92367433E-002, 9.44564745E-002, 2.07543761E+000,-1.00000000E-001, 4.43953354E-002
 7.27500000E+000, 1.85438349E-002, 9.08320464E-002, 2.04532720E+000,-1.00000000E-001, 4.20808902E-002
 7.32500000E+000, 1.71384727E-002, 8.45224202E-002, 1.97932486E+000,-1.00000000E-001, 3.73190370E-002
 7.37500000E+000, 1.44342364E-002, 7.33200089E-002, 1.83928615E+000,-1.00000000E-001, 2.85282089E-002
 7.42500000E+000, 9.91601100E-003, 5.52807103E-002, 1.55856544E+000,-1.00000000E-001, 1.54774319E-002
 7.47500000E+000, 4.28218403E-003, 3.28242876E-002, 1.04506117E+000,-1.00000000E-001, 3.37214568E-003
 7.52500000E+000, 5.83797076E-004, 1.58355142E-002, 3.42111492E-001,-1.00000000E-001, 4.30455247E-005
 7.57500000E+000, 3.71535692E-006, 1.04580556E-002, 1.94058669E-002,-1.00000000E-001, 2.12462042E-009
 7.62500000E+000, 1.20015543E-010, 1.00126272E-002, 4.04092322E-004,-1.00000000E-001, 1.90713812E-014
 7.67500000E+000, 1.05675644E-015, 1.00002790E-002, 8.74401684E-006,-1.00000000E-001, 1.95297725E-019
 7.72500000E+000, 1.08183093E-020, 1.00000061E-002, 1.90470085E-007,-1.00000000E-001, 2.01365344E-024
 7.77500000E+000, 1.11524783E-025, 1.00000001E-002, 4.14375438E-009,-1.00000000E-001, 2.06735276E-029
 7.82500000E+000, 1.14477046E-030, 1.00000000E-002, 8.99883508E-011,-1.00000000E-001, 2.10833085E-034
 7.87500000E+000, 1.16700375E-035, 1.00000000E-002, 1.92882280E-012,-1.00000000E-001, 1.99813077E-039
 7.92500000E+000, 1.10306176E-040, 1.00000000E-002, 3.50695054E-014,-1.00000000E-001, 7.99102076E-045
 7.97500000E+000, 4.16827882E-046, 1.00000000E-002, 0.00000000E+000,-1.00000000E-001, 0.00000000E+000
 8.02500000E+000, 0.00000000E+000, 1.00000000E-002, 0.00000000E+000,-1.00000000E-001, 0.00000000E+000
 8.07500000E+000, 0.00000000E+000, 1.00000000E-002, 0.00000000E+000,-1.00000000E-001, 0.00000000E+000
 8.12500000E+000, 0.00000000E+000, 1.00000000E-002, 0.00000000E+000,-1.00000000E-001, 0.00000000E+000
 8.17500000E+000, 0.00000000E+000, 1.00000000E-002, 0.00000000E+000,-1.00000000E-001, 0.00000000E+000
 8.22500000E+000, 0.00000000E+000, 1.00000000E-002, 0.00000000E+000,-1.00000000E-001, 0.00000000E+000
 8.27500000E+000, 0.00000000E+000, 1.00000000E-002, 0.00000000E+000,-1.00000000E-001, 0.00000000E+000
 8.32500000E+000, 0.00000000E+000, 1.00000000E-002, 0.00000000E+000,-1.00000000E-001, 0.00000000E+000
 8.37500000E+000, 0.00000000E+000, 1.00000000E-002, 0.00000000E+000,-1.00000000E-001, 0.00000000E+000
 8.42500000E+000, 0.00000000E+000, 1.00000000E-002, 0.00000000E+000,-1.00000000E-001, 0.00000000E+000
 8.47500000E+000, 0.00000000E+000, 1.00000000E-002, 0.00000000E+000,-1.00000000E-001, 0.00000000E+000
 8.52500000E+000, 0.00000000E+000, 1.00000000E-002, 0.00000000E+000,-1.00000000E-001, 0.00000000E+000
 8.57500000E+000, 0.00000000E+000, 1.00000000E-002, 0.00000000E+000,-1.00000000E-001, 0.00000000E+000
 8.62500000E+000, 0.00000000E+000, 1.00000000E-002, 0.00000000E+000,-1.00000000E-001, 0.00000000E+000
 8.67500000E+000, 0.00000000E+000, 1.00000000E-002, 0.00000000E+000,-1.00000000E-001, 0.00000000E+000
 8.72500000E+000, 0.00000000E+000, 1.00000000E-002, 0.00000000E+000,-1.00000000E-001, 0.00000000E+000
 8.77500000E+000, 0.00000000E+000, 1.00000000E-002, 0.00000000E+000,-1.00000000E-001, 0.00000000E+000
 8.82500000E+000, 0.00000000E+000, 1.00000000E-002, 0.00000000E+000,-1.00000000E-001, 0.00000000E+000
 8.87500000E+000, 0.00000000E+000, 1.00000000E-002, 0.00000000E+000,-1.00000000E-001, 0.00000000E+000
 8.92500000E+000, 0.00000000E+000, 1.00000000E-002, 0.00000000E+000,-1.00000000E-001, 0.00000000E+000
 8.97500000E+000, 0.00000000E+000, 1.00000000E-002, 0.00000000E+000,-1.00000000E-001, 0.00000000E+000
 9.02500000E+000, 0.00000000E+000, 1.00000000E-002, 0.00000000E+000,-1.00000000E-001, 0.00000000E+000
 9.07500000E+000, 0.00000000E+000, 1.00000000E-002, 0.00000000E+000,-1.00000000E-001, 0.00000000E+000
 9.12500000E+000, 0.00000000E+000, 1.00000000E-002, 0.00000000E+000,-1.00000000E-001, 0.00000000E+000
 9.17500000E+000, 0.00000000E+000, 1.00000000E-002, 0.00000000E+000,-1.00000000E-001, 0.00000000E+000
 9.22500000E+000, 0.00000000E+000, 1.00000000E-002, 0.00000000E+000,-1.00000000E-001, 0.00000000E+000
 9.27500000E+000, 0.00000000E+000, 1.00000000E-002, 0.00000000E+000,-1.00000000E-001, 0.00000000E+000
 9.32500000E+000, 0.00000000E+000, 1.00000000E-002, 0.00000000E+000,-1.00000000E-001, 0.00000000E+000
 9.37500000E+000, 0.00000000E+000, 1.00000000E-002, 0.00000000E+000,-1.00000000E-001, 0.00000000E+000
 9.42500000E+000, 0.00000000E+000, 1.00000000E-002, 0.00000000E+000,-1.00000000E-001, 0.00000000E+000
 9.47500000E+000, 0.00000000E+000, 1.00000000E-002, 0.00000000E+000,-1.00000000E-001, 0.00000000E+000
 9.52500000E+000, 0.00000000E+000, 1.00000000E-002, 0.00000000E+000,-1.00000000E-001, 0.00000000E+000
 9.57500000E+000, 0.00000000E+000, 1.00000000E-002, 0.00000000E+000,-1.00000000E-001, 0.00000000E+000
 9.62500000E+000, 0.00000000E+000, 1.00000000E-002, 0.00000000E+000,-1.00000000E-001, 0.00000000E+000
 9.67500000E+000, 0.00000000E+000, 1.00000000E-002, 0.00000000E+000,-1.00000000E-001, 0.00000000E+000
 9.72500000E+000, 0.00000000E+000, 1.00000000E-002, 0.00000000E+000,-1.00000000E-001, 0.00000000E+000
 9.77500000E+000, 0.00000000E+000, 1.00000000E-002, 0.00000000E+000,-1.00000000E-001, 0.00000000E+000
 9.82500000E+000, 0.00000000E+000, 1.00000000E-002, 0.00000000E+000,-1.00000000E-001, 0.00000000E+000
 9.87500000E+000, 0.00000000E+000, 1.00000000E-002, 0.00000000E+000,-1.00000000E-001, 0.00000000E+000
 9.92500000E+000, 0.00000000E+000, 1.00000000E-002, 0.00000000E+000,-1.00000000E-001, 0.00000000E+000
 9.97500000E+000, 0.00000000E+000, 1.00000000E-002, 0.00000000E+000,-1.00000000E-001, 0.00000000E+000
