   1.0019759202272520      ,         200
X,ZB,H,U,ZF,QS
 2.50000000E-002, 0.00000000E+000, 5.00000000E-001, 0.00000000E+000,-1.00000000E-001, 0.00000000E+000
 7.50000000E-002, 0.00000000E+000, 5.00000000E-001, 0.00000000E+000,-1.00000000E-001, 0.00000000E+000
 1.25000000E-001, 0.00000000E+000, 5.00000000E-001, 0.00000000E+000,-1.00000000E-001, 0.00000000E+000
 1.75000000E-001, 0.00000000E+000, 5.00000000E-001, 0.00000000E+000,-1.00000000E-001, 0.00000000E+000
 2.25000000E-001, 0.00000000E+000, 5.00000000E-001, 0.00000000E+000,-1.00000000E-001, 0.00000000E+000
 2.75000000E-001, 0.00000000E+000, 5.00000000E-001, 0.00000000E+000,-1.00000000E-001, 0.00000000E+000
 3.25000000E-001, 0.00000000E+000, 5.00000000E-001, 0.00000000E+000,-1.00000000E-001, 0.00000000E+000
 3.75000000E-001, 0.00000000E+000, 5.00000000E-001, 0.00000000E+000,-1.00000000E-001, 0.00000000E+000
 4.25000000E-001, 0.00000000E+000, 5.00000000E-001, 0.00000000E+000,-1.00000000E-001, 0.00000000E+000
 4.75000000E-001, 0.00000000E+000, 5.00000000E-001, 0.00000000E+000,-1.00000000E-001, 0.00000000E+000
 5.25000000E-001, 0.00000000E+000, 5.00000000E-001, 0.00000000E+000,-1.00000000E-001, 0.00000000E+000
 5.75000000E-001, 0.00000000E+000, 5.00000000E-001, 0.00000000E+000,-1.00000000E-001, 0.00000000E+000
 6.25000000E-001, 0.00000000E+000, 5.00000000E-001, 0.00000000E+000,-1.00000000E-001, 0.00000000E+000
 6.75000000E-001,-5.20313832E-039, 5.00000000E-001, 0.00000000E+000,-1.00000000E-001, 0.00000000E+000
 7.25000000E-001,-2.15942070E-036, 5.00000000E-001, 4.30365898E-012,-1.00000000E-001, 4.98410293E-038
 7.75000000E-001,-1.13800020E-034, 5.00000000E-001, 2.36701244E-011,-1.00000000E-001, 1.70954731E-035
 8.25000000E-001,-3.39950418E-033, 5.00000000E-001, 7.96176911E-011,-1.00000000E-001, 7.78766083E-034
 8.75000000E-001,-7.24492510E-032, 5.00000000E-001, 2.28093926E-010,-1.00000000E-001, 2.18790157E-032
 9.25000000E-001,-1.23515795E-030, 5.00000000E-001, 6.08967745E-010,-1.00000000E-001, 4.48515036E-031
 9.75000000E-001,-1.91734347E-029, 5.00000000E-001, 1.53640625E-009,-1.00000000E-001, 7.50450236E-030
 1.02500000E+000,-2.73624611E-028, 4.99999999E-001, 3.76139794E-009,-1.00000000E-001, 1.14112503E-028
 1.07500000E+000,-3.63857578E-027, 4.99999998E-001, 8.98388807E-009,-1.00000000E-001, 1.59973732E-027
 1.12500000E+000,-4.51615348E-026, 4.99999995E-001, 2.09609708E-008,-1.00000000E-001, 2.09091539E-026
 1.17500000E+000,-5.24094336E-025, 4.99999989E-001, 4.78201054E-008,-1.00000000E-001, 2.55164843E-025
 1.22500000E+000,-5.69314818E-024, 4.99999976E-001, 1.06698458E-007,-1.00000000E-001, 2.91104242E-024
 1.27500000E+000,-5.79031957E-023, 4.99999947E-001, 2.32886018E-007,-1.00000000E-001, 3.10733141E-023
 1.32500000E+000,-5.51337616E-022, 4.99999888E-001, 4.97251065E-007,-1.00000000E-001, 3.10413803E-022
 1.37500000E+000,-4.91382215E-021, 4.99999765E-001, 1.03856264E-006,-1.00000000E-001, 2.90172985E-021
 1.42500000E+000,-4.09819877E-020, 4.99999521E-001, 2.12167750E-006,-1.00000000E-001, 2.53766851E-020
 1.47500000E+000,-3.19749650E-019, 4.99999043E-001, 4.23909328E-006,-1.00000000E-001, 2.07564762E-019
 1.52500000E+000,-2.33310445E-018, 4.99998130E-001, 8.28262368E-006,-1.00000000E-001, 1.58736659E-018
 1.57500000E+000,-1.59154541E-017, 4.99996427E-001, 1.58239385E-005,-1.00000000E-001, 1.13464249E-017
 1.62500000E+000,-1.01464348E-016, 4.99993326E-001, 2.95570878E-005,-1.00000000E-001, 7.57784197E-017
 1.67500000E+000,-6.04316041E-016, 4.99987813E-001, 5.39704462E-005,-1.00000000E-001, 4.72691194E-016
 1.72500000E+000,-3.36138482E-015, 4.99978250E-001, 9.63261769E-005,-1.00000000E-001, 2.75292014E-015
 1.77500000E+000,-1.74553775E-014, 4.99962060E-001, 1.68025098E-004,-1.00000000E-001, 1.49635322E-014
 1.82500000E+000,-8.45986992E-014, 4.99935328E-001, 2.86415259E-004,-1.00000000E-001, 7.58833420E-014
 1.87500000E+000,-3.82570217E-013, 4.99892284E-001, 4.77053231E-004,-1.00000000E-001, 3.58916284E-013
 1.92500000E+000,-1.61397648E-012, 4.99824710E-001, 7.76341018E-004,-1.00000000E-001, 1.58293370E-012
 1.97500000E+000,-6.35183879E-012, 4.99721308E-001, 1.23433841E-003,-1.00000000E-001, 6.50854040E-012
 2.02500000E+000,-2.33220609E-011, 4.99567105E-001, 1.91740458E-003,-1.00000000E-001, 2.49483472E-011
 2.07500000E+000,-7.99173760E-011, 4.99343014E-001, 2.91018518E-003,-1.00000000E-001, 8.91664018E-011
 2.12500000E+000,-2.55728267E-010, 4.99025668E-001, 4.31637936E-003,-1.00000000E-001, 2.97253155E-010
 2.17500000E+000,-7.64841450E-010, 4.98587672E-001, 6.25774866E-003,-1.00000000E-001, 9.24922195E-010
 2.22500000E+000,-2.14073899E-009, 4.97998326E-001, 8.87100237E-003,-1.00000000E-001, 2.68886599E-009
 2.27500000E+000,-5.61647011E-009, 4.97224872E-001, 1.23025115E-002,-1.00000000E-001, 7.31324584E-009
 2.32500000E+000,-1.38402660E-008, 4.96234143E-001, 1.67012096E-002,-1.00000000E-001, 1.86418566E-008
 2.37500000E+000,-3.21099715E-008, 4.94994470E-001, 2.22104305E-002,-1.00000000E-001, 4.46309517E-008
 2.42500000E+000,-7.03277672E-008, 4.93477596E-001, 2.89596971E-002,-1.00000000E-001, 1.00609843E-007
 2.47500000E+000,-1.45848541E-007, 4.91660354E-001, 3.70575233E-002,-1.00000000E-001, 2.14156731E-007
 2.52500000E+000,-2.87311636E-007, 4.89525899E-001, 4.65861040E-002,-1.00000000E-001, 4.31770605E-007
 2.57500000E+000,-5.39418599E-007, 4.87064367E-001, 5.75984157E-002,-1.00000000E-001, 8.27236004E-007
 2.62500000E+000,-9.68481756E-007, 4.84272949E-001, 7.01178173E-002,-1.00000000E-001, 1.51124066E-006
 2.67500000E+000,-1.66846133E-006, 4.81155428E-001, 8.41398652E-002,-1.00000000E-001, 2.64151609E-006
 2.72500000E+000,-2.76716460E-006, 4.77721333E-001, 9.96357992E-002,-1.00000000E-001, 4.43262038E-006
 2.77500000E+000,-4.43230986E-006, 4.73984837E-001, 1.16557047E-001,-1.00000000E-001, 7.16451575E-006
 2.82500000E+000,-6.87724853E-006, 4.69963578E-001, 1.34840127E-001,-1.00000000E-001, 1.11892935E-005
 2.87500000E+000,-1.03662628E-005, 4.65677503E-001, 1.54411438E-001,-1.00000000E-001, 1.69357001E-005
 2.92500000E+000,-1.52194848E-005, 4.61147830E-001, 1.75191596E-001,-1.00000000E-001, 2.49114385E-005
 2.97500000E+000,-2.18175932E-005, 4.56396175E-001, 1.97099091E-001,-1.00000000E-001, 3.57034915E-005
 3.02500000E+000,-3.06065247E-005, 4.51443858E-001, 2.20053235E-001,-1.00000000E-001, 4.99768964E-005
 3.07500000E+000,-4.21024896E-005, 4.46311391E-001, 2.43976370E-001,-1.00000000E-001, 6.84724936E-005
 3.12500000E+000,-5.68976108E-005, 4.41018110E-001, 2.68795461E-001,-1.00000000E-001, 9.20041793E-005
 3.17500000E+000,-7.56665245E-005, 4.35581957E-001, 2.94443140E-001,-1.00000000E-001, 1.21456152E-004
 3.22500000E+000,-9.91742980E-005, 4.30019347E-001, 3.20858338E-001,-1.00000000E-001, 1.57780568E-004
 3.27500000E+000,-1.28286045E-004, 4.24345122E-001, 3.47986595E-001,-1.00000000E-001, 2.01995955E-004
 3.32500000E+000,-1.63978662E-004, 4.18572566E-001, 3.75780144E-001,-1.00000000E-001, 2.55186636E-004
 3.37500000E+000,-2.07355163E-004, 4.12713446E-001, 4.04197853E-001,-1.00000000E-001, 3.18503408E-004
 3.42500000E+000,-2.59662203E-004, 4.06778087E-001, 4.33205071E-001,-1.00000000E-001, 3.93165626E-004
 3.47500000E+000,-3.22311453E-004, 4.00775451E-001, 4.62773435E-001,-1.00000000E-001, 4.80464873E-004
 3.52500000E+000,-3.96905715E-004, 3.94713234E-001, 4.92880669E-001,-1.00000000E-001, 5.81770353E-004
 3.57500000E+000,-4.85270777E-004, 3.88597947E-001, 5.23510388E-001,-1.00000000E-001, 6.98536151E-004
 3.62500000E+000,-5.89494338E-004, 3.82435016E-001, 5.54651937E-001,-1.00000000E-001, 8.32310493E-004
 3.67500000E+000,-7.11973525E-004, 3.76228862E-001, 5.86300247E-001,-1.00000000E-001, 9.84747086E-004
 3.72500000E+000,-8.55472911E-004, 3.69982998E-001, 6.18455720E-001,-1.00000000E-001, 1.15761856E-003
 3.77500000E+000,-1.02319518E-003, 3.63700122E-001, 6.51124114E-001,-1.00000000E-001, 1.35283183E-003
 3.82500000E+000,-1.21886690E-003, 3.57382223E-001, 6.84316389E-001,-1.00000000E-001, 1.57244490E-003
 3.87500000E+000,-1.44684170E-003, 3.51030723E-001, 7.18048468E-001,-1.00000000E-001, 1.81868403E-003
 3.92500000E+000,-1.71222290E-003, 3.44646648E-001, 7.52340813E-001,-1.00000000E-001, 2.09395916E-003
 3.97500000E+000,-2.02100577E-003, 3.38230872E-001, 7.87217668E-001,-1.00000000E-001, 2.40087389E-003
 4.02500000E+000,-2.38023625E-003, 3.31784459E-001, 8.22705775E-001,-1.00000000E-001, 2.74222360E-003
 4.07500000E+000,-2.79817587E-003, 3.25309148E-001, 8.58832243E-001,-1.00000000E-001, 3.12097100E-003
 4.12500000E+000,-3.28444951E-003, 3.18808036E-001, 8.95621142E-001,-1.00000000E-001, 3.54018226E-003
 4.17500000E+000,-3.85013088E-003, 3.12286522E-001, 9.33088261E-001,-1.00000000E-001, 4.00289814E-003
 4.22500000E+000,-4.50768582E-003, 3.05753574E-001, 9.71233350E-001,-1.00000000E-001, 4.51190380E-003
 4.27500000E+000,-5.27064680E-003, 2.99223344E-001, 1.01002913E+000,-1.00000000E-001, 5.06935073E-003
 4.32500000E+000,-6.15284102E-003, 2.92717087E-001, 1.04940660E+000,-1.00000000E-001, 5.67618141E-003
 4.37500000E+000,-7.16696838E-003, 2.86265212E-001, 1.08923690E+000,-1.00000000E-001, 6.33132478E-003
 4.42500000E+000,-8.32237853E-003, 2.79909094E-001, 1.12931111E+000,-1.00000000E-001, 7.03068777E-003
 4.47500000E+000,-9.62209287E-003, 2.73702111E-001, 1.16932145E+000,-1.00000000E-001, 7.76608000E-003
 4.52500000E+000,-1.10594745E-002, 2.67709278E-001, 1.20884911E+000,-1.00000000E-001, 8.52436428E-003
 4.57500000E+000,-1.26153637E-002, 2.62005005E-001, 1.24736465E+000,-1.00000000E-001, 9.28725863E-003
 4.62500000E+000,-1.42567325E-002, 2.56668877E-001, 1.28424633E+000,-1.00000000E-001, 1.00322102E-002
 4.67500000E+000,-1.59377347E-002, 2.51779814E-001, 1.31881771E+000,-1.00000000E-001, 1.07345164E-002
 4.72500000E+000,-1.76033891E-002, 2.47409280E-001, 1.35040236E+000,-1.00000000E-001, 1.13704205E-002
 4.77500000E+000,-1.91952724E-002, 2.43614183E-001, 1.37839007E+000,-1.00000000E-001, 1.19204863E-002
 4.82500000E+000,-2.06578980E-002, 2.40429747E-001, 1.40230808E+000,-1.00000000E-001, 1.23724340E-002
 4.87500000E+000,-2.19442376E-002, 2.37862482E-001, 1.42189071E+000,-1.00000000E-001, 1.27228879E-002
 4.92500000E+000,-2.30192234E-002, 2.35883746E-001, 1.43713897E+000,-1.00000000E-001, 1.29779057E-002
 4.97500000E+000,-2.38611070E-002, 2.34425710E-001, 1.44835642E+000,-1.00000000E-001, 1.31523309E-002
 5.02500000E+000,-2.44623079E-002, 2.33383805E-001, 1.45613940E+000,-1.00000000E-001, 1.32676930E-002
 5.07500000E+000,-2.48332008E-002, 2.32632485E-001, 1.46129033E+000,-1.00000000E-001, 1.33476909E-002
 5.12500000E+000,-2.50023041E-002, 2.32065787E-001, 1.46471886E+000,-1.00000000E-001, 1.34147851E-002
 5.17500000E+000,-2.49675392E-002, 2.31569392E-001, 1.46786250E+000,-1.00000000E-001, 1.35114468E-002
 5.22500000E+000,-2.46349398E-002, 2.30652930E-001, 1.47310533E+000,-1.00000000E-001, 1.37216578E-002
 5.27500000E+000,-2.38769655E-002, 2.29044525E-001, 1.48156284E+000,-1.00000000E-001, 1.41016677E-002
 5.32500000E+000,-2.26196007E-002, 2.26538101E-001, 1.49408128E+000,-1.00000000E-001, 1.46924281E-002
 5.37500000E+000,-2.08610085E-002, 2.23055502E-001, 1.51099357E+000,-1.00000000E-001, 1.55091836E-002
 5.42500000E+000,-1.86668992E-002, 2.18650657E-001, 1.53212224E+000,-1.00000000E-001, 1.65406677E-002
 5.47500000E+000,-1.61490122E-002, 2.13475714E-001, 1.55691421E+000,-1.00000000E-001, 1.77546512E-002
 5.52500000E+000,-1.34384224E-002, 2.07735595E-001, 1.58460205E+000,-1.00000000E-001, 1.91062816E-002
 5.57500000E+000,-1.06623397E-002, 2.01647879E-001, 1.61433887E+000,-1.00000000E-001, 2.05466172E-002
 5.62500000E+000,-7.92830474E-003, 1.95414230E-001, 1.64529341E+000,-1.00000000E-001, 2.20295476E-002
 5.67500000E+000,-5.31657498E-003, 1.89204442E-001, 1.67670678E+000,-1.00000000E-001, 2.35159310E-002
 5.72500000E+000,-2.87944973E-003, 1.83151949E-001, 1.70792325E+000,-1.00000000E-001, 2.49751025E-002
 5.77500000E+000,-6.44234393E-004, 1.77357263E-001, 1.73845080E+000,-1.00000000E-001, 2.63870144E-002
 5.82500000E+000, 1.39607608E-003, 1.71860427E-001, 1.76808838E+000,-1.00000000E-001, 2.77631317E-002
 5.87500000E+000, 3.28859540E-003, 1.66610609E-001, 1.79689807E+000,-1.00000000E-001, 2.91444107E-002
 5.92500000E+000, 5.07437453E-003, 1.61555754E-001, 1.82493267E+000,-1.00000000E-001, 3.05316957E-002
 5.97500000E+000, 6.76658456E-003, 1.56677586E-001, 1.85218759E+000,-1.00000000E-001, 3.19215771E-002
 6.02500000E+000, 8.36970923E-003, 1.51970932E-001, 1.87861349E+000,-1.00000000E-001, 3.33082183E-002
 6.07500000E+000, 9.88450974E-003, 1.47437655E-001, 1.90412437E+000,-1.00000000E-001, 3.46834669E-002
 6.12500000E+000, 1.13092787E-002, 1.43084841E-001, 1.92860126E+000,-1.00000000E-001, 3.60368106E-002
 6.17500000E+000, 1.26402881E-002, 1.38924105E-001, 1.95189434E+000,-1.00000000E-001, 3.73553148E-002
 6.22500000E+000, 1.38721052E-002, 1.34971095E-001, 1.97382616E+000,-1.00000000E-001, 3.86237085E-002
 6.27500000E+000, 1.49980193E-002, 1.31244727E-001, 1.99419887E+000,-1.00000000E-001, 3.98248042E-002
 6.32500000E+000, 1.60107274E-002, 1.27765768E-001, 2.01280760E+000,-1.00000000E-001, 4.09404345E-002
 6.37500000E+000, 1.69033574E-002, 1.24554502E-001, 2.02946133E+000,-1.00000000E-001, 4.19530047E-002
 6.42500000E+000, 1.76708017E-002, 1.21627435E-001, 2.04400990E+000,-1.00000000E-001, 4.28475821E-002
 6.47500000E+000, 1.83111700E-002, 1.18993434E-001, 2.05637280E+000,-1.00000000E-001, 4.36141644E-002
 6.52500000E+000, 1.88270127E-002, 1.16650173E-001, 2.06656204E+000,-1.00000000E-001, 4.42495274E-002
 6.57500000E+000, 1.92258918E-002, 1.14582053E-001, 2.07469107E+000,-1.00000000E-001, 4.47579947E-002
 6.62500000E+000, 1.95200108E-002, 1.12760643E-001, 2.08096492E+000,-1.00000000E-001, 4.51507954E-002
 6.67500000E+000, 1.97249191E-002, 1.11147469E-001, 2.08565305E+000,-1.00000000E-001, 4.54440825E-002
 6.72500000E+000, 1.98575898E-002, 1.09699051E-001, 2.08905105E+000,-1.00000000E-001, 4.56561902E-002
 6.77500000E+000, 1.99345072E-002, 1.08372321E-001, 2.09144615E+000,-1.00000000E-001, 4.58052132E-002
 6.82500000E+000, 1.99704942E-002, 1.07128954E-001, 2.09310103E+000,-1.00000000E-001, 4.59079690E-002
 6.87500000E+000, 1.99786140E-002, 1.05936471E-001, 2.09426621E+000,-1.00000000E-001, 4.59807323E-002
 6.92500000E+000, 1.99689867E-002, 1.04749090E-001, 2.09509784E+000,-1.00000000E-001, 4.60312875E-002
 6.97500000E+000, 1.99446615E-002, 1.03550909E-001, 2.09555252E+000,-1.00000000E-001, 4.60553486E-002
 7.02500000E+000, 1.99036443E-002, 1.02326481E-001, 2.09550502E+000,-1.00000000E-001, 4.60425922E-002
 7.07500000E+000, 1.98395579E-002, 1.01043258E-001, 2.09464674E+000,-1.00000000E-001, 4.59676155E-002
 7.12500000E+000, 1.97354885E-002, 9.96296857E-002, 2.09221517E+000,-1.00000000E-001, 4.57682031E-002
 7.17500000E+000, 1.95493142E-002, 9.79225796E-002, 2.08635519E+000,-1.00000000E-001, 4.52951724E-002
 7.22500000E+000, 1.91812935E-002, 9.55491799E-002, 2.07264581E+000,-1.00000000E-001, 4.42035040E-002
 7.27500000E+000, 1.84093668E-002, 9.16901458E-002, 2.04086804E+000,-1.00000000E-001, 4.17483916E-002
 7.32500000E+000, 1.67938148E-002, 8.47202955E-002, 1.96860287E+000,-1.00000000E-001, 3.65457753E-002
 7.37500000E+000, 1.36591161E-002, 7.21207024E-002, 1.81071349E+000,-1.00000000E-001, 2.68399964E-002
 7.42500000E+000, 8.59501619E-003, 5.21690797E-002, 1.48771299E+000,-1.00000000E-001, 1.28881553E-002
 7.47500000E+000, 3.01751148E-003, 2.89605959E-002, 9.03081050E-001,-1.00000000E-001, 1.87893264E-003
 7.52500000E+000, 2.29158257E-004, 1.38480619E-002, 2.15801762E-001,-1.00000000E-001, 7.52815060E-006
 7.57500000E+000, 8.09558088E-008, 1.02132874E-002, 7.88046041E-003,-1.00000000E-001, 1.27374860E-010
 7.62500000E+000, 1.41496548E-015, 1.00047233E-002, 1.48600785E-004,-1.00000000E-001, 8.92677227E-016
 7.67500000E+000, 7.35817699E-022, 1.00000927E-002, 2.90426128E-006,-1.00000000E-001, 6.66191277E-021
 7.72500000E+000, 5.46887910E-027, 1.00000018E-002, 5.67503865E-008,-1.00000000E-001, 4.95502175E-026
 7.77500000E+000, 4.05051151E-032, 1.00000000E-002, 1.10723648E-009,-1.00000000E-001, 3.67061033E-031
 7.82500000E+000, 2.96480712E-037, 1.00000000E-002, 2.15531567E-011,-1.00000000E-001, 2.68865268E-036
 7.87500000E+000, 1.49269143E-042, 1.00000000E-002, 3.97185544E-013,-1.00000000E-001, 1.37800478E-041
 7.92500000E+000, 0.00000000E+000, 1.00000000E-002, 0.00000000E+000,-1.00000000E-001, 0.00000000E+000
 7.97500000E+000, 0.00000000E+000, 1.00000000E-002, 0.00000000E+000,-1.00000000E-001, 0.00000000E+000
 8.02500000E+000, 0.00000000E+000, 1.00000000E-002, 0.00000000E+000,-1.00000000E-001, 0.00000000E+000
 8.07500000E+000, 0.00000000E+000, 1.00000000E-002, 0.00000000E+000,-1.00000000E-001, 0.00000000E+000
 8.12500000E+000, 0.00000000E+000, 1.00000000E-002, 0.00000000E+000,-1.00000000E-001, 0.00000000E+000
 8.17500000E+000, 0.00000000E+000, 1.00000000E-002, 0.00000000E+000,-1.00000000E-001, 0.00000000E+000
 8.22500000E+000, 0.00000000E+000, 1.00000000E-002, 0.00000000E+000,-1.00000000E-001, 0.00000000E+000
 8.27500000E+000, 0.00000000E+000, 1.00000000E-002, 0.00000000E+000,-1.00000000E-001, 0.00000000E+000
 8.32500000E+000, 0.00000000E+000, 1.00000000E-002, 0.00000000E+000,-1.00000000E-001, 0.00000000E+000
 8.37500000E+000, 0.00000000E+000, 1.00000000E-002, 0.00000000E+000,-1.00000000E-001, 0.00000000E+000
 8.42500000E+000, 0.00000000E+000, 1.00000000E-002, 0.00000000E+000,-1.00000000E-001, 0.00000000E+000
 8.47500000E+000, 0.00000000E+000, 1.00000000E-002, 0.00000000E+000,-1.00000000E-001, 0.00000000E+000
 8.52500000E+000, 0.00000000E+000, 1.00000000E-002, 0.00000000E+000,-1.00000000E-001, 0.00000000E+000
 8.57500000E+000, 0.00000000E+000, 1.00000000E-002, 0.00000000E+000,-1.00000000E-001, 0.00000000E+000
 8.62500000E+000, 0.00000000E+000, 1.00000000E-002, 0.00000000E+000,-1.00000000E-001, 0.00000000E+000
 8.67500000E+000, 0.00000000E+000, 1.00000000E-002, 0.00000000E+000,-1.00000000E-001, 0.00000000E+000
 8.72500000E+000, 0.00000000E+000, 1.00000000E-002, 0.00000000E+000,-1.00000000E-001, 0.00000000E+000
 8.77500000E+000, 0.00000000E+000, 1.00000000E-002, 0.00000000E+000,-1.00000000E-001, 0.00000000E+000
 8.82500000E+000, 0.00000000E+000, 1.00000000E-002, 0.00000000E+000,-1.00000000E-001, 0.00000000E+000
 8.87500000E+000, 0.00000000E+000, 1.00000000E-002, 0.00000000E+000,-1.00000000E-001, 0.00000000E+000
 8.92500000E+000, 0.00000000E+000, 1.00000000E-002, 0.00000000E+000,-1.00000000E-001, 0.00000000E+000
 8.97500000E+000, 0.00000000E+000, 1.00000000E-002, 0.00000000E+000,-1.00000000E-001, 0.00000000E+000
 9.02500000E+000, 0.00000000E+000, 1.00000000E-002, 0.00000000E+000,-1.00000000E-001, 0.00000000E+000
 9.07500000E+000, 0.00000000E+000, 1.00000000E-002, 0.00000000E+000,-1.00000000E-001, 0.00000000E+000
 9.12500000E+000, 0.00000000E+000, 1.00000000E-002, 0.00000000E+000,-1.00000000E-001, 0.00000000E+000
 9.17500000E+000, 0.00000000E+000, 1.00000000E-002, 0.00000000E+000,-1.00000000E-001, 0.00000000E+000
 9.22500000E+000, 0.00000000E+000, 1.00000000E-002, 0.00000000E+000,-1.00000000E-001, 0.00000000E+000
 9.27500000E+000, 0.00000000E+000, 1.00000000E-002, 0.00000000E+000,-1.00000000E-001, 0.00000000E+000
 9.32500000E+000, 0.00000000E+000, 1.00000000E-002, 0.00000000E+000,-1.00000000E-001, 0.00000000E+000
 9.37500000E+000, 0.00000000E+000, 1.00000000E-002, 0.00000000E+000,-1.00000000E-001, 0.00000000E+000
 9.42500000E+000, 0.00000000E+000, 1.00000000E-002, 0.00000000E+000,-1.00000000E-001, 0.00000000E+000
 9.47500000E+000, 0.00000000E+000, 1.00000000E-002, 0.00000000E+000,-1.00000000E-001, 0.00000000E+000
 9.52500000E+000, 0.00000000E+000, 1.00000000E-002, 0.00000000E+000,-1.00000000E-001, 0.00000000E+000
 9.57500000E+000, 0.00000000E+000, 1.00000000E-002, 0.00000000E+000,-1.00000000E-001, 0.00000000E+000
 9.62500000E+000, 0.00000000E+000, 1.00000000E-002, 0.00000000E+000,-1.00000000E-001, 0.00000000E+000
 9.67500000E+000, 0.00000000E+000, 1.00000000E-002, 0.00000000E+000,-1.00000000E-001, 0.00000000E+000
 9.72500000E+000, 0.00000000E+000, 1.00000000E-002, 0.00000000E+000,-1.00000000E-001, 0.00000000E+000
 9.77500000E+000, 0.00000000E+000, 1.00000000E-002, 0.00000000E+000,-1.00000000E-001, 0.00000000E+000
 9.82500000E+000, 0.00000000E+000, 1.00000000E-002, 0.00000000E+000,-1.00000000E-001, 0.00000000E+000
 9.87500000E+000, 0.00000000E+000, 1.00000000E-002, 0.00000000E+000,-1.00000000E-001, 0.00000000E+000
 9.92500000E+000, 0.00000000E+000, 1.00000000E-002, 0.00000000E+000,-1.00000000E-001, 0.00000000E+000
 9.97500000E+000, 0.00000000E+000, 1.00000000E-002, 0.00000000E+000,-1.00000000E-001, 0.00000000E+000
