   1.0016477116060256      ,         200
X,ZB,H,U,ZF,QS
 2.50000000E-002, 0.00000000E+000, 5.00000000E-001, 0.00000000E+000,-1.00000000E-001, 0.00000000E+000
 7.50000000E-002, 0.00000000E+000, 5.00000000E-001, 0.00000000E+000,-1.00000000E-001, 0.00000000E+000
 1.25000000E-001, 0.00000000E+000, 5.00000000E-001, 0.00000000E+000,-1.00000000E-001, 0.00000000E+000
 1.75000000E-001, 0.00000000E+000, 5.00000000E-001, 0.00000000E+000,-1.00000000E-001, 0.00000000E+000
 2.25000000E-001, 0.00000000E+000, 5.00000000E-001, 0.00000000E+000,-1.00000000E-001, 0.00000000E+000
 2.75000000E-001, 0.00000000E+000, 5.00000000E-001, 0.00000000E+000,-1.00000000E-001, 0.00000000E+000
 3.25000000E-001, 0.00000000E+000, 5.00000000E-001, 0.00000000E+000,-1.00000000E-001, 0.00000000E+000
 3.75000000E-001, 0.00000000E+000, 5.00000000E-001, 0.00000000E+000,-1.00000000E-001, 0.00000000E+000
 4.25000000E-001, 0.00000000E+000, 5.00000000E-001, 0.00000000E+000,-1.00000000E-001, 0.00000000E+000
 4.75000000E-001, 0.00000000E+000, 5.00000000E-001, 0.00000000E+000,-1.00000000E-001, 0.00000000E+000
 5.25000000E-001, 0.00000000E+000, 5.00000000E-001, 0.00000000E+000,-1.00000000E-001, 0.00000000E+000
 5.75000000E-001, 0.00000000E+000, 5.00000000E-001, 0.00000000E+000,-1.00000000E-001, 0.00000000E+000
 6.25000000E-001, 0.00000000E+000, 5.00000000E-001, 0.00000000E+000,-1.00000000E-001, 0.00000000E+000
 6.75000000E-001, 0.00000000E+000, 5.00000000E-001, 0.00000000E+000,-1.00000000E-001, 0.00000000E+000
 7.25000000E-001, 0.00000000E+000, 5.00000000E-001, 0.00000000E+000,-1.00000000E-001, 0.00000000E+000
 7.75000000E-001, 0.00000000E+000, 5.00000000E-001, 0.00000000E+000,-1.00000000E-001, 0.00000000E+000
 8.25000000E-001, 0.00000000E+000, 5.00000000E-001, 0.00000000E+000,-1.00000000E-001, 0.00000000E+000
 8.75000000E-001, 0.00000000E+000, 5.00000000E-001, 0.00000000E+000,-1.00000000E-001, 0.00000000E+000
 9.25000000E-001, 0.00000000E+000, 5.00000000E-001, 0.00000000E+000,-1.00000000E-001, 0.00000000E+000
 9.75000000E-001, 0.00000000E+000, 5.00000000E-001, 0.00000000E+000,-1.00000000E-001, 0.00000000E+000
 1.02500000E+000, 0.00000000E+000, 5.00000000E-001, 0.00000000E+000,-1.00000000E-001, 0.00000000E+000
 1.07500000E+000, 0.00000000E+000, 5.00000000E-001, 0.00000000E+000,-1.00000000E-001, 0.00000000E+000
 1.12500000E+000, 0.00000000E+000, 5.00000000E-001, 0.00000000E+000,-1.00000000E-001, 0.00000000E+000
 1.17500000E+000, 0.00000000E+000, 5.00000000E-001, 0.00000000E+000,-1.00000000E-001, 0.00000000E+000
 1.22500000E+000, 0.00000000E+000, 5.00000000E-001, 0.00000000E+000,-1.00000000E-001, 0.00000000E+000
 1.27500000E+000, 0.00000000E+000, 5.00000000E-001, 0.00000000E+000,-1.00000000E-001, 0.00000000E+000
 1.32500000E+000, 0.00000000E+000, 5.00000000E-001, 0.00000000E+000,-1.00000000E-001, 0.00000000E+000
 1.37500000E+000,-8.88553229E-036, 5.00000000E-001, 0.00000000E+000,-1.00000000E-001, 0.00000000E+000
 1.42500000E+000,-2.10881921E-033, 5.00000000E-001, 3.14616311E-011,-1.00000000E-001, 1.39715143E-034
 1.47500000E+000,-1.23293037E-031, 5.00000000E-001, 1.72079934E-010,-1.00000000E-001, 2.41625732E-032
 1.52500000E+000,-3.88250332E-030, 5.00000000E-001, 6.23099900E-010,-1.00000000E-001, 1.16631106E-030
 1.57500000E+000,-9.46659617E-029, 5.00000000E-001, 1.90179414E-009,-1.00000000E-001, 3.35287321E-029
 1.62500000E+000,-2.00755511E-027, 4.99999999E-001, 5.41748383E-009,-1.00000000E-001, 7.76630447E-028
 1.67500000E+000,-3.88644418E-026, 4.99999997E-001, 1.48134112E-008,-1.00000000E-001, 1.58970624E-026
 1.72500000E+000,-6.97075154E-025, 4.99999991E-001, 3.93841005E-008,-1.00000000E-001, 2.99128504E-025
 1.77500000E+000,-1.16677078E-023, 4.99999977E-001, 1.02179840E-007,-1.00000000E-001, 5.23049811E-024
 1.82500000E+000,-1.82377017E-022, 4.99999941E-001, 2.59068742E-007,-1.00000000E-001, 8.53490751E-023
 1.87500000E+000,-2.66113578E-021, 4.99999855E-001, 6.41971979E-007,-1.00000000E-001, 1.30014231E-021
 1.92500000E+000,-3.61867929E-020, 4.99999649E-001, 1.55431729E-006,-1.00000000E-001, 1.84732503E-020
 1.97500000E+000,-4.57631683E-019, 4.99999170E-001, 3.67468598E-006,-1.00000000E-001, 2.44376613E-019
 2.02500000E+000,-5.36879355E-018, 4.99998086E-001, 8.47674136E-006,-1.00000000E-001, 3.00300478E-018
 2.07500000E+000,-5.82665531E-017, 4.99995696E-001, 1.90626192E-005,-1.00000000E-001, 3.41886043E-017
 2.12500000E+000,-5.83178364E-016, 4.99990573E-001, 4.17498719E-005,-1.00000000E-001, 3.59549211E-016
 2.17500000E+000,-5.36463522E-015, 4.99979914E-001, 8.89559717E-005,-1.00000000E-001, 3.48154791E-015
 2.22500000E+000,-4.51863200E-014, 4.99958415E-001, 1.84171069E-004,-1.00000000E-001, 3.09285917E-014
 2.27500000E+000,-3.47075061E-013, 4.99916453E-001, 3.70016605E-004,-1.00000000E-001, 2.51074564E-013
 2.32500000E+000,-2.42031624E-012, 4.99837354E-001, 7.20359929E-004,-1.00000000E-001, 1.85448919E-012
 2.37500000E+000,-1.52521417E-011, 4.99693662E-001, 1.35685900E-003,-1.00000000E-001, 1.24053301E-011
 2.42500000E+000,-8.64451892E-011, 4.99442700E-001, 2.46872763E-003,-1.00000000E-001, 7.47896598E-011
 2.47500000E+000,-4.38651740E-010, 4.99022342E-001, 4.33169367E-003,-1.00000000E-001, 4.04388353E-010
 2.52500000E+000,-1.98482972E-009, 4.98348756E-001, 7.31850595E-003,-1.00000000E-001, 1.95198486E-009
 2.57500000E+000,-7.98447837E-009, 4.97318519E-001, 1.18906205E-002,-1.00000000E-001, 8.37876951E-009
 2.62500000E+000,-2.85132630E-008, 4.95817204E-001, 1.85617752E-002,-1.00000000E-001, 3.18969675E-008
 2.67500000E+000,-9.04370240E-008, 4.93734838E-001, 2.78316604E-002,-1.00000000E-001, 1.07595040E-007
 2.72500000E+000,-2.55488176E-007, 4.90985451E-001, 4.01011690E-002,-1.00000000E-001, 3.22021463E-007
 2.77500000E+000,-6.46230423E-007, 4.87524953E-001, 5.55937518E-002,-1.00000000E-001, 8.58386982E-007
 2.82500000E+000,-1.47440120E-006, 4.83360765E-001, 7.43110663E-002,-1.00000000E-001, 2.05074251E-006
 2.87500000E+000,-3.06213056E-006, 4.78549343E-001, 9.60401335E-002,-1.00000000E-001, 4.42805637E-006
 2.92500000E+000,-5.84848154E-006, 4.73182752E-001, 1.20408239E-001,-1.00000000E-001, 8.72757250E-006
 2.97500000E+000,-1.03814431E-005, 4.67369727E-001, 1.46963214E-001,-1.00000000E-001, 1.58706410E-005
 3.02500000E+000,-1.73029776E-005, 4.61217820E-001, 1.75251033E-001,-1.00000000E-001, 2.69138153E-005
 3.07500000E+000,-2.73364492E-005, 4.54821137E-001, 2.04870636E-001,-1.00000000E-001, 4.29977013E-005
 3.12500000E+000,-4.12819693E-005, 4.48254852E-001, 2.35499965E-001,-1.00000000E-001, 6.53105854E-005
 3.17500000E+000,-6.00202226E-005, 4.41575075E-001, 2.66898459E-001,-1.00000000E-001, 9.50713721E-005
 3.22500000E+000,-8.45225810E-005, 4.34821719E-001, 2.98895911E-001,-1.00000000E-001, 1.33527154E-004
 3.27500000E+000,-1.15865207E-004, 4.28022320E-001, 3.31376628E-001,-1.00000000E-001, 1.81958381E-004
 3.32500000E+000,-1.55246058E-004, 4.21195537E-001, 3.64264473E-001,-1.00000000E-001, 2.41686740E-004
 3.37500000E+000,-2.04005339E-004, 4.14353860E-001, 3.97511296E-001,-1.00000000E-001, 3.14084103E-004
 3.42500000E+000,-2.63648934E-004, 4.07505320E-001, 4.31089643E-001,-1.00000000E-001, 4.00584798E-004
 3.47500000E+000,-3.35867455E-004, 4.00655293E-001, 4.64982727E-001,-1.00000000E-001, 5.02683993E-004
 3.52500000E+000,-4.22588093E-004, 3.93807995E-001, 4.99183327E-001,-1.00000000E-001, 6.21949758E-004
 3.57500000E+000,-5.25996131E-004, 3.86964760E-001, 5.33697951E-001,-1.00000000E-001, 7.60062006E-004
 3.62500000E+000,-6.48563860E-004, 3.80126902E-001, 5.68532605E-001,-1.00000000E-001, 9.18779349E-004
 3.67500000E+000,-7.93086954E-004, 3.73296349E-001, 6.03691336E-001,-1.00000000E-001, 1.09993209E-003
 3.72500000E+000,-9.62738175E-004, 3.66475542E-001, 6.39177978E-001,-1.00000000E-001, 1.30542808E-003
 3.77500000E+000,-1.16114222E-003, 3.59666722E-001, 6.74998968E-001,-1.00000000E-001, 1.53727032E-003
 3.82500000E+000,-1.39247265E-003, 3.52871254E-001, 7.11166616E-001,-1.00000000E-001, 1.79758868E-003
 3.87500000E+000,-1.66157164E-003, 3.46089262E-001, 7.47701562E-001,-1.00000000E-001, 2.08867927E-003
 3.92500000E+000,-1.97409648E-003, 3.39319500E-001, 7.84634290E-001,-1.00000000E-001, 2.41304698E-003
 3.97500000E+000,-2.33669224E-003, 3.32559307E-001, 8.22006346E-001,-1.00000000E-001, 2.77345286E-003
 4.02500000E+000,-2.75716513E-003, 3.25804647E-001, 8.59870077E-001,-1.00000000E-001, 3.17294954E-003
 4.07500000E+000,-3.24464613E-003, 3.19051185E-001, 8.98281118E-001,-1.00000000E-001, 3.61482142E-003
 4.12500000E+000,-3.80988689E-003, 3.12295820E-001, 9.37299104E-001,-1.00000000E-001, 4.10257090E-003
 4.17500000E+000,-4.46547199E-003, 3.05535221E-001, 9.76993775E-001,-1.00000000E-001, 4.63995695E-003
 4.22500000E+000,-5.22596155E-003, 2.98766687E-001, 1.01743774E+000,-1.00000000E-001, 5.23082389E-003
 4.27500000E+000,-6.10791942E-003, 2.91989167E-001, 1.05870095E+000,-1.00000000E-001, 5.87884288E-003
 4.32500000E+000,-7.12929824E-003, 2.85203376E-001, 1.10084803E+000,-1.00000000E-001, 6.58717844E-003
 4.37500000E+000,-8.30855278E-003, 2.78415690E-001, 1.14388857E+000,-1.00000000E-001, 7.35711439E-003
 4.42500000E+000,-9.66093338E-003, 2.71642366E-001, 1.18778037E+000,-1.00000000E-001, 8.18733782E-003
 4.47500000E+000,-1.11912930E-002, 2.64909683E-001, 1.23232072E+000,-1.00000000E-001, 9.07098644E-003
 4.52500000E+000,-1.29123850E-002, 2.58290613E-001, 1.27686598E+000,-1.00000000E-001, 9.98663264E-003
 4.57500000E+000,-1.47479908E-002, 2.52013408E-001, 1.32157739E+000,-1.00000000E-001, 1.09328311E-002
 4.62500000E+000,-1.66939693E-002, 2.45955247E-001, 1.36373388E+000,-1.00000000E-001, 1.18290397E-002
 4.67500000E+000,-1.86555921E-002, 2.40700536E-001, 1.40291549E+000,-1.00000000E-001, 1.26539215E-002
 4.72500000E+000,-2.05308535E-002, 2.36210334E-001, 1.43592846E+000,-1.00000000E-001, 1.33166783E-002
 4.77500000E+000,-2.21379286E-002, 2.32788688E-001, 1.46294602E+000,-1.00000000E-001, 1.38371491E-002
 4.82500000E+000,-2.33075493E-002, 2.30127614E-001, 1.48227206E+000,-1.00000000E-001, 1.41968856E-002
 4.87500000E+000,-2.40058276E-002, 2.28322337E-001, 1.49541534E+000,-1.00000000E-001, 1.44537588E-002
 4.92500000E+000,-2.43929487E-002, 2.27313996E-001, 1.50219586E+000,-1.00000000E-001, 1.45802574E-002
 4.97500000E+000,-2.46710628E-002, 2.27045780E-001, 1.50407507E+000,-1.00000000E-001, 1.45832796E-002
 5.02500000E+000,-2.48960342E-002, 2.27285765E-001, 1.50251974E+000,-1.00000000E-001, 1.44959997E-002
 5.07500000E+000,-2.51407856E-002, 2.28146321E-001, 1.49702918E+000,-1.00000000E-001, 1.42920332E-002
 5.12500000E+000,-2.55229674E-002, 2.29482917E-001, 1.48915363E+000,-1.00000000E-001, 1.39968563E-002
 5.17500000E+000,-2.59157481E-002, 2.30624954E-001, 1.48200844E+000,-1.00000000E-001, 1.37236677E-002
 5.22500000E+000,-2.60987549E-002, 2.31121256E-001, 1.47868176E+000,-1.00000000E-001, 1.35975755E-002
 5.27500000E+000,-2.59504302E-002, 2.31037781E-001, 1.47869508E+000,-1.00000000E-001, 1.36253933E-002
 5.32500000E+000,-2.52084902E-002, 2.29824172E-001, 1.48360994E+000,-1.00000000E-001, 1.38986587E-002
 5.37500000E+000,-2.36266964E-002, 2.26877508E-001, 1.49632277E+000,-1.00000000E-001, 1.45478547E-002
 5.42500000E+000,-2.12049859E-002, 2.22225696E-001, 1.51673642E+000,-1.00000000E-001, 1.55810134E-002
 5.47500000E+000,-1.81980134E-002, 2.16314324E-001, 1.54325853E+000,-1.00000000E-001, 1.69161899E-002
 5.52500000E+000,-1.49683876E-002, 2.09654299E-001, 1.57452562E+000,-1.00000000E-001, 1.84579559E-002
 5.57500000E+000,-1.17560641E-002, 2.02617335E-001, 1.60933912E+000,-1.00000000E-001, 2.01379787E-002
 5.62500000E+000,-8.64681555E-003, 1.95437980E-001, 1.64572712E+000,-1.00000000E-001, 2.18778461E-002
 5.67500000E+000,-5.70956931E-003, 1.88490834E-001, 1.68250884E+000,-1.00000000E-001, 2.36235403E-002
 5.72500000E+000,-3.01739230E-003, 1.81875398E-001, 1.71777385E+000,-1.00000000E-001, 2.52867538E-002
 5.77500000E+000,-6.05027774E-004, 1.75719953E-001, 1.75113098E+000,-1.00000000E-001, 2.68463645E-002
 5.82500000E+000, 1.56099848E-003, 1.70015846E-001, 1.78232434E+000,-1.00000000E-001, 2.83092286E-002
 5.87500000E+000, 3.54898536E-003, 1.64738468E-001, 1.81255541E+000,-1.00000000E-001, 2.97745066E-002
 5.92500000E+000, 5.42383819E-003, 1.59668476E-001, 1.84190941E+000,-1.00000000E-001, 3.12448297E-002
 5.97500000E+000, 7.18170291E-003, 1.54725767E-001, 1.86953401E+000,-1.00000000E-001, 3.26716065E-002
 6.02500000E+000, 8.83566672E-003, 1.49955564E-001, 1.89614088E+000,-1.00000000E-001, 3.40861955E-002
 6.07500000E+000, 1.04199645E-002, 1.45419511E-001, 1.92286912E+000,-1.00000000E-001, 3.55479202E-002
 6.12500000E+000, 1.19326881E-002, 1.41081048E-001, 1.94888536E+000,-1.00000000E-001, 3.70109114E-002
 6.17500000E+000, 1.33499305E-002, 1.36997092E-001, 1.97426392E+000,-1.00000000E-001, 3.84762286E-002
 6.22500000E+000, 1.46927357E-002, 1.32918507E-001, 1.99813772E+000,-1.00000000E-001, 3.98890195E-002
 6.27500000E+000, 1.59234532E-002, 1.28894403E-001, 2.01914721E+000,-1.00000000E-001, 4.11596022E-002
 6.32500000E+000, 1.70494483E-002, 1.25195348E-001, 2.03949942E+000,-1.00000000E-001, 4.24163348E-002
 6.37500000E+000, 1.81157871E-002, 1.21798767E-001, 2.06031952E+000,-1.00000000E-001, 4.37294625E-002
 6.42500000E+000, 1.90887587E-002, 1.18670860E-001, 2.07931559E+000,-1.00000000E-001, 4.49510177E-002
 6.47500000E+000, 1.99093158E-002, 1.15771237E-001, 2.09521791E+000,-1.00000000E-001, 4.59902318E-002
 6.52500000E+000, 2.05753744E-002, 1.13148203E-001, 2.10821745E+000,-1.00000000E-001, 4.68512858E-002
 6.57500000E+000, 2.10610114E-002, 1.10931633E-001, 2.11747082E+000,-1.00000000E-001, 4.74705884E-002
 6.62500000E+000, 2.13355159E-002, 1.09266963E-001, 2.12288640E+000,-1.00000000E-001, 4.78355407E-002
 6.67500000E+000, 2.14409172E-002, 1.08091455E-001, 2.12577455E+000,-1.00000000E-001, 4.80312396E-002
 6.72500000E+000, 2.14439971E-002, 1.07147878E-001, 2.12703346E+000,-1.00000000E-001, 4.81167130E-002
 6.77500000E+000, 2.13823773E-002, 1.06254394E-001, 2.12720733E+000,-1.00000000E-001, 4.81283138E-002
 6.82500000E+000, 2.12840290E-002, 1.05437388E-001, 2.12686938E+000,-1.00000000E-001, 4.81055005E-002
 6.87500000E+000, 2.11680735E-002, 1.04647364E-001, 2.12606339E+000,-1.00000000E-001, 4.80507867E-002
 6.92500000E+000, 2.10371613E-002, 1.03853318E-001, 2.12490051E+000,-1.00000000E-001, 4.79718976E-002
 6.97500000E+000, 2.08995347E-002, 1.03035889E-001, 2.12353658E+000,-1.00000000E-001, 4.78793694E-002
 7.02500000E+000, 2.07668221E-002, 1.02180079E-001, 2.12236327E+000,-1.00000000E-001, 4.77999544E-002
 7.07500000E+000, 2.06503096E-002, 1.01288737E-001, 2.12163805E+000,-1.00000000E-001, 4.77509857E-002
 7.12500000E+000, 2.05512955E-002, 1.00361338E-001, 2.12132624E+000,-1.00000000E-001, 4.77301302E-002
 7.17500000E+000, 2.04637489E-002, 9.93722704E-002, 2.12114029E+000,-1.00000000E-001, 4.77178010E-002
 7.22500000E+000, 2.03733899E-002, 9.82654260E-002, 2.12055900E+000,-1.00000000E-001, 4.76796857E-002
 7.27500000E+000, 2.02329075E-002, 9.68732527E-002, 2.11755311E+000,-1.00000000E-001, 4.74812436E-002
 7.32500000E+000, 1.98659352E-002, 9.45497335E-002, 2.10433971E+000,-1.00000000E-001, 4.66122491E-002
 7.37500000E+000, 1.86631260E-002, 8.88954016E-002, 2.05177259E+000,-1.00000000E-001, 4.32451748E-002
 7.42500000E+000, 1.49866000E-002, 7.26149165E-002, 1.85873503E+000,-1.00000000E-001, 3.21661006E-002
 7.47500000E+000, 7.63646109E-003, 3.77668514E-002, 1.24787183E+000,-1.00000000E-001, 9.49199950E-003
 7.52500000E+000, 7.77288821E-004, 1.33138118E-002, 2.00236986E-001,-1.00000000E-001, 3.17771359E-005
 7.57500000E+000, 9.29232101E-008, 1.01055747E-002, 3.65983075E-003,-1.00000000E-001, 1.79587156E-010
 7.62500000E+000, 9.92828610E-016, 1.00017010E-002, 5.33724605E-005,-1.00000000E-001, 5.81520951E-016
 7.67500000E+000, 8.87102107E-023, 1.00000261E-002, 8.17366473E-007,-1.00000000E-001, 2.10229314E-021
 7.72500000E+000, 3.12064396E-028, 1.00000004E-002, 1.24655926E-008,-1.00000000E-001, 7.43390003E-027
 7.77500000E+000, 1.08336019E-033, 1.00000000E-002, 1.89045487E-010,-1.00000000E-001, 2.58569198E-032
 7.82500000E+000, 3.23081145E-039, 1.00000000E-002, 2.75669379E-012,-1.00000000E-001, 7.98400273E-038
 7.87500000E+000, 0.00000000E+000, 1.00000000E-002, 1.17659130E-014,-1.00000000E-001, 0.00000000E+000
 7.92500000E+000, 0.00000000E+000, 1.00000000E-002, 0.00000000E+000,-1.00000000E-001, 0.00000000E+000
 7.97500000E+000, 0.00000000E+000, 1.00000000E-002, 0.00000000E+000,-1.00000000E-001, 0.00000000E+000
 8.02500000E+000, 0.00000000E+000, 1.00000000E-002, 0.00000000E+000,-1.00000000E-001, 0.00000000E+000
 8.07500000E+000, 0.00000000E+000, 1.00000000E-002, 0.00000000E+000,-1.00000000E-001, 0.00000000E+000
 8.12500000E+000, 0.00000000E+000, 1.00000000E-002, 0.00000000E+000,-1.00000000E-001, 0.00000000E+000
 8.17500000E+000, 0.00000000E+000, 1.00000000E-002, 0.00000000E+000,-1.00000000E-001, 0.00000000E+000
 8.22500000E+000, 0.00000000E+000, 1.00000000E-002, 0.00000000E+000,-1.00000000E-001, 0.00000000E+000
 8.27500000E+000, 0.00000000E+000, 1.00000000E-002, 0.00000000E+000,-1.00000000E-001, 0.00000000E+000
 8.32500000E+000, 0.00000000E+000, 1.00000000E-002, 0.00000000E+000,-1.00000000E-001, 0.00000000E+000
 8.37500000E+000, 0.00000000E+000, 1.00000000E-002, 0.00000000E+000,-1.00000000E-001, 0.00000000E+000
 8.42500000E+000, 0.00000000E+000, 1.00000000E-002, 0.00000000E+000,-1.00000000E-001, 0.00000000E+000
 8.47500000E+000, 0.00000000E+000, 1.00000000E-002, 0.00000000E+000,-1.00000000E-001, 0.00000000E+000
 8.52500000E+000, 0.00000000E+000, 1.00000000E-002, 0.00000000E+000,-1.00000000E-001, 0.00000000E+000
 8.57500000E+000, 0.00000000E+000, 1.00000000E-002, 0.00000000E+000,-1.00000000E-001, 0.00000000E+000
 8.62500000E+000, 0.00000000E+000, 1.00000000E-002, 0.00000000E+000,-1.00000000E-001, 0.00000000E+000
 8.67500000E+000, 0.00000000E+000, 1.00000000E-002, 0.00000000E+000,-1.00000000E-001, 0.00000000E+000
 8.72500000E+000, 0.00000000E+000, 1.00000000E-002, 0.00000000E+000,-1.00000000E-001, 0.00000000E+000
 8.77500000E+000, 0.00000000E+000, 1.00000000E-002, 0.00000000E+000,-1.00000000E-001, 0.00000000E+000
 8.82500000E+000, 0.00000000E+000, 1.00000000E-002, 0.00000000E+000,-1.00000000E-001, 0.00000000E+000
 8.87500000E+000, 0.00000000E+000, 1.00000000E-002, 0.00000000E+000,-1.00000000E-001, 0.00000000E+000
 8.92500000E+000, 0.00000000E+000, 1.00000000E-002, 0.00000000E+000,-1.00000000E-001, 0.00000000E+000
 8.97500000E+000, 0.00000000E+000, 1.00000000E-002, 0.00000000E+000,-1.00000000E-001, 0.00000000E+000
 9.02500000E+000, 0.00000000E+000, 1.00000000E-002, 0.00000000E+000,-1.00000000E-001, 0.00000000E+000
 9.07500000E+000, 0.00000000E+000, 1.00000000E-002, 0.00000000E+000,-1.00000000E-001, 0.00000000E+000
 9.12500000E+000, 0.00000000E+000, 1.00000000E-002, 0.00000000E+000,-1.00000000E-001, 0.00000000E+000
 9.17500000E+000, 0.00000000E+000, 1.00000000E-002, 0.00000000E+000,-1.00000000E-001, 0.00000000E+000
 9.22500000E+000, 0.00000000E+000, 1.00000000E-002, 0.00000000E+000,-1.00000000E-001, 0.00000000E+000
 9.27500000E+000, 0.00000000E+000, 1.00000000E-002, 0.00000000E+000,-1.00000000E-001, 0.00000000E+000
 9.32500000E+000, 0.00000000E+000, 1.00000000E-002, 0.00000000E+000,-1.00000000E-001, 0.00000000E+000
 9.37500000E+000, 0.00000000E+000, 1.00000000E-002, 0.00000000E+000,-1.00000000E-001, 0.00000000E+000
 9.42500000E+000, 0.00000000E+000, 1.00000000E-002, 0.00000000E+000,-1.00000000E-001, 0.00000000E+000
 9.47500000E+000, 0.00000000E+000, 1.00000000E-002, 0.00000000E+000,-1.00000000E-001, 0.00000000E+000
 9.52500000E+000, 0.00000000E+000, 1.00000000E-002, 0.00000000E+000,-1.00000000E-001, 0.00000000E+000
 9.57500000E+000, 0.00000000E+000, 1.00000000E-002, 0.00000000E+000,-1.00000000E-001, 0.00000000E+000
 9.62500000E+000, 0.00000000E+000, 1.00000000E-002, 0.00000000E+000,-1.00000000E-001, 0.00000000E+000
 9.67500000E+000, 0.00000000E+000, 1.00000000E-002, 0.00000000E+000,-1.00000000E-001, 0.00000000E+000
 9.72500000E+000, 0.00000000E+000, 1.00000000E-002, 0.00000000E+000,-1.00000000E-001, 0.00000000E+000
 9.77500000E+000, 0.00000000E+000, 1.00000000E-002, 0.00000000E+000,-1.00000000E-001, 0.00000000E+000
 9.82500000E+000, 0.00000000E+000, 1.00000000E-002, 0.00000000E+000,-1.00000000E-001, 0.00000000E+000
 9.87500000E+000, 0.00000000E+000, 1.00000000E-002, 0.00000000E+000,-1.00000000E-001, 0.00000000E+000
 9.92500000E+000, 0.00000000E+000, 1.00000000E-002, 0.00000000E+000,-1.00000000E-001, 0.00000000E+000
 9.97500000E+000, 0.00000000E+000, 1.00000000E-002, 0.00000000E+000,-1.00000000E-001, 0.00000000E+000
