   1.0016416108340251      ,         200
X,ZB,H,U,ZF,QS
 2.50000000E-002,-8.72589632E-262, 5.00000000E-001, 0.00000000E+000,-1.00000000E-001, 0.00000000E+000
 7.50000000E-002,-2.44188692E-244, 5.00000000E-001, 0.00000000E+000,-1.00000000E-001, 0.00000000E+000
 1.25000000E-001,-6.99194516E-213, 5.00000000E-001, 0.00000000E+000,-1.00000000E-001, 0.00000000E+000
 1.75000000E-001,-1.53698058E-195, 5.00000000E-001, 0.00000000E+000,-1.00000000E-001, 0.00000000E+000
 2.25000000E-001,-5.59416314E-164, 5.00000000E-001, 0.00000000E+000,-1.00000000E-001, 0.00000000E+000
 2.75000000E-001,-8.94113853E-147, 5.00000000E-001, 0.00000000E+000,-1.00000000E-001, 0.00000000E+000
 3.25000000E-001,-4.46895010E-115, 5.00000000E-001, 0.00000000E+000,-1.00000000E-001, 0.00000000E+000
 3.75000000E-001,-4.46306007E-098, 5.00000000E-001, 0.00000000E+000,-1.00000000E-001, 0.00000000E+000
 4.25000000E-001,-3.56465226E-066, 5.00000000E-001, 0.00000000E+000,-1.00000000E-001, 0.00000000E+000
 4.75000000E-001,-1.42362555E-049, 5.00000000E-001, 0.00000000E+000,-1.00000000E-001, 0.00000000E+000
 5.25000000E-001,-1.13744631E-032, 5.00000000E-001, 0.00000000E+000,-1.00000000E-001, 0.00000000E+000
 5.75000000E-001,-4.27949094E-031, 5.00000000E-001, 0.00000000E+000,-1.00000000E-001, 0.00000000E+000
 6.25000000E-001,-6.70678117E-031, 5.00000000E-001, 0.00000000E+000,-1.00000000E-001, 0.00000000E+000
 6.75000000E-001,-3.65482424E-030, 5.00000000E-001, 0.00000000E+000,-1.00000000E-001, 0.00000000E+000
 7.25000000E-001, 2.38550975E-028, 5.00000000E-001, 4.31214181E-012,-1.00000000E-001, 5.01393528E-038
 7.75000000E-001,-3.57970251E-028, 5.00000000E-001, 2.37167800E-011,-1.00000000E-001, 1.71977980E-035
 8.25000000E-001,-7.82249299E-028, 5.00000000E-001, 7.76185526E-011,-1.00000000E-001, 7.83427387E-034
 8.75000000E-001,-3.16186128E-027, 5.00000000E-001, 2.15607091E-010,-1.00000000E-001, 1.87144131E-032
 9.25000000E-001, 5.14202869E-027, 5.00000000E-001, 5.64890577E-010,-1.00000000E-001, 3.60454665E-031
 9.75000000E-001, 7.32727307E-027, 5.00000000E-001, 1.42731894E-009,-1.00000000E-001, 6.04448869E-030
 1.02500000E+000,-3.69952222E-026, 4.99999999E-001, 3.48205451E-009,-1.00000000E-001, 9.10454430E-029
 1.07500000E+000,-7.67416755E-026, 4.99999998E-001, 8.28793652E-009,-1.00000000E-001, 1.26507102E-027
 1.12500000E+000,-4.56676940E-025, 4.99999996E-001, 1.92709615E-008,-1.00000000E-001, 1.63426589E-026
 1.17500000E+000,-1.17689289E-025, 4.99999990E-001, 4.38135157E-008,-1.00000000E-001, 1.97277485E-025
 1.22500000E+000,-4.88384063E-024, 4.99999978E-001, 9.74608675E-008,-1.00000000E-001, 2.22899062E-024
 1.27500000E+000,-4.06461344E-023, 4.99999952E-001, 2.12135789E-007,-1.00000000E-001, 2.35865894E-023
 1.32500000E+000,-4.02768529E-022, 4.99999898E-001, 4.51836877E-007,-1.00000000E-001, 2.33790612E-022
 1.37500000E+000,-3.59917571E-021, 4.99999787E-001, 9.41693619E-007,-1.00000000E-001, 2.17055506E-021
 1.42500000E+000,-2.98635029E-020, 4.99999566E-001, 1.92028077E-006,-1.00000000E-001, 1.88705903E-020
 1.47500000E+000,-2.32142781E-019, 4.99999135E-001, 3.83092382E-006,-1.00000000E-001, 1.53588196E-019
 1.52500000E+000,-1.69022716E-018, 4.99998312E-001, 7.47619180E-006,-1.00000000E-001, 1.16990075E-018
 1.57500000E+000,-1.15150309E-017, 4.99996778E-001, 1.42707317E-005,-1.00000000E-001, 8.33707501E-018
 1.62500000E+000,-7.33812656E-017, 4.99993984E-001, 2.66409615E-005,-1.00000000E-001, 5.55647315E-017
 1.67500000E+000,-4.37276802E-016, 4.99989018E-001, 4.86338736E-005,-1.00000000E-001, 3.46216711E-016
 1.72500000E+000,-2.43577123E-015, 4.99980399E-001, 8.68080921E-005,-1.00000000E-001, 2.01604464E-015
 1.77500000E+000,-1.26787406E-014, 4.99965795E-001, 1.51482317E-004,-1.00000000E-001, 1.09672338E-014
 1.82500000E+000,-6.16510109E-014, 4.99941654E-001, 2.58401453E-004,-1.00000000E-001, 5.57169502E-014
 1.87500000E+000,-2.79973466E-013, 4.99902719E-001, 4.30839764E-004,-1.00000000E-001, 2.64261369E-013
 1.92500000E+000,-1.18721039E-012, 4.99841475E-001, 7.02085785E-004,-1.00000000E-001, 1.16983208E-012
 1.97500000E+000,-4.70049285E-012, 4.99747541E-001, 1.11814414E-003,-1.00000000E-001, 4.83261288E-012
 2.02500000E+000,-1.73780836E-011, 4.99607073E-001, 1.74035490E-003,-1.00000000E-001, 1.86289534E-011
 2.07500000E+000,-6.00106475E-011, 4.99402305E-001, 2.64749756E-003,-1.00000000E-001, 6.70186399E-011
 2.12500000E+000,-1.93667187E-010, 4.99111312E-001, 3.93685580E-003,-1.00000000E-001, 2.25087181E-010
 2.17500000E+000,-5.84583428E-010, 4.98708143E-001, 5.72371874E-003,-1.00000000E-001, 7.06183077E-010
 2.22500000E+000,-1.65236421E-009, 4.98163403E-001, 8.13892386E-003,-1.00000000E-001, 2.07154595E-009
 2.27500000E+000,-4.38021878E-009, 4.97445315E-001, 1.13243126E-002,-1.00000000E-001, 5.68896988E-009
 2.32500000E+000,-1.09103346E-008, 4.96521218E-001, 1.54263342E-002,-1.00000000E-001, 1.46503091E-008
 2.37500000E+000,-2.55922807E-008, 4.95359343E-001, 2.05884095E-002,-1.00000000E-001, 3.54493996E-008
 2.42500000E+000,-5.66795789E-008, 4.93930684E-001, 2.69429552E-002,-1.00000000E-001, 8.07885322E-008
 2.47500000E+000,-1.18858363E-007, 4.92210695E-001, 3.46040697E-002,-1.00000000E-001, 1.73875212E-007
 2.52500000E+000,-2.36728899E-007, 4.90180633E-001, 4.36617794E-002,-1.00000000E-001, 3.54450824E-007
 2.57500000E+000,-4.49250069E-007, 4.87828385E-001, 5.41784502E-002,-1.00000000E-001, 6.86552596E-007
 2.62500000E+000,-8.15024075E-007, 4.85148726E-001, 6.61875867E-002,-1.00000000E-001, 1.26769467E-006
 2.67500000E+000,-1.41818172E-006, 4.82143052E-001, 7.96948661E-002,-1.00000000E-001, 2.23884959E-006
 2.72500000E+000,-2.37456298E-006, 4.78818677E-001, 9.46809693E-002,-1.00000000E-001, 3.79441250E-006
 2.77500000E+000,-3.83789155E-006, 4.75187855E-001, 1.11105622E-001,-1.00000000E-001, 6.19129814E-006
 2.82500000E+000,-6.00571130E-006, 4.71266652E-001, 1.28912237E-001,-1.00000000E-001, 9.75646024E-006
 2.87500000E+000,-9.12496552E-006, 4.67073805E-001, 1.48032640E-001,-1.00000000E-001, 1.48923865E-005
 2.92500000E+000,-1.34972277E-005, 4.62629669E-001, 1.68391466E-001,-1.00000000E-001, 2.20804341E-005
 2.97500000E+000,-1.94837112E-005, 4.57955298E-001, 1.89910003E-001,-1.00000000E-001, 3.18821607E-005
 3.02500000E+000,-2.75102792E-005, 4.53071702E-001, 2.12509350E-001,-1.00000000E-001, 4.49390192E-005
 3.07500000E+000,-3.80727431E-005, 4.47999265E-001, 2.36112877E-001,-1.00000000E-001, 6.19709154E-005
 3.12500000E+000,-5.17427827E-005, 4.42757335E-001, 2.60648041E-001,-1.00000000E-001, 8.37741659E-005
 3.17500000E+000,-6.91748496E-005, 4.37363946E-001, 2.86047659E-001,-1.00000000E-001, 1.11219379E-004
 3.22500000E+000,-9.11144500E-005, 4.31835643E-001, 3.12250716E-001,-1.00000000E-001, 1.45249728E-004
 3.27500000E+000,-1.18408236E-004, 4.26187407E-001, 3.39202848E-001,-1.00000000E-001, 1.86880015E-004
 3.32500000E+000,-1.52016399E-004, 4.20432627E-001, 3.66856568E-001,-1.00000000E-001, 2.37196877E-004
 3.37500000E+000,-1.93027932E-004, 4.14583128E-001, 3.95171335E-001,-1.00000000E-001, 2.97360429E-004
 3.42500000E+000,-2.42679479E-004, 4.08649211E-001, 4.24113526E-001,-1.00000000E-001, 3.68607621E-004
 3.47500000E+000,-3.02378614E-004, 4.02639724E-001, 4.53656368E-001,-1.00000000E-001, 4.52257605E-004
 3.52500000E+000,-3.73732671E-004, 3.96562122E-001, 4.83779873E-001,-1.00000000E-001, 5.49719410E-004
 3.57500000E+000,-4.58584530E-004, 3.90422540E-001, 5.14470814E-001,-1.00000000E-001, 6.62502284E-004
 3.62500000E+000,-5.59057152E-004, 3.84225848E-001, 5.45722751E-001,-1.00000000E-001, 7.92229129E-004
 3.67500000E+000,-6.77609231E-004, 3.77975706E-001, 5.77536154E-001,-1.00000000E-001, 9.40653532E-004
 3.72500000E+000,-8.17104938E-004, 3.71674612E-001, 6.09918606E-001,-1.00000000E-001, 1.10968094E-003
 3.77500000E+000,-9.80901641E-004, 3.65323937E-001, 6.42885115E-001,-1.00000000E-001, 1.30139461E-003
 3.82500000E+000,-1.17296046E-003, 3.58923962E-001, 6.76458512E-001,-1.00000000E-001, 1.51808691E-003
 3.87500000E+000,-1.39798572E-003, 3.52473926E-001, 7.10669936E-001,-1.00000000E-001, 1.76229626E-003
 3.92500000E+000,-1.66160046E-003, 3.45972079E-001, 7.45559329E-001,-1.00000000E-001, 2.03684971E-003
 3.97500000E+000,-1.97056593E-003, 3.39415794E-001, 7.81175878E-001,-1.00000000E-001, 2.34490959E-003
 4.02500000E+000,-2.33305243E-003, 3.32801738E-001, 8.17578206E-001,-1.00000000E-001, 2.69002069E-003
 4.07500000E+000,-2.75896503E-003, 3.26126184E-001, 8.54834030E-001,-1.00000000E-001, 3.07614996E-003
 4.12500000E+000,-3.26031730E-003, 3.19385515E-001, 8.93018799E-001,-1.00000000E-001, 3.50770281E-003
 4.17500000E+000,-3.85162245E-003, 3.12577044E-001, 9.32212522E-001,-1.00000000E-001, 3.98948714E-003
 4.22500000E+000,-4.55022426E-003, 3.05700287E-001, 9.72493658E-001,-1.00000000E-001, 4.52657544E-003
 4.27500000E+000,-5.37640592E-003, 2.98758818E-001, 1.01392847E+000,-1.00000000E-001, 5.12398533E-003
 4.32500000E+000,-6.35298396E-003, 2.91762841E-001, 1.05655399E+000,-1.00000000E-001, 5.78606445E-003
 4.37500000E+000,-7.50392998E-003, 2.84732443E-001, 1.10035271E+000,-1.00000000E-001, 6.51544233E-003
 4.42500000E+000,-8.85144320E-003, 2.77701257E-001, 1.14521848E+000,-1.00000000E-001, 7.31143858E-003
 4.47500000E+000,-1.04109961E-002, 2.70719985E-001, 1.19091479E+000,-1.00000000E-001, 8.16795404E-003
 4.52500000E+000,-1.21844135E-002, 2.63859142E-001, 1.23702939E+000,-1.00000000E-001, 9.07116176E-003
 4.57500000E+000,-1.41520531E-002, 2.57210785E-001, 1.28293081E+000,-1.00000000E-001, 9.99770040E-003
 4.62500000E+000,-1.62660288E-002, 2.50889502E-001, 1.32773194E+000,-1.00000000E-001, 1.09143668E-002
 4.67500000E+000,-1.84475267E-002, 2.45034826E-001, 1.37025836E+000,-1.00000000E-001, 1.17798872E-002
 4.72500000E+000,-2.05845013E-002, 2.39804480E-001, 1.40907725E+000,-1.00000000E-001, 1.25507375E-002
 4.77500000E+000,-2.25543390E-002, 2.35399992E-001, 1.44241061E+000,-1.00000000E-001, 1.31817567E-002
 4.82500000E+000,-2.41992585E-002, 2.31965923E-001, 1.46869620E+000,-1.00000000E-001, 1.36500945E-002
 4.87500000E+000,-2.54275572E-002, 2.29684792E-001, 1.48636037E+000,-1.00000000E-001, 1.39321010E-002
 4.92500000E+000,-2.62091726E-002, 2.28594929E-001, 1.49497603E+000,-1.00000000E-001, 1.40308537E-002
 4.97500000E+000,-2.65674939E-002, 2.28449754E-001, 1.49616095E+000,-1.00000000E-001, 1.39972469E-002
 5.02500000E+000,-2.66438418E-002, 2.28908206E-001, 1.49258032E+000,-1.00000000E-001, 1.38829776E-002
 5.07500000E+000,-2.67453295E-002, 2.29910063E-001, 1.48568549E+000,-1.00000000E-001, 1.36687719E-002
 5.12500000E+000,-2.71660027E-002, 2.31582209E-001, 1.47567612E+000,-1.00000000E-001, 1.33083909E-002
 5.17500000E+000,-2.77835662E-002, 2.33498511E-001, 1.46480879E+000,-1.00000000E-001, 1.28988163E-002
 5.22500000E+000,-2.79631358E-002, 2.34414030E-001, 1.45870942E+000,-1.00000000E-001, 1.27146344E-002
 5.27500000E+000,-2.70858679E-002, 2.33189878E-001, 1.46237738E+000,-1.00000000E-001, 1.29943800E-002
 5.32500000E+000,-2.50423800E-002, 2.29632254E-001, 1.47675116E+000,-1.00000000E-001, 1.37804834E-002
 5.37500000E+000,-2.21508599E-002, 2.24292541E-001, 1.49968954E+000,-1.00000000E-001, 1.49677430E-002
 5.42500000E+000,-1.88327500E-002, 2.17893958E-001, 1.52830962E+000,-1.00000000E-001, 1.64116061E-002
 5.47500000E+000,-1.54203067E-002, 2.11017772E-001, 1.56020458E+000,-1.00000000E-001, 1.79891886E-002
 5.52500000E+000,-1.21181979E-002, 2.04046738E-001, 1.59367109E+000,-1.00000000E-001, 1.96147659E-002
 5.57500000E+000,-9.03020609E-003, 1.97206109E-001, 1.62758308E+000,-1.00000000E-001, 2.12349678E-002
 5.62500000E+000,-6.19636028E-003, 1.90617587E-001, 1.66121612E+000,-1.00000000E-001, 2.28189150E-002
 5.67500000E+000,-3.62218074E-003, 1.84342123E-001, 1.69409985E+000,-1.00000000E-001, 2.43492206E-002
 5.72500000E+000,-1.29806211E-003, 1.78408619E-001, 1.72590706E+000,-1.00000000E-001, 2.58153959E-002
 5.77500000E+000, 8.02086579E-004, 1.72820662E-001, 1.75640319E+000,-1.00000000E-001, 2.72169037E-002
 5.82500000E+000, 2.72733333E-003, 1.67549535E-001, 1.78551694E+000,-1.00000000E-001, 2.85925822E-002
 5.87500000E+000, 4.51908930E-003, 1.62549594E-001, 1.81336179E+000,-1.00000000E-001, 2.99511494E-002
 5.92500000E+000, 6.19604369E-003, 1.57784071E-001, 1.84007852E+000,-1.00000000E-001, 3.12945165E-002
 5.97500000E+000, 7.76958755E-003, 1.53229794E-001, 1.86574201E+000,-1.00000000E-001, 3.26219860E-002
 6.02500000E+000, 9.24695037E-003, 1.48872802E-001, 1.89037842E+000,-1.00000000E-001, 3.39307437E-002
 6.07500000E+000, 1.06324385E-002, 1.44705582E-001, 1.91397837E+000,-1.00000000E-001, 3.52162273E-002
 6.12500000E+000, 1.19281847E-002, 1.40725430E-001, 1.93650480E+000,-1.00000000E-001, 3.64723300E-002
 6.17500000E+000, 1.31346446E-002, 1.36933369E-001, 1.95789815E+000,-1.00000000E-001, 3.76915404E-002
 6.22500000E+000, 1.42509732E-002, 1.33333333E-001, 1.97808054E+000,-1.00000000E-001, 3.88650887E-002
 6.27500000E+000, 1.52753645E-002, 1.29931422E-001, 1.99696004E+000,-1.00000000E-001, 3.99831622E-002
 6.32500000E+000, 1.62054116E-002, 1.26735066E-001, 2.01443605E+000,-1.00000000E-001, 4.10352420E-002
 6.37500000E+000, 1.70385256E-002, 1.23752034E-001, 2.03040634E+000,-1.00000000E-001, 4.20106070E-002
 6.42500000E+000, 1.77724344E-002, 1.20989209E-001, 2.04477611E+000,-1.00000000E-001, 4.28990279E-002
 6.47500000E+000, 1.84057542E-002, 1.18451156E-001, 2.05746898E+000,-1.00000000E-001, 4.36916349E-002
 6.52500000E+000, 1.89385952E-002, 1.16138602E-001, 2.06843906E+000,-1.00000000E-001, 4.43818868E-002
 6.57500000E+000, 1.93731190E-002, 1.14047006E-001, 2.07768244E+000,-1.00000000E-001, 4.49664966E-002
 6.62500000E+000, 1.97139369E-002, 1.12165532E-001, 2.08524577E+000,-1.00000000E-001, 4.54461234E-002
 6.67500000E+000, 1.99682272E-002, 1.10476702E-001, 2.09122948E+000,-1.00000000E-001, 4.58256265E-002
 6.72500000E+000, 2.01454886E-002, 1.08956960E-001, 2.09578374E+000,-1.00000000E-001, 4.61137451E-002
 6.77500000E+000, 2.02569209E-002, 1.07578140E-001, 2.09909676E+000,-1.00000000E-001, 4.63221935E-002
 6.82500000E+000, 2.03145223E-002, 1.06309602E-001, 2.10137707E+000,-1.00000000E-001, 4.64643093E-002
 6.87500000E+000, 2.03300688E-002, 1.05120585E-001, 2.10283258E+000,-1.00000000E-001, 4.65534920E-002
 6.92500000E+000, 2.03141553E-002, 1.03982172E-001, 2.10364940E+000,-1.00000000E-001, 4.66016443E-002
 6.97500000E+000, 2.02754065E-002, 1.02868248E-001, 2.10397129E+000,-1.00000000E-001, 4.66176393E-002
 7.02500000E+000, 2.02198103E-002, 1.01754739E-001, 2.10387518E+000,-1.00000000E-001, 4.66054231E-002
 7.07500000E+000, 2.01498646E-002, 1.00615924E-001, 2.10332872E+000,-1.00000000E-001, 4.65605662E-002
 7.12500000E+000, 2.00627659E-002, 9.94151616E-002, 2.10209510E+000,-1.00000000E-001, 4.64624677E-002
 7.17500000E+000, 1.99459461E-002, 9.80837804E-002, 2.09950602E+000,-1.00000000E-001, 4.62559551E-002
 7.22500000E+000, 1.97662817E-002, 9.64739261E-002, 2.09392398E+000,-1.00000000E-001, 4.58087340E-002
 7.27500000E+000, 1.94452332E-002, 9.42557667E-002, 2.08149557E+000,-1.00000000E-001, 4.48176528E-002
 7.32500000E+000, 1.88054273E-002, 9.07082097E-002, 2.05334300E+000,-1.00000000E-001, 4.26222690E-002
 7.37500000E+000, 1.74717833E-002, 8.43684340E-002, 1.98954637E+000,-1.00000000E-001, 3.79268112E-002
 7.42500000E+000, 1.47639909E-002, 7.27872984E-002, 1.84754859E+000,-1.00000000E-001, 2.88075418E-002
 7.47500000E+000, 9.94781161E-003, 5.37701691E-002, 1.54546180E+000,-1.00000000E-001, 1.47173681E-002
 7.52500000E+000, 3.87641173E-003, 3.04910381E-002, 9.70138206E-001,-1.00000000E-001, 2.41307555E-003
 7.57500000E+000, 3.63497512E-004, 1.43677206E-002, 2.44025566E-001,-1.00000000E-001, 1.08531049E-005
 7.62500000E+000, 9.36217496E-007, 1.02363843E-002, 8.73731367E-003,-1.00000000E-001, 1.70839950E-010
 7.67500000E+000, 1.60191324E-011, 1.00051704E-002, 1.62732715E-004,-1.00000000E-001, 1.15457040E-015
 7.72500000E+000, 1.12029819E-016, 1.00001005E-002, 3.14867183E-006,-1.00000000E-001, 8.36210125E-021
 7.77500000E+000, 8.11793878E-022, 1.00000019E-002, 6.09232230E-008,-1.00000000E-001, 6.03893035E-026
 7.82500000E+000, 6.81731220E-028, 1.00000000E-002, 1.17685117E-009,-1.00000000E-001, 4.33801473E-031
 7.87500000E+000, 7.29399386E-029, 1.00000000E-002, 2.26724953E-011,-1.00000000E-001, 3.08249186E-036
 7.92500000E+000,-2.40119406E-030, 1.00000000E-002, 4.21378333E-013,-1.00000000E-001, 1.76249853E-041
 7.97500000E+000, 1.44245664E-032, 1.00000000E-002, 0.00000000E+000,-1.00000000E-001, 0.00000000E+000
 8.02500000E+000, 3.89573923E-034, 1.00000000E-002, 0.00000000E+000,-1.00000000E-001, 0.00000000E+000
 8.07500000E+000, 9.78853498E-052, 1.00000000E-002, 0.00000000E+000,-1.00000000E-001, 0.00000000E+000
 8.12500000E+000, 1.89013088E-069, 1.00000000E-002, 0.00000000E+000,-1.00000000E-001, 0.00000000E+000
 8.17500000E+000, 2.23048568E-087, 1.00000000E-002, 0.00000000E+000,-1.00000000E-001, 0.00000000E+000
 8.22500000E+000, 5.80566678E-120, 1.00000000E-002, 0.00000000E+000,-1.00000000E-001, 0.00000000E+000
 8.27500000E+000, 7.90138922E-138, 1.00000000E-002, 0.00000000E+000,-1.00000000E-001, 0.00000000E+000
 8.32500000E+000, 5.59241750E-156, 1.00000000E-002, 0.00000000E+000,-1.00000000E-001, 0.00000000E+000
 8.37500000E+000, 2.73785778E-188, 1.00000000E-002, 0.00000000E+000,-1.00000000E-001, 0.00000000E+000
 8.42500000E+000, 2.76702685E-206, 1.00000000E-002, 0.00000000E+000,-1.00000000E-001, 0.00000000E+000
 8.47500000E+000, 1.39838903E-224, 1.00000000E-002, 0.00000000E+000,-1.00000000E-001, 0.00000000E+000
 8.52500000E+000, 1.11547595E-256, 1.00000000E-002, 0.00000000E+000,-1.00000000E-001, 0.00000000E+000
 8.57500000E+000, 8.87497539E-275, 1.00000000E-002, 0.00000000E+000,-1.00000000E-001, 0.00000000E+000
 8.62500000E+000, 3.48728409E-293, 1.00000000E-002, 0.00000000E+000,-1.00000000E-001, 0.00000000E+000
 8.67500000E+000, 0.00000000E+000, 1.00000000E-002, 0.00000000E+000,-1.00000000E-001, 0.00000000E+000
 8.72500000E+000, 0.00000000E+000, 1.00000000E-002, 0.00000000E+000,-1.00000000E-001, 0.00000000E+000
 8.77500000E+000, 0.00000000E+000, 1.00000000E-002, 0.00000000E+000,-1.00000000E-001, 0.00000000E+000
 8.82500000E+000, 0.00000000E+000, 1.00000000E-002, 0.00000000E+000,-1.00000000E-001, 0.00000000E+000
 8.87500000E+000, 0.00000000E+000, 1.00000000E-002, 0.00000000E+000,-1.00000000E-001, 0.00000000E+000
 8.92500000E+000, 0.00000000E+000, 1.00000000E-002, 0.00000000E+000,-1.00000000E-001, 0.00000000E+000
 8.97500000E+000, 0.00000000E+000, 1.00000000E-002, 0.00000000E+000,-1.00000000E-001, 0.00000000E+000
 9.02500000E+000, 0.00000000E+000, 1.00000000E-002, 0.00000000E+000,-1.00000000E-001, 0.00000000E+000
 9.07500000E+000, 0.00000000E+000, 1.00000000E-002, 0.00000000E+000,-1.00000000E-001, 0.00000000E+000
 9.12500000E+000, 0.00000000E+000, 1.00000000E-002, 0.00000000E+000,-1.00000000E-001, 0.00000000E+000
 9.17500000E+000, 0.00000000E+000, 1.00000000E-002, 0.00000000E+000,-1.00000000E-001, 0.00000000E+000
 9.22500000E+000, 0.00000000E+000, 1.00000000E-002, 0.00000000E+000,-1.00000000E-001, 0.00000000E+000
 9.27500000E+000, 0.00000000E+000, 1.00000000E-002, 0.00000000E+000,-1.00000000E-001, 0.00000000E+000
 9.32500000E+000, 0.00000000E+000, 1.00000000E-002, 0.00000000E+000,-1.00000000E-001, 0.00000000E+000
 9.37500000E+000, 0.00000000E+000, 1.00000000E-002, 0.00000000E+000,-1.00000000E-001, 0.00000000E+000
 9.42500000E+000, 0.00000000E+000, 1.00000000E-002, 0.00000000E+000,-1.00000000E-001, 0.00000000E+000
 9.47500000E+000, 0.00000000E+000, 1.00000000E-002, 0.00000000E+000,-1.00000000E-001, 0.00000000E+000
 9.52500000E+000, 0.00000000E+000, 1.00000000E-002, 0.00000000E+000,-1.00000000E-001, 0.00000000E+000
 9.57500000E+000, 0.00000000E+000, 1.00000000E-002, 0.00000000E+000,-1.00000000E-001, 0.00000000E+000
 9.62500000E+000, 0.00000000E+000, 1.00000000E-002, 0.00000000E+000,-1.00000000E-001, 0.00000000E+000
 9.67500000E+000, 0.00000000E+000, 1.00000000E-002, 0.00000000E+000,-1.00000000E-001, 0.00000000E+000
 9.72500000E+000, 0.00000000E+000, 1.00000000E-002, 0.00000000E+000,-1.00000000E-001, 0.00000000E+000
 9.77500000E+000, 0.00000000E+000, 1.00000000E-002, 0.00000000E+000,-1.00000000E-001, 0.00000000E+000
 9.82500000E+000, 0.00000000E+000, 1.00000000E-002, 0.00000000E+000,-1.00000000E-001, 0.00000000E+000
 9.87500000E+000, 0.00000000E+000, 1.00000000E-002, 0.00000000E+000,-1.00000000E-001, 0.00000000E+000
 9.92500000E+000, 0.00000000E+000, 1.00000000E-002, 0.00000000E+000,-1.00000000E-001, 0.00000000E+000
 9.97500000E+000, 0.00000000E+000, 1.00000000E-002, 0.00000000E+000,-1.00000000E-001, 0.00000000E+000
