0.0 0.07203539878363305
0.3 0.07203539878363305
0.3754717069027077 0.07191740503873606
0.3813146757560635 0.06997050230646021
0.3971393796619468 0.06713864450696509
0.42148509683875124 0.06230088512225375
0.4494826675057298 0.059882007410389945
0.4592209543764516 0.059469027322758626
0.470176514846974 0.05941002846981826
0.48040169808130706 0.06058996987977185
0.48916615953403386 0.06235988001421036
0.4981740691685663 0.06460176908922055
0.5069385306212932 0.06737463199675905
0.5159464402558257 0.07056047103094513
0.5256847271265475 0.0742772838976595
0.5307973350891002 0.07616519173797875
0.5395617638510547 0.07952802337000217
0.5500304279579658 0.08194690306235784
0.5682897280996088 0.08265486751223163
0.5731588551895834 0.08194690306235784
0.5770541568615632 0.07197639993069269
0.6069993947099179 0.07197639993069269
0.7002434481818056 0.07197639993069269
0.9 0.07197639993069269
