0.0 0.0719488202405661
0.3002439017001395 0.0719488202405661
0.37048779603140025 0.07200787319916177
0.3814634134758944 0.0702952739617689
0.38926828425564536 0.06881889845340593
0.3956097612098454 0.06740157590363863
0.4097560925685103 0.06403543038744856
0.42292683350190324 0.0614960619755395
0.4317073110822124 0.05996062954369845
0.4380487716611262 0.058779526758078626
0.44902437273033413 0.05748031409038505
0.4604877935751073 0.057125984444163835
0.4780487814862979 0.0571850374027595
0.48536584886576983 0.05783464373660628
0.498292663536094 0.05972440977955097
0.507804870779751 0.06114173232931827
0.5156097579347882 0.0629133845253068
0.5231707188267566 0.06545275690209827
0.5307317124692974 0.06816929211955915
0.5375609600732041 0.07135826686531499
0.5439024206521179 0.07413385900625394
0.5499999877185353 0.07667322741816299
0.5578048748735726 0.07903543298940263
0.5702439025189038 0.08098425199094299
0.5997560982998604 0.084645668247435
0.6107316993690683 0.08535432952231864
0.6214634069257798 0.08559055126890733
0.6275609739921972 0.07206693012263984
0.7002438935124964 0.0719488202405661
0.9 0.0719488202405661
