0.0 0.0719551943542358
0.3 0.0719551943542358
0.3688090697544685 0.07189409269518282
0.3751102743103215 0.07171079331187717
0.38494014141810273 0.07128309568313954
0.3909892904075065 0.0704887992877906
0.39477000852588395 0.06945010185008305
0.39829867107781214 0.06755600915490023
0.40333962087709124 0.06376781817068133
0.40812853818559336 0.060285129887874
0.41291745549409536 0.05765784245639522
0.41695020610324984 0.05698574098837235
0.4260239295873556 0.05692464492317263
0.4318210460859824 0.05723014203073096
0.44013862594641256 0.05790223790490058
0.4461877749358164 0.058391039989617824
0.45475738728702375 0.05906313586378745
0.4603024482192013 0.05967413567275735
0.46761182888950686 0.06052953093023263
0.4724007461980089 0.06126272846345522
0.4769376079400618 0.06352342272217597
0.47895398324463906 0.06486761726744185
0.48197855773934095 0.06676170996262468
0.48374290055314106 0.06816700616694352
0.4865154194813938 0.07030549990448495
0.49256456847079766 0.07439918519933555
0.4971014302128505 0.07745417585340525
0.5023944355785789 0.08093686413621257
0.5074354084535302 0.08448065128114624
0.5107120154390091 0.08710794150955165
0.5129804463100356 0.08851323771387049
0.5172652755613114 0.08942973463039874
0.5210459936796887 0.08961303401370438
0.5260869434789679 0.08949083489098839
0.5321360924683717 0.08839103859115449
0.5346565789058473 0.08674134274294035
0.5366729542104246 0.08484725004775753
0.5381852414577756 0.08325865446013303
0.5394454731386773 0.0813645617649502
0.5409577603860283 0.07953156793189373
0.5424700476333792 0.07769857409883724
0.5447384785044056 0.0761710801702657
0.5475110205083304 0.07433808633720923
0.5520478822503834 0.07311608951619603
0.559609318487138 0.07244399084509977
0.559609318487138 0.07244399084509977
0.5664146111002174 0.07213849373754144
0.575236302093546 0.07201629321636213
0.700252032490777 0.07189409269518282
0.9 0.07189409269518282
