0.0 0.07184158258601714
0.3002453950239236 0.07184158258601714
0.33312883373557556 0.07172277251685698
0.34711656353504083 0.07154455469372857
0.35963190072403606 0.07065346557808652
0.36576687742330394 0.06988118653160463
0.37435582682873636 0.06845544394657735
0.38024539727061646 0.06744554476177514
0.38515336514987375 0.06596039442277961
0.39128834184914163 0.06275247360646824
0.396196309728399 0.059247524897868276
0.4006134875598091 0.055861386258428486
0.40601226795384193 0.052475247618988696
0.41337423100619203 0.050455443810607944
0.4190183951906844 0.050099008164351116
0.4307975360744446 0.050217818233511284
0.44601227469392035 0.050455443810607944
0.4604907945412329 0.05122772285708983
0.4710429490719108 0.052475247618988696
0.47349692177807534 0.05366336462691933
0.47865029591472047 0.056277224219877214
0.483558286260906 0.05966336285931701
0.4879754640923162 0.0632277193218852
0.4926380257141857 0.06655445564613309
0.4970552035455958 0.06999999932015297
0.5014723813770059 0.07350495074814108
0.5061349654658037 0.07689108938758088
0.5105521432972138 0.08033663306160074
0.5147239148712361 0.08384158448958887
0.5206134853131162 0.08621782122483826
0.5265030557549963 0.08633663401338659
0.5370552102856743 0.08645544544224085
0.5431901869849421 0.086514851836515
0.5537423190486919 0.08645544544224085
0.5652760761419926 0.08586138557858145
0.5696932539734026 0.0847326736052309
0.5738650480143532 0.08300990040852689
0.5802453860371524 0.0794455439459587
0.5856441888981134 0.07659405877590413
0.589570554214748 0.07510891115629677
0.595460124656628 0.0736831685712695
0.6015950788889677 0.07314851510188425
0.6121472558865739 0.07255445387853078
0.620736182825078 0.07201980040914555
0.6298159672122142 0.07196039537456547
0.7 0.07190099033998539
0.9 0.07190099033998539
