0.0 0.07213149477705234
0.3 0.07213149477705234
0.3328299335488239 0.07194061460429244
0.34727511585208276 0.07181336018491906
0.36172029815534157 0.07124071966663931
0.3756401853633324 0.06984093270393335
0.38535785608138295 0.06805938539570758
0.3885095304715218 0.06691410435914809
0.3916612048616607 0.0649416739655621
0.39717663504440365 0.06080593883083078
0.4021667701318786 0.05717921554839239
0.40689428171708686 0.05399787545226008
0.4126723594474639 0.0517073133791411
0.41897570822774155 0.051198301526848185
0.4284307313981581 0.05132555303362126
0.4455022929962878 0.05164369053835484
0.45942220424964597 0.05240721122939451
0.4704530646151319 0.053616115106740254
0.47413001005517147 0.05476139614329974
0.47912016918801376 0.05743371856193856
0.48411030427548873 0.06067868149885712
0.48883781586069697 0.06424178194050927
0.4933027039436386 0.06767762505018773
0.49803021552884685 0.07117709391325278
0.5027577271140551 0.0745493112695447
0.5072225911516294 0.07792152571323635
0.5116874551892037 0.08142099748890166
0.5156270481768772 0.08434782583368694
0.5179908039694814 0.08530222669748651
0.5229809631023237 0.08714740267169913
0.5282337457374326 0.08733828284445905
0.5379514164554832 0.08733828284445905
0.5437294941858601 0.08733828284445905
0.5529218938540101 0.08733828284445905
0.5581746524437516 0.08714740267169913
0.5636900826264947 0.08574761279639288
0.5665791335143668 0.08434782583368694
0.5715692686018419 0.08161187766166157
0.5768220752823181 0.07830328605875618
0.5828628005603291 0.07524920329459753
0.5878529356478042 0.07378579057850504
0.5925804472330123 0.07308589564085191
0.5967826637229525 0.07264050954194555
0.6057124398888358 0.07232237494981225
0.6217334353417967 0.07213149477705234
0.7 0.07219512053043889
0.9 0.07219512053043889
