0.0 0.07189795924873463
0.3002530005597109 0.07189795924873463
0.35945603489867367 0.07177550933826772
0.36578115312605525 0.07159183587388467
0.37691333989606013 0.07104081548073551
0.3865275233077996 0.06951020421175498
0.3903225896115793 0.06828571351498976
0.39361163163269064 0.0662653054067762
0.3958886714149584 0.06479591769171181
0.39867173547989454 0.06271428322694747
0.4024668017836742 0.05940816086805256
0.4065148570655415 0.0562857119735407
0.40980392224989937 0.05463265079409325
0.41587602833594683 0.05328571579213042
0.4214421333025725 0.05304081597119659
0.4297912791708878 0.05316326307902885
0.43662239851769113 0.05328571579213042
0.44522453336409407 0.05371428347217801
0.459139784199035 0.054816324258476296
0.47229602177322005 0.05646938543792375
0.4758380759356655 0.057816326045155894
0.4793801300981111 0.05953061358115413
0.4811511687609571 0.06087754858311696
0.484440233945315 0.06357142979758124
0.48924730248793824 0.06718367272869145
0.4938013820524738 0.07055102144413715
0.49911447487776534 0.07397959091086433
0.5041745787249692 0.07740816318022614
0.5089816472675924 0.08071428553912105
0.5137887389734622 0.08420408136239901
0.517836817418576 0.08702040828337823
0.5208728704615997 0.08836734748929304
0.528463003069159 0.08885714292720873
0.5350411102746283 0.08879591797197527
0.5436432682842778 0.08867346946282567
0.5489563611095692 0.08793877560529348
0.5527514274133489 0.08616326591669643
0.5550284671956167 0.08469387820163203
0.5590765224774841 0.08187754987933549
0.5631246240858443 0.07857142752044058
0.5676787036503799 0.07587755191124561
0.5707147566934037 0.07440816419618121
0.5767868627794511 0.07318367349941599
0.5828589688654986 0.07232652973141687
0.5919671279945697 0.07214285626703382
0.6033523269059088 0.07195918280265076
0.6997470110219123 0.07195918280265076
0.9 0.07195918280265076
