   1800.0029346184465      ,         200
X,ZB,H,U,Q,QL
 5.00000000E+000, 1.49750000E+001, 9.79468907E+000, 2.91309785E+000, 2.85328877E+001, 3.99460428E+002
 1.50000000E+001, 1.49250000E+001, 9.82487722E+000, 2.91772010E+000, 2.86662417E+001, 4.01327384E+002
 2.50000000E+001, 1.48750000E+001, 9.88021337E+000, 2.89293459E+000, 2.85828110E+001, 4.00159354E+002
 3.50000000E+001, 1.48250000E+001, 9.92403647E+000, 2.88017621E+000, 2.85829737E+001, 4.00161632E+002
 4.50000000E+001, 1.47750000E+001, 9.96790747E+000, 2.86750959E+000, 2.85830703E+001, 4.00162984E+002
 5.50000000E+001, 1.47250000E+001, 1.00118418E+001, 2.85492682E+000, 2.85830758E+001, 4.00163061E+002
 6.50000000E+001, 1.46750000E+001, 1.00558414E+001, 2.84243401E+000, 2.85830656E+001, 4.00162918E+002
 7.50000000E+001, 1.46250000E+001, 1.00999055E+001, 2.83003169E+000, 2.85830527E+001, 4.00162738E+002
 8.50000000E+001, 1.45750000E+001, 1.01440334E+001, 2.81771938E+000, 2.85830395E+001, 4.00162552E+002
 9.50000000E+001, 1.45250000E+001, 1.01882239E+001, 2.80549646E+000, 2.85830262E+001, 4.00162366E+002
 1.05000000E+002, 1.44750000E+001, 1.02324762E+001, 2.79336226E+000, 2.85830129E+001, 4.00162181E+002
 1.15000000E+002, 1.44250000E+001, 1.02767893E+001, 2.78131612E+000, 2.85829997E+001, 4.00161996E+002
 1.25000000E+002, 1.43750000E+001, 1.03211622E+001, 2.76935736E+000, 2.85829866E+001, 4.00161812E+002
 1.35000000E+002, 1.43250000E+001, 1.03655941E+001, 2.75748531E+000, 2.85829735E+001, 4.00161629E+002
 1.45000000E+002, 1.42750000E+001, 1.04100840E+001, 2.74569931E+000, 2.85829605E+001, 4.00161447E+002
 1.55000000E+002, 1.42250000E+001, 1.04546310E+001, 2.73399868E+000, 2.85829475E+001, 4.00161265E+002
 1.65000000E+002, 1.41750000E+001, 1.04992344E+001, 2.72238275E+000, 2.85829345E+001, 4.00161083E+002
 1.75000000E+002, 1.41250000E+001, 1.05438932E+001, 2.71085084E+000, 2.85829216E+001, 4.00160903E+002
 1.85000000E+002, 1.40750000E+001, 1.05886065E+001, 2.69940230E+000, 2.85829088E+001, 4.00160723E+002
 1.95000000E+002, 1.40250000E+001, 1.06333737E+001, 2.68803644E+000, 2.85828960E+001, 4.00160544E+002
 2.05000000E+002, 1.39750000E+001, 1.06781939E+001, 2.67675260E+000, 2.85828832E+001, 4.00160365E+002
 2.15000000E+002, 1.39250000E+001, 1.07230662E+001, 2.66555012E+000, 2.85828705E+001, 4.00160187E+002
 2.25000000E+002, 1.38750000E+001, 1.07679900E+001, 2.65442833E+000, 2.85828579E+001, 4.00160010E+002
 2.35000000E+002, 1.38250000E+001, 1.08129645E+001, 2.64338657E+000, 2.85828452E+001, 4.00159833E+002
 2.45000000E+002, 1.37750000E+001, 1.08579890E+001, 2.63242418E+000, 2.85828327E+001, 4.00159657E+002
 2.55000000E+002, 1.37250000E+001, 1.09030626E+001, 2.62154049E+000, 2.85828201E+001, 4.00159482E+002
 2.65000000E+002, 1.36750000E+001, 1.09481848E+001, 2.61073486E+000, 2.85828076E+001, 4.00159307E+002
 2.75000000E+002, 1.36250000E+001, 1.09933547E+001, 2.60000663E+000, 2.85827952E+001, 4.00159132E+002
 2.85000000E+002, 1.35750000E+001, 1.10385718E+001, 2.58935515E+000, 2.85827827E+001, 4.00158958E+002
 2.95000000E+002, 1.35250000E+001, 1.10838353E+001, 2.57877978E+000, 2.85827704E+001, 4.00158785E+002
 3.05000000E+002, 1.34750000E+001, 1.11291446E+001, 2.56827986E+000, 2.85827580E+001, 4.00158612E+002
 3.15000000E+002, 1.34250000E+001, 1.11744990E+001, 2.55785477E+000, 2.85827457E+001, 4.00158440E+002
 3.25000000E+002, 1.33750000E+001, 1.12198980E+001, 2.54750387E+000, 2.85827334E+001, 4.00158268E+002
 3.35000000E+002, 1.33250000E+001, 1.12653408E+001, 2.53722651E+000, 2.85827212E+001, 4.00158097E+002
 3.45000000E+002, 1.32750000E+001, 1.13108268E+001, 2.52702207E+000, 2.85827090E+001, 4.00157926E+002
 3.55000000E+002, 1.32250000E+001, 1.13563555E+001, 2.51688993E+000, 2.85826968E+001, 4.00157756E+002
 3.65000000E+002, 1.31750000E+001, 1.14019263E+001, 2.50682946E+000, 2.85826847E+001, 4.00157586E+002
 3.75000000E+002, 1.31250000E+001, 1.14475385E+001, 2.49684005E+000, 2.85826726E+001, 4.00157416E+002
 3.85000000E+002, 1.30750000E+001, 1.14931916E+001, 2.48692108E+000, 2.85826605E+001, 4.00157248E+002
 3.95000000E+002, 1.30250000E+001, 1.15388851E+001, 2.47707196E+000, 2.85826486E+001, 4.00157081E+002
 4.05000000E+002, 1.29750000E+001, 1.15846180E+001, 2.46729218E+000, 2.85826373E+001, 4.00156923E+002
 4.15000000E+002, 1.29250000E+001, 1.16303883E+001, 2.45758171E+000, 2.85826296E+001, 4.00156815E+002
 4.25000000E+002, 1.28750000E+001, 1.16761868E+001, 2.44794327E+000, 2.85826428E+001, 4.00156999E+002
 4.35000000E+002, 1.28250000E+001, 1.17220422E+001, 2.43839564E+000, 2.85829767E+001, 4.00161674E+002
 4.45000000E+002, 1.27750000E+001, 1.17678171E+001, 2.42890353E+000, 2.85828924E+001, 4.00160494E+002
 4.55000000E+002, 1.27250000E+001, 1.18137758E+001, 2.41968179E+000, 2.85855782E+001, 4.00198094E+002
 4.65000000E+002, 1.26750000E+001, 1.18591021E+001, 2.41031979E+000, 2.85842284E+001, 4.00179197E+002
 4.75000000E+002, 1.26250000E+001, 1.19051246E+001, 2.40231198E+000, 2.85998235E+001, 4.00397529E+002
 4.85000000E+002, 1.25750000E+001, 1.19476082E+001, 2.39307308E+000, 2.85914995E+001, 4.00280993E+002
 4.95000000E+002, 1.25250000E+001, 1.20005681E+001, 2.39152696E+000, 2.86996822E+001, 4.01795550E+002
 5.05000000E+002, 1.24750000E+001, 1.20417030E+001, 2.42152863E+000, 2.91593285E+001, 4.02398733E+002
 5.15000000E+002, 1.24250000E+001, 1.20679947E+001, 2.47888470E+000, 2.99151675E+001, 4.00863244E+002
 5.25000000E+002, 1.23750000E+001, 1.20882296E+001, 2.54894415E+000, 3.08122221E+001, 4.00558887E+002
 5.35000000E+002, 1.23250000E+001, 1.21103254E+001, 2.62441319E+000, 3.17824976E+001, 4.00459470E+002
 5.45000000E+002, 1.22750000E+001, 1.21294258E+001, 2.70617445E+000, 3.28243422E+001, 4.00456975E+002
 5.55000000E+002, 1.22250000E+001, 1.21455489E+001, 2.79438322E+000, 3.39393180E+001, 4.00483952E+002
 5.65000000E+002, 1.21750000E+001, 1.21579476E+001, 2.88971917E+000, 3.51330543E+001, 4.00516819E+002
 5.75000000E+002, 1.21250000E+001, 1.21660184E+001, 2.99295512E+000, 3.64123471E+001, 4.00535818E+002
 5.85000000E+002, 1.20750000E+001, 1.21693757E+001, 3.10432766E+000, 3.77777296E+001, 4.00443934E+002
 5.95000000E+002, 1.20250000E+001, 1.21664225E+001, 3.22546769E+000, 3.92424027E+001, 4.00272508E+002
 6.05000000E+002, 1.19750000E+001, 1.21546831E+001, 3.36067805E+000, 4.08479766E+001, 4.00310171E+002
 6.15000000E+002, 1.19250000E+001, 1.21360669E+001, 3.50834563E+000, 4.25775171E+001, 4.00228661E+002
 6.25000000E+002, 1.18750000E+001, 1.21048790E+001, 3.67415691E+000, 4.44752248E+001, 4.00277023E+002
 6.35000000E+002, 1.18250000E+001, 1.20620292E+001, 3.85805145E+000, 4.65359291E+001, 4.00208991E+002
 6.45000000E+002, 1.17750000E+001, 1.20005458E+001, 4.06730064E+000, 4.88098275E+001, 4.00240586E+002
 6.55000000E+002, 1.17250000E+001, 1.19189154E+001, 4.30442276E+000, 5.13040506E+001, 4.00171595E+002
 6.65000000E+002, 1.16750000E+001, 1.18068876E+001, 4.58016776E+000, 5.40775259E+001, 4.00173692E+002
 6.75000000E+002, 1.16250000E+001, 1.16570956E+001, 4.90301961E+000, 5.71549684E+001, 4.00084779E+002
 6.85000000E+002, 1.15750000E+001, 1.14496684E+001, 5.29358200E+000, 6.06097584E+001, 4.00024406E+002
 6.95000000E+002, 1.15250000E+001, 1.12133613E+001, 5.72044598E+000, 6.41454273E+001, 3.97701649E+002
 7.05000000E+002, 1.14750000E+001, 1.09821898E+001, 6.04099565E+000, 6.63433611E+001, 3.98060166E+002
 7.15000000E+002, 1.14250000E+001, 1.08304859E+001, 6.15879041E+000, 6.67026927E+001, 4.00216156E+002
 7.25000000E+002, 1.13750000E+001, 1.07594759E+001, 6.19876240E+000, 6.66954345E+001, 4.00172607E+002
 7.35000000E+002, 1.13250000E+001, 1.06832285E+001, 6.24328664E+000, 6.66984575E+001, 4.00190745E+002
 7.45000000E+002, 1.12750000E+001, 1.06054792E+001, 6.28863504E+000, 6.66939879E+001, 4.00163927E+002
 7.55000000E+002, 1.12250000E+001, 1.05218573E+001, 6.33892383E+000, 6.66972520E+001, 4.00183512E+002
 7.65000000E+002, 1.11750000E+001, 1.04357157E+001, 6.39088355E+000, 6.66934441E+001, 4.00160665E+002
 7.75000000E+002, 1.11250000E+001, 1.03428672E+001, 6.44852441E+000, 6.66962314E+001, 4.00177388E+002
 7.85000000E+002, 1.10750000E+001, 1.02461455E+001, 6.50906250E+000, 6.66928016E+001, 4.00156810E+002
 7.95000000E+002, 1.10250000E+001, 1.01414131E+001, 6.57649846E+000, 6.66949878E+001, 4.00169927E+002
 8.05000000E+002, 1.09750000E+001, 1.00308163E+001, 6.64869399E+000, 6.66918277E+001, 4.00150966E+002
 8.15000000E+002, 1.09250000E+001, 9.91002667E+000, 6.72988095E+000, 6.66932997E+001, 4.00159798E+002
 8.25000000E+002, 1.08750000E+001, 9.78012630E+000, 6.81895514E+000, 6.66902425E+001, 4.00141455E+002
 8.35000000E+002, 1.08250000E+001, 9.63600572E+000, 6.92099449E+000, 6.66907425E+001, 4.00144455E+002
 8.45000000E+002, 1.07750000E+001, 9.47663703E+000, 7.03702892E+000, 6.66873688E+001, 4.00124213E+002
 8.55000000E+002, 1.07250000E+001, 9.29423664E+000, 7.17499522E+000, 6.66861035E+001, 4.00116621E+002
 8.65000000E+002, 1.06750000E+001, 9.08166171E+000, 7.34235929E+000, 6.66808232E+001, 4.00084939E+002
 8.75000000E+002, 1.06250000E+001, 8.81889269E+000, 7.56032257E+000, 6.66736735E+001, 4.00042041E+002
 8.85000000E+002, 1.05750000E+001, 8.46220244E+000, 7.87641396E+000, 6.66518095E+001, 3.99910857E+002
 8.95000000E+002, 1.05250000E+001, 7.79050700E+000, 8.49260174E+000, 6.61616733E+001, 3.96970040E+002
 9.05000000E+002, 1.04750000E+001, 6.92094784E+000, 9.28761436E+000, 6.42790945E+001, 3.98530386E+002
 9.15000000E+002, 1.04250000E+001, 6.14361437E+000, 9.85660698E+000, 6.05551923E+001, 3.99664269E+002
 9.25000000E+002, 1.03750000E+001, 5.64884360E+000, 1.01085571E+001, 5.71016582E+001, 3.99711608E+002
 9.35000000E+002, 1.03250000E+001, 5.28577409E+000, 1.02295149E+001, 5.40709047E+001, 4.00124695E+002
 9.45000000E+002, 1.02750000E+001, 4.98719845E+000, 1.02805021E+001, 5.12709041E+001, 3.99913052E+002
 9.55000000E+002, 1.02250000E+001, 4.74879083E+000, 1.02722060E+001, 4.87805576E+001, 4.00000572E+002
 9.65000000E+002, 1.01750000E+001, 4.53550901E+000, 1.02420050E+001, 4.64527058E+001, 3.99493270E+002
 9.75000000E+002, 1.01250000E+001, 4.36360792E+000, 1.01905673E+001, 4.44676402E+001, 4.00208761E+002
 9.85000000E+002, 1.00750000E+001, 4.20096116E+000, 1.01209997E+001, 4.25179264E+001, 3.99668508E+002
 9.95000000E+002, 1.00250000E+001, 4.07159648E+000, 1.00373489E+001, 4.08680343E+001, 4.00506736E+002
 1.00500000E+003, 9.97500000E+000, 3.89522650E+000, 9.94064603E+000, 3.87210678E+001, 3.94954892E+002
 1.01500000E+003, 9.92500000E+000, 4.64957397E+000, 8.56258562E+000, 3.98123752E+001, 4.22011178E+002
 1.02500000E+003, 9.87500000E+000, 6.68919366E+000, 5.58902080E+000, 3.73860425E+001, 4.11246467E+002
 1.03500000E+003, 9.82500000E+000, 7.23262043E+000, 4.84375468E+000, 3.50330390E+001, 3.99376645E+002
 1.04500000E+003, 9.77500000E+000, 7.37295136E+000, 4.58652526E+000, 3.38162277E+001, 3.99031486E+002
 1.05500000E+003, 9.72500000E+000, 7.49373763E+000, 4.36415759E+000, 3.27038519E+001, 3.98986994E+002
 1.06500000E+003, 9.67500000E+000, 7.60308571E+000, 4.16391789E+000, 3.16586246E+001, 3.98898670E+002
 1.07500000E+003, 9.62500000E+000, 7.70360142E+000, 3.98347755E+000, 3.06871233E+001, 3.98932603E+002
 1.08500000E+003, 9.57500000E+000, 7.79445681E+000, 3.82079024E+000, 2.97809845E+001, 3.99065193E+002
 1.09500000E+003, 9.52500000E+000, 7.87280515E+000, 3.67996323E+000, 2.89716335E+001, 3.99808542E+002
 1.10500000E+003, 9.47500000E+000, 7.94076176E+000, 3.59293398E+000, 2.85306328E+001, 3.99428859E+002
 1.11500000E+003, 9.42500000E+000, 7.99325646E+000, 3.56018706E+000, 2.84574882E+001, 3.98404835E+002
 1.12500000E+003, 9.37500000E+000, 8.03304124E+000, 3.54204880E+000, 2.84534241E+001, 3.98347937E+002
 1.13500000E+003, 9.32500000E+000, 8.07294819E+000, 3.52395865E+000, 2.84487356E+001, 3.98282298E+002
 1.14500000E+003, 9.27500000E+000, 8.11299758E+000, 3.50596833E+000, 2.84439126E+001, 3.98214776E+002
 1.15500000E+003, 9.22500000E+000, 8.15319048E+000, 3.48808904E+000, 2.84390544E+001, 3.98146762E+002
 1.16500000E+003, 9.17500000E+000, 8.19352473E+000, 3.47032315E+000, 2.84341786E+001, 3.98078500E+002
 1.17500000E+003, 9.12500000E+000, 8.23399762E+000, 3.45267144E+000, 2.84292884E+001, 3.98010037E+002
 1.18500000E+003, 9.07500000E+000, 8.27460643E+000, 3.43513432E+000, 2.84243845E+001, 3.97941384E+002
 1.19500000E+003, 9.02500000E+000, 8.31534848E+000, 3.41771213E+000, 2.84194674E+001, 3.97872543E+002
 1.20500000E+003, 8.97500000E+000, 8.35622114E+000, 3.40040512E+000, 2.84145371E+001, 3.97803520E+002
 1.21500000E+003, 8.92500000E+000, 8.39722187E+000, 3.38321346E+000, 2.84095941E+001, 3.97734317E+002
 1.22500000E+003, 8.87500000E+000, 8.43834817E+000, 3.36613731E+000, 2.84046386E+001, 3.97664941E+002
 1.23500000E+003, 8.82500000E+000, 8.47959763E+000, 3.34917674E+000, 2.83996711E+001, 3.97595396E+002
 1.24500000E+003, 8.77500000E+000, 8.52096785E+000, 3.33233176E+000, 2.83946918E+001, 3.97525685E+002
 1.25500000E+003, 8.72500000E+000, 8.56245651E+000, 3.31560235E+000, 2.83897010E+001, 3.97455813E+002
 1.26500000E+003, 8.67500000E+000, 8.60406135E+000, 3.29898843E+000, 2.83846989E+001, 3.97385784E+002
 1.27500000E+003, 8.62500000E+000, 8.64578015E+000, 3.28248988E+000, 2.83796859E+001, 3.97315603E+002
 1.28500000E+003, 8.57500000E+000, 8.68761076E+000, 3.26610654E+000, 2.83746623E+001, 3.97245273E+002
 1.29500000E+003, 8.52500000E+000, 8.72955106E+000, 3.24983821E+000, 2.83696286E+001, 3.97174800E+002
 1.30500000E+003, 8.47500000E+000, 8.77159900E+000, 3.23368464E+000, 2.83645850E+001, 3.97104189E+002
 1.31500000E+003, 8.42500000E+000, 8.81375256E+000, 3.21764556E+000, 2.83595318E+001, 3.97033445E+002
 1.32500000E+003, 8.37500000E+000, 8.85600978E+000, 3.20172065E+000, 2.83544694E+001, 3.96962571E+002
 1.33500000E+003, 8.32500000E+000, 8.89836871E+000, 3.18590955E+000, 2.83493979E+001, 3.96891570E+002
 1.34500000E+003, 8.27500000E+000, 8.94082749E+000, 3.17021188E+000, 2.83443175E+001, 3.96820446E+002
 1.35500000E+003, 8.22500000E+000, 8.98338428E+000, 3.15462723E+000, 2.83392286E+001, 3.96749201E+002
 1.36500000E+003, 8.17500000E+000, 9.02603728E+000, 3.13915515E+000, 2.83341314E+001, 3.96677840E+002
 1.37500000E+003, 8.12500000E+000, 9.06878473E+000, 3.12379518E+000, 2.83290260E+001, 3.96606364E+002
 1.38500000E+003, 8.07500000E+000, 9.11162491E+000, 3.10854682E+000, 2.83239126E+001, 3.96534776E+002
 1.39500000E+003, 8.02500000E+000, 9.15455613E+000, 3.09340954E+000, 2.83187913E+001, 3.96463078E+002
 1.40500000E+003, 7.97500000E+000, 9.19757675E+000, 3.07838281E+000, 2.83136622E+001, 3.96391270E+002
 1.41500000E+003, 7.92500000E+000, 9.24068515E+000, 3.06346606E+000, 2.83085254E+001, 3.96319355E+002
 1.42500000E+003, 7.87500000E+000, 9.28387976E+000, 3.04865872E+000, 2.83033810E+001, 3.96247334E+002
 1.43500000E+003, 7.82500000E+000, 9.32715905E+000, 3.03396018E+000, 2.82982292E+001, 3.96175208E+002
 1.44500000E+003, 7.77500000E+000, 9.37052150E+000, 3.01936984E+000, 2.82930700E+001, 3.96102980E+002
 1.45500000E+003, 7.72500000E+000, 9.41396565E+000, 3.00488706E+000, 2.82879035E+001, 3.96030649E+002
 1.46500000E+003, 7.67500000E+000, 9.45749005E+000, 2.99051120E+000, 2.82827299E+001, 3.95958218E+002
 1.47500000E+003, 7.62500000E+000, 9.50109330E+000, 2.97624160E+000, 2.82775492E+001, 3.95885688E+002
 1.48500000E+003, 7.57500000E+000, 9.54477403E+000, 2.96207761E+000, 2.82723615E+001, 3.95813060E+002
 1.49500000E+003, 7.52500000E+000, 9.58853089E+000, 2.94801855E+000, 2.82671669E+001, 3.95740337E+002
 1.50500000E+003, 7.47500000E+000, 9.63236258E+000, 2.93406373E+000, 2.82619657E+001, 3.95667519E+002
 1.51500000E+003, 7.42500000E+000, 9.67626781E+000, 2.92021247E+000, 2.82567579E+001, 3.95594611E+002
 1.52500000E+003, 7.37500000E+000, 9.72024533E+000, 2.90646406E+000, 2.82515438E+001, 3.95521613E+002
 1.53500000E+003, 7.32500000E+000, 9.76429391E+000, 2.89281781E+000, 2.82463234E+001, 3.95448527E+002
 1.54500000E+003, 7.27500000E+000, 9.80841235E+000, 2.87927301E+000, 2.82410969E+001, 3.95375357E+002
 1.55500000E+003, 7.22500000E+000, 9.85259948E+000, 2.86582892E+000, 2.82358646E+001, 3.95302104E+002
 1.56500000E+003, 7.17500000E+000, 9.89685416E+000, 2.85248485E+000, 2.82306265E+001, 3.95228771E+002
 1.57500000E+003, 7.12500000E+000, 9.94117525E+000, 2.83924006E+000, 2.82253830E+001, 3.95155362E+002
 1.58500000E+003, 7.07500000E+000, 9.98556166E+000, 2.82609382E+000, 2.82201341E+001, 3.95081878E+002
 1.59500000E+003, 7.02500000E+000, 1.00300123E+001, 2.81304541E+000, 2.82148801E+001, 3.95008321E+002
 1.60500000E+003, 6.97500000E+000, 1.00745262E+001, 2.80009407E+000, 2.82096211E+001, 3.94934695E+002
 1.61500000E+003, 6.92500000E+000, 1.01191022E+001, 2.78723908E+000, 2.82043571E+001, 3.94861000E+002
 1.62500000E+003, 6.87500000E+000, 1.01637394E+001, 2.77447969E+000, 2.81990885E+001, 3.94787239E+002
 1.63500000E+003, 6.82500000E+000, 1.02084367E+001, 2.76181516E+000, 2.81938152E+001, 3.94713413E+002
 1.64500000E+003, 6.77500000E+000, 1.02531932E+001, 2.74924473E+000, 2.81885375E+001, 3.94639525E+002
 1.65500000E+003, 6.72500000E+000, 1.02980080E+001, 2.73676767E+000, 2.81832553E+001, 3.94565575E+002
 1.66500000E+003, 6.67500000E+000, 1.03428801E+001, 2.72438322E+000, 2.81779689E+001, 3.94491565E+002
 1.67500000E+003, 6.62500000E+000, 1.03878086E+001, 2.71209063E+000, 2.81726782E+001, 3.94417495E+002
 1.68500000E+003, 6.57500000E+000, 1.04327925E+001, 2.69988915E+000, 2.81673834E+001, 3.94343368E+002
 1.69500000E+003, 6.52500000E+000, 1.04778311E+001, 2.68777804E+000, 2.81620844E+001, 3.94269182E+002
 1.70500000E+003, 6.47500000E+000, 1.05229235E+001, 2.67575655E+000, 2.81567815E+001, 3.94194940E+002
 1.71500000E+003, 6.42500000E+000, 1.05680687E+001, 2.66382394E+000, 2.81514745E+001, 3.94120643E+002
 1.72500000E+003, 6.37500000E+000, 1.06132661E+001, 2.65197945E+000, 2.81461636E+001, 3.94046290E+002
 1.73500000E+003, 6.32500000E+000, 1.06585147E+001, 2.64022235E+000, 2.81408488E+001, 3.93971883E+002
 1.74500000E+003, 6.27500000E+000, 1.07038139E+001, 2.62855189E+000, 2.81355302E+001, 3.93897423E+002
 1.75500000E+003, 6.22500000E+000, 1.07491627E+001, 2.61696735E+000, 2.81302078E+001, 3.93822909E+002
 1.76500000E+003, 6.17500000E+000, 1.07945605E+001, 2.60546798E+000, 2.81248817E+001, 3.93748344E+002
 1.77500000E+003, 6.12500000E+000, 1.08400065E+001, 2.59405306E+000, 2.81195519E+001, 3.93673727E+002
 1.78500000E+003, 6.07500000E+000, 1.08854999E+001, 2.58272185E+000, 2.81142186E+001, 3.93599060E+002
 1.79500000E+003, 6.02500000E+000, 1.09310402E+001, 2.57147365E+000, 2.81088817E+001, 3.93524344E+002
 1.80500000E+003, 5.97500000E+000, 1.09766264E+001, 2.56030773E+000, 2.81035414E+001, 3.93449580E+002
 1.81500000E+003, 5.92500000E+000, 1.10222581E+001, 2.54922336E+000, 2.80981977E+001, 3.93374768E+002
 1.82500000E+003, 5.87500000E+000, 1.10679344E+001, 2.53821985E+000, 2.80928507E+001, 3.93299910E+002
 1.83500000E+003, 5.82500000E+000, 1.11136547E+001, 2.52729648E+000, 2.80875005E+001, 3.93225007E+002
 1.84500000E+003, 5.77500000E+000, 1.11594184E+001, 2.51645256E+000, 2.80821471E+001, 3.93150060E+002
 1.85500000E+003, 5.72500000E+000, 1.12052249E+001, 2.50568738E+000, 2.80767907E+001, 3.93075069E+002
 1.86500000E+003, 5.67500000E+000, 1.12510735E+001, 2.49500025E+000, 2.80714312E+001, 3.93000037E+002
 1.87500000E+003, 5.62500000E+000, 1.12969636E+001, 2.48439048E+000, 2.80660689E+001, 3.92924964E+002
 1.88500000E+003, 5.57500000E+000, 1.13428946E+001, 2.47385739E+000, 2.80607037E+001, 3.92849852E+002
 1.89500000E+003, 5.52500000E+000, 1.13888659E+001, 2.46340030E+000, 2.80553358E+001, 3.92774701E+002
 1.90500000E+003, 5.47500000E+000, 1.14348769E+001, 2.45301854E+000, 2.80499652E+001, 3.92699513E+002
 1.91500000E+003, 5.42500000E+000, 1.14809270E+001, 2.44271150E+000, 2.80445924E+001, 3.92624293E+002
 1.92500000E+003, 5.37500000E+000, 1.15270146E+001, 2.43247884E+000, 2.80392190E+001, 3.92549066E+002
 1.93500000E+003, 5.32500000E+000, 1.15731341E+001, 2.42232181E+000, 2.80338552E+001, 3.92473973E+002
 1.94500000E+003, 5.27500000E+000, 1.16192982E+001, 2.41225093E+000, 2.80286629E+001, 3.92401280E+002
 1.95500000E+003, 5.22500000E+000, 1.16654198E+001, 2.40225253E+000, 2.80232841E+001, 3.92325978E+002
 1.96500000E+003, 5.17500000E+000, 1.17116952E+001, 2.39247125E+000, 2.80198939E+001, 3.92278515E+002
 1.97500000E+003, 5.12500000E+000, 1.17574977E+001, 2.38261336E+000, 2.80135710E+001, 3.92189994E+002
 1.98500000E+003, 5.07500000E+000, 1.18038373E+001, 2.37375912E+000, 2.80194663E+001, 3.92272529E+002
 1.99500000E+003, 5.02500000E+000, 1.18475890E+001, 2.36323678E+000, 2.79986581E+001, 3.91981213E+002
