   1800.0593001208422      ,         200
X,ZB,H,U,Q,QL
 5.00000000E+000, 1.49750000E+001, 9.76053735E+000, 2.92326597E+000, 2.85326467E+001, 3.99457054E+002
 1.50000000E+001, 1.49250000E+001, 9.79347656E+000, 2.92088284E+000, 2.86055977E+001, 4.00478367E+002
 2.50000000E+001, 1.48750000E+001, 9.83711291E+000, 2.90794296E+000, 2.86057632E+001, 4.00480685E+002
 3.50000000E+001, 1.48250000E+001, 9.88082576E+000, 2.89509037E+000, 2.86058835E+001, 4.00482370E+002
 4.50000000E+001, 1.47750000E+001, 9.92460790E+000, 2.88233055E+000, 2.86060005E+001, 4.00484007E+002
 5.50000000E+001, 1.47250000E+001, 9.96845822E+000, 2.86966285E+000, 2.86061142E+001, 4.00485599E+002
 6.50000000E+001, 1.46750000E+001, 1.00123756E+001, 2.85708665E+000, 2.86062248E+001, 4.00487147E+002
 7.50000000E+001, 1.46250000E+001, 1.00563591E+001, 2.84460130E+000, 2.86063321E+001, 4.00488650E+002
 8.50000000E+001, 1.45750000E+001, 1.01004076E+001, 2.83220615E+000, 2.86064364E+001, 4.00490110E+002
 9.50000000E+001, 1.45250000E+001, 1.01445200E+001, 2.81990057E+000, 2.86065377E+001, 4.00491528E+002
 1.05000000E+002, 1.44750000E+001, 1.01886954E+001, 2.80768389E+000, 2.86066360E+001, 4.00492905E+002
 1.15000000E+002, 1.44250000E+001, 1.02329328E+001, 2.79555548E+000, 2.86067315E+001, 4.00494240E+002
 1.25000000E+002, 1.43750000E+001, 1.02772313E+001, 2.78351466E+000, 2.86068240E+001, 4.00495536E+002
 1.35000000E+002, 1.43250000E+001, 1.03215899E+001, 2.77156079E+000, 2.86069138E+001, 4.00496793E+002
 1.45000000E+002, 1.42750000E+001, 1.03660076E+001, 2.75969321E+000, 2.86070008E+001, 4.00498012E+002
 1.55000000E+002, 1.42250000E+001, 1.04104836E+001, 2.74791127E+000, 2.86070852E+001, 4.00499193E+002
 1.65000000E+002, 1.41750000E+001, 1.04550170E+001, 2.73621429E+000, 2.86071669E+001, 4.00500337E+002
 1.75000000E+002, 1.41250000E+001, 1.04996069E+001, 2.72460162E+000, 2.86072460E+001, 4.00501445E+002
 1.85000000E+002, 1.40750000E+001, 1.05442525E+001, 2.71307261E+000, 2.86073227E+001, 4.00502517E+002
 1.95000000E+002, 1.40250000E+001, 1.05889529E+001, 2.70162659E+000, 2.86073968E+001, 4.00503555E+002
 2.05000000E+002, 1.39750000E+001, 1.06337073E+001, 2.69026291E+000, 2.86074685E+001, 4.00504559E+002
 2.15000000E+002, 1.39250000E+001, 1.06785150E+001, 2.67898091E+000, 2.86075378E+001, 4.00505529E+002
 2.25000000E+002, 1.38750000E+001, 1.07233750E+001, 2.66777994E+000, 2.86076047E+001, 4.00506466E+002
 2.35000000E+002, 1.38250000E+001, 1.07682867E+001, 2.65665934E+000, 2.86076694E+001, 4.00507372E+002
 2.45000000E+002, 1.37750000E+001, 1.08132493E+001, 2.64561845E+000, 2.86077318E+001, 4.00508246E+002
 2.55000000E+002, 1.37250000E+001, 1.08582620E+001, 2.63465664E+000, 2.86077921E+001, 4.00509089E+002
 2.65000000E+002, 1.36750000E+001, 1.09033241E+001, 2.62377325E+000, 2.86078501E+001, 4.00509902E+002
 2.75000000E+002, 1.36250000E+001, 1.09484349E+001, 2.61296763E+000, 2.86079061E+001, 4.00510685E+002
 2.85000000E+002, 1.35750000E+001, 1.09935938E+001, 2.60223914E+000, 2.86079600E+001, 4.00511439E+002
 2.95000000E+002, 1.35250000E+001, 1.10387999E+001, 2.59158714E+000, 2.86080118E+001, 4.00512165E+002
 3.05000000E+002, 1.34750000E+001, 1.10840526E+001, 2.58101100E+000, 2.86080617E+001, 4.00512863E+002
 3.15000000E+002, 1.34250000E+001, 1.11293513E+001, 2.57051007E+000, 2.86081096E+001, 4.00513534E+002
 3.25000000E+002, 1.33750000E+001, 1.11746953E+001, 2.56008373E+000, 2.86081555E+001, 4.00514178E+002
 3.35000000E+002, 1.33250000E+001, 1.12200839E+001, 2.54973134E+000, 2.86081996E+001, 4.00514795E+002
 3.45000000E+002, 1.32750000E+001, 1.12655166E+001, 2.53945228E+000, 2.86082419E+001, 4.00515387E+002
 3.55000000E+002, 1.32250000E+001, 1.13109927E+001, 2.52924593E+000, 2.86082824E+001, 4.00515953E+002
 3.65000000E+002, 1.31750000E+001, 1.13565117E+001, 2.51911167E+000, 2.86083211E+001, 4.00516495E+002
 3.75000000E+002, 1.31250000E+001, 1.14020728E+001, 2.50904888E+000, 2.86083581E+001, 4.00517013E+002
 3.85000000E+002, 1.30750000E+001, 1.14476756E+001, 2.49905696E+000, 2.86083933E+001, 4.00517507E+002
 3.95000000E+002, 1.30250000E+001, 1.14933194E+001, 2.48913529E+000, 2.86084270E+001, 4.00517977E+002
 4.05000000E+002, 1.29750000E+001, 1.15390038E+001, 2.47928327E+000, 2.86084589E+001, 4.00518425E+002
 4.15000000E+002, 1.29250000E+001, 1.15847280E+001, 2.46950030E+000, 2.86084893E+001, 4.00518851E+002
 4.25000000E+002, 1.28750000E+001, 1.16304917E+001, 2.45978579E+000, 2.86085182E+001, 4.00519254E+002
 4.35000000E+002, 1.28250000E+001, 1.16762942E+001, 2.45013914E+000, 2.86085455E+001, 4.00519637E+002
 4.45000000E+002, 1.27750000E+001, 1.17221351E+001, 2.44055976E+000, 2.86085713E+001, 4.00519998E+002
 4.55000000E+002, 1.27250000E+001, 1.17680138E+001, 2.43104708E+000, 2.86085956E+001, 4.00520338E+002
 4.65000000E+002, 1.26750000E+001, 1.18139298E+001, 2.42160051E+000, 2.86086185E+001, 4.00520659E+002
 4.75000000E+002, 1.26250000E+001, 1.18598827E+001, 2.41221948E+000, 2.86086400E+001, 4.00520959E+002
 4.85000000E+002, 1.25750000E+001, 1.19058731E+001, 2.40290461E+000, 2.86086775E+001, 4.00521485E+002
 4.95000000E+002, 1.25250000E+001, 1.19596480E+001, 2.40068508E+000, 2.87113485E+001, 4.01958880E+002
 5.05000000E+002, 1.24750000E+001, 1.20172954E+001, 2.42401656E+000, 2.91301231E+001, 4.01995699E+002
 5.15000000E+002, 1.24250000E+001, 1.20588027E+001, 2.47878975E+000, 2.98912365E+001, 4.00542570E+002
 5.25000000E+002, 1.23750000E+001, 1.20860438E+001, 2.54916582E+000, 3.08093296E+001, 4.00521285E+002
 5.35000000E+002, 1.23250000E+001, 1.21110142E+001, 2.62454471E+000, 3.17858981E+001, 4.00502316E+002
 5.45000000E+002, 1.22750000E+001, 1.21334423E+001, 2.70543191E+000, 3.28262019E+001, 4.00479663E+002
 5.55000000E+002, 1.22250000E+001, 1.21529461E+001, 2.79246388E+000, 3.39366629E+001, 4.00452623E+002
 5.65000000E+002, 1.21750000E+001, 1.21690656E+001, 2.88638372E+000, 3.51245930E+001, 4.00420360E+002
 5.75000000E+002, 1.21250000E+001, 1.21812428E+001, 2.98806532E+000, 3.63983491E+001, 4.00381841E+002
 5.85000000E+002, 1.20750000E+001, 1.21887938E+001, 3.09854488E+000, 3.77675246E+001, 4.00335761E+002
 5.95000000E+002, 1.20250000E+001, 1.21908723E+001, 3.21906274E+000, 3.92431828E+001, 4.00280465E+002
 6.05000000E+002, 1.19750000E+001, 1.21864184E+001, 3.35111951E+000, 4.08381443E+001, 4.00213814E+002
 6.15000000E+002, 1.19250000E+001, 1.21740866E+001, 3.49655315E+000, 4.25673408E+001, 4.00133004E+002
 6.25000000E+002, 1.18750000E+001, 1.21521432E+001, 3.65764727E+000, 4.44482533E+001, 4.00034280E+002
 6.35000000E+002, 1.18250000E+001, 1.21183134E+001, 3.83728764E+000, 4.65014542E+001, 3.99912506E+002
 6.45000000E+002, 1.17750000E+001, 1.20695493E+001, 4.03919594E+000, 4.87512744E+001, 3.99760450E+002
 6.55000000E+002, 1.17250000E+001, 1.20016616E+001, 4.26829327E+000, 5.12266114E+001, 3.99567569E+002
 6.65000000E+002, 1.16750000E+001, 1.19087079E+001, 4.53129459E+000, 5.39618637E+001, 3.99317791E+002
 6.75000000E+002, 1.16250000E+001, 1.17819127E+001, 4.83774373E+000, 5.69978741E+001, 3.98985119E+002
 6.85000000E+002, 1.15750000E+001, 1.16075476E+001, 5.20191972E+000, 6.03815306E+001, 3.98518102E+002
 6.95000000E+002, 1.15250000E+001, 1.13310521E+001, 5.61765134E+000, 6.36539000E+001, 3.94654180E+002
 7.05000000E+002, 1.14750000E+001, 1.09860051E+001, 5.97985461E+000, 6.56947134E+001, 3.94168281E+002
 7.15000000E+002, 1.14250000E+001, 1.07787426E+001, 6.14949700E+000, 6.62838453E+001, 3.97703072E+002
 7.25000000E+002, 1.13750000E+001, 1.07009787E+001, 6.19576263E+000, 6.63007242E+001, 3.97804345E+002
 7.35000000E+002, 1.13250000E+001, 1.06251597E+001, 6.23950065E+000, 6.62956908E+001, 3.97774145E+002
 7.45000000E+002, 1.12750000E+001, 1.05458657E+001, 6.28585217E+000, 6.62897530E+001, 3.97738518E+002
 7.55000000E+002, 1.12250000E+001, 1.04625997E+001, 6.33526325E+000, 6.62833237E+001, 3.97699942E+002
 7.65000000E+002, 1.11750000E+001, 1.03749083E+001, 6.38813734E+000, 6.62763393E+001, 3.97658036E+002
 7.75000000E+002, 1.11250000E+001, 1.02822508E+001, 6.44496117E+000, 6.62687071E+001, 3.97612242E+002
 7.85000000E+002, 1.10750000E+001, 1.01839693E+001, 6.50633426E+000, 6.62603085E+001, 3.97561851E+002
 7.95000000E+002, 1.10250000E+001, 1.00792504E+001, 6.57300763E+000, 6.62509897E+001, 3.97505938E+002
 8.05000000E+002, 1.09750000E+001, 9.96706794E+000, 6.64594097E+000, 6.62405451E+001, 3.97443271E+002
 8.15000000E+002, 1.09250000E+001, 9.84609755E+000, 6.72639003E+000, 6.62286924E+001, 3.97372154E+002
 8.25000000E+002, 1.08750000E+001, 9.71457887E+000, 6.81604495E+000, 6.62150063E+001, 3.97290038E+002
 8.35000000E+002, 1.08250000E+001, 9.57009144E+000, 6.91726761E+000, 6.61988836E+001, 3.97193302E+002
 8.45000000E+002, 1.07750000E+001, 9.40914858E+000, 7.03351221E+000, 6.61793614E+001, 3.97076169E+002
 8.55000000E+002, 1.07250000E+001, 9.22641269E+000, 7.17014828E+000, 6.61547471E+001, 3.96928482E+002
 8.65000000E+002, 1.06750000E+001, 9.01299415E+000, 7.33626515E+000, 6.61217149E+001, 3.96730289E+002
 8.75000000E+002, 1.06250000E+001, 8.75210177E+000, 7.54931858E+000, 6.60724045E+001, 3.96434427E+002
 8.85000000E+002, 1.05750000E+001, 8.40467815E+000, 7.85055312E+000, 6.59813723E+001, 3.95888234E+002
 8.95000000E+002, 1.05250000E+001, 7.80420775E+000, 8.35544783E+000, 6.52076507E+001, 3.91245904E+002
 9.05000000E+002, 1.04750000E+001, 6.75679823E+000, 9.25497835E+000, 6.25340214E+001, 3.87710932E+002
 9.15000000E+002, 1.04250000E+001, 6.03740319E+000, 9.76589477E+000, 5.89606442E+001, 3.89140252E+002
 9.25000000E+002, 1.03750000E+001, 5.58350008E+000, 9.98899926E+000, 5.57735782E+001, 3.90415047E+002
 9.35000000E+002, 1.03250000E+001, 5.23896858E+000, 1.00999634E+001, 5.29133908E+001, 3.91559092E+002
 9.45000000E+002, 1.02750000E+001, 4.96041740E+000, 1.01467764E+001, 5.03322461E+001, 3.92591520E+002
 9.55000000E+002, 1.02250000E+001, 4.72754339E+000, 1.01514051E+001, 4.79912080E+001, 3.93527905E+002
 9.65000000E+002, 1.01750000E+001, 4.52868951E+000, 1.01261661E+001, 4.58582621E+001, 3.94381054E+002
 9.75000000E+002, 1.01250000E+001, 4.35635418E+000, 1.00788048E+001, 4.39068436E+001, 3.95161592E+002
 9.85000000E+002, 1.00750000E+001, 4.20534409E+000, 1.00145728E+001, 4.21147245E+001, 3.95878410E+002
 9.95000000E+002, 1.00250000E+001, 4.07187675E+000, 9.93722705E+000, 4.04631638E+001, 3.96539005E+002
 1.00500000E+003, 9.97500000E+000, 3.95309245E+000, 9.84956705E+000, 3.89362491E+001, 3.97149741E+002
 1.01500000E+003, 9.92500000E+000, 3.84676632E+000, 9.75374631E+000, 3.75203828E+001, 3.97716058E+002
 1.02500000E+003, 9.87500000E+000, 3.75112763E+000, 9.65146462E+000, 3.62038756E+001, 3.98242632E+002
 1.03500000E+003, 9.82500000E+000, 3.66474071E+000, 9.54409217E+000, 3.49766231E+001, 3.98733503E+002
 1.04500000E+003, 9.77500000E+000, 3.58642347E+000, 9.43275283E+000, 3.38298461E+001, 3.99192184E+002
 1.05500000E+003, 9.72500000E+000, 3.51518974E+000, 9.31838189E+000, 3.27558804E+001, 3.99621741E+002
 1.06500000E+003, 9.67500000E+000, 3.45020741E+000, 9.20176705E+000, 3.17480048E+001, 4.00024861E+002
 1.07500000E+003, 9.62500000E+000, 3.39076736E+000, 9.08357835E+000, 3.08003010E+001, 4.00403913E+002
 1.08500000E+003, 9.57500000E+000, 3.33625994E+000, 8.96439037E+000, 2.99075365E+001, 4.00760988E+002
 1.09500000E+003, 9.52500000E+000, 3.32398755E+000, 8.80605097E+000, 2.92712037E+001, 4.03942612E+002
 1.10500000E+003, 9.47500000E+000, 3.45498560E+000, 8.46041465E+000, 2.92306108E+001, 4.09228551E+002
 1.11500000E+003, 9.42500000E+000, 4.62414940E+000, 6.54342329E+000, 3.02577669E+001, 4.23608736E+002
 1.12500000E+003, 9.37500000E+000, 5.36742419E+000, 5.48993348E+000, 2.94668018E+001, 4.12535225E+002
 1.13500000E+003, 9.32500000E+000, 5.57753820E+000, 5.21078996E+000, 2.90633801E+001, 4.06887321E+002
 1.14500000E+003, 9.27500000E+000, 5.59712345E+000, 5.18744135E+000, 2.90347496E+001, 4.06486494E+002
 1.15500000E+003, 9.22500000E+000, 5.60341242E+000, 5.18182191E+000, 2.90358853E+001, 4.06502394E+002
 1.16500000E+003, 9.17500000E+000, 5.60981882E+000, 5.17616359E+000, 2.90373399E+001, 4.06522759E+002
 1.17500000E+003, 9.12500000E+000, 5.61647010E+000, 5.17030205E+000, 2.90388469E+001, 4.06543856E+002
 1.18500000E+003, 9.07500000E+000, 5.62337496E+000, 5.16423027E+000, 2.90404032E+001, 4.06565645E+002
 1.19500000E+003, 9.02500000E+000, 5.63054038E+000, 5.15794360E+000, 2.90420097E+001, 4.06588136E+002
 1.20500000E+003, 8.97500000E+000, 5.63797332E+000, 5.15143752E+000, 2.90436673E+001, 4.06611342E+002
 1.21500000E+003, 8.92500000E+000, 5.64568071E+000, 5.14470765E+000, 2.90453767E+001, 4.06635274E+002
 1.22500000E+003, 8.87500000E+000, 5.65366945E+000, 5.13774976E+000, 2.90471389E+001, 4.06659944E+002
 1.23500000E+003, 8.82500000E+000, 5.66194638E+000, 5.13055978E+000, 2.90489544E+001, 4.06685362E+002
 1.24500000E+003, 8.77500000E+000, 5.67051828E+000, 5.12313383E+000, 2.90508241E+001, 4.06711537E+002
 1.25500000E+003, 8.72500000E+000, 5.67939185E+000, 5.11546822E+000, 2.90527485E+001, 4.06738479E+002
 1.26500000E+003, 8.67500000E+000, 5.68857368E+000, 5.10755947E+000, 2.90547284E+001, 4.06766197E+002
 1.27500000E+003, 8.62500000E+000, 5.69807025E+000, 5.09940436E+000, 2.90567642E+001, 4.06794699E+002
 1.28500000E+003, 8.57500000E+000, 5.70788789E+000, 5.09099988E+000, 2.90588566E+001, 4.06823992E+002
 1.29500000E+003, 8.52500000E+000, 5.71803281E+000, 5.08234333E+000, 2.90610059E+001, 4.06854083E+002
 1.30500000E+003, 8.47500000E+000, 5.72851104E+000, 5.07343224E+000, 2.90632126E+001, 4.06884977E+002
 1.31500000E+003, 8.42500000E+000, 5.73932843E+000, 5.06426447E+000, 2.90654771E+001, 4.06916679E+002
 1.32500000E+003, 8.37500000E+000, 5.75049063E+000, 5.05483818E+000, 2.90677996E+001, 4.06949194E+002
 1.33500000E+003, 8.32500000E+000, 5.76200308E+000, 5.04515182E+000, 2.90701803E+001, 4.06982524E+002
 1.34500000E+003, 8.27500000E+000, 5.77387100E+000, 5.03520419E+000, 2.90726195E+001, 4.07016672E+002
 1.35500000E+003, 8.22500000E+000, 5.78609938E+000, 5.02499443E+000, 2.90751172E+001, 4.07051640E+002
 1.36500000E+003, 8.17500000E+000, 5.79869294E+000, 5.01452202E+000, 2.90776734E+001, 4.07087428E+002
 1.37500000E+003, 8.12500000E+000, 5.81165615E+000, 5.00378679E+000, 2.90802883E+001, 4.07124036E+002
 1.38500000E+003, 8.07500000E+000, 5.82499320E+000, 4.99278893E+000, 2.90829615E+001, 4.07161462E+002
 1.39500000E+003, 8.02500000E+000, 5.83870802E+000, 4.98152897E+000, 2.90856932E+001, 4.07199704E+002
 1.40500000E+003, 7.97500000E+000, 5.85280421E+000, 4.97000785E+000, 2.90884829E+001, 4.07238760E+002
 1.41500000E+003, 7.92500000E+000, 5.86728511E+000, 4.95822682E+000, 2.90913304E+001, 4.07278625E+002
 1.42500000E+003, 7.87500000E+000, 5.88215373E+000, 4.94618752E+000, 2.90942354E+001, 4.07319295E+002
 1.43500000E+003, 7.82500000E+000, 5.89741279E+000, 4.93389194E+000, 2.90971974E+001, 4.07360764E+002
 1.44500000E+003, 7.77500000E+000, 5.91306467E+000, 4.92134243E+000, 2.91002161E+001, 4.07403025E+002
 1.45500000E+003, 7.72500000E+000, 5.92911146E+000, 4.90854169E+000, 2.91032908E+001, 4.07446071E+002
 1.46500000E+003, 7.67500000E+000, 5.94555492E+000, 4.89549275E+000, 2.91064210E+001, 4.07489894E+002
 1.47500000E+003, 7.62500000E+000, 5.96239649E+000, 4.88219899E+000, 2.91096061E+001, 4.07534485E+002
 1.48500000E+003, 7.57500000E+000, 5.97963730E+000, 4.86866408E+000, 2.91128453E+001, 4.07579835E+002
 1.49500000E+003, 7.52500000E+000, 5.99727818E+000, 4.85489203E+000, 2.91161380E+001, 4.07625932E+002
 1.50500000E+003, 7.47500000E+000, 6.01531961E+000, 4.84088713E+000, 2.91194833E+001, 4.07672767E+002
 1.51500000E+003, 7.42500000E+000, 6.03376181E+000, 4.82665398E+000, 2.91228805E+001, 4.07720326E+002
 1.52500000E+003, 7.37500000E+000, 6.05260466E+000, 4.81219742E+000, 2.91263285E+001, 4.07768600E+002
 1.53500000E+003, 7.32500000E+000, 6.07184776E+000, 4.79752256E+000, 2.91298267E+001, 4.07817573E+002
 1.54500000E+003, 7.27500000E+000, 6.09149044E+000, 4.78263475E+000, 2.91333738E+001, 4.07867234E+002
 1.55500000E+003, 7.22500000E+000, 6.11153171E+000, 4.76753955E+000, 2.91369691E+001, 4.07917568E+002
 1.56500000E+003, 7.17500000E+000, 6.13197035E+000, 4.75224273E+000, 2.91406115E+001, 4.07968562E+002
 1.57500000E+003, 7.12500000E+000, 6.15280486E+000, 4.73675026E+000, 2.91443000E+001, 4.08020200E+002
 1.58500000E+003, 7.07500000E+000, 6.17403348E+000, 4.72106826E+000, 2.91480335E+001, 4.08072469E+002
 1.59500000E+003, 7.02500000E+000, 6.19565421E+000, 4.70520301E+000, 2.91518109E+001, 4.08125352E+002
 1.60500000E+003, 6.97500000E+000, 6.21766484E+000, 4.68916093E+000, 2.91556311E+001, 4.08178835E+002
 1.61500000E+003, 6.92500000E+000, 6.24006292E+000, 4.67294855E+000, 2.91594930E+001, 4.08232902E+002
 1.62500000E+003, 6.87500000E+000, 6.26284580E+000, 4.65657250E+000, 2.91633955E+001, 4.08287538E+002
 1.63500000E+003, 6.82500000E+000, 6.28601062E+000, 4.64003949E+000, 2.91673375E+001, 4.08342726E+002
 1.64500000E+003, 6.77500000E+000, 6.30955459E+000, 4.62335601E+000, 2.91713171E+001, 4.08398440E+002
 1.65500000E+003, 6.72500000E+000, 6.33347463E+000, 4.60652871E+000, 2.91753327E+001, 4.08454658E+002
 1.66500000E+003, 6.67500000E+000, 6.35776694E+000, 4.58956498E+000, 2.91793845E+001, 4.08511384E+002
 1.67500000E+003, 6.62500000E+000, 6.38242800E+000, 4.57247171E+000, 2.91834715E+001, 4.08568601E+002
 1.68500000E+003, 6.57500000E+000, 6.40745414E+000, 4.55525576E+000, 2.91875924E+001, 4.08626294E+002
 1.69500000E+003, 6.52500000E+000, 6.43284158E+000, 4.53792399E+000, 2.91917461E+001, 4.08684446E+002
 1.70500000E+003, 6.47500000E+000, 6.45858639E+000, 4.52048324E+000, 2.91959316E+001, 4.08743042E+002
 1.71500000E+003, 6.42500000E+000, 6.48468458E+000, 4.50294031E+000, 2.92001476E+001, 4.08802066E+002
 1.72500000E+003, 6.37500000E+000, 6.51113203E+000, 4.48530193E+000, 2.92043931E+001, 4.08861503E+002
 1.73500000E+003, 6.32500000E+000, 6.53792454E+000, 4.46757480E+000, 2.92086669E+001, 4.08921337E+002
 1.74500000E+003, 6.27500000E+000, 6.56505784E+000, 4.44976553E+000, 2.92129681E+001, 4.08981553E+002
 1.75500000E+003, 6.22500000E+000, 6.59252760E+000, 4.43188065E+000, 2.92172955E+001, 4.09042137E+002
 1.76500000E+003, 6.17500000E+000, 6.62032941E+000, 4.41392659E+000, 2.92216480E+001, 4.09103073E+002
 1.77500000E+003, 6.12500000E+000, 6.64845884E+000, 4.39590971E+000, 2.92260248E+001, 4.09164347E+002
 1.78500000E+003, 6.07500000E+000, 6.67691139E+000, 4.37783624E+000, 2.92304246E+001, 4.09225945E+002
 1.79500000E+003, 6.02500000E+000, 6.70568255E+000, 4.35971229E+000, 2.92348467E+001, 4.09287853E+002
 1.80500000E+003, 5.97500000E+000, 6.73476779E+000, 4.34154388E+000, 2.92392899E+001, 4.09350058E+002
 1.81500000E+003, 5.92500000E+000, 6.76416253E+000, 4.32333688E+000, 2.92437534E+001, 4.09412547E+002
 1.82500000E+003, 5.87500000E+000, 6.79386222E+000, 4.30509704E+000, 2.92482362E+001, 4.09475306E+002
 1.83500000E+003, 5.82500000E+000, 6.82386228E+000, 4.28682998E+000, 2.92527374E+001, 4.09538323E+002
 1.84500000E+003, 5.77500000E+000, 6.85415813E+000, 4.26854116E+000, 2.92572561E+001, 4.09601586E+002
 1.85500000E+003, 5.72500000E+000, 6.88474522E+000, 4.25023594E+000, 2.92617916E+001, 4.09665082E+002
 1.86500000E+003, 5.67500000E+000, 6.91561899E+000, 4.23191951E+000, 2.92663429E+001, 4.09728801E+002
 1.87500000E+003, 5.62500000E+000, 6.94677492E+000, 4.21359691E+000, 2.92709093E+001, 4.09792730E+002
 1.88500000E+003, 5.57500000E+000, 6.97820848E+000, 4.19527305E+000, 2.92754899E+001, 4.09856859E+002
 1.89500000E+003, 5.52500000E+000, 7.00991519E+000, 4.17695269E+000, 2.92800841E+001, 4.09921177E+002
 1.90500000E+003, 5.47500000E+000, 7.04189060E+000, 4.15864044E+000, 2.92846910E+001, 4.09985674E+002
 1.91500000E+003, 5.42500000E+000, 7.07413029E+000, 4.14034076E+000, 2.92893100E+001, 4.10050340E+002
 1.92500000E+003, 5.37500000E+000, 7.10662988E+000, 4.12205797E+000, 2.92939403E+001, 4.10115165E+002
 1.93500000E+003, 5.32500000E+000, 7.13938502E+000, 4.10379624E+000, 2.92985814E+001, 4.10180139E+002
 1.94500000E+003, 5.27500000E+000, 7.17239141E+000, 4.08555959E+000, 2.93032325E+001, 4.10245255E+002
 1.95500000E+003, 5.22500000E+000, 7.20564480E+000, 4.06735189E+000, 2.93078930E+001, 4.10310502E+002
 1.96500000E+003, 5.17500000E+000, 7.23914098E+000, 4.04917689E+000, 2.93125624E+001, 4.10375873E+002
 1.97500000E+003, 5.12500000E+000, 7.27287580E+000, 4.03103817E+000, 2.93172400E+001, 4.10441360E+002
 1.98500000E+003, 5.07500000E+000, 7.30684514E+000, 4.01293920E+000, 2.93219253E+001, 4.10506954E+002
 1.99500000E+003, 5.02500000E+000, 7.34104939E+000, 3.99488843E+000, 2.93266733E+001, 4.10573426E+002
