   1800.0275005791468      ,         200
X,ZB,H,U,Q,QL
 5.00000000E+000, 1.49750000E+001, 9.78185728E+000, 2.91724635E+000, 2.85360875E+001, 3.99505225E+002
 1.50000000E+001, 1.49250000E+001, 9.81145308E+000, 2.92046054E+000, 2.86539616E+001, 4.01155462E+002
 2.50000000E+001, 1.48750000E+001, 9.86650774E+000, 2.89724897E+000, 2.85857293E+001, 4.00200211E+002
 3.50000000E+001, 1.48250000E+001, 9.91121399E+000, 2.88358951E+000, 2.85798727E+001, 4.00118217E+002
 4.50000000E+001, 1.47750000E+001, 9.95509253E+000, 2.87088465E+000, 2.85799224E+001, 4.00118913E+002
 5.50000000E+001, 1.47250000E+001, 9.99901355E+000, 2.85828484E+000, 2.85800288E+001, 4.00120403E+002
 6.50000000E+001, 1.46750000E+001, 1.00429961E+001, 2.84576831E+000, 2.85800402E+001, 4.00120562E+002
 7.50000000E+001, 1.46250000E+001, 1.00870431E+001, 2.83334072E+000, 2.85800300E+001, 4.00120420E+002
 8.50000000E+001, 1.45750000E+001, 1.01311540E+001, 2.82100306E+000, 2.85800163E+001, 4.00120229E+002
 9.50000000E+001, 1.45250000E+001, 1.01753278E+001, 2.80875492E+000, 2.85800021E+001, 4.00120030E+002
 1.05000000E+002, 1.44750000E+001, 1.02195637E+001, 2.79659568E+000, 2.85799878E+001, 4.00119829E+002
 1.15000000E+002, 1.44250000E+001, 1.02638607E+001, 2.78452469E+000, 2.85799734E+001, 4.00119628E+002
 1.25000000E+002, 1.43750000E+001, 1.03082177E+001, 2.77254126E+000, 2.85799590E+001, 4.00119426E+002
 1.35000000E+002, 1.43250000E+001, 1.03526340E+001, 2.76064474E+000, 2.85799446E+001, 4.00119224E+002
 1.45000000E+002, 1.42750000E+001, 1.03971085E+001, 2.74883446E+000, 2.85799302E+001, 4.00119023E+002
 1.55000000E+002, 1.42250000E+001, 1.04416405E+001, 2.73710974E+000, 2.85799158E+001, 4.00118821E+002
 1.65000000E+002, 1.41750000E+001, 1.04862289E+001, 2.72546991E+000, 2.85799015E+001, 4.00118621E+002
 1.75000000E+002, 1.41250000E+001, 1.05308731E+001, 2.71391432E+000, 2.85798872E+001, 4.00118421E+002
 1.85000000E+002, 1.40750000E+001, 1.05755721E+001, 2.70244228E+000, 2.85798730E+001, 4.00118223E+002
 1.95000000E+002, 1.40250000E+001, 1.06203250E+001, 2.69105314E+000, 2.85798590E+001, 4.00118026E+002
 2.05000000E+002, 1.39750000E+001, 1.06651312E+001, 2.67974622E+000, 2.85798450E+001, 4.00117831E+002
 2.15000000E+002, 1.39250000E+001, 1.07099898E+001, 2.66852087E+000, 2.85798312E+001, 4.00117637E+002
 2.25000000E+002, 1.38750000E+001, 1.07549000E+001, 2.65737642E+000, 2.85798176E+001, 4.00117446E+002
 2.35000000E+002, 1.38250000E+001, 1.07998611E+001, 2.64631220E+000, 2.85798041E+001, 4.00117258E+002
 2.45000000E+002, 1.37750000E+001, 1.08448723E+001, 2.63532756E+000, 2.85797908E+001, 4.00117072E+002
 2.55000000E+002, 1.37250000E+001, 1.08899329E+001, 2.62442183E+000, 2.85797777E+001, 4.00116888E+002
 2.65000000E+002, 1.36750000E+001, 1.09350422E+001, 2.61359437E+000, 2.85797648E+001, 4.00116707E+002
 2.75000000E+002, 1.36250000E+001, 1.09801995E+001, 2.60284451E+000, 2.85797520E+001, 4.00116528E+002
 2.85000000E+002, 1.35750000E+001, 1.10254041E+001, 2.59217161E+000, 2.85797394E+001, 4.00116351E+002
 2.95000000E+002, 1.35250000E+001, 1.10706552E+001, 2.58157501E+000, 2.85797269E+001, 4.00116177E+002
 3.05000000E+002, 1.34750000E+001, 1.11159524E+001, 2.57105408E+000, 2.85797146E+001, 4.00116005E+002
 3.15000000E+002, 1.34250000E+001, 1.11612948E+001, 2.56060816E+000, 2.85797025E+001, 4.00115835E+002
 3.25000000E+002, 1.33750000E+001, 1.12066819E+001, 2.55023662E+000, 2.85796904E+001, 4.00115666E+002
 3.35000000E+002, 1.33250000E+001, 1.12521130E+001, 2.53993882E+000, 2.85796785E+001, 4.00115499E+002
 3.45000000E+002, 1.32750000E+001, 1.12975875E+001, 2.52971413E+000, 2.85796667E+001, 4.00115334E+002
 3.55000000E+002, 1.32250000E+001, 1.13431048E+001, 2.51956191E+000, 2.85796550E+001, 4.00115169E+002
 3.65000000E+002, 1.31750000E+001, 1.13886644E+001, 2.50948156E+000, 2.85796433E+001, 4.00115006E+002
 3.75000000E+002, 1.31250000E+001, 1.14342656E+001, 2.49947244E+000, 2.85796317E+001, 4.00114844E+002
 3.85000000E+002, 1.30750000E+001, 1.14799078E+001, 2.48953394E+000, 2.85796201E+001, 4.00114682E+002
 3.95000000E+002, 1.30250000E+001, 1.15255905E+001, 2.47966547E+000, 2.85796087E+001, 4.00114522E+002
 4.05000000E+002, 1.29750000E+001, 1.15713127E+001, 2.46986652E+000, 2.85795979E+001, 4.00114371E+002
 4.15000000E+002, 1.29250000E+001, 1.16170723E+001, 2.46013705E+000, 2.85795901E+001, 4.00114262E+002
 4.25000000E+002, 1.28750000E+001, 1.16628614E+001, 2.45047956E+000, 2.85796035E+001, 4.00114448E+002
 4.35000000E+002, 1.28250000E+001, 1.17087002E+001, 2.44090913E+000, 2.85798733E+001, 4.00118227E+002
 4.45000000E+002, 1.27750000E+001, 1.17544663E+001, 2.43140474E+000, 2.85798650E+001, 4.00118110E+002
 4.55000000E+002, 1.27250000E+001, 1.18004155E+001, 2.42214628E+000, 2.85823324E+001, 4.00152654E+002
 4.65000000E+002, 1.26750000E+001, 1.18456996E+001, 2.41281355E+000, 2.85814646E+001, 4.00140504E+002
 4.75000000E+002, 1.26250000E+001, 1.18916922E+001, 2.40467951E+000, 2.85957086E+001, 4.00339920E+002
 4.85000000E+002, 1.25750000E+001, 1.19339435E+001, 2.39569697E+000, 2.85901122E+001, 4.00261571E+002
 4.95000000E+002, 1.25250000E+001, 1.19877227E+001, 2.39353820E+000, 2.86930723E+001, 4.01703013E+002
 5.05000000E+002, 1.24750000E+001, 1.20304834E+001, 2.42332830E+000, 2.91538110E+001, 4.02322592E+002
 5.15000000E+002, 1.24250000E+001, 1.20560972E+001, 2.48089880E+000, 2.99099571E+001, 4.00793425E+002
 5.25000000E+002, 1.23750000E+001, 1.20751354E+001, 2.55149914E+000, 3.08096976E+001, 4.00526069E+002
 5.35000000E+002, 1.23250000E+001, 1.20972249E+001, 2.62690358E+000, 3.17782434E+001, 4.00405867E+002
 5.45000000E+002, 1.22750000E+001, 1.21162585E+001, 2.70869711E+000, 3.28192743E+001, 4.00395146E+002
 5.55000000E+002, 1.22250000E+001, 1.21323120E+001, 2.79697374E+000, 3.39337579E+001, 4.00418344E+002
 5.65000000E+002, 1.21750000E+001, 1.21446813E+001, 2.89238477E+000, 3.51270912E+001, 4.00448840E+002
 5.75000000E+002, 1.21250000E+001, 1.21527198E+001, 2.99571316E+000, 3.64060627E+001, 4.00466690E+002
 5.85000000E+002, 1.20750000E+001, 1.21560284E+001, 3.10725465E+000, 3.77718759E+001, 4.00381885E+002
 5.95000000E+002, 1.20250000E+001, 1.21531188E+001, 3.22858387E+000, 3.92373632E+001, 4.00221104E+002
 6.05000000E+002, 1.19750000E+001, 1.21415737E+001, 3.36369369E+000, 4.08405350E+001, 4.00237243E+002
 6.15000000E+002, 1.19250000E+001, 1.21225256E+001, 3.51192931E+000, 4.25734531E+001, 4.00190459E+002
 6.25000000E+002, 1.18750000E+001, 1.20919727E+001, 3.67730868E+000, 4.44659161E+001, 4.00193245E+002
 6.35000000E+002, 1.18250000E+001, 1.20485060E+001, 3.86197156E+000, 4.65309875E+001, 4.00166492E+002
 6.45000000E+002, 1.17750000E+001, 1.19879028E+001, 4.07065254E+000, 4.87985871E+001, 4.00148414E+002
 6.55000000E+002, 1.17250000E+001, 1.19057567E+001, 4.30854901E+000, 5.12965363E+001, 4.00112983E+002
 6.65000000E+002, 1.16750000E+001, 1.17949371E+001, 4.58357046E+000, 5.40629252E+001, 4.00065646E+002
 6.75000000E+002, 1.16250000E+001, 1.16452351E+001, 4.90686099E+000, 5.71415496E+001, 3.99990847E+002
 6.85000000E+002, 1.15750000E+001, 1.14402861E+001, 5.29596911E+000, 6.05874016E+001, 3.99876851E+002
 6.95000000E+002, 1.15250000E+001, 1.12096867E+001, 5.71898509E+000, 6.41080312E+001, 3.97469793E+002
 7.05000000E+002, 1.14750000E+001, 1.09793333E+001, 6.03909752E+000, 6.63052644E+001, 3.97831586E+002
 7.15000000E+002, 1.14250000E+001, 1.08149020E+001, 6.16422673E+000, 6.66655077E+001, 3.99993046E+002
 7.25000000E+002, 1.13750000E+001, 1.07362317E+001, 6.21165159E+000, 6.66897307E+001, 4.00138384E+002
 7.35000000E+002, 1.13250000E+001, 1.06609404E+001, 6.25496185E+000, 6.66837756E+001, 4.00102653E+002
 7.45000000E+002, 1.12750000E+001, 1.05812107E+001, 6.30197542E+000, 6.66825299E+001, 4.00095179E+002
 7.55000000E+002, 1.12250000E+001, 1.04972364E+001, 6.35238744E+000, 6.66825128E+001, 4.00095077E+002
 7.65000000E+002, 1.11750000E+001, 1.04090226E+001, 6.40614460E+000, 6.66817037E+001, 4.00090222E+002
 7.75000000E+002, 1.11250000E+001, 1.03157072E+001, 6.46402561E+000, 6.66809953E+001, 4.00085972E+002
 7.85000000E+002, 1.10750000E+001, 1.02166054E+001, 6.52665981E+000, 6.66803075E+001, 4.00081845E+002
 7.95000000E+002, 1.10250000E+001, 1.01109291E+001, 6.59478453E+000, 6.66793986E+001, 4.00076391E+002
 8.05000000E+002, 1.09750000E+001, 9.99759104E+000, 6.66943272E+000, 6.66782608E+001, 4.00069565E+002
 8.15000000E+002, 1.09250000E+001, 9.87519652E+000, 6.75194912E+000, 6.66768245E+001, 4.00060947E+002
 8.25000000E+002, 1.08750000E+001, 9.74190151E+000, 6.84413882E+000, 6.66749263E+001, 4.00049558E+002
 8.35000000E+002, 1.08250000E+001, 9.59515029E+000, 6.94854319E+000, 6.66723162E+001, 4.00033897E+002
 8.45000000E+002, 1.07750000E+001, 9.43124259E+000, 7.06890351E+000, 6.66685438E+001, 4.00011263E+002
 8.55000000E+002, 1.07250000E+001, 9.24449499E+000, 7.21107011E+000, 6.66627016E+001, 3.99976209E+002
 8.65000000E+002, 1.06750000E+001, 9.02542829E+000, 7.38499438E+000, 6.66527372E+001, 3.99916423E+002
 8.75000000E+002, 1.06250000E+001, 8.75624082E+000, 7.60978786E+000, 6.66331351E+001, 3.99798810E+002
 8.85000000E+002, 1.05750000E+001, 8.39664780E+000, 7.92988576E+000, 6.65844579E+001, 3.99506747E+002
 8.95000000E+002, 1.05250000E+001, 7.79083570E+000, 8.47228155E+000, 6.60061536E+001, 3.96036922E+002
 9.05000000E+002, 1.04750000E+001, 6.99060942E+000, 9.18388518E+000, 6.42009542E+001, 3.98045916E+002
 9.15000000E+002, 1.04250000E+001, 6.18664961E+000, 9.78292656E+000, 6.05235388E+001, 3.99455356E+002
 9.25000000E+002, 1.03750000E+001, 5.67775032E+000, 1.00596553E+001, 5.71162109E+001, 3.99813476E+002
 9.35000000E+002, 1.03250000E+001, 5.30476204E+000, 1.01877979E+001, 5.40438438E+001, 3.99924444E+002
 9.45000000E+002, 1.02750000E+001, 5.00365460E+000, 1.02502340E+001, 5.12886306E+001, 4.00051318E+002
 9.55000000E+002, 1.02250000E+001, 4.76017068E+000, 1.02448072E+001, 4.87670309E+001, 3.99889653E+002
 9.65000000E+002, 1.01750000E+001, 4.54688126E+000, 1.02178987E+001, 4.64595720E+001, 3.99552319E+002
 9.75000000E+002, 1.01250000E+001, 4.37097429E+000, 1.01693685E+001, 4.44500482E+001, 4.00050434E+002
 9.85000000E+002, 1.00750000E+001, 4.20956567E+000, 1.01023494E+001, 4.25265031E+001, 3.99749129E+002
 9.95000000E+002, 1.00250000E+001, 4.07649244E+000, 1.00207901E+001, 4.08496752E+001, 4.00326817E+002
 1.00500000E+003, 9.97500000E+000, 3.94916107E+000, 9.92756082E+000, 3.92055367E+001, 3.99896474E+002
 1.01500000E+003, 9.92500000E+000, 3.84573691E+000, 9.82548340E+000, 3.77862242E+001, 4.00533977E+002
 1.02500000E+003, 9.87500000E+000, 3.70370453E+000, 9.71485498E+000, 3.59809524E+001, 3.95790477E+002
 1.03500000E+003, 9.82500000E+000, 3.75907891E+000, 9.40054548E+000, 3.53373922E+001, 4.02846272E+002
 1.04500000E+003, 9.77500000E+000, 5.66349550E+000, 6.26243717E+000, 3.54672847E+001, 4.18513959E+002
 1.05500000E+003, 9.72500000E+000, 6.67596038E+000, 4.94291226E+000, 3.29986864E+001, 4.02583974E+002
 1.06500000E+003, 9.67500000E+000, 6.87725268E+000, 4.61777125E+000, 3.17575797E+001, 4.00145504E+002
 1.07500000E+003, 9.62500000E+000, 6.99943371E+000, 4.39642591E+000, 3.07724918E+001, 4.00042393E+002
 1.08500000E+003, 9.57500000E+000, 7.10263966E+000, 4.20471165E+000, 2.98645517E+001, 4.00184992E+002
 1.09500000E+003, 9.52500000E+000, 7.18850398E+000, 4.04194420E+000, 2.90555320E+001, 4.00966341E+002
 1.10500000E+003, 9.47500000E+000, 7.26105823E+000, 3.94100436E+000, 2.86158621E+001, 4.00622069E+002
 1.11500000E+003, 9.42500000E+000, 7.31470270E+000, 3.90233068E+000, 2.85443888E+001, 3.99621443E+002
 1.12500000E+003, 9.37500000E+000, 7.35154925E+000, 3.88199329E+000, 2.85386649E+001, 3.99541308E+002
 1.13500000E+003, 9.32500000E+000, 7.38797834E+000, 3.86266442E+000, 2.85372811E+001, 3.99521935E+002
 1.14500000E+003, 9.27500000E+000, 7.42456085E+000, 3.84339266E+000, 2.85355027E+001, 3.99497037E+002
 1.15500000E+003, 9.22500000E+000, 7.46134053E+000, 3.82417730E+000, 2.85334891E+001, 3.99468847E+002
 1.16500000E+003, 9.17500000E+000, 7.49832180E+000, 3.80504059E+000, 2.85314188E+001, 3.99439863E+002
 1.17500000E+003, 9.12500000E+000, 7.53550172E+000, 3.78598984E+000, 2.85293330E+001, 3.99410662E+002
 1.18500000E+003, 9.07500000E+000, 7.57287642E+000, 3.76702807E+000, 2.85272381E+001, 3.99381333E+002
 1.19500000E+003, 9.02500000E+000, 7.61044193E+000, 3.74815740E+000, 2.85251342E+001, 3.99351879E+002
 1.20500000E+003, 8.97500000E+000, 7.64819437E+000, 3.72937971E+000, 2.85230209E+001, 3.99322293E+002
 1.21500000E+003, 8.92500000E+000, 7.68613001E+000, 3.71069682E+000, 2.85208982E+001, 3.99292575E+002
 1.22500000E+003, 8.87500000E+000, 7.72424523E+000, 3.69211045E+000, 2.85187666E+001, 3.99262732E+002
 1.23500000E+003, 8.82500000E+000, 7.76253656E+000, 3.67362224E+000, 2.85166269E+001, 3.99232777E+002
 1.24500000E+003, 8.77500000E+000, 7.80100055E+000, 3.65523367E+000, 2.85144798E+001, 3.99202718E+002
 1.25500000E+003, 8.72500000E+000, 7.83963378E+000, 3.63694607E+000, 2.85123253E+001, 3.99172554E+002
 1.26500000E+003, 8.67500000E+000, 7.87843286E+000, 3.61876066E+000, 2.85101629E+001, 3.99142281E+002
 1.27500000E+003, 8.62500000E+000, 7.91739444E+000, 3.60067858E+000, 2.85079925E+001, 3.99111896E+002
 1.28500000E+003, 8.57500000E+000, 7.95651525E+000, 3.58270093E+000, 2.85058146E+001, 3.99081404E+002
 1.29500000E+003, 8.52500000E+000, 7.99579216E+000, 3.56482878E+000, 2.85036300E+001, 3.99050820E+002
 1.30500000E+003, 8.47500000E+000, 8.03522216E+000, 3.54706304E+000, 2.85014395E+001, 3.99020153E+002
 1.31500000E+003, 8.42500000E+000, 8.07480237E+000, 3.52940443E+000, 2.84992433E+001, 3.98989406E+002
 1.32500000E+003, 8.37500000E+000, 8.11453001E+000, 3.51185347E+000, 2.84970404E+001, 3.98958565E+002
 1.33500000E+003, 8.32500000E+000, 8.15440231E+000, 3.49441055E+000, 2.84948295E+001, 3.98927613E+002
 1.34500000E+003, 8.27500000E+000, 8.19441653E+000, 3.47707610E+000, 2.84926099E+001, 3.98896538E+002
 1.35500000E+003, 8.22500000E+000, 8.23456986E+000, 3.45985065E+000, 2.84903819E+001, 3.98865347E+002
 1.36500000E+003, 8.17500000E+000, 8.27485946E+000, 3.44273489E+000, 2.84881474E+001, 3.98834063E+002
 1.37500000E+003, 8.12500000E+000, 8.31528249E+000, 3.42572949E+000, 2.84859085E+001, 3.98802718E+002
 1.38500000E+003, 8.07500000E+000, 8.35583623E+000, 3.40883501E+000, 2.84836671E+001, 3.98771339E+002
 1.39500000E+003, 8.02500000E+000, 8.39651809E+000, 3.39205173E+000, 2.84814237E+001, 3.98739931E+002
 1.40500000E+003, 7.97500000E+000, 8.43732572E+000, 3.37537965E+000, 2.84791775E+001, 3.98708485E+002
 1.41500000E+003, 7.92500000E+000, 8.47825690E+000, 3.35881863E+000, 2.84769272E+001, 3.98676980E+002
 1.42500000E+003, 7.87500000E+000, 8.51930949E+000, 3.34236847E+000, 2.84746714E+001, 3.98645399E+002
 1.43500000E+003, 7.82500000E+000, 8.56048135E+000, 3.32602907E+000, 2.84724098E+001, 3.98613737E+002
 1.44500000E+003, 7.77500000E+000, 8.60177024E+000, 3.30980044E+000, 2.84701429E+001, 3.98582001E+002
 1.45500000E+003, 7.72500000E+000, 8.64317391E+000, 3.29368263E+000, 2.84678718E+001, 3.98550205E+002
 1.46500000E+003, 7.67500000E+000, 8.68469006E+000, 3.27767567E+000, 2.84655973E+001, 3.98518362E+002
 1.47500000E+003, 7.62500000E+000, 8.72631651E+000, 3.26177948E+000, 2.84633202E+001, 3.98486482E+002
 1.48500000E+003, 7.57500000E+000, 8.76805120E+000, 3.24599386E+000, 2.84610404E+001, 3.98454565E+002
 1.49500000E+003, 7.52500000E+000, 8.80989222E+000, 3.23031849E+000, 2.84587577E+001, 3.98422608E+002
 1.50500000E+003, 7.47500000E+000, 8.85183775E+000, 3.21475297E+000, 2.84564717E+001, 3.98390604E+002
 1.51500000E+003, 7.42500000E+000, 8.89388606E+000, 3.19929685E+000, 2.84541816E+001, 3.98358543E+002
 1.52500000E+003, 7.37500000E+000, 8.93603542E+000, 3.18394964E+000, 2.84518867E+001, 3.98326414E+002
 1.53500000E+003, 7.32500000E+000, 8.97828410E+000, 3.16871085E+000, 2.84495863E+001, 3.98294208E+002
 1.54500000E+003, 7.27500000E+000, 9.02063033E+000, 3.15358004E+000, 2.84472797E+001, 3.98261916E+002
 1.55500000E+003, 7.22500000E+000, 9.06307236E+000, 3.13855678E+000, 2.84449672E+001, 3.98229541E+002
 1.56500000E+003, 7.17500000E+000, 9.10560844E+000, 3.12364069E+000, 2.84426491E+001, 3.98197087E+002
 1.57500000E+003, 7.12500000E+000, 9.14823688E+000, 3.10883141E+000, 2.84403262E+001, 3.98164566E+002
 1.58500000E+003, 7.07500000E+000, 9.19095597E+000, 3.09412855E+000, 2.84379993E+001, 3.98131990E+002
 1.59500000E+003, 7.02500000E+000, 9.23376407E+000, 3.07953167E+000, 2.84356689E+001, 3.98099365E+002
 1.60500000E+003, 6.97500000E+000, 9.27665957E+000, 3.06504029E+000, 2.84333353E+001, 3.98066695E+002
 1.61500000E+003, 6.92500000E+000, 9.31964090E+000, 3.05065385E+000, 2.84309984E+001, 3.98033978E+002
 1.62500000E+003, 6.87500000E+000, 9.36270657E+000, 3.03637179E+000, 2.84286581E+001, 3.98001213E+002
 1.63500000E+003, 6.82500000E+000, 9.40585515E+000, 3.02219350E+000, 2.84263143E+001, 3.97968400E+002
 1.64500000E+003, 6.77500000E+000, 9.44908528E+000, 3.00811839E+000, 2.84239671E+001, 3.97935540E+002
 1.65500000E+003, 6.72500000E+000, 9.49239560E+000, 2.99414583E+000, 2.84216167E+001, 3.97902634E+002
 1.66500000E+003, 6.67500000E+000, 9.53578478E+000, 2.98027522E+000, 2.84192630E+001, 3.97869682E+002
 1.67500000E+003, 6.62500000E+000, 9.57925147E+000, 2.96650590E+000, 2.84169060E+001, 3.97836684E+002
 1.68500000E+003, 6.57500000E+000, 9.62279435E+000, 2.95283725E+000, 2.84145456E+001, 3.97803639E+002
 1.69500000E+003, 6.52500000E+000, 9.66641209E+000, 2.93926866E+000, 2.84121822E+001, 3.97770550E+002
 1.70500000E+003, 6.47500000E+000, 9.71010343E+000, 2.92579951E+000, 2.84098159E+001, 3.97737422E+002
 1.71500000E+003, 6.42500000E+000, 9.75386716E+000, 2.91242915E+000, 2.84074470E+001, 3.97704258E+002
 1.72500000E+003, 6.37500000E+000, 9.79770216E+000, 2.89915688E+000, 2.84050756E+001, 3.97671059E+002
 1.73500000E+003, 6.32500000E+000, 9.84160728E+000, 2.88598201E+000, 2.84027016E+001, 3.97637822E+002
 1.74500000E+003, 6.27500000E+000, 9.88558141E+000, 2.87290383E+000, 2.84003247E+001, 3.97604546E+002
 1.75500000E+003, 6.22500000E+000, 9.92962336E+000, 2.85992168E+000, 2.83979451E+001, 3.97571232E+002
 1.76500000E+003, 6.17500000E+000, 9.97373199E+000, 2.84703491E+000, 2.83955632E+001, 3.97537884E+002
 1.77500000E+003, 6.12500000E+000, 1.00179062E+001, 2.83424283E+000, 2.83931789E+001, 3.97504505E+002
 1.78500000E+003, 6.07500000E+000, 1.00621450E+001, 2.82154472E+000, 2.83907922E+001, 3.97471090E+002
 1.79500000E+003, 6.02500000E+000, 1.01064474E+001, 2.80893986E+000, 2.83884029E+001, 3.97437640E+002
 1.80500000E+003, 5.97500000E+000, 1.01508122E+001, 2.79642761E+000, 2.83860116E+001, 3.97404162E+002
 1.81500000E+003, 5.92500000E+000, 1.01952384E+001, 2.78400748E+000, 2.83836200E+001, 3.97370680E+002
 1.82500000E+003, 5.87500000E+000, 1.02397247E+001, 2.77167904E+000, 2.83812302E+001, 3.97337223E+002
 1.83500000E+003, 5.82500000E+000, 1.02842700E+001, 2.75944168E+000, 2.83788432E+001, 3.97303804E+002
 1.84500000E+003, 5.77500000E+000, 1.03288736E+001, 2.74729445E+000, 2.83764571E+001, 3.97270400E+002
 1.85500000E+003, 5.72500000E+000, 1.03735352E+001, 2.73523607E+000, 2.83740676E+001, 3.97236947E+002
 1.86500000E+003, 5.67500000E+000, 1.04182545E+001, 2.72326512E+000, 2.83716690E+001, 3.97203366E+002
 1.87500000E+003, 5.62500000E+000, 1.04630311E+001, 2.71138039E+000, 2.83692573E+001, 3.97169602E+002
 1.88500000E+003, 5.57500000E+000, 1.05078641E+001, 2.69958119E+000, 2.83668323E+001, 3.97135652E+002
 1.89500000E+003, 5.52500000E+000, 1.05527524E+001, 2.68786726E+000, 2.83643976E+001, 3.97101566E+002
 1.90500000E+003, 5.47500000E+000, 1.05976944E+001, 2.67623862E+000, 2.83619590E+001, 3.97067426E+002
 1.91500000E+003, 5.42500000E+000, 1.06426886E+001, 2.66469527E+000, 2.83595218E+001, 3.97033306E+002
 1.92500000E+003, 5.37500000E+000, 1.06877329E+001, 2.65323715E+000, 2.83570899E+001, 3.96999258E+002
 1.93500000E+003, 5.32500000E+000, 1.07328222E+001, 2.64186535E+000, 2.83546709E+001, 3.96965393E+002
 1.94500000E+003, 5.27500000E+000, 1.07779590E+001, 2.63058811E+000, 2.83523709E+001, 3.96933193E+002
 1.95500000E+003, 5.22500000E+000, 1.08230647E+001, 2.61940683E+000, 2.83500095E+001, 3.96900133E+002
 1.96500000E+003, 5.17500000E+000, 1.08683523E+001, 2.60845785E+000, 2.83496388E+001, 3.96894943E+002
 1.97500000E+003, 5.12500000E+000, 1.09130689E+001, 2.59747460E+000, 2.83464194E+001, 3.96849871E+002
 1.98500000E+003, 5.07500000E+000, 1.09583828E+001, 2.58755330E+000, 2.83553995E+001, 3.96975593E+002
 1.99500000E+003, 5.02500000E+000, 1.10004891E+001, 2.57612920E+000, 2.83386813E+001, 3.96741539E+002
