   1800.1624426327242      ,         200
X,ZB,H,U,Q,QL
 5.00000000E+000, 1.49750000E+001, 9.77803451E+000, 2.91804820E+000, 2.85327760E+001, 3.99458864E+002
 1.50000000E+001, 1.49250000E+001, 9.81104173E+000, 2.91565570E+000, 2.86056198E+001, 4.00478677E+002
 2.50000000E+001, 1.48750000E+001, 9.85471028E+000, 2.90274977E+000, 2.86057580E+001, 4.00480612E+002
 3.50000000E+001, 1.48250000E+001, 9.89845120E+000, 2.88993456E+000, 2.86058762E+001, 4.00482267E+002
 4.50000000E+001, 1.47750000E+001, 9.94226096E+000, 2.87721186E+000, 2.86059912E+001, 4.00483876E+002
 5.50000000E+001, 1.47250000E+001, 9.98613847E+000, 2.86458104E+000, 2.86061029E+001, 4.00485440E+002
 6.50000000E+001, 1.46750000E+001, 1.00300826E+001, 2.85204145E+000, 2.86062114E+001, 4.00486960E+002
 7.50000000E+001, 1.46250000E+001, 1.00740924E+001, 2.83959246E+000, 2.86063169E+001, 4.00488436E+002
 8.50000000E+001, 1.45750000E+001, 1.01181668E+001, 2.82723341E+000, 2.86064193E+001, 4.00489870E+002
 9.50000000E+001, 1.45250000E+001, 1.01623048E+001, 2.81496367E+000, 2.86065187E+001, 4.00491261E+002
 1.05000000E+002, 1.44750000E+001, 1.02065053E+001, 2.80278257E+000, 2.86066151E+001, 4.00492612E+002
 1.15000000E+002, 1.44250000E+001, 1.02507674E+001, 2.79068947E+000, 2.86067087E+001, 4.00493922E+002
 1.25000000E+002, 1.43750000E+001, 1.02950902E+001, 2.77868370E+000, 2.86067995E+001, 4.00495193E+002
 1.35000000E+002, 1.43250000E+001, 1.03394728E+001, 2.76676462E+000, 2.86068875E+001, 4.00496425E+002
 1.45000000E+002, 1.42750000E+001, 1.03839141E+001, 2.75493157E+000, 2.86069728E+001, 4.00497619E+002
 1.55000000E+002, 1.42250000E+001, 1.04284134E+001, 2.74318388E+000, 2.86070554E+001, 4.00498776E+002
 1.65000000E+002, 1.41750000E+001, 1.04729697E+001, 2.73152089E+000, 2.86071354E+001, 4.00499896E+002
 1.75000000E+002, 1.41250000E+001, 1.05175821E+001, 2.71994196E+000, 2.86072129E+001, 4.00500981E+002
 1.85000000E+002, 1.40750000E+001, 1.05622499E+001, 2.70844641E+000, 2.86072879E+001, 4.00502030E+002
 1.95000000E+002, 1.40250000E+001, 1.06069722E+001, 2.69703360E+000, 2.86073604E+001, 4.00503045E+002
 2.05000000E+002, 1.39750000E+001, 1.06517482E+001, 2.68570286E+000, 2.86074305E+001, 4.00504026E+002
 2.15000000E+002, 1.39250000E+001, 1.06965770E+001, 2.67445353E+000, 2.86074982E+001, 4.00504975E+002
 2.25000000E+002, 1.38750000E+001, 1.07414580E+001, 2.66328497E+000, 2.86075636E+001, 4.00505890E+002
 2.35000000E+002, 1.38250000E+001, 1.07863903E+001, 2.65219652E+000, 2.86076268E+001, 4.00506775E+002
 2.45000000E+002, 1.37750000E+001, 1.08313732E+001, 2.64118753E+000, 2.86076877E+001, 4.00507627E+002
 2.55000000E+002, 1.37250000E+001, 1.08764059E+001, 2.63025734E+000, 2.86077464E+001, 4.00508450E+002
 2.65000000E+002, 1.36750000E+001, 1.09214877E+001, 2.61940532E+000, 2.86078030E+001, 4.00509242E+002
 2.75000000E+002, 1.36250000E+001, 1.09666180E+001, 2.60863081E+000, 2.86078575E+001, 4.00510005E+002
 2.85000000E+002, 1.35750000E+001, 1.10117959E+001, 2.59793317E+000, 2.86079100E+001, 4.00510740E+002
 2.95000000E+002, 1.35250000E+001, 1.10570209E+001, 2.58731177E+000, 2.86079604E+001, 4.00511446E+002
 3.05000000E+002, 1.34750000E+001, 1.11022923E+001, 2.57676597E+000, 2.86080089E+001, 4.00512125E+002
 3.15000000E+002, 1.34250000E+001, 1.11476093E+001, 2.56629512E+000, 2.86080554E+001, 4.00512776E+002
 3.25000000E+002, 1.33750000E+001, 1.11929714E+001, 2.55589861E+000, 2.86081001E+001, 4.00513401E+002
 3.35000000E+002, 1.33250000E+001, 1.12383779E+001, 2.54557581E+000, 2.86081429E+001, 4.00514000E+002
 3.45000000E+002, 1.32750000E+001, 1.12838282E+001, 2.53532608E+000, 2.86081838E+001, 4.00514573E+002
 3.55000000E+002, 1.32250000E+001, 1.13293216E+001, 2.52514881E+000, 2.86082230E+001, 4.00515122E+002
 3.65000000E+002, 1.31750000E+001, 1.13748576E+001, 2.51504338E+000, 2.86082604E+001, 4.00515646E+002
 3.75000000E+002, 1.31250000E+001, 1.14204356E+001, 2.50500918E+000, 2.86082961E+001, 4.00516146E+002
 3.85000000E+002, 1.30750000E+001, 1.14660550E+001, 2.49504560E+000, 2.86083302E+001, 4.00516623E+002
 3.95000000E+002, 1.30250000E+001, 1.15117153E+001, 2.48515203E+000, 2.86083626E+001, 4.00517076E+002
 4.05000000E+002, 1.29750000E+001, 1.15574158E+001, 2.47532787E+000, 2.86083934E+001, 4.00517507E+002
 4.15000000E+002, 1.29250000E+001, 1.16031560E+001, 2.46557252E+000, 2.86084226E+001, 4.00517916E+002
 4.25000000E+002, 1.28750000E+001, 1.16489354E+001, 2.45588539E+000, 2.86084502E+001, 4.00518303E+002
 4.35000000E+002, 1.28250000E+001, 1.16947535E+001, 2.44626588E+000, 2.86084764E+001, 4.00518669E+002
 4.45000000E+002, 1.27750000E+001, 1.17406097E+001, 2.43671341E+000, 2.86085010E+001, 4.00519014E+002
 4.55000000E+002, 1.27250000E+001, 1.17865035E+001, 2.42722741E+000, 2.86085242E+001, 4.00519339E+002
 4.65000000E+002, 1.26750000E+001, 1.18324344E+001, 2.41780728E+000, 2.86085460E+001, 4.00519644E+002
 4.75000000E+002, 1.26250000E+001, 1.18784019E+001, 2.40845246E+000, 2.86085664E+001, 4.00519929E+002
 4.85000000E+002, 1.25750000E+001, 1.19244058E+001, 2.39916253E+000, 2.86085875E+001, 4.00520225E+002
 4.95000000E+002, 1.25250000E+001, 1.19781853E+001, 2.39695522E+000, 2.87111737E+001, 4.01956432E+002
 5.05000000E+002, 1.24750000E+001, 1.20358364E+001, 2.42025840E+000, 2.91298341E+001, 4.01991710E+002
 5.15000000E+002, 1.24250000E+001, 1.20773305E+001, 2.47500522E+000, 2.98914559E+001, 4.00545510E+002
 5.25000000E+002, 1.23750000E+001, 1.21045766E+001, 2.54533175E+000, 3.08101630E+001, 4.00532119E+002
 5.35000000E+002, 1.23250000E+001, 1.21296095E+001, 2.62060614E+000, 3.17869292E+001, 4.00515308E+002
 5.45000000E+002, 1.22750000E+001, 1.21521041E+001, 2.70138192E+000, 3.28274742E+001, 4.00495186E+002
 5.55000000E+002, 1.22250000E+001, 1.21716780E+001, 2.78829549E+000, 3.39382349E+001, 4.00471171E+002
 5.65000000E+002, 1.21750000E+001, 1.21878710E+001, 2.88208992E+000, 3.51265401E+001, 4.00442557E+002
 5.75000000E+002, 1.21250000E+001, 1.22001241E+001, 2.98363933E+000, 3.64007702E+001, 4.00408472E+002
 5.85000000E+002, 1.20750000E+001, 1.22077524E+001, 3.09398074E+000, 3.77705507E+001, 4.00367838E+002
 5.95000000E+002, 1.20250000E+001, 1.22099071E+001, 3.21435617E+000, 3.92469902E+001, 4.00319300E+002
 6.05000000E+002, 1.19750000E+001, 1.22055242E+001, 3.34626951E+000, 4.08429736E+001, 4.00261141E+002
 6.15000000E+002, 1.19250000E+001, 1.21932514E+001, 3.49156472E+000, 4.25735265E+001, 4.00191149E+002
 6.25000000E+002, 1.18750000E+001, 1.21713427E+001, 3.65253620E+000, 4.44562700E+001, 4.00106430E+002
 6.35000000E+002, 1.18250000E+001, 1.21375023E+001, 3.83208918E+000, 4.65119913E+001, 4.00003125E+002
 6.45000000E+002, 1.17750000E+001, 1.20886438E+001, 4.03398117E+000, 4.87653615E+001, 3.99875964E+002
 6.55000000E+002, 1.17250000E+001, 1.20205062E+001, 4.26320137E+000, 5.12458386E+001, 3.99717541E+002
 6.65000000E+002, 1.16750000E+001, 1.19270051E+001, 4.52660064E+000, 5.39887887E+001, 3.99517036E+002
 6.75000000E+002, 1.16250000E+001, 1.17990626E+001, 4.83401351E+000, 5.70368280E+001, 3.99257796E+002
 6.85000000E+002, 1.15750000E+001, 1.16223437E+001, 5.20050151E+000, 6.04420160E+001, 3.98917305E+002
 6.95000000E+002, 1.15250000E+001, 1.13407919E+001, 5.62133315E+000, 6.37503693E+001, 3.95252290E+002
 7.05000000E+002, 1.14750000E+001, 1.09958201E+001, 5.98356203E+000, 6.57941717E+001, 3.94765030E+002
 7.15000000E+002, 1.14250000E+001, 1.08026405E+001, 6.13992822E+000, 6.63274372E+001, 3.97964623E+002
 7.25000000E+002, 1.13750000E+001, 1.07310984E+001, 6.18049791E+000, 6.63235313E+001, 3.97941188E+002
 7.35000000E+002, 1.13250000E+001, 1.06566032E+001, 6.22322082E+000, 6.63183949E+001, 3.97910370E+002
 7.45000000E+002, 1.12750000E+001, 1.05786273E+001, 6.26857263E+000, 6.63128937E+001, 3.97877362E+002
 7.55000000E+002, 1.12250000E+001, 1.04968086E+001, 6.31687060E+000, 6.63069814E+001, 3.97841889E+002
 7.65000000E+002, 1.11750000E+001, 1.04107191E+001, 6.36849378E+000, 6.63006001E+001, 3.97803600E+002
 7.75000000E+002, 1.11250000E+001, 1.03198471E+001, 6.42390122E+000, 6.62936785E+001, 3.97762071E+002
 7.85000000E+002, 1.10750000E+001, 1.02235714E+001, 6.48365680E+000, 6.62861285E+001, 3.97716771E+002
 7.95000000E+002, 1.10250000E+001, 1.01211262E+001, 6.54846475E+000, 6.62778383E+001, 3.97667030E+002
 8.05000000E+002, 1.09750000E+001, 1.00115486E+001, 6.61922201E+000, 6.62686631E+001, 3.97611979E+002
 8.15000000E+002, 1.09250000E+001, 9.89360003E+000, 6.69709824E+000, 6.62584113E+001, 3.97550468E+002
 8.25000000E+002, 1.08750000E+001, 9.76564066E+000, 6.78366353E+000, 6.62468205E+001, 3.97480923E+002
 8.35000000E+002, 1.08250000E+001, 9.62542070E+000, 6.88110356E+000, 6.62335167E+001, 3.97401100E+002
 8.45000000E+002, 1.07750000E+001, 9.46970572E+000, 6.99260788E+000, 6.62179388E+001, 3.97307633E+002
 8.55000000E+002, 1.07250000E+001, 9.29354189E+000, 7.12313793E+000, 6.61991807E+001, 3.97195084E+002
 8.65000000E+002, 1.06750000E+001, 9.08861636E+000, 7.28115349E+000, 6.61756108E+001, 3.97053665E+002
 8.75000000E+002, 1.06250000E+001, 8.83880231E+000, 7.48333002E+000, 6.61436746E+001, 3.96862048E+002
 8.85000000E+002, 1.05750000E+001, 8.50268949E+000, 7.77268731E+000, 6.60887467E+001, 3.96532480E+002
 8.95000000E+002, 1.05250000E+001, 7.74649172E+000, 8.44728754E+000, 6.54368430E+001, 3.92621058E+002
 9.05000000E+002, 1.04750000E+001, 6.64823880E+000, 9.40801076E+000, 6.25467022E+001, 3.87789553E+002
 9.15000000E+002, 1.04250000E+001, 5.98900515E+000, 9.84681074E+000, 5.89726003E+001, 3.89219162E+002
 9.25000000E+002, 1.03750000E+001, 5.55168175E+000, 1.00482863E+001, 5.57848878E+001, 3.90494215E+002
 9.35000000E+002, 1.03250000E+001, 5.21547081E+000, 1.01475250E+001, 5.29241204E+001, 3.91638491E+002
 9.45000000E+002, 1.02750000E+001, 4.94201613E+000, 1.01866224E+001, 5.03424522E+001, 3.92671127E+002
 9.55000000E+002, 1.02250000E+001, 4.71260799E+000, 1.01856423E+001, 4.80009392E+001, 3.93607701E+002
 9.65000000E+002, 1.01750000E+001, 4.51627025E+000, 1.01560709E+001, 4.58675607E+001, 3.94461022E+002
 9.75000000E+002, 1.01250000E+001, 4.34584569E+000, 1.01052245E+001, 4.39157464E+001, 3.95241717E+002
 9.85000000E+002, 1.00750000E+001, 4.19633542E+000, 1.00381070E+001, 4.21232638E+001, 3.95958680E+002
 9.95000000E+002, 1.00250000E+001, 4.06407557E+000, 9.95832075E+000, 4.04713681E+001, 3.96619407E+002
 1.00500000E+003, 9.97500000E+000, 3.94628317E+000, 9.86856293E+000, 3.89441438E+001, 3.97230267E+002
 1.01500000E+003, 9.92500000E+000, 3.84078526E+000, 9.77091604E+000, 3.75279903E+001, 3.97796698E+002
 1.02500000E+003, 9.87500000E+000, 3.74584756E+000, 9.66702875E+000, 3.62112161E+001, 3.98323377E+002
 1.03500000E+003, 9.82500000E+000, 3.66006076E+000, 9.55823330E+000, 3.49837146E+001, 3.98814347E+002
 1.04500000E+003, 9.77500000E+000, 3.58226231E+000, 9.44562462E+000, 3.38367051E+001, 3.99273120E+002
 1.05500000E+003, 9.72500000E+000, 3.51148083E+000, 9.33011544E+000, 3.27625215E+001, 3.99702762E+002
 1.06500000E+003, 9.67500000E+000, 3.44689563E+000, 9.21247551E+000, 3.17544415E+001, 4.00105963E+002
 1.07500000E+003, 9.62500000E+000, 3.38780652E+000, 9.09336035E+000, 3.08065455E+001, 4.00485091E+002
 1.08500000E+003, 9.57500000E+000, 3.33361095E+000, 8.97333261E+000, 2.99135999E+001, 4.00842238E+002
 1.09500000E+003, 9.52500000E+000, 3.32152786E+000, 8.81435872E+000, 2.92771381E+001, 4.04024505E+002
 1.10500000E+003, 9.47500000E+000, 3.38943821E+000, 8.57649403E+000, 2.90694965E+001, 4.06972952E+002
 1.11500000E+003, 9.42500000E+000, 4.51300766E+000, 6.70090078E+000, 3.02412166E+001, 4.23377032E+002
 1.12500000E+003, 9.37500000E+000, 5.58456565E+000, 5.20177192E+000, 2.90496368E+001, 4.06694915E+002
 1.13500000E+003, 9.32500000E+000, 5.59333032E+000, 5.19266564E+000, 2.90442942E+001, 4.06620118E+002
 1.14500000E+003, 9.27500000E+000, 5.59928859E+000, 5.18738591E+000, 2.90456707E+001, 4.06639390E+002
 1.15500000E+003, 9.22500000E+000, 5.60547103E+000, 5.18192200E+000, 2.90471136E+001, 4.06659591E+002
 1.16500000E+003, 9.17500000E+000, 5.61189346E+000, 5.17625722E+000, 2.90486040E+001, 4.06680456E+002
 1.17500000E+003, 9.12500000E+000, 5.61856284E+000, 5.17038674E+000, 2.90501428E+001, 4.06701999E+002
 1.18500000E+003, 9.07500000E+000, 5.62548611E+000, 5.16430585E+000, 2.90517308E+001, 4.06724231E+002
 1.19500000E+003, 9.02500000E+000, 5.63267024E+000, 5.15800993E+000, 2.90533690E+001, 4.06747166E+002
 1.20500000E+003, 8.97500000E+000, 5.64012216E+000, 5.15149449E+000, 2.90550583E+001, 4.06770816E+002
 1.21500000E+003, 8.92500000E+000, 5.64784881E+000, 5.14475517E+000, 2.90567993E+001, 4.06795191E+002
 1.22500000E+003, 8.87500000E+000, 5.65585706E+000, 5.13778774E+000, 2.90585931E+001, 4.06820303E+002
 1.23500000E+003, 8.82500000E+000, 5.66415375E+000, 5.13058817E+000, 2.90604402E+001, 4.06846163E+002
 1.24500000E+003, 8.77500000E+000, 5.67274564E+000, 5.12315257E+000, 2.90623414E+001, 4.06872780E+002
 1.25500000E+003, 8.72500000E+000, 5.68163942E+000, 5.11547728E+000, 2.90642974E+001, 4.06900163E+002
 1.26500000E+003, 8.67500000E+000, 5.69084166E+000, 5.10755887E+000, 2.90663088E+001, 4.06928323E+002
 1.27500000E+003, 8.62500000E+000, 5.70035882E+000, 5.09939409E+000, 2.90683761E+001, 4.06957266E+002
 1.28500000E+003, 8.57500000E+000, 5.71019723E+000, 5.09098001E+000, 2.90704999E+001, 4.06986999E+002
 1.29500000E+003, 8.52500000E+000, 5.72036307E+000, 5.08231390E+000, 2.90726807E+001, 4.07017530E+002
 1.30500000E+003, 8.47500000E+000, 5.73086235E+000, 5.07339334E+000, 2.90749189E+001, 4.07048864E+002
 1.31500000E+003, 8.42500000E+000, 5.74170090E+000, 5.06421621E+000, 2.90772148E+001, 4.07081007E+002
 1.32500000E+003, 8.37500000E+000, 5.75288435E+000, 5.05478068E+000, 2.90795687E+001, 4.07113961E+002
 1.33500000E+003, 8.32500000E+000, 5.76441812E+000, 5.04508524E+000, 2.90819808E+001, 4.07147731E+002
 1.34500000E+003, 8.27500000E+000, 5.77630742E+000, 5.03512871E+000, 2.90844514E+001, 4.07182319E+002
 1.35500000E+003, 8.22500000E+000, 5.78855721E+000, 5.02491025E+000, 2.90869805E+001, 4.07217726E+002
 1.36500000E+003, 8.17500000E+000, 5.80117218E+000, 5.01442936E+000, 2.90895681E+001, 4.07253954E+002
 1.37500000E+003, 8.12500000E+000, 5.81415679E+000, 5.00368590E+000, 2.90922143E+001, 4.07291001E+002
 1.38500000E+003, 8.07500000E+000, 5.82751521E+000, 4.99268006E+000, 2.90949190E+001, 4.07328866E+002
 1.39500000E+003, 8.02500000E+000, 5.84125134E+000, 4.98141242E+000, 2.90976820E+001, 4.07367548E+002
 1.40500000E+003, 7.97500000E+000, 5.85536877E+000, 4.96988391E+000, 2.91005031E+001, 4.07407043E+002
 1.41500000E+003, 7.92500000E+000, 5.86987081E+000, 4.95809582E+000, 2.91033819E+001, 4.07447347E+002
 1.42500000E+003, 7.87500000E+000, 5.88476045E+000, 4.94604981E+000, 2.91063183E+001, 4.07488456E+002
 1.43500000E+003, 7.82500000E+000, 5.90004038E+000, 4.93374787E+000, 2.91093117E+001, 4.07530364E+002
 1.44500000E+003, 7.77500000E+000, 5.91571299E+000, 4.92119239E+000, 2.91123617E+001, 4.07573064E+002
 1.45500000E+003, 7.72500000E+000, 5.93178032E+000, 4.90838605E+000, 2.91154678E+001, 4.07616549E+002
 1.46500000E+003, 7.67500000E+000, 5.94824414E+000, 4.89533192E+000, 2.91186294E+001, 4.07660811E+002
 1.47500000E+003, 7.62500000E+000, 5.96510585E+000, 4.88203337E+000, 2.91218458E+001, 4.07705841E+002
 1.48500000E+003, 7.57500000E+000, 5.98236658E+000, 4.86849410E+000, 2.91251164E+001, 4.07751630E+002
 1.49500000E+003, 7.52500000E+000, 6.00002712E+000, 4.85471813E+000, 2.91284404E+001, 4.07798166E+002
 1.50500000E+003, 7.47500000E+000, 6.01808797E+000, 4.84070975E+000, 2.91318171E+001, 4.07845439E+002
 1.51500000E+003, 7.42500000E+000, 6.03654930E+000, 4.82647355E+000, 2.91352455E+001, 4.07893437E+002
 1.52500000E+003, 7.37500000E+000, 6.05541100E+000, 4.81201440E+000, 2.91387249E+001, 4.07942149E+002
 1.53500000E+003, 7.32500000E+000, 6.07467266E+000, 4.79733740E+000, 2.91422543E+001, 4.07991560E+002
 1.54500000E+003, 7.27500000E+000, 6.09433358E+000, 4.78244789E+000, 2.91458328E+001, 4.08041659E+002
 1.55500000E+003, 7.22500000E+000, 6.11439278E+000, 4.76735145E+000, 2.91494593E+001, 4.08092431E+002
 1.56500000E+003, 7.17500000E+000, 6.13484903E+000, 4.75205385E+000, 2.91531329E+001, 4.08143861E+002
 1.57500000E+003, 7.12500000E+000, 6.15570080E+000, 4.73656104E+000, 2.91568526E+001, 4.08195937E+002
 1.58500000E+003, 7.07500000E+000, 6.17694635E+000, 4.72087915E+000, 2.91606172E+001, 4.08248641E+002
 1.59500000E+003, 7.02500000E+000, 6.19858366E+000, 4.70501446E+000, 2.91644258E+001, 4.08301961E+002
 1.60500000E+003, 6.97500000E+000, 6.22061052E+000, 4.68897337E+000, 2.91682771E+001, 4.08355879E+002
 1.61500000E+003, 6.92500000E+000, 6.24302447E+000, 4.67276241E+000, 2.91721701E+001, 4.08410381E+002
 1.62500000E+003, 6.87500000E+000, 6.26582286E+000, 4.65638820E+000, 2.91761036E+001, 4.08465451E+002
 1.63500000E+003, 6.82500000E+000, 6.28900283E+000, 4.63985745E+000, 2.91800766E+001, 4.08521072E+002
 1.64500000E+003, 6.77500000E+000, 6.31256134E+000, 4.62317691E+000, 2.91840878E+001, 4.08577230E+002
 1.65500000E+003, 6.72500000E+000, 6.33649518E+000, 4.60635342E+000, 2.91881362E+001, 4.08633907E+002
 1.66500000E+003, 6.67500000E+000, 6.36080098E+000, 4.58939380E+000, 2.91922206E+001, 4.08691089E+002
 1.67500000E+003, 6.62500000E+000, 6.38547522E+000, 4.57230494E+000, 2.91963399E+001, 4.08748758E+002
 1.68500000E+003, 6.57500000E+000, 6.41051422E+000, 4.55509368E+000, 2.92004928E+001, 4.08806900E+002
 1.69500000E+003, 6.52500000E+000, 6.43591420E+000, 4.53776689E+000, 2.92046784E+001, 4.08865497E+002
 1.70500000E+003, 6.47500000E+000, 6.46167125E+000, 4.52033139E+000, 2.92088954E+001, 4.08924535E+002
 1.71500000E+003, 6.42500000E+000, 6.48778136E+000, 4.50279396E+000, 2.92131427E+001, 4.08983998E+002
 1.72500000E+003, 6.37500000E+000, 6.51424042E+000, 4.48516135E+000, 2.92174194E+001, 4.09043871E+002
 1.73500000E+003, 6.32500000E+000, 6.54104423E+000, 4.46744023E+000, 2.92217241E+001, 4.09104138E+002
 1.74500000E+003, 6.27500000E+000, 6.56818852E+000, 4.44963721E+000, 2.92260560E+001, 4.09164784E+002
 1.75500000E+003, 6.22500000E+000, 6.59566895E+000, 4.43175880E+000, 2.92304139E+001, 4.09225794E+002
 1.76500000E+003, 6.17500000E+000, 6.62348114E+000, 4.41381144E+000, 2.92347968E+001, 4.09287155E+002
 1.77500000E+003, 6.12500000E+000, 6.65162063E+000, 4.39580145E+000, 2.92392036E+001, 4.09348851E+002
 1.78500000E+003, 6.07500000E+000, 6.68008296E+000, 4.37773508E+000, 2.92436335E+001, 4.09410869E+002
 1.79500000E+003, 6.02500000E+000, 6.70886359E+000, 4.35961842E+000, 2.92480853E+001, 4.09473194E+002
 1.80500000E+003, 5.97500000E+000, 6.73795801E+000, 4.34145747E+000, 2.92525582E+001, 4.09535814E+002
 1.81500000E+003, 5.92500000E+000, 6.76736165E+000, 4.32325811E+000, 2.92570511E+001, 4.09598716E+002
 1.82500000E+003, 5.87500000E+000, 6.79706995E+000, 4.30502606E+000, 2.92615632E+001, 4.09661885E+002
 1.83500000E+003, 5.82500000E+000, 6.82707833E+000, 4.28676693E+000, 2.92660936E+001, 4.09725311E+002
 1.84500000E+003, 5.77500000E+000, 6.85738224E+000, 4.26848620E+000, 2.92706414E+001, 4.09788980E+002
 1.85500000E+003, 5.72500000E+000, 6.88797711E+000, 4.25018919E+000, 2.92752058E+001, 4.09852881E+002
 1.86500000E+003, 5.67500000E+000, 6.91885839E+000, 4.23188108E+000, 2.92797859E+001, 4.09917003E+002
 1.87500000E+003, 5.62500000E+000, 6.95002157E+000, 4.21356692E+000, 2.92843810E+001, 4.09981333E+002
 1.88500000E+003, 5.57500000E+000, 6.98146212E+000, 4.19525160E+000, 2.92889901E+001, 4.10045862E+002
 1.89500000E+003, 5.52500000E+000, 7.01317558E+000, 4.17693988E+000, 2.92936127E+001, 4.10110578E+002
 1.90500000E+003, 5.47500000E+000, 7.04515749E+000, 4.15863635E+000, 2.92982480E+001, 4.10175472E+002
 1.91500000E+003, 5.42500000E+000, 7.07740343E+000, 4.14034547E+000, 2.93028952E+001, 4.10240533E+002
 1.92500000E+003, 5.37500000E+000, 7.10990903E+000, 4.12207154E+000, 2.93075537E+001, 4.10305752E+002
 1.93500000E+003, 5.32500000E+000, 7.14266996E+000, 4.10381873E+000, 2.93122228E+001, 4.10371119E+002
 1.94500000E+003, 5.27500000E+000, 7.17568191E+000, 4.08559105E+000, 2.93169018E+001, 4.10436625E+002
 1.95500000E+003, 5.22500000E+000, 7.20894064E+000, 4.06739238E+000, 2.93215902E+001, 4.10502263E+002
 1.96500000E+003, 5.17500000E+000, 7.24244194E+000, 4.04922643E+000, 2.93262873E+001, 4.10568023E+002
 1.97500000E+003, 5.12500000E+000, 7.27618167E+000, 4.03109680E+000, 2.93309926E+001, 4.10633897E+002
 1.98500000E+003, 5.07500000E+000, 7.31015572E+000, 4.01300693E+000, 2.93357056E+001, 4.10699878E+002
 1.99500000E+003, 5.02500000E+000, 7.34436004E+000, 3.99496013E+000, 2.93404255E+001, 4.10765958E+002
