   60.004000000004716      ,         100
X,ZB,H,U,T1,T2
 5.00000000E-002, 0.00000000E+000, 1.00000000E+000, 1.00000000E-001, 5.00000000E-001, 1.00000000E+000
 1.50000000E-001, 0.00000000E+000, 1.00000000E+000, 1.00000000E-001, 5.00000000E-001, 1.00000000E+000
 2.50000000E-001, 0.00000000E+000, 1.00000000E+000, 1.00000000E-001, 5.00000000E-001, 1.00000000E+000
 3.50000000E-001, 0.00000000E+000, 1.00000000E+000, 1.00000000E-001, 5.00000000E-001, 1.00000000E+000
 4.50000000E-001, 0.00000000E+000, 1.00000000E+000, 1.00000000E-001, 5.00000000E-001, 1.00000000E+000
 5.50000000E-001, 0.00000000E+000, 1.00000000E+000, 1.00000000E-001, 5.00000000E-001, 1.00000000E+000
 6.50000000E-001, 0.00000000E+000, 1.00000000E+000, 1.00000000E-001, 5.00000000E-001, 1.00000000E+000
 7.50000000E-001, 0.00000000E+000, 1.00000000E+000, 1.00000001E-001, 5.00000000E-001, 1.00000000E+000
 8.50000000E-001, 0.00000000E+000, 1.00000000E+000, 1.00000002E-001, 5.00000000E-001, 1.00000000E+000
 9.50000000E-001, 0.00000000E+000, 1.00000000E+000, 1.00000004E-001, 5.00000000E-001, 1.00000000E+000
 1.05000000E+000, 0.00000000E+000, 1.00000000E+000, 1.00000008E-001, 5.00000000E-001, 1.00000000E+000
 1.15000000E+000, 0.00000000E+000, 1.00000000E+000, 1.00000018E-001, 5.00000000E-001, 1.00000000E+000
 1.25000000E+000, 0.00000000E+000, 1.00000000E+000, 1.00000039E-001, 5.00000000E-001, 1.00000000E+000
 1.35000000E+000, 0.00000000E+000, 9.99999999E-001, 1.00000082E-001, 5.00000000E-001, 1.00000000E+000
 1.45000000E+000, 0.00000000E+000, 9.99999998E-001, 1.00000168E-001, 5.00000000E-001, 1.00000000E+000
 1.55000000E+000, 0.00000000E+000, 9.99999997E-001, 1.00000339E-001, 5.00000000E-001, 1.00000000E+000
 1.65000000E+000, 0.00000000E+000, 9.99999993E-001, 1.00000669E-001, 5.00000000E-001, 1.00000000E+000
 1.75000000E+000, 0.00000000E+000, 9.99999987E-001, 1.00001295E-001, 5.00000000E-001, 1.00000000E+000
 1.85000000E+000, 0.00000000E+000, 9.99999975E-001, 1.00002455E-001, 5.00000000E-001, 1.00000000E+000
 1.95000000E+000, 0.00000000E+000, 9.99999953E-001, 1.00004565E-001, 5.00000000E-001, 1.00000000E+000
 2.05000000E+000, 0.00000000E+000, 9.99999915E-001, 1.00008318E-001, 5.00000000E-001, 1.00000000E+000
 2.15000000E+000, 0.00000000E+000, 9.99999848E-001, 1.00014857E-001, 5.00000000E-001, 1.00000000E+000
 2.25000000E+000, 0.00000000E+000, 9.99999735E-001, 1.00026012E-001, 5.00000000E-001, 1.00000000E+000
 2.35000000E+000, 0.00000000E+000, 9.99999545E-001, 1.00044645E-001, 5.00000000E-001, 1.00000000E+000
 2.45000000E+000, 0.00000000E+000, 9.99999234E-001, 1.00075117E-001, 5.00000000E-001, 1.00000000E+000
 2.55000000E+000, 0.00000000E+000, 9.99998736E-001, 1.00123908E-001, 5.00000000E-001, 1.00000000E+000
 2.65000000E+000, 0.00000000E+000, 9.99997954E-001, 1.00200397E-001, 5.00000000E-001, 1.00000000E+000
 2.75000000E+000, 0.00000000E+000, 9.99996754E-001, 1.00317816E-001, 5.00000000E-001, 1.00000000E+000
 2.85000000E+000, 0.00000000E+000, 9.99994947E-001, 1.00494344E-001, 5.00000000E-001, 1.00000000E+000
 2.95000000E+000, 0.00000000E+000, 9.99992279E-001, 1.00754320E-001, 5.00000000E-001, 1.00000000E+000
 3.05000000E+000, 0.00000000E+000, 9.99988417E-001, 1.01129506E-001, 5.00000000E-001, 1.00000000E+000
 3.15000000E+000, 0.00000000E+000, 9.99982929E-001, 1.01660334E-001, 5.00000000E-001, 1.00000000E+000
 3.25000000E+000, 0.00000000E+000, 9.99975264E-001, 1.02397061E-001, 5.00000000E-001, 1.00000000E+000
 3.35000000E+000, 0.00000000E+000, 9.99964732E-001, 1.03400773E-001, 5.00000000E-001, 1.00000000E+000
 3.45000000E+000, 0.00000000E+000, 9.99950475E-001, 1.04744179E-001, 5.00000000E-001, 1.00000000E+000
 3.55000000E+000, 0.00000000E+000, 9.99931433E-001, 1.06512121E-001, 5.00000000E-001, 1.00000000E+000
 3.65000000E+000, 0.00000000E+000, 9.99906298E-001, 1.08801701E-001, 5.00000000E-001, 1.00000000E+000
 3.75000000E+000, 0.00000000E+000, 9.99873466E-001, 1.11721728E-001, 5.00000000E-001, 1.00000000E+000
 3.85000000E+000, 0.00000000E+000, 9.99830979E-001, 1.15390915E-001, 5.00000000E-001, 1.00000000E+000
 3.95000000E+000, 0.00000000E+000, 9.99776473E-001, 1.19933757E-001, 5.00000000E-001, 1.00000000E+000
 4.05000000E+000, 0.00000000E+000, 9.99707175E-001, 1.25472199E-001, 5.00000000E-001, 1.00000000E+000
 4.15000000E+000, 0.00000000E+000, 9.99619997E-001, 1.32110204E-001, 5.00000000E-001, 1.00000000E+000
 4.25000000E+000, 0.00000000E+000, 9.99511861E-001, 1.39907197E-001, 5.00000000E-001, 1.00000000E+000
 4.35000000E+000, 0.00000000E+000, 9.99380412E-001, 1.48836030E-001, 5.00000000E-001, 1.00000000E+000
 4.45000000E+000, 0.00000000E+000, 9.99225369E-001, 1.58723271E-001, 5.00000000E-001, 1.00000000E+000
 4.55000000E+000, 0.00000000E+000, 9.99050591E-001, 1.69177533E-001, 5.00000000E-001, 1.00000000E+000
 4.65000000E+000, 0.00000000E+000, 9.98866563E-001, 1.79528382E-001, 5.00000000E-001, 1.00000000E+000
 4.75000000E+000, 0.00000000E+000, 9.98692027E-001, 1.88821803E-001, 5.00000000E-001, 1.00000000E+000
 4.85000000E+000, 0.00000000E+000, 9.98552572E-001, 1.95930690E-001, 5.00000000E-001, 1.00000000E+000
 4.95000000E+000, 0.00000000E+000, 9.98474366E-001, 1.99806700E-001, 5.00000000E-001, 1.00000000E+000
 5.05000000E+000, 0.00000000E+000, 9.98474366E-001, 1.99806700E-001, 5.00000000E-001, 1.00000000E+000
 5.15000000E+000, 0.00000000E+000, 9.98552572E-001, 1.95930690E-001, 5.00000000E-001, 1.00000000E+000
 5.25000000E+000, 0.00000000E+000, 9.98692027E-001, 1.88821803E-001, 5.00000000E-001, 1.00000000E+000
 5.35000000E+000, 0.00000000E+000, 9.98866563E-001, 1.79528382E-001, 5.00000000E-001, 1.00000000E+000
 5.45000000E+000, 0.00000000E+000, 9.99050591E-001, 1.69177533E-001, 5.00000000E-001, 1.00000000E+000
 5.55000000E+000, 0.00000000E+000, 9.99225369E-001, 1.58723271E-001, 5.00000000E-001, 1.00000000E+000
 5.65000000E+000, 0.00000000E+000, 9.99380412E-001, 1.48836030E-001, 5.00000000E-001, 1.00000000E+000
 5.75000000E+000, 0.00000000E+000, 9.99511861E-001, 1.39907197E-001, 5.00000000E-001, 1.00000000E+000
 5.85000000E+000, 0.00000000E+000, 9.99619997E-001, 1.32110204E-001, 5.00000000E-001, 1.00000000E+000
 5.95000000E+000, 0.00000000E+000, 9.99707175E-001, 1.25472199E-001, 5.00000000E-001, 1.00000000E+000
 6.05000000E+000, 0.00000000E+000, 9.99776473E-001, 1.19933757E-001, 5.00000000E-001, 1.00000000E+000
 6.15000000E+000, 0.00000000E+000, 9.99830979E-001, 1.15390915E-001, 5.00000000E-001, 1.00000000E+000
 6.25000000E+000, 0.00000000E+000, 9.99873466E-001, 1.11721728E-001, 5.00000000E-001, 1.00000000E+000
 6.35000000E+000, 0.00000000E+000, 9.99906298E-001, 1.08801701E-001, 5.00000000E-001, 1.00000000E+000
 6.45000000E+000, 0.00000000E+000, 9.99931433E-001, 1.06512121E-001, 5.00000000E-001, 1.00000000E+000
 6.55000000E+000, 0.00000000E+000, 9.99950475E-001, 1.04744179E-001, 5.00000000E-001, 1.00000000E+000
 6.65000000E+000, 0.00000000E+000, 9.99964732E-001, 1.03400773E-001, 5.00000000E-001, 1.00000000E+000
 6.75000000E+000, 0.00000000E+000, 9.99975264E-001, 1.02397061E-001, 5.00000000E-001, 1.00000000E+000
 6.85000000E+000, 0.00000000E+000, 9.99982929E-001, 1.01660334E-001, 5.00000000E-001, 1.00000000E+000
 6.95000000E+000, 0.00000000E+000, 9.99988417E-001, 1.01129506E-001, 5.00000000E-001, 1.00000000E+000
 7.05000000E+000, 0.00000000E+000, 9.99992279E-001, 1.00754320E-001, 5.00000001E-001, 1.00000000E+000
 7.15000000E+000, 0.00000000E+000, 9.99994947E-001, 1.00494344E-001, 5.00000001E-001, 1.00000000E+000
 7.25000000E+000, 0.00000000E+000, 9.99996754E-001, 1.00317816E-001, 5.00000002E-001, 1.00000000E+000
 7.35000000E+000, 0.00000000E+000, 9.99997954E-001, 1.00200397E-001, 5.00000003E-001, 1.00000001E+000
 7.45000000E+000, 0.00000000E+000, 9.99998736E-001, 1.00123908E-001, 5.00000006E-001, 1.00000001E+000
 7.55000000E+000, 0.00000000E+000, 9.99999234E-001, 1.00075117E-001, 5.00000009E-001, 1.00000002E+000
 7.65000000E+000, 0.00000000E+000, 9.99999545E-001, 1.00044645E-001, 5.00000014E-001, 1.00000003E+000
 7.75000000E+000, 0.00000000E+000, 9.99999735E-001, 1.00026012E-001, 5.00000023E-001, 1.00000005E+000
 7.85000000E+000, 0.00000000E+000, 9.99999848E-001, 1.00014857E-001, 5.00000036E-001, 1.00000007E+000
 7.95000000E+000, 0.00000000E+000, 9.99999915E-001, 1.00008318E-001, 5.00000056E-001, 1.00000011E+000
 8.05000000E+000, 0.00000000E+000, 9.99999953E-001, 1.00004565E-001, 5.00000086E-001, 1.00000017E+000
 8.15000000E+000, 0.00000000E+000, 9.99999975E-001, 1.00002455E-001, 5.00000131E-001, 1.00000026E+000
 8.25000000E+000, 0.00000000E+000, 9.99999987E-001, 1.00001295E-001, 5.00000197E-001, 1.00000039E+000
 8.35000000E+000, 0.00000000E+000, 9.99999993E-001, 1.00000669E-001, 5.00000295E-001, 1.00000059E+000
 8.45000000E+000, 0.00000000E+000, 9.99999997E-001, 1.00000339E-001, 5.00000437E-001, 1.00000087E+000
 8.55000000E+000, 0.00000000E+000, 9.99999998E-001, 1.00000168E-001, 5.00000643E-001, 1.00000129E+000
 8.65000000E+000, 0.00000000E+000, 9.99999999E-001, 1.00000082E-001, 5.00000937E-001, 1.00000187E+000
 8.75000000E+000, 0.00000000E+000, 1.00000000E+000, 1.00000039E-001, 5.00001354E-001, 1.00000271E+000
 8.85000000E+000, 0.00000000E+000, 1.00000000E+000, 1.00000018E-001, 5.00001938E-001, 1.00000388E+000
 8.95000000E+000, 0.00000000E+000, 1.00000000E+000, 1.00000008E-001, 5.00002750E-001, 1.00000550E+000
 9.05000000E+000, 0.00000000E+000, 1.00000000E+000, 1.00000004E-001, 5.00003865E-001, 1.00000773E+000
 9.15000000E+000, 0.00000000E+000, 1.00000000E+000, 1.00000002E-001, 5.00005376E-001, 1.00001075E+000
 9.25000000E+000, 0.00000000E+000, 1.00000000E+000, 1.00000001E-001, 5.00007398E-001, 1.00001480E+000
 9.35000000E+000, 0.00000000E+000, 1.00000000E+000, 1.00000000E-001, 5.00010067E-001, 1.00002013E+000
 9.45000000E+000, 0.00000000E+000, 1.00000000E+000, 1.00000000E-001, 5.00013536E-001, 1.00002707E+000
 9.55000000E+000, 0.00000000E+000, 1.00000000E+000, 1.00000000E-001, 5.00017977E-001, 1.00003595E+000
 9.65000000E+000, 0.00000000E+000, 1.00000000E+000, 1.00000000E-001, 5.00023569E-001, 1.00004714E+000
 9.75000000E+000, 0.00000000E+000, 1.00000000E+000, 1.00000000E-001, 5.00030492E-001, 1.00006098E+000
 9.85000000E+000, 0.00000000E+000, 1.00000000E+000, 1.00000000E-001, 5.00038910E-001, 1.00007782E+000
 9.95000000E+000, 0.00000000E+000, 1.00000000E+000, 1.00000000E-001, 5.00048959E-001, 1.00009792E+000
