   10.002224445610283      ,         500
X,ZB,H,U,ZF,QS
 1.00000000E-002, 1.00000788E-001, 3.99882100E-001, 5.00141586E-001,-1.00000000E-001, 1.25107403E-003
 3.00000000E-002, 1.00002572E-001, 3.99881758E-001, 5.00124802E-001,-1.00000000E-001, 1.25094679E-003
 5.00000000E-002, 1.00003144E-001, 3.99882964E-001, 5.00104980E-001,-1.00000000E-001, 1.25079674E-003
 7.00000000E-002, 1.00002365E-001, 3.99885539E-001, 5.00083494E-001,-1.00000000E-001, 1.25063423E-003
 9.00000000E-002, 1.00000372E-001, 3.99889284E-001, 5.00060690E-001,-1.00000000E-001, 1.25046185E-003
 1.10000000E-001, 9.99982394E-002, 3.99893074E-001, 5.00037916E-001,-1.00000000E-001, 1.25028973E-003
 1.30000000E-001, 9.99966446E-002, 3.99896189E-001, 5.00016124E-001,-1.00000000E-001, 1.25012502E-003
 1.50000000E-001, 9.99956858E-002, 3.99898512E-001, 4.99995531E-001,-1.00000000E-001, 1.24996932E-003
 1.70000000E-001, 9.99951937E-002, 3.99900218E-001, 4.99975955E-001,-1.00000000E-001, 1.24982128E-003
 1.90000000E-001, 9.99949732E-002, 3.99901512E-001, 4.99957142E-001,-1.00000000E-001, 1.24967899E-003
 2.10000000E-001, 9.99948886E-002, 3.99902541E-001, 4.99938902E-001,-1.00000000E-001, 1.24954101E-003
 2.30000000E-001, 9.99948644E-002, 3.99903388E-001, 4.99921118E-001,-1.00000000E-001, 1.24940649E-003
 2.50000000E-001, 9.99948642E-002, 3.99904095E-001, 4.99903729E-001,-1.00000000E-001, 1.24927495E-003
 2.70000000E-001, 9.99948721E-002, 3.99904682E-001, 4.99886703E-001,-1.00000000E-001, 1.24914617E-003
 2.90000000E-001, 9.99948816E-002, 3.99905158E-001, 4.99870022E-001,-1.00000000E-001, 1.24902000E-003
 3.10000000E-001, 9.99948903E-002, 3.99905528E-001, 4.99853674E-001,-1.00000000E-001, 1.24889637E-003
 3.30000000E-001, 9.99948975E-002, 3.99905795E-001, 4.99837650E-001,-1.00000000E-001, 1.24877519E-003
 3.50000000E-001, 9.99949029E-002, 3.99905962E-001, 4.99821939E-001,-1.00000000E-001, 1.24865640E-003
 3.70000000E-001, 9.99949065E-002, 3.99906032E-001, 4.99806535E-001,-1.00000000E-001, 1.24853994E-003
 3.90000000E-001, 9.99949084E-002, 3.99906008E-001, 4.99791428E-001,-1.00000000E-001, 1.24842575E-003
 4.10000000E-001, 9.99949085E-002, 3.99905891E-001, 4.99776609E-001,-1.00000000E-001, 1.24831375E-003
 4.30000000E-001, 9.99949071E-002, 3.99905685E-001, 4.99762071E-001,-1.00000000E-001, 1.24820388E-003
 4.50000000E-001, 9.99949041E-002, 3.99905393E-001, 4.99747803E-001,-1.00000000E-001, 1.24809609E-003
 4.70000000E-001, 9.99948997E-002, 3.99905017E-001, 4.99733799E-001,-1.00000000E-001, 1.24799030E-003
 4.90000000E-001, 9.99948939E-002, 3.99904560E-001, 4.99720049E-001,-1.00000000E-001, 1.24788645E-003
 5.10000000E-001, 9.99948869E-002, 3.99904025E-001, 4.99706545E-001,-1.00000000E-001, 1.24778449E-003
 5.30000000E-001, 9.99948786E-002, 3.99903415E-001, 4.99693280E-001,-1.00000000E-001, 1.24768435E-003
 5.50000000E-001, 9.99948693E-002, 3.99902733E-001, 4.99680246E-001,-1.00000000E-001, 1.24758597E-003
 5.70000000E-001, 9.99948588E-002, 3.99901982E-001, 4.99667435E-001,-1.00000000E-001, 1.24748931E-003
 5.90000000E-001, 9.99948474E-002, 3.99901163E-001, 4.99654839E-001,-1.00000000E-001, 1.24739430E-003
 6.10000000E-001, 9.99948352E-002, 3.99900282E-001, 4.99642454E-001,-1.00000000E-001, 1.24730089E-003
 6.30000000E-001, 9.99948220E-002, 3.99899339E-001, 4.99630270E-001,-1.00000000E-001, 1.24720904E-003
 6.50000000E-001, 9.99948081E-002, 3.99898339E-001, 4.99618283E-001,-1.00000000E-001, 1.24711869E-003
 6.70000000E-001, 9.99947936E-002, 3.99897284E-001, 4.99606487E-001,-1.00000000E-001, 1.24702981E-003
 6.90000000E-001, 9.99947786E-002, 3.99896176E-001, 4.99594876E-001,-1.00000000E-001, 1.24694235E-003
 7.10000000E-001, 9.99947630E-002, 3.99895018E-001, 4.99583446E-001,-1.00000000E-001, 1.24685628E-003
 7.30000000E-001, 9.99947469E-002, 3.99893814E-001, 4.99572190E-001,-1.00000000E-001, 1.24677155E-003
 7.50000000E-001, 9.99947303E-002, 3.99892566E-001, 4.99561106E-001,-1.00000000E-001, 1.24668815E-003
 7.70000000E-001, 9.99947131E-002, 3.99891277E-001, 4.99550188E-001,-1.00000000E-001, 1.24660602E-003
 7.90000000E-001, 9.99946957E-002, 3.99889949E-001, 4.99539435E-001,-1.00000000E-001, 1.24652516E-003
 8.10000000E-001, 9.99946780E-002, 3.99888585E-001, 4.99528841E-001,-1.00000000E-001, 1.24644553E-003
 8.30000000E-001, 9.99946600E-002, 3.99887188E-001, 4.99518406E-001,-1.00000000E-001, 1.24636711E-003
 8.50000000E-001, 9.99946419E-002, 3.99885760E-001, 4.99508126E-001,-1.00000000E-001, 1.24628990E-003
 8.70000000E-001, 9.99946237E-002, 3.99884303E-001, 4.99497999E-001,-1.00000000E-001, 1.24621386E-003
 8.90000000E-001, 9.99946053E-002, 3.99882821E-001, 4.99488024E-001,-1.00000000E-001, 1.24613900E-003
 9.10000000E-001, 9.99945869E-002, 3.99881315E-001, 4.99478200E-001,-1.00000000E-001, 1.24606529E-003
 9.30000000E-001, 9.99945687E-002, 3.99879788E-001, 4.99468525E-001,-1.00000000E-001, 1.24599274E-003
 9.50000000E-001, 9.99945503E-002, 3.99878242E-001, 4.99459000E-001,-1.00000000E-001, 1.24592133E-003
 9.70000000E-001, 9.99945320E-002, 3.99876680E-001, 4.99449623E-001,-1.00000000E-001, 1.24585107E-003
 9.90000000E-001, 9.99945139E-002, 3.99875104E-001, 4.99440395E-001,-1.00000000E-001, 1.24578195E-003
 1.01000000E+000, 9.99944960E-002, 3.99873516E-001, 4.99431317E-001,-1.00000000E-001, 1.24571398E-003
 1.03000000E+000, 9.99944783E-002, 3.99871918E-001, 4.99422388E-001,-1.00000000E-001, 1.24564717E-003
 1.05000000E+000, 9.99944607E-002, 3.99870313E-001, 4.99413611E-001,-1.00000000E-001, 1.24558151E-003
 1.07000000E+000, 9.99944435E-002, 3.99868703E-001, 4.99404986E-001,-1.00000000E-001, 1.24551703E-003
 1.09000000E+000, 9.99944267E-002, 3.99867089E-001, 4.99396515E-001,-1.00000000E-001, 1.24545372E-003
 1.11000000E+000, 9.99944105E-002, 3.99865473E-001, 4.99388199E-001,-1.00000000E-001, 1.24539161E-003
 1.13000000E+000, 9.99943948E-002, 3.99863859E-001, 4.99380041E-001,-1.00000000E-001, 1.24533070E-003
 1.15000000E+000, 9.99943795E-002, 3.99862247E-001, 4.99372042E-001,-1.00000000E-001, 1.24527102E-003
 1.17000000E+000, 9.99943648E-002, 3.99860639E-001, 4.99364205E-001,-1.00000000E-001, 1.24521257E-003
 1.19000000E+000, 9.99943509E-002, 3.99859038E-001, 4.99356533E-001,-1.00000000E-001, 1.24515538E-003
 1.21000000E+000, 9.99943378E-002, 3.99857445E-001, 4.99349028E-001,-1.00000000E-001, 1.24509947E-003
 1.23000000E+000, 9.99943257E-002, 3.99855861E-001, 4.99341693E-001,-1.00000000E-001, 1.24504485E-003
 1.25000000E+000, 9.99943146E-002, 3.99854290E-001, 4.99334531E-001,-1.00000000E-001, 1.24499156E-003
 1.27000000E+000, 9.99943045E-002, 3.99852731E-001, 4.99327545E-001,-1.00000000E-001, 1.24493960E-003
 1.29000000E+000, 9.99942956E-002, 3.99851187E-001, 4.99320738E-001,-1.00000000E-001, 1.24488901E-003
 1.31000000E+000, 9.99942884E-002, 3.99849660E-001, 4.99314113E-001,-1.00000000E-001, 1.24483981E-003
 1.33000000E+000, 9.99942827E-002, 3.99848150E-001, 4.99307675E-001,-1.00000000E-001, 1.24479202E-003
 1.35000000E+000, 9.99942788E-002, 3.99846659E-001, 4.99301425E-001,-1.00000000E-001, 1.24474567E-003
 1.37000000E+000, 9.99942771E-002, 3.99845189E-001, 4.99295369E-001,-1.00000000E-001, 1.24470079E-003
 1.39000000E+000, 9.99942778E-002, 3.99843741E-001, 4.99289509E-001,-1.00000000E-001, 1.24465740E-003
 1.41000000E+000, 9.99942810E-002, 3.99842315E-001, 4.99283849E-001,-1.00000000E-001, 1.24461552E-003
 1.43000000E+000, 9.99942874E-002, 3.99840913E-001, 4.99278393E-001,-1.00000000E-001, 1.24457519E-003
 1.45000000E+000, 9.99942973E-002, 3.99839536E-001, 4.99273145E-001,-1.00000000E-001, 1.24453643E-003
 1.47000000E+000, 9.99943109E-002, 3.99838185E-001, 4.99268107E-001,-1.00000000E-001, 1.24449927E-003
 1.49000000E+000, 9.99943290E-002, 3.99836860E-001, 4.99263284E-001,-1.00000000E-001, 1.24446373E-003
 1.51000000E+000, 9.99943520E-002, 3.99835563E-001, 4.99258680E-001,-1.00000000E-001, 1.24442985E-003
 1.53000000E+000, 9.99943805E-002, 3.99834294E-001, 4.99254298E-001,-1.00000000E-001, 1.24439765E-003
 1.55000000E+000, 9.99944154E-002, 3.99833053E-001, 4.99250143E-001,-1.00000000E-001, 1.24436715E-003
 1.57000000E+000, 9.99944574E-002, 3.99831840E-001, 4.99246217E-001,-1.00000000E-001, 1.24433839E-003
 1.59000000E+000, 9.99945075E-002, 3.99830656E-001, 4.99242525E-001,-1.00000000E-001, 1.24431140E-003
 1.61000000E+000, 9.99945668E-002, 3.99829501E-001, 4.99239071E-001,-1.00000000E-001, 1.24428619E-003
 1.63000000E+000, 9.99946363E-002, 3.99828374E-001, 4.99235859E-001,-1.00000000E-001, 1.24426281E-003
 1.65000000E+000, 9.99947176E-002, 3.99827274E-001, 4.99232892E-001,-1.00000000E-001, 1.24424128E-003
 1.67000000E+000, 9.99948122E-002, 3.99826202E-001, 4.99230176E-001,-1.00000000E-001, 1.24422163E-003
 1.69000000E+000, 9.99949218E-002, 3.99825156E-001, 4.99227713E-001,-1.00000000E-001, 1.24420390E-003
 1.71000000E+000, 9.99950482E-002, 3.99824135E-001, 4.99225509E-001,-1.00000000E-001, 1.24418810E-003
 1.73000000E+000, 9.99951934E-002, 3.99823138E-001, 4.99223567E-001,-1.00000000E-001, 1.24417428E-003
 1.75000000E+000, 9.99953602E-002, 3.99822162E-001, 4.99221892E-001,-1.00000000E-001, 1.24416246E-003
 1.77000000E+000, 9.99955511E-002, 3.99821206E-001, 4.99220490E-001,-1.00000000E-001, 1.24415270E-003
 1.79000000E+000, 9.99957691E-002, 3.99820266E-001, 4.99219365E-001,-1.00000000E-001, 1.24414501E-003
 1.81000000E+000, 9.99960179E-002, 3.99819340E-001, 4.99218523E-001,-1.00000000E-001, 1.24413944E-003
 1.83000000E+000, 9.99963010E-002, 3.99818424E-001, 4.99217969E-001,-1.00000000E-001, 1.24413603E-003
 1.85000000E+000, 9.99966226E-002, 3.99817515E-001, 4.99217708E-001,-1.00000000E-001, 1.24413483E-003
 1.87000000E+000, 9.99969876E-002, 3.99816607E-001, 4.99217749E-001,-1.00000000E-001, 1.24413588E-003
 1.89000000E+000, 9.99974012E-002, 3.99815696E-001, 4.99218097E-001,-1.00000000E-001, 1.24413924E-003
 1.91000000E+000, 9.99978692E-002, 3.99814775E-001, 4.99218760E-001,-1.00000000E-001, 1.24414495E-003
 1.93000000E+000, 9.99983985E-002, 3.99813837E-001, 4.99219746E-001,-1.00000000E-001, 1.24415309E-003
 1.95000000E+000, 9.99989961E-002, 3.99812876E-001, 4.99221065E-001,-1.00000000E-001, 1.24416371E-003
 1.97000000E+000, 9.99996702E-002, 3.99811883E-001, 4.99222726E-001,-1.00000000E-001, 1.24417689E-003
 1.99000000E+000, 1.00000430E-001, 3.99810847E-001, 4.99224740E-001,-1.00000000E-001, 1.24419271E-003
 2.01000000E+000, 1.00001285E-001, 3.99809760E-001, 4.99227118E-001,-1.00000000E-001, 1.24421126E-003
 2.03000000E+000, 1.00002246E-001, 3.99808608E-001, 4.99229874E-001,-1.00000000E-001, 1.24423263E-003
 2.05000000E+000, 1.00003326E-001, 3.99807380E-001, 4.99233021E-001,-1.00000000E-001, 1.24425692E-003
 2.07000000E+000, 1.00004539E-001, 3.99806060E-001, 4.99236576E-001,-1.00000000E-001, 1.24428426E-003
 2.09000000E+000, 1.00005898E-001, 3.99804632E-001, 4.99240556E-001,-1.00000000E-001, 1.24431477E-003
 2.11000000E+000, 1.00007421E-001, 3.99803080E-001, 4.99244979E-001,-1.00000000E-001, 1.24434860E-003
 2.13000000E+000, 1.00009126E-001, 3.99801382E-001, 4.99249867E-001,-1.00000000E-001, 1.24438590E-003
 2.15000000E+000, 1.00011032E-001, 3.99799519E-001, 4.99255243E-001,-1.00000000E-001, 1.24442684E-003
 2.17000000E+000, 1.00013161E-001, 3.99797466E-001, 4.99261132E-001,-1.00000000E-001, 1.24447162E-003
 2.19000000E+000, 1.00015539E-001, 3.99795197E-001, 4.99267564E-001,-1.00000000E-001, 1.24452044E-003
 2.21000000E+000, 1.00018190E-001, 3.99792683E-001, 4.99274568E-001,-1.00000000E-001, 1.24457355E-003
 2.23000000E+000, 1.00021145E-001, 3.99789893E-001, 4.99282179E-001,-1.00000000E-001, 1.24463119E-003
 2.25000000E+000, 1.00024436E-001, 3.99786793E-001, 4.99290436E-001,-1.00000000E-001, 1.24469364E-003
 2.27000000E+000, 1.00028096E-001, 3.99783345E-001, 4.99299378E-001,-1.00000000E-001, 1.24476122E-003
 2.29000000E+000, 1.00032164E-001, 3.99779507E-001, 4.99309052E-001,-1.00000000E-001, 1.24483426E-003
 2.31000000E+000, 1.00036682E-001, 3.99775236E-001, 4.99319506E-001,-1.00000000E-001, 1.24491314E-003
 2.33000000E+000, 1.00041695E-001, 3.99770482E-001, 4.99330797E-001,-1.00000000E-001, 1.24499826E-003
 2.35000000E+000, 1.00047252E-001, 3.99765192E-001, 4.99342982E-001,-1.00000000E-001, 1.24509007E-003
 2.37000000E+000, 1.00053408E-001, 3.99759307E-001, 4.99356128E-001,-1.00000000E-001, 1.24518905E-003
 2.39000000E+000, 1.00060222E-001, 3.99752764E-001, 4.99370305E-001,-1.00000000E-001, 1.24529575E-003
 2.41000000E+000, 1.00067756E-001, 3.99745495E-001, 4.99385591E-001,-1.00000000E-001, 1.24541074E-003
 2.43000000E+000, 1.00076080E-001, 3.99737426E-001, 4.99402071E-001,-1.00000000E-001, 1.24553465E-003
 2.45000000E+000, 1.00085268E-001, 3.99728476E-001, 4.99419835E-001,-1.00000000E-001, 1.24566817E-003
 2.47000000E+000, 1.00095403E-001, 3.99718557E-001, 4.99438985E-001,-1.00000000E-001, 1.24581205E-003
 2.49000000E+000, 1.00106571E-001, 3.99707576E-001, 4.99459628E-001,-1.00000000E-001, 1.24596711E-003
 2.51000000E+000, 1.00118868E-001, 3.99695430E-001, 4.99481881E-001,-1.00000000E-001, 1.24613421E-003
 2.53000000E+000, 1.00132395E-001, 3.99682009E-001, 4.99505872E-001,-1.00000000E-001, 1.24631433E-003
 2.55000000E+000, 1.00147264E-001, 3.99667196E-001, 4.99531738E-001,-1.00000000E-001, 1.24650848E-003
 2.57000000E+000, 1.00163592E-001, 3.99650863E-001, 4.99559628E-001,-1.00000000E-001, 1.24671779E-003
 2.59000000E+000, 1.00181508E-001, 3.99632872E-001, 4.99589700E-001,-1.00000000E-001, 1.24694346E-003
 2.61000000E+000, 1.00201149E-001, 3.99613077E-001, 4.99622128E-001,-1.00000000E-001, 1.24718678E-003
 2.63000000E+000, 1.00222662E-001, 3.99591320E-001, 4.99657097E-001,-1.00000000E-001, 1.24744914E-003
 2.65000000E+000, 1.00246205E-001, 3.99567431E-001, 4.99694806E-001,-1.00000000E-001, 1.24773206E-003
 2.67000000E+000, 1.00271947E-001, 3.99541230E-001, 4.99735469E-001,-1.00000000E-001, 1.24803713E-003
 2.69000000E+000, 1.00300068E-001, 3.99512523E-001, 4.99779315E-001,-1.00000000E-001, 1.24836609E-003
 2.71000000E+000, 1.00330762E-001, 3.99481103E-001, 4.99826589E-001,-1.00000000E-001, 1.24872078E-003
 2.73000000E+000, 1.00364234E-001, 3.99446752E-001, 4.99877553E-001,-1.00000000E-001, 1.24910319E-003
 2.75000000E+000, 1.00400702E-001, 3.99409233E-001, 4.99932486E-001,-1.00000000E-001, 1.24951542E-003
 2.77000000E+000, 1.00440400E-001, 3.99368299E-001, 4.99991687E-001,-1.00000000E-001, 1.24995974E-003
 2.79000000E+000, 1.00483576E-001, 3.99323683E-001, 5.00055474E-001,-1.00000000E-001, 1.25043856E-003
 2.81000000E+000, 1.00530492E-001, 3.99275106E-001, 5.00124185E-001,-1.00000000E-001, 1.25095442E-003
 2.83000000E+000, 1.00581425E-001, 3.99222270E-001, 5.00198177E-001,-1.00000000E-001, 1.25151006E-003
 2.85000000E+000, 1.00636671E-001, 3.99164859E-001, 5.00277832E-001,-1.00000000E-001, 1.25210837E-003
 2.87000000E+000, 1.00696540E-001, 3.99102543E-001, 5.00363553E-001,-1.00000000E-001, 1.25275242E-003
 2.89000000E+000, 1.00761360E-001, 3.99034969E-001, 5.00455765E-001,-1.00000000E-001, 1.25344545E-003
 2.91000000E+000, 1.00831476E-001, 3.98961769E-001, 5.00554920E-001,-1.00000000E-001, 1.25419091E-003
 2.93000000E+000, 1.00907252E-001, 3.98882554E-001, 5.00661492E-001,-1.00000000E-001, 1.25499243E-003
 2.95000000E+000, 1.00989070E-001, 3.98796916E-001, 5.00775981E-001,-1.00000000E-001, 1.25585385E-003
 2.97000000E+000, 1.01077329E-001, 3.98704426E-001, 5.00898915E-001,-1.00000000E-001, 1.25677921E-003
 2.99000000E+000, 1.01172449E-001, 3.98604637E-001, 5.01030846E-001,-1.00000000E-001, 1.25777277E-003
 3.01000000E+000, 1.01274866E-001, 3.98497081E-001, 5.01172354E-001,-1.00000000E-001, 1.25883901E-003
 3.03000000E+000, 1.01385040E-001, 3.98381267E-001, 5.01324047E-001,-1.00000000E-001, 1.25998264E-003
 3.05000000E+000, 1.01503445E-001, 3.98256686E-001, 5.01486561E-001,-1.00000000E-001, 1.26120860E-003
 3.07000000E+000, 1.01630577E-001, 3.98122809E-001, 5.01660560E-001,-1.00000000E-001, 1.26252205E-003
 3.09000000E+000, 1.01766949E-001, 3.97979085E-001, 5.01846735E-001,-1.00000000E-001, 1.26392840E-003
 3.11000000E+000, 1.01913095E-001, 3.97824944E-001, 5.02045808E-001,-1.00000000E-001, 1.26543332E-003
 3.13000000E+000, 1.02069565E-001, 3.97659795E-001, 5.02258528E-001,-1.00000000E-001, 1.26704270E-003
 3.15000000E+000, 1.02236928E-001, 3.97483028E-001, 5.02485673E-001,-1.00000000E-001, 1.26876271E-003
 3.17000000E+000, 1.02415770E-001, 3.97294016E-001, 5.02728049E-001,-1.00000000E-001, 1.27059976E-003
 3.19000000E+000, 1.02606692E-001, 3.97092112E-001, 5.02986491E-001,-1.00000000E-001, 1.27256051E-003
 3.21000000E+000, 1.02810314E-001, 3.96876653E-001, 5.03261860E-001,-1.00000000E-001, 1.27465189E-003
 3.23000000E+000, 1.03027267E-001, 3.96646960E-001, 5.03555044E-001,-1.00000000E-001, 1.27688108E-003
 3.25000000E+000, 1.03258197E-001, 3.96402339E-001, 5.03866959E-001,-1.00000000E-001, 1.27925553E-003
 3.27000000E+000, 1.03503762E-001, 3.96142081E-001, 5.04198545E-001,-1.00000000E-001, 1.28178294E-003
 3.29000000E+000, 1.03764630E-001, 3.95865468E-001, 5.04550765E-001,-1.00000000E-001, 1.28447126E-003
 3.31000000E+000, 1.04041479E-001, 3.95571769E-001, 5.04924609E-001,-1.00000000E-001, 1.28732873E-003
 3.33000000E+000, 1.04334994E-001, 3.95260245E-001, 5.05321083E-001,-1.00000000E-001, 1.29036379E-003
 3.35000000E+000, 1.04645865E-001, 3.94930152E-001, 5.05741219E-001,-1.00000000E-001, 1.29358518E-003
 3.37000000E+000, 1.04974784E-001, 3.94580739E-001, 5.06186063E-001,-1.00000000E-001, 1.29700185E-003
 3.39000000E+000, 1.05322448E-001, 3.94211255E-001, 5.06656681E-001,-1.00000000E-001, 1.30062302E-003
 3.41000000E+000, 1.05689548E-001, 3.93820948E-001, 5.07154150E-001,-1.00000000E-001, 1.30445812E-003
 3.43000000E+000, 1.06076773E-001, 3.93409069E-001, 5.07679562E-001,-1.00000000E-001, 1.30851681E-003
 3.45000000E+000, 1.06484805E-001, 3.92974877E-001, 5.08234018E-001,-1.00000000E-001, 1.31280898E-003
 3.47000000E+000, 1.06914318E-001, 3.92517638E-001, 5.08818626E-001,-1.00000000E-001, 1.31734472E-003
 3.49000000E+000, 1.07365970E-001, 3.92036628E-001, 5.09434499E-001,-1.00000000E-001, 1.32213432E-003
 3.51000000E+000, 1.07840408E-001, 3.91531142E-001, 5.10082752E-001,-1.00000000E-001, 1.32718825E-003
 3.53000000E+000, 1.08338256E-001, 3.91000490E-001, 5.10764496E-001,-1.00000000E-001, 1.33251718E-003
 3.55000000E+000, 1.08860118E-001, 3.90444006E-001, 5.11480841E-001,-1.00000000E-001, 1.33813191E-003
 3.57000000E+000, 1.09406573E-001, 3.89861048E-001, 5.12232885E-001,-1.00000000E-001, 1.34404341E-003
 3.59000000E+000, 1.09978171E-001, 3.89251002E-001, 5.13021716E-001,-1.00000000E-001, 1.35026276E-003
 3.61000000E+000, 1.10575428E-001, 3.88613288E-001, 5.13848406E-001,-1.00000000E-001, 1.35680117E-003
 3.63000000E+000, 1.11198827E-001, 3.87947362E-001, 5.14714009E-001,-1.00000000E-001, 1.36366992E-003
 3.65000000E+000, 1.11848810E-001, 3.87252719E-001, 5.15619551E-001,-1.00000000E-001, 1.37088038E-003
 3.67000000E+000, 1.12525777E-001, 3.86528898E-001, 5.16566035E-001,-1.00000000E-001, 1.37844398E-003
 3.69000000E+000, 1.13230081E-001, 3.85775482E-001, 5.17554430E-001,-1.00000000E-001, 1.38637214E-003
 3.71000000E+000, 1.13962028E-001, 3.84992109E-001, 5.18585669E-001,-1.00000000E-001, 1.39467631E-003
 3.73000000E+000, 1.14721869E-001, 3.84178468E-001, 5.19660643E-001,-1.00000000E-001, 1.40336791E-003
 3.75000000E+000, 1.15509802E-001, 3.83334305E-001, 5.20780200E-001,-1.00000000E-001, 1.41245830E-003
 3.77000000E+000, 1.16325963E-001, 3.82459426E-001, 5.21945136E-001,-1.00000000E-001, 1.42195874E-003
 3.79000000E+000, 1.17170431E-001, 3.81553703E-001, 5.23156195E-001,-1.00000000E-001, 1.43188041E-003
 3.81000000E+000, 1.18043219E-001, 3.80617070E-001, 5.24414061E-001,-1.00000000E-001, 1.44223430E-003
 3.83000000E+000, 1.18944273E-001, 3.79649531E-001, 5.25719354E-001,-1.00000000E-001, 1.45303125E-003
 3.85000000E+000, 1.19873473E-001, 3.78651163E-001, 5.27072628E-001,-1.00000000E-001, 1.46428184E-003
 3.87000000E+000, 1.20830629E-001, 3.77622111E-001, 5.28474363E-001,-1.00000000E-001, 1.47599640E-003
 3.89000000E+000, 1.21815480E-001, 3.76562598E-001, 5.29924965E-001,-1.00000000E-001, 1.48818498E-003
 3.91000000E+000, 1.22827693E-001, 3.75472920E-001, 5.31424757E-001,-1.00000000E-001, 1.50085726E-003
 3.93000000E+000, 1.23866860E-001, 3.74353452E-001, 5.32973979E-001,-1.00000000E-001, 1.51402253E-003
 3.95000000E+000, 1.24932504E-001, 3.73204643E-001, 5.34572784E-001,-1.00000000E-001, 1.52768965E-003
 3.97000000E+000, 1.26024072E-001, 3.72027023E-001, 5.36221230E-001,-1.00000000E-001, 1.54186700E-003
 3.99000000E+000, 1.27140940E-001, 3.70821194E-001, 5.37919282E-001,-1.00000000E-001, 1.55656244E-003
 4.01000000E+000, 1.28282411E-001, 3.69587839E-001, 5.39666807E-001,-1.00000000E-001, 1.57178324E-003
 4.03000000E+000, 1.29447719E-001, 3.68327713E-001, 5.41463570E-001,-1.00000000E-001, 1.58753604E-003
 4.05000000E+000, 1.30636029E-001, 3.67041647E-001, 5.43309234E-001,-1.00000000E-001, 1.60382682E-003
 4.07000000E+000, 1.31846441E-001, 3.65730542E-001, 5.45203357E-001,-1.00000000E-001, 1.62066082E-003
 4.09000000E+000, 1.33077988E-001, 3.64395370E-001, 5.47145388E-001,-1.00000000E-001, 1.63804251E-003
 4.11000000E+000, 1.34329644E-001, 3.63037167E-001, 5.49134670E-001,-1.00000000E-001, 1.65597553E-003
 4.13000000E+000, 1.35600326E-001, 3.61657037E-001, 5.51170437E-001,-1.00000000E-001, 1.67446265E-003
 4.15000000E+000, 1.36888897E-001, 3.60256139E-001, 5.53251814E-001,-1.00000000E-001, 1.69350571E-003
 4.17000000E+000, 1.38194167E-001, 3.58835693E-001, 5.55377817E-001,-1.00000000E-001, 1.71310557E-003
 4.19000000E+000, 1.39514904E-001, 3.57396969E-001, 5.57547352E-001,-1.00000000E-001, 1.73326210E-003
 4.21000000E+000, 1.40849831E-001, 3.55941284E-001, 5.59759219E-001,-1.00000000E-001, 1.75397409E-003
 4.23000000E+000, 1.42197638E-001, 3.54470000E-001, 5.62012114E-001,-1.00000000E-001, 1.77523924E-003
 4.25000000E+000, 1.43556980E-001, 3.52984516E-001, 5.64304626E-001,-1.00000000E-001, 1.79705411E-003
 4.27000000E+000, 1.44926488E-001, 3.51486266E-001, 5.66635246E-001,-1.00000000E-001, 1.81941406E-003
 4.29000000E+000, 1.46304768E-001, 3.49976711E-001, 5.69002364E-001,-1.00000000E-001, 1.84231329E-003
 4.31000000E+000, 1.47690412E-001, 3.48457336E-001, 5.71404275E-001,-1.00000000E-001, 1.86574471E-003
 4.33000000E+000, 1.49081999E-001, 3.46929643E-001, 5.73839184E-001,-1.00000000E-001, 1.88970000E-003
 4.35000000E+000, 1.50478102E-001, 3.45395149E-001, 5.76305208E-001,-1.00000000E-001, 1.91416953E-003
 4.37000000E+000, 1.51877293E-001, 3.43855378E-001, 5.78800378E-001,-1.00000000E-001, 1.93914239E-003
 4.39000000E+000, 1.53278146E-001, 3.42311856E-001, 5.81322650E-001,-1.00000000E-001, 1.96460631E-003
 4.41000000E+000, 1.54679243E-001, 3.40766109E-001, 5.83869902E-001,-1.00000000E-001, 1.99054772E-003
 4.43000000E+000, 1.56079178E-001, 3.39219657E-001, 5.86439945E-001,-1.00000000E-001, 2.01695168E-003
 4.45000000E+000, 1.57476562E-001, 3.37674008E-001, 5.89030524E-001,-1.00000000E-001, 2.04380191E-003
 4.47000000E+000, 1.58870024E-001, 3.36130659E-001, 5.91639322E-001,-1.00000000E-001, 2.07108075E-003
 4.49000000E+000, 1.60258217E-001, 3.34591086E-001, 5.94263971E-001,-1.00000000E-001, 2.09876922E-003
 4.51000000E+000, 1.61639821E-001, 3.33056747E-001, 5.96902049E-001,-1.00000000E-001, 2.12684696E-003
 4.53000000E+000, 1.63013543E-001, 3.31529075E-001, 5.99551088E-001,-1.00000000E-001, 2.15529224E-003
 4.55000000E+000, 1.64378123E-001, 3.30009477E-001, 6.02208579E-001,-1.00000000E-001, 2.18408202E-003
 4.57000000E+000, 1.65732331E-001, 3.28499333E-001, 6.04871974E-001,-1.00000000E-001, 2.21319186E-003
 4.59000000E+000, 1.67074974E-001, 3.26999993E-001, 6.07538690E-001,-1.00000000E-001, 2.24259601E-003
 4.61000000E+000, 1.68404890E-001, 3.25512776E-001, 6.10206112E-001,-1.00000000E-001, 2.27226735E-003
 4.63000000E+000, 1.69720957E-001, 3.24038972E-001, 6.12871597E-001,-1.00000000E-001, 2.30217744E-003
 4.65000000E+000, 1.71022084E-001, 3.22579839E-001, 6.15532472E-001,-1.00000000E-001, 2.33229646E-003
 4.67000000E+000, 1.72307216E-001, 3.21136604E-001, 6.18186040E-001,-1.00000000E-001, 2.36259325E-003
 4.69000000E+000, 1.73575333E-001, 3.19710466E-001, 6.20829579E-001,-1.00000000E-001, 2.39303528E-003
 4.71000000E+000, 1.74825446E-001, 3.18302594E-001, 6.23460339E-001,-1.00000000E-001, 2.42358865E-003
 4.73000000E+000, 1.76056595E-001, 3.16914133E-001, 6.26075545E-001,-1.00000000E-001, 2.45421802E-003
 4.75000000E+000, 1.77267850E-001, 3.15546202E-001, 6.28672393E-001,-1.00000000E-001, 2.48488666E-003
 4.77000000E+000, 1.78458306E-001, 3.14199900E-001, 6.31248051E-001,-1.00000000E-001, 2.51555633E-003
 4.79000000E+000, 1.79627081E-001, 3.12876309E-001, 6.33799649E-001,-1.00000000E-001, 2.54618728E-003
 4.81000000E+000, 1.80773308E-001, 3.11576496E-001, 6.36324280E-001,-1.00000000E-001, 2.57673820E-003
 4.83000000E+000, 1.81896137E-001, 3.10301519E-001, 6.38818994E-001,-1.00000000E-001, 2.60716612E-003
 4.85000000E+000, 1.82994729E-001, 3.09052433E-001, 6.41280787E-001,-1.00000000E-001, 2.63742633E-003
 4.87000000E+000, 1.84068246E-001, 3.07830291E-001, 6.43706598E-001,-1.00000000E-001, 2.66747232E-003
 4.89000000E+000, 1.85115854E-001, 3.06636155E-001, 6.46093298E-001,-1.00000000E-001, 2.69725563E-003
 4.91000000E+000, 1.86136709E-001, 3.05471101E-001, 6.48437678E-001,-1.00000000E-001, 2.72672576E-003
 4.93000000E+000, 1.87129955E-001, 3.04336223E-001, 6.50736442E-001,-1.00000000E-001, 2.75582998E-003
 4.95000000E+000, 1.88094715E-001, 3.03232645E-001, 6.52986185E-001,-1.00000000E-001, 2.78451322E-003
 4.97000000E+000, 1.89030085E-001, 3.02161528E-001, 6.55183388E-001,-1.00000000E-001, 2.81271783E-003
 4.99000000E+000, 1.89935126E-001, 3.01124080E-001, 6.57324392E-001,-1.00000000E-001, 2.84038342E-003
 5.01000000E+000, 1.90808850E-001, 3.00121565E-001, 6.59405386E-001,-1.00000000E-001, 2.86744659E-003
 5.03000000E+000, 1.91650216E-001, 2.99155314E-001, 6.61422381E-001,-1.00000000E-001, 2.89384069E-003
 5.05000000E+000, 1.92458118E-001, 2.98226740E-001, 6.63371191E-001,-1.00000000E-001, 2.91949557E-003
 5.07000000E+000, 1.93231367E-001, 2.97337347E-001, 6.65247404E-001,-1.00000000E-001, 2.94433719E-003
 5.09000000E+000, 1.93968688E-001, 2.96488750E-001, 6.67046356E-001,-1.00000000E-001, 2.96828735E-003
 5.11000000E+000, 1.94668698E-001, 2.95682685E-001, 6.68763100E-001,-1.00000000E-001, 2.99126330E-003
 5.13000000E+000, 1.95329894E-001, 2.94921031E-001, 6.70392373E-001,-1.00000000E-001, 3.01317737E-003
 5.15000000E+000, 1.95950636E-001, 2.94205828E-001, 6.71928558E-001,-1.00000000E-001, 3.03393648E-003
 5.17000000E+000, 1.96529125E-001, 2.93539298E-001, 6.73365645E-001,-1.00000000E-001, 3.05344175E-003
 5.19000000E+000, 1.97063388E-001, 2.92923865E-001, 6.74697187E-001,-1.00000000E-001, 3.07158802E-003
 5.21000000E+000, 1.97551253E-001, 2.92362183E-001, 6.75916263E-001,-1.00000000E-001, 3.08826343E-003
 5.23000000E+000, 1.97990333E-001, 2.91857153E-001, 6.77015437E-001,-1.00000000E-001, 3.10334910E-003
 5.25000000E+000, 1.98378001E-001, 2.91411949E-001, 6.77986718E-001,-1.00000000E-001, 3.11671881E-003
 5.27000000E+000, 1.98711370E-001, 2.91030041E-001, 6.78821528E-001,-1.00000000E-001, 3.12823879E-003
 5.29000000E+000, 1.98987267E-001, 2.90715225E-001, 6.79510660E-001,-1.00000000E-001, 3.13776757E-003
 5.31000000E+000, 1.99202207E-001, 2.90471645E-001, 6.80044247E-001,-1.00000000E-001, 3.14515591E-003
 5.33000000E+000, 1.99352367E-001, 2.90303824E-001, 6.80411728E-001,-1.00000000E-001, 3.15024695E-003
 5.35000000E+000, 1.99433565E-001, 2.90216685E-001, 6.80601842E-001,-1.00000000E-001, 3.15287668E-003
 5.37000000E+000, 1.99441238E-001, 2.90215568E-001, 6.80602633E-001,-1.00000000E-001, 3.15287477E-003
 5.39000000E+000, 1.99370420E-001, 2.90306250E-001, 6.80401457E-001,-1.00000000E-001, 3.15006560E-003
 5.41000000E+000, 1.99215767E-001, 2.90494913E-001, 6.79985096E-001,-1.00000000E-001, 3.14427080E-003
 5.43000000E+000, 1.98971586E-001, 2.90788104E-001, 6.79339923E-001,-1.00000000E-001, 3.13531270E-003
 5.45000000E+000, 1.98631889E-001, 2.91192656E-001, 6.78452133E-001,-1.00000000E-001, 3.12301883E-003
 5.47000000E+000, 1.98190484E-001, 2.91715583E-001, 6.77308079E-001,-1.00000000E-001, 3.10722777E-003
 5.49000000E+000, 1.97641109E-001, 2.92363910E-001, 6.75894699E-001,-1.00000000E-001, 3.08779641E-003
 5.51000000E+000, 1.96977608E-001, 2.93144459E-001, 6.74200074E-001,-1.00000000E-001, 3.06460866E-003
 5.53000000E+000, 1.96194166E-001, 2.94063574E-001, 6.72214094E-001,-1.00000000E-001, 3.03758543E-003
 5.55000000E+000, 1.95285593E-001, 2.95126783E-001, 6.69929227E-001,-1.00000000E-001, 3.00669533E-003
 5.57000000E+000, 1.94247654E-001, 2.96338420E-001, 6.67341356E-001,-1.00000000E-001, 2.97196554E-003
 5.59000000E+000, 1.93077423E-001, 2.97701215E-001, 6.64450612E-001,-1.00000000E-001, 2.93349164E-003
 5.61000000E+000, 1.91773651E-001, 2.99215888E-001, 6.61262152E-001,-1.00000000E-001, 2.89144520E-003
 5.63000000E+000, 1.90337086E-001, 3.00880792E-001, 6.57786740E-001,-1.00000000E-001, 2.84607772E-003
 5.65000000E+000, 1.88770730E-001, 3.02691651E-001, 6.54041067E-001,-1.00000000E-001, 2.79771958E-003
 5.67000000E+000, 1.87079969E-001, 3.04641438E-001, 6.50047679E-001,-1.00000000E-001, 2.74677325E-003
 5.69000000E+000, 1.85272561E-001, 3.06720433E-001, 6.45834501E-001,-1.00000000E-001, 2.69370052E-003
 5.71000000E+000, 1.83358446E-001, 3.08916476E-001, 6.41433921E-001,-1.00000000E-001, 2.63900469E-003
 5.73000000E+000, 1.81349413E-001, 3.11215385E-001, 6.36881541E-001,-1.00000000E-001, 2.58320922E-003
 5.75000000E+000, 1.79258628E-001, 3.13601532E-001, 6.32214687E-001,-1.00000000E-001, 2.52683525E-003
 5.77000000E+000, 1.77100098E-001, 3.16058474E-001, 6.27470868E-001,-1.00000000E-001, 2.47038037E-003
 5.79000000E+000, 1.74888113E-001, 3.18569607E-001, 6.22686331E-001,-1.00000000E-001, 2.41430076E-003
 5.81000000E+000, 1.72636734E-001, 3.21118748E-001, 6.17894850E-001,-1.00000000E-001, 2.35899820E-003
 5.83000000E+000, 1.70359361E-001, 3.23690617E-001, 6.13126842E-001,-1.00000000E-001, 2.30481240E-003
 5.85000000E+000, 1.68068421E-001, 3.26271190E-001, 6.08408824E-001,-1.00000000E-001, 2.25201857E-003
 5.87000000E+000, 1.65775153E-001, 3.28847904E-001, 6.03763207E-001,-1.00000000E-001, 2.20082922E-003
 5.89000000E+000, 1.63489520E-001, 3.31409753E-001, 5.99208350E-001,-1.00000000E-001, 2.15139916E-003
 5.91000000E+000, 1.61220189E-001, 3.33947275E-001, 5.94758821E-001,-1.00000000E-001, 2.10383234E-003
 5.93000000E+000, 1.58974585E-001, 3.36452474E-001, 5.90425771E-001,-1.00000000E-001, 2.05818961E-003
 5.95000000E+000, 1.56758983E-001, 3.38918696E-001, 5.86217382E-001,-1.00000000E-001, 2.01449649E-003
 5.97000000E+000, 1.54578624E-001, 3.41340478E-001, 5.82139313E-001,-1.00000000E-001, 1.97275045E-003
 5.99000000E+000, 1.52437831E-001, 3.43713406E-001, 5.78195136E-001,-1.00000000E-001, 1.93292730E-003
 6.01000000E+000, 1.50340137E-001, 3.46033956E-001, 5.74386722E-001,-1.00000000E-001, 1.89498673E-003
 6.03000000E+000, 1.48288390E-001, 3.48299371E-001, 5.70714583E-001,-1.00000000E-001, 1.85887681E-003
 6.05000000E+000, 1.46284855E-001, 3.50507536E-001, 5.67178160E-001,-1.00000000E-001, 1.82453762E-003
 6.07000000E+000, 1.44331301E-001, 3.52656875E-001, 5.63776064E-001,-1.00000000E-001, 1.79190410E-003
 6.09000000E+000, 1.42429077E-001, 3.54746265E-001, 5.60506267E-001,-1.00000000E-001, 1.76090831E-003
 6.11000000E+000, 1.40579173E-001, 3.56774966E-001, 5.57366264E-001,-1.00000000E-001, 1.73148106E-003
 6.13000000E+000, 1.38782274E-001, 3.58742554E-001, 5.54353197E-001,-1.00000000E-001, 1.70355316E-003
 6.15000000E+000, 1.37038806E-001, 3.60648872E-001, 5.51463954E-001,-1.00000000E-001, 1.67705635E-003
 6.17000000E+000, 1.35348971E-001, 3.62493993E-001, 5.48695247E-001,-1.00000000E-001, 1.65192389E-003
 6.19000000E+000, 1.33712779E-001, 3.64278180E-001, 5.46043675E-001,-1.00000000E-001, 1.62809108E-003
 6.21000000E+000, 1.32130074E-001, 3.66001859E-001, 5.43505770E-001,-1.00000000E-001, 1.60549547E-003
 6.23000000E+000, 1.30600557E-001, 3.67665599E-001, 5.41078031E-001,-1.00000000E-001, 1.58407708E-003
 6.25000000E+000, 1.29123800E-001, 3.69270086E-001, 5.38756958E-001,-1.00000000E-001, 1.56377849E-003
 6.27000000E+000, 1.27699269E-001, 3.70816111E-001, 5.36539069E-001,-1.00000000E-001, 1.54454482E-003
 6.29000000E+000, 1.26326329E-001, 3.72304553E-001, 5.34420918E-001,-1.00000000E-001, 1.52632376E-003
 6.31000000E+000, 1.25004263E-001, 3.73736371E-001, 5.32399106E-001,-1.00000000E-001, 1.50906550E-003
 6.33000000E+000, 1.23732277E-001, 3.75112589E-001, 5.30470293E-001,-1.00000000E-001, 1.49272265E-003
 6.35000000E+000, 1.22509514E-001, 3.76434290E-001, 5.28631201E-001,-1.00000000E-001, 1.47725015E-003
 6.37000000E+000, 1.21335056E-001, 3.77702606E-001, 5.26878620E-001,-1.00000000E-001, 1.46260518E-003
 6.39000000E+000, 1.20207936E-001, 3.78918713E-001, 5.25209412E-001,-1.00000000E-001, 1.44874706E-003
 6.41000000E+000, 1.19127143E-001, 3.80083823E-001, 5.23620514E-001,-1.00000000E-001, 1.43563714E-003
 6.43000000E+000, 1.18091627E-001, 3.81199177E-001, 5.22108936E-001,-1.00000000E-001, 1.42323869E-003
 6.45000000E+000, 1.17100306E-001, 3.82266045E-001, 5.20671764E-001,-1.00000000E-001, 1.41151682E-003
 6.47000000E+000, 1.16152072E-001, 3.83285714E-001, 5.19306160E-001,-1.00000000E-001, 1.40043835E-003
 6.49000000E+000, 1.15245790E-001, 3.84259490E-001, 5.18009362E-001,-1.00000000E-001, 1.38997176E-003
 6.51000000E+000, 1.14380312E-001, 3.85188690E-001, 5.16778681E-001,-1.00000000E-001, 1.38008704E-003
 6.53000000E+000, 1.13554471E-001, 3.86074637E-001, 5.15611503E-001,-1.00000000E-001, 1.37075568E-003
 6.55000000E+000, 1.12767092E-001, 3.86918663E-001, 5.14505288E-001,-1.00000000E-001, 1.36195050E-003
 6.57000000E+000, 1.12016992E-001, 3.87722097E-001, 5.13457567E-001,-1.00000000E-001, 1.35364567E-003
 6.59000000E+000, 1.11302986E-001, 3.88486267E-001, 5.12465943E-001,-1.00000000E-001, 1.34581656E-003
 6.61000000E+000, 1.10623888E-001, 3.89212498E-001, 5.11528089E-001,-1.00000000E-001, 1.33843971E-003
 6.63000000E+000, 1.09978514E-001, 3.89902104E-001, 5.10641747E-001,-1.00000000E-001, 1.33149276E-003
 6.65000000E+000, 1.09365686E-001, 3.90556392E-001, 5.09804726E-001,-1.00000000E-001, 1.32495439E-003
 6.67000000E+000, 1.08784234E-001, 3.91176653E-001, 5.09014903E-001,-1.00000000E-001, 1.31880429E-003
 6.69000000E+000, 1.08233000E-001, 3.91764166E-001, 5.08270220E-001,-1.00000000E-001, 1.31302304E-003
 6.71000000E+000, 1.07710835E-001, 3.92320190E-001, 5.07568683E-001,-1.00000000E-001, 1.30759216E-003
 6.73000000E+000, 1.07216609E-001, 3.92845967E-001, 5.06908363E-001,-1.00000000E-001, 1.30249396E-003
 6.75000000E+000, 1.06749206E-001, 3.93342719E-001, 5.06287392E-001,-1.00000000E-001, 1.29771160E-003
 6.77000000E+000, 1.06307530E-001, 3.93811643E-001, 5.05703964E-001,-1.00000000E-001, 1.29322897E-003
 6.79000000E+000, 1.05890503E-001, 3.94253915E-001, 5.05156331E-001,-1.00000000E-001, 1.28903069E-003
 6.81000000E+000, 1.05497071E-001, 3.94670684E-001, 5.04642806E-001,-1.00000000E-001, 1.28510210E-003
 6.83000000E+000, 1.05126199E-001, 3.95063073E-001, 5.04161761E-001,-1.00000000E-001, 1.28142915E-003
 6.85000000E+000, 1.04776880E-001, 3.95432180E-001, 5.03711621E-001,-1.00000000E-001, 1.27799846E-003
 6.87000000E+000, 1.04448130E-001, 3.95779073E-001, 5.03290872E-001,-1.00000000E-001, 1.27479723E-003
 6.89000000E+000, 1.04138989E-001, 3.96104791E-001, 5.02898049E-001,-1.00000000E-001, 1.27181326E-003
 6.91000000E+000, 1.03848525E-001, 3.96410345E-001, 5.02531744E-001,-1.00000000E-001, 1.26903486E-003
 6.93000000E+000, 1.03575833E-001, 3.96696715E-001, 5.02190603E-001,-1.00000000E-001, 1.26645091E-003
 6.95000000E+000, 1.03320036E-001, 3.96964851E-001, 5.01873318E-001,-1.00000000E-001, 1.26405076E-003
 6.97000000E+000, 1.03080282E-001, 3.97215673E-001, 5.01578638E-001,-1.00000000E-001, 1.26182427E-003
 6.99000000E+000, 1.02855751E-001, 3.97450071E-001, 5.01305355E-001,-1.00000000E-001, 1.25976174E-003
 7.01000000E+000, 1.02645647E-001, 3.97668901E-001, 5.01052314E-001,-1.00000000E-001, 1.25785394E-003
 7.03000000E+000, 1.02449206E-001, 3.97872991E-001, 5.00818403E-001,-1.00000000E-001, 1.25609205E-003
 7.05000000E+000, 1.02265690E-001, 3.98063139E-001, 5.00602560E-001,-1.00000000E-001, 1.25446767E-003
 7.07000000E+000, 1.02094389E-001, 3.98240110E-001, 5.00403765E-001,-1.00000000E-001, 1.25297279E-003
 7.09000000E+000, 1.01934621E-001, 3.98404641E-001, 5.00221040E-001,-1.00000000E-001, 1.25159978E-003
 7.11000000E+000, 1.01785734E-001, 3.98557437E-001, 5.00053454E-001,-1.00000000E-001, 1.25034137E-003
 7.13000000E+000, 1.01647100E-001, 3.98699177E-001, 4.99900114E-001,-1.00000000E-001, 1.24919064E-003
 7.15000000E+000, 1.01518120E-001, 3.98830507E-001, 4.99760168E-001,-1.00000000E-001, 1.24814103E-003
 7.17000000E+000, 1.01398219E-001, 3.98952048E-001, 4.99632803E-001,-1.00000000E-001, 1.24718626E-003
 7.19000000E+000, 1.01286852E-001, 3.99064391E-001, 4.99517243E-001,-1.00000000E-001, 1.24632040E-003
 7.21000000E+000, 1.01183495E-001, 3.99168099E-001, 4.99412750E-001,-1.00000000E-001, 1.24553779E-003
 7.23000000E+000, 1.01087653E-001, 3.99263712E-001, 4.99318620E-001,-1.00000000E-001, 1.24483307E-003
 7.25000000E+000, 1.00998850E-001, 3.99351740E-001, 4.99234186E-001,-1.00000000E-001, 1.24420115E-003
 7.27000000E+000, 1.00916640E-001, 3.99432671E-001, 4.99158810E-001,-1.00000000E-001, 1.24363722E-003
 7.29000000E+000, 1.00840593E-001, 3.99506965E-001, 4.99091891E-001,-1.00000000E-001, 1.24313669E-003
 7.31000000E+000, 1.00770307E-001, 3.99575062E-001, 4.99032854E-001,-1.00000000E-001, 1.24269524E-003
 7.33000000E+000, 1.00705399E-001, 3.99637376E-001, 4.98981158E-001,-1.00000000E-001, 1.24230877E-003
 7.35000000E+000, 1.00645505E-001, 3.99694301E-001, 4.98936288E-001,-1.00000000E-001, 1.24197341E-003
 7.37000000E+000, 1.00590285E-001, 3.99746208E-001, 4.98897757E-001,-1.00000000E-001, 1.24168550E-003
 7.39000000E+000, 1.00539414E-001, 3.99793447E-001, 4.98865106E-001,-1.00000000E-001, 1.24144158E-003
 7.41000000E+000, 1.00492590E-001, 3.99836350E-001, 4.98837899E-001,-1.00000000E-001, 1.24123839E-003
 7.43000000E+000, 1.00449524E-001, 3.99875229E-001, 4.98815727E-001,-1.00000000E-001, 1.24107285E-003
 7.45000000E+000, 1.00409948E-001, 3.99910377E-001, 4.98798203E-001,-1.00000000E-001, 1.24094207E-003
 7.47000000E+000, 1.00373608E-001, 3.99942070E-001, 4.98784962E-001,-1.00000000E-001, 1.24084331E-003
 7.49000000E+000, 1.00340266E-001, 3.99970568E-001, 4.98775661E-001,-1.00000000E-001, 1.24077401E-003
 7.51000000E+000, 1.00309700E-001, 3.99996114E-001, 4.98769978E-001,-1.00000000E-001, 1.24073177E-003
 7.53000000E+000, 1.00281702E-001, 4.00018936E-001, 4.98767609E-001,-1.00000000E-001, 1.24071430E-003
 7.55000000E+000, 1.00256075E-001, 4.00039249E-001, 4.98768270E-001,-1.00000000E-001, 1.24071950E-003
 7.57000000E+000, 1.00232638E-001, 4.00057250E-001, 4.98771693E-001,-1.00000000E-001, 1.24074535E-003
 7.59000000E+000, 1.00211221E-001, 4.00073128E-001, 4.98777628E-001,-1.00000000E-001, 1.24079000E-003
 7.61000000E+000, 1.00191664E-001, 4.00087057E-001, 4.98785842E-001,-1.00000000E-001, 1.24085169E-003
 7.63000000E+000, 1.00173821E-001, 4.00099200E-001, 4.98796114E-001,-1.00000000E-001, 1.24092880E-003
 7.65000000E+000, 1.00157553E-001, 4.00109706E-001, 4.98808240E-001,-1.00000000E-001, 1.24101979E-003
 7.67000000E+000, 1.00142733E-001, 4.00118719E-001, 4.98822029E-001,-1.00000000E-001, 1.24112323E-003
 7.69000000E+000, 1.00129242E-001, 4.00126367E-001, 4.98837303E-001,-1.00000000E-001, 1.24123781E-003
 7.71000000E+000, 1.00116970E-001, 4.00132774E-001, 4.98853896E-001,-1.00000000E-001, 1.24136227E-003
 7.73000000E+000, 1.00105815E-001, 4.00138052E-001, 4.98871653E-001,-1.00000000E-001, 1.24149547E-003
 7.75000000E+000, 1.00095683E-001, 4.00142305E-001, 4.98890431E-001,-1.00000000E-001, 1.24163633E-003
 7.77000000E+000, 1.00086487E-001, 4.00145630E-001, 4.98910096E-001,-1.00000000E-001, 1.24178386E-003
 7.79000000E+000, 1.00078146E-001, 4.00148117E-001, 4.98930525E-001,-1.00000000E-001, 1.24193714E-003
 7.81000000E+000, 1.00070587E-001, 4.00149848E-001, 4.98951603E-001,-1.00000000E-001, 1.24209530E-003
 7.83000000E+000, 1.00063739E-001, 4.00150899E-001, 4.98973224E-001,-1.00000000E-001, 1.24225757E-003
 7.85000000E+000, 1.00057542E-001, 4.00151341E-001, 4.98995290E-001,-1.00000000E-001, 1.24242319E-003
 7.87000000E+000, 1.00051935E-001, 4.00151239E-001, 4.99017711E-001,-1.00000000E-001, 1.24259151E-003
 7.89000000E+000, 1.00046867E-001, 4.00150651E-001, 4.99040403E-001,-1.00000000E-001, 1.24276189E-003
 7.91000000E+000, 1.00042288E-001, 4.00149633E-001, 4.99063290E-001,-1.00000000E-001, 1.24293376E-003
 7.93000000E+000, 1.00038154E-001, 4.00148234E-001, 4.99086301E-001,-1.00000000E-001, 1.24310660E-003
 7.95000000E+000, 1.00034423E-001, 4.00146500E-001, 4.99109373E-001,-1.00000000E-001, 1.24327992E-003
 7.97000000E+000, 1.00031058E-001, 4.00144475E-001, 4.99132445E-001,-1.00000000E-001, 1.24345327E-003
 7.99000000E+000, 1.00028024E-001, 4.00142195E-001, 4.99155465E-001,-1.00000000E-001, 1.24362627E-003
 8.01000000E+000, 1.00025290E-001, 4.00139695E-001, 4.99178383E-001,-1.00000000E-001, 1.24379853E-003
 8.03000000E+000, 1.00022828E-001, 4.00137009E-001, 4.99201154E-001,-1.00000000E-001, 1.24396972E-003
 8.05000000E+000, 1.00020612E-001, 4.00134164E-001, 4.99223738E-001,-1.00000000E-001, 1.24413953E-003
 8.07000000E+000, 1.00018617E-001, 4.00131188E-001, 4.99246098E-001,-1.00000000E-001, 1.24430770E-003
 8.09000000E+000, 1.00016822E-001, 4.00128104E-001, 4.99268202E-001,-1.00000000E-001, 1.24447398E-003
 8.11000000E+000, 1.00015207E-001, 4.00124934E-001, 4.99290020E-001,-1.00000000E-001, 1.24463813E-003
 8.13000000E+000, 1.00013755E-001, 4.00121697E-001, 4.99311526E-001,-1.00000000E-001, 1.24479997E-003
 8.15000000E+000, 1.00012450E-001, 4.00118411E-001, 4.99332695E-001,-1.00000000E-001, 1.24495931E-003
 8.17000000E+000, 1.00011276E-001, 4.00115093E-001, 4.99353509E-001,-1.00000000E-001, 1.24511600E-003
 8.19000000E+000, 1.00010221E-001, 4.00111756E-001, 4.99373948E-001,-1.00000000E-001, 1.24526990E-003
 8.21000000E+000, 1.00009271E-001, 4.00108413E-001, 4.99393997E-001,-1.00000000E-001, 1.24542089E-003
 8.23000000E+000, 1.00008418E-001, 4.00105075E-001, 4.99413642E-001,-1.00000000E-001, 1.24556887E-003
 8.25000000E+000, 1.00007651E-001, 4.00101753E-001, 4.99432872E-001,-1.00000000E-001, 1.24571375E-003
 8.27000000E+000, 1.00006961E-001, 4.00098455E-001, 4.99451676E-001,-1.00000000E-001, 1.24585546E-003
 8.29000000E+000, 1.00006339E-001, 4.00095190E-001, 4.99470048E-001,-1.00000000E-001, 1.24599393E-003
 8.31000000E+000, 1.00005780E-001, 4.00091965E-001, 4.99487981E-001,-1.00000000E-001, 1.24612912E-003
 8.33000000E+000, 1.00005276E-001, 4.00088786E-001, 4.99505469E-001,-1.00000000E-001, 1.24626099E-003
 8.35000000E+000, 1.00004822E-001, 4.00085658E-001, 4.99522510E-001,-1.00000000E-001, 1.24638950E-003
 8.37000000E+000, 1.00004412E-001, 4.00082585E-001, 4.99539102E-001,-1.00000000E-001, 1.24651465E-003
 8.39000000E+000, 1.00004042E-001, 4.00079572E-001, 4.99555242E-001,-1.00000000E-001, 1.24663642E-003
 8.41000000E+000, 1.00003707E-001, 4.00076622E-001, 4.99570933E-001,-1.00000000E-001, 1.24675482E-003
 8.43000000E+000, 1.00003404E-001, 4.00073738E-001, 4.99586174E-001,-1.00000000E-001, 1.24686985E-003
 8.45000000E+000, 1.00003130E-001, 4.00070921E-001, 4.99600967E-001,-1.00000000E-001, 1.24698152E-003
 8.47000000E+000, 1.00002882E-001, 4.00068175E-001, 4.99615316E-001,-1.00000000E-001, 1.24708985E-003
 8.49000000E+000, 1.00002656E-001, 4.00065499E-001, 4.99629224E-001,-1.00000000E-001, 1.24719488E-003
 8.51000000E+000, 1.00002450E-001, 4.00062896E-001, 4.99642695E-001,-1.00000000E-001, 1.24729662E-003
 8.53000000E+000, 1.00002263E-001, 4.00060366E-001, 4.99655734E-001,-1.00000000E-001, 1.24739512E-003
 8.55000000E+000, 1.00002093E-001, 4.00057909E-001, 4.99668347E-001,-1.00000000E-001, 1.24749042E-003
 8.57000000E+000, 1.00001937E-001, 4.00055525E-001, 4.99680539E-001,-1.00000000E-001, 1.24758255E-003
 8.59000000E+000, 1.00001794E-001, 4.00053215E-001, 4.99692317E-001,-1.00000000E-001, 1.24767157E-003
 8.61000000E+000, 1.00001663E-001, 4.00050978E-001, 4.99703688E-001,-1.00000000E-001, 1.24775753E-003
 8.63000000E+000, 1.00001542E-001, 4.00048814E-001, 4.99714659E-001,-1.00000000E-001, 1.24784048E-003
 8.65000000E+000, 1.00001431E-001, 4.00046721E-001, 4.99725237E-001,-1.00000000E-001, 1.24792047E-003
 8.67000000E+000, 1.00001329E-001, 4.00044700E-001, 4.99735431E-001,-1.00000000E-001, 1.24799757E-003
 8.69000000E+000, 1.00001234E-001, 4.00042749E-001, 4.99745248E-001,-1.00000000E-001, 1.24807183E-003
 8.71000000E+000, 1.00001147E-001, 4.00040866E-001, 4.99754696E-001,-1.00000000E-001, 1.24814332E-003
 8.73000000E+000, 1.00001065E-001, 4.00039052E-001, 4.99763784E-001,-1.00000000E-001, 1.24821209E-003
 8.75000000E+000, 1.00000990E-001, 4.00037304E-001, 4.99772521E-001,-1.00000000E-001, 1.24827821E-003
 8.77000000E+000, 1.00000919E-001, 4.00035622E-001, 4.99780916E-001,-1.00000000E-001, 1.24834175E-003
 8.79000000E+000, 1.00000854E-001, 4.00034003E-001, 4.99788976E-001,-1.00000000E-001, 1.24840278E-003
 8.81000000E+000, 1.00000792E-001, 4.00032446E-001, 4.99796711E-001,-1.00000000E-001, 1.24846135E-003
 8.83000000E+000, 1.00000735E-001, 4.00030951E-001, 4.99804130E-001,-1.00000000E-001, 1.24851753E-003
 8.85000000E+000, 1.00000681E-001, 4.00029514E-001, 4.99811242E-001,-1.00000000E-001, 1.24857140E-003
 8.87000000E+000, 1.00000631E-001, 4.00028135E-001, 4.99818055E-001,-1.00000000E-001, 1.24862301E-003
 8.89000000E+000, 1.00000583E-001, 4.00026813E-001, 4.99824579E-001,-1.00000000E-001, 1.24867244E-003
 8.91000000E+000, 1.00000539E-001, 4.00025545E-001, 4.99830822E-001,-1.00000000E-001, 1.24871974E-003
 8.93000000E+000, 1.00000496E-001, 4.00024330E-001, 4.99836792E-001,-1.00000000E-001, 1.24876499E-003
 8.95000000E+000, 1.00000457E-001, 4.00023166E-001, 4.99842499E-001,-1.00000000E-001, 1.24880825E-003
 8.97000000E+000, 1.00000419E-001, 4.00022051E-001, 4.99847952E-001,-1.00000000E-001, 1.24884959E-003
 8.99000000E+000, 1.00000384E-001, 4.00020985E-001, 4.99853158E-001,-1.00000000E-001, 1.24888906E-003
 9.01000000E+000, 1.00000350E-001, 4.00019965E-001, 4.99858127E-001,-1.00000000E-001, 1.24892674E-003
 9.03000000E+000, 1.00000319E-001, 4.00018990E-001, 4.99862866E-001,-1.00000000E-001, 1.24896268E-003
 9.05000000E+000, 1.00000288E-001, 4.00018059E-001, 4.99867383E-001,-1.00000000E-001, 1.24899694E-003
 9.07000000E+000, 1.00000260E-001, 4.00017169E-001, 4.99871687E-001,-1.00000000E-001, 1.24902959E-003
 9.09000000E+000, 1.00000233E-001, 4.00016318E-001, 4.99875786E-001,-1.00000000E-001, 1.24906069E-003
 9.11000000E+000, 1.00000207E-001, 4.00015507E-001, 4.99879686E-001,-1.00000000E-001, 1.24909029E-003
 9.13000000E+000, 1.00000183E-001, 4.00014733E-001, 4.99883397E-001,-1.00000000E-001, 1.24911845E-003
 9.15000000E+000, 1.00000160E-001, 4.00013995E-001, 4.99886924E-001,-1.00000000E-001, 1.24914522E-003
 9.17000000E+000, 1.00000138E-001, 4.00013290E-001, 4.99890276E-001,-1.00000000E-001, 1.24917066E-003
 9.19000000E+000, 1.00000118E-001, 4.00012619E-001, 4.99893460E-001,-1.00000000E-001, 1.24919483E-003
 9.21000000E+000, 1.00000098E-001, 4.00011979E-001, 4.99896481E-001,-1.00000000E-001, 1.24921777E-003
 9.23000000E+000, 1.00000079E-001, 4.00011370E-001, 4.99899347E-001,-1.00000000E-001, 1.24923954E-003
 9.25000000E+000, 1.00000062E-001, 4.00010789E-001, 4.99902065E-001,-1.00000000E-001, 1.24926018E-003
 9.27000000E+000, 1.00000045E-001, 4.00010236E-001, 4.99904640E-001,-1.00000000E-001, 1.24927974E-003
 9.29000000E+000, 1.00000029E-001, 4.00009709E-001, 4.99907079E-001,-1.00000000E-001, 1.24929826E-003
 9.31000000E+000, 1.00000014E-001, 4.00009207E-001, 4.99909388E-001,-1.00000000E-001, 1.24931580E-003
 9.33000000E+000, 1.00000000E-001, 4.00008729E-001, 4.99911573E-001,-1.00000000E-001, 1.24933240E-003
 9.35000000E+000, 9.99999870E-002, 4.00008275E-001, 4.99913638E-001,-1.00000000E-001, 1.24934810E-003
 9.37000000E+000, 9.99999746E-002, 4.00007841E-001, 4.99915590E-001,-1.00000000E-001, 1.24936293E-003
 9.39000000E+000, 9.99999631E-002, 4.00007429E-001, 4.99917434E-001,-1.00000000E-001, 1.24937694E-003
 9.41000000E+000, 9.99999524E-002, 4.00007036E-001, 4.99919175E-001,-1.00000000E-001, 1.24939017E-003
 9.43000000E+000, 9.99999424E-002, 4.00006661E-001, 4.99920817E-001,-1.00000000E-001, 1.24940265E-003
 9.45000000E+000, 9.99999330E-002, 4.00006305E-001, 4.99922365E-001,-1.00000000E-001, 1.24941442E-003
 9.47000000E+000, 9.99999244E-002, 4.00005965E-001, 4.99923824E-001,-1.00000000E-001, 1.24942551E-003
 9.49000000E+000, 9.99999166E-002, 4.00005641E-001, 4.99925198E-001,-1.00000000E-001, 1.24943596E-003
 9.51000000E+000, 9.99999097E-002, 4.00005331E-001, 4.99926492E-001,-1.00000000E-001, 1.24944579E-003
 9.53000000E+000, 9.99999036E-002, 4.00005036E-001, 4.99927708E-001,-1.00000000E-001, 1.24945504E-003
 9.55000000E+000, 9.99998983E-002, 4.00004754E-001, 4.99928852E-001,-1.00000000E-001, 1.24946374E-003
 9.57000000E+000, 9.99998939E-002, 4.00004484E-001, 4.99929926E-001,-1.00000000E-001, 1.24947191E-003
 9.59000000E+000, 9.99998904E-002, 4.00004226E-001, 4.99930935E-001,-1.00000000E-001, 1.24947958E-003
 9.61000000E+000, 9.99998877E-002, 4.00003978E-001, 4.99931881E-001,-1.00000000E-001, 1.24948678E-003
 9.63000000E+000, 9.99998858E-002, 4.00003741E-001, 4.99932768E-001,-1.00000000E-001, 1.24949352E-003
 9.65000000E+000, 9.99998849E-002, 4.00003514E-001, 4.99933599E-001,-1.00000000E-001, 1.24949984E-003
 9.67000000E+000, 9.99998849E-002, 4.00003295E-001, 4.99934377E-001,-1.00000000E-001, 1.24950575E-003
 9.69000000E+000, 9.99998858E-002, 4.00003084E-001, 4.99935104E-001,-1.00000000E-001, 1.24951128E-003
 9.71000000E+000, 9.99998876E-002, 4.00002882E-001, 4.99935783E-001,-1.00000000E-001, 1.24951644E-003
 9.73000000E+000, 9.99998903E-002, 4.00002686E-001, 4.99936416E-001,-1.00000000E-001, 1.24952126E-003
 9.75000000E+000, 9.99998940E-002, 4.00002497E-001, 4.99937006E-001,-1.00000000E-001, 1.24952575E-003
 9.77000000E+000, 9.99998986E-002, 4.00002314E-001, 4.99937556E-001,-1.00000000E-001, 1.24952992E-003
 9.79000000E+000, 9.99999042E-002, 4.00002137E-001, 4.99938067E-001,-1.00000000E-001, 1.24953380E-003
 9.81000000E+000, 9.99999106E-002, 4.00001965E-001, 4.99938540E-001,-1.00000000E-001, 1.24953740E-003
 9.83000000E+000, 9.99999181E-002, 4.00001797E-001, 4.99938979E-001,-1.00000000E-001, 1.24954074E-003
 9.85000000E+000, 9.99999259E-002, 4.00001634E-001, 4.99939384E-001,-1.00000000E-001, 1.24954381E-003
 9.87000000E+000, 9.99999366E-002, 4.00001473E-001, 4.99939760E-001,-1.00000000E-001, 1.24954667E-003
 9.89000000E+000, 9.99999429E-002, 4.00001321E-001, 4.99940099E-001,-1.00000000E-001, 1.24954924E-003
 9.91000000E+000, 9.99999566E-002, 4.00001166E-001, 4.99940416E-001,-1.00000000E-001, 1.24955165E-003
 9.93000000E+000, 9.99999894E-002, 4.00000996E-001, 4.99940736E-001,-1.00000000E-001, 1.24955407E-003
 9.95000000E+000, 9.99998865E-002, 4.00000964E-001, 4.99940843E-001,-1.00000000E-001, 1.24955490E-003
 9.97000000E+000, 1.00000105E-001, 4.00000606E-001, 4.99941303E-001,-1.00000000E-001, 1.24955837E-003
 9.99000000E+000, 1.00000482E-001, 4.00000088E-001, 4.99941993E-001,-1.00000000E-001, 1.24956357E-003
