   10.000606956757554      ,         500
X,ZB,H,U,ZF,QS
 1.00000000E-002, 9.99968211E-002, 3.99931530E-001, 5.00083911E-001,-1.00000000E-001, 1.25062942E-003
 3.00000000E-002, 9.99957080E-002, 3.99934318E-001, 5.00069500E-001,-1.00000000E-001, 1.25052132E-003
 5.00000000E-002, 9.99952917E-002, 3.99935530E-001, 5.00059308E-001,-1.00000000E-001, 1.25044486E-003
 7.00000000E-002, 9.99951216E-002, 3.99936304E-001, 5.00049942E-001,-1.00000000E-001, 1.25037460E-003
 9.00000000E-002, 9.99950161E-002, 3.99936880E-001, 5.00041017E-001,-1.00000000E-001, 1.25030766E-003
 1.10000000E-001, 9.99949746E-002, 3.99937272E-001, 5.00032474E-001,-1.00000000E-001, 1.25024358E-003
 1.30000000E-001, 9.99950295E-002, 3.99937490E-001, 5.00024312E-001,-1.00000000E-001, 1.25018236E-003
 1.50000000E-001, 9.99951430E-002, 3.99937499E-001, 5.00015904E-001,-1.00000000E-001, 1.25011930E-003
 1.70000000E-001, 9.99952869E-002, 3.99937397E-001, 5.00008095E-001,-1.00000000E-001, 1.25006073E-003
 1.90000000E-001, 9.99953797E-002, 3.99937246E-001, 5.00000281E-001,-1.00000000E-001, 1.25000212E-003
 2.10000000E-001, 9.99954164E-002, 3.99937078E-001, 4.99992314E-001,-1.00000000E-001, 1.24994237E-003
 2.30000000E-001, 9.99954192E-002, 3.99936852E-001, 4.99984328E-001,-1.00000000E-001, 1.24988248E-003
 2.50000000E-001, 9.99954074E-002, 3.99936556E-001, 4.99976372E-001,-1.00000000E-001, 1.24982282E-003
 2.70000000E-001, 9.99953837E-002, 3.99936198E-001, 4.99968342E-001,-1.00000000E-001, 1.24976261E-003
 2.90000000E-001, 9.99953527E-002, 3.99935768E-001, 4.99960255E-001,-1.00000000E-001, 1.24970197E-003
 3.10000000E-001, 9.99953204E-002, 3.99935258E-001, 4.99952110E-001,-1.00000000E-001, 1.24964089E-003
 3.30000000E-001, 9.99952894E-002, 3.99934668E-001, 4.99943881E-001,-1.00000000E-001, 1.24957918E-003
 3.50000000E-001, 9.99952603E-002, 3.99933996E-001, 4.99935565E-001,-1.00000000E-001, 1.24951684E-003
 3.70000000E-001, 9.99952334E-002, 3.99933239E-001, 4.99927169E-001,-1.00000000E-001, 1.24945388E-003
 3.90000000E-001, 9.99952077E-002, 3.99932396E-001, 4.99918667E-001,-1.00000000E-001, 1.24939014E-003
 4.10000000E-001, 9.99951835E-002, 3.99931463E-001, 4.99910064E-001,-1.00000000E-001, 1.24932564E-003
 4.30000000E-001, 9.99951588E-002, 3.99930442E-001, 4.99901337E-001,-1.00000000E-001, 1.24926021E-003
 4.50000000E-001, 9.99951334E-002, 3.99929325E-001, 4.99892495E-001,-1.00000000E-001, 1.24919393E-003
 4.70000000E-001, 9.99951060E-002, 3.99928118E-001, 4.99883512E-001,-1.00000000E-001, 1.24912659E-003
 4.90000000E-001, 9.99950778E-002, 3.99926815E-001, 4.99874387E-001,-1.00000000E-001, 1.24905818E-003
 5.10000000E-001, 9.99950494E-002, 3.99925422E-001, 4.99865089E-001,-1.00000000E-001, 1.24898849E-003
 5.30000000E-001, 9.99950207E-002, 3.99923939E-001, 4.99855604E-001,-1.00000000E-001, 1.24891739E-003
 5.50000000E-001, 9.99949910E-002, 3.99922371E-001, 4.99845893E-001,-1.00000000E-001, 1.24884460E-003
 5.70000000E-001, 9.99949599E-002, 3.99920720E-001, 4.99835930E-001,-1.00000000E-001, 1.24876994E-003
 5.90000000E-001, 9.99949277E-002, 3.99918987E-001, 4.99825675E-001,-1.00000000E-001, 1.24869308E-003
 6.10000000E-001, 9.99948946E-002, 3.99917169E-001, 4.99815097E-001,-1.00000000E-001, 1.24861380E-003
 6.30000000E-001, 9.99948606E-002, 3.99915263E-001, 4.99804170E-001,-1.00000000E-001, 1.24853192E-003
 6.50000000E-001, 9.99948256E-002, 3.99913268E-001, 4.99792874E-001,-1.00000000E-001, 1.24844727E-003
 6.70000000E-001, 9.99947897E-002, 3.99911179E-001, 4.99781205E-001,-1.00000000E-001, 1.24835982E-003
 6.90000000E-001, 9.99947534E-002, 3.99908993E-001, 4.99769166E-001,-1.00000000E-001, 1.24826961E-003
 7.10000000E-001, 9.99947172E-002, 3.99906707E-001, 4.99756765E-001,-1.00000000E-001, 1.24817669E-003
 7.30000000E-001, 9.99946802E-002, 3.99904316E-001, 4.99744007E-001,-1.00000000E-001, 1.24808110E-003
 7.50000000E-001, 9.99946414E-002, 3.99901818E-001, 4.99730892E-001,-1.00000000E-001, 1.24798284E-003
 7.70000000E-001, 9.99946015E-002, 3.99899212E-001, 4.99717407E-001,-1.00000000E-001, 1.24788182E-003
 7.90000000E-001, 9.99945625E-002, 3.99896494E-001, 4.99703564E-001,-1.00000000E-001, 1.24777812E-003
 8.10000000E-001, 9.99945224E-002, 3.99893668E-001, 4.99689338E-001,-1.00000000E-001, 1.24767156E-003
 8.30000000E-001, 9.99944818E-002, 3.99890735E-001, 4.99674738E-001,-1.00000000E-001, 1.24756219E-003
 8.50000000E-001, 9.99944400E-002, 3.99887703E-001, 4.99659746E-001,-1.00000000E-001, 1.24744990E-003
 8.70000000E-001, 9.99943977E-002, 3.99884575E-001, 4.99644366E-001,-1.00000000E-001, 1.24733471E-003
 8.90000000E-001, 9.99943544E-002, 3.99881356E-001, 4.99628585E-001,-1.00000000E-001, 1.24721652E-003
 9.10000000E-001, 9.99943102E-002, 3.99878047E-001, 4.99612401E-001,-1.00000000E-001, 1.24709533E-003
 9.30000000E-001, 9.99942646E-002, 3.99874651E-001, 4.99595801E-001,-1.00000000E-001, 1.24697103E-003
 9.50000000E-001, 9.99942182E-002, 3.99871164E-001, 4.99578791E-001,-1.00000000E-001, 1.24684366E-003
 9.70000000E-001, 9.99941712E-002, 3.99867584E-001, 4.99561379E-001,-1.00000000E-001, 1.24671329E-003
 9.90000000E-001, 9.99941232E-002, 3.99863910E-001, 4.99543585E-001,-1.00000000E-001, 1.24658008E-003
 1.01000000E+000, 9.99940738E-002, 3.99860141E-001, 4.99525432E-001,-1.00000000E-001, 1.24644418E-003
 1.03000000E+000, 9.99940230E-002, 3.99856278E-001, 4.99506950E-001,-1.00000000E-001, 1.24630583E-003
 1.05000000E+000, 9.99939709E-002, 3.99852320E-001, 4.99488165E-001,-1.00000000E-001, 1.24616522E-003
 1.07000000E+000, 9.99939180E-002, 3.99848271E-001, 4.99469097E-001,-1.00000000E-001, 1.24602251E-003
 1.09000000E+000, 9.99938644E-002, 3.99844133E-001, 4.99449760E-001,-1.00000000E-001, 1.24587779E-003
 1.11000000E+000, 9.99938102E-002, 3.99839912E-001, 4.99430161E-001,-1.00000000E-001, 1.24573113E-003
 1.13000000E+000, 9.99937556E-002, 3.99835612E-001, 4.99410298E-001,-1.00000000E-001, 1.24558250E-003
 1.15000000E+000, 9.99937004E-002, 3.99831238E-001, 4.99390176E-001,-1.00000000E-001, 1.24543194E-003
 1.17000000E+000, 9.99936448E-002, 3.99826795E-001, 4.99369797E-001,-1.00000000E-001, 1.24527947E-003
 1.19000000E+000, 9.99935886E-002, 3.99822288E-001, 4.99349171E-001,-1.00000000E-001, 1.24512517E-003
 1.21000000E+000, 9.99935319E-002, 3.99817720E-001, 4.99328314E-001,-1.00000000E-001, 1.24496915E-003
 1.23000000E+000, 9.99934751E-002, 3.99813093E-001, 4.99307245E-001,-1.00000000E-001, 1.24481157E-003
 1.25000000E+000, 9.99934183E-002, 3.99808410E-001, 4.99285989E-001,-1.00000000E-001, 1.24465259E-003
 1.27000000E+000, 9.99933614E-002, 3.99803674E-001, 4.99264560E-001,-1.00000000E-001, 1.24449234E-003
 1.29000000E+000, 9.99933046E-002, 3.99798885E-001, 4.99242979E-001,-1.00000000E-001, 1.24433097E-003
 1.31000000E+000, 9.99932480E-002, 3.99794048E-001, 4.99221251E-001,-1.00000000E-001, 1.24416850E-003
 1.33000000E+000, 9.99931917E-002, 3.99789164E-001, 4.99199385E-001,-1.00000000E-001, 1.24400503E-003
 1.35000000E+000, 9.99931363E-002, 3.99784237E-001, 4.99177378E-001,-1.00000000E-001, 1.24384051E-003
 1.37000000E+000, 9.99930821E-002, 3.99779268E-001, 4.99155226E-001,-1.00000000E-001, 1.24367492E-003
 1.39000000E+000, 9.99930292E-002, 3.99774256E-001, 4.99132914E-001,-1.00000000E-001, 1.24350816E-003
 1.41000000E+000, 9.99929778E-002, 3.99769198E-001, 4.99110426E-001,-1.00000000E-001, 1.24334009E-003
 1.43000000E+000, 9.99929284E-002, 3.99764090E-001, 4.99087735E-001,-1.00000000E-001, 1.24317052E-003
 1.45000000E+000, 9.99928811E-002, 3.99758924E-001, 4.99064822E-001,-1.00000000E-001, 1.24299926E-003
 1.47000000E+000, 9.99928380E-002, 3.99753744E-001, 4.99041901E-001,-1.00000000E-001, 1.24282784E-003
 1.49000000E+000, 9.99928013E-002, 3.99748720E-001, 4.99019825E-001,-1.00000000E-001, 1.24266287E-003
 1.51000000E+000, 9.99927725E-002, 3.99743946E-001, 4.98999072E-001,-1.00000000E-001, 1.24250781E-003
 1.53000000E+000, 9.99927522E-002, 3.99739474E-001, 4.98979891E-001,-1.00000000E-001, 1.24236454E-003
 1.55000000E+000, 9.99927410E-002, 3.99735310E-001, 4.98962310E-001,-1.00000000E-001, 1.24223325E-003
 1.57000000E+000, 9.99927388E-002, 3.99731404E-001, 4.98946078E-001,-1.00000000E-001, 1.24211204E-003
 1.59000000E+000, 9.99927471E-002, 3.99727704E-001, 4.98930909E-001,-1.00000000E-001, 1.24199873E-003
 1.61000000E+000, 9.99927688E-002, 3.99724248E-001, 4.98916999E-001,-1.00000000E-001, 1.24189481E-003
 1.63000000E+000, 9.99928061E-002, 3.99721103E-001, 4.98904671E-001,-1.00000000E-001, 1.24180275E-003
 1.65000000E+000, 9.99928598E-002, 3.99718291E-001, 4.98894035E-001,-1.00000000E-001, 1.24172338E-003
 1.67000000E+000, 9.99929297E-002, 3.99715762E-001, 4.98884853E-001,-1.00000000E-001, 1.24165488E-003
 1.69000000E+000, 9.99930159E-002, 3.99713421E-001, 4.98876664E-001,-1.00000000E-001, 1.24159378E-003
 1.71000000E+000, 9.99931193E-002, 3.99711188E-001, 4.98869111E-001,-1.00000000E-001, 1.24153738E-003
 1.73000000E+000, 9.99932426E-002, 3.99709063E-001, 4.98862238E-001,-1.00000000E-001, 1.24148601E-003
 1.75000000E+000, 9.99933896E-002, 3.99707113E-001, 4.98856433E-001,-1.00000000E-001, 1.24144264E-003
 1.77000000E+000, 9.99935624E-002, 3.99705384E-001, 4.98851967E-001,-1.00000000E-001, 1.24140928E-003
 1.79000000E+000, 9.99937635E-002, 3.99703889E-001, 4.98848917E-001,-1.00000000E-001, 1.24138653E-003
 1.81000000E+000, 9.99939963E-002, 3.99702631E-001, 4.98847302E-001,-1.00000000E-001, 1.24137453E-003
 1.83000000E+000, 9.99942634E-002, 3.99701546E-001, 4.98846774E-001,-1.00000000E-001, 1.24137067E-003
 1.85000000E+000, 9.99945687E-002, 3.99700520E-001, 4.98846753E-001,-1.00000000E-001, 1.24137053E-003
 1.87000000E+000, 9.99949178E-002, 3.99699507E-001, 4.98847070E-001,-1.00000000E-001, 1.24137286E-003
 1.89000000E+000, 9.99953162E-002, 3.99698538E-001, 4.98847912E-001,-1.00000000E-001, 1.24137913E-003
 1.91000000E+000, 9.99957681E-002, 3.99697641E-001, 4.98849433E-001,-1.00000000E-001, 1.24139047E-003
 1.93000000E+000, 9.99962787E-002, 3.99696834E-001, 4.98851733E-001,-1.00000000E-001, 1.24140763E-003
 1.95000000E+000, 9.99968543E-002, 3.99696123E-001, 4.98854849E-001,-1.00000000E-001, 1.24143090E-003
 1.97000000E+000, 9.99975038E-002, 3.99695501E-001, 4.98858766E-001,-1.00000000E-001, 1.24146015E-003
 1.99000000E+000, 9.99982372E-002, 3.99694947E-001, 4.98863455E-001,-1.00000000E-001, 1.24149516E-003
 2.01000000E+000, 9.99990650E-002, 3.99694434E-001, 4.98868917E-001,-1.00000000E-001, 1.24153594E-003
 2.03000000E+000, 9.99999981E-002, 3.99693940E-001, 4.98875205E-001,-1.00000000E-001, 1.24158288E-003
 2.05000000E+000, 1.00001048E-001, 3.99693452E-001, 4.98882405E-001,-1.00000000E-001, 1.24163663E-003
 2.07000000E+000, 1.00002228E-001, 3.99692964E-001, 4.98890589E-001,-1.00000000E-001, 1.24169773E-003
 2.09000000E+000, 1.00003554E-001, 3.99692479E-001, 4.98899791E-001,-1.00000000E-001, 1.24176643E-003
 2.11000000E+000, 1.00005042E-001, 3.99691998E-001, 4.98910027E-001,-1.00000000E-001, 1.24184287E-003
 2.13000000E+000, 1.00006709E-001, 3.99691511E-001, 4.98921297E-001,-1.00000000E-001, 1.24192703E-003
 2.15000000E+000, 1.00008575E-001, 3.99691001E-001, 4.98933580E-001,-1.00000000E-001, 1.24201877E-003
 2.17000000E+000, 1.00010665E-001, 3.99690432E-001, 4.98946865E-001,-1.00000000E-001, 1.24211799E-003
 2.19000000E+000, 1.00013008E-001, 3.99689729E-001, 4.98961276E-001,-1.00000000E-001, 1.24222563E-003
 2.21000000E+000, 1.00015605E-001, 3.99688865E-001, 4.98976868E-001,-1.00000000E-001, 1.24234210E-003
 2.23000000E+000, 1.00018475E-001, 3.99687866E-001, 4.98993453E-001,-1.00000000E-001, 1.24246597E-003
 2.25000000E+000, 1.00021682E-001, 3.99686706E-001, 4.99010945E-001,-1.00000000E-001, 1.24259662E-003
 2.27000000E+000, 1.00025254E-001, 3.99685306E-001, 4.99029712E-001,-1.00000000E-001, 1.24273682E-003
 2.29000000E+000, 1.00029243E-001, 3.99683556E-001, 4.99050097E-001,-1.00000000E-001, 1.24288913E-003
 2.31000000E+000, 1.00033683E-001, 3.99681574E-001, 4.99071327E-001,-1.00000000E-001, 1.24304776E-003
 2.33000000E+000, 1.00038616E-001, 3.99679124E-001, 4.99094256E-001,-1.00000000E-001, 1.24321912E-003
 2.35000000E+000, 1.00044094E-001, 3.99676245E-001, 4.99118260E-001,-1.00000000E-001, 1.24339854E-003
 2.37000000E+000, 1.00050153E-001, 3.99672818E-001, 4.99143498E-001,-1.00000000E-001, 1.24358720E-003
 2.39000000E+000, 1.00056850E-001, 3.99668754E-001, 4.99169832E-001,-1.00000000E-001, 1.24378407E-003
 2.41000000E+000, 1.00064232E-001, 3.99664001E-001, 4.99196974E-001,-1.00000000E-001, 1.24398700E-003
 2.43000000E+000, 1.00072372E-001, 3.99658377E-001, 4.99225207E-001,-1.00000000E-001, 1.24419810E-003
 2.45000000E+000, 1.00081351E-001, 3.99651874E-001, 4.99254013E-001,-1.00000000E-001, 1.24441350E-003
 2.47000000E+000, 1.00091255E-001, 3.99644305E-001, 4.99283855E-001,-1.00000000E-001, 1.24463666E-003
 2.49000000E+000, 1.00102184E-001, 3.99635610E-001, 4.99314644E-001,-1.00000000E-001, 1.24486692E-003
 2.51000000E+000, 1.00114227E-001, 3.99625715E-001, 4.99346488E-001,-1.00000000E-001, 1.24510510E-003
 2.53000000E+000, 1.00127479E-001, 3.99614490E-001, 4.99379780E-001,-1.00000000E-001, 1.24535414E-003
 2.55000000E+000, 1.00142044E-001, 3.99601881E-001, 4.99414522E-001,-1.00000000E-001, 1.24561406E-003
 2.57000000E+000, 1.00158031E-001, 3.99587752E-001, 4.99451071E-001,-1.00000000E-001, 1.24588755E-003
 2.59000000E+000, 1.00175562E-001, 3.99571990E-001, 4.99489599E-001,-1.00000000E-001, 1.24617589E-003
 2.61000000E+000, 1.00194764E-001, 3.99554461E-001, 4.99530319E-001,-1.00000000E-001, 1.24648069E-003
 2.63000000E+000, 1.00215781E-001, 3.99535004E-001, 4.99573516E-001,-1.00000000E-001, 1.24680408E-003
 2.65000000E+000, 1.00238778E-001, 3.99513448E-001, 4.99619414E-001,-1.00000000E-001, 1.24714776E-003
 2.67000000E+000, 1.00263942E-001, 3.99489589E-001, 4.99668328E-001,-1.00000000E-001, 1.24751409E-003
 2.69000000E+000, 1.00291468E-001, 3.99463223E-001, 4.99720526E-001,-1.00000000E-001, 1.24790509E-003
 2.71000000E+000, 1.00321555E-001, 3.99434142E-001, 4.99776281E-001,-1.00000000E-001, 1.24832283E-003
 2.73000000E+000, 1.00354401E-001, 3.99402143E-001, 4.99835836E-001,-1.00000000E-001, 1.24876915E-003
 2.75000000E+000, 1.00390208E-001, 3.99367025E-001, 4.99899423E-001,-1.00000000E-001, 1.24924580E-003
 2.77000000E+000, 1.00429187E-001, 3.99328572E-001, 4.99967283E-001,-1.00000000E-001, 1.24975462E-003
 2.79000000E+000, 1.00471570E-001, 3.99286547E-001, 5.00039692E-001,-1.00000000E-001, 1.25029769E-003
 2.81000000E+000, 1.00517616E-001, 3.99240679E-001, 5.00116978E-001,-1.00000000E-001, 1.25087751E-003
 2.83000000E+000, 1.00567608E-001, 3.99190665E-001, 5.00199529E-001,-1.00000000E-001, 1.25149704E-003
 2.85000000E+000, 1.00621852E-001, 3.99136173E-001, 5.00287781E-001,-1.00000000E-001, 1.25215957E-003
 2.87000000E+000, 1.00680664E-001, 3.99076856E-001, 5.00382196E-001,-1.00000000E-001, 1.25286863E-003
 2.89000000E+000, 1.00744371E-001, 3.99012357E-001, 5.00483242E-001,-1.00000000E-001, 1.25362779E-003
 2.91000000E+000, 1.00813307E-001, 3.98942311E-001, 5.00591375E-001,-1.00000000E-001, 1.25444054E-003
 2.93000000E+000, 1.00887825E-001, 3.98866336E-001, 5.00707052E-001,-1.00000000E-001, 1.25531037E-003
 2.95000000E+000, 1.00968300E-001, 3.98784025E-001, 5.00830730E-001,-1.00000000E-001, 1.25624083E-003
 2.97000000E+000, 1.01055135E-001, 3.98694940E-001, 5.00962883E-001,-1.00000000E-001, 1.25723554E-003
 2.99000000E+000, 1.01148753E-001, 3.98598622E-001, 5.01103992E-001,-1.00000000E-001, 1.25829825E-003
 3.01000000E+000, 1.01249590E-001, 3.98494592E-001, 5.01254556E-001,-1.00000000E-001, 1.25943283E-003
 3.03000000E+000, 1.01358098E-001, 3.98382352E-001, 5.01415095E-001,-1.00000000E-001, 1.26064332E-003
 3.05000000E+000, 1.01474743E-001, 3.98261388E-001, 5.01586153E-001,-1.00000000E-001, 1.26193399E-003
 3.07000000E+000, 1.01600014E-001, 3.98131164E-001, 5.01768313E-001,-1.00000000E-001, 1.26330938E-003
 3.09000000E+000, 1.01734420E-001, 3.97991121E-001, 5.01962206E-001,-1.00000000E-001, 1.26477446E-003
 3.11000000E+000, 1.01878491E-001, 3.97840678E-001, 5.02168517E-001,-1.00000000E-001, 1.26633460E-003
 3.13000000E+000, 1.02032779E-001, 3.97679237E-001, 5.02387986E-001,-1.00000000E-001, 1.26799566E-003
 3.15000000E+000, 1.02197854E-001, 3.97506181E-001, 5.02621409E-001,-1.00000000E-001, 1.26976391E-003
 3.17000000E+000, 1.02374300E-001, 3.97320884E-001, 5.02869621E-001,-1.00000000E-001, 1.27164599E-003
 3.19000000E+000, 1.02562715E-001, 3.97122706E-001, 5.03133483E-001,-1.00000000E-001, 1.27364878E-003
 3.21000000E+000, 1.02763713E-001, 3.96910994E-001, 5.03413884E-001,-1.00000000E-001, 1.27577941E-003
 3.23000000E+000, 1.02977921E-001, 3.96685081E-001, 5.03711726E-001,-1.00000000E-001, 1.27804517E-003
 3.25000000E+000, 1.03205982E-001, 3.96444284E-001, 5.04027925E-001,-1.00000000E-001, 1.28045352E-003
 3.27000000E+000, 1.03448553E-001, 3.96187901E-001, 5.04363421E-001,-1.00000000E-001, 1.28301214E-003
 3.29000000E+000, 1.03706301E-001, 3.95915218E-001, 5.04719171E-001,-1.00000000E-001, 1.28572896E-003
 3.31000000E+000, 1.03979902E-001, 3.95625506E-001, 5.05096158E-001,-1.00000000E-001, 1.28861214E-003
 3.33000000E+000, 1.04270040E-001, 3.95318030E-001, 5.05495385E-001,-1.00000000E-001, 1.29167011E-003
 3.35000000E+000, 1.04577402E-001, 3.94992048E-001, 5.05917883E-001,-1.00000000E-001, 1.29491159E-003
 3.37000000E+000, 1.04902681E-001, 3.94646815E-001, 5.06364696E-001,-1.00000000E-001, 1.29834551E-003
 3.39000000E+000, 1.05246568E-001, 3.94281585E-001, 5.06836888E-001,-1.00000000E-001, 1.30198107E-003
 3.41000000E+000, 1.05609756E-001, 3.93895611E-001, 5.07335539E-001,-1.00000000E-001, 1.30582771E-003
 3.43000000E+000, 1.05992933E-001, 3.93488150E-001, 5.07861748E-001,-1.00000000E-001, 1.30989514E-003
 3.45000000E+000, 1.06396782E-001, 3.93058459E-001, 5.08416636E-001,-1.00000000E-001, 1.31419339E-003
 3.47000000E+000, 1.06821973E-001, 3.92605802E-001, 5.09001349E-001,-1.00000000E-001, 1.31873283E-003
 3.49000000E+000, 1.07269168E-001, 3.92129451E-001, 5.09617053E-001,-1.00000000E-001, 1.32352416E-003
 3.51000000E+000, 1.07739011E-001, 3.91628688E-001, 5.10264922E-001,-1.00000000E-001, 1.32857831E-003
 3.53000000E+000, 1.08232129E-001, 3.91102818E-001, 5.10946125E-001,-1.00000000E-001, 1.33390637E-003
 3.55000000E+000, 1.08749126E-001, 3.90551168E-001, 5.11661807E-001,-1.00000000E-001, 1.33951943E-003
 3.57000000E+000, 1.09290584E-001, 3.89973098E-001, 5.12413072E-001,-1.00000000E-001, 1.34542848E-003
 3.59000000E+000, 1.09857053E-001, 3.89368000E-001, 5.13200984E-001,-1.00000000E-001, 1.35164442E-003
 3.61000000E+000, 1.10449055E-001, 3.88735303E-001, 5.14026571E-001,-1.00000000E-001, 1.35817810E-003
 3.63000000E+000, 1.11067076E-001, 3.88074473E-001, 5.14890839E-001,-1.00000000E-001, 1.36504042E-003
 3.65000000E+000, 1.11711561E-001, 3.87385010E-001, 5.15794783E-001,-1.00000000E-001, 1.37224245E-003
 3.67000000E+000, 1.12382917E-001, 3.86666454E-001, 5.16739393E-001,-1.00000000E-001, 1.37979552E-003
 3.69000000E+000, 1.13081501E-001, 3.85918387E-001, 5.17725651E-001,-1.00000000E-001, 1.38771111E-003
 3.71000000E+000, 1.13807626E-001, 3.85140435E-001, 5.18754513E-001,-1.00000000E-001, 1.39600084E-003
 3.73000000E+000, 1.14561551E-001, 3.84332280E-001, 5.19826900E-001,-1.00000000E-001, 1.40467632E-003
 3.75000000E+000, 1.15343480E-001, 3.83493658E-001, 5.20943686E-001,-1.00000000E-001, 1.41374912E-003
 3.77000000E+000, 1.16153560E-001, 3.82624366E-001, 5.22105697E-001,-1.00000000E-001, 1.42323071E-003
 3.79000000E+000, 1.16991879E-001, 3.81724259E-001, 5.23313709E-001,-1.00000000E-001, 1.43313251E-003
 3.81000000E+000, 1.17858461E-001, 3.80793258E-001, 5.24568449E-001,-1.00000000E-001, 1.44346583E-003
 3.83000000E+000, 1.18753266E-001, 3.79831350E-001, 5.25870583E-001,-1.00000000E-001, 1.45424186E-003
 3.85000000E+000, 1.19676186E-001, 3.78838593E-001, 5.27220703E-001,-1.00000000E-001, 1.46547150E-003
 3.87000000E+000, 1.20627047E-001, 3.77815121E-001, 5.28619308E-001,-1.00000000E-001, 1.47716522E-003
 3.89000000E+000, 1.21605604E-001, 3.76761143E-001, 5.30066799E-001,-1.00000000E-001, 1.48933302E-003
 3.91000000E+000, 1.22611541E-001, 3.75676949E-001, 5.31563479E-001,-1.00000000E-001, 1.50198437E-003
 3.93000000E+000, 1.23644471E-001, 3.74562900E-001, 5.33109565E-001,-1.00000000E-001, 1.51512838E-003
 3.95000000E+000, 1.24703937E-001, 3.73419433E-001, 5.34705207E-001,-1.00000000E-001, 1.52877386E-003
 3.97000000E+000, 1.25789406E-001, 3.72247054E-001, 5.36350491E-001,-1.00000000E-001, 1.54292941E-003
 3.99000000E+000, 1.26900279E-001, 3.71046339E-001, 5.38045437E-001,-1.00000000E-001, 1.55760332E-003
 4.01000000E+000, 1.28035883E-001, 3.69817937E-001, 5.39789976E-001,-1.00000000E-001, 1.57280345E-003
 4.03000000E+000, 1.29195477E-001, 3.68562573E-001, 5.41583938E-001,-1.00000000E-001, 1.58853699E-003
 4.05000000E+000, 1.30378254E-001, 3.67281048E-001, 5.43427030E-001,-1.00000000E-001, 1.60481034E-003
 4.07000000E+000, 1.31583342E-001, 3.65974236E-001, 5.45318844E-001,-1.00000000E-001, 1.62162907E-003
 4.09000000E+000, 1.32809804E-001, 3.64643078E-001, 5.47258867E-001,-1.00000000E-001, 1.63899801E-003
 4.11000000E+000, 1.34056645E-001, 3.63288579E-001, 5.49246498E-001,-1.00000000E-001, 1.65692135E-003
 4.13000000E+000, 1.35322813E-001, 3.61911803E-001, 5.51281046E-001,-1.00000000E-001, 1.67540261E-003
 4.15000000E+000, 1.36607203E-001, 3.60513872E-001, 5.53361718E-001,-1.00000000E-001, 1.69444446E-003
 4.17000000E+000, 1.37908659E-001, 3.59095967E-001, 5.55487599E-001,-1.00000000E-001, 1.71404851E-003
 4.19000000E+000, 1.39225982E-001, 3.57659325E-001, 5.57657633E-001,-1.00000000E-001, 1.73421507E-003
 4.21000000E+000, 1.40557932E-001, 3.56205239E-001, 5.59870626E-001,-1.00000000E-001, 1.75494315E-003
 4.23000000E+000, 1.41903232E-001, 3.54735046E-001, 5.62125265E-001,-1.00000000E-001, 1.77623049E-003
 4.25000000E+000, 1.43260572E-001, 3.53250119E-001, 5.64420145E-001,-1.00000000E-001, 1.79807385E-003
 4.27000000E+000, 1.44628619E-001, 3.51751858E-001, 5.66753796E-001,-1.00000000E-001, 1.82046913E-003
 4.29000000E+000, 1.46006015E-001, 3.50241683E-001, 5.69124698E-001,-1.00000000E-001, 1.84341155E-003
 4.31000000E+000, 1.47391391E-001, 3.48721022E-001, 5.71531297E-001,-1.00000000E-001, 1.86689571E-003
 4.33000000E+000, 1.48783373E-001, 3.47191309E-001, 5.73972002E-001,-1.00000000E-001, 1.89091553E-003
 4.35000000E+000, 1.50180604E-001, 3.45653961E-001, 5.76445188E-001,-1.00000000E-001, 1.91546428E-003
 4.37000000E+000, 1.51581778E-001, 3.44110356E-001, 5.78949226E-001,-1.00000000E-001, 1.94053479E-003
 4.39000000E+000, 1.52985698E-001, 3.42561766E-001, 5.81482587E-001,-1.00000000E-001, 1.96612055E-003
 4.41000000E+000, 1.54391410E-001, 3.41009220E-001, 5.84044131E-001,-1.00000000E-001, 1.99221861E-003
 4.43000000E+000, 1.55798549E-001, 3.39453133E-001, 5.86633880E-001,-1.00000000E-001, 2.01883779E-003
 4.45000000E+000, 1.57208315E-001, 3.37892305E-001, 5.89255360E-001,-1.00000000E-001, 2.04602355E-003
 4.47000000E+000, 1.58624740E-001, 3.36320767E-001, 5.91925045E-001,-1.00000000E-001, 2.07395893E-003
 4.49000000E+000, 1.60038940E-001, 3.34749484E-001, 5.94606528E-001,-1.00000000E-001, 2.10227256E-003
 4.51000000E+000, 1.61439504E-001, 3.33192016E-001, 5.97288312E-001,-1.00000000E-001, 2.13084595E-003
 4.53000000E+000, 1.62823028E-001, 3.31651823E-001, 5.99964861E-001,-1.00000000E-001, 2.15962054E-003
 4.55000000E+000, 1.64188721E-001, 3.30128651E-001, 6.02626579E-001,-1.00000000E-001, 2.18849144E-003
 4.57000000E+000, 1.65540814E-001, 3.28619715E-001, 6.05287860E-001,-1.00000000E-001, 2.21761369E-003
 4.59000000E+000, 1.66885890E-001, 3.27117352E-001, 6.07960018E-001,-1.00000000E-001, 2.24711378E-003
 4.61000000E+000, 1.68231268E-001, 3.25610049E-001, 6.10674496E-001,-1.00000000E-001, 2.27734776E-003
 4.63000000E+000, 1.69576388E-001, 3.24101209E-001, 6.13415383E-001,-1.00000000E-001, 2.30814981E-003
 4.65000000E+000, 1.70915309E-001, 3.22597050E-001, 6.16165654E-001,-1.00000000E-001, 2.33933524E-003
 4.67000000E+000, 1.72238448E-001, 3.21109463E-001, 6.18913237E-001,-1.00000000E-001, 2.37076942E-003
 4.69000000E+000, 1.73534015E-001, 3.19650391E-001, 6.21627259E-001,-1.00000000E-001, 2.40209488E-003
 4.71000000E+000, 1.74794171E-001, 3.18228686E-001, 6.24288274E-001,-1.00000000E-001, 2.43307523E-003
 4.73000000E+000, 1.76018787E-001, 3.16844963E-001, 6.26895339E-001,-1.00000000E-001, 2.46368472E-003
 4.75000000E+000, 1.77214339E-001, 3.15492233E-001, 6.29460826E-001,-1.00000000E-001, 2.49405560E-003
 4.77000000E+000, 1.78391303E-001, 3.14159324E-001, 6.32006846E-001,-1.00000000E-001, 2.52444177E-003
 4.79000000E+000, 1.79560471E-001, 3.12834984E-001, 6.34560832E-001,-1.00000000E-001, 2.55516997E-003
 4.81000000E+000, 1.80731439E-001, 3.11504812E-001, 6.37155527E-001,-1.00000000E-001, 2.58664225E-003
 4.83000000E+000, 1.81914467E-001, 3.10160857E-001, 6.39795080E-001,-1.00000000E-001, 2.61892276E-003
 4.85000000E+000, 1.83098972E-001, 3.08809347E-001, 6.42478044E-001,-1.00000000E-001, 2.65200831E-003
 4.87000000E+000, 1.84256226E-001, 3.07489685E-001, 6.45117009E-001,-1.00000000E-001, 2.68482191E-003
 4.89000000E+000, 1.85369444E-001, 3.06218138E-001, 6.47673514E-001,-1.00000000E-001, 2.71686725E-003
 4.91000000E+000, 1.86426801E-001, 3.05008616E-001, 6.50118622E-001,-1.00000000E-001, 2.74775386E-003
 4.93000000E+000, 1.87423895E-001, 3.03866083E-001, 6.52436145E-001,-1.00000000E-001, 2.77724409E-003
 4.95000000E+000, 1.88364997E-001, 3.02786551E-001, 6.54636445E-001,-1.00000000E-001, 2.80543720E-003
 4.97000000E+000, 1.89261128E-001, 3.01757274E-001, 6.56741614E-001,-1.00000000E-001, 2.83258936E-003
 4.99000000E+000, 1.90127124E-001, 3.00762412E-001, 6.58791431E-001,-1.00000000E-001, 2.85919542E-003
 5.01000000E+000, 1.90976438E-001, 2.99785753E-001, 6.60811354E-001,-1.00000000E-001, 2.88557592E-003
 5.03000000E+000, 1.91819725E-001, 2.98816710E-001, 6.62834269E-001,-1.00000000E-001, 2.91215764E-003
 5.05000000E+000, 1.92664763E-001, 2.97843668E-001, 6.64882970E-001,-1.00000000E-001, 2.93924404E-003
 5.07000000E+000, 1.93520943E-001, 2.96858377E-001, 6.66970532E-001,-1.00000000E-001, 2.96701643E-003
 5.09000000E+000, 1.94410191E-001, 2.95833219E-001, 6.69160286E-001,-1.00000000E-001, 2.99633584E-003
 5.11000000E+000, 1.95305605E-001, 2.94797284E-001, 6.71387542E-001,-1.00000000E-001, 3.02635486E-003
 5.13000000E+000, 1.96152744E-001, 2.93818292E-001, 6.73505430E-001,-1.00000000E-001, 3.05508517E-003
 5.15000000E+000, 1.96929459E-001, 2.92920384E-001, 6.75456918E-001,-1.00000000E-001, 3.08171863E-003
 5.17000000E+000, 1.97617506E-001, 2.92124610E-001, 6.77187773E-001,-1.00000000E-001, 3.10546997E-003
 5.19000000E+000, 1.98203407E-001, 2.91447616E-001, 6.78660900E-001,-1.00000000E-001, 3.12578064E-003
 5.21000000E+000, 1.98680095E-001, 2.90897535E-001, 6.79849894E-001,-1.00000000E-001, 3.14223839E-003
 5.23000000E+000, 1.99048727E-001, 2.90474141E-001, 6.80758242E-001,-1.00000000E-001, 3.15485030E-003
 5.25000000E+000, 1.99316889E-001, 2.90167758E-001, 6.81396671E-001,-1.00000000E-001, 3.16373461E-003
 5.27000000E+000, 1.99499324E-001, 2.89963109E-001, 6.81813275E-001,-1.00000000E-001, 3.16954104E-003
 5.29000000E+000, 1.99612463E-001, 2.89839037E-001, 6.82039637E-001,-1.00000000E-001, 3.17269900E-003
 5.31000000E+000, 1.99675128E-001, 2.89775766E-001, 6.82140708E-001,-1.00000000E-001, 3.17410966E-003
 5.33000000E+000, 1.99703960E-001, 2.89750078E-001, 6.82146927E-001,-1.00000000E-001, 3.17419645E-003
 5.35000000E+000, 1.99716457E-001, 2.89744444E-001, 6.82135263E-001,-1.00000000E-001, 3.17403362E-003
 5.37000000E+000, 1.99713944E-001, 2.89764441E-001, 6.82016639E-001,-1.00000000E-001, 3.17237800E-003
 5.39000000E+000, 1.99702642E-001, 2.89788812E-001, 6.81931322E-001,-1.00000000E-001, 3.17118761E-003
 5.41000000E+000, 1.99670560E-001, 2.89838824E-001, 6.81780486E-001,-1.00000000E-001, 3.16908379E-003
 5.43000000E+000, 1.99602095E-001, 2.89930366E-001, 6.81540068E-001,-1.00000000E-001, 3.16573242E-003
 5.45000000E+000, 1.99477523E-001, 2.90087786E-001, 6.81152497E-001,-1.00000000E-001, 3.16033474E-003
 5.47000000E+000, 1.99273673E-001, 2.90337663E-001, 6.80561365E-001,-1.00000000E-001, 3.15211388E-003
 5.49000000E+000, 1.98963577E-001, 2.90711635E-001, 6.79697118E-001,-1.00000000E-001, 3.14012048E-003
 5.51000000E+000, 1.98517331E-001, 2.91244504E-001, 6.78484887E-001,-1.00000000E-001, 3.12334933E-003
 5.53000000E+000, 1.97903879E-001, 2.91972539E-001, 6.76847301E-001,-1.00000000E-001, 3.10078839E-003
 5.55000000E+000, 1.97094053E-001, 2.92929571E-001, 6.74714813E-001,-1.00000000E-001, 3.07157242E-003
 5.57000000E+000, 1.96064762E-001, 2.94142223E-001, 6.72036083E-001,-1.00000000E-001, 3.03513350E-003
 5.59000000E+000, 1.94804117E-001, 2.95623736E-001, 6.68792106E-001,-1.00000000E-001, 2.99139274E-003
 5.61000000E+000, 1.93316401E-001, 2.97368126E-001, 6.65008396E-001,-1.00000000E-001, 2.94090777E-003
 5.63000000E+000, 1.91624957E-001, 2.99346739E-001, 6.60761178E-001,-1.00000000E-001, 2.88491867E-003
 5.65000000E+000, 1.89770606E-001, 3.01510142E-001, 6.56171145E-001,-1.00000000E-001, 2.82521432E-003
 5.67000000E+000, 1.87803910E-001, 3.03797313E-001, 6.51381442E-001,-1.00000000E-001, 2.76379709E-003
 5.69000000E+000, 1.85773109E-001, 3.06148953E-001, 6.46527383E-001,-1.00000000E-001, 2.70246939E-003
 5.71000000E+000, 1.83707920E-001, 3.08530690E-001, 6.41685291E-001,-1.00000000E-001, 2.64220350E-003
 5.73000000E+000, 1.81611034E-001, 3.10940992E-001, 6.36864566E-001,-1.00000000E-001, 2.58310029E-003
 5.75000000E+000, 1.79462553E-001, 3.13397701E-001, 6.32036221E-001,-1.00000000E-001, 2.52479379E-003
 5.77000000E+000, 1.77228705E-001, 3.15944736E-001, 6.27101325E-001,-1.00000000E-001, 2.46611414E-003
 5.79000000E+000, 1.74883193E-001, 3.18611861E-001, 6.22009411E-001,-1.00000000E-001, 2.40652767E-003
 5.81000000E+000, 1.72425793E-001, 3.21396148E-001, 6.16766165E-001,-1.00000000E-001, 2.34618142E-003
 5.83000000E+000, 1.69949107E-001, 3.24198692E-001, 6.11569617E-001,-1.00000000E-001, 2.28737798E-003
 5.85000000E+000, 1.67533266E-001, 3.26923974E-001, 6.06575436E-001,-1.00000000E-001, 2.23179426E-003
 5.87000000E+000, 1.65166035E-001, 3.29585925E-001, 6.01778431E-001,-1.00000000E-001, 2.17926152E-003
 5.89000000E+000, 1.62838054E-001, 3.32202448E-001, 5.97178673E-001,-1.00000000E-001, 2.12967622E-003
 5.91000000E+000, 1.60547320E-001, 3.34767175E-001, 5.92713891E-001,-1.00000000E-001, 2.08226551E-003
 5.93000000E+000, 1.58295087E-001, 3.37273615E-001, 5.88349416E-001,-1.00000000E-001, 2.03659583E-003
 5.95000000E+000, 1.56083806E-001, 3.39733782E-001, 5.84159441E-001,-1.00000000E-001, 1.99339288E-003
 5.97000000E+000, 1.53915410E-001, 3.42152930E-001, 5.80179556E-001,-1.00000000E-001, 1.95293824E-003
 5.99000000E+000, 1.51791296E-001, 3.44511919E-001, 5.76312643E-001,-1.00000000E-001, 1.91415087E-003
 6.01000000E+000, 1.49713384E-001, 3.46799479E-001, 5.72506407E-001,-1.00000000E-001, 1.87646185E-003
 6.03000000E+000, 1.47683901E-001, 3.49033836E-001, 5.68865732E-001,-1.00000000E-001, 1.84088641E-003
 6.05000000E+000, 1.45704141E-001, 3.51227336E-001, 5.65458536E-001,-1.00000000E-001, 1.80802022E-003
 6.07000000E+000, 1.43774536E-001, 3.53359000E-001, 5.62172663E-001,-1.00000000E-001, 1.77669087E-003
 6.09000000E+000, 1.41895959E-001, 3.55410416E-001, 5.58912002E-001,-1.00000000E-001, 1.74594145E-003
 6.11000000E+000, 1.40069799E-001, 3.57399920E-001, 5.55774958E-001,-1.00000000E-001, 1.71669747E-003
 6.13000000E+000, 1.38296677E-001, 3.59349619E-001, 5.52874651E-001,-1.00000000E-001, 1.68997343E-003
 6.15000000E+000, 1.36576179E-001, 3.61244505E-001, 5.50125443E-001,-1.00000000E-001, 1.66490090E-003
 6.17000000E+000, 1.34908113E-001, 3.63058947E-001, 5.47388116E-001,-1.00000000E-001, 1.64016320E-003
 6.19000000E+000, 1.33293011E-001, 3.64802443E-001, 5.44709201E-001,-1.00000000E-001, 1.61618521E-003
 6.21000000E+000, 1.31731095E-001, 3.66503055E-001, 5.42229096E-001,-1.00000000E-001, 1.59421357E-003
 6.23000000E+000, 1.30221625E-001, 3.68160432E-001, 5.39936068E-001,-1.00000000E-001, 1.57408914E-003
 6.25000000E+000, 1.28763654E-001, 3.69749155E-001, 5.37688990E-001,-1.00000000E-001, 1.55451967E-003
 6.27000000E+000, 1.27356859E-001, 3.71261549E-001, 5.35442411E-001,-1.00000000E-001, 1.53510142E-003
 6.29000000E+000, 1.26001173E-001, 3.72721078E-001, 5.33310410E-001,-1.00000000E-001, 1.51683030E-003
 6.31000000E+000, 1.24695911E-001, 3.74144322E-001, 5.31369760E-001,-1.00000000E-001, 1.50034147E-003
 6.33000000E+000, 1.23439823E-001, 3.75517942E-001, 5.29542836E-001,-1.00000000E-001, 1.48493062E-003
 6.35000000E+000, 1.22231838E-001, 3.76822902E-001, 5.27719438E-001,-1.00000000E-001, 1.46964065E-003
 6.37000000E+000, 1.21071418E-001, 3.78062857E-001, 5.25915692E-001,-1.00000000E-001, 1.45460895E-003
 6.39000000E+000, 1.19957991E-001, 3.79261643E-001, 5.24244424E-001,-1.00000000E-001, 1.44078426E-003
 6.41000000E+000, 1.18890426E-001, 3.80426153E-001, 5.22731086E-001,-1.00000000E-001, 1.42835288E-003
 6.43000000E+000, 1.17867303E-001, 3.81540416E-001, 5.21287746E-001,-1.00000000E-001, 1.41656162E-003
 6.45000000E+000, 1.16887478E-001, 3.82591842E-001, 5.19835916E-001,-1.00000000E-001, 1.40475202E-003
 6.47000000E+000, 1.15950227E-001, 3.83588931E-001, 5.18417039E-001,-1.00000000E-001, 1.39327024E-003
 6.49000000E+000, 1.15054683E-001, 3.84552481E-001, 5.17126671E-001,-1.00000000E-001, 1.38289422E-003
 6.51000000E+000, 1.14199524E-001, 3.85484160E-001, 5.15962440E-001,-1.00000000E-001, 1.37358414E-003
 6.53000000E+000, 1.13383297E-001, 3.86369115E-001, 5.14842330E-001,-1.00000000E-001, 1.36466288E-003
 6.55000000E+000, 1.12604838E-001, 3.87198957E-001, 5.13710062E-001,-1.00000000E-001, 1.35567090E-003
 6.57000000E+000, 1.11863317E-001, 3.87984584E-001, 5.12617461E-001,-1.00000000E-001, 1.34703176E-003
 6.59000000E+000, 1.11157707E-001, 3.88742852E-001, 5.11639643E-001,-1.00000000E-001, 1.33934148E-003
 6.61000000E+000, 1.10486642E-001, 3.89472289E-001, 5.10758451E-001,-1.00000000E-001, 1.33244097E-003
 6.63000000E+000, 1.09848722E-001, 3.90160299E-001, 5.09902632E-001,-1.00000000E-001, 1.32575691E-003
 6.65000000E+000, 1.09242833E-001, 3.90801805E-001, 5.09036416E-001,-1.00000000E-001, 1.31900379E-003
 6.67000000E+000, 1.08668091E-001, 3.91408633E-001, 5.08214113E-001,-1.00000000E-001, 1.31261729E-003
 6.69000000E+000, 1.08123418E-001, 3.91992993E-001, 5.07488543E-001,-1.00000000E-001, 1.30700715E-003
 6.71000000E+000, 1.07607501E-001, 3.92551768E-001, 5.06834774E-001,-1.00000000E-001, 1.30196888E-003
 6.73000000E+000, 1.07119053E-001, 3.93075020E-001, 5.06194857E-001,-1.00000000E-001, 1.29704437E-003
 6.75000000E+000, 1.06657039E-001, 3.93560059E-001, 5.05548072E-001,-1.00000000E-001, 1.29207163E-003
 6.77000000E+000, 1.06220584E-001, 3.94017945E-001, 5.04943612E-001,-1.00000000E-001, 1.28743973E-003
 6.79000000E+000, 1.05808658E-001, 3.94457595E-001, 5.04418629E-001,-1.00000000E-001, 1.28343187E-003
 6.81000000E+000, 1.05420070E-001, 3.94875944E-001, 5.03949344E-001,-1.00000000E-001, 1.27985806E-003
 6.83000000E+000, 1.05053668E-001, 3.95265323E-001, 5.03489903E-001,-1.00000000E-001, 1.27636150E-003
 6.85000000E+000, 1.04708507E-001, 3.95623731E-001, 5.03023356E-001,-1.00000000E-001, 1.27281071E-003
 6.87000000E+000, 1.04383782E-001, 3.95960269E-001, 5.02589784E-001,-1.00000000E-001, 1.26951987E-003
 6.89000000E+000, 1.04078573E-001, 3.96282508E-001, 5.02220006E-001,-1.00000000E-001, 1.26672255E-003
 6.91000000E+000, 1.03791847E-001, 3.96588389E-001, 5.01896196E-001,-1.00000000E-001, 1.26427767E-003
 6.93000000E+000, 1.03522598E-001, 3.96871803E-001, 5.01582363E-001,-1.00000000E-001, 1.26190894E-003
 6.95000000E+000, 1.03269983E-001, 3.97130662E-001, 5.01260106E-001,-1.00000000E-001, 1.25947388E-003
 6.97000000E+000, 1.03033297E-001, 3.97371472E-001, 5.00958684E-001,-1.00000000E-001, 1.25720052E-003
 6.99000000E+000, 1.02811761E-001, 3.97601311E-001, 5.00706842E-001,-1.00000000E-001, 1.25530726E-003
 7.01000000E+000, 1.02604508E-001, 3.97819098E-001, 5.00492825E-001,-1.00000000E-001, 1.25370113E-003
 7.03000000E+000, 1.02410691E-001, 3.98020039E-001, 5.00288592E-001,-1.00000000E-001, 1.25216858E-003
 7.05000000E+000, 1.02229586E-001, 3.98202235E-001, 5.00076857E-001,-1.00000000E-001, 1.25057635E-003
 7.07000000E+000, 1.02060597E-001, 3.98370117E-001, 4.99878014E-001,-1.00000000E-001, 1.24908274E-003
 7.09000000E+000, 1.01903085E-001, 3.98529754E-001, 4.99716784E-001,-1.00000000E-001, 1.24787590E-003
 7.11000000E+000, 1.01756338E-001, 3.98680468E-001, 4.99584568E-001,-1.00000000E-001, 1.24688784E-003
 7.13000000E+000, 1.01619662E-001, 3.98818505E-001, 4.99459221E-001,-1.00000000E-001, 1.24595065E-003
 7.15000000E+000, 1.01492477E-001, 3.98942430E-001, 4.99327562E-001,-1.00000000E-001, 1.24496312E-003
 7.17000000E+000, 1.01374302E-001, 3.99056318E-001, 4.99207934E-001,-1.00000000E-001, 1.24406703E-003
 7.19000000E+000, 1.01264606E-001, 3.99164431E-001, 4.99117144E-001,-1.00000000E-001, 1.24338959E-003
 7.21000000E+000, 1.01162808E-001, 3.99265095E-001, 4.99043517E-001,-1.00000000E-001, 1.24284114E-003
 7.23000000E+000, 1.01068381E-001, 3.99355795E-001, 4.98969430E-001,-1.00000000E-001, 1.24228755E-003
 7.25000000E+000, 1.00980909E-001, 3.99437053E-001, 4.98896152E-001,-1.00000000E-001, 1.24173854E-003
 7.27000000E+000, 1.00899984E-001, 3.99512921E-001, 4.98840252E-001,-1.00000000E-001, 1.24132147E-003
 7.29000000E+000, 1.00825147E-001, 3.99583679E-001, 4.98799797E-001,-1.00000000E-001, 1.24102075E-003
 7.31000000E+000, 1.00755957E-001, 3.99647397E-001, 4.98762213E-001,-1.00000000E-001, 1.24074025E-003
 7.33000000E+000, 1.00692057E-001, 3.99703750E-001, 4.98723810E-001,-1.00000000E-001, 1.24045235E-003
 7.35000000E+000, 1.00633123E-001, 3.99755352E-001, 4.98695216E-001,-1.00000000E-001, 1.24023899E-003
 7.37000000E+000, 1.00578827E-001, 3.99803654E-001, 4.98680791E-001,-1.00000000E-001, 1.24013220E-003
 7.39000000E+000, 1.00528789E-001, 3.99847137E-001, 4.98670412E-001,-1.00000000E-001, 1.24005517E-003
 7.41000000E+000, 1.00482757E-001, 3.99885157E-001, 4.98659021E-001,-1.00000000E-001, 1.23996952E-003
 7.43000000E+000, 1.00440373E-001, 3.99919565E-001, 4.98653216E-001,-1.00000000E-001, 1.23992611E-003
 7.45000000E+000, 1.00401479E-001, 3.99950837E-001, 4.98654420E-001,-1.00000000E-001, 1.23993513E-003
 7.47000000E+000, 1.00365769E-001, 3.99978616E-001, 4.98659626E-001,-1.00000000E-001, 1.23997410E-003
 7.49000000E+000, 1.00333001E-001, 4.00003306E-001, 4.98668479E-001,-1.00000000E-001, 1.24004029E-003
 7.51000000E+000, 1.00302957E-001, 4.00025078E-001, 4.98680016E-001,-1.00000000E-001, 1.24012641E-003
 7.53000000E+000, 1.00275432E-001, 4.00044126E-001, 4.98693651E-001,-1.00000000E-001, 1.24022806E-003
 7.55000000E+000, 1.00250238E-001, 4.00060725E-001, 4.98709453E-001,-1.00000000E-001, 1.24034582E-003
 7.57000000E+000, 1.00227203E-001, 4.00075173E-001, 4.98727836E-001,-1.00000000E-001, 1.24048292E-003
 7.59000000E+000, 1.00206167E-001, 4.00087716E-001, 4.98748960E-001,-1.00000000E-001, 1.24064060E-003
 7.61000000E+000, 1.00186973E-001, 4.00098508E-001, 4.98772367E-001,-1.00000000E-001, 1.24081541E-003
 7.63000000E+000, 1.00169475E-001, 4.00107638E-001, 4.98797179E-001,-1.00000000E-001, 1.24100069E-003
 7.65000000E+000, 1.00153526E-001, 4.00115182E-001, 4.98822689E-001,-1.00000000E-001, 1.24119109E-003
 7.67000000E+000, 1.00138989E-001, 4.00121269E-001, 4.98848781E-001,-1.00000000E-001, 1.24138578E-003
 7.69000000E+000, 1.00125761E-001, 4.00126071E-001, 4.98875830E-001,-1.00000000E-001, 1.24158762E-003
 7.71000000E+000, 1.00113774E-001, 4.00129761E-001, 4.98904197E-001,-1.00000000E-001, 1.24179941E-003
 7.73000000E+000, 1.00102890E-001, 4.00132538E-001, 4.98933779E-001,-1.00000000E-001, 1.24202037E-003
 7.75000000E+000, 1.00092930E-001, 4.00134593E-001, 4.98963904E-001,-1.00000000E-001, 1.24224553E-003
 7.77000000E+000, 1.00083879E-001, 4.00135895E-001, 4.98994226E-001,-1.00000000E-001, 1.24247204E-003
 7.79000000E+000, 1.00075657E-001, 4.00136220E-001, 4.99022900E-001,-1.00000000E-001, 1.24268611E-003
 7.81000000E+000, 1.00068238E-001, 4.00135704E-001, 4.99052901E-001,-1.00000000E-001, 1.24291024E-003
 7.83000000E+000, 1.00061484E-001, 4.00134848E-001, 4.99082471E-001,-1.00000000E-001, 1.24313113E-003
 7.85000000E+000, 1.00055406E-001, 4.00133440E-001, 4.99113192E-001,-1.00000000E-001, 1.24336071E-003
 7.87000000E+000, 1.00049870E-001, 4.00131742E-001, 4.99143620E-001,-1.00000000E-001, 1.24358817E-003
 7.89000000E+000, 1.00044900E-001, 4.00129701E-001, 4.99174228E-001,-1.00000000E-001, 1.24381702E-003
 7.91000000E+000, 1.00040365E-001, 4.00127294E-001, 4.99204232E-001,-1.00000000E-001, 1.24404137E-003
 7.93000000E+000, 1.00036322E-001, 4.00124535E-001, 4.99233756E-001,-1.00000000E-001, 1.24426208E-003
 7.95000000E+000, 1.00032638E-001, 4.00121492E-001, 4.99262319E-001,-1.00000000E-001, 1.24447561E-003
 7.97000000E+000, 1.00029349E-001, 4.00118255E-001, 4.99290521E-001,-1.00000000E-001, 1.24468647E-003
 7.99000000E+000, 1.00026370E-001, 4.00114931E-001, 4.99318300E-001,-1.00000000E-001, 1.24489421E-003
 8.01000000E+000, 1.00023699E-001, 4.00111572E-001, 4.99345885E-001,-1.00000000E-001, 1.24510058E-003
 8.03000000E+000, 1.00021288E-001, 4.00108172E-001, 4.99372999E-001,-1.00000000E-001, 1.24530347E-003
 8.05000000E+000, 1.00019123E-001, 4.00104687E-001, 4.99399363E-001,-1.00000000E-001, 1.24550076E-003
 8.07000000E+000, 1.00017171E-001, 4.00101093E-001, 4.99424663E-001,-1.00000000E-001, 1.24569007E-003
 8.09000000E+000, 1.00015419E-001, 4.00097378E-001, 4.99448837E-001,-1.00000000E-001, 1.24587086E-003
 8.11000000E+000, 1.00013845E-001, 4.00093682E-001, 4.99472324E-001,-1.00000000E-001, 1.24604658E-003
 8.13000000E+000, 1.00012429E-001, 4.00090106E-001, 4.99495616E-001,-1.00000000E-001, 1.24622095E-003
 8.15000000E+000, 1.00011162E-001, 4.00086619E-001, 4.99518531E-001,-1.00000000E-001, 1.24639252E-003
 8.17000000E+000, 1.00010020E-001, 4.00083160E-001, 4.99540660E-001,-1.00000000E-001, 1.24655821E-003
 8.19000000E+000, 1.00009000E-001, 4.00079681E-001, 4.99561810E-001,-1.00000000E-001, 1.24671661E-003
 8.21000000E+000, 1.00008078E-001, 4.00076114E-001, 4.99581617E-001,-1.00000000E-001, 1.24686479E-003
 8.23000000E+000, 1.00007255E-001, 4.00072587E-001, 4.99600582E-001,-1.00000000E-001, 1.24700672E-003
 8.25000000E+000, 1.00006515E-001, 4.00069258E-001, 4.99619474E-001,-1.00000000E-001, 1.24714822E-003
 8.27000000E+000, 1.00005854E-001, 4.00066118E-001, 4.99638234E-001,-1.00000000E-001, 1.24728878E-003
 8.29000000E+000, 1.00005258E-001, 4.00063079E-001, 4.99656349E-001,-1.00000000E-001, 1.24742447E-003
 8.31000000E+000, 1.00004721E-001, 4.00060035E-001, 4.99673354E-001,-1.00000000E-001, 1.24755190E-003
 8.33000000E+000, 1.00004239E-001, 4.00056959E-001, 4.99689035E-001,-1.00000000E-001, 1.24766920E-003
 8.35000000E+000, 1.00003810E-001, 4.00054021E-001, 4.99704212E-001,-1.00000000E-001, 1.24778286E-003
 8.37000000E+000, 1.00003428E-001, 4.00051327E-001, 4.99719456E-001,-1.00000000E-001, 1.24789712E-003
 8.39000000E+000, 1.00003083E-001, 4.00048803E-001, 4.99734333E-001,-1.00000000E-001, 1.24800865E-003
 8.41000000E+000, 1.00002771E-001, 4.00046291E-001, 4.99748107E-001,-1.00000000E-001, 1.24811184E-003
 8.43000000E+000, 1.00002489E-001, 4.00043802E-001, 4.99760823E-001,-1.00000000E-001, 1.24820706E-003
 8.45000000E+000, 1.00002237E-001, 4.00041442E-001, 4.99773053E-001,-1.00000000E-001, 1.24829867E-003
 8.47000000E+000, 1.00002010E-001, 4.00039245E-001, 4.99784984E-001,-1.00000000E-001, 1.24838810E-003
 8.49000000E+000, 1.00001807E-001, 4.00037175E-001, 4.99796467E-001,-1.00000000E-001, 1.24847419E-003
 8.51000000E+000, 1.00001622E-001, 4.00035160E-001, 4.99807162E-001,-1.00000000E-001, 1.24855435E-003
 8.53000000E+000, 1.00001456E-001, 4.00033167E-001, 4.99816929E-001,-1.00000000E-001, 1.24862750E-003
 8.55000000E+000, 1.00001305E-001, 4.00031254E-001, 4.99826081E-001,-1.00000000E-001, 1.24869605E-003
 8.57000000E+000, 1.00001172E-001, 4.00029511E-001, 4.99835098E-001,-1.00000000E-001, 1.24876363E-003
 8.59000000E+000, 1.00001051E-001, 4.00027943E-001, 4.99844003E-001,-1.00000000E-001, 1.24883044E-003
 8.61000000E+000, 1.00000940E-001, 4.00026457E-001, 4.99852361E-001,-1.00000000E-001, 1.24889312E-003
 8.63000000E+000, 1.00000835E-001, 4.00024967E-001, 4.99859805E-001,-1.00000000E-001, 1.24894891E-003
 8.65000000E+000, 1.00000739E-001, 4.00023478E-001, 4.99866372E-001,-1.00000000E-001, 1.24899807E-003
 8.67000000E+000, 1.00000654E-001, 4.00022091E-001, 4.99872609E-001,-1.00000000E-001, 1.24904477E-003
 8.69000000E+000, 1.00000582E-001, 4.00020859E-001, 4.99878901E-001,-1.00000000E-001, 1.24909195E-003
 8.71000000E+000, 1.00000520E-001, 4.00019787E-001, 4.99885239E-001,-1.00000000E-001, 1.24913954E-003
 8.73000000E+000, 1.00000464E-001, 4.00018770E-001, 4.99891155E-001,-1.00000000E-001, 1.24918390E-003
 8.75000000E+000, 1.00000409E-001, 4.00017741E-001, 4.99896377E-001,-1.00000000E-001, 1.24922309E-003
 8.77000000E+000, 1.00000358E-001, 4.00016675E-001, 4.99900811E-001,-1.00000000E-001, 1.24925624E-003
 8.79000000E+000, 1.00000309E-001, 4.00015673E-001, 4.99904947E-001,-1.00000000E-001, 1.24928720E-003
 8.81000000E+000, 1.00000266E-001, 4.00014790E-001, 4.99909186E-001,-1.00000000E-001, 1.24931900E-003
 8.83000000E+000, 1.00000225E-001, 4.00014018E-001, 4.99913455E-001,-1.00000000E-001, 1.24935107E-003
 8.85000000E+000, 1.00000190E-001, 4.00013271E-001, 4.99917356E-001,-1.00000000E-001, 1.24938031E-003
 8.87000000E+000, 1.00000157E-001, 4.00012503E-001, 4.99920749E-001,-1.00000000E-001, 1.24940578E-003
 8.89000000E+000, 1.00000126E-001, 4.00011720E-001, 4.99923606E-001,-1.00000000E-001, 1.24942712E-003
 8.91000000E+000, 1.00000097E-001, 4.00010999E-001, 4.99926319E-001,-1.00000000E-001, 1.24944745E-003
 8.93000000E+000, 1.00000071E-001, 4.00010373E-001, 4.99929092E-001,-1.00000000E-001, 1.24946821E-003
 8.95000000E+000, 1.00000046E-001, 4.00009864E-001, 4.99932047E-001,-1.00000000E-001, 1.24949043E-003
 8.97000000E+000, 1.00000024E-001, 4.00009415E-001, 4.99934867E-001,-1.00000000E-001, 1.24951160E-003
 8.99000000E+000, 1.00000001E-001, 4.00008956E-001, 4.99937283E-001,-1.00000000E-001, 1.24952974E-003
 9.01000000E+000, 9.99999804E-002, 4.00008482E-001, 4.99939252E-001,-1.00000000E-001, 1.24954444E-003
 9.03000000E+000, 9.99999600E-002, 4.00008052E-001, 4.99941088E-001,-1.00000000E-001, 1.24955819E-003
 9.05000000E+000, 9.99999414E-002, 4.00007688E-001, 4.99942962E-001,-1.00000000E-001, 1.24957226E-003
 9.07000000E+000, 9.99999243E-002, 4.00007383E-001, 4.99944842E-001,-1.00000000E-001, 1.24958637E-003
 9.09000000E+000, 9.99999089E-002, 4.00007094E-001, 4.99946563E-001,-1.00000000E-001, 1.24959929E-003
 9.11000000E+000, 9.99998948E-002, 4.00006805E-001, 4.99948061E-001,-1.00000000E-001, 1.24961052E-003
 9.13000000E+000, 9.99998822E-002, 4.00006505E-001, 4.99949329E-001,-1.00000000E-001, 1.24962003E-003
 9.15000000E+000, 9.99998703E-002, 4.00006202E-001, 4.99950399E-001,-1.00000000E-001, 1.24962802E-003
 9.17000000E+000, 9.99998595E-002, 4.00005921E-001, 4.99951413E-001,-1.00000000E-001, 1.24963563E-003
 9.19000000E+000, 9.99998489E-002, 4.00005671E-001, 4.99952429E-001,-1.00000000E-001, 1.24964324E-003
 9.21000000E+000, 9.99998383E-002, 4.00005454E-001, 4.99953481E-001,-1.00000000E-001, 1.24965114E-003
 9.23000000E+000, 9.99998278E-002, 4.00005264E-001, 4.99954532E-001,-1.00000000E-001, 1.24965903E-003
 9.25000000E+000, 9.99998182E-002, 4.00005078E-001, 4.99955485E-001,-1.00000000E-001, 1.24966618E-003
 9.27000000E+000, 9.99998105E-002, 4.00004888E-001, 4.99956320E-001,-1.00000000E-001, 1.24967245E-003
 9.29000000E+000, 9.99998055E-002, 4.00004687E-001, 4.99957018E-001,-1.00000000E-001, 1.24967767E-003
 9.31000000E+000, 9.99998025E-002, 4.00004486E-001, 4.99957605E-001,-1.00000000E-001, 1.24968206E-003
 9.33000000E+000, 9.99998010E-002, 4.00004304E-001, 4.99958179E-001,-1.00000000E-001, 1.24968636E-003
 9.35000000E+000, 9.99997994E-002, 4.00004150E-001, 4.99958781E-001,-1.00000000E-001, 1.24969088E-003
 9.37000000E+000, 9.99997964E-002, 4.00004018E-001, 4.99959367E-001,-1.00000000E-001, 1.24969528E-003
 9.39000000E+000, 9.99997909E-002, 4.00003887E-001, 4.99959844E-001,-1.00000000E-001, 1.24969887E-003
 9.41000000E+000, 9.99997830E-002, 4.00003753E-001, 4.99960209E-001,-1.00000000E-001, 1.24970159E-003
 9.43000000E+000, 9.99997740E-002, 4.00003631E-001, 4.99960551E-001,-1.00000000E-001, 1.24970415E-003
 9.45000000E+000, 9.99997655E-002, 4.00003522E-001, 4.99960909E-001,-1.00000000E-001, 1.24970684E-003
 9.47000000E+000, 9.99997585E-002, 4.00003417E-001, 4.99961258E-001,-1.00000000E-001, 1.24970946E-003
 9.49000000E+000, 9.99997533E-002, 4.00003311E-001, 4.99961586E-001,-1.00000000E-001, 1.24971192E-003
 9.51000000E+000, 9.99997498E-002, 4.00003209E-001, 4.99961909E-001,-1.00000000E-001, 1.24971434E-003
 9.53000000E+000, 9.99997479E-002, 4.00003110E-001, 4.99962236E-001,-1.00000000E-001, 1.24971679E-003
 9.55000000E+000, 9.99997472E-002, 4.00003019E-001, 4.99962581E-001,-1.00000000E-001, 1.24971937E-003
 9.57000000E+000, 9.99997473E-002, 4.00002938E-001, 4.99962958E-001,-1.00000000E-001, 1.24972220E-003
 9.59000000E+000, 9.99997473E-002, 4.00002864E-001, 4.99963343E-001,-1.00000000E-001, 1.24972510E-003
 9.61000000E+000, 9.99997474E-002, 4.00002788E-001, 4.99963704E-001,-1.00000000E-001, 1.24972781E-003
 9.63000000E+000, 9.99997483E-002, 4.00002705E-001, 4.99964025E-001,-1.00000000E-001, 1.24973021E-003
 9.65000000E+000, 9.99997511E-002, 4.00002612E-001, 4.99964287E-001,-1.00000000E-001, 1.24973218E-003
 9.67000000E+000, 9.99997567E-002, 4.00002510E-001, 4.99964482E-001,-1.00000000E-001, 1.24973364E-003
 9.69000000E+000, 9.99997657E-002, 4.00002407E-001, 4.99964621E-001,-1.00000000E-001, 1.24973468E-003
 9.71000000E+000, 9.99997778E-002, 4.00002314E-001, 4.99964760E-001,-1.00000000E-001, 1.24973571E-003
 9.73000000E+000, 9.99997918E-002, 4.00002234E-001, 4.99964913E-001,-1.00000000E-001, 1.24973687E-003
 9.75000000E+000, 9.99998056E-002, 4.00002161E-001, 4.99965059E-001,-1.00000000E-001, 1.24973797E-003
 9.77000000E+000, 9.99998165E-002, 4.00002084E-001, 4.99965165E-001,-1.00000000E-001, 1.24973876E-003
 9.79000000E+000, 9.99998264E-002, 4.00001998E-001, 4.99965236E-001,-1.00000000E-001, 1.24973930E-003
 9.81000000E+000, 9.99998408E-002, 4.00001899E-001, 4.99965290E-001,-1.00000000E-001, 1.24973970E-003
 9.83000000E+000, 9.99998775E-002, 4.00001771E-001, 4.99965391E-001,-1.00000000E-001, 1.24974044E-003
 9.85000000E+000, 9.99999402E-002, 4.00001620E-001, 4.99965509E-001,-1.00000000E-001, 1.24974132E-003
 9.87000000E+000, 9.99999625E-002, 4.00001523E-001, 4.99965529E-001,-1.00000000E-001, 1.24974147E-003
 9.89000000E+000, 9.99999205E-002, 4.00001505E-001, 4.99965759E-001,-1.00000000E-001, 1.24974320E-003
 9.91000000E+000, 9.99998026E-002, 4.00001571E-001, 4.99965796E-001,-1.00000000E-001, 1.24974349E-003
 9.93000000E+000, 9.99997273E-002, 4.00001632E-001, 4.99965883E-001,-1.00000000E-001, 1.24974415E-003
 9.95000000E+000, 1.00000081E-001, 4.00001189E-001, 4.99966685E-001,-1.00000000E-001, 1.24975016E-003
 9.97000000E+000, 1.00000717E-001, 4.00000501E-001, 4.99967605E-001,-1.00000000E-001, 1.24975706E-003
 9.99000000E+000, 1.00001049E-001, 4.00000038E-001, 4.99967735E-001,-1.00000000E-001, 1.24975802E-003
