   10.003211837525205      ,         500
X,ZB,H,U,ZF,QS
 1.00000000E-002, 9.99986351E-002, 4.00088231E-001, 4.99887700E-001,-1.00000000E-001, 1.24916212E-003
 3.00000000E-002, 9.99986985E-002, 4.00088849E-001, 4.99880092E-001,-1.00000000E-001, 1.24910431E-003
 5.00000000E-002, 9.99987401E-002, 4.00089440E-001, 4.99872564E-001,-1.00000000E-001, 1.24904710E-003
 7.00000000E-002, 9.99987608E-002, 4.00089981E-001, 4.99865230E-001,-1.00000000E-001, 1.24899136E-003
 9.00000000E-002, 9.99987707E-002, 4.00090464E-001, 4.99858090E-001,-1.00000000E-001, 1.24893710E-003
 1.10000000E-001, 9.99987766E-002, 4.00090882E-001, 4.99851138E-001,-1.00000000E-001, 1.24888426E-003
 1.30000000E-001, 9.99987808E-002, 4.00091234E-001, 4.99844362E-001,-1.00000000E-001, 1.24883276E-003
 1.50000000E-001, 9.99987831E-002, 4.00091523E-001, 4.99837749E-001,-1.00000000E-001, 1.24878250E-003
 1.70000000E-001, 9.99987828E-002, 4.00091752E-001, 4.99831286E-001,-1.00000000E-001, 1.24873339E-003
 1.90000000E-001, 9.99987796E-002, 4.00091922E-001, 4.99824964E-001,-1.00000000E-001, 1.24868534E-003
 2.10000000E-001, 9.99987736E-002, 4.00092035E-001, 4.99818768E-001,-1.00000000E-001, 1.24863825E-003
 2.30000000E-001, 9.99987651E-002, 4.00092092E-001, 4.99812687E-001,-1.00000000E-001, 1.24859203E-003
 2.50000000E-001, 9.99987546E-002, 4.00092095E-001, 4.99806710E-001,-1.00000000E-001, 1.24854662E-003
 2.70000000E-001, 9.99987426E-002, 4.00092044E-001, 4.99800828E-001,-1.00000000E-001, 1.24850192E-003
 2.90000000E-001, 9.99987296E-002, 4.00091941E-001, 4.99795031E-001,-1.00000000E-001, 1.24845787E-003
 3.10000000E-001, 9.99987159E-002, 4.00091786E-001, 4.99789310E-001,-1.00000000E-001, 1.24841441E-003
 3.30000000E-001, 9.99987017E-002, 4.00091581E-001, 4.99783656E-001,-1.00000000E-001, 1.24837145E-003
 3.50000000E-001, 9.99986873E-002, 4.00091326E-001, 4.99778060E-001,-1.00000000E-001, 1.24832895E-003
 3.70000000E-001, 9.99986727E-002, 4.00091023E-001, 4.99772514E-001,-1.00000000E-001, 1.24828682E-003
 3.90000000E-001, 9.99986580E-002, 4.00090672E-001, 4.99767009E-001,-1.00000000E-001, 1.24824501E-003
 4.10000000E-001, 9.99986431E-002, 4.00090274E-001, 4.99761539E-001,-1.00000000E-001, 1.24820347E-003
 4.30000000E-001, 9.99986282E-002, 4.00089831E-001, 4.99756094E-001,-1.00000000E-001, 1.24816213E-003
 4.50000000E-001, 9.99986131E-002, 4.00089344E-001, 4.99750668E-001,-1.00000000E-001, 1.24812094E-003
 4.70000000E-001, 9.99985979E-002, 4.00088813E-001, 4.99745255E-001,-1.00000000E-001, 1.24807985E-003
 4.90000000E-001, 9.99985826E-002, 4.00088240E-001, 4.99739847E-001,-1.00000000E-001, 1.24803881E-003
 5.10000000E-001, 9.99985672E-002, 4.00087624E-001, 4.99734439E-001,-1.00000000E-001, 1.24799778E-003
 5.30000000E-001, 9.99985517E-002, 4.00086968E-001, 4.99729025E-001,-1.00000000E-001, 1.24795671E-003
 5.50000000E-001, 9.99985361E-002, 4.00086271E-001, 4.99723600E-001,-1.00000000E-001, 1.24791555E-003
 5.70000000E-001, 9.99985205E-002, 4.00085534E-001, 4.99718157E-001,-1.00000000E-001, 1.24787428E-003
 5.90000000E-001, 9.99985049E-002, 4.00084758E-001, 4.99712694E-001,-1.00000000E-001, 1.24783286E-003
 6.10000000E-001, 9.99984892E-002, 4.00083944E-001, 4.99707204E-001,-1.00000000E-001, 1.24779124E-003
 6.30000000E-001, 9.99984735E-002, 4.00083093E-001, 4.99701684E-001,-1.00000000E-001, 1.24774941E-003
 6.50000000E-001, 9.99984579E-002, 4.00082204E-001, 4.99696130E-001,-1.00000000E-001, 1.24770732E-003
 6.70000000E-001, 9.99984422E-002, 4.00081278E-001, 4.99690539E-001,-1.00000000E-001, 1.24766496E-003
 6.90000000E-001, 9.99984265E-002, 4.00080317E-001, 4.99684906E-001,-1.00000000E-001, 1.24762230E-003
 7.10000000E-001, 9.99984109E-002, 4.00079320E-001, 4.99679230E-001,-1.00000000E-001, 1.24757932E-003
 7.30000000E-001, 9.99983952E-002, 4.00078288E-001, 4.99673507E-001,-1.00000000E-001, 1.24753600E-003
 7.50000000E-001, 9.99983796E-002, 4.00077223E-001, 4.99667734E-001,-1.00000000E-001, 1.24749231E-003
 7.70000000E-001, 9.99983640E-002, 4.00076123E-001, 4.99661911E-001,-1.00000000E-001, 1.24744824E-003
 7.90000000E-001, 9.99983484E-002, 4.00074991E-001, 4.99656034E-001,-1.00000000E-001, 1.24740379E-003
 8.10000000E-001, 9.99983328E-002, 4.00073826E-001, 4.99650102E-001,-1.00000000E-001, 1.24735893E-003
 8.30000000E-001, 9.99983172E-002, 4.00072630E-001, 4.99644115E-001,-1.00000000E-001, 1.24731365E-003
 8.50000000E-001, 9.99983016E-002, 4.00071402E-001, 4.99638070E-001,-1.00000000E-001, 1.24726796E-003
 8.70000000E-001, 9.99982860E-002, 4.00070143E-001, 4.99631967E-001,-1.00000000E-001, 1.24722184E-003
 8.90000000E-001, 9.99982705E-002, 4.00068855E-001, 4.99625805E-001,-1.00000000E-001, 1.24717529E-003
 9.10000000E-001, 9.99982549E-002, 4.00067537E-001, 4.99619585E-001,-1.00000000E-001, 1.24712832E-003
 9.30000000E-001, 9.99982393E-002, 4.00066190E-001, 4.99613307E-001,-1.00000000E-001, 1.24708091E-003
 9.50000000E-001, 9.99982237E-002, 4.00064815E-001, 4.99606970E-001,-1.00000000E-001, 1.24703308E-003
 9.70000000E-001, 9.99982082E-002, 4.00063413E-001, 4.99600576E-001,-1.00000000E-001, 1.24698482E-003
 9.90000000E-001, 9.99981926E-002, 4.00061984E-001, 4.99594125E-001,-1.00000000E-001, 1.24693615E-003
 1.01000000E+000, 9.99981771E-002, 4.00060528E-001, 4.99587618E-001,-1.00000000E-001, 1.24688708E-003
 1.03000000E+000, 9.99981617E-002, 4.00059048E-001, 4.99581057E-001,-1.00000000E-001, 1.24683761E-003
 1.05000000E+000, 9.99981463E-002, 4.00057543E-001, 4.99574444E-001,-1.00000000E-001, 1.24678776E-003
 1.07000000E+000, 9.99981311E-002, 4.00056013E-001, 4.99567780E-001,-1.00000000E-001, 1.24673754E-003
 1.09000000E+000, 9.99981160E-002, 4.00054461E-001, 4.99561067E-001,-1.00000000E-001, 1.24668698E-003
 1.11000000E+000, 9.99981010E-002, 4.00052887E-001, 4.99554309E-001,-1.00000000E-001, 1.24663608E-003
 1.13000000E+000, 9.99980864E-002, 4.00051291E-001, 4.99547507E-001,-1.00000000E-001, 1.24658487E-003
 1.15000000E+000, 9.99980720E-002, 4.00049674E-001, 4.99540664E-001,-1.00000000E-001, 1.24653337E-003
 1.17000000E+000, 9.99980580E-002, 4.00048038E-001, 4.99533784E-001,-1.00000000E-001, 1.24648161E-003
 1.19000000E+000, 9.99980444E-002, 4.00046382E-001, 4.99526870E-001,-1.00000000E-001, 1.24642961E-003
 1.21000000E+000, 9.99980315E-002, 4.00044709E-001, 4.99519926E-001,-1.00000000E-001, 1.24637740E-003
 1.23000000E+000, 9.99980192E-002, 4.00043019E-001, 4.99512954E-001,-1.00000000E-001, 1.24632500E-003
 1.25000000E+000, 9.99980077E-002, 4.00041312E-001, 4.99505960E-001,-1.00000000E-001, 1.24627245E-003
 1.27000000E+000, 9.99979973E-002, 4.00039591E-001, 4.99498947E-001,-1.00000000E-001, 1.24621978E-003
 1.29000000E+000, 9.99979879E-002, 4.00037855E-001, 4.99491919E-001,-1.00000000E-001, 1.24616701E-003
 1.31000000E+000, 9.99979800E-002, 4.00036106E-001, 4.99484882E-001,-1.00000000E-001, 1.24611420E-003
 1.33000000E+000, 9.99979736E-002, 4.00034345E-001, 4.99477840E-001,-1.00000000E-001, 1.24606137E-003
 1.35000000E+000, 9.99979691E-002, 4.00032573E-001, 4.99470798E-001,-1.00000000E-001, 1.24600855E-003
 1.37000000E+000, 9.99979668E-002, 4.00030791E-001, 4.99463760E-001,-1.00000000E-001, 1.24595580E-003
 1.39000000E+000, 9.99979670E-002, 4.00029000E-001, 4.99456734E-001,-1.00000000E-001, 1.24590315E-003
 1.41000000E+000, 9.99979702E-002, 4.00027200E-001, 4.99449727E-001,-1.00000000E-001, 1.24585066E-003
 1.43000000E+000, 9.99979767E-002, 4.00025392E-001, 4.99442741E-001,-1.00000000E-001, 1.24579836E-003
 1.45000000E+000, 9.99979872E-002, 4.00023579E-001, 4.99435783E-001,-1.00000000E-001, 1.24574628E-003
 1.47000000E+000, 9.99980021E-002, 4.00021759E-001, 4.99428859E-001,-1.00000000E-001, 1.24569449E-003
 1.49000000E+000, 9.99980221E-002, 4.00019935E-001, 4.99421975E-001,-1.00000000E-001, 1.24564302E-003
 1.51000000E+000, 9.99980479E-002, 4.00018107E-001, 4.99415137E-001,-1.00000000E-001, 1.24559192E-003
 1.53000000E+000, 9.99980804E-002, 4.00016276E-001, 4.99408353E-001,-1.00000000E-001, 1.24554124E-003
 1.55000000E+000, 9.99981205E-002, 4.00014442E-001, 4.99401630E-001,-1.00000000E-001, 1.24549104E-003
 1.57000000E+000, 9.99981694E-002, 4.00012606E-001, 4.99394973E-001,-1.00000000E-001, 1.24544137E-003
 1.59000000E+000, 9.99982281E-002, 4.00010767E-001, 4.99388392E-001,-1.00000000E-001, 1.24539229E-003
 1.61000000E+000, 9.99982981E-002, 4.00008927E-001, 4.99381893E-001,-1.00000000E-001, 1.24534385E-003
 1.63000000E+000, 9.99983809E-002, 4.00007085E-001, 4.99375485E-001,-1.00000000E-001, 1.24529611E-003
 1.65000000E+000, 9.99984782E-002, 4.00005241E-001, 4.99369175E-001,-1.00000000E-001, 1.24524913E-003
 1.67000000E+000, 9.99985919E-002, 4.00003395E-001, 4.99362973E-001,-1.00000000E-001, 1.24520298E-003
 1.69000000E+000, 9.99987242E-002, 4.00001546E-001, 4.99356886E-001,-1.00000000E-001, 1.24515772E-003
 1.71000000E+000, 9.99988774E-002, 3.99999693E-001, 4.99350925E-001,-1.00000000E-001, 1.24511343E-003
 1.73000000E+000, 9.99990542E-002, 3.99997835E-001, 4.99345098E-001,-1.00000000E-001, 1.24507016E-003
 1.75000000E+000, 9.99992575E-002, 3.99995971E-001, 4.99339416E-001,-1.00000000E-001, 1.24502801E-003
 1.77000000E+000, 9.99994906E-002, 3.99994098E-001, 4.99333889E-001,-1.00000000E-001, 1.24498703E-003
 1.79000000E+000, 9.99997574E-002, 3.99992214E-001, 4.99328528E-001,-1.00000000E-001, 1.24494733E-003
 1.81000000E+000, 1.00000062E-001, 3.99990317E-001, 4.99323345E-001,-1.00000000E-001, 1.24490898E-003
 1.83000000E+000, 1.00000409E-001, 3.99988403E-001, 4.99318352E-001,-1.00000000E-001, 1.24487207E-003
 1.85000000E+000, 1.00000803E-001, 3.99986467E-001, 4.99313562E-001,-1.00000000E-001, 1.24483670E-003
 1.87000000E+000, 1.00001251E-001, 3.99984507E-001, 4.99308988E-001,-1.00000000E-001, 1.24480297E-003
 1.89000000E+000, 1.00001758E-001, 3.99982515E-001, 4.99304644E-001,-1.00000000E-001, 1.24477099E-003
 1.91000000E+000, 1.00002333E-001, 3.99980487E-001, 4.99300546E-001,-1.00000000E-001, 1.24474087E-003
 1.93000000E+000, 1.00002981E-001, 3.99978414E-001, 4.99296711E-001,-1.00000000E-001, 1.24471273E-003
 1.95000000E+000, 1.00003714E-001, 3.99976290E-001, 4.99293155E-001,-1.00000000E-001, 1.24468669E-003
 1.97000000E+000, 1.00004539E-001, 3.99974106E-001, 4.99289896E-001,-1.00000000E-001, 1.24466290E-003
 1.99000000E+000, 1.00005467E-001, 3.99971851E-001, 4.99286955E-001,-1.00000000E-001, 1.24464151E-003
 2.01000000E+000, 1.00006511E-001, 3.99969514E-001, 4.99284352E-001,-1.00000000E-001, 1.24462266E-003
 2.03000000E+000, 1.00007683E-001, 3.99967083E-001, 4.99282110E-001,-1.00000000E-001, 1.24460652E-003
 2.05000000E+000, 1.00008997E-001, 3.99964543E-001, 4.99280253E-001,-1.00000000E-001, 1.24459329E-003
 2.07000000E+000, 1.00010470E-001, 3.99961880E-001, 4.99278807E-001,-1.00000000E-001, 1.24458314E-003
 2.09000000E+000, 1.00012117E-001, 3.99959075E-001, 4.99277800E-001,-1.00000000E-001, 1.24457629E-003
 2.11000000E+000, 1.00013959E-001, 3.99956110E-001, 4.99277263E-001,-1.00000000E-001, 1.24457296E-003
 2.13000000E+000, 1.00016017E-001, 3.99952964E-001, 4.99277227E-001,-1.00000000E-001, 1.24457340E-003
 2.15000000E+000, 1.00018312E-001, 3.99949612E-001, 4.99277728E-001,-1.00000000E-001, 1.24457786E-003
 2.17000000E+000, 1.00020871E-001, 3.99946029E-001, 4.99278803E-001,-1.00000000E-001, 1.24458663E-003
 2.19000000E+000, 1.00023721E-001, 3.99942187E-001, 4.99280494E-001,-1.00000000E-001, 1.24460001E-003
 2.21000000E+000, 1.00026892E-001, 3.99938055E-001, 4.99282844E-001,-1.00000000E-001, 1.24461833E-003
 2.23000000E+000, 1.00030416E-001, 3.99933597E-001, 4.99285901E-001,-1.00000000E-001, 1.24464195E-003
 2.25000000E+000, 1.00034331E-001, 3.99928778E-001, 4.99289716E-001,-1.00000000E-001, 1.24467124E-003
 2.27000000E+000, 1.00038674E-001, 3.99923554E-001, 4.99294344E-001,-1.00000000E-001, 1.24470663E-003
 2.29000000E+000, 1.00043490E-001, 3.99917883E-001, 4.99299847E-001,-1.00000000E-001, 1.24474856E-003
 2.31000000E+000, 1.00048824E-001, 3.99911714E-001, 4.99306288E-001,-1.00000000E-001, 1.24479751E-003
 2.33000000E+000, 1.00054726E-001, 3.99904995E-001, 4.99313738E-001,-1.00000000E-001, 1.24485402E-003
 2.35000000E+000, 1.00061253E-001, 3.99897667E-001, 4.99322271E-001,-1.00000000E-001, 1.24491863E-003
 2.37000000E+000, 1.00068464E-001, 3.99889668E-001, 4.99331970E-001,-1.00000000E-001, 1.24499197E-003
 2.39000000E+000, 1.00076424E-001, 3.99880929E-001, 4.99342923E-001,-1.00000000E-001, 1.24507469E-003
 2.41000000E+000, 1.00085202E-001, 3.99871376E-001, 4.99355224E-001,-1.00000000E-001, 1.24516750E-003
 2.43000000E+000, 1.00094875E-001, 3.99860928E-001, 4.99368977E-001,-1.00000000E-001, 1.24527118E-003
 2.45000000E+000, 1.00105525E-001, 3.99849499E-001, 4.99384291E-001,-1.00000000E-001, 1.24538654E-003
 2.47000000E+000, 1.00117239E-001, 3.99836995E-001, 4.99401286E-001,-1.00000000E-001, 1.24551448E-003
 2.49000000E+000, 1.00130115E-001, 3.99823314E-001, 4.99420089E-001,-1.00000000E-001, 1.24565596E-003
 2.51000000E+000, 1.00144255E-001, 3.99808348E-001, 4.99440838E-001,-1.00000000E-001, 1.24581201E-003
 2.53000000E+000, 1.00159769E-001, 3.99791978E-001, 4.99463681E-001,-1.00000000E-001, 1.24598374E-003
 2.55000000E+000, 1.00176777E-001, 3.99774078E-001, 4.99488777E-001,-1.00000000E-001, 1.24617234E-003
 2.57000000E+000, 1.00195407E-001, 3.99754513E-001, 4.99516296E-001,-1.00000000E-001, 1.24637909E-003
 2.59000000E+000, 1.00215795E-001, 3.99733137E-001, 4.99546421E-001,-1.00000000E-001, 1.24660537E-003
 2.61000000E+000, 1.00238088E-001, 3.99709793E-001, 4.99579347E-001,-1.00000000E-001, 1.24685264E-003
 2.63000000E+000, 1.00262445E-001, 3.99684315E-001, 4.99615283E-001,-1.00000000E-001, 1.24712248E-003
 2.65000000E+000, 1.00289032E-001, 3.99656523E-001, 4.99654454E-001,-1.00000000E-001, 1.24741657E-003
 2.67000000E+000, 1.00318029E-001, 3.99626228E-001, 4.99697098E-001,-1.00000000E-001, 1.24773672E-003
 2.69000000E+000, 1.00349628E-001, 3.99593225E-001, 4.99743469E-001,-1.00000000E-001, 1.24808484E-003
 2.71000000E+000, 1.00384031E-001, 3.99557299E-001, 4.99793839E-001,-1.00000000E-001, 1.24846298E-003
 2.73000000E+000, 1.00421456E-001, 3.99518218E-001, 4.99848497E-001,-1.00000000E-001, 1.24887332E-003
 2.75000000E+000, 1.00462133E-001, 3.99475738E-001, 4.99907749E-001,-1.00000000E-001, 1.24931819E-003
 2.77000000E+000, 1.00506305E-001, 3.99429599E-001, 4.99971921E-001,-1.00000000E-001, 1.24980004E-003
 2.79000000E+000, 1.00554231E-001, 3.99379525E-001, 5.00041358E-001,-1.00000000E-001, 1.25032151E-003
 2.81000000E+000, 1.00606185E-001, 3.99325226E-001, 5.00116428E-001,-1.00000000E-001, 1.25088537E-003
 2.83000000E+000, 1.00662456E-001, 3.99266393E-001, 5.00197516E-001,-1.00000000E-001, 1.25149456E-003
 2.85000000E+000, 1.00723349E-001, 3.99202702E-001, 5.00285034E-001,-1.00000000E-001, 1.25215221E-003
 2.87000000E+000, 1.00789185E-001, 3.99133810E-001, 5.00379411E-001,-1.00000000E-001, 1.25286160E-003
 2.89000000E+000, 1.00860303E-001, 3.99059355E-001, 5.00481105E-001,-1.00000000E-001, 1.25362623E-003
 2.91000000E+000, 1.00937059E-001, 3.98978960E-001, 5.00590594E-001,-1.00000000E-001, 1.25444975E-003
 2.93000000E+000, 1.01019824E-001, 3.98892226E-001, 5.00708382E-001,-1.00000000E-001, 1.25533605E-003
 2.95000000E+000, 1.01108991E-001, 3.98798737E-001, 5.00835000E-001,-1.00000000E-001, 1.25628919E-003
 2.97000000E+000, 1.01204967E-001, 3.98698057E-001, 5.00971002E-001,-1.00000000E-001, 1.25731345E-003
 2.99000000E+000, 1.01308181E-001, 3.98589729E-001, 5.01116969E-001,-1.00000000E-001, 1.25841333E-003
 3.01000000E+000, 1.01419076E-001, 3.98473278E-001, 5.01273511E-001,-1.00000000E-001, 1.25959355E-003
 3.03000000E+000, 1.01538117E-001, 3.98348209E-001, 5.01441261E-001,-1.00000000E-001, 1.26085904E-003
 3.05000000E+000, 1.01665785E-001, 3.98214007E-001, 5.01620882E-001,-1.00000000E-001, 1.26221497E-003
 3.07000000E+000, 1.01802580E-001, 3.98070139E-001, 5.01813064E-001,-1.00000000E-001, 1.26366675E-003
 3.09000000E+000, 1.01949020E-001, 3.97916050E-001, 5.02018525E-001,-1.00000000E-001, 1.26522002E-003
 3.11000000E+000, 1.02105639E-001, 3.97751167E-001, 5.02238007E-001,-1.00000000E-001, 1.26688066E-003
 3.13000000E+000, 1.02272989E-001, 3.97574900E-001, 5.02472284E-001,-1.00000000E-001, 1.26865480E-003
 3.15000000E+000, 1.02451640E-001, 3.97386639E-001, 5.02722153E-001,-1.00000000E-001, 1.27054879E-003
 3.17000000E+000, 1.02642175E-001, 3.97185758E-001, 5.02988441E-001,-1.00000000E-001, 1.27256928E-003
 3.19000000E+000, 1.02845193E-001, 3.96971614E-001, 5.03271998E-001,-1.00000000E-001, 1.27472311E-003
 3.21000000E+000, 1.03061308E-001, 3.96743549E-001, 5.03573702E-001,-1.00000000E-001, 1.27701741E-003
 3.23000000E+000, 1.03291144E-001, 3.96500890E-001, 5.03894454E-001,-1.00000000E-001, 1.27945954E-003
 3.25000000E+000, 1.03535339E-001, 3.96242952E-001, 5.04235180E-001,-1.00000000E-001, 1.28205713E-003
 3.27000000E+000, 1.03794542E-001, 3.95969036E-001, 5.04596827E-001,-1.00000000E-001, 1.28481802E-003
 3.29000000E+000, 1.04069407E-001, 3.95678436E-001, 5.04980364E-001,-1.00000000E-001, 1.28775033E-003
 3.31000000E+000, 1.04360599E-001, 3.95370434E-001, 5.05386782E-001,-1.00000000E-001, 1.29086241E-003
 3.33000000E+000, 1.04668785E-001, 3.95044310E-001, 5.05817088E-001,-1.00000000E-001, 1.29416284E-003
 3.35000000E+000, 1.04994638E-001, 3.94699335E-001, 5.06272307E-001,-1.00000000E-001, 1.29766045E-003
 3.37000000E+000, 1.05338828E-001, 3.94334781E-001, 5.06753477E-001,-1.00000000E-001, 1.30136427E-003
 3.39000000E+000, 1.05702027E-001, 3.93949919E-001, 5.07261651E-001,-1.00000000E-001, 1.30528359E-003
 3.41000000E+000, 1.06084902E-001, 3.93544023E-001, 5.07797892E-001,-1.00000000E-001, 1.30942787E-003
 3.43000000E+000, 1.06488114E-001, 3.93116371E-001, 5.08363269E-001,-1.00000000E-001, 1.31380680E-003
 3.45000000E+000, 1.06912313E-001, 3.92666251E-001, 5.08958858E-001,-1.00000000E-001, 1.31843026E-003
 3.47000000E+000, 1.07358139E-001, 3.92192962E-001, 5.09585737E-001,-1.00000000E-001, 1.32330831E-003
 3.49000000E+000, 1.07826217E-001, 3.91695816E-001, 5.10244985E-001,-1.00000000E-001, 1.32845118E-003
 3.51000000E+000, 1.08317151E-001, 3.91174144E-001, 5.10937675E-001,-1.00000000E-001, 1.33386927E-003
 3.53000000E+000, 1.08831526E-001, 3.90627297E-001, 5.11664874E-001,-1.00000000E-001, 1.33957311E-003
 3.55000000E+000, 1.09369902E-001, 3.90054651E-001, 5.12427639E-001,-1.00000000E-001, 1.34557335E-003
 3.57000000E+000, 1.09932811E-001, 3.89455608E-001, 5.13227013E-001,-1.00000000E-001, 1.35188075E-003
 3.59000000E+000, 1.10520754E-001, 3.88829604E-001, 5.14064019E-001,-1.00000000E-001, 1.35850619E-003
 3.61000000E+000, 1.11134195E-001, 3.88176108E-001, 5.14939661E-001,-1.00000000E-001, 1.36546057E-003
 3.63000000E+000, 1.11773562E-001, 3.87494628E-001, 5.15854915E-001,-1.00000000E-001, 1.37275488E-003
 3.65000000E+000, 1.12439240E-001, 3.86784713E-001, 5.16810728E-001,-1.00000000E-001, 1.38040011E-003
 3.67000000E+000, 1.13131571E-001, 3.86045960E-001, 5.17808010E-001,-1.00000000E-001, 1.38840724E-003
 3.69000000E+000, 1.13850846E-001, 3.85278013E-001, 5.18847635E-001,-1.00000000E-001, 1.39678724E-003
 3.71000000E+000, 1.14597307E-001, 3.84480569E-001, 5.19930433E-001,-1.00000000E-001, 1.40555102E-003
 3.73000000E+000, 1.15371140E-001, 3.83653382E-001, 5.21057184E-001,-1.00000000E-001, 1.41470939E-003
 3.75000000E+000, 1.16172474E-001, 3.82796262E-001, 5.22228618E-001,-1.00000000E-001, 1.42427303E-003
 3.77000000E+000, 1.17001378E-001, 3.81909085E-001, 5.23445406E-001,-1.00000000E-001, 1.43425250E-003
 3.79000000E+000, 1.17857860E-001, 3.80991787E-001, 5.24708160E-001,-1.00000000E-001, 1.44465812E-003
 3.81000000E+000, 1.18741860E-001, 3.80044376E-001, 5.26017423E-001,-1.00000000E-001, 1.45550003E-003
 3.83000000E+000, 1.19653255E-001, 3.79066924E-001, 5.27373669E-001,-1.00000000E-001, 1.46678807E-003
 3.85000000E+000, 1.20591850E-001, 3.78059579E-001, 5.28777298E-001,-1.00000000E-001, 1.47853180E-003
 3.87000000E+000, 1.21557384E-001, 3.77022558E-001, 5.30228631E-001,-1.00000000E-001, 1.49074039E-003
 3.89000000E+000, 1.22549522E-001, 3.75956156E-001, 5.31727906E-001,-1.00000000E-001, 1.50342267E-003
 3.91000000E+000, 1.23567859E-001, 3.74860740E-001, 5.33275276E-001,-1.00000000E-001, 1.51658700E-003
 3.93000000E+000, 1.24611920E-001, 3.73736753E-001, 5.34870801E-001,-1.00000000E-001, 1.53024128E-003
 3.95000000E+000, 1.25681156E-001, 3.72584716E-001, 5.36514452E-001,-1.00000000E-001, 1.54439286E-003
 3.97000000E+000, 1.26774949E-001, 3.71405222E-001, 5.38206101E-001,-1.00000000E-001, 1.55904856E-003
 3.99000000E+000, 1.27892611E-001, 3.70198940E-001, 5.39945525E-001,-1.00000000E-001, 1.57421454E-003
 4.01000000E+000, 1.29033384E-001, 3.68966614E-001, 5.41732398E-001,-1.00000000E-001, 1.58989634E-003
 4.03000000E+000, 1.30196447E-001, 3.67709058E-001, 5.43566292E-001,-1.00000000E-001, 1.60609875E-003
 4.05000000E+000, 1.31380910E-001, 3.66427155E-001, 5.45446678E-001,-1.00000000E-001, 1.62282584E-003
 4.07000000E+000, 1.32585826E-001, 3.65121858E-001, 5.47372918E-001,-1.00000000E-001, 1.64008086E-003
 4.09000000E+000, 1.33810187E-001, 3.63794182E-001, 5.49344273E-001,-1.00000000E-001, 1.65786623E-003
 4.11000000E+000, 1.35052931E-001, 3.62445206E-001, 5.51359897E-001,-1.00000000E-001, 1.67618348E-003
 4.13000000E+000, 1.36312942E-001, 3.61076063E-001, 5.53418840E-001,-1.00000000E-001, 1.69503320E-003
 4.15000000E+000, 1.37589061E-001, 3.59687942E-001, 5.55520048E-001,-1.00000000E-001, 1.71441504E-003
 4.17000000E+000, 1.38880081E-001, 3.58282084E-001, 5.57662365E-001,-1.00000000E-001, 1.73432762E-003
 4.19000000E+000, 1.40184761E-001, 3.56859770E-001, 5.59844533E-001,-1.00000000E-001, 1.75476854E-003
 4.21000000E+000, 1.41501822E-001, 3.55422326E-001, 5.62065196E-001,-1.00000000E-001, 1.77573433E-003
 4.23000000E+000, 1.42829960E-001, 3.53971113E-001, 5.64322903E-001,-1.00000000E-001, 1.79722039E-003
 4.25000000E+000, 1.44167843E-001, 3.52507520E-001, 5.66616108E-001,-1.00000000E-001, 1.81922101E-003
 4.27000000E+000, 1.45514123E-001, 3.51032966E-001, 5.68943176E-001,-1.00000000E-001, 1.84172934E-003
 4.29000000E+000, 1.46867435E-001, 3.49548889E-001, 5.71302386E-001,-1.00000000E-001, 1.86473732E-003
 4.31000000E+000, 1.48226406E-001, 3.48056744E-001, 5.73691934E-001,-1.00000000E-001, 1.88823571E-003
 4.33000000E+000, 1.49589659E-001, 3.46557994E-001, 5.76109939E-001,-1.00000000E-001, 1.91221408E-003
 4.35000000E+000, 1.50955817E-001, 3.45054114E-001, 5.78554443E-001,-1.00000000E-001, 1.93666073E-003
 4.37000000E+000, 1.52323505E-001, 3.43546575E-001, 5.81023423E-001,-1.00000000E-001, 1.96156278E-003
 4.39000000E+000, 1.53691360E-001, 3.42036851E-001, 5.83514786E-001,-1.00000000E-001, 1.98690605E-003
 4.41000000E+000, 1.55058029E-001, 3.40526404E-001, 5.86026380E-001,-1.00000000E-001, 2.01267516E-003
 4.43000000E+000, 1.56422177E-001, 3.39016691E-001, 5.88555998E-001,-1.00000000E-001, 2.03885346E-003
 4.45000000E+000, 1.57782486E-001, 3.37509151E-001, 5.91101378E-001,-1.00000000E-001, 2.06542302E-003
 4.47000000E+000, 1.59137663E-001, 3.36005208E-001, 5.93660211E-001,-1.00000000E-001, 2.09236469E-003
 4.49000000E+000, 1.60486438E-001, 3.34506267E-001, 5.96230142E-001,-1.00000000E-001, 2.11965802E-003
 4.51000000E+000, 1.61827568E-001, 3.33013710E-001, 5.98808778E-001,-1.00000000E-001, 2.14728132E-003
 4.53000000E+000, 1.63159839E-001, 3.31528896E-001, 6.01393683E-001,-1.00000000E-001, 2.17521163E-003
 4.55000000E+000, 1.64482066E-001, 3.30053159E-001, 6.03982388E-001,-1.00000000E-001, 2.20342469E-003
 4.57000000E+000, 1.65793097E-001, 3.28587807E-001, 6.06572391E-001,-1.00000000E-001, 2.23189497E-003
 4.59000000E+000, 1.67091807E-001, 3.27134119E-001, 6.09161155E-001,-1.00000000E-001, 2.26059566E-003
 4.61000000E+000, 1.68377106E-001, 3.25693352E-001, 6.11746113E-001,-1.00000000E-001, 2.28949862E-003
 4.63000000E+000, 1.69647932E-001, 3.24266734E-001, 6.14324667E-001,-1.00000000E-001, 2.31857438E-003
 4.65000000E+000, 1.70903254E-001, 3.22855466E-001, 6.16894189E-001,-1.00000000E-001, 2.34779212E-003
 4.67000000E+000, 1.72142067E-001, 3.21460729E-001, 6.19452016E-001,-1.00000000E-001, 2.37711963E-003
 4.69000000E+000, 1.73363394E-001, 3.20083680E-001, 6.21995450E-001,-1.00000000E-001, 2.40652328E-003
 4.71000000E+000, 1.74566283E-001, 3.18725455E-001, 6.24521758E-001,-1.00000000E-001, 2.43596795E-003
 4.73000000E+000, 1.75749802E-001, 3.17387176E-001, 6.27028163E-001,-1.00000000E-001, 2.46541701E-003
 4.75000000E+000, 1.76913037E-001, 3.16069949E-001, 6.29511841E-001,-1.00000000E-001, 2.49483220E-003
 4.77000000E+000, 1.78055089E-001, 3.14774873E-001, 6.31969916E-001,-1.00000000E-001, 2.52417357E-003
 4.79000000E+000, 1.79175070E-001, 3.13503039E-001, 6.34399449E-001,-1.00000000E-001, 2.55339939E-003
 4.81000000E+000, 1.80272096E-001, 3.12255543E-001, 6.36797432E-001,-1.00000000E-001, 2.58246600E-003
 4.83000000E+000, 1.81345283E-001, 3.11033484E-001, 6.39160773E-001,-1.00000000E-001, 2.61132768E-003
 4.85000000E+000, 1.82393740E-001, 3.09837977E-001, 6.41486286E-001,-1.00000000E-001, 2.63993645E-003
 4.87000000E+000, 1.83416564E-001, 3.08670157E-001, 6.43770675E-001,-1.00000000E-001, 2.66824194E-003
 4.89000000E+000, 1.84412828E-001, 3.07531191E-001, 6.46010515E-001,-1.00000000E-001, 2.69619109E-003
 4.91000000E+000, 1.85381576E-001, 3.06422286E-001, 6.48202235E-001,-1.00000000E-001, 2.72372794E-003
 4.93000000E+000, 1.86321807E-001, 3.05344699E-001, 6.50342090E-001,-1.00000000E-001, 2.75079331E-003
 4.95000000E+000, 1.87232472E-001, 3.04299756E-001, 6.52426143E-001,-1.00000000E-001, 2.77732449E-003
 4.97000000E+000, 1.88112451E-001, 3.03288858E-001, 6.54450226E-001,-1.00000000E-001, 2.80325477E-003
 4.99000000E+000, 1.88960545E-001, 3.02313505E-001, 6.56409905E-001,-1.00000000E-001, 2.82851304E-003
 5.01000000E+000, 1.89775456E-001, 3.01375312E-001, 6.58300443E-001,-1.00000000E-001, 2.85302321E-003
 5.03000000E+000, 1.90555771E-001, 3.00476031E-001, 6.60116745E-001,-1.00000000E-001, 2.87670358E-003
 5.05000000E+000, 1.91299938E-001, 2.99617574E-001, 6.61853307E-001,-1.00000000E-001, 2.89946615E-003
 5.07000000E+000, 1.92006247E-001, 2.98802040E-001, 6.63504160E-001,-1.00000000E-001, 2.92121586E-003
 5.09000000E+000, 1.92672803E-001, 2.98031745E-001, 6.65062806E-001,-1.00000000E-001, 2.94184985E-003
 5.11000000E+000, 1.93297502E-001, 2.97309246E-001, 6.66522154E-001,-1.00000000E-001, 2.96125660E-003
 5.13000000E+000, 1.93877999E-001, 2.96637381E-001, 6.67874458E-001,-1.00000000E-001, 2.97931523E-003
 5.15000000E+000, 1.94411682E-001, 2.96019298E-001, 6.69111254E-001,-1.00000000E-001, 2.99589473E-003
 5.17000000E+000, 1.94895637E-001, 2.95458488E-001, 6.70223294E-001,-1.00000000E-001, 3.01085332E-003
 5.19000000E+000, 1.95326621E-001, 2.94958824E-001, 6.71200494E-001,-1.00000000E-001, 3.02403797E-003
 5.21000000E+000, 1.95701029E-001, 2.94524591E-001, 6.72031910E-001,-1.00000000E-001, 3.03528446E-003
 5.23000000E+000, 1.96014891E-001, 2.94160494E-001, 6.72705755E-001,-1.00000000E-001, 3.04441808E-003
 5.25000000E+000, 1.96263856E-001, 2.93871660E-001, 6.73209399E-001,-1.00000000E-001, 3.05125424E-003
 5.27000000E+000, 1.96443155E-001, 2.93663754E-001, 6.73529693E-001,-1.00000000E-001, 3.05560367E-003
 5.29000000E+000, 1.96548063E-001, 2.93543121E-001, 6.73658093E-001,-1.00000000E-001, 3.05734333E-003
 5.31000000E+000, 1.96579048E-001, 2.93515417E-001, 6.73630934E-001,-1.00000000E-001, 3.05696959E-003
 5.33000000E+000, 1.96544647E-001, 2.93558364E-001, 6.73520031E-001,-1.00000000E-001, 3.05546116E-003
 5.35000000E+000, 1.96448171E-001, 2.93665548E-001, 6.73297968E-001,-1.00000000E-001, 3.05243417E-003
 5.37000000E+000, 1.96287320E-001, 2.93846964E-001, 6.72916859E-001,-1.00000000E-001, 3.04724712E-003
 5.39000000E+000, 1.96059058E-001, 2.94106364E-001, 6.72368090E-001,-1.00000000E-001, 3.03979075E-003
 5.41000000E+000, 1.95760321E-001, 2.94447241E-001, 6.71644859E-001,-1.00000000E-001, 3.02998417E-003
 5.43000000E+000, 1.95388057E-001, 2.94873027E-001, 6.70740824E-001,-1.00000000E-001, 3.01775707E-003
 5.45000000E+000, 1.94939263E-001, 2.95387074E-001, 6.69650149E-001,-1.00000000E-001, 3.00305067E-003
 5.47000000E+000, 1.94411027E-001, 2.95992597E-001, 6.68367631E-001,-1.00000000E-001, 2.98581983E-003
 5.49000000E+000, 1.93800593E-001, 2.96692601E-001, 6.66888875E-001,-1.00000000E-001, 2.96603543E-003
 5.51000000E+000, 1.93105427E-001, 2.97489805E-001, 6.65210464E-001,-1.00000000E-001, 2.94368692E-003
 5.53000000E+000, 1.92323285E-001, 2.98386565E-001, 6.63330148E-001,-1.00000000E-001, 2.91878458E-003
 5.55000000E+000, 1.91452297E-001, 2.99384775E-001, 6.61247021E-001,-1.00000000E-001, 2.89136163E-003
 5.57000000E+000, 1.90491037E-001, 3.00485790E-001, 6.58961689E-001,-1.00000000E-001, 2.86147591E-003
 5.59000000E+000, 1.89438610E-001, 3.01690328E-001, 6.56476425E-001,-1.00000000E-001, 2.82921115E-003
 5.61000000E+000, 1.88294726E-001, 3.02998394E-001, 6.53795293E-001,-1.00000000E-001, 2.79467747E-003
 5.63000000E+000, 1.87059771E-001, 3.04409195E-001, 6.50924238E-001,-1.00000000E-001, 2.75801136E-003
 5.65000000E+000, 1.85734869E-001, 3.05921085E-001, 6.47871135E-001,-1.00000000E-001, 2.71937474E-003
 5.67000000E+000, 1.84321934E-001, 3.07531511E-001, 6.44645790E-001,-1.00000000E-001, 2.67895321E-003
 5.69000000E+000, 1.82823697E-001, 3.09236987E-001, 6.41259880E-001,-1.00000000E-001, 2.63695354E-003
 5.71000000E+000, 1.81243719E-001, 3.11033089E-001, 6.37726840E-001,-1.00000000E-001, 2.59360032E-003
 5.73000000E+000, 1.79586383E-001, 3.12914480E-001, 6.34061694E-001,-1.00000000E-001, 2.54913199E-003
 5.75000000E+000, 1.77856859E-001, 3.14874952E-001, 6.30280826E-001,-1.00000000E-001, 2.50379632E-003
 5.77000000E+000, 1.76061043E-001, 3.16907509E-001, 6.26401714E-001,-1.00000000E-001, 2.45784558E-003
 5.79000000E+000, 1.74205476E-001, 3.19004464E-001, 6.22442617E-001,-1.00000000E-001, 2.41153161E-003
 5.81000000E+000, 1.72297241E-001, 3.21157561E-001, 6.18422247E-001,-1.00000000E-001, 2.36510089E-003
 5.83000000E+000, 1.70343847E-001, 3.23358121E-001, 6.14359424E-001,-1.00000000E-001, 2.31879007E-003
 5.85000000E+000, 1.68353090E-001, 3.25597186E-001, 6.10272737E-001,-1.00000000E-001, 2.27282189E-003
 5.87000000E+000, 1.66332924E-001, 3.27865685E-001, 6.06180226E-001,-1.00000000E-001, 2.22740175E-003
 5.89000000E+000, 1.64291317E-001, 3.30154581E-001, 6.02099091E-001,-1.00000000E-001, 2.18271513E-003
 5.91000000E+000, 1.62236121E-001, 3.32455025E-001, 5.98045448E-001,-1.00000000E-001, 2.13892568E-003
 5.93000000E+000, 1.60174952E-001, 3.34758485E-001, 5.94034129E-001,-1.00000000E-001, 2.09617429E-003
 5.95000000E+000, 1.58115084E-001, 3.37056863E-001, 5.90078537E-001,-1.00000000E-001, 2.05457875E-003
 5.97000000E+000, 1.56063359E-001, 3.39342586E-001, 5.86190554E-001,-1.00000000E-001, 2.01423424E-003
 5.99000000E+000, 1.54026123E-001, 3.41608679E-001, 5.82380503E-001,-1.00000000E-001, 1.97521436E-003
 6.01000000E+000, 1.52009176E-001, 3.43848809E-001, 5.78657152E-001,-1.00000000E-001, 1.93757255E-003
 6.03000000E+000, 1.50017749E-001, 3.46057310E-001, 5.75027764E-001,-1.00000000E-001, 1.90134394E-003
 6.05000000E+000, 1.48056487E-001, 3.48229191E-001, 5.71498172E-001,-1.00000000E-001, 1.86654737E-003
 6.07000000E+000, 1.46129464E-001, 3.50360119E-001, 5.68072883E-001,-1.00000000E-001, 1.83318744E-003
 6.09000000E+000, 1.44240193E-001, 3.52446395E-001, 5.64755197E-001,-1.00000000E-001, 1.80125662E-003
 6.11000000E+000, 1.42391660E-001, 3.54484919E-001, 5.61547332E-001,-1.00000000E-001, 1.77073730E-003
 6.13000000E+000, 1.40586354E-001, 3.56473147E-001, 5.58450555E-001,-1.00000000E-001, 1.74160361E-003
 6.15000000E+000, 1.38826309E-001, 3.58409043E-001, 5.55465308E-001,-1.00000000E-001, 1.71382319E-003
 6.17000000E+000, 1.37113144E-001, 3.60291028E-001, 5.52591331E-001,-1.00000000E-001, 1.68735866E-003
 6.19000000E+000, 1.35448102E-001, 3.62117938E-001, 5.49827770E-001,-1.00000000E-001, 1.66216897E-003
 6.21000000E+000, 1.33832095E-001, 3.63888970E-001, 5.47173281E-001,-1.00000000E-001, 1.63821050E-003
 6.23000000E+000, 1.32265733E-001, 3.65603643E-001, 5.44626121E-001,-1.00000000E-001, 1.61543805E-003
 6.25000000E+000, 1.30749369E-001, 3.67261756E-001, 5.42184227E-001,-1.00000000E-001, 1.59380557E-003
 6.27000000E+000, 1.29283124E-001, 3.68863352E-001, 5.39845284E-001,-1.00000000E-001, 1.57326682E-003
 6.29000000E+000, 1.27866920E-001, 3.70408685E-001, 5.37606783E-001,-1.00000000E-001, 1.55377583E-003
 6.31000000E+000, 1.26500505E-001, 3.71898189E-001, 5.35466073E-001,-1.00000000E-001, 1.53528734E-003
 6.33000000E+000, 1.25183473E-001, 3.73332455E-001, 5.33420400E-001,-1.00000000E-001, 1.51775705E-003
 6.35000000E+000, 1.23915290E-001, 3.74712207E-001, 5.31466942E-001,-1.00000000E-001, 1.50114184E-003
 6.37000000E+000, 1.22695308E-001, 3.76038283E-001, 5.29602838E-001,-1.00000000E-001, 1.48539993E-003
 6.39000000E+000, 1.21522782E-001, 3.77311616E-001, 5.27825209E-001,-1.00000000E-001, 1.47049098E-003
 6.41000000E+000, 1.20396884E-001, 3.78533223E-001, 5.26131178E-001,-1.00000000E-001, 1.45637614E-003
 6.43000000E+000, 1.19316715E-001, 3.79704185E-001, 5.24517884E-001,-1.00000000E-001, 1.44301808E-003
 6.45000000E+000, 1.18281316E-001, 3.80825645E-001, 5.22982494E-001,-1.00000000E-001, 1.43038102E-003
 6.47000000E+000, 1.17289677E-001, 3.81898788E-001, 5.21522214E-001,-1.00000000E-001, 1.41843065E-003
 6.49000000E+000, 1.16340748E-001, 3.82924839E-001, 5.20134293E-001,-1.00000000E-001, 1.40713416E-003
 6.51000000E+000, 1.15433441E-001, 3.83905055E-001, 5.18816031E-001,-1.00000000E-001, 1.39646018E-003
 6.53000000E+000, 1.14566643E-001, 3.84840713E-001, 5.17564782E-001,-1.00000000E-001, 1.38637874E-003
 6.55000000E+000, 1.13739220E-001, 3.85733109E-001, 5.16377959E-001,-1.00000000E-001, 1.37686121E-003
 6.57000000E+000, 1.12950020E-001, 3.86583551E-001, 5.15253034E-001,-1.00000000E-001, 1.36788025E-003
 6.59000000E+000, 1.12197879E-001, 3.87393352E-001, 5.14187541E-001,-1.00000000E-001, 1.35940975E-003
 6.61000000E+000, 1.11481630E-001, 3.88163828E-001, 5.13179078E-001,-1.00000000E-001, 1.35142480E-003
 6.63000000E+000, 1.10800098E-001, 3.88896295E-001, 5.12225304E-001,-1.00000000E-001, 1.34390161E-003
 6.65000000E+000, 1.10152115E-001, 3.89592062E-001, 5.11323944E-001,-1.00000000E-001, 1.33681748E-003
 6.67000000E+000, 1.09536511E-001, 3.90252429E-001, 5.10472787E-001,-1.00000000E-001, 1.33015071E-003
 6.69000000E+000, 1.08952129E-001, 3.90878688E-001, 5.09669684E-001,-1.00000000E-001, 1.32388060E-003
 6.71000000E+000, 1.08397817E-001, 3.91472112E-001, 5.08912549E-001,-1.00000000E-001, 1.31798739E-003
 6.73000000E+000, 1.07872438E-001, 3.92033961E-001, 5.08199359E-001,-1.00000000E-001, 1.31245220E-003
 6.75000000E+000, 1.07374871E-001, 3.92565476E-001, 5.07528156E-001,-1.00000000E-001, 1.30725697E-003
 6.77000000E+000, 1.06904009E-001, 3.93067877E-001, 5.06897038E-001,-1.00000000E-001, 1.30238448E-003
 6.79000000E+000, 1.06458765E-001, 3.93542362E-001, 5.06304166E-001,-1.00000000E-001, 1.29781827E-003
 6.81000000E+000, 1.06038072E-001, 3.93990105E-001, 5.05747763E-001,-1.00000000E-001, 1.29354261E-003
 6.83000000E+000, 1.05640885E-001, 3.94412255E-001, 5.05226105E-001,-1.00000000E-001, 1.28954246E-003
 6.85000000E+000, 1.05266180E-001, 3.94809935E-001, 5.04737532E-001,-1.00000000E-001, 1.28580346E-003
 6.87000000E+000, 1.04912959E-001, 3.95184241E-001, 5.04280437E-001,-1.00000000E-001, 1.28231189E-003
 6.89000000E+000, 1.04580249E-001, 3.95536240E-001, 5.03853269E-001,-1.00000000E-001, 1.27905462E-003
 6.91000000E+000, 1.04267101E-001, 3.95866972E-001, 5.03454533E-001,-1.00000000E-001, 1.27601913E-003
 6.93000000E+000, 1.03972593E-001, 3.96177444E-001, 5.03082787E-001,-1.00000000E-001, 1.27319343E-003
 6.95000000E+000, 1.03695831E-001, 3.96468638E-001, 5.02736643E-001,-1.00000000E-001, 1.27056609E-003
 6.97000000E+000, 1.03435948E-001, 3.96741502E-001, 5.02414764E-001,-1.00000000E-001, 1.26812618E-003
 6.99000000E+000, 1.03192103E-001, 3.96996954E-001, 5.02115862E-001,-1.00000000E-001, 1.26586326E-003
 7.01000000E+000, 1.02963484E-001, 3.97235884E-001, 5.01838702E-001,-1.00000000E-001, 1.26376736E-003
 7.03000000E+000, 1.02749306E-001, 3.97459147E-001, 5.01582095E-001,-1.00000000E-001, 1.26182898E-003
 7.05000000E+000, 1.02548815E-001, 3.97667572E-001, 5.01344901E-001,-1.00000000E-001, 1.26003903E-003
 7.07000000E+000, 1.02361281E-001, 3.97861955E-001, 5.01126025E-001,-1.00000000E-001, 1.25838886E-003
 7.09000000E+000, 1.02186003E-001, 3.98043062E-001, 5.00924419E-001,-1.00000000E-001, 1.25687021E-003
 7.11000000E+000, 1.02022309E-001, 3.98211629E-001, 5.00739077E-001,-1.00000000E-001, 1.25547520E-003
 7.13000000E+000, 1.01869551E-001, 3.98368363E-001, 5.00569038E-001,-1.00000000E-001, 1.25419633E-003
 7.15000000E+000, 1.01727111E-001, 3.98513942E-001, 5.00413383E-001,-1.00000000E-001, 1.25302646E-003
 7.17000000E+000, 1.01594394E-001, 3.98649015E-001, 5.00271233E-001,-1.00000000E-001, 1.25195879E-003
 7.19000000E+000, 1.01470835E-001, 3.98774201E-001, 5.00141748E-001,-1.00000000E-001, 1.25098685E-003
 7.21000000E+000, 1.01355891E-001, 3.98890094E-001, 5.00024129E-001,-1.00000000E-001, 1.25010449E-003
 7.23000000E+000, 1.01249046E-001, 3.98997261E-001, 4.99917613E-001,-1.00000000E-001, 1.24930586E-003
 7.25000000E+000, 1.01149805E-001, 3.99096240E-001, 4.99821474E-001,-1.00000000E-001, 1.24858542E-003
 7.27000000E+000, 1.01057701E-001, 3.99187546E-001, 4.99735021E-001,-1.00000000E-001, 1.24793789E-003
 7.29000000E+000, 1.00972287E-001, 3.99271668E-001, 4.99657597E-001,-1.00000000E-001, 1.24735828E-003
 7.31000000E+000, 1.00893139E-001, 3.99349070E-001, 4.99588579E-001,-1.00000000E-001, 1.24684187E-003
 7.33000000E+000, 1.00819855E-001, 3.99420193E-001, 4.99527377E-001,-1.00000000E-001, 1.24638416E-003
 7.35000000E+000, 1.00752054E-001, 3.99485455E-001, 4.99473428E-001,-1.00000000E-001, 1.24598091E-003
 7.37000000E+000, 1.00689374E-001, 3.99545252E-001, 4.99426203E-001,-1.00000000E-001, 1.24562813E-003
 7.39000000E+000, 1.00631475E-001, 3.99599959E-001, 4.99385200E-001,-1.00000000E-001, 1.24532202E-003
 7.41000000E+000, 1.00578033E-001, 3.99649930E-001, 4.99349944E-001,-1.00000000E-001, 1.24505902E-003
 7.43000000E+000, 1.00528745E-001, 3.99695500E-001, 4.99319989E-001,-1.00000000E-001, 1.24483575E-003
 7.45000000E+000, 1.00483322E-001, 3.99736983E-001, 4.99294913E-001,-1.00000000E-001, 1.24464904E-003
 7.47000000E+000, 1.00441495E-001, 3.99774677E-001, 4.99274317E-001,-1.00000000E-001, 1.24449591E-003
 7.49000000E+000, 1.00403009E-001, 3.99808861E-001, 4.99257829E-001,-1.00000000E-001, 1.24437355E-003
 7.51000000E+000, 1.00367625E-001, 3.99839798E-001, 4.99245098E-001,-1.00000000E-001, 1.24427934E-003
 7.53000000E+000, 1.00335117E-001, 3.99867735E-001, 4.99235793E-001,-1.00000000E-001, 1.24421078E-003
 7.55000000E+000, 1.00305277E-001, 3.99892903E-001, 4.99229606E-001,-1.00000000E-001, 1.24416558E-003
 7.57000000E+000, 1.00277905E-001, 3.99915518E-001, 4.99226247E-001,-1.00000000E-001, 1.24414155E-003
 7.59000000E+000, 1.00252817E-001, 3.99935784E-001, 4.99225446E-001,-1.00000000E-001, 1.24413668E-003
 7.61000000E+000, 1.00229841E-001, 3.99953890E-001, 4.99226950E-001,-1.00000000E-001, 1.24414908E-003
 7.63000000E+000, 1.00208815E-001, 3.99970013E-001, 4.99230524E-001,-1.00000000E-001, 1.24417697E-003
 7.65000000E+000, 1.00189589E-001, 3.99984318E-001, 4.99235948E-001,-1.00000000E-001, 1.24421871E-003
 7.67000000E+000, 1.00172021E-001, 3.99996959E-001, 4.99243018E-001,-1.00000000E-001, 1.24427279E-003
 7.69000000E+000, 1.00155980E-001, 4.00008080E-001, 4.99251544E-001,-1.00000000E-001, 1.24433777E-003
 7.71000000E+000, 1.00141346E-001, 4.00017812E-001, 4.99261351E-001,-1.00000000E-001, 1.24441234E-003
 7.73000000E+000, 1.00128006E-001, 4.00026281E-001, 4.99272276E-001,-1.00000000E-001, 1.24449529E-003
 7.75000000E+000, 1.00115853E-001, 4.00033600E-001, 4.99284169E-001,-1.00000000E-001, 1.24458548E-003
 7.77000000E+000, 1.00104790E-001, 4.00039876E-001, 4.99296891E-001,-1.00000000E-001, 1.24468190E-003
 7.79000000E+000, 1.00094728E-001, 4.00045207E-001, 4.99310316E-001,-1.00000000E-001, 1.24478357E-003
 7.81000000E+000, 1.00085582E-001, 4.00049683E-001, 4.99324326E-001,-1.00000000E-001, 1.24488963E-003
 7.83000000E+000, 1.00077275E-001, 4.00053389E-001, 4.99338814E-001,-1.00000000E-001, 1.24499927E-003
 7.85000000E+000, 1.00069736E-001, 4.00056401E-001, 4.99353682E-001,-1.00000000E-001, 1.24511176E-003
 7.87000000E+000, 1.00062898E-001, 4.00058791E-001, 4.99368841E-001,-1.00000000E-001, 1.24522643E-003
 7.89000000E+000, 1.00056701E-001, 4.00060624E-001, 4.99384209E-001,-1.00000000E-001, 1.24534267E-003
 7.91000000E+000, 1.00051089E-001, 4.00061959E-001, 4.99399712E-001,-1.00000000E-001, 1.24545992E-003
 7.93000000E+000, 1.00046010E-001, 4.00062853E-001, 4.99415285E-001,-1.00000000E-001, 1.24557768E-003
 7.95000000E+000, 1.00041416E-001, 4.00063355E-001, 4.99430867E-001,-1.00000000E-001, 1.24569551E-003
 7.97000000E+000, 1.00037265E-001, 4.00063511E-001, 4.99446403E-001,-1.00000000E-001, 1.24581300E-003
 7.99000000E+000, 1.00033515E-001, 4.00063363E-001, 4.99461846E-001,-1.00000000E-001, 1.24592978E-003
 8.01000000E+000, 1.00030131E-001, 4.00062950E-001, 4.99477152E-001,-1.00000000E-001, 1.24604554E-003
 8.03000000E+000, 1.00027079E-001, 4.00062306E-001, 4.99492284E-001,-1.00000000E-001, 1.24615997E-003
 8.05000000E+000, 1.00024327E-001, 4.00061463E-001, 4.99507206E-001,-1.00000000E-001, 1.24627283E-003
 8.07000000E+000, 1.00021848E-001, 4.00060450E-001, 4.99521890E-001,-1.00000000E-001, 1.24638390E-003
 8.09000000E+000, 1.00019616E-001, 4.00059291E-001, 4.99536311E-001,-1.00000000E-001, 1.24649298E-003
 8.11000000E+000, 1.00017608E-001, 4.00058012E-001, 4.99550445E-001,-1.00000000E-001, 1.24659991E-003
 8.13000000E+000, 1.00015802E-001, 4.00056632E-001, 4.99564274E-001,-1.00000000E-001, 1.24670453E-003
 8.15000000E+000, 1.00014178E-001, 4.00055171E-001, 4.99577782E-001,-1.00000000E-001, 1.24680674E-003
 8.17000000E+000, 1.00012720E-001, 4.00053645E-001, 4.99590956E-001,-1.00000000E-001, 1.24690643E-003
 8.19000000E+000, 1.00011411E-001, 4.00052070E-001, 4.99603785E-001,-1.00000000E-001, 1.24700351E-003
 8.21000000E+000, 1.00010235E-001, 4.00050459E-001, 4.99616260E-001,-1.00000000E-001, 1.24709794E-003
 8.23000000E+000, 1.00009181E-001, 4.00048824E-001, 4.99628376E-001,-1.00000000E-001, 1.24718965E-003
 8.25000000E+000, 1.00008236E-001, 4.00047176E-001, 4.99640127E-001,-1.00000000E-001, 1.24727862E-003
 8.27000000E+000, 1.00007388E-001, 4.00045523E-001, 4.99651512E-001,-1.00000000E-001, 1.24736482E-003
 8.29000000E+000, 1.00006629E-001, 4.00043875E-001, 4.99662529E-001,-1.00000000E-001, 1.24744824E-003
 8.31000000E+000, 1.00005948E-001, 4.00042238E-001, 4.99673179E-001,-1.00000000E-001, 1.24752889E-003
 8.33000000E+000, 1.00005339E-001, 4.00040618E-001, 4.99683462E-001,-1.00000000E-001, 1.24760678E-003
 8.35000000E+000, 1.00004793E-001, 4.00039022E-001, 4.99693381E-001,-1.00000000E-001, 1.24768192E-003
 8.37000000E+000, 1.00004305E-001, 4.00037452E-001, 4.99702941E-001,-1.00000000E-001, 1.24775435E-003
 8.39000000E+000, 1.00003867E-001, 4.00035913E-001, 4.99712146E-001,-1.00000000E-001, 1.24782409E-003
 8.41000000E+000, 1.00003476E-001, 4.00034409E-001, 4.99721001E-001,-1.00000000E-001, 1.24789119E-003
 8.43000000E+000, 1.00003125E-001, 4.00032942E-001, 4.99729512E-001,-1.00000000E-001, 1.24795569E-003
 8.45000000E+000, 1.00002811E-001, 4.00031514E-001, 4.99737685E-001,-1.00000000E-001, 1.24801765E-003
 8.47000000E+000, 1.00002530E-001, 4.00030127E-001, 4.99745529E-001,-1.00000000E-001, 1.24807711E-003
 8.49000000E+000, 1.00002278E-001, 4.00028781E-001, 4.99753050E-001,-1.00000000E-001, 1.24813413E-003
 8.51000000E+000, 1.00002052E-001, 4.00027479E-001, 4.99760256E-001,-1.00000000E-001, 1.24818877E-003
 8.53000000E+000, 1.00001849E-001, 4.00026220E-001, 4.99767156E-001,-1.00000000E-001, 1.24824110E-003
 8.55000000E+000, 1.00001668E-001, 4.00025005E-001, 4.99773758E-001,-1.00000000E-001, 1.24829117E-003
 8.57000000E+000, 1.00001505E-001, 4.00023833E-001, 4.99780071E-001,-1.00000000E-001, 1.24833905E-003
 8.59000000E+000, 1.00001359E-001, 4.00022705E-001, 4.99786103E-001,-1.00000000E-001, 1.24838481E-003
 8.61000000E+000, 1.00001228E-001, 4.00021620E-001, 4.99791863E-001,-1.00000000E-001, 1.24842852E-003
 8.63000000E+000, 1.00001110E-001, 4.00020578E-001, 4.99797361E-001,-1.00000000E-001, 1.24847023E-003
 8.65000000E+000, 1.00001004E-001, 4.00019578E-001, 4.99802604E-001,-1.00000000E-001, 1.24851002E-003
 8.67000000E+000, 1.00000909E-001, 4.00018619E-001, 4.99807601E-001,-1.00000000E-001, 1.24854795E-003
 8.69000000E+000, 1.00000823E-001, 4.00017701E-001, 4.99812362E-001,-1.00000000E-001, 1.24858409E-003
 8.71000000E+000, 1.00000745E-001, 4.00016822E-001, 4.99816894E-001,-1.00000000E-001, 1.24861849E-003
 8.73000000E+000, 1.00000675E-001, 4.00015982E-001, 4.99821206E-001,-1.00000000E-001, 1.24865123E-003
 8.75000000E+000, 1.00000612E-001, 4.00015180E-001, 4.99825306E-001,-1.00000000E-001, 1.24868237E-003
 8.77000000E+000, 1.00000555E-001, 4.00014414E-001, 4.99829203E-001,-1.00000000E-001, 1.24871197E-003
 8.79000000E+000, 1.00000503E-001, 4.00013684E-001, 4.99832905E-001,-1.00000000E-001, 1.24874008E-003
 8.81000000E+000, 1.00000455E-001, 4.00012987E-001, 4.99836419E-001,-1.00000000E-001, 1.24876678E-003
 8.83000000E+000, 1.00000413E-001, 4.00012324E-001, 4.99839753E-001,-1.00000000E-001, 1.24879211E-003
 8.85000000E+000, 1.00000373E-001, 4.00011693E-001, 4.99842915E-001,-1.00000000E-001, 1.24881613E-003
 8.87000000E+000, 1.00000338E-001, 4.00011093E-001, 4.99845912E-001,-1.00000000E-001, 1.24883891E-003
 8.89000000E+000, 1.00000305E-001, 4.00010523E-001, 4.99848752E-001,-1.00000000E-001, 1.24886049E-003
 8.91000000E+000, 1.00000275E-001, 4.00009981E-001, 4.99851440E-001,-1.00000000E-001, 1.24888093E-003
 8.93000000E+000, 1.00000247E-001, 4.00009466E-001, 4.99853985E-001,-1.00000000E-001, 1.24890027E-003
 8.95000000E+000, 1.00000222E-001, 4.00008978E-001, 4.99856392E-001,-1.00000000E-001, 1.24891857E-003
 8.97000000E+000, 1.00000198E-001, 4.00008515E-001, 4.99858668E-001,-1.00000000E-001, 1.24893588E-003
 8.99000000E+000, 1.00000176E-001, 4.00008077E-001, 4.99860820E-001,-1.00000000E-001, 1.24895224E-003
 9.01000000E+000, 1.00000156E-001, 4.00007661E-001, 4.99862852E-001,-1.00000000E-001, 1.24896770E-003
 9.03000000E+000, 1.00000138E-001, 4.00007268E-001, 4.99864772E-001,-1.00000000E-001, 1.24898231E-003
 9.05000000E+000, 1.00000121E-001, 4.00006895E-001, 4.99866584E-001,-1.00000000E-001, 1.24899609E-003
 9.07000000E+000, 1.00000105E-001, 4.00006543E-001, 4.99868294E-001,-1.00000000E-001, 1.24900910E-003
 9.09000000E+000, 1.00000090E-001, 4.00006209E-001, 4.99869906E-001,-1.00000000E-001, 1.24902137E-003
 9.11000000E+000, 1.00000076E-001, 4.00005894E-001, 4.99871426E-001,-1.00000000E-001, 1.24903294E-003
 9.13000000E+000, 1.00000063E-001, 4.00005597E-001, 4.99872858E-001,-1.00000000E-001, 1.24904385E-003
 9.15000000E+000, 1.00000051E-001, 4.00005316E-001, 4.99874207E-001,-1.00000000E-001, 1.24905411E-003
 9.17000000E+000, 1.00000040E-001, 4.00005050E-001, 4.99875477E-001,-1.00000000E-001, 1.24906378E-003
 9.19000000E+000, 1.00000029E-001, 4.00004800E-001, 4.99876672E-001,-1.00000000E-001, 1.24907288E-003
 9.21000000E+000, 1.00000020E-001, 4.00004563E-001, 4.99877795E-001,-1.00000000E-001, 1.24908143E-003
 9.23000000E+000, 1.00000011E-001, 4.00004340E-001, 4.99878850E-001,-1.00000000E-001, 1.24908947E-003
 9.25000000E+000, 1.00000003E-001, 4.00004130E-001, 4.99879841E-001,-1.00000000E-001, 1.24909701E-003
 9.27000000E+000, 9.99999949E-002, 4.00003931E-001, 4.99880770E-001,-1.00000000E-001, 1.24910410E-003
 9.29000000E+000, 9.99999878E-002, 4.00003744E-001, 4.99881642E-001,-1.00000000E-001, 1.24911074E-003
 9.31000000E+000, 9.99999813E-002, 4.00003567E-001, 4.99882458E-001,-1.00000000E-001, 1.24911696E-003
 9.33000000E+000, 9.99999754E-002, 4.00003401E-001, 4.99883223E-001,-1.00000000E-001, 1.24912278E-003
 9.35000000E+000, 9.99999700E-002, 4.00003243E-001, 4.99883938E-001,-1.00000000E-001, 1.24912823E-003
 9.37000000E+000, 9.99999652E-002, 4.00003094E-001, 4.99884607E-001,-1.00000000E-001, 1.24913332E-003
 9.39000000E+000, 9.99999608E-002, 4.00002954E-001, 4.99885232E-001,-1.00000000E-001, 1.24913808E-003
 9.41000000E+000, 9.99999570E-002, 4.00002820E-001, 4.99885816E-001,-1.00000000E-001, 1.24914253E-003
 9.43000000E+000, 9.99999537E-002, 4.00002694E-001, 4.99886361E-001,-1.00000000E-001, 1.24914668E-003
 9.45000000E+000, 9.99999510E-002, 4.00002574E-001, 4.99886870E-001,-1.00000000E-001, 1.24915055E-003
 9.47000000E+000, 9.99999487E-002, 4.00002460E-001, 4.99887345E-001,-1.00000000E-001, 1.24915417E-003
 9.49000000E+000, 9.99999469E-002, 4.00002351E-001, 4.99887789E-001,-1.00000000E-001, 1.24915755E-003
 9.51000000E+000, 9.99999457E-002, 4.00002247E-001, 4.99888204E-001,-1.00000000E-001, 1.24916070E-003
 9.53000000E+000, 9.99999449E-002, 4.00002147E-001, 4.99888592E-001,-1.00000000E-001, 1.24916365E-003
 9.55000000E+000, 9.99999447E-002, 4.00002051E-001, 4.99888955E-001,-1.00000000E-001, 1.24916641E-003
 9.57000000E+000, 9.99999451E-002, 4.00001959E-001, 4.99889295E-001,-1.00000000E-001, 1.24916899E-003
 9.59000000E+000, 9.99999459E-002, 4.00001870E-001, 4.99889614E-001,-1.00000000E-001, 1.24917142E-003
 9.61000000E+000, 9.99999474E-002, 4.00001784E-001, 4.99889913E-001,-1.00000000E-001, 1.24917369E-003
 9.63000000E+000, 9.99999494E-002, 4.00001701E-001, 4.99890195E-001,-1.00000000E-001, 1.24917583E-003
 9.65000000E+000, 9.99999520E-002, 4.00001620E-001, 4.99890459E-001,-1.00000000E-001, 1.24917783E-003
 9.67000000E+000, 9.99999551E-002, 4.00001542E-001, 4.99890708E-001,-1.00000000E-001, 1.24917972E-003
 9.69000000E+000, 9.99999589E-002, 4.00001465E-001, 4.99890942E-001,-1.00000000E-001, 1.24918150E-003
 9.71000000E+000, 9.99999632E-002, 4.00001390E-001, 4.99891163E-001,-1.00000000E-001, 1.24918317E-003
 9.73000000E+000, 9.99999680E-002, 4.00001316E-001, 4.99891371E-001,-1.00000000E-001, 1.24918475E-003
 9.75000000E+000, 9.99999730E-002, 4.00001245E-001, 4.99891567E-001,-1.00000000E-001, 1.24918623E-003
 9.77000000E+000, 9.99999775E-002, 4.00001175E-001, 4.99891749E-001,-1.00000000E-001, 1.24918762E-003
 9.79000000E+000, 9.99999802E-002, 4.00001110E-001, 4.99891918E-001,-1.00000000E-001, 1.24918890E-003
 9.81000000E+000, 9.99999794E-002, 4.00001050E-001, 4.99892073E-001,-1.00000000E-001, 1.24919008E-003
 9.83000000E+000, 9.99999728E-002, 4.00000996E-001, 4.99892215E-001,-1.00000000E-001, 1.24919115E-003
 9.85000000E+000, 9.99999583E-002, 4.00000953E-001, 4.99892340E-001,-1.00000000E-001, 1.24919210E-003
 9.87000000E+000, 9.99999362E-002, 4.00000919E-001, 4.99892446E-001,-1.00000000E-001, 1.24919290E-003
 9.89000000E+000, 9.99999127E-002, 4.00000888E-001, 4.99892538E-001,-1.00000000E-001, 1.24919360E-003
 9.91000000E+000, 9.99999077E-002, 4.00000848E-001, 4.99892659E-001,-1.00000000E-001, 1.24919452E-003
 9.93000000E+000, 9.99999598E-002, 4.00000749E-001, 4.99892880E-001,-1.00000000E-001, 1.24919618E-003
 9.95000000E+000, 1.00000101E-001, 4.00000552E-001, 4.99893207E-001,-1.00000000E-001, 1.24919865E-003
 9.97000000E+000, 1.00000307E-001, 4.00000275E-001, 4.99893557E-001,-1.00000000E-001, 1.24920128E-003
 9.99000000E+000, 1.00000473E-001, 4.00000031E-001, 4.99893773E-001,-1.00000000E-001, 1.24920291E-003
