   10.000866549130876      ,         500
X,ZB,H,U,ZF,QS
 1.00000000E-002, 1.00000178E-001, 3.99917446E-001, 5.00100436E-001,-1.00000000E-001, 1.25075341E-003
 3.00000000E-002, 9.99955146E-002, 3.99924206E-001, 5.00082047E-001,-1.00000000E-001, 1.25061545E-003
 5.00000000E-002, 9.99948570E-002, 3.99925729E-001, 5.00072652E-001,-1.00000000E-001, 1.25054497E-003
 7.00000000E-002, 9.99949548E-002, 3.99926113E-001, 5.00063394E-001,-1.00000000E-001, 1.25047552E-003
 9.00000000E-002, 9.99949995E-002, 3.99926560E-001, 5.00055415E-001,-1.00000000E-001, 1.25041567E-003
 1.10000000E-001, 9.99954481E-002, 3.99926470E-001, 5.00047350E-001,-1.00000000E-001, 1.25035517E-003
 1.30000000E-001, 9.99953104E-002, 3.99926892E-001, 5.00038610E-001,-1.00000000E-001, 1.25028961E-003
 1.50000000E-001, 9.99955137E-002, 3.99926837E-001, 5.00030474E-001,-1.00000000E-001, 1.25022858E-003
 1.70000000E-001, 9.99952407E-002, 3.99927176E-001, 5.00021840E-001,-1.00000000E-001, 1.25016382E-003
 1.90000000E-001, 9.99953497E-002, 3.99927018E-001, 5.00013792E-001,-1.00000000E-001, 1.25010346E-003
 2.10000000E-001, 9.99951387E-002, 3.99927051E-001, 5.00005381E-001,-1.00000000E-001, 1.25004038E-003
 2.30000000E-001, 9.99952608E-002, 3.99926695E-001, 4.99997822E-001,-1.00000000E-001, 1.24998369E-003
 2.50000000E-001, 9.99951219E-002, 3.99926541E-001, 4.99989520E-001,-1.00000000E-001, 1.24992143E-003
 2.70000000E-001, 9.99952075E-002, 3.99926057E-001, 4.99981905E-001,-1.00000000E-001, 1.24986432E-003
 2.90000000E-001, 9.99950693E-002, 3.99925741E-001, 4.99973530E-001,-1.00000000E-001, 1.24980151E-003
 3.10000000E-001, 9.99951549E-002, 3.99925092E-001, 4.99965795E-001,-1.00000000E-001, 1.24974351E-003
 3.30000000E-001, 9.99950354E-002, 3.99924606E-001, 4.99957271E-001,-1.00000000E-001, 1.24967959E-003
 3.50000000E-001, 9.99950954E-002, 3.99923822E-001, 4.99949285E-001,-1.00000000E-001, 1.24961971E-003
 3.70000000E-001, 9.99949707E-002, 3.99923169E-001, 4.99940518E-001,-1.00000000E-001, 1.24955398E-003
 3.90000000E-001, 9.99950346E-002, 3.99922220E-001, 4.99932379E-001,-1.00000000E-001, 1.24949295E-003
 4.10000000E-001, 9.99950024E-002, 3.99921358E-001, 4.99923538E-001,-1.00000000E-001, 1.24942666E-003
 4.30000000E-001, 9.99949009E-002, 3.99920422E-001, 4.99914475E-001,-1.00000000E-001, 1.24935871E-003
 4.50000000E-001, 9.99949670E-002, 3.99919218E-001, 4.99905640E-001,-1.00000000E-001, 1.24929248E-003
 4.70000000E-001, 9.99948116E-002, 3.99918178E-001, 4.99896087E-001,-1.00000000E-001, 1.24922086E-003
 4.90000000E-001, 9.99949425E-002, 3.99916728E-001, 4.99887105E-001,-1.00000000E-001, 1.24915353E-003
 5.10000000E-001, 9.99947848E-002, 3.99915540E-001, 4.99877188E-001,-1.00000000E-001, 1.24907918E-003
 5.30000000E-001, 9.99949015E-002, 3.99913923E-001, 4.99867763E-001,-1.00000000E-001, 1.24900853E-003
 5.50000000E-001, 9.99946840E-002, 3.99912601E-001, 4.99857352E-001,-1.00000000E-001, 1.24893049E-003
 5.70000000E-001, 9.99948300E-002, 3.99910768E-001, 4.99847629E-001,-1.00000000E-001, 1.24885762E-003
 5.90000000E-001, 9.99946272E-002, 3.99909269E-001, 4.99836748E-001,-1.00000000E-001, 1.24877606E-003
 6.10000000E-001, 9.99947815E-002, 3.99907238E-001, 4.99826468E-001,-1.00000000E-001, 1.24869902E-003
 6.30000000E-001, 9.99945572E-002, 3.99905573E-001, 4.99814977E-001,-1.00000000E-001, 1.24861290E-003
 6.50000000E-001, 9.99947173E-002, 3.99903342E-001, 4.99804127E-001,-1.00000000E-001, 1.24853159E-003
 6.70000000E-001, 9.99944897E-002, 3.99901496E-001, 4.99791963E-001,-1.00000000E-001, 1.24844044E-003
 6.90000000E-001, 9.99946527E-002, 3.99899061E-001, 4.99780428E-001,-1.00000000E-001, 1.24835400E-003
 7.10000000E-001, 9.99944200E-002, 3.99897018E-001, 4.99767526E-001,-1.00000000E-001, 1.24825733E-003
 7.30000000E-001, 9.99945858E-002, 3.99894374E-001, 4.99755268E-001,-1.00000000E-001, 1.24816548E-003
 7.50000000E-001, 9.99943469E-002, 3.99892132E-001, 4.99741609E-001,-1.00000000E-001, 1.24806314E-003
 7.70000000E-001, 9.99945130E-002, 3.99889275E-001, 4.99728602E-001,-1.00000000E-001, 1.24796569E-003
 7.90000000E-001, 9.99942606E-002, 3.99886826E-001, 4.99714178E-001,-1.00000000E-001, 1.24785763E-003
 8.10000000E-001, 9.99944427E-002, 3.99883736E-001, 4.99700432E-001,-1.00000000E-001, 1.24775465E-003
 8.30000000E-001, 9.99941761E-002, 3.99881092E-001, 4.99685264E-001,-1.00000000E-001, 1.24764104E-003
 8.50000000E-001, 9.99943674E-002, 3.99877785E-001, 4.99670797E-001,-1.00000000E-001, 1.24753267E-003
 8.70000000E-001, 9.99940894E-002, 3.99874947E-001, 4.99654886E-001,-1.00000000E-001, 1.24741350E-003
 8.90000000E-001, 9.99942850E-002, 3.99871434E-001, 4.99639669E-001,-1.00000000E-001, 1.24729953E-003
 9.10000000E-001, 9.99939989E-002, 3.99868415E-001, 4.99622999E-001,-1.00000000E-001, 1.24717469E-003
 9.30000000E-001, 9.99941985E-002, 3.99864707E-001, 4.99607028E-001,-1.00000000E-001, 1.24705510E-003
 9.50000000E-001, 9.99939037E-002, 3.99861502E-001, 4.99589584E-001,-1.00000000E-001, 1.24692447E-003
 9.70000000E-001, 9.99941062E-002, 3.99857600E-001, 4.99572856E-001,-1.00000000E-001, 1.24679922E-003
 9.90000000E-001, 9.99938090E-002, 3.99854211E-001, 4.99554655E-001,-1.00000000E-001, 1.24666295E-003
 1.01000000E+000, 9.99940099E-002, 3.99850121E-001, 4.99537207E-001,-1.00000000E-001, 1.24653234E-003
 1.03000000E+000, 9.99937113E-002, 3.99846538E-001, 4.99518261E-001,-1.00000000E-001, 1.24639051E-003
 1.05000000E+000, 9.99939071E-002, 3.99842258E-001, 4.99500065E-001,-1.00000000E-001, 1.24625431E-003
 1.07000000E+000, 9.99936096E-002, 3.99838484E-001, 4.99480404E-001,-1.00000000E-001, 1.24610715E-003
 1.09000000E+000, 9.99937998E-002, 3.99834028E-001, 4.99461479E-001,-1.00000000E-001, 1.24596550E-003
 1.11000000E+000, 9.99935056E-002, 3.99830058E-001, 4.99441161E-001,-1.00000000E-001, 1.24581345E-003
 1.13000000E+000, 9.99936894E-002, 3.99825437E-001, 4.99421571E-001,-1.00000000E-001, 1.24566685E-003
 1.15000000E+000, 9.99933988E-002, 3.99821305E-001, 4.99400661E-001,-1.00000000E-001, 1.24551040E-003
 1.17000000E+000, 9.99935759E-002, 3.99816532E-001, 4.99380488E-001,-1.00000000E-001, 1.24535947E-003
 1.19000000E+000, 9.99932888E-002, 3.99812220E-001, 4.99359027E-001,-1.00000000E-001, 1.24519892E-003
 1.21000000E+000, 9.99934598E-002, 3.99807298E-001, 4.99338240E-001,-1.00000000E-001, 1.24504341E-003
 1.23000000E+000, 9.99931770E-002, 3.99802853E-001, 4.99316283E-001,-1.00000000E-001, 1.24487918E-003
 1.25000000E+000, 9.99933429E-002, 3.99797812E-001, 4.99295001E-001,-1.00000000E-001, 1.24472001E-003
 1.27000000E+000, 9.99930647E-002, 3.99793224E-001, 4.99272589E-001,-1.00000000E-001, 1.24455239E-003
 1.29000000E+000, 9.99932256E-002, 3.99788084E-001, 4.99250740E-001,-1.00000000E-001, 1.24438899E-003
 1.31000000E+000, 9.99929549E-002, 3.99783405E-001, 4.99228001E-001,-1.00000000E-001, 1.24421896E-003
 1.33000000E+000, 9.99931107E-002, 3.99778217E-001, 4.99205901E-001,-1.00000000E-001, 1.24405373E-003
 1.35000000E+000, 9.99928504E-002, 3.99773446E-001, 4.99183028E-001,-1.00000000E-001, 1.24388273E-003
 1.37000000E+000, 9.99929979E-002, 3.99768226E-001, 4.99160727E-001,-1.00000000E-001, 1.24371601E-003
 1.39000000E+000, 9.99927602E-002, 3.99763425E-001, 4.99137896E-001,-1.00000000E-001, 1.24354535E-003
 1.41000000E+000, 9.99928906E-002, 3.99758224E-001, 4.99115662E-001,-1.00000000E-001, 1.24337919E-003
 1.43000000E+000, 9.99926820E-002, 3.99753361E-001, 4.99093076E-001,-1.00000000E-001, 1.24321035E-003
 1.45000000E+000, 9.99927302E-002, 3.99748332E-001, 4.99071013E-001,-1.00000000E-001, 1.24304542E-003
 1.47000000E+000, 9.99925952E-002, 3.99743512E-001, 4.99049201E-001,-1.00000000E-001, 1.24288244E-003
 1.49000000E+000, 9.99925457E-002, 3.99738881E-001, 4.99028558E-001,-1.00000000E-001, 1.24272819E-003
 1.51000000E+000, 9.99927236E-002, 3.99733999E-001, 4.99008039E-001,-1.00000000E-001, 1.24257489E-003
 1.53000000E+000, 9.99925425E-002, 3.99729830E-001, 4.98989235E-001,-1.00000000E-001, 1.24243440E-003
 1.55000000E+000, 9.99927166E-002, 3.99725344E-001, 4.98970844E-001,-1.00000000E-001, 1.24229700E-003
 1.57000000E+000, 9.99925134E-002, 3.99721627E-001, 4.98954373E-001,-1.00000000E-001, 1.24217397E-003
 1.59000000E+000, 9.99926957E-002, 3.99717612E-001, 4.98938572E-001,-1.00000000E-001, 1.24205596E-003
 1.61000000E+000, 9.99925305E-002, 3.99714368E-001, 4.98924850E-001,-1.00000000E-001, 1.24195348E-003
 1.63000000E+000, 9.99927404E-002, 3.99710860E-001, 4.98911771E-001,-1.00000000E-001, 1.24185581E-003
 1.65000000E+000, 9.99926176E-002, 3.99708107E-001, 4.98900800E-001,-1.00000000E-001, 1.24177389E-003
 1.67000000E+000, 9.99928596E-002, 3.99705108E-001, 4.98890507E-001,-1.00000000E-001, 1.24169707E-003
 1.69000000E+000, 9.99927760E-002, 3.99702811E-001, 4.98882000E-001,-1.00000000E-001, 1.24163356E-003
 1.71000000E+000, 9.99930523E-002, 3.99700252E-001, 4.98874028E-001,-1.00000000E-001, 1.24157403E-003
 1.73000000E+000, 9.99930085E-002, 3.99698349E-001, 4.98867664E-001,-1.00000000E-001, 1.24152651E-003
 1.75000000E+000, 9.99933263E-002, 3.99696161E-001, 4.98861944E-001,-1.00000000E-001, 1.24148383E-003
 1.77000000E+000, 9.99933293E-002, 3.99694630E-001, 4.98857761E-001,-1.00000000E-001, 1.24145259E-003
 1.79000000E+000, 9.99936976E-002, 3.99692831E-001, 4.98854010E-001,-1.00000000E-001, 1.24142454E-003
 1.81000000E+000, 9.99937644E-002, 3.99691688E-001, 4.98852266E-001,-1.00000000E-001, 1.24141155E-003
 1.83000000E+000, 9.99941979E-002, 3.99690374E-001, 4.98851287E-001,-1.00000000E-001, 1.24140434E-003
 1.85000000E+000, 9.99943544E-002, 3.99689531E-001, 4.98851274E-001,-1.00000000E-001, 1.24140426E-003
 1.87000000E+000, 9.99948672E-002, 3.99688415E-001, 4.98851628E-001,-1.00000000E-001, 1.24140688E-003
 1.89000000E+000, 9.99951068E-002, 3.99687639E-001, 4.98852688E-001,-1.00000000E-001, 1.24141478E-003
 1.91000000E+000, 9.99957110E-002, 3.99686663E-001, 4.98854219E-001,-1.00000000E-001, 1.24142620E-003
 1.93000000E+000, 9.99960772E-002, 3.99685993E-001, 4.98856828E-001,-1.00000000E-001, 1.24144569E-003
 1.95000000E+000, 9.99967533E-002, 3.99685243E-001, 4.98859769E-001,-1.00000000E-001, 1.24146764E-003
 1.97000000E+000, 9.99973587E-002, 3.99684644E-001, 4.98863862E-001,-1.00000000E-001, 1.24149821E-003
 1.99000000E+000, 9.99982295E-002, 3.99683951E-001, 4.98868397E-001,-1.00000000E-001, 1.24153210E-003
 2.01000000E+000, 9.99989144E-002, 3.99683486E-001, 4.98873725E-001,-1.00000000E-001, 1.24157189E-003
 2.03000000E+000, 9.99999039E-002, 3.99682861E-001, 4.98879496E-001,-1.00000000E-001, 1.24161496E-003
 2.05000000E+000, 1.00000960E-001, 3.99682187E-001, 4.98886241E-001,-1.00000000E-001, 1.24166529E-003
 2.07000000E+000, 1.00002175E-001, 3.99681510E-001, 4.98893639E-001,-1.00000000E-001, 1.24172050E-003
 2.09000000E+000, 1.00003515E-001, 3.99680830E-001, 4.98902081E-001,-1.00000000E-001, 1.24178352E-003
 2.11000000E+000, 1.00005043E-001, 3.99680165E-001, 4.98911534E-001,-1.00000000E-001, 1.24185409E-003
 2.13000000E+000, 1.00006750E-001, 3.99679507E-001, 4.98922229E-001,-1.00000000E-001, 1.24193394E-003
 2.15000000E+000, 1.00008674E-001, 3.99678863E-001, 4.98934148E-001,-1.00000000E-001, 1.24202297E-003
 2.17000000E+000, 1.00010794E-001, 3.99678224E-001, 4.98947363E-001,-1.00000000E-001, 1.24212166E-003
 2.19000000E+000, 1.00013159E-001, 3.99677551E-001, 4.98961696E-001,-1.00000000E-001, 1.24222873E-003
 2.21000000E+000, 1.00015775E-001, 3.99676725E-001, 4.98977492E-001,-1.00000000E-001, 1.24234675E-003
 2.23000000E+000, 1.00018723E-001, 3.99675696E-001, 4.98994471E-001,-1.00000000E-001, 1.24247359E-003
 2.25000000E+000, 1.00022004E-001, 3.99674493E-001, 4.99012389E-001,-1.00000000E-001, 1.24260742E-003
 2.27000000E+000, 1.00025638E-001, 3.99673073E-001, 4.99031434E-001,-1.00000000E-001, 1.24274969E-003
 2.29000000E+000, 1.00029692E-001, 3.99671272E-001, 4.99052249E-001,-1.00000000E-001, 1.24290520E-003
 2.31000000E+000, 1.00034168E-001, 3.99669331E-001, 4.99073680E-001,-1.00000000E-001, 1.24306533E-003
 2.33000000E+000, 1.00039156E-001, 3.99666874E-001, 4.99097126E-001,-1.00000000E-001, 1.24324056E-003
 2.35000000E+000, 1.00044644E-001, 3.99664087E-001, 4.99121491E-001,-1.00000000E-001, 1.24342268E-003
 2.37000000E+000, 1.00050774E-001, 3.99660672E-001, 4.99147363E-001,-1.00000000E-001, 1.24361608E-003
 2.39000000E+000, 1.00057528E-001, 3.99656682E-001, 4.99174184E-001,-1.00000000E-001, 1.24381660E-003
 2.41000000E+000, 1.00065034E-001, 3.99651930E-001, 4.99201999E-001,-1.00000000E-001, 1.24402456E-003
 2.43000000E+000, 1.00073276E-001, 3.99646327E-001, 4.99230962E-001,-1.00000000E-001, 1.24424113E-003
 2.45000000E+000, 1.00082408E-001, 3.99639837E-001, 4.99260359E-001,-1.00000000E-001, 1.24446095E-003
 2.47000000E+000, 1.00092421E-001, 3.99632245E-001, 4.99291084E-001,-1.00000000E-001, 1.24469074E-003
 2.49000000E+000, 1.00103512E-001, 3.99623509E-001, 4.99322491E-001,-1.00000000E-001, 1.24492563E-003
 2.51000000E+000, 1.00115682E-001, 3.99613549E-001, 4.99354981E-001,-1.00000000E-001, 1.24516864E-003
 2.53000000E+000, 1.00129106E-001, 3.99602129E-001, 4.99389108E-001,-1.00000000E-001, 1.24542395E-003
 2.55000000E+000, 1.00143821E-001, 3.99589365E-001, 4.99424289E-001,-1.00000000E-001, 1.24568716E-003
 2.57000000E+000, 1.00160024E-001, 3.99574939E-001, 4.99461460E-001,-1.00000000E-001, 1.24596531E-003
 2.59000000E+000, 1.00177771E-001, 3.99558878E-001, 4.99500416E-001,-1.00000000E-001, 1.24625687E-003
 2.61000000E+000, 1.00197242E-001, 3.99540977E-001, 4.99541596E-001,-1.00000000E-001, 1.24656511E-003
 2.63000000E+000, 1.00218535E-001, 3.99521153E-001, 4.99585118E-001,-1.00000000E-001, 1.24689096E-003
 2.65000000E+000, 1.00241873E-001, 3.99499177E-001, 4.99631333E-001,-1.00000000E-001, 1.24723701E-003
 2.67000000E+000, 1.00267379E-001, 3.99474903E-001, 4.99680540E-001,-1.00000000E-001, 1.24760555E-003
 2.69000000E+000, 1.00295272E-001, 3.99448106E-001, 4.99733036E-001,-1.00000000E-001, 1.24799881E-003
 2.71000000E+000, 1.00325696E-001, 3.99418662E-001, 4.99788929E-001,-1.00000000E-001, 1.24841761E-003
 2.73000000E+000, 1.00358896E-001, 3.99386292E-001, 4.99848663E-001,-1.00000000E-001, 1.24886528E-003
 2.75000000E+000, 1.00395055E-001, 3.99350814E-001, 4.99912451E-001,-1.00000000E-001, 1.24934347E-003
 2.77000000E+000, 1.00434450E-001, 3.99311939E-001, 4.99980657E-001,-1.00000000E-001, 1.24985490E-003
 2.79000000E+000, 1.00477252E-001, 3.99269494E-001, 5.00053465E-001,-1.00000000E-001, 1.25040100E-003
 2.81000000E+000, 1.00523799E-001, 3.99223092E-001, 5.00131465E-001,-1.00000000E-001, 1.25098621E-003
 2.83000000E+000, 1.00574334E-001, 3.99172485E-001, 5.00214922E-001,-1.00000000E-001, 1.25161257E-003
 2.85000000E+000, 1.00629164E-001, 3.99117344E-001, 5.00304253E-001,-1.00000000E-001, 1.25228325E-003
 2.87000000E+000, 1.00688551E-001, 3.99057393E-001, 5.00399791E-001,-1.00000000E-001, 1.25300080E-003
 2.89000000E+000, 1.00752877E-001, 3.98992216E-001, 5.00502077E-001,-1.00000000E-001, 1.25376932E-003
 2.91000000E+000, 1.00822471E-001, 3.98921484E-001, 5.00611420E-001,-1.00000000E-001, 1.25459123E-003
 2.93000000E+000, 1.00897721E-001, 3.98844759E-001, 5.00728418E-001,-1.00000000E-001, 1.25547107E-003
 2.95000000E+000, 1.00978967E-001, 3.98761675E-001, 5.00853464E-001,-1.00000000E-001, 1.25641190E-003
 2.97000000E+000, 1.01066626E-001, 3.98671772E-001, 5.00987095E-001,-1.00000000E-001, 1.25741783E-003
 2.99000000E+000, 1.01161095E-001, 3.98574613E-001, 5.01129764E-001,-1.00000000E-001, 1.25849240E-003
 3.01000000E+000, 1.01262832E-001, 3.98469681E-001, 5.01282068E-001,-1.00000000E-001, 1.25964021E-003
 3.03000000E+000, 1.01372279E-001, 3.98356518E-001, 5.01444362E-001,-1.00000000E-001, 1.26086408E-003
 3.05000000E+000, 1.01489924E-001, 3.98234566E-001, 5.01617293E-001,-1.00000000E-001, 1.26216903E-003
 3.07000000E+000, 1.01616249E-001, 3.98103285E-001, 5.01801477E-001,-1.00000000E-001, 1.26355989E-003
 3.09000000E+000, 1.01751776E-001, 3.97962113E-001, 5.01997468E-001,-1.00000000E-001, 1.26504102E-003
 3.11000000E+000, 1.01897027E-001, 3.97810482E-001, 5.02205913E-001,-1.00000000E-001, 1.26661753E-003
 3.13000000E+000, 1.02052559E-001, 3.97647750E-001, 5.02427707E-001,-1.00000000E-001, 1.26829644E-003
 3.15000000E+000, 1.02218934E-001, 3.97473343E-001, 5.02663443E-001,-1.00000000E-001, 1.27008252E-003
 3.17000000E+000, 1.02396741E-001, 3.97286642E-001, 5.02913855E-001,-1.00000000E-001, 1.27198161E-003
 3.19000000E+000, 1.02586577E-001, 3.97086974E-001, 5.03179977E-001,-1.00000000E-001, 1.27400192E-003
 3.21000000E+000, 1.02789062E-001, 3.96873685E-001, 5.03462648E-001,-1.00000000E-001, 1.27615021E-003
 3.23000000E+000, 1.03004825E-001, 3.96646147E-001, 5.03762591E-001,-1.00000000E-001, 1.27843240E-003
 3.25000000E+000, 1.03234510E-001, 3.96403617E-001, 5.04081025E-001,-1.00000000E-001, 1.28085826E-003
 3.27000000E+000, 1.03478776E-001, 3.96145391E-001, 5.04418937E-001,-1.00000000E-001, 1.28343587E-003
 3.29000000E+000, 1.03738290E-001, 3.95870816E-001, 5.04777005E-001,-1.00000000E-001, 1.28617099E-003
 3.31000000E+000, 1.04013726E-001, 3.95579127E-001, 5.05156440E-001,-1.00000000E-001, 1.28907357E-003
 3.33000000E+000, 1.04305770E-001, 3.95269558E-001, 5.05558415E-001,-1.00000000E-001, 1.29215334E-003
 3.35000000E+000, 1.04615111E-001, 3.94941425E-001, 5.05983683E-001,-1.00000000E-001, 1.29541690E-003
 3.37000000E+000, 1.04942439E-001, 3.94593964E-001, 5.06433389E-001,-1.00000000E-001, 1.29887397E-003
 3.39000000E+000, 1.05288449E-001, 3.94226372E-001, 5.06908884E-001,-1.00000000E-001, 1.30253598E-003
 3.41000000E+000, 1.05653832E-001, 3.93837965E-001, 5.07410940E-001,-1.00000000E-001, 1.30641001E-003
 3.43000000E+000, 1.06039278E-001, 3.93428000E-001, 5.07940643E-001,-1.00000000E-001, 1.31050570E-003
 3.45000000E+000, 1.06445464E-001, 3.92995687E-001, 5.08499375E-001,-1.00000000E-001, 1.31483510E-003
 3.47000000E+000, 1.06873066E-001, 3.92540325E-001, 5.09088084E-001,-1.00000000E-001, 1.31940710E-003
 3.49000000E+000, 1.07322741E-001, 3.92061231E-001, 5.09707737E-001,-1.00000000E-001, 1.32423083E-003
 3.51000000E+000, 1.07795134E-001, 3.91557636E-001, 5.10359769E-001,-1.00000000E-001, 1.32931931E-003
 3.53000000E+000, 1.08290868E-001, 3.91028870E-001, 5.11045222E-001,-1.00000000E-001, 1.33468265E-003
 3.55000000E+000, 1.08810549E-001, 3.90474312E-001, 5.11764986E-001,-1.00000000E-001, 1.34032995E-003
 3.57000000E+000, 1.09354752E-001, 3.89893282E-001, 5.12520387E-001,-1.00000000E-001, 1.34627398E-003
 3.59000000E+000, 1.09924028E-001, 3.89285141E-001, 5.13312648E-001,-1.00000000E-001, 1.35252690E-003
 3.61000000E+000, 1.10518895E-001, 3.88649375E-001, 5.14142528E-001,-1.00000000E-001, 1.35909746E-003
 3.63000000E+000, 1.11139832E-001, 3.87985407E-001, 5.15011266E-001,-1.00000000E-001, 1.36599844E-003
 3.65000000E+000, 1.11787283E-001, 3.87292701E-001, 5.15920067E-001,-1.00000000E-001, 1.37324263E-003
 3.67000000E+000, 1.12461649E-001, 3.86570852E-001, 5.16869646E-001,-1.00000000E-001, 1.38083917E-003
 3.69000000E+000, 1.13163282E-001, 3.85819447E-001, 5.17860996E-001,-1.00000000E-001, 1.38879972E-003
 3.71000000E+000, 1.13892490E-001, 3.85038058E-001, 5.18895381E-001,-1.00000000E-001, 1.39713840E-003
 3.73000000E+000, 1.14649527E-001, 3.84226429E-001, 5.19973419E-001,-1.00000000E-001, 1.40586443E-003
 3.75000000E+000, 1.15434589E-001, 3.83384322E-001, 5.21095903E-001,-1.00000000E-001, 1.41498875E-003
 3.77000000E+000, 1.16247815E-001, 3.82511490E-001, 5.22263910E-001,-1.00000000E-001, 1.42452494E-003
 3.79000000E+000, 1.17089288E-001, 3.81607819E-001, 5.23478099E-001,-1.00000000E-001, 1.43448352E-003
 3.81000000E+000, 1.17959023E-001, 3.80673297E-001, 5.24738907E-001,-1.00000000E-001, 1.44487344E-003
 3.83000000E+000, 1.18856968E-001, 3.79707868E-001, 5.26047254E-001,-1.00000000E-001, 1.45570805E-003
 3.85000000E+000, 1.19783009E-001, 3.78711602E-001, 5.27403709E-001,-1.00000000E-001, 1.46699809E-003
 3.87000000E+000, 1.20736961E-001, 3.77684693E-001, 5.28808515E-001,-1.00000000E-001, 1.47875194E-003
 3.89000000E+000, 1.21718565E-001, 3.76627333E-001, 5.30262207E-001,-1.00000000E-001, 1.49098074E-003
 3.91000000E+000, 1.22727495E-001, 3.75539777E-001, 5.31765308E-001,-1.00000000E-001, 1.50369589E-003
 3.93000000E+000, 1.23763352E-001, 3.74422445E-001, 5.33317787E-001,-1.00000000E-001, 1.51690441E-003
 3.95000000E+000, 1.24825662E-001, 3.73275773E-001, 5.34919859E-001,-1.00000000E-001, 1.53061573E-003
 3.97000000E+000, 1.25913884E-001, 3.72100242E-001, 5.36571781E-001,-1.00000000E-001, 1.54483996E-003
 3.99000000E+000, 1.27027400E-001, 3.70896481E-001, 5.38273366E-001,-1.00000000E-001, 1.55958368E-003
 4.01000000E+000, 1.28165526E-001, 3.69665182E-001, 5.40024384E-001,-1.00000000E-001, 1.57485334E-003
 4.03000000E+000, 1.29327503E-001, 3.68407048E-001, 5.41824852E-001,-1.00000000E-001, 1.59065784E-003
 4.05000000E+000, 1.30512511E-001, 3.67122909E-001, 5.43674372E-001,-1.00000000E-001, 1.60700264E-003
 4.07000000E+000, 1.31719659E-001, 3.65813692E-001, 5.45572329E-001,-1.00000000E-001, 1.62389151E-003
 4.09000000E+000, 1.32947997E-001, 3.64480319E-001, 5.47518375E-001,-1.00000000E-001, 1.64133073E-003
 4.11000000E+000, 1.34196511E-001, 3.63123808E-001, 5.49511901E-001,-1.00000000E-001, 1.65932445E-003
 4.13000000E+000, 1.35464134E-001, 3.61745279E-001, 5.51551973E-001,-1.00000000E-001, 1.67787396E-003
 4.15000000E+000, 1.36749743E-001, 3.60345858E-001, 5.53637846E-001,-1.00000000E-001, 1.69698231E-003
 4.17000000E+000, 1.38052168E-001, 3.58926720E-001, 5.55768683E-001,-1.00000000E-001, 1.71665182E-003
 4.19000000E+000, 1.39370194E-001, 3.57489150E-001, 5.57943231E-001,-1.00000000E-001, 1.73688092E-003
 4.21000000E+000, 1.40702558E-001, 3.56034450E-001, 5.60160328E-001,-1.00000000E-001, 1.75766881E-003
 4.23000000E+000, 1.42047991E-001, 3.54563910E-001, 5.62418867E-001,-1.00000000E-001, 1.77901515E-003
 4.25000000E+000, 1.43405078E-001, 3.53079030E-001, 5.64717200E-001,-1.00000000E-001, 1.80091432E-003
 4.27000000E+000, 1.44772773E-001, 3.51580902E-001, 5.67054298E-001,-1.00000000E-001, 1.82336638E-003
 4.29000000E+000, 1.46148950E-001, 3.50071753E-001, 5.69427498E-001,-1.00000000E-001, 1.84635544E-003
 4.31000000E+000, 1.47533387E-001, 3.48551800E-001, 5.71836974E-001,-1.00000000E-001, 1.86989276E-003
 4.33000000E+000, 1.48922977E-001, 3.47024362E-001, 5.74278119E-001,-1.00000000E-001, 1.89394259E-003
 4.35000000E+000, 1.50325537E-001, 3.45479376E-001, 5.76765295E-001,-1.00000000E-001, 1.91865709E-003
 4.37000000E+000, 1.51719199E-001, 3.43945620E-001, 5.79255472E-001,-1.00000000E-001, 1.94361588E-003
 4.39000000E+000, 1.53126436E-001, 3.42390885E-001, 5.81803087E-001,-1.00000000E-001, 1.96937339E-003
 4.41000000E+000, 1.54522498E-001, 3.40850944E-001, 5.84345935E-001,-1.00000000E-001, 1.99530864E-003
 4.43000000E+000, 1.55930279E-001, 3.39291553E-001, 5.86945200E-001,-1.00000000E-001, 2.02205363E-003
 4.45000000E+000, 1.57322021E-001, 3.37752439E-001, 5.89529862E-001,-1.00000000E-001, 2.04888428E-003
 4.47000000E+000, 1.58721378E-001, 3.36198212E-001, 5.92164773E-001,-1.00000000E-001, 2.07647979E-003
 4.49000000E+000, 1.60100123E-001, 3.34669434E-001, 5.94775690E-001,-1.00000000E-001, 2.10406733E-003
 4.51000000E+000, 1.61489817E-001, 3.33121363E-001, 5.97444737E-001,-1.00000000E-001, 2.13252054E-003
 4.53000000E+000, 1.62864084E-001, 3.31593192E-001, 6.00102722E-001,-1.00000000E-001, 2.16110961E-003
 4.55000000E+000, 1.64237080E-001, 3.30059700E-001, 6.02792283E-001,-1.00000000E-001, 2.19029724E-003
 4.57000000E+000, 1.65596735E-001, 3.28541851E-001, 6.05478164E-001,-1.00000000E-001, 2.21970601E-003
 4.59000000E+000, 1.66945810E-001, 3.27032981E-001, 6.08166604E-001,-1.00000000E-001, 2.24940526E-003
 4.61000000E+000, 1.68281711E-001, 3.25537009E-001, 6.10856886E-001,-1.00000000E-001, 2.27938888E-003
 4.63000000E+000, 1.69603714E-001, 3.24054102E-001, 6.13542616E-001,-1.00000000E-001, 2.30958634E-003
 4.65000000E+000, 1.70911297E-001, 3.22585844E-001, 6.16228104E-001,-1.00000000E-001, 2.34004664E-003
 4.67000000E+000, 1.72203362E-001, 3.21132469E-001, 6.18904709E-001,-1.00000000E-001, 2.37067147E-003
 4.69000000E+000, 1.73479050E-001, 3.19695746E-001, 6.21574410E-001,-1.00000000E-001, 2.40148224E-003
 4.71000000E+000, 1.74737419E-001, 3.18276259E-001, 6.24231641E-001,-1.00000000E-001, 2.43241316E-003
 4.73000000E+000, 1.75977483E-001, 3.16875640E-001, 6.26876274E-001,-1.00000000E-001, 2.46345991E-003
 4.75000000E+000, 1.77198420E-001, 3.15494339E-001, 6.29502735E-001,-1.00000000E-001, 2.49455375E-003
 4.77000000E+000, 1.78399213E-001, 3.14134333E-001, 6.32112129E-001,-1.00000000E-001, 2.52570358E-003
 4.79000000E+000, 1.79579205E-001, 3.12795466E-001, 6.34696465E-001,-1.00000000E-001, 2.55680875E-003
 4.81000000E+000, 1.80737245E-001, 3.11480300E-001, 6.37258612E-001,-1.00000000E-001, 2.58789800E-003
 4.83000000E+000, 1.81872812E-001, 3.10188317E-001, 6.39789453E-001,-1.00000000E-001, 2.61885370E-003
 4.85000000E+000, 1.82984667E-001, 3.08922173E-001, 6.42291544E-001,-1.00000000E-001, 2.64969948E-003
 4.87000000E+000, 1.84072635E-001, 3.07681174E-001, 6.44757778E-001,-1.00000000E-001, 2.68033936E-003
 4.89000000E+000, 1.85135456E-001, 3.06467701E-001, 6.47188993E-001,-1.00000000E-001, 2.71077437E-003
 4.91000000E+000, 1.86172879E-001, 3.05281286E-001, 6.49578566E-001,-1.00000000E-001, 2.74091183E-003
 4.93000000E+000, 1.87182983E-001, 3.04125259E-001, 6.51926494E-001,-1.00000000E-001, 2.77074085E-003
 4.95000000E+000, 1.88165363E-001, 3.02999011E-001, 6.54223549E-001,-1.00000000E-001, 2.80013213E-003
 4.97000000E+000, 1.89118446E-001, 3.01905754E-001, 6.56471695E-001,-1.00000000E-001, 2.82909823E-003
 4.99000000E+000, 1.90043148E-001, 3.00843416E-001, 6.58664915E-001,-1.00000000E-001, 2.85754849E-003
 5.01000000E+000, 1.90938420E-001, 2.99814371E-001, 6.60805050E-001,-1.00000000E-001, 2.88549330E-003
 5.03000000E+000, 1.91804388E-001, 2.98817609E-001, 6.62885167E-001,-1.00000000E-001, 2.91282850E-003
 5.05000000E+000, 1.92637354E-001, 2.97858676E-001, 6.64901065E-001,-1.00000000E-001, 2.93948402E-003
 5.07000000E+000, 1.93435164E-001, 2.96938967E-001, 6.66838589E-001,-1.00000000E-001, 2.96525594E-003
 5.09000000E+000, 1.94193853E-001, 2.96064535E-001, 6.68693448E-001,-1.00000000E-001, 2.99006907E-003
 5.11000000E+000, 1.94914576E-001, 2.95232983E-001, 6.70459701E-001,-1.00000000E-001, 3.01382519E-003
 5.13000000E+000, 1.95597894E-001, 2.94444963E-001, 6.72143616E-001,-1.00000000E-001, 3.03659065E-003
 5.15000000E+000, 1.96247837E-001, 2.93694753E-001, 6.73747080E-001,-1.00000000E-001, 3.05837476E-003
 5.17000000E+000, 1.96863347E-001, 2.92985016E-001, 6.75273424E-001,-1.00000000E-001, 3.07920778E-003
 5.19000000E+000, 1.97443502E-001, 2.92315610E-001, 6.76711169E-001,-1.00000000E-001, 3.09891780E-003
 5.21000000E+000, 1.97980224E-001, 2.91697372E-001, 6.78045402E-001,-1.00000000E-001, 3.11728379E-003
 5.23000000E+000, 1.98465696E-001, 2.91138386E-001, 6.79247337E-001,-1.00000000E-001, 3.13389075E-003
 5.25000000E+000, 1.98886706E-001, 2.90655541E-001, 6.80288118E-001,-1.00000000E-001, 3.14831865E-003
 5.27000000E+000, 1.99235490E-001, 2.90256759E-001, 6.81137964E-001,-1.00000000E-001, 3.16013243E-003
 5.29000000E+000, 1.99504935E-001, 2.89951837E-001, 6.81784283E-001,-1.00000000E-001, 3.16913671E-003
 5.31000000E+000, 1.99698531E-001, 2.89735468E-001, 6.82227876E-001,-1.00000000E-001, 3.17532661E-003
 5.33000000E+000, 1.99822153E-001, 2.89601915E-001, 6.82491610E-001,-1.00000000E-001, 3.17901062E-003
 5.35000000E+000, 1.99890923E-001, 2.89531575E-001, 6.82610565E-001,-1.00000000E-001, 3.18067319E-003
 5.37000000E+000, 1.99922809E-001, 2.89502784E-001, 6.82650474E-001,-1.00000000E-001, 3.18123108E-003
 5.39000000E+000, 1.99907665E-001, 2.89543958E-001, 6.82475565E-001,-1.00000000E-001, 3.17878622E-003
 5.41000000E+000, 1.99851841E-001, 2.89613854E-001, 6.82309836E-001,-1.00000000E-001, 3.17647136E-003
 5.43000000E+000, 1.99682187E-001, 2.89833872E-001, 6.81747834E-001,-1.00000000E-001, 3.16862856E-003
 5.45000000E+000, 1.99401186E-001, 2.90171832E-001, 6.80967949E-001,-1.00000000E-001, 3.15776662E-003
 5.47000000E+000, 1.98981776E-001, 2.90682380E-001, 6.79768617E-001,-1.00000000E-001, 3.14111145E-003
 5.49000000E+000, 1.98439434E-001, 2.91328667E-001, 6.78300816E-001,-1.00000000E-001, 3.12080792E-003
 5.51000000E+000, 1.97764277E-001, 2.92136560E-001, 6.76458580E-001,-1.00000000E-001, 3.09544899E-003
 5.53000000E+000, 1.96963699E-001, 2.93084609E-001, 6.74337711E-001,-1.00000000E-001, 3.06642515E-003
 5.55000000E+000, 1.96025690E-001, 2.94196081E-001, 6.71857665E-001,-1.00000000E-001, 3.03271677E-003
 5.57000000E+000, 1.94949157E-001, 2.95463733E-001, 6.69068843E-001,-1.00000000E-001, 2.99510765E-003
 5.59000000E+000, 1.93725392E-001, 2.96902871E-001, 6.65924548E-001,-1.00000000E-001, 2.95307919E-003
 5.61000000E+000, 1.92356007E-001, 2.98505423E-001, 6.62469801E-001,-1.00000000E-001, 2.90735641E-003
 5.63000000E+000, 1.90840977E-001, 3.00275158E-001, 6.58689220E-001,-1.00000000E-001, 2.85786482E-003
 5.65000000E+000, 1.89187422E-001, 3.02198048E-001, 6.54639311E-001,-1.00000000E-001, 2.80547409E-003
 5.67000000E+000, 1.87403087E-001, 3.04268430E-001, 6.50326381E-001,-1.00000000E-001, 2.75038905E-003
 5.69000000E+000, 1.85499900E-001, 3.06467878E-001, 6.45811163E-001,-1.00000000E-001, 2.69349802E-003
 5.71000000E+000, 1.83491665E-001, 3.08782495E-001, 6.41120345E-001,-1.00000000E-001, 2.63523102E-003
 5.73000000E+000, 1.81392637E-001, 3.11193284E-001, 6.36306387E-001,-1.00000000E-001, 2.57631441E-003
 5.75000000E+000, 1.79216867E-001, 3.13684735E-001, 6.31401902E-001,-1.00000000E-001, 2.51719970E-003
 5.77000000E+000, 1.76983734E-001, 3.16233175E-001, 6.26459756E-001,-1.00000000E-001, 2.45855281E-003
 5.79000000E+000, 1.74711793E-001, 3.18816606E-001, 6.21523287E-001,-1.00000000E-001, 2.40088978E-003
 5.81000000E+000, 1.72413242E-001, 3.21422614E-001, 6.16614229E-001,-1.00000000E-001, 2.34444814E-003
 5.83000000E+000, 1.70098811E-001, 3.24039121E-001, 6.11758958E-001,-1.00000000E-001, 2.28950191E-003
 5.85000000E+000, 1.67773113E-001, 3.26662227E-001, 6.06979448E-001,-1.00000000E-001, 2.23625822E-003
 5.87000000E+000, 1.65452623E-001, 3.29273377E-001, 6.02280698E-001,-1.00000000E-001, 2.18472520E-003
 5.89000000E+000, 1.63151422E-001, 3.31855879E-001, 5.97700336E-001,-1.00000000E-001, 2.13525859E-003
 5.91000000E+000, 1.60875321E-001, 3.34403888E-001, 5.93247146E-001,-1.00000000E-001, 2.08788678E-003
 5.93000000E+000, 1.58629921E-001, 3.36911234E-001, 5.88926013E-001,-1.00000000E-001, 2.04259461E-003
 5.95000000E+000, 1.56419088E-001, 3.39374248E-001, 5.84741015E-001,-1.00000000E-001, 1.99935832E-003
 5.97000000E+000, 1.54247039E-001, 3.41788415E-001, 5.80694043E-001,-1.00000000E-001, 1.95813248E-003
 5.99000000E+000, 1.52116506E-001, 3.44151320E-001, 5.76786416E-001,-1.00000000E-001, 1.91886768E-003
 6.01000000E+000, 1.50030717E-001, 3.46459577E-001, 5.73017927E-001,-1.00000000E-001, 1.88150155E-003
 6.03000000E+000, 1.47991464E-001, 3.48711824E-001, 5.69388053E-001,-1.00000000E-001, 1.84597154E-003
 6.05000000E+000, 1.46001101E-001, 3.50905692E-001, 5.65895249E-001,-1.00000000E-001, 1.81220821E-003
 6.07000000E+000, 1.44060601E-001, 3.53040688E-001, 5.62537508E-001,-1.00000000E-001, 1.78014103E-003
 6.09000000E+000, 1.42171601E-001, 3.55115189E-001, 5.59311965E-001,-1.00000000E-001, 1.74969472E-003
 6.11000000E+000, 1.40334429E-001, 3.57129422E-001, 5.56215867E-001,-1.00000000E-001, 1.72079872E-003
 6.13000000E+000, 1.38550170E-001, 3.59082404E-001, 5.53245888E-001,-1.00000000E-001, 1.69338045E-003
 6.15000000E+000, 1.36818663E-001, 3.60974868E-001, 5.50398648E-001,-1.00000000E-001, 1.66737022E-003
 6.17000000E+000, 1.35140578E-001, 3.62806247E-001, 5.47670281E-001,-1.00000000E-001, 1.64269711E-003
 6.19000000E+000, 1.33515381E-001, 3.64577666E-001, 5.45057147E-001,-1.00000000E-001, 1.61929544E-003
 6.21000000E+000, 1.31943422E-001, 3.66288880E-001, 5.42555195E-001,-1.00000000E-001, 1.59709874E-003
 6.23000000E+000, 1.30423879E-001, 3.67941301E-001, 5.40160751E-001,-1.00000000E-001, 1.57604665E-003
 6.25000000E+000, 1.28956858E-001, 3.69534897E-001, 5.37869713E-001,-1.00000000E-001, 1.55607767E-003
 6.27000000E+000, 1.27541306E-001, 3.71071315E-001, 5.35678712E-001,-1.00000000E-001, 1.53713909E-003
 6.29000000E+000, 1.26177141E-001, 3.72550675E-001, 5.33583900E-001,-1.00000000E-001, 1.51917624E-003
 6.31000000E+000, 1.24863125E-001, 3.73974699E-001, 5.31581910E-001,-1.00000000E-001, 1.50214061E-003
 6.33000000E+000, 1.23599027E-001, 3.75343628E-001, 5.29669393E-001,-1.00000000E-001, 1.48598573E-003
 6.35000000E+000, 1.22383463E-001, 3.76659294E-001, 5.27843522E-001,-1.00000000E-001, 1.47067121E-003
 6.37000000E+000, 1.21216085E-001, 3.77921966E-001, 5.26101172E-001,-1.00000000E-001, 1.45615567E-003
 6.39000000E+000, 1.20095393E-001, 3.79133511E-001, 5.24439724E-001,-1.00000000E-001, 1.44240338E-003
 6.41000000E+000, 1.19020949E-001, 3.80294259E-001, 5.22856425E-001,-1.00000000E-001, 1.42937878E-003
 6.43000000E+000, 1.17991165E-001, 3.81406157E-001, 5.21348956E-001,-1.00000000E-001, 1.41705107E-003
 6.45000000E+000, 1.17005538E-001, 3.82469563E-001, 5.19914588E-001,-1.00000000E-001, 1.40538716E-003
 6.47000000E+000, 1.16062411E-001, 3.83486496E-001, 5.18551073E-001,-1.00000000E-001, 1.39435891E-003
 6.49000000E+000, 1.15161236E-001, 3.84457387E-001, 5.17255785E-001,-1.00000000E-001, 1.38393608E-003
 6.51000000E+000, 1.14300307E-001, 3.85384313E-001, 5.16026431E-001,-1.00000000E-001, 1.37409198E-003
 6.53000000E+000, 1.13479051E-001, 3.86267729E-001, 5.14860255E-001,-1.00000000E-001, 1.36479701E-003
 6.55000000E+000, 1.12695726E-001, 3.87109768E-001, 5.13755005E-001,-1.00000000E-001, 1.35602644E-003
 6.57000000E+000, 1.11949749E-001, 3.87910953E-001, 5.12708232E-001,-1.00000000E-001, 1.34775463E-003
 6.59000000E+000, 1.11239361E-001, 3.88673399E-001, 5.11717586E-001,-1.00000000E-001, 1.33995740E-003
 6.61000000E+000, 1.10563977E-001, 3.89397572E-001, 5.10780514E-001,-1.00000000E-001, 1.33260956E-003
 6.63000000E+000, 1.09921833E-001, 3.90085626E-001, 5.09895079E-001,-1.00000000E-001, 1.32569135E-003
 6.65000000E+000, 1.09312359E-001, 3.90738019E-001, 5.09059047E-001,-1.00000000E-001, 1.31918117E-003
 6.67000000E+000, 1.08733794E-001, 3.91356841E-001, 5.08270465E-001,-1.00000000E-001, 1.31306003E-003
 6.69000000E+000, 1.08185591E-001, 3.91942494E-001, 5.07527236E-001,-1.00000000E-001, 1.30730829E-003
 6.71000000E+000, 1.07666004E-001, 3.92497060E-001, 5.06827695E-001,-1.00000000E-001, 1.30191002E-003
 6.73000000E+000, 1.07174521E-001, 3.93020903E-001, 5.06169939E-001,-1.00000000E-001, 1.29684777E-003
 6.75000000E+000, 1.06709417E-001, 3.93516054E-001, 5.05552318E-001,-1.00000000E-001, 1.29210637E-003
 6.77000000E+000, 1.06270223E-001, 3.93982824E-001, 5.04972995E-001,-1.00000000E-001, 1.28766950E-003
 6.79000000E+000, 1.05855244E-001, 3.94423245E-001, 5.04430552E-001,-1.00000000E-001, 1.28352431E-003
 6.81000000E+000, 1.05464058E-001, 3.94837582E-001, 5.03923222E-001,-1.00000000E-001, 1.27965549E-003
 6.83000000E+000, 1.05095007E-001, 3.95227774E-001, 5.03449345E-001,-1.00000000E-001, 1.27604882E-003
 6.85000000E+000, 1.04747720E-001, 3.95594124E-001, 5.03007653E-001,-1.00000000E-001, 1.27269321E-003
 6.87000000E+000, 1.04420585E-001, 3.95938467E-001, 5.02596226E-001,-1.00000000E-001, 1.26957282E-003
 6.89000000E+000, 1.04113282E-001, 3.96261065E-001, 5.02213939E-001,-1.00000000E-001, 1.26667805E-003
 6.91000000E+000, 1.03824246E-001, 3.96563785E-001, 5.01859346E-001,-1.00000000E-001, 1.26399687E-003
 6.93000000E+000, 1.03553220E-001, 3.96846566E-001, 5.01530137E-001,-1.00000000E-001, 1.26151104E-003
 6.95000000E+000, 1.03298674E-001, 3.97111708E-001, 5.01227269E-001,-1.00000000E-001, 1.25922704E-003
 6.97000000E+000, 1.03060437E-001, 3.97358535E-001, 5.00945962E-001,-1.00000000E-001, 1.25710799E-003
 6.99000000E+000, 1.02836993E-001, 3.97589580E-001, 5.00688461E-001,-1.00000000E-001, 1.25517047E-003
 7.01000000E+000, 1.02628267E-001, 3.97804398E-001, 5.00451745E-001,-1.00000000E-001, 1.25339106E-003
 7.03000000E+000, 1.02432775E-001, 3.98004581E-001, 5.00233623E-001,-1.00000000E-001, 1.25175287E-003
 7.05000000E+000, 1.02250496E-001, 3.98190720E-001, 5.00036594E-001,-1.00000000E-001, 1.25027442E-003
 7.07000000E+000, 1.02080030E-001, 3.98363472E-001, 4.99854369E-001,-1.00000000E-001, 1.24890798E-003
 7.09000000E+000, 1.01921366E-001, 3.98523763E-001, 4.99691204E-001,-1.00000000E-001, 1.24768536E-003
 7.11000000E+000, 1.01773212E-001, 3.98672345E-001, 4.99541981E-001,-1.00000000E-001, 1.24656796E-003
 7.13000000E+000, 1.01635564E-001, 3.98809696E-001, 4.99408788E-001,-1.00000000E-001, 1.24557109E-003
 7.15000000E+000, 1.01507222E-001, 3.98936632E-001, 4.99287438E-001,-1.00000000E-001, 1.24466332E-003
 7.17000000E+000, 1.01388199E-001, 3.99053788E-001, 4.99180911E-001,-1.00000000E-001, 1.24386686E-003
 7.19000000E+000, 1.01277386E-001, 3.99161789E-001, 4.99084702E-001,-1.00000000E-001, 1.24314779E-003
 7.21000000E+000, 1.01174812E-001, 3.99260964E-001, 4.99000426E-001,-1.00000000E-001, 1.24251812E-003
 7.23000000E+000, 1.01079442E-001, 3.99352362E-001, 4.98926236E-001,-1.00000000E-001, 1.24196404E-003
 7.25000000E+000, 1.00991341E-001, 3.99435896E-001, 4.98861973E-001,-1.00000000E-001, 1.24148419E-003
 7.27000000E+000, 1.00909528E-001, 3.99512605E-001, 4.98806155E-001,-1.00000000E-001, 1.24106749E-003
 7.29000000E+000, 1.00834106E-001, 3.99582474E-001, 4.98759261E-001,-1.00000000E-001, 1.24071751E-003
 7.31000000E+000, 1.00764148E-001, 3.99646495E-001, 4.98719955E-001,-1.00000000E-001, 1.24042421E-003
 7.33000000E+000, 1.00699803E-001, 3.99704401E-001, 4.98687774E-001,-1.00000000E-001, 1.24018409E-003
 7.35000000E+000, 1.00640183E-001, 3.99757324E-001, 4.98662352E-001,-1.00000000E-001, 1.23999444E-003
 7.37000000E+000, 1.00585468E-001, 3.99804969E-001, 4.98643265E-001,-1.00000000E-001, 1.23985208E-003
 7.39000000E+000, 1.00534809E-001, 3.99848308E-001, 4.98629573E-001,-1.00000000E-001, 1.23974995E-003
 7.41000000E+000, 1.00488435E-001, 3.99887059E-001, 4.98621162E-001,-1.00000000E-001, 1.23968721E-003
 7.43000000E+000, 1.00445550E-001, 3.99922169E-001, 4.98617043E-001,-1.00000000E-001, 1.23965649E-003
 7.45000000E+000, 1.00406353E-001, 3.99953548E-001, 4.98618375E-001,-1.00000000E-001, 1.23966643E-003
 7.47000000E+000, 1.00370086E-001, 3.99981690E-001, 4.98623206E-001,-1.00000000E-001, 1.23970247E-003
 7.49000000E+000, 1.00337175E-001, 4.00006181E-001, 4.98631538E-001,-1.00000000E-001, 1.23976462E-003
 7.51000000E+000, 1.00306640E-001, 4.00028312E-001, 4.98643070E-001,-1.00000000E-001, 1.23985064E-003
 7.53000000E+000, 1.00279017E-001, 4.00047332E-001, 4.98657481E-001,-1.00000000E-001, 1.23995814E-003
 7.55000000E+000, 1.00253362E-001, 4.00064457E-001, 4.98674496E-001,-1.00000000E-001, 1.24008508E-003
 7.57000000E+000, 1.00230275E-001, 4.00078853E-001, 4.98693849E-001,-1.00000000E-001, 1.24022946E-003
 7.59000000E+000, 1.00208811E-001, 4.00091740E-001, 4.98715281E-001,-1.00000000E-001, 1.24038938E-003
 7.61000000E+000, 1.00189585E-001, 4.00102260E-001, 4.98738535E-001,-1.00000000E-001, 1.24056290E-003
 7.63000000E+000, 1.00171668E-001, 4.00111619E-001, 4.98763363E-001,-1.00000000E-001, 1.24074819E-003
 7.65000000E+000, 1.00155712E-001, 4.00118924E-001, 4.98789509E-001,-1.00000000E-001, 1.24094333E-003
 7.67000000E+000, 1.00140795E-001, 4.00125386E-001, 4.98816747E-001,-1.00000000E-001, 1.24114664E-003
 7.69000000E+000, 1.00127599E-001, 4.00130074E-001, 4.98844906E-001,-1.00000000E-001, 1.24135684E-003
 7.71000000E+000, 1.00115227E-001, 4.00134154E-001, 4.98873844E-001,-1.00000000E-001, 1.24157289E-003
 7.73000000E+000, 1.00104344E-001, 4.00136702E-001, 4.98903379E-001,-1.00000000E-001, 1.24179341E-003
 7.75000000E+000, 1.00094041E-001, 4.00138917E-001, 4.98933243E-001,-1.00000000E-001, 1.24201643E-003
 7.77000000E+000, 1.00085135E-001, 4.00139793E-001, 4.98964166E-001,-1.00000000E-001, 1.24224738E-003
 7.79000000E+000, 1.00076563E-001, 4.00140494E-001, 4.98993087E-001,-1.00000000E-001, 1.24246340E-003
 7.81000000E+000, 1.00069401E-001, 4.00139828E-001, 4.99026116E-001,-1.00000000E-001, 1.24271014E-003
 7.83000000E+000, 1.00062184E-001, 4.00139476E-001, 4.99053243E-001,-1.00000000E-001, 1.24291281E-003
 7.85000000E+000, 1.00056456E-001, 4.00137464E-001, 4.99087574E-001,-1.00000000E-001, 1.24316934E-003
 7.87000000E+000, 1.00050470E-001, 4.00136120E-001, 4.99115348E-001,-1.00000000E-001, 1.24337690E-003
 7.89000000E+000, 1.00045835E-001, 4.00133370E-001, 4.99148676E-001,-1.00000000E-001, 1.24362599E-003
 7.91000000E+000, 1.00040907E-001, 4.00131256E-001, 4.99176557E-001,-1.00000000E-001, 1.24383439E-003
 7.93000000E+000, 1.00037138E-001, 4.00128044E-001, 4.99208591E-001,-1.00000000E-001, 1.24407387E-003
 7.95000000E+000, 1.00033076E-001, 4.00125407E-001, 4.99236031E-001,-1.00000000E-001, 1.24427903E-003
 7.97000000E+000, 1.00030071E-001, 4.00121811E-001, 4.99266812E-001,-1.00000000E-001, 1.24450921E-003
 7.99000000E+000, 1.00026715E-001, 4.00118807E-001, 4.99293613E-001,-1.00000000E-001, 1.24470964E-003
 8.01000000E+000, 1.00024337E-001, 4.00114947E-001, 4.99323038E-001,-1.00000000E-001, 1.24492972E-003
 8.03000000E+000, 1.00021593E-001, 4.00111657E-001, 4.99349098E-001,-1.00000000E-001, 1.24512465E-003
 8.05000000E+000, 1.00019669E-001, 4.00107740E-001, 4.99376824E-001,-1.00000000E-001, 1.24533207E-003
 8.07000000E+000, 1.00017437E-001, 4.00104281E-001, 4.99401758E-001,-1.00000000E-001, 1.24551861E-003
 8.09000000E+000, 1.00015890E-001, 4.00100363E-001, 4.99427719E-001,-1.00000000E-001, 1.24571287E-003
 8.11000000E+000, 1.00014062E-001, 4.00096851E-001, 4.99451381E-001,-1.00000000E-001, 1.24588993E-003
 8.13000000E+000, 1.00012836E-001, 4.00092974E-001, 4.99475688E-001,-1.00000000E-001, 1.24607184E-003
 8.15000000E+000, 1.00011344E-001, 4.00089473E-001, 4.99498076E-001,-1.00000000E-001, 1.24623940E-003
 8.17000000E+000, 1.00010374E-001, 4.00085701E-001, 4.99520717E-001,-1.00000000E-001, 1.24640888E-003
 8.19000000E+000, 1.00009155E-001, 4.00082271E-001, 4.99541763E-001,-1.00000000E-001, 1.24656643E-003
 8.21000000E+000, 1.00008401E-001, 4.00078619E-001, 4.99562762E-001,-1.00000000E-001, 1.24672363E-003
 8.23000000E+000, 1.00007392E-001, 4.00075327E-001, 4.99582460E-001,-1.00000000E-001, 1.24687112E-003
 8.25000000E+000, 1.00006813E-001, 4.00071812E-001, 4.99601921E-001,-1.00000000E-001, 1.24701683E-003
 8.27000000E+000, 1.00005965E-001, 4.00068692E-001, 4.99620266E-001,-1.00000000E-001, 1.24715421E-003
 8.29000000E+000, 1.00005532E-001, 4.00065339E-001, 4.99638259E-001,-1.00000000E-001, 1.24728895E-003
 8.31000000E+000, 1.00004815E-001, 4.00062412E-001, 4.99655281E-001,-1.00000000E-001, 1.24741643E-003
 8.33000000E+000, 1.00004494E-001, 4.00059252E-001, 4.99671851E-001,-1.00000000E-001, 1.24754054E-003
 8.35000000E+000, 1.00003885E-001, 4.00056526E-001, 4.99687513E-001,-1.00000000E-001, 1.24765786E-003
 8.37000000E+000, 1.00003669E-001, 4.00053548E-001, 4.99702704E-001,-1.00000000E-001, 1.24777165E-003
 8.39000000E+000, 1.00003147E-001, 4.00051034E-001, 4.99717131E-001,-1.00000000E-001, 1.24787972E-003
 8.41000000E+000, 1.00002996E-001, 4.00048277E-001, 4.99730998E-001,-1.00000000E-001, 1.24798361E-003
 8.43000000E+000, 1.00002540E-001, 4.00045970E-001, 4.99744130E-001,-1.00000000E-001, 1.24808199E-003
 8.45000000E+000, 1.00002456E-001, 4.00043408E-001, 4.99756762E-001,-1.00000000E-001, 1.24817664E-003
 8.47000000E+000, 1.00002055E-001, 4.00041305E-001, 4.99768737E-001,-1.00000000E-001, 1.24826637E-003
 8.49000000E+000, 1.00002016E-001, 4.00038945E-001, 4.99780204E-001,-1.00000000E-001, 1.24835229E-003
 8.51000000E+000, 1.00001657E-001, 4.00037038E-001, 4.99791059E-001,-1.00000000E-001, 1.24843363E-003
 8.53000000E+000, 1.00001653E-001, 4.00034867E-001, 4.99801429E-001,-1.00000000E-001, 1.24851134E-003
 8.55000000E+000, 1.00001330E-001, 4.00033150E-001, 4.99811287E-001,-1.00000000E-001, 1.24858522E-003
 8.57000000E+000, 1.00001358E-001, 4.00031167E-001, 4.99820634E-001,-1.00000000E-001, 1.24865527E-003
 8.59000000E+000, 1.00001064E-001, 4.00029627E-001, 4.99829478E-001,-1.00000000E-001, 1.24872155E-003
 8.61000000E+000, 1.00001112E-001, 4.00027827E-001, 4.99837846E-001,-1.00000000E-001, 1.24878427E-003
 8.63000000E+000, 1.00000844E-001, 4.00026453E-001, 4.99845718E-001,-1.00000000E-001, 1.24884327E-003
 8.65000000E+000, 1.00000909E-001, 4.00024823E-001, 4.99853163E-001,-1.00000000E-001, 1.24889908E-003
 8.67000000E+000, 1.00000664E-001, 4.00023602E-001, 4.99860128E-001,-1.00000000E-001, 1.24895128E-003
 8.69000000E+000, 1.00000744E-001, 4.00022129E-001, 4.99866718E-001,-1.00000000E-001, 1.24900068E-003
 8.71000000E+000, 1.00000517E-001, 4.00021052E-001, 4.99872843E-001,-1.00000000E-001, 1.24904659E-003
 8.73000000E+000, 1.00000601E-001, 4.00019733E-001, 4.99878645E-001,-1.00000000E-001, 1.24909008E-003
 8.75000000E+000, 1.00000390E-001, 4.00018787E-001, 4.99883997E-001,-1.00000000E-001, 1.24913020E-003
 8.77000000E+000, 1.00000481E-001, 4.00017605E-001, 4.99889076E-001,-1.00000000E-001, 1.24916828E-003
 8.79000000E+000, 1.00000287E-001, 4.00016776E-001, 4.99893721E-001,-1.00000000E-001, 1.24920310E-003
 8.81000000E+000, 1.00000380E-001, 4.00015722E-001, 4.99898138E-001,-1.00000000E-001, 1.24923621E-003
 8.83000000E+000, 1.00000201E-001, 4.00014998E-001, 4.99902150E-001,-1.00000000E-001, 1.24926629E-003
 8.85000000E+000, 1.00000296E-001, 4.00014061E-001, 4.99905986E-001,-1.00000000E-001, 1.24929505E-003
 8.87000000E+000, 1.00000131E-001, 4.00013432E-001, 4.99909450E-001,-1.00000000E-001, 1.24932101E-003
 8.89000000E+000, 1.00000213E-001, 4.00012615E-001, 4.99912795E-001,-1.00000000E-001, 1.24934609E-003
 8.91000000E+000, 1.00000067E-001, 4.00012061E-001, 4.99915803E-001,-1.00000000E-001, 1.24936864E-003
 8.93000000E+000, 1.00000163E-001, 4.00011326E-001, 4.99918769E-001,-1.00000000E-001, 1.24939088E-003
 8.95000000E+000, 1.00000052E-001, 4.00010830E-001, 4.99921415E-001,-1.00000000E-001, 1.24941072E-003
 8.97000000E+000, 1.00000075E-001, 4.00010244E-001, 4.99923994E-001,-1.00000000E-001, 1.24943005E-003
 8.99000000E+000, 1.00000032E-001, 4.00009773E-001, 4.99926388E-001,-1.00000000E-001, 1.24944800E-003
 9.01000000E+000, 9.99999806E-002, 4.00009345E-001, 4.99928495E-001,-1.00000000E-001, 1.24946379E-003
 9.03000000E+000, 1.00000030E-001, 4.00008832E-001, 4.99930466E-001,-1.00000000E-001, 1.24947857E-003
 9.05000000E+000, 9.99999338E-002, 4.00008498E-001, 4.99932342E-001,-1.00000000E-001, 1.24949264E-003
 9.07000000E+000, 9.99999754E-002, 4.00008065E-001, 4.99934196E-001,-1.00000000E-001, 1.24950654E-003
 9.09000000E+000, 9.99999041E-002, 4.00007759E-001, 4.99935846E-001,-1.00000000E-001, 1.24951891E-003
 9.11000000E+000, 9.99999227E-002, 4.00007414E-001, 4.99937543E-001,-1.00000000E-001, 1.24953164E-003
 9.13000000E+000, 9.99999156E-002, 4.00007087E-001, 4.99938882E-001,-1.00000000E-001, 1.24954168E-003
 9.15000000E+000, 9.99998680E-002, 4.00006837E-001, 4.99940216E-001,-1.00000000E-001, 1.24955168E-003
 9.17000000E+000, 9.99999247E-002, 4.00006496E-001, 4.99941453E-001,-1.00000000E-001, 1.24956095E-003
 9.19000000E+000, 9.99998474E-002, 4.00006308E-001, 4.99942579E-001,-1.00000000E-001, 1.24956940E-003
 9.21000000E+000, 9.99998952E-002, 4.00006020E-001, 4.99943694E-001,-1.00000000E-001, 1.24957775E-003
 9.23000000E+000, 9.99998164E-002, 4.00005868E-001, 4.99944652E-001,-1.00000000E-001, 1.24958494E-003
 9.25000000E+000, 9.99998639E-002, 4.00005611E-001, 4.99945645E-001,-1.00000000E-001, 1.24959239E-003
 9.27000000E+000, 9.99997913E-002, 4.00005482E-001, 4.99946471E-001,-1.00000000E-001, 1.24959858E-003
 9.29000000E+000, 9.99998452E-002, 4.00005242E-001, 4.99947356E-001,-1.00000000E-001, 1.24960521E-003
 9.31000000E+000, 9.99997779E-002, 4.00005129E-001, 4.99948067E-001,-1.00000000E-001, 1.24961054E-003
 9.33000000E+000, 9.99998330E-002, 4.00004906E-001, 4.99948843E-001,-1.00000000E-001, 1.24961636E-003
 9.35000000E+000, 9.99997689E-002, 4.00004809E-001, 4.99949449E-001,-1.00000000E-001, 1.24962091E-003
 9.37000000E+000, 9.99998207E-002, 4.00004608E-001, 4.99950118E-001,-1.00000000E-001, 1.24962592E-003
 9.39000000E+000, 9.99997595E-002, 4.00004525E-001, 4.99950626E-001,-1.00000000E-001, 1.24962974E-003
 9.41000000E+000, 9.99998110E-002, 4.00004340E-001, 4.99951202E-001,-1.00000000E-001, 1.24963405E-003
 9.43000000E+000, 9.99997532E-002, 4.00004271E-001, 4.99951623E-001,-1.00000000E-001, 1.24963721E-003
 9.45000000E+000, 9.99998050E-002, 4.00004100E-001, 4.99952122E-001,-1.00000000E-001, 1.24964096E-003
 9.47000000E+000, 9.99997510E-002, 4.00004041E-001, 4.99952473E-001,-1.00000000E-001, 1.24964358E-003
 9.49000000E+000, 9.99997990E-002, 4.00003883E-001, 4.99952911E-001,-1.00000000E-001, 1.24964687E-003
 9.51000000E+000, 9.99997478E-002, 4.00003829E-001, 4.99953212E-001,-1.00000000E-001, 1.24964912E-003
 9.53000000E+000, 9.99998006E-002, 4.00003670E-001, 4.99953631E-001,-1.00000000E-001, 1.24965226E-003
 9.55000000E+000, 9.99997543E-002, 4.00003614E-001, 4.99953907E-001,-1.00000000E-001, 1.24965433E-003
 9.57000000E+000, 9.99998012E-002, 4.00003461E-001, 4.99954299E-001,-1.00000000E-001, 1.24965727E-003
 9.59000000E+000, 9.99997566E-002, 4.00003404E-001, 4.99954567E-001,-1.00000000E-001, 1.24965929E-003
 9.61000000E+000, 9.99998043E-002, 4.00003248E-001, 4.99954968E-001,-1.00000000E-001, 1.24966229E-003
 9.63000000E+000, 9.99997652E-002, 4.00003186E-001, 4.99955240E-001,-1.00000000E-001, 1.24966433E-003
 9.65000000E+000, 9.99998047E-002, 4.00003042E-001, 4.99955616E-001,-1.00000000E-001, 1.24966715E-003
 9.67000000E+000, 9.99997694E-002, 4.00002978E-001, 4.99955879E-001,-1.00000000E-001, 1.24966912E-003
 9.69000000E+000, 9.99998151E-002, 4.00002829E-001, 4.99956278E-001,-1.00000000E-001, 1.24967211E-003
 9.71000000E+000, 9.99997994E-002, 4.00002748E-001, 4.99956539E-001,-1.00000000E-001, 1.24967407E-003
 9.73000000E+000, 9.99998175E-002, 4.00002639E-001, 4.99956859E-001,-1.00000000E-001, 1.24967647E-003
 9.75000000E+000, 9.99998287E-002, 4.00002534E-001, 4.99957080E-001,-1.00000000E-001, 1.24967813E-003
 9.77000000E+000, 9.99998166E-002, 4.00002457E-001, 4.99957298E-001,-1.00000000E-001, 1.24967977E-003
 9.79000000E+000, 9.99998522E-002, 4.00002334E-001, 4.99957556E-001,-1.00000000E-001, 1.24968170E-003
 9.81000000E+000, 9.99998431E-002, 4.00002261E-001, 4.99957751E-001,-1.00000000E-001, 1.24968316E-003
 9.83000000E+000, 9.99998855E-002, 4.00002140E-001, 4.99957947E-001,-1.00000000E-001, 1.24968463E-003
 9.85000000E+000, 9.99998614E-002, 4.00002089E-001, 4.99958101E-001,-1.00000000E-001, 1.24968579E-003
 9.87000000E+000, 9.99999294E-002, 4.00001944E-001, 4.99958351E-001,-1.00000000E-001, 1.24968766E-003
 9.89000000E+000, 9.99999041E-002, 4.00001900E-001, 4.99958490E-001,-1.00000000E-001, 1.24968870E-003
 9.91000000E+000, 1.00000015E-001, 4.00001726E-001, 4.99958691E-001,-1.00000000E-001, 1.24969021E-003
 9.93000000E+000, 9.99999060E-002, 4.00001775E-001, 4.99958707E-001,-1.00000000E-001, 1.24969033E-003
 9.95000000E+000, 1.00000187E-001, 4.00001412E-001, 4.99959223E-001,-1.00000000E-001, 1.24969420E-003
 9.97000000E+000, 9.99997249E-002, 4.00001841E-001, 4.99958762E-001,-1.00000000E-001, 1.24969074E-003
 9.99000000E+000, 1.00001355E-001, 4.00000043E-001, 4.99961021E-001,-1.00000000E-001, 1.24970768E-003
