   10.000209575958177      ,         500
X,ZB,H,U,ZF,QS
 1.00000000E-002, 9.99948596E-002, 3.99867140E-001, 5.00160784E-001,-1.00000000E-001, 1.25121706E-003
 3.00000000E-002, 9.99952809E-002, 3.99868537E-001, 5.00141368E-001,-1.00000000E-001, 1.25106971E-003
 5.00000000E-002, 9.99952651E-002, 3.99870236E-001, 5.00121910E-001,-1.00000000E-001, 1.25092209E-003
 7.00000000E-002, 9.99953026E-002, 3.99871725E-001, 5.00102993E-001,-1.00000000E-001, 1.25077856E-003
 9.00000000E-002, 9.99952048E-002, 3.99873208E-001, 5.00084357E-001,-1.00000000E-001, 1.25063717E-003
 1.10000000E-001, 9.99949672E-002, 3.99874692E-001, 5.00065980E-001,-1.00000000E-001, 1.25049777E-003
 1.30000000E-001, 9.99947120E-002, 3.99876051E-001, 5.00048008E-001,-1.00000000E-001, 1.25036144E-003
 1.50000000E-001, 9.99945245E-002, 3.99877195E-001, 5.00030536E-001,-1.00000000E-001, 1.25022890E-003
 1.70000000E-001, 9.99944184E-002, 3.99878114E-001, 5.00013566E-001,-1.00000000E-001, 1.25010016E-003
 1.90000000E-001, 9.99943701E-002, 3.99878836E-001, 4.99997050E-001,-1.00000000E-001, 1.24997487E-003
 2.10000000E-001, 9.99943525E-002, 3.99879393E-001, 4.99980937E-001,-1.00000000E-001, 1.24985264E-003
 2.30000000E-001, 9.99943476E-002, 3.99879808E-001, 4.99965186E-001,-1.00000000E-001, 1.24973316E-003
 2.50000000E-001, 9.99943463E-002, 3.99880093E-001, 4.99949768E-001,-1.00000000E-001, 1.24961622E-003
 2.70000000E-001, 9.99943448E-002, 3.99880257E-001, 4.99934663E-001,-1.00000000E-001, 1.24950166E-003
 2.90000000E-001, 9.99943418E-002, 3.99880304E-001, 4.99919850E-001,-1.00000000E-001, 1.24938934E-003
 3.10000000E-001, 9.99943369E-002, 3.99880238E-001, 4.99905315E-001,-1.00000000E-001, 1.24927914E-003
 3.30000000E-001, 9.99943302E-002, 3.99880063E-001, 4.99891040E-001,-1.00000000E-001, 1.24917093E-003
 3.50000000E-001, 9.99943217E-002, 3.99879783E-001, 4.99877010E-001,-1.00000000E-001, 1.24906460E-003
 3.70000000E-001, 9.99943114E-002, 3.99879400E-001, 4.99863210E-001,-1.00000000E-001, 1.24896004E-003
 3.90000000E-001, 9.99942996E-002, 3.99878919E-001, 4.99849626E-001,-1.00000000E-001, 1.24885713E-003
 4.10000000E-001, 9.99942863E-002, 3.99878342E-001, 4.99836244E-001,-1.00000000E-001, 1.24875578E-003
 4.30000000E-001, 9.99942716E-002, 3.99877674E-001, 4.99823050E-001,-1.00000000E-001, 1.24865588E-003
 4.50000000E-001, 9.99942557E-002, 3.99876916E-001, 4.99810031E-001,-1.00000000E-001, 1.24855733E-003
 4.70000000E-001, 9.99942386E-002, 3.99876074E-001, 4.99797176E-001,-1.00000000E-001, 1.24846005E-003
 4.90000000E-001, 9.99942204E-002, 3.99875149E-001, 4.99784473E-001,-1.00000000E-001, 1.24836394E-003
 5.10000000E-001, 9.99942012E-002, 3.99874146E-001, 4.99771912E-001,-1.00000000E-001, 1.24826894E-003
 5.30000000E-001, 9.99941811E-002, 3.99873067E-001, 4.99759481E-001,-1.00000000E-001, 1.24817495E-003
 5.50000000E-001, 9.99941602E-002, 3.99871916E-001, 4.99747172E-001,-1.00000000E-001, 1.24808192E-003
 5.70000000E-001, 9.99941385E-002, 3.99870696E-001, 4.99734977E-001,-1.00000000E-001, 1.24798977E-003
 5.90000000E-001, 9.99941162E-002, 3.99869409E-001, 4.99722886E-001,-1.00000000E-001, 1.24789845E-003
 6.10000000E-001, 9.99940933E-002, 3.99868058E-001, 4.99710895E-001,-1.00000000E-001, 1.24780790E-003
 6.30000000E-001, 9.99940698E-002, 3.99866648E-001, 4.99698995E-001,-1.00000000E-001, 1.24771808E-003
 6.50000000E-001, 9.99940459E-002, 3.99865179E-001, 4.99687181E-001,-1.00000000E-001, 1.24762894E-003
 6.70000000E-001, 9.99940216E-002, 3.99863656E-001, 4.99675449E-001,-1.00000000E-001, 1.24754045E-003
 6.90000000E-001, 9.99939971E-002, 3.99862081E-001, 4.99663794E-001,-1.00000000E-001, 1.24745257E-003
 7.10000000E-001, 9.99939722E-002, 3.99860456E-001, 4.99652213E-001,-1.00000000E-001, 1.24736528E-003
 7.30000000E-001, 9.99939471E-002, 3.99858785E-001, 4.99640702E-001,-1.00000000E-001, 1.24727855E-003
 7.50000000E-001, 9.99939218E-002, 3.99857071E-001, 4.99629260E-001,-1.00000000E-001, 1.24719238E-003
 7.70000000E-001, 9.99938962E-002, 3.99855315E-001, 4.99617884E-001,-1.00000000E-001, 1.24710674E-003
 7.90000000E-001, 9.99938705E-002, 3.99853520E-001, 4.99606575E-001,-1.00000000E-001, 1.24702163E-003
 8.10000000E-001, 9.99938447E-002, 3.99851690E-001, 4.99595331E-001,-1.00000000E-001, 1.24693705E-003
 8.30000000E-001, 9.99938189E-002, 3.99849825E-001, 4.99584153E-001,-1.00000000E-001, 1.24685300E-003
 8.50000000E-001, 9.99937931E-002, 3.99847930E-001, 4.99573043E-001,-1.00000000E-001, 1.24676948E-003
 8.70000000E-001, 9.99937674E-002, 3.99846006E-001, 4.99562000E-001,-1.00000000E-001, 1.24668651E-003
 8.90000000E-001, 9.99937418E-002, 3.99844056E-001, 4.99551027E-001,-1.00000000E-001, 1.24660410E-003
 9.10000000E-001, 9.99937162E-002, 3.99842082E-001, 4.99540127E-001,-1.00000000E-001, 1.24652227E-003
 9.30000000E-001, 9.99936908E-002, 3.99840087E-001, 4.99529302E-001,-1.00000000E-001, 1.24644104E-003
 9.50000000E-001, 9.99936656E-002, 3.99838073E-001, 4.99518556E-001,-1.00000000E-001, 1.24636043E-003
 9.70000000E-001, 9.99936406E-002, 3.99836042E-001, 4.99507892E-001,-1.00000000E-001, 1.24628047E-003
 9.90000000E-001, 9.99936158E-002, 3.99833997E-001, 4.99497314E-001,-1.00000000E-001, 1.24620119E-003
 1.01000000E+000, 9.99935913E-002, 3.99831940E-001, 4.99486827E-001,-1.00000000E-001, 1.24612263E-003
 1.03000000E+000, 9.99935671E-002, 3.99829873E-001, 4.99476436E-001,-1.00000000E-001, 1.24604481E-003
 1.05000000E+000, 9.99935432E-002, 3.99827799E-001, 4.99466145E-001,-1.00000000E-001, 1.24596779E-003
 1.07000000E+000, 9.99935198E-002, 3.99825720E-001, 4.99455960E-001,-1.00000000E-001, 1.24589159E-003
 1.09000000E+000, 9.99934968E-002, 3.99823638E-001, 4.99445888E-001,-1.00000000E-001, 1.24581627E-003
 1.11000000E+000, 9.99934743E-002, 3.99821556E-001, 4.99435932E-001,-1.00000000E-001, 1.24574186E-003
 1.13000000E+000, 9.99934524E-002, 3.99819475E-001, 4.99426101E-001,-1.00000000E-001, 1.24566842E-003
 1.15000000E+000, 9.99934310E-002, 3.99817398E-001, 4.99416400E-001,-1.00000000E-001, 1.24559598E-003
 1.17000000E+000, 9.99934104E-002, 3.99815327E-001, 4.99406835E-001,-1.00000000E-001, 1.24552460E-003
 1.19000000E+000, 9.99933905E-002, 3.99813264E-001, 4.99397414E-001,-1.00000000E-001, 1.24545432E-003
 1.21000000E+000, 9.99933715E-002, 3.99811211E-001, 4.99388142E-001,-1.00000000E-001, 1.24538521E-003
 1.23000000E+000, 9.99933535E-002, 3.99809171E-001, 4.99379028E-001,-1.00000000E-001, 1.24531730E-003
 1.25000000E+000, 9.99933365E-002, 3.99807145E-001, 4.99370078E-001,-1.00000000E-001, 1.24525065E-003
 1.27000000E+000, 9.99933207E-002, 3.99805136E-001, 4.99361299E-001,-1.00000000E-001, 1.24518531E-003
 1.29000000E+000, 9.99933061E-002, 3.99803145E-001, 4.99352698E-001,-1.00000000E-001, 1.24512134E-003
 1.31000000E+000, 9.99932931E-002, 3.99801174E-001, 4.99344282E-001,-1.00000000E-001, 1.24505879E-003
 1.33000000E+000, 9.99932818E-002, 3.99799225E-001, 4.99336059E-001,-1.00000000E-001, 1.24499772E-003
 1.35000000E+000, 9.99932725E-002, 3.99797301E-001, 4.99328036E-001,-1.00000000E-001, 1.24493816E-003
 1.37000000E+000, 9.99932653E-002, 3.99795402E-001, 4.99320219E-001,-1.00000000E-001, 1.24488019E-003
 1.39000000E+000, 9.99932605E-002, 3.99793530E-001, 4.99312617E-001,-1.00000000E-001, 1.24482385E-003
 1.41000000E+000, 9.99932585E-002, 3.99791688E-001, 4.99305236E-001,-1.00000000E-001, 1.24476920E-003
 1.43000000E+000, 9.99932597E-002, 3.99789876E-001, 4.99298084E-001,-1.00000000E-001, 1.24471628E-003
 1.45000000E+000, 9.99932644E-002, 3.99788096E-001, 4.99291167E-001,-1.00000000E-001, 1.24466515E-003
 1.47000000E+000, 9.99932731E-002, 3.99786350E-001, 4.99284492E-001,-1.00000000E-001, 1.24461586E-003
 1.49000000E+000, 9.99932863E-002, 3.99784638E-001, 4.99278066E-001,-1.00000000E-001, 1.24456846E-003
 1.51000000E+000, 9.99933046E-002, 3.99782962E-001, 4.99271896E-001,-1.00000000E-001, 1.24452300E-003
 1.53000000E+000, 9.99933287E-002, 3.99781323E-001, 4.99265989E-001,-1.00000000E-001, 1.24447953E-003
 1.55000000E+000, 9.99933592E-002, 3.99779721E-001, 4.99260351E-001,-1.00000000E-001, 1.24443810E-003
 1.57000000E+000, 9.99933971E-002, 3.99778158E-001, 4.99254989E-001,-1.00000000E-001, 1.24439875E-003
 1.59000000E+000, 9.99934433E-002, 3.99776633E-001, 4.99249909E-001,-1.00000000E-001, 1.24436154E-003
 1.61000000E+000, 9.99934988E-002, 3.99775148E-001, 4.99245118E-001,-1.00000000E-001, 1.24432651E-003
 1.63000000E+000, 9.99935650E-002, 3.99773702E-001, 4.99240622E-001,-1.00000000E-001, 1.24429370E-003
 1.65000000E+000, 9.99936432E-002, 3.99772295E-001, 4.99236427E-001,-1.00000000E-001, 1.24426317E-003
 1.67000000E+000, 9.99937350E-002, 3.99770926E-001, 4.99232540E-001,-1.00000000E-001, 1.24423495E-003
 1.69000000E+000, 9.99938421E-002, 3.99769596E-001, 4.99228966E-001,-1.00000000E-001, 1.24420910E-003
 1.71000000E+000, 9.99939664E-002, 3.99768303E-001, 4.99225712E-001,-1.00000000E-001, 1.24418566E-003
 1.73000000E+000, 9.99941100E-002, 3.99767046E-001, 4.99222784E-001,-1.00000000E-001, 1.24416466E-003
 1.75000000E+000, 9.99942756E-002, 3.99765824E-001, 4.99220188E-001,-1.00000000E-001, 1.24414617E-003
 1.77000000E+000, 9.99944658E-002, 3.99764634E-001, 4.99217931E-001,-1.00000000E-001, 1.24413022E-003
 1.79000000E+000, 9.99946837E-002, 3.99763474E-001, 4.99216019E-001,-1.00000000E-001, 1.24411686E-003
 1.81000000E+000, 9.99949328E-002, 3.99762341E-001, 4.99214458E-001,-1.00000000E-001, 1.24410615E-003
 1.83000000E+000, 9.99952169E-002, 3.99761232E-001, 4.99213256E-001,-1.00000000E-001, 1.24409812E-003
 1.85000000E+000, 9.99955403E-002, 3.99760143E-001, 4.99212419E-001,-1.00000000E-001, 1.24409283E-003
 1.87000000E+000, 9.99959078E-002, 3.99759069E-001, 4.99211955E-001,-1.00000000E-001, 1.24409033E-003
 1.89000000E+000, 9.99963247E-002, 3.99758005E-001, 4.99211871E-001,-1.00000000E-001, 1.24409069E-003
 1.91000000E+000, 9.99967969E-002, 3.99756946E-001, 4.99212175E-001,-1.00000000E-001, 1.24409395E-003
 1.93000000E+000, 9.99973313E-002, 3.99755884E-001, 4.99212877E-001,-1.00000000E-001, 1.24410019E-003
 1.95000000E+000, 9.99979351E-002, 3.99754813E-001, 4.99213986E-001,-1.00000000E-001, 1.24410948E-003
 1.97000000E+000, 9.99986165E-002, 3.99753722E-001, 4.99215512E-001,-1.00000000E-001, 1.24412188E-003
 1.99000000E+000, 9.99993845E-002, 3.99752604E-001, 4.99217466E-001,-1.00000000E-001, 1.24413748E-003
 2.01000000E+000, 1.00000249E-001, 3.99751446E-001, 4.99219859E-001,-1.00000000E-001, 1.24415637E-003
 2.03000000E+000, 1.00001222E-001, 3.99750239E-001, 4.99222705E-001,-1.00000000E-001, 1.24417864E-003
 2.05000000E+000, 1.00002315E-001, 3.99748967E-001, 4.99226017E-001,-1.00000000E-001, 1.24420440E-003
 2.07000000E+000, 1.00003542E-001, 3.99747616E-001, 4.99229812E-001,-1.00000000E-001, 1.24423376E-003
 2.09000000E+000, 1.00004917E-001, 3.99746171E-001, 4.99234106E-001,-1.00000000E-001, 1.24426685E-003
 2.11000000E+000, 1.00006458E-001, 3.99744613E-001, 4.99238919E-001,-1.00000000E-001, 1.24430381E-003
 2.13000000E+000, 1.00008183E-001, 3.99742922E-001, 4.99244270E-001,-1.00000000E-001, 1.24434480E-003
 2.15000000E+000, 1.00010111E-001, 3.99741077E-001, 4.99250183E-001,-1.00000000E-001, 1.24438997E-003
 2.17000000E+000, 1.00012266E-001, 3.99739053E-001, 4.99256683E-001,-1.00000000E-001, 1.24443953E-003
 2.19000000E+000, 1.00014671E-001, 3.99736823E-001, 4.99263797E-001,-1.00000000E-001, 1.24449367E-003
 2.21000000E+000, 1.00017353E-001, 3.99734360E-001, 4.99271557E-001,-1.00000000E-001, 1.24455263E-003
 2.23000000E+000, 1.00020341E-001, 3.99731629E-001, 4.99279995E-001,-1.00000000E-001, 1.24461665E-003
 2.25000000E+000, 1.00023668E-001, 3.99728598E-001, 4.99289149E-001,-1.00000000E-001, 1.24468602E-003
 2.27000000E+000, 1.00027368E-001, 3.99725227E-001, 4.99299060E-001,-1.00000000E-001, 1.24476103E-003
 2.29000000E+000, 1.00031481E-001, 3.99721475E-001, 4.99309771E-001,-1.00000000E-001, 1.24484202E-003
 2.31000000E+000, 1.00036047E-001, 3.99717296E-001, 4.99321333E-001,-1.00000000E-001, 1.24492937E-003
 2.33000000E+000, 1.00041112E-001, 3.99712640E-001, 4.99333799E-001,-1.00000000E-001, 1.24502346E-003
 2.35000000E+000, 1.00046726E-001, 3.99707453E-001, 4.99347229E-001,-1.00000000E-001, 1.24512475E-003
 2.37000000E+000, 1.00052945E-001, 3.99701677E-001, 4.99361686E-001,-1.00000000E-001, 1.24523371E-003
 2.39000000E+000, 1.00059825E-001, 3.99695248E-001, 4.99377241E-001,-1.00000000E-001, 1.24535088E-003
 2.41000000E+000, 1.00067432E-001, 3.99688095E-001, 4.99393972E-001,-1.00000000E-001, 1.24547683E-003
 2.43000000E+000, 1.00075835E-001, 3.99680144E-001, 4.99411963E-001,-1.00000000E-001, 1.24561220E-003
 2.45000000E+000, 1.00085110E-001, 3.99671314E-001, 4.99431305E-001,-1.00000000E-001, 1.24575767E-003
 2.47000000E+000, 1.00095337E-001, 3.99661515E-001, 4.99452098E-001,-1.00000000E-001, 1.24591399E-003
 2.49000000E+000, 1.00106605E-001, 3.99650653E-001, 4.99474449E-001,-1.00000000E-001, 1.24608197E-003
 2.51000000E+000, 1.00119009E-001, 3.99638625E-001, 4.99498477E-001,-1.00000000E-001, 1.24626249E-003
 2.53000000E+000, 1.00132652E-001, 3.99625319E-001, 4.99524308E-001,-1.00000000E-001, 1.24645650E-003
 2.55000000E+000, 1.00147646E-001, 3.99610617E-001, 4.99552080E-001,-1.00000000E-001, 1.24666504E-003
 2.57000000E+000, 1.00164108E-001, 3.99594390E-001, 4.99581941E-001,-1.00000000E-001, 1.24688923E-003
 2.59000000E+000, 1.00182168E-001, 3.99576499E-001, 4.99614052E-001,-1.00000000E-001, 1.24713028E-003
 2.61000000E+000, 1.00201962E-001, 3.99556797E-001, 4.99648586E-001,-1.00000000E-001, 1.24738947E-003
 2.63000000E+000, 1.00223640E-001, 3.99535123E-001, 4.99685728E-001,-1.00000000E-001, 1.24766823E-003
 2.65000000E+000, 1.00247360E-001, 3.99511309E-001, 4.99725680E-001,-1.00000000E-001, 1.24796805E-003
 2.67000000E+000, 1.00273290E-001, 3.99485171E-001, 4.99768655E-001,-1.00000000E-001, 1.24829055E-003
 2.69000000E+000, 1.00301612E-001, 3.99456514E-001, 4.99814884E-001,-1.00000000E-001, 1.24863747E-003
 2.71000000E+000, 1.00332520E-001, 3.99425132E-001, 4.99864613E-001,-1.00000000E-001, 1.24901067E-003
 2.73000000E+000, 1.00366219E-001, 3.99390803E-001, 4.99918107E-001,-1.00000000E-001, 1.24941214E-003
 2.75000000E+000, 1.00402930E-001, 3.99353291E-001, 4.99975646E-001,-1.00000000E-001, 1.24984402E-003
 2.77000000E+000, 1.00442885E-001, 3.99312345E-001, 5.00037530E-001,-1.00000000E-001, 1.25030857E-003
 2.79000000E+000, 1.00486334E-001, 3.99267699E-001, 5.00104079E-001,-1.00000000E-001, 1.25080823E-003
 2.81000000E+000, 1.00533539E-001, 3.99219072E-001, 5.00175634E-001,-1.00000000E-001, 1.25134556E-003
 2.83000000E+000, 1.00584778E-001, 3.99166163E-001, 5.00252555E-001,-1.00000000E-001, 1.25192331E-003
 2.85000000E+000, 1.00640348E-001, 3.99108658E-001, 5.00335226E-001,-1.00000000E-001, 1.25254441E-003
 2.87000000E+000, 1.00700558E-001, 3.99046223E-001, 5.00424052E-001,-1.00000000E-001, 1.25321193E-003
 2.89000000E+000, 1.00765738E-001, 3.98978505E-001, 5.00519463E-001,-1.00000000E-001, 1.25392916E-003
 2.91000000E+000, 1.00836233E-001, 3.98905134E-001, 5.00621911E-001,-1.00000000E-001, 1.25469956E-003
 2.93000000E+000, 1.00912407E-001, 3.98825719E-001, 5.00731877E-001,-1.00000000E-001, 1.25552680E-003
 2.95000000E+000, 1.00994643E-001, 3.98739853E-001, 5.00849862E-001,-1.00000000E-001, 1.25641474E-003
 2.97000000E+000, 1.01083340E-001, 3.98647104E-001, 5.00976398E-001,-1.00000000E-001, 1.25736747E-003
 2.99000000E+000, 1.01178919E-001, 3.98547025E-001, 5.01112041E-001,-1.00000000E-001, 1.25838927E-003
 3.01000000E+000, 1.01281818E-001, 3.98439146E-001, 5.01257375E-001,-1.00000000E-001, 1.25948466E-003
 3.03000000E+000, 1.01392493E-001, 3.98322975E-001, 5.01413012E-001,-1.00000000E-001, 1.26065838E-003
 3.05000000E+000, 1.01511421E-001, 3.98198004E-001, 5.01579592E-001,-1.00000000E-001, 1.26191541E-003
 3.07000000E+000, 1.01639098E-001, 3.98063701E-001, 5.01757783E-001,-1.00000000E-001, 1.26326095E-003
 3.09000000E+000, 1.01776037E-001, 3.97919514E-001, 5.01948281E-001,-1.00000000E-001, 1.26470047E-003
 3.11000000E+000, 1.01922771E-001, 3.97764873E-001, 5.02151812E-001,-1.00000000E-001, 1.26623966E-003
 3.13000000E+000, 1.02079851E-001, 3.97599186E-001, 5.02369129E-001,-1.00000000E-001, 1.26788446E-003
 3.15000000E+000, 1.02247846E-001, 3.97421844E-001, 5.02601015E-001,-1.00000000E-001, 1.26964109E-003
 3.17000000E+000, 1.02427341E-001, 3.97232218E-001, 5.02848281E-001,-1.00000000E-001, 1.27151600E-003
 3.19000000E+000, 1.02618937E-001, 3.97029661E-001, 5.03111765E-001,-1.00000000E-001, 1.27351590E-003
 3.21000000E+000, 1.02823252E-001, 3.96813510E-001, 5.03392334E-001,-1.00000000E-001, 1.27564778E-003
 3.23000000E+000, 1.03040919E-001, 3.96583085E-001, 5.03690880E-001,-1.00000000E-001, 1.27791885E-003
 3.25000000E+000, 1.03272581E-001, 3.96337693E-001, 5.04008323E-001,-1.00000000E-001, 1.28033662E-003
 3.27000000E+000, 1.03518896E-001, 3.96076626E-001, 5.04345607E-001,-1.00000000E-001, 1.28290883E-003
 3.29000000E+000, 1.03780532E-001, 3.95799164E-001, 5.04703701E-001,-1.00000000E-001, 1.28564351E-003
 3.31000000E+000, 1.04058165E-001, 3.95504579E-001, 5.05083595E-001,-1.00000000E-001, 1.28854892E-003
 3.33000000E+000, 1.04352478E-001, 3.95192131E-001, 5.05486303E-001,-1.00000000E-001, 1.29163358E-003
 3.35000000E+000, 1.04664160E-001, 3.94861077E-001, 5.05912859E-001,-1.00000000E-001, 1.29490627E-003
 3.37000000E+000, 1.04993902E-001, 3.94510668E-001, 5.06364312E-001,-1.00000000E-001, 1.29837600E-003
 3.39000000E+000, 1.05342399E-001, 3.94140153E-001, 5.06841731E-001,-1.00000000E-001, 1.30205203E-003
 3.41000000E+000, 1.05710339E-001, 3.93748782E-001, 5.07346197E-001,-1.00000000E-001, 1.30594386E-003
 3.43000000E+000, 1.06098410E-001, 3.93335809E-001, 5.07878805E-001,-1.00000000E-001, 1.31006119E-003
 3.45000000E+000, 1.06507293E-001, 3.92900492E-001, 5.08440656E-001,-1.00000000E-001, 1.31441397E-003
 3.47000000E+000, 1.06937656E-001, 3.92442100E-001, 5.09032861E-001,-1.00000000E-001, 1.31901234E-003
 3.49000000E+000, 1.07390158E-001, 3.91959913E-001, 5.09656535E-001,-1.00000000E-001, 1.32386664E-003
 3.51000000E+000, 1.07865441E-001, 3.91453226E-001, 5.10312792E-001,-1.00000000E-001, 1.32898740E-003
 3.53000000E+000, 1.08364126E-001, 3.90921354E-001, 5.11002746E-001,-1.00000000E-001, 1.33438532E-003
 3.55000000E+000, 1.08886815E-001, 3.90363631E-001, 5.11727504E-001,-1.00000000E-001, 1.34007127E-003
 3.57000000E+000, 1.09434083E-001, 3.89779420E-001, 5.12488166E-001,-1.00000000E-001, 1.34605625E-003
 3.59000000E+000, 1.10006476E-001, 3.89168112E-001, 5.13285817E-001,-1.00000000E-001, 1.35235139E-003
 3.61000000E+000, 1.10604507E-001, 3.88529128E-001, 5.14121528E-001,-1.00000000E-001, 1.35896793E-003
 3.63000000E+000, 1.11228654E-001, 3.87861928E-001, 5.14996349E-001,-1.00000000E-001, 1.36591720E-003
 3.65000000E+000, 1.11879355E-001, 3.87166012E-001, 5.15911304E-001,-1.00000000E-001, 1.37321061E-003
 3.67000000E+000, 1.12557006E-001, 3.86440923E-001, 5.16867392E-001,-1.00000000E-001, 1.38085960E-003
 3.69000000E+000, 1.13261956E-001, 3.85686250E-001, 5.17865575E-001,-1.00000000E-001, 1.38887563E-003
 3.71000000E+000, 1.13994506E-001, 3.84901633E-001, 5.18906782E-001,-1.00000000E-001, 1.39727017E-003
 3.73000000E+000, 1.14754901E-001, 3.84086768E-001, 5.19991896E-001,-1.00000000E-001, 1.40605464E-003
 3.75000000E+000, 1.15543335E-001, 3.83241405E-001, 5.21121758E-001,-1.00000000E-001, 1.41524043E-003
 3.77000000E+000, 1.16359940E-001, 3.82365358E-001, 5.22297156E-001,-1.00000000E-001, 1.42483881E-003
 3.79000000E+000, 1.17204787E-001, 3.81458501E-001, 5.23518824E-001,-1.00000000E-001, 1.43486094E-003
 3.81000000E+000, 1.18077885E-001, 3.80520777E-001, 5.24787434E-001,-1.00000000E-001, 1.44531781E-003
 3.83000000E+000, 1.18979175E-001, 3.79552195E-001, 5.26103596E-001,-1.00000000E-001, 1.45622022E-003
 3.85000000E+000, 1.19908532E-001, 3.78552836E-001, 5.27467851E-001,-1.00000000E-001, 1.46757875E-003
 3.87000000E+000, 1.20865759E-001, 3.77522854E-001, 5.28880665E-001,-1.00000000E-001, 1.47940369E-003
 3.89000000E+000, 1.21850591E-001, 3.76462476E-001, 5.30342429E-001,-1.00000000E-001, 1.49170503E-003
 3.91000000E+000, 1.22862687E-001, 3.75372007E-001, 5.31853451E-001,-1.00000000E-001, 1.50449239E-003
 3.93000000E+000, 1.23901638E-001, 3.74251825E-001, 5.33413954E-001,-1.00000000E-001, 1.51777501E-003
 3.95000000E+000, 1.24966959E-001, 3.73102388E-001, 5.35024071E-001,-1.00000000E-001, 1.53156167E-003
 3.97000000E+000, 1.26058092E-001, 3.71924229E-001, 5.36683845E-001,-1.00000000E-001, 1.54586065E-003
 3.99000000E+000, 1.27174409E-001, 3.70717960E-001, 5.38393220E-001,-1.00000000E-001, 1.56067971E-003
 4.01000000E+000, 1.28315209E-001, 3.69484266E-001, 5.40152042E-001,-1.00000000E-001, 1.57602601E-003
 4.03000000E+000, 1.29479721E-001, 3.68223909E-001, 5.41960055E-001,-1.00000000E-001, 1.59190607E-003
 4.05000000E+000, 1.30667108E-001, 3.66937724E-001, 5.43816902E-001,-1.00000000E-001, 1.60832571E-003
 4.07000000E+000, 1.31876464E-001, 3.65626618E-001, 5.45722116E-001,-1.00000000E-001, 1.62529005E-003
 4.09000000E+000, 1.33106822E-001, 3.64291567E-001, 5.47675126E-001,-1.00000000E-001, 1.64280338E-003
 4.11000000E+000, 1.34357154E-001, 3.62933610E-001, 5.49675252E-001,-1.00000000E-001, 1.66086917E-003
 4.13000000E+000, 1.35626374E-001, 3.61553854E-001, 5.51721705E-001,-1.00000000E-001, 1.67949000E-003
 4.15000000E+000, 1.36913345E-001, 3.60153462E-001, 5.53813585E-001,-1.00000000E-001, 1.69866754E-003
 4.17000000E+000, 1.38216877E-001, 3.58733654E-001, 5.55949888E-001,-1.00000000E-001, 1.71840244E-003
 4.19000000E+000, 1.39535739E-001, 3.57295700E-001, 5.58129497E-001,-1.00000000E-001, 1.73869436E-003
 4.21000000E+000, 1.40868656E-001, 3.55840920E-001, 5.60351192E-001,-1.00000000E-001, 1.75954188E-003
 4.23000000E+000, 1.42214320E-001, 3.54370674E-001, 5.62613646E-001,-1.00000000E-001, 1.78094248E-003
 4.25000000E+000, 1.43571390E-001, 3.52886359E-001, 5.64915430E-001,-1.00000000E-001, 1.80289248E-003
 4.27000000E+000, 1.44938501E-001, 3.51389406E-001, 5.67255015E-001,-1.00000000E-001, 1.82538706E-003
 4.29000000E+000, 1.46314264E-001, 3.49881273E-001, 5.69630775E-001,-1.00000000E-001, 1.84842015E-003
 4.31000000E+000, 1.47697277E-001, 3.48363440E-001, 5.72040990E-001,-1.00000000E-001, 1.87198448E-003
 4.33000000E+000, 1.49086128E-001, 3.46837404E-001, 5.74483850E-001,-1.00000000E-001, 1.89607150E-003
 4.35000000E+000, 1.50479397E-001, 3.45304675E-001, 5.76957458E-001,-1.00000000E-001, 1.92067138E-003
 4.37000000E+000, 1.51875663E-001, 3.43766769E-001, 5.79459839E-001,-1.00000000E-001, 1.94577298E-003
 4.39000000E+000, 1.53273512E-001, 3.42225205E-001, 5.81988936E-001,-1.00000000E-001, 1.97136388E-003
 4.41000000E+000, 1.54671536E-001, 3.40681498E-001, 5.84542625E-001,-1.00000000E-001, 1.99743029E-003
 4.43000000E+000, 1.56068341E-001, 3.39137158E-001, 5.87118710E-001,-1.00000000E-001, 2.02395713E-003
 4.45000000E+000, 1.57462547E-001, 3.37593684E-001, 5.89714935E-001,-1.00000000E-001, 2.05092795E-003
 4.47000000E+000, 1.58852798E-001, 3.36052560E-001, 5.92328984E-001,-1.00000000E-001, 2.07832498E-003
 4.49000000E+000, 1.60237759E-001, 3.34515250E-001, 5.94958489E-001,-1.00000000E-001, 2.10612908E-003
 4.51000000E+000, 1.61616123E-001, 3.32983199E-001, 5.97601034E-001,-1.00000000E-001, 2.13431979E-003
 4.53000000E+000, 1.62986611E-001, 3.31457827E-001, 6.00254156E-001,-1.00000000E-001, 2.16287531E-003
 4.55000000E+000, 1.64347976E-001, 3.29940528E-001, 6.02915354E-001,-1.00000000E-001, 2.19177250E-003
 4.57000000E+000, 1.65699002E-001, 3.28432669E-001, 6.05582089E-001,-1.00000000E-001, 2.22098686E-003
 4.59000000E+000, 1.67038510E-001, 3.26935584E-001, 6.08251787E-001,-1.00000000E-001, 2.25049260E-003
 4.61000000E+000, 1.68365353E-001, 3.25450582E-001, 6.10921846E-001,-1.00000000E-001, 2.28026255E-003
 4.63000000E+000, 1.69678420E-001, 3.23978937E-001, 6.13589633E-001,-1.00000000E-001, 2.31026822E-003
 4.65000000E+000, 1.70976634E-001, 3.22521894E-001, 6.16252488E-001,-1.00000000E-001, 2.34047978E-003
 4.67000000E+000, 1.72258955E-001, 3.21080669E-001, 6.18907726E-001,-1.00000000E-001, 2.37086604E-003
 4.69000000E+000, 1.73524372E-001, 3.19656447E-001, 6.21552635E-001,-1.00000000E-001, 2.40139443E-003
 4.71000000E+000, 1.74771909E-001, 3.18250387E-001, 6.24184476E-001,-1.00000000E-001, 2.43203100E-003
 4.73000000E+000, 1.76000618E-001, 3.16863621E-001, 6.26800484E-001,-1.00000000E-001, 2.46274038E-003
 4.75000000E+000, 1.77209580E-001, 3.15497260E-001, 6.29397862E-001,-1.00000000E-001, 2.49348573E-003
 4.77000000E+000, 1.78397899E-001, 3.14152394E-001, 6.31973782E-001,-1.00000000E-001, 2.52422873E-003
 4.79000000E+000, 1.79564701E-001, 3.12830096E-001, 6.34525377E-001,-1.00000000E-001, 2.55492948E-003
 4.81000000E+000, 1.80709128E-001, 3.11531428E-001, 6.37049738E-001,-1.00000000E-001, 2.58554649E-003
 4.83000000E+000, 1.81830339E-001, 3.10257441E-001, 6.39543908E-001,-1.00000000E-001, 2.61603655E-003
 4.85000000E+000, 1.82927499E-001, 3.09009186E-001, 6.42004875E-001,-1.00000000E-001, 2.64635468E-003
 4.87000000E+000, 1.83999777E-001, 3.07787714E-001, 6.44429562E-001,-1.00000000E-001, 2.67645399E-003
 4.89000000E+000, 1.85046343E-001, 3.06594087E-001, 6.46814818E-001,-1.00000000E-001, 2.70628559E-003
 4.91000000E+000, 1.86066355E-001, 3.05429379E-001, 6.49157408E-001,-1.00000000E-001, 2.73579842E-003
 4.93000000E+000, 1.87058960E-001, 3.04294689E-001, 6.51453997E-001,-1.00000000E-001, 2.76493913E-003
 4.95000000E+000, 1.88023284E-001, 3.03191145E-001, 6.53701139E-001,-1.00000000E-001, 2.79365187E-003
 4.97000000E+000, 1.88958421E-001, 3.02119914E-001, 6.55895260E-001,-1.00000000E-001, 2.82187812E-003
 4.99000000E+000, 1.89863429E-001, 3.01082214E-001, 6.58032639E-001,-1.00000000E-001, 2.84955643E-003
 5.01000000E+000, 1.90737320E-001, 3.00079319E-001, 6.60109391E-001,-1.00000000E-001, 2.87662220E-003
 5.03000000E+000, 1.91579047E-001, 2.99112576E-001, 6.62121441E-001,-1.00000000E-001, 2.90300742E-003
 5.05000000E+000, 1.92387496E-001, 2.98183414E-001, 6.64064502E-001,-1.00000000E-001, 2.92864034E-003
 5.07000000E+000, 1.93161473E-001, 2.97293358E-001, 6.65934051E-001,-1.00000000E-001, 2.95344514E-003
 5.09000000E+000, 1.93899691E-001, 2.96444046E-001, 6.67725292E-001,-1.00000000E-001, 2.97734160E-003
 5.11000000E+000, 1.94600754E-001, 2.95637244E-001, 6.69433132E-001,-1.00000000E-001, 3.00024469E-003
 5.13000000E+000, 1.95263144E-001, 2.94874861E-001, 6.71052144E-001,-1.00000000E-001, 3.02206417E-003
 5.15000000E+000, 1.95885202E-001, 2.94158974E-001, 6.72576527E-001,-1.00000000E-001, 3.04270419E-003
 5.17000000E+000, 1.96465112E-001, 2.93491844E-001, 6.74000070E-001,-1.00000000E-001, 3.06206280E-003
 5.19000000E+000, 1.97000879E-001, 2.92875938E-001, 6.75316110E-001,-1.00000000E-001, 3.08003154E-003
 5.21000000E+000, 1.97490308E-001, 2.92313955E-001, 6.76517492E-001,-1.00000000E-001, 3.09649507E-003
 5.23000000E+000, 1.97930984E-001, 2.91808849E-001, 6.77596525E-001,-1.00000000E-001, 3.11133069E-003
 5.25000000E+000, 1.98320248E-001, 2.91363855E-001, 6.78544939E-001,-1.00000000E-001, 3.12440810E-003
 5.27000000E+000, 1.98655170E-001, 2.90982513E-001, 6.79353846E-001,-1.00000000E-001, 3.13558910E-003
 5.29000000E+000, 1.98932526E-001, 2.90668701E-001, 6.80013700E-001,-1.00000000E-001, 3.14472743E-003
 5.31000000E+000, 1.99148769E-001, 2.90426658E-001, 6.80514268E-001,-1.00000000E-001, 3.15166882E-003
 5.33000000E+000, 1.99300009E-001, 2.90261012E-001, 6.80844604E-001,-1.00000000E-001, 3.15625124E-003
 5.35000000E+000, 1.99381984E-001, 2.90176796E-001, 6.80993051E-001,-1.00000000E-001, 3.15830558E-003
 5.37000000E+000, 1.99390053E-001, 2.90179466E-001, 6.80947265E-001,-1.00000000E-001, 3.15765677E-003
 5.39000000E+000, 1.99319187E-001, 2.90274893E-001, 6.80694281E-001,-1.00000000E-001, 3.15412569E-003
 5.41000000E+000, 1.99163982E-001, 2.90469342E-001, 6.80220637E-001,-1.00000000E-001, 3.14753189E-003
 5.43000000E+000, 1.98918696E-001, 2.90769424E-001, 6.79512564E-001,-1.00000000E-001, 3.13769748E-003
 5.45000000E+000, 1.98577309E-001, 2.91182013E-001, 6.78556260E-001,-1.00000000E-001, 3.12445222E-003
 5.47000000E+000, 1.98133622E-001, 2.91714120E-001, 6.77338272E-001,-1.00000000E-001, 3.10764006E-003
 5.49000000E+000, 1.97581397E-001, 2.92372714E-001, 6.75845980E-001,-1.00000000E-001, 3.08712706E-003
 5.51000000E+000, 1.96914549E-001, 2.93164498E-001, 6.74068196E-001,-1.00000000E-001, 3.06281066E-003
 5.53000000E+000, 1.96127381E-001, 2.94095617E-001, 6.71995873E-001,-1.00000000E-001, 3.03462991E-003
 5.55000000E+000, 1.95214878E-001, 2.95171320E-001, 6.69622885E-001,-1.00000000E-001, 3.00257626E-003
 5.57000000E+000, 1.94173028E-001, 2.96395579E-001, 6.66946857E-001,-1.00000000E-001, 2.96670375E-003
 5.59000000E+000, 1.92999182E-001, 2.97770687E-001, 6.63969948E-001,-1.00000000E-001, 2.92713781E-003
 5.61000000E+000, 1.91692393E-001, 2.99296879E-001, 6.60699526E-001,-1.00000000E-001, 2.88408107E-003
 5.63000000E+000, 1.90253724E-001, 3.00972004E-001, 6.57148622E-001,-1.00000000E-001, 2.83781505E-003
 5.65000000E+000, 1.88686471E-001, 3.02791303E-001, 6.53336065E-001,-1.00000000E-001, 2.78869663E-003
 5.67000000E+000, 1.86996263E-001, 3.04747333E-001, 6.49286241E-001,-1.00000000E-001, 2.73714875E-003
 5.69000000E+000, 1.85191023E-001, 3.06830071E-001, 6.45028440E-001,-1.00000000E-001, 2.68364572E-003
 5.71000000E+000, 1.83280759E-001, 3.09027189E-001, 6.40595825E-001,-1.00000000E-001, 2.62869425E-003
 5.73000000E+000, 1.81277219E-001, 3.11324505E-001, 6.36024117E-001,-1.00000000E-001, 2.57281209E-003
 5.75000000E+000, 1.79193424E-001, 3.13706541E-001, 6.31350129E-001,-1.00000000E-001, 2.51650645E-003
 5.77000000E+000, 1.77043149E-001, 3.16157142E-001, 6.26610307E-001,-1.00000000E-001, 2.46025468E-003
 5.79000000E+000, 1.74840392E-001, 3.18660091E-001, 6.21839426E-001,-1.00000000E-001, 2.40448869E-003
 5.81000000E+000, 1.72598889E-001, 3.21199652E-001, 6.17069539E-001,-1.00000000E-001, 2.34958438E-003
 5.83000000E+000, 1.70331715E-001, 3.23761012E-001, 6.12329261E-001,-1.00000000E-001, 2.29585617E-003
 5.85000000E+000, 1.68050992E-001, 3.26330588E-001, 6.07643360E-001,-1.00000000E-001, 2.24355616E-003
 5.87000000E+000, 1.65767697E-001, 3.28896216E-001, 6.03032654E-001,-1.00000000E-001, 2.19287704E-003
 5.89000000E+000, 1.63491579E-001, 3.31447221E-001, 5.98514132E-001,-1.00000000E-001, 2.14395748E-003
 5.91000000E+000, 1.61231146E-001, 3.33974403E-001, 5.94101237E-001,-1.00000000E-001, 2.09688909E-003
 5.93000000E+000, 1.58993714E-001, 3.36469956E-001, 5.89804245E-001,-1.00000000E-001, 2.05172381E-003
 5.95000000E+000, 1.56785496E-001, 3.38927354E-001, 5.85630690E-001,-1.00000000E-001, 2.00848121E-003
 5.97000000E+000, 1.54611706E-001, 3.41341208E-001, 5.81585777E-001,-1.00000000E-001, 1.96715524E-003
 5.99000000E+000, 1.52476673E-001, 3.43707131E-001, 5.77672786E-001,-1.00000000E-001, 1.92772006E-003
 6.01000000E+000, 1.50383955E-001, 3.46021598E-001, 5.73893425E-001,-1.00000000E-001, 1.89013510E-003
 6.03000000E+000, 1.48336441E-001, 3.48281821E-001, 5.70248139E-001,-1.00000000E-001, 1.85434911E-003
 6.05000000E+000, 1.46336447E-001, 3.50485641E-001, 5.66736371E-001,-1.00000000E-001, 1.82030354E-003
 6.07000000E+000, 1.44385798E-001, 3.52631428E-001, 5.63356785E-001,-1.00000000E-001, 1.78793507E-003
 6.09000000E+000, 1.42485900E-001, 3.54717999E-001, 5.60107437E-001,-1.00000000E-001, 1.75717773E-003
 6.11000000E+000, 1.40637799E-001, 3.56744550E-001, 5.56985930E-001,-1.00000000E-001, 1.72796435E-003
 6.13000000E+000, 1.38842237E-001, 3.58710594E-001, 5.53989522E-001,-1.00000000E-001, 1.70022778E-003
 6.15000000E+000, 1.37099691E-001, 3.60615917E-001, 5.51115223E-001,-1.00000000E-001, 1.67390171E-003
 6.17000000E+000, 1.35410411E-001, 3.62460533E-001, 5.48359867E-001,-1.00000000E-001, 1.64892128E-003
 6.19000000E+000, 1.33774453E-001, 3.64244651E-001, 5.45720173E-001,-1.00000000E-001, 1.62522350E-003
 6.21000000E+000, 1.32191700E-001, 3.65968650E-001, 5.43192787E-001,-1.00000000E-001, 1.60274754E-003
 6.23000000E+000, 1.30661890E-001, 3.67633051E-001, 5.40774319E-001,-1.00000000E-001, 1.58143490E-003
 6.25000000E+000, 1.29184628E-001, 3.69238499E-001, 5.38461370E-001,-1.00000000E-001, 1.56122948E-003
 6.27000000E+000, 1.27759409E-001, 3.70785747E-001, 5.36250554E-001,-1.00000000E-001, 1.54207765E-003
 6.29000000E+000, 1.26385625E-001, 3.72275641E-001, 5.34138516E-001,-1.00000000E-001, 1.52392821E-003
 6.31000000E+000, 1.25062583E-001, 3.73709108E-001, 5.32121941E-001,-1.00000000E-001, 1.50673234E-003
 6.33000000E+000, 1.23789509E-001, 3.75087144E-001, 5.30197564E-001,-1.00000000E-001, 1.49044358E-003
 6.35000000E+000, 1.22565563E-001, 3.76410805E-001, 5.28362181E-001,-1.00000000E-001, 1.47501770E-003
 6.37000000E+000, 1.21389846E-001, 3.77681203E-001, 5.26612650E-001,-1.00000000E-001, 1.46041263E-003
 6.39000000E+000, 1.20261405E-001, 3.78899490E-001, 5.24945896E-001,-1.00000000E-001, 1.44658839E-003
 6.41000000E+000, 1.19179240E-001, 3.80066860E-001, 5.23358913E-001,-1.00000000E-001, 1.43350695E-003
 6.43000000E+000, 1.18142314E-001, 3.81184539E-001, 5.21848765E-001,-1.00000000E-001, 1.42113215E-003
 6.45000000E+000, 1.17149555E-001, 3.82253779E-001, 5.20412592E-001,-1.00000000E-001, 1.40942962E-003
 6.47000000E+000, 1.16199862E-001, 3.83275854E-001, 5.19047603E-001,-1.00000000E-001, 1.39836668E-003
 6.49000000E+000, 1.15292110E-001, 3.84252056E-001, 5.17751079E-001,-1.00000000E-001, 1.38791223E-003
 6.51000000E+000, 1.14425155E-001, 3.85183691E-001, 5.16520377E-001,-1.00000000E-001, 1.37803669E-003
 6.53000000E+000, 1.13597838E-001, 3.86072072E-001, 5.15352921E-001,-1.00000000E-001, 1.36871192E-003
 6.55000000E+000, 1.12808989E-001, 3.86918519E-001, 5.14246209E-001,-1.00000000E-001, 1.35991109E-003
 6.57000000E+000, 1.12057429E-001, 3.87724354E-001, 5.13197809E-001,-1.00000000E-001, 1.35160870E-003
 6.59000000E+000, 1.11341976E-001, 3.88490897E-001, 5.12205358E-001,-1.00000000E-001, 1.34378041E-003
 6.61000000E+000, 1.10661449E-001, 3.89219463E-001, 5.11266559E-001,-1.00000000E-001, 1.33640306E-003
 6.63000000E+000, 1.10014666E-001, 3.89911362E-001, 5.10379186E-001,-1.00000000E-001, 1.32945455E-003
 6.65000000E+000, 1.09400452E-001, 3.90567892E-001, 5.09541078E-001,-1.00000000E-001, 1.32291381E-003
 6.67000000E+000, 1.08817640E-001, 3.91190340E-001, 5.08750137E-001,-1.00000000E-001, 1.31676074E-003
 6.69000000E+000, 1.08265072E-001, 3.91779979E-001, 5.08004332E-001,-1.00000000E-001, 1.31097617E-003
 6.71000000E+000, 1.07741603E-001, 3.92338064E-001, 5.07301693E-001,-1.00000000E-001, 1.30554178E-003
 6.73000000E+000, 1.07246101E-001, 3.92865833E-001, 5.06640314E-001,-1.00000000E-001, 1.30044011E-003
 6.75000000E+000, 1.06777455E-001, 3.93364502E-001, 5.06018347E-001,-1.00000000E-001, 1.29565447E-003
 6.77000000E+000, 1.06334566E-001, 3.93835266E-001, 5.05434007E-001,-1.00000000E-001, 1.29116891E-003
 6.79000000E+000, 1.05916359E-001, 3.94279297E-001, 5.04885566E-001,-1.00000000E-001, 1.28696823E-003
 6.81000000E+000, 1.05521780E-001, 3.94697742E-001, 5.04371354E-001,-1.00000000E-001, 1.28303787E-003
 6.83000000E+000, 1.05149796E-001, 3.95091722E-001, 5.03889756E-001,-1.00000000E-001, 1.27936395E-003
 6.85000000E+000, 1.04799397E-001, 3.95462332E-001, 5.03439215E-001,-1.00000000E-001, 1.27593319E-003
 6.87000000E+000, 1.04469601E-001, 3.95810639E-001, 5.03018228E-001,-1.00000000E-001, 1.27273289E-003
 6.89000000E+000, 1.04159449E-001, 3.96137680E-001, 5.02625344E-001,-1.00000000E-001, 1.26975095E-003
 6.91000000E+000, 1.03868007E-001, 3.96444466E-001, 5.02259164E-001,-1.00000000E-001, 1.26697579E-003
 6.93000000E+000, 1.03594372E-001, 3.96731975E-001, 5.01918343E-001,-1.00000000E-001, 1.26439634E-003
 6.95000000E+000, 1.03337664E-001, 3.97001158E-001, 5.01601583E-001,-1.00000000E-001, 1.26200203E-003
 6.97000000E+000, 1.03097033E-001, 3.97252934E-001, 5.01307637E-001,-1.00000000E-001, 1.25978277E-003
 6.99000000E+000, 1.02871656E-001, 3.97488193E-001, 5.01035305E-001,-1.00000000E-001, 1.25772892E-003
 7.01000000E+000, 1.02660740E-001, 3.97707792E-001, 5.00783434E-001,-1.00000000E-001, 1.25583128E-003
 7.03000000E+000, 1.02463518E-001, 3.97912560E-001, 5.00550918E-001,-1.00000000E-001, 1.25408108E-003
 7.05000000E+000, 1.02279252E-001, 3.98103294E-001, 5.00336694E-001,-1.00000000E-001, 1.25246991E-003
 7.07000000E+000, 1.02107232E-001, 3.98280763E-001, 5.00139743E-001,-1.00000000E-001, 1.25098980E-003
 7.09000000E+000, 1.01946775E-001, 3.98445704E-001, 4.99959090E-001,-1.00000000E-001, 1.24963312E-003
 7.11000000E+000, 1.01797228E-001, 3.98598824E-001, 4.99793798E-001,-1.00000000E-001, 1.24839259E-003
 7.13000000E+000, 1.01657963E-001, 3.98740803E-001, 4.99642974E-001,-1.00000000E-001, 1.24726129E-003
 7.15000000E+000, 1.01528379E-001, 3.98872290E-001, 4.99505763E-001,-1.00000000E-001, 1.24623263E-003
 7.17000000E+000, 1.01407903E-001, 3.98993908E-001, 4.99381346E-001,-1.00000000E-001, 1.24530032E-003
 7.19000000E+000, 1.01295985E-001, 3.99106250E-001, 4.99268944E-001,-1.00000000E-001, 1.24445839E-003
 7.21000000E+000, 1.01192105E-001, 3.99209883E-001, 4.99167812E-001,-1.00000000E-001, 1.24370114E-003
 7.23000000E+000, 1.01095763E-001, 3.99305347E-001, 4.99077239E-001,-1.00000000E-001, 1.24302319E-003
 7.25000000E+000, 1.01006485E-001, 3.99393157E-001, 4.98996551E-001,-1.00000000E-001, 1.24241938E-003
 7.27000000E+000, 1.00923822E-001, 3.99473803E-001, 4.98925103E-001,-1.00000000E-001, 1.24188485E-003
 7.29000000E+000, 1.00847346E-001, 3.99547749E-001, 4.98862284E-001,-1.00000000E-001, 1.24141496E-003
 7.31000000E+000, 1.00776652E-001, 3.99615437E-001, 4.98807511E-001,-1.00000000E-001, 1.24100533E-003
 7.33000000E+000, 1.00711357E-001, 3.99677284E-001, 4.98760233E-001,-1.00000000E-001, 1.24065180E-003
 7.35000000E+000, 1.00651096E-001, 3.99733688E-001, 4.98719925E-001,-1.00000000E-001, 1.24035042E-003
 7.37000000E+000, 1.00595528E-001, 3.99785022E-001, 4.98686092E-001,-1.00000000E-001, 1.24009747E-003
 7.39000000E+000, 1.00544329E-001, 3.99831641E-001, 4.98658261E-001,-1.00000000E-001, 1.23988941E-003
 7.41000000E+000, 1.00497192E-001, 3.99873880E-001, 4.98635989E-001,-1.00000000E-001, 1.23972291E-003
 7.43000000E+000, 1.00453832E-001, 3.99912052E-001, 4.98618853E-001,-1.00000000E-001, 1.23959481E-003
 7.45000000E+000, 1.00413978E-001, 3.99946456E-001, 4.98606457E-001,-1.00000000E-001, 1.23950215E-003
 7.47000000E+000, 1.00377375E-001, 3.99977370E-001, 4.98598425E-001,-1.00000000E-001, 1.23944211E-003
 7.49000000E+000, 1.00343786E-001, 4.00005058E-001, 4.98594402E-001,-1.00000000E-001, 1.23941205E-003
 7.51000000E+000, 1.00312986E-001, 4.00029764E-001, 4.98594056E-001,-1.00000000E-001, 1.23940948E-003
 7.53000000E+000, 1.00284768E-001, 4.00051722E-001, 4.98597072E-001,-1.00000000E-001, 1.23943206E-003
 7.55000000E+000, 1.00258934E-001, 4.00071147E-001, 4.98603154E-001,-1.00000000E-001, 1.23947757E-003
 7.57000000E+000, 1.00235302E-001, 4.00088243E-001, 4.98612025E-001,-1.00000000E-001, 1.23954396E-003
 7.59000000E+000, 1.00213701E-001, 4.00103198E-001, 4.98623425E-001,-1.00000000E-001, 1.23962928E-003
 7.61000000E+000, 1.00193971E-001, 4.00116190E-001, 4.98637109E-001,-1.00000000E-001, 1.23973170E-003
 7.63000000E+000, 1.00175966E-001, 4.00127385E-001, 4.98652847E-001,-1.00000000E-001, 1.23984952E-003
 7.65000000E+000, 1.00159545E-001, 4.00136937E-001, 4.98670426E-001,-1.00000000E-001, 1.23998113E-003
 7.67000000E+000, 1.00144582E-001, 4.00144988E-001, 4.98689644E-001,-1.00000000E-001, 1.24012505E-003
 7.69000000E+000, 1.00130957E-001, 4.00151672E-001, 4.98710316E-001,-1.00000000E-001, 1.24027988E-003
 7.71000000E+000, 1.00118559E-001, 4.00157114E-001, 4.98732265E-001,-1.00000000E-001, 1.24044431E-003
 7.73000000E+000, 1.00107286E-001, 4.00161428E-001, 4.98755330E-001,-1.00000000E-001, 1.24061714E-003
 7.75000000E+000, 1.00097044E-001, 4.00164721E-001, 4.98779359E-001,-1.00000000E-001, 1.24079722E-003
 7.77000000E+000, 1.00087745E-001, 4.00167091E-001, 4.98804210E-001,-1.00000000E-001, 1.24098351E-003
 7.79000000E+000, 1.00079307E-001, 4.00168631E-001, 4.98829753E-001,-1.00000000E-001, 1.24117502E-003
 7.81000000E+000, 1.00071656E-001, 4.00169425E-001, 4.98855867E-001,-1.00000000E-001, 1.24137086E-003
 7.83000000E+000, 1.00064724E-001, 4.00169549E-001, 4.98882440E-001,-1.00000000E-001, 1.24157018E-003
 7.85000000E+000, 1.00058447E-001, 4.00169078E-001, 4.98909366E-001,-1.00000000E-001, 1.24177221E-003
 7.87000000E+000, 1.00052767E-001, 4.00168076E-001, 4.98936552E-001,-1.00000000E-001, 1.24197623E-003
 7.89000000E+000, 1.00047629E-001, 4.00166604E-001, 4.98963907E-001,-1.00000000E-001, 1.24218157E-003
 7.91000000E+000, 1.00042986E-001, 4.00164719E-001, 4.98991352E-001,-1.00000000E-001, 1.24238763E-003
 7.93000000E+000, 1.00038791E-001, 4.00162471E-001, 4.99018811E-001,-1.00000000E-001, 1.24259385E-003
 7.95000000E+000, 1.00035003E-001, 4.00159908E-001, 4.99046216E-001,-1.00000000E-001, 1.24279971E-003
 7.97000000E+000, 1.00031586E-001, 4.00157072E-001, 4.99073504E-001,-1.00000000E-001, 1.24300475E-003
 7.99000000E+000, 1.00028503E-001, 4.00154004E-001, 4.99100620E-001,-1.00000000E-001, 1.24320853E-003
 8.01000000E+000, 1.00025724E-001, 4.00150738E-001, 4.99127510E-001,-1.00000000E-001, 1.24341068E-003
 8.03000000E+000, 1.00023219E-001, 4.00147307E-001, 4.99154129E-001,-1.00000000E-001, 1.24361083E-003
 8.05000000E+000, 1.00020963E-001, 4.00143741E-001, 4.99180434E-001,-1.00000000E-001, 1.24380867E-003
 8.07000000E+000, 1.00018931E-001, 4.00140067E-001, 4.99206386E-001,-1.00000000E-001, 1.24400391E-003
 8.09000000E+000, 1.00017102E-001, 4.00136309E-001, 4.99231953E-001,-1.00000000E-001, 1.24419629E-003
 8.11000000E+000, 1.00015455E-001, 4.00132489E-001, 4.99257104E-001,-1.00000000E-001, 1.24438559E-003
 8.13000000E+000, 1.00013974E-001, 4.00128627E-001, 4.99281811E-001,-1.00000000E-001, 1.24457159E-003
 8.15000000E+000, 1.00012641E-001, 4.00124741E-001, 4.99306052E-001,-1.00000000E-001, 1.24475413E-003
 8.17000000E+000, 1.00011441E-001, 4.00120846E-001, 4.99329806E-001,-1.00000000E-001, 1.24493305E-003
 8.19000000E+000, 1.00010362E-001, 4.00116958E-001, 4.99353056E-001,-1.00000000E-001, 1.24510820E-003
 8.21000000E+000, 1.00009392E-001, 4.00113089E-001, 4.99375786E-001,-1.00000000E-001, 1.24527949E-003
 8.23000000E+000, 1.00008518E-001, 4.00109250E-001, 4.99397984E-001,-1.00000000E-001, 1.24544680E-003
 8.25000000E+000, 1.00007732E-001, 4.00105450E-001, 4.99419640E-001,-1.00000000E-001, 1.24561007E-003
 8.27000000E+000, 1.00007025E-001, 4.00101700E-001, 4.99440745E-001,-1.00000000E-001, 1.24576923E-003
 8.29000000E+000, 1.00006388E-001, 4.00098006E-001, 4.99461295E-001,-1.00000000E-001, 1.24592422E-003
 8.31000000E+000, 1.00005814E-001, 4.00094376E-001, 4.99481284E-001,-1.00000000E-001, 1.24607503E-003
 8.33000000E+000, 1.00005296E-001, 4.00090815E-001, 4.99500709E-001,-1.00000000E-001, 1.24622161E-003
 8.35000000E+000, 1.00004830E-001, 4.00087327E-001, 4.99519570E-001,-1.00000000E-001, 1.24636397E-003
 8.37000000E+000, 1.00004409E-001, 4.00083918E-001, 4.99537868E-001,-1.00000000E-001, 1.24650211E-003
 8.39000000E+000, 1.00004028E-001, 4.00080590E-001, 4.99555603E-001,-1.00000000E-001, 1.24663603E-003
 8.41000000E+000, 1.00003685E-001, 4.00077346E-001, 4.99572779E-001,-1.00000000E-001, 1.24676576E-003
 8.43000000E+000, 1.00003373E-001, 4.00074189E-001, 4.99589400E-001,-1.00000000E-001, 1.24689133E-003
 8.45000000E+000, 1.00003092E-001, 4.00071120E-001, 4.99605472E-001,-1.00000000E-001, 1.24701276E-003
 8.47000000E+000, 1.00002836E-001, 4.00068141E-001, 4.99620999E-001,-1.00000000E-001, 1.24713011E-003
 8.49000000E+000, 1.00002604E-001, 4.00065252E-001, 4.99635989E-001,-1.00000000E-001, 1.24724342E-003
 8.51000000E+000, 1.00002393E-001, 4.00062453E-001, 4.99650449E-001,-1.00000000E-001, 1.24735276E-003
 8.53000000E+000, 1.00002201E-001, 4.00059746E-001, 4.99664388E-001,-1.00000000E-001, 1.24745817E-003
 8.55000000E+000, 1.00002026E-001, 4.00057128E-001, 4.99677815E-001,-1.00000000E-001, 1.24755973E-003
 8.57000000E+000, 1.00001866E-001, 4.00054601E-001, 4.99690739E-001,-1.00000000E-001, 1.24765751E-003
 8.59000000E+000, 1.00001720E-001, 4.00052162E-001, 4.99703171E-001,-1.00000000E-001, 1.24775158E-003
 8.61000000E+000, 1.00001586E-001, 4.00049812E-001, 4.99715119E-001,-1.00000000E-001, 1.24784201E-003
 8.63000000E+000, 1.00001464E-001, 4.00047549E-001, 4.99726595E-001,-1.00000000E-001, 1.24792889E-003
 8.65000000E+000, 1.00001351E-001, 4.00045371E-001, 4.99737611E-001,-1.00000000E-001, 1.24801229E-003
 8.67000000E+000, 1.00001247E-001, 4.00043278E-001, 4.99748177E-001,-1.00000000E-001, 1.24809231E-003
 8.69000000E+000, 1.00001151E-001, 4.00041267E-001, 4.99758304E-001,-1.00000000E-001, 1.24816902E-003
 8.71000000E+000, 1.00001062E-001, 4.00039336E-001, 4.99768005E-001,-1.00000000E-001, 1.24824251E-003
 8.73000000E+000, 1.00000980E-001, 4.00037485E-001, 4.99777291E-001,-1.00000000E-001, 1.24831287E-003
 8.75000000E+000, 1.00000904E-001, 4.00035710E-001, 4.99786175E-001,-1.00000000E-001, 1.24838020E-003
 8.77000000E+000, 1.00000833E-001, 4.00034011E-001, 4.99794667E-001,-1.00000000E-001, 1.24844457E-003
 8.79000000E+000, 1.00000768E-001, 4.00032384E-001, 4.99802780E-001,-1.00000000E-001, 1.24850608E-003
 8.81000000E+000, 1.00000707E-001, 4.00030828E-001, 4.99810527E-001,-1.00000000E-001, 1.24856482E-003
 8.83000000E+000, 1.00000650E-001, 4.00029341E-001, 4.99817918E-001,-1.00000000E-001, 1.24862087E-003
 8.85000000E+000, 1.00000597E-001, 4.00027921E-001, 4.99824966E-001,-1.00000000E-001, 1.24867433E-003
 8.87000000E+000, 1.00000547E-001, 4.00026565E-001, 4.99831682E-001,-1.00000000E-001, 1.24872529E-003
 8.89000000E+000, 1.00000500E-001, 4.00025271E-001, 4.99838078E-001,-1.00000000E-001, 1.24877382E-003
 8.91000000E+000, 1.00000457E-001, 4.00024038E-001, 4.99844166E-001,-1.00000000E-001, 1.24882002E-003
 8.93000000E+000, 1.00000416E-001, 4.00022862E-001, 4.99849957E-001,-1.00000000E-001, 1.24886397E-003
 8.95000000E+000, 1.00000377E-001, 4.00021743E-001, 4.99855461E-001,-1.00000000E-001, 1.24890576E-003
 8.97000000E+000, 1.00000341E-001, 4.00020677E-001, 4.99860690E-001,-1.00000000E-001, 1.24894547E-003
 8.99000000E+000, 1.00000307E-001, 4.00019663E-001, 4.99865656E-001,-1.00000000E-001, 1.24898318E-003
 9.01000000E+000, 1.00000275E-001, 4.00018699E-001, 4.99870367E-001,-1.00000000E-001, 1.24901896E-003
 9.03000000E+000, 1.00000245E-001, 4.00017783E-001, 4.99874836E-001,-1.00000000E-001, 1.24905290E-003
 9.05000000E+000, 1.00000216E-001, 4.00016912E-001, 4.99879071E-001,-1.00000000E-001, 1.24908508E-003
 9.07000000E+000, 1.00000189E-001, 4.00016086E-001, 4.99883082E-001,-1.00000000E-001, 1.24911556E-003
 9.09000000E+000, 1.00000164E-001, 4.00015301E-001, 4.99886881E-001,-1.00000000E-001, 1.24914443E-003
 9.11000000E+000, 1.00000140E-001, 4.00014556E-001, 4.99890475E-001,-1.00000000E-001, 1.24917174E-003
 9.13000000E+000, 1.00000118E-001, 4.00013850E-001, 4.99893873E-001,-1.00000000E-001, 1.24919758E-003
 9.15000000E+000, 1.00000097E-001, 4.00013180E-001, 4.99897086E-001,-1.00000000E-001, 1.24922200E-003
 9.17000000E+000, 1.00000077E-001, 4.00012545E-001, 4.99900120E-001,-1.00000000E-001, 1.24924508E-003
 9.19000000E+000, 1.00000058E-001, 4.00011944E-001, 4.99902986E-001,-1.00000000E-001, 1.24926687E-003
 9.21000000E+000, 1.00000040E-001, 4.00011374E-001, 4.99905690E-001,-1.00000000E-001, 1.24928743E-003
 9.23000000E+000, 1.00000024E-001, 4.00010834E-001, 4.99908240E-001,-1.00000000E-001, 1.24930683E-003
 9.25000000E+000, 1.00000008E-001, 4.00010322E-001, 4.99910645E-001,-1.00000000E-001, 1.24932512E-003
 9.27000000E+000, 9.99999933E-002, 4.00009838E-001, 4.99912910E-001,-1.00000000E-001, 1.24934236E-003
 9.29000000E+000, 9.99999797E-002, 4.00009379E-001, 4.99915044E-001,-1.00000000E-001, 1.24935860E-003
 9.31000000E+000, 9.99999669E-002, 4.00008945E-001, 4.99917053E-001,-1.00000000E-001, 1.24937389E-003
 9.33000000E+000, 9.99999551E-002, 4.00008533E-001, 4.99918943E-001,-1.00000000E-001, 1.24938827E-003
 9.35000000E+000, 9.99999442E-002, 4.00008144E-001, 4.99920721E-001,-1.00000000E-001, 1.24940180E-003
 9.37000000E+000, 9.99999341E-002, 4.00007775E-001, 4.99922393E-001,-1.00000000E-001, 1.24941453E-003
 9.39000000E+000, 9.99999250E-002, 4.00007425E-001, 4.99923964E-001,-1.00000000E-001, 1.24942649E-003
 9.41000000E+000, 9.99999167E-002, 4.00007093E-001, 4.99925440E-001,-1.00000000E-001, 1.24943772E-003
 9.43000000E+000, 9.99999091E-002, 4.00006779E-001, 4.99926826E-001,-1.00000000E-001, 1.24944827E-003
 9.45000000E+000, 9.99999024E-002, 4.00006481E-001, 4.99928127E-001,-1.00000000E-001, 1.24945818E-003
 9.47000000E+000, 9.99998965E-002, 4.00006198E-001, 4.99929348E-001,-1.00000000E-001, 1.24946747E-003
 9.49000000E+000, 9.99998913E-002, 4.00005929E-001, 4.99930494E-001,-1.00000000E-001, 1.24947619E-003
 9.51000000E+000, 9.99998871E-002, 4.00005673E-001, 4.99931568E-001,-1.00000000E-001, 1.24948437E-003
 9.53000000E+000, 9.99998837E-002, 4.00005430E-001, 4.99932575E-001,-1.00000000E-001, 1.24949204E-003
 9.55000000E+000, 9.99998813E-002, 4.00005198E-001, 4.99933519E-001,-1.00000000E-001, 1.24949923E-003
 9.57000000E+000, 9.99998796E-002, 4.00004977E-001, 4.99934404E-001,-1.00000000E-001, 1.24950596E-003
 9.59000000E+000, 9.99998789E-002, 4.00004766E-001, 4.99935232E-001,-1.00000000E-001, 1.24951227E-003
 9.61000000E+000, 9.99998791E-002, 4.00004564E-001, 4.99936009E-001,-1.00000000E-001, 1.24951818E-003
 9.63000000E+000, 9.99998801E-002, 4.00004371E-001, 4.99936735E-001,-1.00000000E-001, 1.24952371E-003
 9.65000000E+000, 9.99998820E-002, 4.00004186E-001, 4.99937416E-001,-1.00000000E-001, 1.24952889E-003
 9.67000000E+000, 9.99998848E-002, 4.00004008E-001, 4.99938053E-001,-1.00000000E-001, 1.24953374E-003
 9.69000000E+000, 9.99998885E-002, 4.00003838E-001, 4.99938649E-001,-1.00000000E-001, 1.24953827E-003
 9.71000000E+000, 9.99998930E-002, 4.00003673E-001, 4.99939207E-001,-1.00000000E-001, 1.24954252E-003
 9.73000000E+000, 9.99998984E-002, 4.00003514E-001, 4.99939728E-001,-1.00000000E-001, 1.24954648E-003
 9.75000000E+000, 9.99999047E-002, 4.00003360E-001, 4.99940216E-001,-1.00000000E-001, 1.24955019E-003
 9.77000000E+000, 9.99999118E-002, 4.00003212E-001, 4.99940672E-001,-1.00000000E-001, 1.24955366E-003
 9.79000000E+000, 9.99999197E-002, 4.00003067E-001, 4.99941097E-001,-1.00000000E-001, 1.24955689E-003
 9.81000000E+000, 9.99999285E-002, 4.00002927E-001, 4.99941495E-001,-1.00000000E-001, 1.24955991E-003
 9.83000000E+000, 9.99999380E-002, 4.00002790E-001, 4.99941866E-001,-1.00000000E-001, 1.24956273E-003
 9.85000000E+000, 9.99999483E-002, 4.00002657E-001, 4.99942213E-001,-1.00000000E-001, 1.24956536E-003
 9.87000000E+000, 9.99999593E-002, 4.00002527E-001, 4.99942535E-001,-1.00000000E-001, 1.24956781E-003
 9.89000000E+000, 9.99999710E-002, 4.00002399E-001, 4.99942836E-001,-1.00000000E-001, 1.24957009E-003
 9.91000000E+000, 9.99999833E-002, 4.00002274E-001, 4.99943115E-001,-1.00000000E-001, 1.24957220E-003
 9.93000000E+000, 9.99999962E-002, 4.00002151E-001, 4.99943374E-001,-1.00000000E-001, 1.24957417E-003
 9.95000000E+000, 1.00000010E-001, 4.00002030E-001, 4.99943614E-001,-1.00000000E-001, 1.24957599E-003
 9.97000000E+000, 1.00000023E-001, 4.00001911E-001, 4.99943836E-001,-1.00000000E-001, 1.24957767E-003
 9.99000000E+000, 1.00001658E-001, 4.00000068E-001, 4.99946157E-001,-1.00000000E-001, 1.24959510E-003
