   10.003596942557996      ,         500
X,ZB,H,U,Q,FR
 2.50000000E-002, 0.00000000E+000, 4.40006082E-001,-1.33594631E-001,-5.87824502E-002,-6.43130823E-002
 7.50000000E-002, 0.00000000E+000, 4.39294907E-001,-1.26814074E-001,-5.57087769E-002,-6.10982863E-002
 1.25000000E-001, 0.00000000E+000, 4.40868946E-001,-1.22544713E-001,-5.40261584E-002,-5.89358406E-002
 1.75000000E-001, 0.00000000E+000, 4.43830275E-001,-1.16239041E-001,-5.15904056E-002,-5.57164216E-002
 2.25000000E-001, 0.00000000E+000, 4.47622909E-001,-1.06821016E-001,-4.78155342E-002,-5.09847403E-002
 2.75000000E-001, 0.00000000E+000, 4.51605824E-001,-9.36193762E-002,-4.22790556E-002,-4.44862332E-002
 3.25000000E-001, 0.00000000E+000, 4.55266064E-001,-7.77212956E-002,-3.53838684E-002,-3.67829918E-002
 3.75000000E-001, 0.00000000E+000, 4.58495503E-001,-6.07305742E-002,-2.78446952E-002,-2.86404281E-002
 4.25000000E-001, 0.00000000E+000, 4.61378550E-001,-4.35296271E-002,-2.00836362E-002,-2.04642534E-002
 4.75000000E-001, 0.00000000E+000, 4.64136872E-001,-2.62697807E-002,-1.21927738E-002,-1.23132606E-002
 5.25000000E-001, 0.00000000E+000, 4.67180829E-001,-9.44564628E-003,-4.41282486E-003,-4.41294821E-003
 5.75000000E-001, 0.00000000E+000, 4.70710034E-001, 7.06436223E-003, 3.32526619E-003, 3.28803090E-003
 6.25000000E-001, 0.00000000E+000, 4.74560726E-001, 2.51117278E-002, 1.19170398E-002, 1.16404657E-002
 6.75000000E-001, 0.00000000E+000, 4.78963214E-001, 4.48298160E-002, 2.14718328E-002, 2.06850005E-002
 7.25000000E-001, 0.00000000E+000, 4.83290298E-001, 6.34371975E-002, 3.06585821E-002, 2.91393332E-002
 7.75000000E-001, 0.00000000E+000, 4.87023879E-001, 7.81744553E-002, 3.80728265E-002, 3.57708611E-002
 8.25000000E-001, 0.00000000E+000, 4.90203849E-001, 8.94913128E-002, 4.38689860E-002, 4.08161633E-002
 8.75000000E-001, 0.00000000E+000, 4.92576471E-001, 9.72680852E-002, 4.79119702E-002, 4.42561055E-002
 9.25000000E-001, 0.00000000E+000, 4.94459541E-001, 1.04285413E-001, 5.15649174E-002, 4.73584897E-002
 9.75000000E-001, 0.00000000E+000, 4.95834444E-001, 1.12078773E-001, 5.55725161E-002, 5.08270238E-002
 1.02500000E+000, 0.00000000E+000, 4.96865390E-001, 1.20468499E-001, 5.98566276E-002, 5.45750049E-002
 1.07500000E+000, 0.00000000E+000, 4.97342415E-001, 1.26007563E-001, 6.26689058E-002, 5.70569460E-002
 1.12500000E+000, 0.00000000E+000, 4.97935556E-001, 1.29057405E-001, 6.42622709E-002, 5.84031159E-002
 1.17500000E+000, 0.00000000E+000, 4.98382739E-001, 1.28658654E-001, 6.41212525E-002, 5.81965402E-002
 1.22500000E+000, 0.00000000E+000, 4.99145594E-001, 1.25916803E-001, 6.28508174E-002, 5.69127704E-002
 1.27500000E+000, 0.00000000E+000, 4.98998585E-001, 1.22551918E-001, 6.11532335E-002, 5.54000444E-002
 1.32500000E+000, 0.00000000E+000, 4.97736766E-001, 1.22339679E-001, 6.08929562E-002, 5.53741579E-002
 1.37500000E+000, 0.00000000E+000, 4.95463816E-001, 1.19312857E-001, 5.91152034E-002, 5.41278693E-002
 1.42500000E+000, 0.00000000E+000, 4.92735291E-001, 1.08790366E-001, 5.36048527E-002, 4.94906619E-002
 1.47500000E+000, 0.00000000E+000, 4.89336368E-001, 8.91865905E-002, 4.36422422E-002, 4.07132220E-002
 1.52500000E+000, 0.00000000E+000, 4.84610094E-001, 6.10693393E-002, 2.95948182E-002, 2.80134535E-002
 1.57500000E+000, 0.00000000E+000, 4.77845162E-001, 2.60548756E-002, 1.24501962E-002, 1.20360800E-002
 1.62500000E+000, 0.00000000E+000, 4.68395400E-001,-1.57776607E-002,-7.39018367E-003,-7.36166345E-003
 1.67500000E+000, 0.00000000E+000, 4.57312339E-001,-6.25374259E-002,-2.85991365E-002,-2.95306632E-002
 1.72500000E+000, 0.00000000E+000, 4.49988690E-001,-9.08827559E-002,-4.08962122E-002,-4.32633702E-002
 1.77500000E+000, 0.00000000E+000, 4.45657463E-001,-1.06619952E-001,-4.75159774E-002,-5.10008660E-002
 1.82500000E+000, 0.00000000E+000, 4.43644490E-001,-1.14484811E-001,-5.07905557E-002,-5.48870620E-002
 1.87500000E+000, 0.00000000E+000, 4.42700369E-001,-1.20328576E-001,-5.32695051E-002,-5.77502003E-002
 1.92500000E+000, 0.00000000E+000, 4.42768399E-001,-1.23860345E-001,-5.48414466E-002,-5.94406615E-002
 1.97500000E+000, 0.00000000E+000, 4.43363659E-001,-1.28291686E-001,-5.68798712E-002,-6.15259210E-002
 2.02500000E+000, 0.00000000E+000, 4.43967551E-001,-1.29515231E-001,-5.75005601E-002,-6.20704493E-002
 2.07500000E+000, 0.00000000E+000, 4.44338322E-001,-1.26680956E-001,-5.62892033E-002,-6.06867813E-002
 2.12500000E+000, 0.00000000E+000, 4.44480978E-001,-1.20982324E-001,-5.37743416E-002,-5.79475382E-002
 2.17500000E+000, 0.00000000E+000, 4.44749772E-001,-1.12544295E-001,-5.00540497E-002,-5.38896395E-002
 2.22500000E+000, 0.00000000E+000, 4.45717587E-001,-1.03180267E-001,-4.59892597E-002,-4.93521891E-002
 2.27500000E+000, 0.00000000E+000, 4.47703411E-001,-9.40007096E-002,-4.20844384E-002,-4.48616858E-002
 2.32500000E+000, 0.00000000E+000, 4.50490048E-001,-8.46225786E-002,-3.81216295E-002,-4.02608846E-002
 2.37500000E+000, 0.00000000E+000, 4.53747962E-001,-7.46970458E-002,-3.38936323E-002,-3.54108002E-002
 2.42500000E+000, 0.00000000E+000, 4.56999537E-001,-6.28469449E-002,-2.87210247E-002,-2.96869752E-002
 2.47500000E+000, 0.00000000E+000, 4.59837953E-001,-5.08417238E-002,-2.33789542E-002,-2.39418397E-002
 2.52500000E+000, 0.00000000E+000, 4.62154233E-001,-3.89979242E-002,-1.80230557E-002,-1.83184061E-002
 2.57500000E+000, 0.00000000E+000, 4.64196488E-001,-2.73167494E-002,-1.26803391E-002,-1.28031771E-002
 2.62500000E+000, 0.00000000E+000, 4.66311926E-001,-1.58717924E-002,-7.40120609E-003,-7.42210974E-003
 2.67500000E+000, 0.00000000E+000, 4.68690186E-001,-5.48951615E-003,-2.57288235E-003,-2.56053547E-003
 2.72500000E+000, 0.00000000E+000, 4.71356254E-001, 4.81402800E-003, 2.26912220E-003, 2.23910074E-003
 2.77500000E+000, 0.00000000E+000, 4.74021495E-001, 1.64363016E-002, 7.79116024E-003, 7.62333039E-003
 2.82500000E+000, 0.00000000E+000, 4.76407933E-001, 2.85626420E-002, 1.36074692E-002, 1.32144333E-002
 2.87500000E+000, 0.00000000E+000, 4.78419991E-001, 4.05072613E-002, 1.93794836E-002, 1.87011314E-002
 2.92500000E+000, 0.00000000E+000, 4.80384412E-001, 5.21404303E-002, 2.50474499E-002, 2.40225893E-002
 2.97500000E+000, 0.00000000E+000, 4.82699683E-001, 6.26188429E-002, 3.02260956E-002, 2.87810206E-002
 3.02500000E+000, 0.00000000E+000, 4.85749780E-001, 7.23993715E-002, 3.51679788E-002, 3.31717320E-002
 3.07500000E+000, 0.00000000E+000, 4.89120481E-001, 8.39314250E-002, 4.10525789E-002, 3.83227205E-002
 3.12500000E+000, 0.00000000E+000, 4.91856600E-001, 9.39709510E-002, 4.62202324E-002, 4.27872159E-002
 3.17500000E+000, 0.00000000E+000, 4.93546619E-001, 1.01700000E-001, 5.01936913E-002, 4.62270864E-002
 3.22500000E+000, 0.00000000E+000, 4.94466280E-001, 1.08077777E-001, 5.34408162E-002, 4.90803579E-002
 3.27500000E+000, 0.00000000E+000, 4.94848381E-001, 1.12759148E-001, 5.57986818E-002, 5.11864920E-002
 3.32500000E+000, 0.00000000E+000, 4.95079327E-001, 1.15817646E-001, 5.73389222E-002, 5.25626189E-002
 3.37500000E+000, 0.00000000E+000, 4.95308899E-001, 1.17094512E-001, 5.79979539E-002, 5.31297943E-002
 3.42500000E+000, 0.00000000E+000, 4.95529918E-001, 1.16212961E-001, 5.75869992E-002, 5.27180438E-002
 3.47500000E+000, 0.00000000E+000, 4.95767730E-001, 1.13916757E-001, 5.64762519E-002, 5.16640138E-002
 3.52500000E+000, 0.00000000E+000, 4.95595884E-001, 1.11000081E-001, 5.50111833E-002, 5.03499576E-002
 3.57500000E+000, 0.00000000E+000, 4.94689495E-001, 1.07650792E-001, 5.32537160E-002, 4.88754247E-002
 3.62500000E+000, 0.00000000E+000, 4.92687145E-001, 1.00212617E-001, 4.93734684E-002, 4.55907197E-002
 3.67500000E+000, 0.00000000E+000, 4.88487947E-001, 8.24964947E-002, 4.02985433E-002, 3.76919172E-002
 3.72500000E+000, 0.00000000E+000, 4.79859476E-001, 4.34846558E-002, 2.08665241E-002, 2.00455814E-002
 3.77500000E+000, 0.00000000E+000, 4.64557963E-001,-2.55159497E-002,-1.18536376E-002,-1.19545007E-002
 3.82500000E+000, 0.00000000E+000, 4.53489354E-001,-7.51125606E-002,-3.40627466E-002,-3.56179301E-002
 3.87500000E+000, 0.00000000E+000, 4.49156521E-001,-9.31313700E-002,-4.18305622E-002,-4.43748395E-002
 3.92500000E+000, 0.00000000E+000, 4.47698489E-001,-9.85015831E-002,-4.40990099E-002,-4.70099787E-002
 3.97500000E+000, 0.00000000E+000, 4.47236978E-001,-1.00736218E-001,-4.50529617E-002,-4.81012595E-002
 4.02500000E+000, 0.00000000E+000, 4.47361948E-001,-1.01989647E-001,-4.56262873E-002,-4.86929659E-002
 4.07500000E+000, 0.00000000E+000, 4.47894487E-001,-1.03970313E-001,-4.65677299E-002,-4.96090775E-002
 4.12500000E+000, 0.00000000E+000, 4.48513801E-001,-1.04750115E-001,-4.69818722E-002,-4.99466380E-002
 4.17500000E+000, 0.00000000E+000, 4.49048664E-001,-1.03081373E-001,-4.62885527E-002,-4.91216727E-002
 4.22500000E+000, 0.00000000E+000, 4.49467038E-001,-9.94747796E-002,-4.47106345E-002,-4.73809452E-002
 4.27500000E+000, 0.00000000E+000, 4.49947535E-001,-9.39956107E-002,-4.22930933E-002,-4.47472442E-002
 4.32500000E+000, 0.00000000E+000, 4.50663259E-001,-8.73137937E-002,-3.93491188E-002,-4.15333001E-002
 4.37500000E+000, 0.00000000E+000, 4.51713973E-001,-7.99050383E-002,-3.60942223E-002,-3.79648825E-002
 4.42500000E+000, 0.00000000E+000, 4.53133456E-001,-7.18940158E-002,-3.25775838E-002,-3.41051008E-002
 4.47500000E+000, 0.00000000E+000, 4.55050272E-001,-6.38320062E-002,-2.90467718E-002,-3.02167995E-002
 4.52500000E+000, 0.00000000E+000, 4.57428438E-001,-5.56840001E-002,-2.54714452E-002,-2.62910847E-002
 4.57500000E+000, 0.00000000E+000, 4.60051100E-001,-4.63449902E-002,-2.13210637E-002,-2.18192298E-002
 4.62500000E+000, 0.00000000E+000, 4.62675837E-001,-3.54161034E-002,-1.63861753E-002,-1.66265455E-002
 4.67500000E+000, 0.00000000E+000, 4.64844204E-001,-2.51337785E-002,-1.16832912E-002,-1.17718232E-002
 4.72500000E+000, 0.00000000E+000, 4.66641345E-001,-1.54230975E-002,-7.19705496E-003,-7.20974085E-003
 4.77500000E+000, 0.00000000E+000, 4.68239230E-001,-6.63606337E-003,-3.10726521E-003,-3.09682230E-003
 4.82500000E+000, 0.00000000E+000, 4.69834461E-001, 1.10586807E-003, 5.19574926E-004, 5.15193698E-004
 4.87500000E+000, 0.00000000E+000, 4.71502899E-001, 7.58776917E-003, 3.57765516E-003, 3.52867439E-003
 4.92500000E+000, 0.00000000E+000, 4.73218114E-001, 1.34208711E-002, 6.35099933E-003, 6.23002350E-003
 4.97500000E+000, 0.00000000E+000, 4.74908108E-001, 1.95176742E-002, 9.26910173E-003, 9.04404949E-003
 5.02500000E+000, 0.00000000E+000, 4.76376672E-001, 2.66514780E-002, 1.26961424E-002, 1.23306427E-002
 5.07500000E+000, 0.00000000E+000, 4.77720603E-001, 3.49474077E-002, 1.66950967E-002, 1.61461001E-002
 5.12500000E+000, 0.00000000E+000, 4.79173657E-001, 4.43856463E-002, 2.12684324E-002, 2.04755577E-002
 5.17500000E+000, 0.00000000E+000, 4.81123795E-001, 5.43432989E-002, 2.61458542E-002, 2.50182679E-002
 5.22500000E+000, 0.00000000E+000, 4.83734591E-001, 6.54222364E-002, 3.16469988E-002, 3.00373402E-002
 5.27500000E+000, 0.00000000E+000, 4.86184458E-001, 7.48174024E-002, 3.63750582E-002, 3.42642909E-002
 5.32500000E+000, 0.00000000E+000, 4.87925638E-001, 8.04974621E-002, 3.92767755E-002, 3.67997635E-002
 5.37500000E+000, 0.00000000E+000, 4.89138131E-001, 8.41610893E-002, 4.11663979E-002, 3.84268909E-002
 5.42500000E+000, 0.00000000E+000, 4.89833954E-001, 8.64705022E-002, 4.23561880E-002, 3.94532874E-002
 5.47500000E+000, 0.00000000E+000, 4.90230906E-001, 8.85539619E-002, 4.34118890E-002, 4.03875316E-002
 5.52500000E+000, 0.00000000E+000, 4.90294998E-001, 8.99316873E-002, 4.40930565E-002, 4.10132013E-002
 5.57500000E+000, 0.00000000E+000, 4.90249429E-001, 9.10949607E-002, 4.46592525E-002, 4.15456409E-002
 5.62500000E+000, 0.00000000E+000, 4.90022553E-001, 9.15545830E-002, 4.48638105E-002, 4.17649257E-002
 5.67500000E+000, 0.00000000E+000, 4.89733549E-001, 9.05367886E-002, 4.43389028E-002, 4.13128177E-002
 5.72500000E+000, 0.00000000E+000, 4.89167798E-001, 8.77580724E-002, 4.29284230E-002, 4.00680128E-002
 5.77500000E+000, 0.00000000E+000, 4.87851746E-001, 8.16356640E-002, 3.98261012E-002, 3.73229236E-002
 5.82500000E+000, 0.00000000E+000, 4.84963893E-001, 6.83604040E-002, 3.31523277E-002, 3.13465375E-002
 5.87500000E+000, 0.00000000E+000, 4.78978767E-001, 4.10510347E-002, 1.96625740E-002, 1.89411192E-002
 5.92500000E+000, 0.00000000E+000, 4.68220515E-001,-8.37705521E-003,-3.92230910E-003,-3.90936137E-003
 5.97500000E+000, 0.00000000E+000, 4.59393292E-001,-4.93660077E-002,-2.26784128E-002,-2.32581593E-002
 6.02500000E+000, 0.00000000E+000, 4.55866445E-001,-6.57065929E-002,-2.99534309E-002,-3.10763349E-002
 6.07500000E+000, 0.00000000E+000, 4.54513098E-001,-7.14197548E-002,-3.24612140E-002,-3.38286613E-002
 6.12500000E+000, 0.00000000E+000, 4.54032042E-001,-7.26933047E-002,-3.30050895E-002,-3.44501264E-002
 6.17500000E+000, 0.00000000E+000, 4.53838087E-001,-7.29529235E-002,-3.31088152E-002,-3.45805494E-002
 6.22500000E+000, 0.00000000E+000, 4.53881315E-001,-7.28160196E-002,-3.30498308E-002,-3.45140116E-002
 6.27500000E+000, 0.00000000E+000, 4.54176946E-001,-7.32987956E-002,-3.32906231E-002,-3.47315331E-002
 6.32500000E+000, 0.00000000E+000, 4.54659275E-001,-7.32483869E-002,-3.33030585E-002,-3.46892329E-002
 6.37500000E+000, 0.00000000E+000, 4.55061543E-001,-7.13555016E-002,-3.24711447E-002,-3.37778540E-002
 6.42500000E+000, 0.00000000E+000, 4.55444951E-001,-6.79617555E-002,-3.09528384E-002,-3.21577979E-002
 6.47500000E+000, 0.00000000E+000, 4.55931947E-001,-6.35195779E-002,-2.89606048E-002,-3.00398147E-002
 6.52500000E+000, 0.00000000E+000, 4.56664749E-001,-5.86024355E-002,-2.67616665E-002,-2.76921439E-002
 6.57500000E+000, 0.00000000E+000, 4.57673910E-001,-5.32460528E-002,-2.43693291E-002,-2.51332701E-002
 6.62500000E+000, 0.00000000E+000, 4.59044511E-001,-4.76072604E-002,-2.18538516E-002,-2.24380675E-002
 6.67500000E+000, 0.00000000E+000, 4.60755765E-001,-4.13058441E-002,-1.90319058E-002,-1.94319225E-002
 6.72500000E+000, 0.00000000E+000, 4.62693164E-001,-3.34767273E-002,-1.54894529E-002,-1.57157862E-002
 6.77500000E+000, 0.00000000E+000, 4.64647282E-001,-2.49322386E-002,-1.15846969E-002,-1.16799029E-002
 6.82500000E+000, 0.00000000E+000, 4.66166340E-001,-1.76548824E-002,-8.23011191E-003,-8.25722336E-003
 6.87500000E+000, 0.00000000E+000, 4.67450366E-001,-1.10377167E-002,-5.15958472E-003,-5.15526685E-003
 6.92500000E+000, 0.00000000E+000, 4.68626929E-001,-5.03218802E-003,-2.35821882E-003,-2.34737728E-003
 6.97500000E+000, 0.00000000E+000, 4.69820160E-001, 4.74368667E-004, 2.22867963E-004, 2.20998757E-004
 7.02500000E+000, 0.00000000E+000, 4.71043257E-001, 5.46938344E-003, 2.57631619E-003, 2.54476471E-003
 7.07500000E+000, 0.00000000E+000, 4.72332390E-001, 1.03593977E-002, 4.89307908E-003, 4.81338169E-003
 7.12500000E+000, 0.00000000E+000, 4.73612427E-001, 1.60091474E-002, 7.58213117E-003, 7.42841773E-003
 7.17500000E+000, 0.00000000E+000, 4.74957903E-001, 2.27091291E-002, 1.07858803E-002, 1.05223460E-002
 7.22500000E+000, 0.00000000E+000, 4.76579120E-001, 3.04709426E-002, 1.45218150E-002, 1.40947716E-002
 7.27500000E+000, 0.00000000E+000, 4.78577055E-001, 3.93942545E-002, 1.88531863E-002, 1.81843009E-002
 7.32500000E+000, 0.00000000E+000, 4.80165928E-001, 4.62389390E-002, 2.22023631E-002, 2.13084495E-002
 7.37500000E+000, 0.00000000E+000, 4.81232247E-001, 5.07611566E-002, 2.44279055E-002, 2.33665076E-002
 7.42500000E+000, 0.00000000E+000, 4.81938019E-001, 5.40430273E-002, 2.60453896E-002, 2.48590045E-002
 7.47500000E+000, 0.00000000E+000, 4.82335255E-001, 5.64291184E-002, 2.72177532E-002, 2.59458809E-002
 7.52500000E+000, 0.00000000E+000, 4.82525091E-001, 5.80847916E-002, 2.80273694E-002, 2.67018987E-002
 7.57500000E+000, 0.00000000E+000, 4.82618647E-001, 5.89911858E-002, 2.84702463E-002, 2.71159445E-002
 7.62500000E+000, 0.00000000E+000, 4.82706767E-001, 5.93022691E-002, 2.86256066E-002, 2.72564491E-002
 7.67500000E+000, 0.00000000E+000, 4.82814780E-001, 5.89378921E-002, 2.84560854E-002, 2.70859442E-002
 7.72500000E+000, 0.00000000E+000, 4.82902520E-001, 5.82531373E-002, 2.81305868E-002, 2.67688209E-002
 7.77500000E+000, 0.00000000E+000, 4.82832854E-001, 5.74077844E-002, 2.77183644E-002, 2.63822625E-002
 7.82500000E+000, 0.00000000E+000, 4.82543346E-001, 5.64468552E-002, 2.72380544E-002, 2.59484394E-002
 7.87500000E+000, 0.00000000E+000, 4.81969046E-001, 5.43876954E-002, 2.62131857E-002, 2.50167416E-002
 7.92500000E+000, 0.00000000E+000, 4.80893775E-001, 5.00254593E-002, 2.40569320E-002, 2.30359521E-002
 7.97500000E+000, 0.00000000E+000, 4.78945396E-001, 4.12845563E-002, 1.97730482E-002, 1.90495306E-002
 8.02500000E+000, 0.00000000E+000, 4.75426159E-001, 2.51545697E-002, 1.19591404E-002, 1.16497073E-002
 8.07500000E+000, 0.00000000E+000, 4.69602188E-001,-1.58784901E-003,-7.45657369E-004,-7.39918362E-004
 8.12500000E+000, 0.00000000E+000, 4.64906031E-001,-2.32527213E-002,-1.08103304E-002,-1.08900746E-002
 8.17500000E+000, 0.00000000E+000, 4.62841270E-001,-3.27790569E-002,-1.51715003E-002,-1.53857997E-002
 8.22500000E+000, 0.00000000E+000, 4.61976787E-001,-3.67178922E-002,-1.69628139E-002,-1.72507239E-002
 8.27500000E+000, 0.00000000E+000, 4.61628360E-001,-3.82606787E-002,-1.76622143E-002,-1.79823351E-002
 8.32500000E+000, 0.00000000E+000, 4.61507950E-001,-3.87633117E-002,-1.78895765E-002,-1.82209467E-002
 8.37500000E+000, 0.00000000E+000, 4.61485926E-001,-3.88597602E-002,-1.79332324E-002,-1.82667188E-002
 8.42500000E+000, 0.00000000E+000, 4.61509904E-001,-3.88818030E-002,-1.79443372E-002,-1.82766057E-002
 8.47500000E+000, 0.00000000E+000, 4.61553256E-001,-3.86584504E-002,-1.78429336E-002,-1.81707641E-002
 8.52500000E+000, 0.00000000E+000, 4.61595423E-001,-3.79231037E-002,-1.75051311E-002,-1.78243124E-002
 8.57500000E+000, 0.00000000E+000, 4.61719427E-001,-3.69719259E-002,-1.70706564E-002,-1.73749138E-002
 8.62500000E+000, 0.00000000E+000, 4.61955226E-001,-3.59003638E-002,-1.65843607E-002,-1.68670280E-002
 8.67500000E+000, 0.00000000E+000, 4.62308859E-001,-3.46667696E-002,-1.60267547E-002,-1.62812192E-002
 8.72500000E+000, 0.00000000E+000, 4.62762236E-001,-3.30729335E-002,-1.53049047E-002,-1.55250648E-002
 8.77500000E+000, 0.00000000E+000, 4.63263663E-001,-3.07395123E-002,-1.42404991E-002,-1.44219011E-002
 8.82500000E+000, 0.00000000E+000, 4.63874604E-001,-2.77798106E-002,-1.28863486E-002,-1.30247273E-002
 8.87500000E+000, 0.00000000E+000, 4.64625261E-001,-2.40991043E-002,-1.11970526E-002,-1.12898755E-002
 8.92500000E+000, 0.00000000E+000, 4.65595083E-001,-1.97136708E-002,-9.17858820E-003,-9.22577729E-003
 8.97500000E+000, 0.00000000E+000, 4.66823900E-001,-1.42734911E-002,-6.66320679E-003,-6.67103665E-003
 9.02500000E+000, 0.00000000E+000, 4.68373790E-001,-7.19727543E-003,-3.37101517E-003,-3.35823814E-003
 9.07500000E+000, 0.00000000E+000, 4.70243813E-001, 1.45399633E-003, 6.83732778E-004, 6.77082242E-004
 9.12500000E+000, 0.00000000E+000, 4.71659364E-001, 8.04477306E-003, 3.79439254E-003, 3.74058240E-003
 9.17500000E+000, 0.00000000E+000, 4.72609389E-001, 1.24554953E-002, 5.88658401E-003, 5.78561442E-003
 9.22500000E+000, 0.00000000E+000, 4.73280179E-001, 1.54884086E-002, 7.33035678E-003, 7.18931142E-003
 9.27500000E+000, 0.00000000E+000, 4.73767843E-001, 1.76184058E-002, 8.34703412E-003, 8.17379004E-003
 9.32500000E+000, 0.00000000E+000, 4.74100297E-001, 1.90579133E-002, 9.03536237E-003, 8.83852699E-003
 9.37500000E+000, 0.00000000E+000, 4.74318078E-001, 2.00426999E-002, 9.50661493E-003, 9.29310929E-003
 9.42500000E+000, 0.00000000E+000, 4.74441410E-001, 2.06435574E-002, 9.79415849E-003, 9.57046204E-003
 9.47500000E+000, 0.00000000E+000, 4.74509825E-001, 2.09855627E-002, 9.95785570E-003, 9.72831610E-003
 9.52500000E+000, 0.00000000E+000, 4.74547424E-001, 2.11414792E-002, 1.00326345E-002, 9.80020631E-003
 9.57500000E+000, 0.00000000E+000, 4.74561617E-001, 2.11479091E-002, 1.00359859E-002, 9.80304031E-003
 9.62500000E+000, 0.00000000E+000, 4.74573787E-001, 2.11066104E-002, 1.00166440E-002, 9.78377101E-003
 9.67500000E+000, 0.00000000E+000, 4.74566573E-001, 2.10274518E-002, 9.97892575E-003, 9.74715187E-003
 9.72500000E+000, 0.00000000E+000, 4.74554609E-001, 2.08281486E-002, 9.88409391E-003, 9.65488774E-003
 9.77500000E+000, 0.00000000E+000, 4.74505621E-001, 2.05530808E-002, 9.75255238E-003, 9.52787187E-003
 9.82500000E+000, 0.00000000E+000, 4.74383828E-001, 2.02277172E-002, 9.59570192E-003, 9.37824545E-003
 9.87500000E+000, 0.00000000E+000, 4.74182103E-001, 1.96830387E-002, 9.33334470E-003, 9.12765520E-003
 9.92500000E+000, 0.00000000E+000, 4.73896816E-001, 1.86184188E-002, 8.82320940E-003, 8.63655530E-003
 9.97500000E+000, 0.00000000E+000, 4.73514083E-001, 1.66232457E-002, 7.87134093E-003, 7.71416692E-003
 1.00250000E+001, 1.25000000E-003, 4.71668878E-001, 1.36138854E-002, 6.42124604E-003, 6.32999165E-003
 1.00750000E+001, 3.75000000E-003, 4.68224299E-001, 9.37980378E-003, 4.39185205E-003, 4.37730127E-003
 1.01250000E+001, 6.25000000E-003, 4.64450897E-001, 3.57304660E-003, 1.65950470E-003, 1.67420423E-003
 1.01750000E+001, 8.75000000E-003, 4.61157828E-001,-5.75024162E-005,-2.65176894E-005,-2.70396434E-005
 1.02250000E+001, 1.12500000E-002, 4.58326052E-001,-1.59448968E-003,-7.30796158E-004,-7.52097419E-004
 1.02750000E+001, 1.37500000E-002, 4.55699076E-001,-2.20993339E-003,-1.00706460E-003,-1.04539344E-003
 1.03250000E+001, 1.62500000E-002, 4.53155255E-001,-2.44537705E-003,-1.10813546E-003,-1.16001066E-003
 1.03750000E+001, 1.87500000E-002, 4.50641687E-001,-2.53422804E-003,-1.14202880E-003,-1.20550681E-003
 1.04250000E+001, 2.12500000E-002, 4.48143527E-001,-2.55320867E-003,-1.14420394E-003,-1.21791620E-003
 1.04750000E+001, 2.37500000E-002, 4.45653805E-001,-2.54628081E-003,-1.13475973E-003,-1.21799960E-003
 1.05250000E+001, 2.62500000E-002, 4.43177600E-001,-2.46745141E-003,-1.09351920E-003,-1.18358477E-003
 1.05750000E+001, 2.87500000E-002, 4.40722673E-001,-2.25543386E-003,-9.94020841E-004,-1.08489338E-003
 1.06250000E+001, 3.12500000E-002, 4.38298568E-001,-1.87788698E-003,-8.23075174E-004,-9.05782828E-004
 1.06750000E+001, 3.37500000E-002, 4.35917356E-001,-1.32554327E-003,-5.77827317E-004,-6.41108429E-004
 1.07250000E+001, 3.62500000E-002, 4.33589871E-001,-5.71545628E-004,-2.47816395E-004,-2.77173050E-004
 1.07750000E+001, 3.87500000E-002, 4.31305817E-001, 4.69056933E-004, 2.02306983E-004, 2.28072310E-004
 1.08250000E+001, 4.12500000E-002, 4.29052435E-001, 1.60344937E-003, 6.87963856E-004, 7.81699301E-004
 1.08750000E+001, 4.37500000E-002, 4.26762921E-001, 2.62015594E-003, 1.11818540E-003, 1.28077682E-003
 1.09250000E+001, 4.62500000E-002, 4.24388424E-001, 3.26013963E-003, 1.38356552E-003, 1.59806373E-003
 1.09750000E+001, 4.87500000E-002, 4.21902092E-001, 3.46198966E-003, 1.46062068E-003, 1.70200012E-003
 1.10250000E+001, 5.12500000E-002, 4.19373393E-001, 3.32660005E-003, 1.39508755E-003, 1.64036242E-003
 1.10750000E+001, 5.37500000E-002, 4.16813508E-001, 3.02561918E-003, 1.26111894E-003, 1.49652174E-003
 1.11250000E+001, 5.62500000E-002, 4.14216634E-001, 2.54530478E-003, 1.05430758E-003, 1.26289047E-003
 1.11750000E+001, 5.87500000E-002, 4.11564518E-001, 1.81554816E-003, 7.47215203E-004, 9.03708712E-004
 1.12250000E+001, 6.12500000E-002, 4.08829663E-001, 6.05509372E-004, 2.47550193E-004, 3.02405251E-004
 1.12750000E+001, 6.37500000E-002, 4.05930027E-001,-1.32784633E-003,-5.39012695E-004,-6.65521189E-004
 1.13250000E+001, 6.62500000E-002, 4.02781895E-001,-4.54947958E-003,-1.83244800E-003,-2.28910866E-003
 1.13750000E+001, 6.87500000E-002, 3.99251184E-001,-9.70383339E-003,-3.87426696E-003,-4.90410640E-003
 1.14250000E+001, 7.12500000E-002, 3.95454303E-001,-1.61949212E-002,-6.40435128E-003,-8.22375844E-003
 1.14750000E+001, 7.37500000E-002, 3.92206292E-001,-1.99831410E-002,-7.83751361E-003,-1.01893418E-002
 1.15250000E+001, 7.62500000E-002, 3.89354655E-001,-2.18120158E-002,-8.49260987E-003,-1.11625335E-002
 1.15750000E+001, 7.87500000E-002, 3.86701211E-001,-2.26743174E-002,-8.76818598E-003,-1.16435688E-002
 1.16250000E+001, 8.12500000E-002, 3.84150315E-001,-2.30500995E-002,-8.85470297E-003,-1.18757724E-002
 1.16750000E+001, 8.37500000E-002, 3.81645094E-001,-2.32169451E-002,-8.86063320E-003,-1.20009297E-002
 1.17250000E+001, 8.62500000E-002, 3.79163476E-001,-2.32759797E-002,-8.82540137E-003,-1.20707535E-002
 1.17750000E+001, 8.87500000E-002, 3.76699150E-001,-2.32705356E-002,-8.76599099E-003,-1.21073394E-002
 1.18250000E+001, 9.12500000E-002, 3.74259577E-001,-2.31299908E-002,-8.65662059E-003,-1.20733741E-002
 1.18750000E+001, 9.37500000E-002, 3.71865029E-001,-2.27237975E-002,-8.45018562E-003,-1.18994777E-002
 1.19250000E+001, 9.62500000E-002, 3.69523704E-001,-2.19960289E-002,-8.12805407E-003,-1.15548095E-002
 1.19750000E+001, 9.87500000E-002, 3.67232859E-001,-2.09839897E-002,-7.70601052E-003,-1.10575002E-002
 1.20250000E+001, 1.01250000E-001, 3.64986219E-001,-1.97592244E-002,-7.21184460E-003,-1.04441071E-002
 1.20750000E+001, 1.03750000E-001, 3.62782491E-001,-1.83416775E-002,-6.65403946E-003,-9.72423742E-003
 1.21250000E+001, 1.06250000E-001, 3.60633015E-001,-1.66612303E-002,-6.00858970E-003,-8.85959734E-003
 1.21750000E+001, 1.08750000E-001, 3.58563644E-001,-1.45701657E-002,-5.22433170E-003,-7.77000006E-003
 1.22250000E+001, 1.11250000E-001, 3.56611885E-001,-1.18704958E-002,-4.23315986E-003,-6.34761546E-003
 1.22750000E+001, 1.13750000E-001, 3.54823481E-001,-8.30561306E-003,-2.94702654E-003,-4.45251281E-003
 1.23250000E+001, 1.16250000E-001, 3.53247008E-001,-3.54920858E-003,-1.25374731E-003,-1.90691763E-003
 1.23750000E+001, 1.18750000E-001, 3.51941392E-001, 2.69146957E-003, 9.47239545E-004, 1.44875170E-003
 1.24250000E+001, 1.21250000E-001, 3.50947554E-001, 1.07250978E-002, 3.76394683E-003, 5.78122415E-003
 1.24750000E+001, 1.23750000E-001, 3.50258146E-001, 2.06207905E-002, 7.22259986E-003, 1.11263021E-002
 1.25250000E+001, 1.26250000E-001, 3.49858948E-001, 3.18249206E-002, 1.11342332E-002, 1.71814770E-002
 1.25750000E+001, 1.28750000E-001, 3.49443255E-001, 4.26303994E-002, 1.48969055E-002, 2.30287693E-002
 1.26250000E+001, 1.31250000E-001, 3.48623303E-001, 5.15846494E-002, 1.79836108E-002, 2.78985695E-002
 1.26750000E+001, 1.33750000E-001, 3.47088219E-001, 5.70269709E-002, 1.97933898E-002, 3.09100727E-002
 1.27250000E+001, 1.36250000E-001, 3.44675365E-001, 5.86110476E-002, 2.02017842E-002, 3.18796849E-002
 1.27750000E+001, 1.38750000E-001, 3.41907413E-001, 5.75306098E-002, 1.96701419E-002, 3.14184226E-002
 1.28250000E+001, 1.41250000E-001, 3.38891657E-001, 5.50412709E-002, 1.86530275E-002, 3.01924025E-002
 1.28750000E+001, 1.43750000E-001, 3.35617241E-001, 5.12155870E-002, 1.71888340E-002, 2.82305723E-002
 1.29250000E+001, 1.46250000E-001, 3.32022925E-001, 4.55168445E-002, 1.51126359E-002, 2.52248022E-002
 1.29750000E+001, 1.48750000E-001, 3.27827349E-001, 3.64922601E-002, 1.19631609E-002, 2.03525031E-002
 1.30250000E+001, 1.51250000E-001, 3.22448102E-001, 2.08697929E-002, 6.72942513E-003, 1.17362104E-002
 1.30750000E+001, 1.53750000E-001, 3.15009409E-001,-6.58345347E-003,-2.07384979E-003,-3.74568857E-003
 1.31250000E+001, 1.56250000E-001, 3.05929733E-001,-4.37674100E-002,-1.33897521E-002,-2.52685116E-002
 1.31750000E+001, 1.58750000E-001, 2.99853481E-001,-6.44829878E-002,-1.93354484E-002,-3.76036726E-002
 1.32250000E+001, 1.61250000E-001, 2.95941773E-001,-7.30275168E-002,-2.16118928E-002,-4.28669965E-002
 1.32750000E+001, 1.63750000E-001, 2.92961455E-001,-7.62685371E-002,-2.23437416E-002,-4.49966139E-002
 1.33250000E+001, 1.66250000E-001, 2.90373016E-001,-7.72769988E-002,-2.24391552E-002,-4.57943372E-002
 1.33750000E+001, 1.68750000E-001, 2.87958777E-001,-7.74472459E-002,-2.23016142E-002,-4.60872162E-002
 1.34250000E+001, 1.71250000E-001, 2.85651746E-001,-7.69845589E-002,-2.19907737E-002,-4.59965059E-002
 1.34750000E+001, 1.73750000E-001, 2.83542802E-001,-7.52458801E-002,-2.13354277E-002,-4.51245695E-002
 1.35250000E+001, 1.76250000E-001, 2.81687970E-001,-7.18681808E-002,-2.02444020E-002,-4.32406447E-002
 1.35750000E+001, 1.78750000E-001, 2.80069016E-001,-6.70005456E-002,-1.87647769E-002,-4.04282986E-002
 1.36250000E+001, 1.81250000E-001, 2.78623257E-001,-6.10876470E-002,-1.70204392E-002,-3.69559502E-002
 1.36750000E+001, 1.83750000E-001, 2.77289419E-001,-5.45342003E-002,-1.51217567E-002,-3.30705912E-002
 1.37250000E+001, 1.86250000E-001, 2.76042624E-001,-4.74810632E-002,-1.31067973E-002,-2.88583848E-002
 1.37750000E+001, 1.88750000E-001, 2.74896156E-001,-3.97734755E-002,-1.09335755E-002,-2.42241679E-002
 1.38250000E+001, 1.91250000E-001, 2.73881245E-001,-3.11611148E-002,-8.53444494E-003,-1.90139128E-002
 1.38750000E+001, 1.93750000E-001, 2.73023438E-001,-2.15140506E-002,-5.87384007E-003,-1.31480661E-002
 1.39250000E+001, 1.96250000E-001, 2.72298243E-001,-1.08397007E-002,-2.95163145E-003,-6.63337468E-003
 1.39750000E+001, 1.98750000E-001, 2.71667376E-001, 1.52234425E-004, 4.13571268E-005, 9.32682408E-005
 1.40250000E+001, 2.01250000E-001, 2.70955506E-001, 1.07371150E-002, 2.90928044E-003, 6.58685760E-003
 1.40750000E+001, 2.03750000E-001, 2.70012003E-001, 2.01073932E-002, 5.42923752E-003, 1.23567396E-002
 1.41250000E+001, 2.06250000E-001, 2.68717156E-001, 2.75663216E-002, 7.40754356E-003, 1.69812940E-002
 1.41750000E+001, 2.08750000E-001, 2.67028933E-001, 3.27129746E-002, 8.73531069E-003, 2.02153160E-002
 1.42250000E+001, 2.11250000E-001, 2.64963232E-001, 3.59275506E-002, 9.51947994E-003, 2.22881726E-002
 1.42750000E+001, 2.13750000E-001, 2.62801021E-001, 3.79310872E-002, 9.96832845E-003, 2.36276987E-002
 1.43250000E+001, 2.16250000E-001, 2.60776926E-001, 4.08363785E-002, 1.06491853E-002, 2.55359664E-002
 1.43750000E+001, 2.18750000E-001, 2.59092148E-001, 4.60093722E-002, 1.19206671E-002, 2.88641545E-002
 1.44250000E+001, 2.21250000E-001, 2.57924999E-001, 5.44720389E-002, 1.40497006E-002, 3.42504728E-002
 1.44750000E+001, 2.23750000E-001, 2.57351186E-001, 6.73161803E-002, 1.73238988E-002, 4.23736657E-002
 1.45250000E+001, 2.26250000E-001, 2.57084543E-001, 7.94637489E-002, 2.04289015E-002, 5.00461561E-002
 1.45750000E+001, 2.28750000E-001, 2.55272029E-001, 8.68790460E-002, 2.21777904E-002, 5.49102078E-002
 1.46250000E+001, 2.31250000E-001, 2.51622014E-001, 8.04017553E-002, 2.02308516E-002, 5.11836051E-002
 1.46750000E+001, 2.33750000E-001, 2.44468273E-001, 5.19019683E-002, 1.26883846E-002, 3.35206348E-002
 1.47250000E+001, 2.36250000E-001, 2.31265007E-001,-1.74559490E-002,-4.03695017E-003,-1.15911937E-002
 1.47750000E+001, 2.38750000E-001, 2.17889277E-001,-9.00243563E-002,-1.96153419E-002,-6.15859656E-002
 1.48250000E+001, 2.41250000E-001, 2.12001144E-001,-1.14099185E-001,-2.41891578E-002,-7.91321743E-002
 1.48750000E+001, 2.43750000E-001, 2.09172990E-001,-1.18449800E-001,-2.47764989E-002,-8.27029858E-002
 1.49250000E+001, 2.46250000E-001, 2.07287700E-001,-1.15532275E-001,-2.39484197E-002,-8.10319367E-002
 1.49750000E+001, 2.48750000E-001, 2.06306407E-001,-1.05391605E-001,-2.17429633E-002,-7.40950711E-002
 1.50250000E+001, 2.51250000E-001, 2.06070185E-001,-8.97552588E-002,-1.84958827E-002,-6.31381688E-002
 1.50750000E+001, 2.53750000E-001, 2.06100514E-001,-7.34398084E-002,-1.51359823E-002,-5.16572944E-002
 1.51250000E+001, 2.56250000E-001, 2.05899774E-001,-5.82711180E-002,-1.19980100E-002,-4.10076682E-002
 1.51750000E+001, 2.58750000E-001, 2.05354968E-001,-4.51597168E-002,-9.27377217E-003,-3.18227906E-002
 1.52250000E+001, 2.61250000E-001, 2.04499404E-001,-3.40688080E-002,-6.96705093E-003,-2.40575044E-002
 1.52750000E+001, 2.63750000E-001, 2.03409612E-001,-2.45686230E-002,-4.99749407E-003,-1.73954128E-002
 1.53250000E+001, 2.66250000E-001, 2.02123606E-001,-1.63735488E-002,-3.30948073E-003,-1.16298458E-002
 1.53750000E+001, 2.68750000E-001, 2.00631779E-001,-9.45086592E-003,-1.89614405E-003,-6.73769579E-003
 1.54250000E+001, 2.71250000E-001, 1.98926195E-001,-3.93948397E-003,-7.83666558E-004,-2.82054484E-003
 1.54750000E+001, 2.73750000E-001, 1.97012242E-001, 3.51287272E-004, 6.92078931E-005, 2.52729226E-004
 1.55250000E+001, 2.76250000E-001, 1.95077237E-001, 4.05134863E-003, 7.90325897E-004, 2.92911199E-003
 1.55750000E+001, 2.78750000E-001, 1.93254041E-001, 8.75520997E-003, 1.69197971E-003, 6.35977765E-003
 1.56250000E+001, 2.81250000E-001, 1.91665667E-001, 1.54062353E-002, 2.95284637E-003, 1.12373530E-002
 1.56750000E+001, 2.83750000E-001, 1.90351106E-001, 2.42222514E-002, 4.61073234E-003, 1.77286825E-002
 1.57250000E+001, 2.86250000E-001, 1.89244498E-001, 3.47316048E-002, 6.57276512E-003, 2.54948745E-002
 1.57750000E+001, 2.88750000E-001, 1.88258943E-001, 4.59103610E-002, 8.64303601E-003, 3.37887837E-002
 1.58250000E+001, 2.91250000E-001, 1.87256056E-001, 5.68667267E-002, 1.06486390E-002, 4.19642971E-002
 1.58750000E+001, 2.93750000E-001, 1.86110710E-001, 6.70456605E-002, 1.24779155E-002, 4.96277572E-002
 1.59250000E+001, 2.96250000E-001, 1.84658332E-001, 7.45689984E-002, 1.37697869E-002, 5.54132362E-002
 1.59750000E+001, 2.98750000E-001, 1.82190290E-001, 7.72511830E-002, 1.40744154E-002, 5.77939241E-002
 1.60250000E+001, 3.01250000E-001, 1.78754926E-001, 7.08941757E-002, 1.26726831E-002, 5.35452816E-002
 1.60750000E+001, 3.03750000E-001, 1.73071087E-001, 4.80540435E-002, 8.31676554E-003, 3.68856410E-002
 1.61250000E+001, 3.06250000E-001, 1.63482066E-001,-6.68587784E-003,-1.09302112E-003,-5.28035397E-003
 1.61750000E+001, 3.08750000E-001, 1.53074390E-001,-6.98159069E-002,-1.06870273E-002,-5.69826673E-002
 1.62250000E+001, 3.11250000E-001, 1.48168502E-001,-9.04317288E-002,-1.33991338E-002,-7.50209479E-002
 1.62750000E+001, 3.13750000E-001, 1.45727210E-001,-9.26820096E-002,-1.35062907E-002,-7.75291058E-002
 1.63250000E+001, 3.16250000E-001, 1.44158142E-001,-8.59461332E-002,-1.23898349E-002,-7.22847049E-002
 1.63750000E+001, 3.18750000E-001, 1.43518000E-001,-7.00684308E-002,-1.00560811E-002,-5.90620971E-002
 1.64250000E+001, 3.21250000E-001, 1.43294733E-001,-5.32550953E-002,-7.63117468E-003,-4.49247542E-002
 1.64750000E+001, 3.23750000E-001, 1.42493008E-001,-3.99888266E-002,-5.69812820E-003,-3.38284066E-002
 1.65250000E+001, 3.26250000E-001, 1.40762614E-001,-3.31948579E-002,-4.67259497E-003,-2.82531459E-002
 1.65750000E+001, 3.28750000E-001, 1.38320484E-001,-3.24974628E-002,-4.49506479E-003,-2.79026765E-002
 1.66250000E+001, 3.31250000E-001, 1.35900139E-001,-3.30912470E-002,-4.49710507E-003,-2.86643991E-002
 1.66750000E+001, 3.33750000E-001, 1.33784863E-001,-3.05984840E-002,-4.09361398E-003,-2.67138252E-002
 1.67250000E+001, 3.36250000E-001, 1.32197255E-001,-2.29096565E-002,-3.02859370E-003,-2.01208821E-002
 1.67750000E+001, 3.38750000E-001, 1.31146992E-001,-1.02697983E-002,-1.34685315E-003,-9.05570786E-003
 1.68250000E+001, 3.41250000E-001, 1.30434163E-001, 5.58528771E-003, 7.28512330E-004, 4.93843714E-003
 1.68750000E+001, 3.43750000E-001, 1.29838091E-001, 2.18956691E-002, 2.84289188E-003, 1.94042481E-002
 1.69250000E+001, 3.46250000E-001, 1.29078104E-001, 3.73020751E-002, 4.81488112E-003, 3.31547962E-002
 1.69750000E+001, 3.48750000E-001, 1.28035773E-001, 5.06878164E-002, 6.48985378E-003, 4.52353106E-002
 1.70250000E+001, 3.51250000E-001, 1.26713384E-001, 6.18745343E-002, 7.84033165E-003, 5.55060544E-002
 1.70750000E+001, 3.53750000E-001, 1.25208639E-001, 7.15176534E-002, 8.95462802E-003, 6.45410116E-002
 1.71250000E+001, 3.56250000E-001, 1.23547143E-001, 7.89331078E-002, 9.75195998E-003, 7.17104598E-002
 1.71750000E+001, 3.58750000E-001, 1.21095878E-001, 8.23477986E-002, 9.97197901E-003, 7.55660935E-002
 1.72250000E+001, 3.61250000E-001, 1.17743890E-001, 7.57690389E-002, 8.92134140E-003, 7.05118724E-002
 1.72750000E+001, 3.63750000E-001, 1.12361623E-001, 5.02644049E-002, 5.64779013E-003, 4.78840859E-002
 1.73250000E+001, 3.66250000E-001, 1.03769888E-001,-8.17330864E-003,-8.48143326E-004,-8.10217992E-003
 1.73750000E+001, 3.68750000E-001, 9.61185583E-002,-6.04524304E-002,-5.81060046E-003,-6.22658327E-002
 1.74250000E+001, 3.71250000E-001, 9.23434095E-002,-7.50900915E-002,-6.93407507E-003,-7.89076918E-002
 1.74750000E+001, 3.73750000E-001, 8.99896476E-002,-7.60417008E-002,-6.84296585E-003,-8.09459650E-002
 1.75250000E+001, 3.76250000E-001, 8.80718730E-002,-7.07351261E-002,-6.22977504E-003,-7.61125328E-002
 1.75750000E+001, 3.78750000E-001, 8.65305521E-002,-6.15862232E-002,-5.32908990E-003,-6.68557081E-002
 1.76250000E+001, 3.81250000E-001, 8.50364907E-002,-5.22668932E-002,-4.44459318E-003,-5.72352626E-002
 1.76750000E+001, 3.83750000E-001, 8.35543223E-002,-4.28899755E-002,-3.58364284E-003,-4.73817390E-002
 1.77250000E+001, 3.86250000E-001, 8.22215956E-002,-3.12701330E-002,-2.57108023E-003,-3.48238223E-002
 1.77750000E+001, 3.88750000E-001, 8.11657031E-002,-1.58269181E-002,-1.28460293E-003,-1.77398415E-002
 1.78250000E+001, 3.91250000E-001, 8.03579153E-002, 2.96663179E-003, 2.38392346E-004, 3.34186555E-003
 1.78750000E+001, 3.93750000E-001, 7.96844214E-002, 2.32143734E-002, 1.84982392E-003, 2.62609186E-002
 1.79250000E+001, 3.96250000E-001, 7.89563958E-002, 4.32566249E-002, 3.41538720E-003, 4.91585010E-002
 1.79750000E+001, 3.98750000E-001, 7.80136660E-002, 6.16982957E-002, 4.81331024E-003, 7.05387051E-002
 1.80250000E+001, 4.01250000E-001, 7.67733174E-002, 7.75724369E-002, 5.95549332E-003, 8.94009101E-002
 1.80750000E+001, 4.03750000E-001, 7.52327126E-002, 9.06978420E-002, 6.82344468E-003, 1.05592544E-001
 1.81250000E+001, 4.06250000E-001, 7.34564391E-002, 1.01771559E-001, 7.47577632E-003, 1.19908826E-001
 1.81750000E+001, 4.08750000E-001, 7.16060647E-002, 1.11844795E-001, 8.00876563E-003, 1.33469039E-001
 1.82250000E+001, 4.11250000E-001, 6.98057265E-002, 1.23116864E-001, 8.59426214E-003, 1.48802997E-001
 1.82750000E+001, 4.13750000E-001, 6.81705841E-002, 1.37133028E-001, 9.34843863E-003, 1.67719368E-001
 1.83250000E+001, 4.16250000E-001, 6.67493231E-002, 1.54505537E-001, 1.03131400E-002, 1.90967856E-001
 1.83750000E+001, 4.18750000E-001, 6.55365634E-002, 1.75585266E-001, 1.15072549E-002, 2.19021069E-001
 1.84250000E+001, 4.21250000E-001, 6.45724421E-002, 1.99695849E-001, 1.28948486E-002, 2.50948781E-001
 1.84750000E+001, 4.23750000E-001, 6.33833890E-002, 2.21300301E-001, 1.40267631E-002, 2.80694521E-001
 1.85250000E+001, 4.26250000E-001, 6.05104477E-002, 2.28489565E-001, 1.38260058E-002, 2.96613453E-001
 1.85750000E+001, 4.28750000E-001, 5.55975599E-002, 2.05867007E-001, 1.14457033E-002, 2.78803707E-001
 1.86250000E+001, 4.31250000E-001, 4.70955357E-002, 1.27473711E-001, 6.00344270E-003, 1.87573040E-001
 1.86750000E+001, 4.33750000E-001, 3.84628806E-002, 3.61314528E-002, 1.38971975E-003, 5.88307221E-002
 1.87250000E+001, 4.36250000E-001, 3.42099355E-002, 7.79822679E-003, 2.66776835E-004, 1.34635440E-002
 1.87750000E+001, 4.38750000E-001, 3.13371115E-002, 1.53384564E-003, 4.80662918E-005, 2.76688961E-003
 1.88250000E+001, 4.41250000E-001, 2.87656485E-002, 2.87240386E-004, 8.26265599E-006, 5.40814188E-004
 1.88750000E+001, 4.43750000E-001, 2.62526785E-002, 5.14654206E-005, 1.35110514E-006, 1.01430455E-004
 1.89250000E+001, 4.46250000E-001, 2.37504353E-002, 8.79701435E-006, 2.08932920E-007, 1.82280064E-005
 1.89750000E+001, 4.48750000E-001, 2.12500668E-002, 1.42805204E-006, 3.03462012E-008, 3.12826505E-006
 1.90250000E+001, 4.51250000E-001, 1.87500096E-002, 2.18982973E-007, 4.10593284E-009, 5.10680481E-007
 1.90750000E+001, 4.53750000E-001, 1.62500013E-002, 3.15215942E-008, 5.12225946E-010, 7.89625441E-008
 1.91250000E+001, 4.56250000E-001, 1.37500002E-002, 4.22765776E-009, 5.81302949E-011, 1.15129901E-008
 1.91750000E+001, 4.58750000E-001, 1.12500000E-002, 5.23571275E-010, 5.89017686E-012, 1.57630121E-009
 1.92250000E+001, 4.61250000E-001, 8.75000000E-003, 5.92274941E-011, 5.18240573E-013, 2.02189682E-010
 1.92750000E+001, 4.63750000E-001, 6.25000000E-003, 6.05182727E-012, 3.78239205E-014, 2.44447823E-011
 1.93250000E+001, 4.66250000E-001, 3.75000000E-003, 5.33436495E-013, 2.00038686E-015, 2.78167732E-012
 1.93750000E+001, 4.68750000E-001, 1.25000000E-003, 4.43170695E-014, 5.53963368E-017, 4.00272438E-013
 1.94250000E+001, 4.71250000E-001, 0.00000000E+000, 0.00000000E+000, 0.00000000E+000, 0.00000000E+000
 1.94750000E+001, 4.73750000E-001, 0.00000000E+000, 0.00000000E+000, 0.00000000E+000, 0.00000000E+000
 1.95250000E+001, 4.76250000E-001, 0.00000000E+000, 0.00000000E+000, 0.00000000E+000, 0.00000000E+000
 1.95750000E+001, 4.78750000E-001, 0.00000000E+000, 0.00000000E+000, 0.00000000E+000, 0.00000000E+000
 1.96250000E+001, 4.81250000E-001, 0.00000000E+000, 0.00000000E+000, 0.00000000E+000, 0.00000000E+000
 1.96750000E+001, 4.83750000E-001, 0.00000000E+000, 0.00000000E+000, 0.00000000E+000, 0.00000000E+000
 1.97250000E+001, 4.86250000E-001, 0.00000000E+000, 0.00000000E+000, 0.00000000E+000, 0.00000000E+000
 1.97750000E+001, 4.88750000E-001, 0.00000000E+000, 0.00000000E+000, 0.00000000E+000, 0.00000000E+000
 1.98250000E+001, 4.91250000E-001, 0.00000000E+000, 0.00000000E+000, 0.00000000E+000, 0.00000000E+000
 1.98750000E+001, 4.93750000E-001, 0.00000000E+000, 0.00000000E+000, 0.00000000E+000, 0.00000000E+000
 1.99250000E+001, 4.96250000E-001, 0.00000000E+000, 0.00000000E+000, 0.00000000E+000, 0.00000000E+000
 1.99750000E+001, 4.98750000E-001, 0.00000000E+000, 0.00000000E+000, 0.00000000E+000, 0.00000000E+000
 2.00250000E+001, 5.01250000E-001, 0.00000000E+000, 0.00000000E+000, 0.00000000E+000, 0.00000000E+000
 2.00750000E+001, 5.03750000E-001, 0.00000000E+000, 0.00000000E+000, 0.00000000E+000, 0.00000000E+000
 2.01250000E+001, 5.06250000E-001, 0.00000000E+000, 0.00000000E+000, 0.00000000E+000, 0.00000000E+000
 2.01750000E+001, 5.08750000E-001, 0.00000000E+000, 0.00000000E+000, 0.00000000E+000, 0.00000000E+000
 2.02250000E+001, 5.11250000E-001, 0.00000000E+000, 0.00000000E+000, 0.00000000E+000, 0.00000000E+000
 2.02750000E+001, 5.13750000E-001, 0.00000000E+000, 0.00000000E+000, 0.00000000E+000, 0.00000000E+000
 2.03250000E+001, 5.16250000E-001, 0.00000000E+000, 0.00000000E+000, 0.00000000E+000, 0.00000000E+000
 2.03750000E+001, 5.18750000E-001, 0.00000000E+000, 0.00000000E+000, 0.00000000E+000, 0.00000000E+000
 2.04250000E+001, 5.21250000E-001, 0.00000000E+000, 0.00000000E+000, 0.00000000E+000, 0.00000000E+000
 2.04750000E+001, 5.23750000E-001, 0.00000000E+000, 0.00000000E+000, 0.00000000E+000, 0.00000000E+000
 2.05250000E+001, 5.26250000E-001, 0.00000000E+000, 0.00000000E+000, 0.00000000E+000, 0.00000000E+000
 2.05750000E+001, 5.28750000E-001, 0.00000000E+000, 0.00000000E+000, 0.00000000E+000, 0.00000000E+000
 2.06250000E+001, 5.31250000E-001, 0.00000000E+000, 0.00000000E+000, 0.00000000E+000, 0.00000000E+000
 2.06750000E+001, 5.33750000E-001, 0.00000000E+000, 0.00000000E+000, 0.00000000E+000, 0.00000000E+000
 2.07250000E+001, 5.36250000E-001, 0.00000000E+000, 0.00000000E+000, 0.00000000E+000, 0.00000000E+000
 2.07750000E+001, 5.38750000E-001, 0.00000000E+000, 0.00000000E+000, 0.00000000E+000, 0.00000000E+000
 2.08250000E+001, 5.41250000E-001, 0.00000000E+000, 0.00000000E+000, 0.00000000E+000, 0.00000000E+000
 2.08750000E+001, 5.43750000E-001, 0.00000000E+000, 0.00000000E+000, 0.00000000E+000, 0.00000000E+000
 2.09250000E+001, 5.46250000E-001, 0.00000000E+000, 0.00000000E+000, 0.00000000E+000, 0.00000000E+000
 2.09750000E+001, 5.48750000E-001, 0.00000000E+000, 0.00000000E+000, 0.00000000E+000, 0.00000000E+000
 2.10250000E+001, 5.51250000E-001, 0.00000000E+000, 0.00000000E+000, 0.00000000E+000, 0.00000000E+000
 2.10750000E+001, 5.53750000E-001, 0.00000000E+000, 0.00000000E+000, 0.00000000E+000, 0.00000000E+000
 2.11250000E+001, 5.56250000E-001, 0.00000000E+000, 0.00000000E+000, 0.00000000E+000, 0.00000000E+000
 2.11750000E+001, 5.58750000E-001, 0.00000000E+000, 0.00000000E+000, 0.00000000E+000, 0.00000000E+000
 2.12250000E+001, 5.61250000E-001, 0.00000000E+000, 0.00000000E+000, 0.00000000E+000, 0.00000000E+000
 2.12750000E+001, 5.63750000E-001, 0.00000000E+000, 0.00000000E+000, 0.00000000E+000, 0.00000000E+000
 2.13250000E+001, 5.66250000E-001, 0.00000000E+000, 0.00000000E+000, 0.00000000E+000, 0.00000000E+000
 2.13750000E+001, 5.68750000E-001, 0.00000000E+000, 0.00000000E+000, 0.00000000E+000, 0.00000000E+000
 2.14250000E+001, 5.71250000E-001, 0.00000000E+000, 0.00000000E+000, 0.00000000E+000, 0.00000000E+000
 2.14750000E+001, 5.73750000E-001, 0.00000000E+000, 0.00000000E+000, 0.00000000E+000, 0.00000000E+000
 2.15250000E+001, 5.76250000E-001, 0.00000000E+000, 0.00000000E+000, 0.00000000E+000, 0.00000000E+000
 2.15750000E+001, 5.78750000E-001, 0.00000000E+000, 0.00000000E+000, 0.00000000E+000, 0.00000000E+000
 2.16250000E+001, 5.81250000E-001, 0.00000000E+000, 0.00000000E+000, 0.00000000E+000, 0.00000000E+000
 2.16750000E+001, 5.83750000E-001, 0.00000000E+000, 0.00000000E+000, 0.00000000E+000, 0.00000000E+000
 2.17250000E+001, 5.86250000E-001, 0.00000000E+000, 0.00000000E+000, 0.00000000E+000, 0.00000000E+000
 2.17750000E+001, 5.88750000E-001, 0.00000000E+000, 0.00000000E+000, 0.00000000E+000, 0.00000000E+000
 2.18250000E+001, 5.91250000E-001, 0.00000000E+000, 0.00000000E+000, 0.00000000E+000, 0.00000000E+000
 2.18750000E+001, 5.93750000E-001, 0.00000000E+000, 0.00000000E+000, 0.00000000E+000, 0.00000000E+000
 2.19250000E+001, 5.96250000E-001, 0.00000000E+000, 0.00000000E+000, 0.00000000E+000, 0.00000000E+000
 2.19750000E+001, 5.98750000E-001, 0.00000000E+000, 0.00000000E+000, 0.00000000E+000, 0.00000000E+000
 2.20250000E+001, 6.01250000E-001, 0.00000000E+000, 0.00000000E+000, 0.00000000E+000, 0.00000000E+000
 2.20750000E+001, 6.03750000E-001, 0.00000000E+000, 0.00000000E+000, 0.00000000E+000, 0.00000000E+000
 2.21250000E+001, 6.06250000E-001, 0.00000000E+000, 0.00000000E+000, 0.00000000E+000, 0.00000000E+000
 2.21750000E+001, 6.08750000E-001, 0.00000000E+000, 0.00000000E+000, 0.00000000E+000, 0.00000000E+000
 2.22250000E+001, 6.11250000E-001, 0.00000000E+000, 0.00000000E+000, 0.00000000E+000, 0.00000000E+000
 2.22750000E+001, 6.13750000E-001, 0.00000000E+000, 0.00000000E+000, 0.00000000E+000, 0.00000000E+000
 2.23250000E+001, 6.16250000E-001, 0.00000000E+000, 0.00000000E+000, 0.00000000E+000, 0.00000000E+000
 2.23750000E+001, 6.18750000E-001, 0.00000000E+000, 0.00000000E+000, 0.00000000E+000, 0.00000000E+000
 2.24250000E+001, 6.21250000E-001, 0.00000000E+000, 0.00000000E+000, 0.00000000E+000, 0.00000000E+000
 2.24750000E+001, 6.23750000E-001, 0.00000000E+000, 0.00000000E+000, 0.00000000E+000, 0.00000000E+000
 2.25250000E+001, 6.26250000E-001, 0.00000000E+000, 0.00000000E+000, 0.00000000E+000, 0.00000000E+000
 2.25750000E+001, 6.28750000E-001, 0.00000000E+000, 0.00000000E+000, 0.00000000E+000, 0.00000000E+000
 2.26250000E+001, 6.31250000E-001, 0.00000000E+000, 0.00000000E+000, 0.00000000E+000, 0.00000000E+000
 2.26750000E+001, 6.33750000E-001, 0.00000000E+000, 0.00000000E+000, 0.00000000E+000, 0.00000000E+000
 2.27250000E+001, 6.36250000E-001, 0.00000000E+000, 0.00000000E+000, 0.00000000E+000, 0.00000000E+000
 2.27750000E+001, 6.38750000E-001, 0.00000000E+000, 0.00000000E+000, 0.00000000E+000, 0.00000000E+000
 2.28250000E+001, 6.41250000E-001, 0.00000000E+000, 0.00000000E+000, 0.00000000E+000, 0.00000000E+000
 2.28750000E+001, 6.43750000E-001, 0.00000000E+000, 0.00000000E+000, 0.00000000E+000, 0.00000000E+000
 2.29250000E+001, 6.46250000E-001, 0.00000000E+000, 0.00000000E+000, 0.00000000E+000, 0.00000000E+000
 2.29750000E+001, 6.48750000E-001, 0.00000000E+000, 0.00000000E+000, 0.00000000E+000, 0.00000000E+000
 2.30250000E+001, 6.51250000E-001, 0.00000000E+000, 0.00000000E+000, 0.00000000E+000, 0.00000000E+000
 2.30750000E+001, 6.53750000E-001, 0.00000000E+000, 0.00000000E+000, 0.00000000E+000, 0.00000000E+000
 2.31250000E+001, 6.56250000E-001, 0.00000000E+000, 0.00000000E+000, 0.00000000E+000, 0.00000000E+000
 2.31750000E+001, 6.58750000E-001, 0.00000000E+000, 0.00000000E+000, 0.00000000E+000, 0.00000000E+000
 2.32250000E+001, 6.61250000E-001, 0.00000000E+000, 0.00000000E+000, 0.00000000E+000, 0.00000000E+000
 2.32750000E+001, 6.63750000E-001, 0.00000000E+000, 0.00000000E+000, 0.00000000E+000, 0.00000000E+000
 2.33250000E+001, 6.66250000E-001, 0.00000000E+000, 0.00000000E+000, 0.00000000E+000, 0.00000000E+000
 2.33750000E+001, 6.68750000E-001, 0.00000000E+000, 0.00000000E+000, 0.00000000E+000, 0.00000000E+000
 2.34250000E+001, 6.71250000E-001, 0.00000000E+000, 0.00000000E+000, 0.00000000E+000, 0.00000000E+000
 2.34750000E+001, 6.73750000E-001, 0.00000000E+000, 0.00000000E+000, 0.00000000E+000, 0.00000000E+000
 2.35250000E+001, 6.76250000E-001, 0.00000000E+000, 0.00000000E+000, 0.00000000E+000, 0.00000000E+000
 2.35750000E+001, 6.78750000E-001, 0.00000000E+000, 0.00000000E+000, 0.00000000E+000, 0.00000000E+000
 2.36250000E+001, 6.81250000E-001, 0.00000000E+000, 0.00000000E+000, 0.00000000E+000, 0.00000000E+000
 2.36750000E+001, 6.83750000E-001, 0.00000000E+000, 0.00000000E+000, 0.00000000E+000, 0.00000000E+000
 2.37250000E+001, 6.86250000E-001, 0.00000000E+000, 0.00000000E+000, 0.00000000E+000, 0.00000000E+000
 2.37750000E+001, 6.88750000E-001, 0.00000000E+000, 0.00000000E+000, 0.00000000E+000, 0.00000000E+000
 2.38250000E+001, 6.91250000E-001, 0.00000000E+000, 0.00000000E+000, 0.00000000E+000, 0.00000000E+000
 2.38750000E+001, 6.93750000E-001, 0.00000000E+000, 0.00000000E+000, 0.00000000E+000, 0.00000000E+000
 2.39250000E+001, 6.96250000E-001, 0.00000000E+000, 0.00000000E+000, 0.00000000E+000, 0.00000000E+000
 2.39750000E+001, 6.98750000E-001, 0.00000000E+000, 0.00000000E+000, 0.00000000E+000, 0.00000000E+000
 2.40250000E+001, 7.01250000E-001, 0.00000000E+000, 0.00000000E+000, 0.00000000E+000, 0.00000000E+000
 2.40750000E+001, 7.03750000E-001, 0.00000000E+000, 0.00000000E+000, 0.00000000E+000, 0.00000000E+000
 2.41250000E+001, 7.06250000E-001, 0.00000000E+000, 0.00000000E+000, 0.00000000E+000, 0.00000000E+000
 2.41750000E+001, 7.08750000E-001, 0.00000000E+000, 0.00000000E+000, 0.00000000E+000, 0.00000000E+000
 2.42250000E+001, 7.11250000E-001, 0.00000000E+000, 0.00000000E+000, 0.00000000E+000, 0.00000000E+000
 2.42750000E+001, 7.13750000E-001, 0.00000000E+000, 0.00000000E+000, 0.00000000E+000, 0.00000000E+000
 2.43250000E+001, 7.16250000E-001, 0.00000000E+000, 0.00000000E+000, 0.00000000E+000, 0.00000000E+000
 2.43750000E+001, 7.18750000E-001, 0.00000000E+000, 0.00000000E+000, 0.00000000E+000, 0.00000000E+000
 2.44250000E+001, 7.21250000E-001, 0.00000000E+000, 0.00000000E+000, 0.00000000E+000, 0.00000000E+000
 2.44750000E+001, 7.23750000E-001, 0.00000000E+000, 0.00000000E+000, 0.00000000E+000, 0.00000000E+000
 2.45250000E+001, 7.26250000E-001, 0.00000000E+000, 0.00000000E+000, 0.00000000E+000, 0.00000000E+000
 2.45750000E+001, 7.28750000E-001, 0.00000000E+000, 0.00000000E+000, 0.00000000E+000, 0.00000000E+000
 2.46250000E+001, 7.31250000E-001, 0.00000000E+000, 0.00000000E+000, 0.00000000E+000, 0.00000000E+000
 2.46750000E+001, 7.33750000E-001, 0.00000000E+000, 0.00000000E+000, 0.00000000E+000, 0.00000000E+000
 2.47250000E+001, 7.36250000E-001, 0.00000000E+000, 0.00000000E+000, 0.00000000E+000, 0.00000000E+000
 2.47750000E+001, 7.38750000E-001, 0.00000000E+000, 0.00000000E+000, 0.00000000E+000, 0.00000000E+000
 2.48250000E+001, 7.41250000E-001, 0.00000000E+000, 0.00000000E+000, 0.00000000E+000, 0.00000000E+000
 2.48750000E+001, 7.43750000E-001, 0.00000000E+000, 0.00000000E+000, 0.00000000E+000, 0.00000000E+000
 2.49250000E+001, 7.46250000E-001, 0.00000000E+000, 0.00000000E+000, 0.00000000E+000, 0.00000000E+000
 2.49750000E+001, 7.48750000E-001, 0.00000000E+000, 0.00000000E+000, 0.00000000E+000, 0.00000000E+000
