   10.000164672412865      ,         500
X,ZB,H,U,Q,FR
 2.50000000E-002, 0.00000000E+000, 4.40424809E-001,-1.37798495E-001,-6.06898757E-002,-6.63053001E-002
 7.50000000E-002, 0.00000000E+000, 4.39758551E-001,-1.29749947E-001,-5.70586487E-002,-6.24798103E-002
 1.25000000E-001, 0.00000000E+000, 4.41093443E-001,-1.22073340E-001,-5.38457499E-002,-5.86941998E-002
 1.75000000E-001, 0.00000000E+000, 4.43832140E-001,-1.13897144E-001,-5.05512131E-002,-5.45937739E-002
 2.25000000E-001, 0.00000000E+000, 4.47334966E-001,-1.03339365E-001,-4.62273112E-002,-4.93388501E-002
 2.75000000E-001, 0.00000000E+000, 4.51315539E-001,-9.11105085E-002,-4.11195882E-002,-4.33079858E-002
 3.25000000E-001, 0.00000000E+000, 4.55138511E-001,-7.66523873E-002,-3.48874534E-002,-3.62821949E-002
 3.75000000E-001, 0.00000000E+000, 4.58555517E-001,-6.09921582E-002,-2.79682906E-002,-2.87619084E-002
 4.25000000E-001, 0.00000000E+000, 4.61597683E-001,-4.46696791E-002,-2.06194204E-002,-2.09952322E-002
 4.75000000E-001, 0.00000000E+000, 4.64480758E-001,-2.75996116E-002,-1.28194885E-002,-1.29317936E-002
 5.25000000E-001, 0.00000000E+000, 4.67584852E-001,-9.94162375E-003,-4.64855267E-003,-4.64265877E-003
 5.75000000E-001, 0.00000000E+000, 4.71214167E-001, 8.03049905E-003, 3.78408492E-003, 3.73570888E-003
 6.25000000E-001, 0.00000000E+000, 4.75387311E-001, 2.73393722E-002, 1.29967906E-002, 1.26620610E-002
 6.75000000E-001, 0.00000000E+000, 4.79897826E-001, 4.79444449E-002, 2.30084349E-002, 2.21005744E-002
 7.25000000E-001, 0.00000000E+000, 4.83552903E-001, 6.45559149E-002, 3.12162001E-002, 2.96451534E-002
 7.75000000E-001, 0.00000000E+000, 4.86444893E-001, 7.72595508E-002, 3.75825139E-002, 3.53732541E-002
 8.25000000E-001, 0.00000000E+000, 4.89045096E-001, 8.76543914E-002, 4.28669503E-002, 4.00256952E-002
 8.75000000E-001, 0.00000000E+000, 4.91601240E-001, 9.67606930E-002, 4.75676767E-002, 4.40688933E-002
 9.25000000E-001, 0.00000000E+000, 4.94146405E-001, 1.05355006E-001, 5.20607974E-002, 4.78593740E-002
 9.75000000E-001, 0.00000000E+000, 4.96516092E-001, 1.13905033E-001, 5.65556817E-002, 5.16197512E-002
 1.02500000E+000, 0.00000000E+000, 4.98001112E-001, 1.20458441E-001, 5.99884374E-002, 5.45081873E-002
 1.07500000E+000, 0.00000000E+000, 4.98688214E-001, 1.25639457E-001, 6.26549162E-002, 5.68134491E-002
 1.12500000E+000, 0.00000000E+000, 4.98665543E-001, 1.29269383E-001, 6.44621871E-002, 5.84562100E-002
 1.17500000E+000, 0.00000000E+000, 4.98564852E-001, 1.31819583E-001, 6.57206109E-002, 5.96154412E-002
 1.22500000E+000, 0.00000000E+000, 4.98281122E-001, 1.30984860E-001, 6.52672828E-002, 5.92548006E-002
 1.27500000E+000, 0.00000000E+000, 4.98405492E-001, 1.27129758E-001, 6.33621698E-002, 5.75036578E-002
 1.32500000E+000, 0.00000000E+000, 4.97952958E-001, 1.21084199E-001, 6.02942353E-002, 5.47939962E-002
 1.37500000E+000, 0.00000000E+000, 4.96184290E-001, 1.13519547E-001, 5.63266159E-002, 5.14622540E-002
 1.42500000E+000, 0.00000000E+000, 4.92967832E-001, 1.02636512E-001, 5.05964990E-002, 4.66801512E-002
 1.47500000E+000, 0.00000000E+000, 4.88553569E-001, 8.54789595E-002, 4.17610507E-002, 3.90519559E-002
 1.52500000E+000, 0.00000000E+000, 4.83117004E-001, 6.00516105E-002, 2.90119542E-002, 2.75891396E-002
 1.57500000E+000, 0.00000000E+000, 4.76409542E-001, 2.62564687E-002, 1.25088322E-002, 1.21474676E-002
 1.62500000E+000, 0.00000000E+000, 4.67541364E-001,-1.59139870E-002,-7.44044716E-003,-7.43205024E-003
 1.67500000E+000, 0.00000000E+000, 4.57117494E-001,-6.31592079E-002,-2.88711788E-002,-2.98306291E-002
 1.72500000E+000, 0.00000000E+000, 4.50085052E-001,-9.32143400E-002,-4.19543811E-002,-4.43685354E-002
 1.77500000E+000, 0.00000000E+000, 4.45924879E-001,-1.08825659E-001,-4.85280688E-002,-5.20403385E-002
 1.82500000E+000, 0.00000000E+000, 4.43848127E-001,-1.15787172E-001,-5.13919194E-002,-5.54987126E-002
 1.87500000E+000, 0.00000000E+000, 4.42939844E-001,-1.19683316E-001,-5.30125095E-002,-5.74249862E-002
 1.92500000E+000, 0.00000000E+000, 4.42783740E-001,-1.22469447E-001,-5.42274798E-002,-5.87721506E-002
 1.97500000E+000, 0.00000000E+000, 4.43168174E-001,-1.25550020E-001,-5.56397731E-002,-6.02243556E-002
 2.02500000E+000, 0.00000000E+000, 4.43753132E-001,-1.27179064E-001,-5.64361081E-002,-6.09655602E-002
 2.07500000E+000, 0.00000000E+000, 4.44385205E-001,-1.25788268E-001,-5.58984455E-002,-6.02559588E-002
 2.12500000E+000, 0.00000000E+000, 4.44692807E-001,-1.21663926E-001,-5.41030725E-002,-5.82601276E-002
 2.17500000E+000, 0.00000000E+000, 4.45095607E-001,-1.14405081E-001,-5.09211991E-002,-5.47593543E-002
 2.22500000E+000, 0.00000000E+000, 4.46012628E-001,-1.05173805E-001,-4.69088449E-002,-5.02890771E-002
 2.27500000E+000, 0.00000000E+000, 4.47729464E-001,-9.52741246E-002,-4.26570328E-002,-4.54680980E-002
 2.32500000E+000, 0.00000000E+000, 4.50258737E-001,-8.52251866E-002,-3.83733848E-002,-4.05580013E-002
 2.37500000E+000, 0.00000000E+000, 4.53319411E-001,-7.44266319E-002,-3.37390369E-002,-3.52992816E-002
 2.42500000E+000, 0.00000000E+000, 4.56637319E-001,-6.23897692E-002,-2.84894969E-002,-2.94827057E-002
 2.47500000E+000, 0.00000000E+000, 4.59735797E-001,-5.01550356E-002,-2.30580653E-002,-2.36210958E-002
 2.52500000E+000, 0.00000000E+000, 4.62367491E-001,-3.83947408E-002,-1.77524800E-002,-1.80309145E-002
 2.57500000E+000, 0.00000000E+000, 4.64634904E-001,-2.68105815E-002,-1.24571320E-002,-1.25600098E-002
 2.62500000E+000, 0.00000000E+000, 4.66720735E-001,-1.54745591E-002,-7.22229758E-003,-7.23318203E-003
 2.67500000E+000, 0.00000000E+000, 4.68872298E-001,-4.53465685E-003,-2.12617497E-003,-2.11473912E-003
 2.72500000E+000, 0.00000000E+000, 4.71164567E-001, 5.59067695E-003, 2.63412888E-003, 2.60086461E-003
 2.77500000E+000, 0.00000000E+000, 4.73597282E-001, 1.54785100E-002, 7.33058026E-003, 7.18231105E-003
 2.82500000E+000, 0.00000000E+000, 4.76078226E-001, 2.59407179E-002, 1.23498109E-002, 1.20055618E-002
 2.87500000E+000, 0.00000000E+000, 4.78403195E-001, 3.77782390E-002, 1.80732303E-002, 1.74415201E-002
 2.92500000E+000, 0.00000000E+000, 4.80699626E-001, 5.12479675E-002, 2.46348788E-002, 2.36036634E-002
 2.97500000E+000, 0.00000000E+000, 4.83562166E-001, 6.52347621E-002, 3.15450629E-002, 2.99566044E-002
 3.02500000E+000, 0.00000000E+000, 4.86769211E-001, 7.91048118E-002, 3.85057868E-002, 3.62060386E-002
 3.07500000E+000, 0.00000000E+000, 4.89595417E-001, 8.94844960E-002, 4.38111991E-002, 4.08384061E-002
 3.12500000E+000, 0.00000000E+000, 4.91870806E-001, 9.66957323E-002, 4.75618078E-002, 4.40272381E-002
 3.17500000E+000, 0.00000000E+000, 4.93646266E-001, 1.02539774E-001, 5.06183767E-002, 4.66040959E-002
 3.22500000E+000, 0.00000000E+000, 4.94657921E-001, 1.06933719E-001, 5.28956110E-002, 4.85514098E-002
 3.27500000E+000, 0.00000000E+000, 4.95148533E-001, 1.10803181E-001, 5.48640325E-002, 5.02833425E-002
 3.32500000E+000, 0.00000000E+000, 4.95162455E-001, 1.13675976E-001, 5.62880756E-002, 5.15863140E-002
 3.37500000E+000, 0.00000000E+000, 4.95178525E-001, 1.15899469E-001, 5.73909280E-002, 5.25944846E-002
 3.42500000E+000, 0.00000000E+000, 4.95097856E-001, 1.16000369E-001, 5.74315339E-002, 5.26445607E-002
 3.47500000E+000, 0.00000000E+000, 4.95224190E-001, 1.14443127E-001, 5.66750048E-002, 5.19312108E-002
 3.52500000E+000, 0.00000000E+000, 4.95235903E-001, 1.10949688E-001, 5.49462691E-002, 5.03453871E-002
 3.57500000E+000, 0.00000000E+000, 4.94534392E-001, 1.05970009E-001, 5.24058140E-002, 4.81198628E-002
 3.62500000E+000, 0.00000000E+000, 4.92454879E-001, 9.73544234E-002, 4.79426608E-002, 4.43008568E-002
 3.67500000E+000, 0.00000000E+000, 4.87907616E-001, 7.91633692E-002, 3.86244107E-002, 3.61905455E-002
 3.72500000E+000, 0.00000000E+000, 4.78887281E-001, 4.07545699E-002, 1.95168452E-002, 1.88061251E-002
 3.77500000E+000, 0.00000000E+000, 4.63952439E-001,-2.52029185E-002,-1.16929555E-002,-1.18155451E-002
 3.82500000E+000, 0.00000000E+000, 4.53613568E-001,-7.29267945E-002,-3.30805834E-002,-3.45767178E-002
 3.87500000E+000, 0.00000000E+000, 4.49630801E-001,-9.13008412E-002,-4.10516704E-002,-4.34796871E-002
 3.92500000E+000, 0.00000000E+000, 4.48170371E-001,-9.81543110E-002,-4.39898540E-002,-4.68195750E-002
 3.97500000E+000, 0.00000000E+000, 4.47686149E-001,-1.00770583E-001,-4.51135940E-002,-4.80935238E-002
 4.02500000E+000, 0.00000000E+000, 4.47646506E-001,-1.01584906E-001,-4.54741283E-002,-4.84843126E-002
 4.07500000E+000, 0.00000000E+000, 4.47847883E-001,-1.02310882E-001,-4.58197118E-002,-4.88198256E-002
 4.12500000E+000, 0.00000000E+000, 4.48336936E-001,-1.02824124E-001,-4.60998526E-002,-4.90379623E-002
 4.17500000E+000, 0.00000000E+000, 4.48990499E-001,-1.02227251E-001,-4.58990644E-002,-4.87178108E-002
 4.22500000E+000, 0.00000000E+000, 4.49571072E-001,-9.94326836E-002,-4.47020581E-002,-4.73554143E-002
 4.27500000E+000, 0.00000000E+000, 4.50095366E-001,-9.45296358E-002,-4.25473510E-002,-4.49940796E-002
 4.32500000E+000, 0.00000000E+000, 4.50731301E-001,-8.78353818E-002,-3.95901560E-002,-4.17782546E-002
 4.37500000E+000, 0.00000000E+000, 4.51731772E-001,-8.02500847E-002,-3.62515130E-002,-3.81280715E-002
 4.42500000E+000, 0.00000000E+000, 4.53200394E-001,-7.22159118E-002,-3.27282797E-002,-3.42552719E-002
 4.47500000E+000, 0.00000000E+000, 4.55129776E-001,-6.37974574E-002,-2.90361225E-002,-3.01978069E-002
 4.52500000E+000, 0.00000000E+000, 4.57465398E-001,-5.47987292E-002,-2.50685224E-002,-2.58720606E-002
 4.57500000E+000, 0.00000000E+000, 4.60106990E-001,-4.46832195E-002,-2.05590616E-002,-2.10355901E-002
 4.62500000E+000, 0.00000000E+000, 4.62704188E-001,-3.43369735E-002,-1.58878615E-002,-1.61194402E-002
 4.67500000E+000, 0.00000000E+000, 4.64872690E-001,-2.51437240E-002,-1.16886306E-002,-1.17761206E-002
 4.72500000E+000, 0.00000000E+000, 4.66697690E-001,-1.64787605E-002,-7.69059946E-003,-7.70276014E-003
 4.77500000E+000, 0.00000000E+000, 4.68294417E-001,-8.11374910E-003,-3.79962341E-003,-3.78618423E-003
 4.82500000E+000, 0.00000000E+000, 4.69780194E-001,-2.08342445E-004,-9.78751540E-005,-9.70666548E-005
 4.87500000E+000, 0.00000000E+000, 4.71301628E-001, 7.11881876E-003, 3.35511087E-003, 3.31129692E-003
 4.92500000E+000, 0.00000000E+000, 4.72897893E-001, 1.36705437E-002, 6.46477132E-003, 6.34807074E-003
 4.97500000E+000, 0.00000000E+000, 4.74585281E-001, 1.99187691E-002, 9.45315462E-003, 9.23304651E-003
 5.02500000E+000, 0.00000000E+000, 4.76338941E-001, 2.65825207E-002, 1.26622898E-002, 1.22992259E-002
 5.07500000E+000, 0.00000000E+000, 4.78036398E-001, 3.46952668E-002, 1.65856004E-002, 1.60243126E-002
 5.12500000E+000, 0.00000000E+000, 4.79780498E-001, 4.46601319E-002, 2.14270603E-002, 2.05891475E-002
 5.17500000E+000, 0.00000000E+000, 4.81952419E-001, 5.61316953E-002, 2.70528064E-002, 2.58193756E-002
 5.22500000E+000, 0.00000000E+000, 4.84418623E-001, 6.80874680E-002, 3.29828375E-002, 3.12389500E-002
 5.27500000E+000, 0.00000000E+000, 4.86397265E-001, 7.67387732E-002, 3.73255294E-002, 3.51365364E-002
 5.32500000E+000, 0.00000000E+000, 4.87866463E-001, 8.20035484E-002, 4.00067811E-002, 3.74905509E-002
 5.37500000E+000, 0.00000000E+000, 4.89013849E-001, 8.52038535E-002, 4.16658644E-002, 3.89079470E-002
 5.42500000E+000, 0.00000000E+000, 4.89712383E-001, 8.67336943E-002, 4.24745641E-002, 3.95782840E-002
 5.47500000E+000, 0.00000000E+000, 4.90130940E-001, 8.78654069E-002, 4.30655545E-002, 4.00775831E-002
 5.52500000E+000, 0.00000000E+000, 4.90301841E-001, 8.88329233E-002, 4.35549459E-002, 4.05118290E-002
 5.57500000E+000, 0.00000000E+000, 4.90221806E-001, 8.96083623E-002, 4.39279732E-002, 4.08688000E-002
 5.62500000E+000, 0.00000000E+000, 4.89936175E-001, 9.02402715E-002, 4.42119735E-002, 4.11689981E-002
 5.67500000E+000, 0.00000000E+000, 4.89485044E-001, 8.95851507E-002, 4.38505914E-002, 4.08889515E-002
 5.72500000E+000, 0.00000000E+000, 4.88742294E-001, 8.68988956E-002, 4.24711656E-002, 3.96930027E-002
 5.77500000E+000, 0.00000000E+000, 4.87327418E-001, 8.00999984E-002, 3.90349254E-002, 3.66405296E-002
 5.82500000E+000, 0.00000000E+000, 4.84371968E-001, 6.58261237E-002, 3.18843291E-002, 3.02028857E-002
 5.87500000E+000, 0.00000000E+000, 4.78401184E-001, 3.80761838E-002, 1.82156914E-002, 1.75791127E-002
 5.92500000E+000, 0.00000000E+000, 4.67954389E-001,-9.08931489E-003,-4.25338479E-003,-4.24296105E-003
 5.97500000E+000, 0.00000000E+000, 4.59579578E-001,-4.81563371E-002,-2.21316691E-002,-2.26836399E-002
 6.02500000E+000, 0.00000000E+000, 4.56092899E-001,-6.41929239E-002,-2.92779368E-002,-3.03528979E-002
 6.07500000E+000, 0.00000000E+000, 4.54687567E-001,-7.02221612E-002,-3.19291436E-002,-3.32550274E-002
 6.12500000E+000, 0.00000000E+000, 4.54179122E-001,-7.21582017E-002,-3.27727487E-002,-3.41909979E-002
 6.17500000E+000, 0.00000000E+000, 4.54014354E-001,-7.27571767E-002,-3.30328025E-002,-3.44810677E-002
 6.22500000E+000, 0.00000000E+000, 4.54018863E-001,-7.27965714E-002,-3.30510166E-002,-3.44995663E-002
 6.27500000E+000, 0.00000000E+000, 4.54200134E-001,-7.28406120E-002,-3.30842157E-002,-3.45135487E-002
 6.32500000E+000, 0.00000000E+000, 4.54518127E-001,-7.22845082E-002,-3.28546192E-002,-3.42380707E-002
 6.37500000E+000, 0.00000000E+000, 4.54941357E-001,-7.07873453E-002,-3.22040910E-002,-3.35133294E-002
 6.42500000E+000, 0.00000000E+000, 4.55457291E-001,-6.81553184E-002,-3.10418367E-002,-3.22489501E-002
 6.47500000E+000, 0.00000000E+000, 4.56041564E-001,-6.41926471E-002,-2.92745152E-002,-3.03544753E-002
 6.52500000E+000, 0.00000000E+000, 4.56748983E-001,-5.90960025E-002,-2.69920391E-002,-2.79228002E-002
 6.57500000E+000, 0.00000000E+000, 4.57721696E-001,-5.34531527E-002,-2.44666677E-002,-2.52297086E-002
 6.62500000E+000, 0.00000000E+000, 4.59034971E-001,-4.75752433E-002,-2.18387005E-002,-2.24232103E-002
 6.67500000E+000, 0.00000000E+000, 4.60665255E-001,-4.12953809E-002,-1.90233472E-002,-1.94289086E-002
 6.72500000E+000, 0.00000000E+000, 4.62502546E-001,-3.40313616E-002,-1.57395914E-002,-1.59794534E-002
 6.77500000E+000, 0.00000000E+000, 4.64394073E-001,-2.59858177E-002,-1.20676597E-002,-1.21767870E-002
 6.82500000E+000, 0.00000000E+000, 4.65970982E-001,-1.87864385E-002,-8.75393518E-003,-8.78829601E-003
 6.87500000E+000, 0.00000000E+000, 4.67339744E-001,-1.20537926E-002,-5.63321635E-003,-5.63050069E-003
 6.92500000E+000, 0.00000000E+000, 4.68594919E-001,-5.71617296E-003,-2.67856961E-003,-2.66652852E-003
 6.97500000E+000, 0.00000000E+000, 4.69834663E-001, 2.73497739E-004, 1.28498718E-004, 1.27415092E-004
 7.02500000E+000, 0.00000000E+000, 4.71115558E-001, 5.89493207E-003, 2.77719421E-003, 2.74255118E-003
 7.07500000E+000, 0.00000000E+000, 4.72497357E-001, 1.14030647E-002, 5.38791795E-003, 5.29738523E-003
 7.12500000E+000, 0.00000000E+000, 4.73940073E-001, 1.74705684E-002, 8.28000244E-003, 8.10373026E-003
 7.17500000E+000, 0.00000000E+000, 4.75471969E-001, 2.46115574E-002, 1.17021056E-002, 1.13976757E-002
 7.22500000E+000, 0.00000000E+000, 4.77268958E-001, 3.30932974E-002, 1.57944036E-002, 1.52967126E-002
 7.27500000E+000, 0.00000000E+000, 4.79035947E-001, 4.14068579E-002, 1.98353734E-002, 1.91041572E-002
 7.32500000E+000, 0.00000000E+000, 4.80321594E-001, 4.73173942E-002, 2.27275662E-002, 2.18019040E-002
 7.37500000E+000, 0.00000000E+000, 4.81266884E-001, 5.14481385E-002, 2.47602853E-002, 2.36818887E-002
 7.42500000E+000, 0.00000000E+000, 4.81904590E-001, 5.41870788E-002, 2.61130020E-002, 2.49261306E-002
 7.47500000E+000, 0.00000000E+000, 4.82318552E-001, 5.61404189E-002, 2.70775655E-002, 2.58135850E-002
 7.52500000E+000, 0.00000000E+000, 4.82533513E-001, 5.74945797E-002, 2.77430615E-002, 2.64303443E-002
 7.57500000E+000, 0.00000000E+000, 4.82601157E-001, 5.82438399E-002, 2.81085445E-002, 2.67729039E-002
 7.62500000E+000, 0.00000000E+000, 4.82645042E-001, 5.86168790E-002, 2.82911460E-002, 2.69431535E-002
 7.67500000E+000, 0.00000000E+000, 4.82660056E-001, 5.84922427E-002, 2.82318691E-002, 2.68854464E-002
 7.72500000E+000, 0.00000000E+000, 4.82729679E-001, 5.78730467E-002, 2.79370372E-002, 2.65989201E-002
 7.77500000E+000, 0.00000000E+000, 4.82683369E-001, 5.69368122E-002, 2.74824523E-002, 2.61698745E-002
 7.82500000E+000, 0.00000000E+000, 4.82387972E-001, 5.57336179E-002, 2.68852269E-002, 2.56246923E-002
 7.87500000E+000, 0.00000000E+000, 4.81754206E-001, 5.34411893E-002, 2.57455177E-002, 2.45868570E-002
 7.92500000E+000, 0.00000000E+000, 4.80610969E-001, 4.87748345E-002, 2.34417205E-002, 2.24666657E-002
 7.97500000E+000, 0.00000000E+000, 4.78587117E-001, 3.98339300E-002, 1.90640057E-002, 1.83870608E-002
 8.02500000E+000, 0.00000000E+000, 4.75085439E-001, 2.37458187E-002, 1.12812927E-002, 1.10012224E-002
 8.07500000E+000, 0.00000000E+000, 4.69477913E-001,-1.61390427E-003,-7.57692407E-004,-7.52159329E-004
 8.12500000E+000, 0.00000000E+000, 4.65017470E-001,-2.23750780E-002,-1.04048022E-002,-1.04777874E-002
 8.17500000E+000, 0.00000000E+000, 4.62973602E-001,-3.18614828E-002,-1.47510255E-002,-1.49529723E-002
 8.22500000E+000, 0.00000000E+000, 4.62077864E-001,-3.59838004E-002,-1.66273176E-002,-1.69039853E-002
 8.27500000E+000, 0.00000000E+000, 4.61717587E-001,-3.77021476E-002,-1.74077446E-002,-1.77181159E-002
 8.32500000E+000, 0.00000000E+000, 4.61598441E-001,-3.84051436E-002,-1.77277544E-002,-1.80508179E-002
 8.37500000E+000, 0.00000000E+000, 4.61581710E-001,-3.86540054E-002,-1.78419819E-002,-1.81681148E-002
 8.42500000E+000, 0.00000000E+000, 4.61598754E-001,-3.87183245E-002,-1.78723304E-002,-1.81980100E-002
 8.47500000E+000, 0.00000000E+000, 4.61596978E-001,-3.84020352E-002,-1.77262634E-002,-1.80493855E-002
 8.52500000E+000, 0.00000000E+000, 4.61614179E-001,-3.77233923E-002,-1.74136528E-002,-1.77300855E-002
 8.57500000E+000, 0.00000000E+000, 4.61720939E-001,-3.68543095E-002,-1.70164064E-002,-1.73196117E-002
 8.62500000E+000, 0.00000000E+000, 4.61962975E-001,-3.58693830E-002,-1.65703269E-002,-1.68523310E-002
 8.67500000E+000, 0.00000000E+000, 4.62329156E-001,-3.46262629E-002,-1.60087309E-002,-1.62618384E-002
 8.72500000E+000, 0.00000000E+000, 4.62785226E-001,-3.28860955E-002,-1.52191991E-002,-1.54369760E-002
 8.77500000E+000, 0.00000000E+000, 4.63321078E-001,-3.04970852E-002,-1.41299424E-002,-1.43072762E-002
 8.82500000E+000, 0.00000000E+000, 4.63957467E-001,-2.74075795E-002,-1.27159511E-002,-1.28490570E-002
 8.87500000E+000, 0.00000000E+000, 4.64740178E-001,-2.36118201E-002,-1.09733615E-002,-1.10602263E-002
 8.92500000E+000, 0.00000000E+000, 4.65726209E-001,-1.90496014E-002,-8.87189865E-003,-8.91374512E-003
 8.97500000E+000, 0.00000000E+000, 4.66967521E-001,-1.34744378E-002,-6.29212484E-003,-6.29661263E-003
 9.02500000E+000, 0.00000000E+000, 4.68524368E-001,-6.43541076E-003,-3.01514676E-003,-3.00227064E-003
 9.07500000E+000, 0.00000000E+000, 4.70315259E-001, 1.73112780E-003, 8.14175822E-004, 8.06072779E-004
 9.12500000E+000, 0.00000000E+000, 4.71643205E-001, 7.86371618E-003, 3.70886830E-003, 3.65645891E-003
 9.17500000E+000, 0.00000000E+000, 4.72571014E-001, 1.21547148E-002, 5.74396590E-003, 5.64613023E-003
 9.22500000E+000, 0.00000000E+000, 4.73237766E-001, 1.52158867E-002, 7.20073223E-003, 7.06313045E-003
 9.27500000E+000, 0.00000000E+000, 4.73712107E-001, 1.73595256E-002, 8.22341746E-003, 8.05416031E-003
 9.32500000E+000, 0.00000000E+000, 4.74044469E-001, 1.88338201E-002, 8.92806827E-003, 8.73511317E-003
 9.37500000E+000, 0.00000000E+000, 4.74266746E-001, 1.98183714E-002, 9.39919452E-003, 9.18959314E-003
 9.42500000E+000, 0.00000000E+000, 4.74402925E-001, 2.04454141E-002, 9.69936426E-003, 9.47898620E-003
 9.47500000E+000, 0.00000000E+000, 4.74476055E-001, 2.08108391E-002, 9.87424483E-003, 9.64766243E-003
 9.52500000E+000, 0.00000000E+000, 4.74508833E-001, 2.09813874E-002, 9.95585366E-003, 9.72639070E-003
 9.57500000E+000, 0.00000000E+000, 4.74521655E-001, 2.10239906E-002, 9.97633879E-003, 9.74600867E-003
 9.62500000E+000, 0.00000000E+000, 4.74529187E-001, 2.10013566E-002, 9.96575666E-003, 9.73543904E-003
 9.67500000E+000, 0.00000000E+000, 4.74528269E-001, 2.09163802E-002, 9.92541368E-003, 9.69605659E-003
 9.72500000E+000, 0.00000000E+000, 4.74513172E-001, 2.07425754E-002, 9.84262525E-003, 9.61564010E-003
 9.77500000E+000, 0.00000000E+000, 4.74462889E-001, 2.04663758E-002, 9.71053577E-003, 9.48810490E-003
 9.82500000E+000, 0.00000000E+000, 4.74342123E-001, 2.01010053E-002, 9.53475352E-003, 9.31990723E-003
 9.87500000E+000, 0.00000000E+000, 4.74131198E-001, 1.95246429E-002, 9.25724233E-003, 9.05468803E-003
 9.92500000E+000, 0.00000000E+000, 4.73838956E-001, 1.83904979E-002, 8.71413434E-003, 8.53135012E-003
 9.97500000E+000, 0.00000000E+000, 4.73443617E-001, 1.63637957E-002, 7.74733465E-003, 7.59433193E-003
 1.00250000E+001, 1.25000000E-003, 4.71584861E-001, 1.33736284E-002, 6.30680071E-003, 6.21883429E-003
 1.00750000E+001, 3.75000000E-003, 4.68149473E-001, 9.17596316E-003, 4.29572232E-003, 4.28251655E-003
 1.01250000E+001, 6.25000000E-003, 4.64442129E-001, 3.65862303E-003, 1.69921867E-003, 1.71431853E-003
 1.01750000E+001, 8.75000000E-003, 4.61202600E-001, 1.76229627E-004, 8.12775622E-005, 8.28653002E-005
 1.02250000E+001, 1.12500000E-002, 4.58374002E-001,-1.39552285E-003,-6.39671395E-004,-6.58213253E-004
 1.02750000E+001, 1.37500000E-002, 4.55733118E-001,-2.07303606E-003,-9.44751190E-004,-9.80598492E-004
 1.03250000E+001, 1.62500000E-002, 4.53173018E-001,-2.34758061E-003,-1.06386019E-003,-1.11359725E-003
 1.03750000E+001, 1.87500000E-002, 4.50652680E-001,-2.41317426E-003,-1.08750345E-003,-1.14790874E-003
 1.04250000E+001, 2.12500000E-002, 4.48143870E-001,-2.40978575E-003,-1.07993071E-003,-1.14950102E-003
 1.04750000E+001, 2.37500000E-002, 4.45643868E-001,-2.38269331E-003,-1.06183267E-003,-1.13976112E-003
 1.05250000E+001, 2.62500000E-002, 4.43162419E-001,-2.31062715E-003,-1.02398312E-003,-1.10837844E-003
 1.05750000E+001, 2.87500000E-002, 4.40709168E-001,-2.14324180E-003,-9.44546313E-004,-1.03094332E-003
 1.06250000E+001, 3.12500000E-002, 4.38296068E-001,-1.82407338E-003,-7.99484192E-004,-8.79828807E-004
 1.06750000E+001, 3.37500000E-002, 4.35930163E-001,-1.27320954E-003,-5.55030443E-004,-6.15787804E-004
 1.07250000E+001, 3.62500000E-002, 4.33616655E-001,-4.41043320E-004,-1.91243729E-004,-2.13878894E-004
 1.07750000E+001, 3.87500000E-002, 4.31357347E-001, 6.97879494E-004, 3.01035447E-004, 3.39313780E-004
 1.08250000E+001, 4.12500000E-002, 4.29102152E-001, 1.84255097E-003, 7.90642588E-004, 8.98211939E-004
 1.08750000E+001, 4.37500000E-002, 4.26771202E-001, 2.73678774E-003, 1.16798220E-003, 1.33777545E-003
 1.09250000E+001, 4.62500000E-002, 4.24336699E-001, 3.18144709E-003, 1.35000476E-003, 1.55958506E-003
 1.09750000E+001, 4.87500000E-002, 4.21821841E-001, 3.22626191E-003, 1.36090774E-003, 1.58626137E-003
 1.10250000E+001, 5.12500000E-002, 4.19292580E-001, 3.04942422E-003, 1.27860095E-003, 1.50383059E-003
 1.10750000E+001, 5.37500000E-002, 4.16734480E-001, 2.74846974E-003, 1.14538211E-003, 1.35956790E-003
 1.11250000E+001, 5.62500000E-002, 4.14137575E-001, 2.29224582E-003, 9.49305124E-004, 1.13744009E-003
 1.11750000E+001, 5.87500000E-002, 4.11482828E-001, 1.56513205E-003, 6.44024960E-004, 7.79138714E-004
 1.12250000E+001, 6.12500000E-002, 4.08734963E-001, 3.58831621E-004, 1.46667029E-004, 1.79229491E-004
 1.12750000E+001, 6.37500000E-002, 4.05830573E-001,-1.63668959E-003,-6.64218674E-004,-8.20415011E-004
 1.13250000E+001, 6.62500000E-002, 4.02680844E-001,-4.86771620E-003,-1.96013607E-003,-2.44953936E-003
 1.13750000E+001, 6.87500000E-002, 3.99174059E-001,-9.86673630E-003,-3.93854518E-003,-4.98691567E-003
 1.14250000E+001, 7.12500000E-002, 3.95454703E-001,-1.59836963E-002,-6.32082787E-003,-8.11649463E-003
 1.14750000E+001, 7.37500000E-002, 3.92245909E-001,-1.96378272E-002,-7.70285739E-003,-1.00127617E-002
 1.15250000E+001, 7.62500000E-002, 3.89399303E-001,-2.14821320E-002,-8.36512724E-003,-1.09930817E-002
 1.15750000E+001, 7.87500000E-002, 3.86741491E-001,-2.23862906E-002,-8.65770739E-003,-1.14950645E-002
 1.16250000E+001, 8.12500000E-002, 3.84183903E-001,-2.28022456E-002,-8.76025571E-003,-1.17475607E-002
 1.16750000E+001, 8.37500000E-002, 3.81675735E-001,-2.29830091E-002,-8.77205691E-003,-1.18795304E-002
 1.17250000E+001, 8.62500000E-002, 3.79191087E-001,-2.30548906E-002,-8.74220901E-003,-1.19556629E-002
 1.17750000E+001, 8.87500000E-002, 3.76722846E-001,-2.30669916E-002,-8.68986272E-003,-1.20010608E-002
 1.18250000E+001, 9.12500000E-002, 3.74269235E-001,-2.29940395E-002,-8.60596156E-003,-1.20022555E-002
 1.18750000E+001, 9.37500000E-002, 3.71848965E-001,-2.27157351E-002,-8.44682259E-003,-1.18955127E-002
 1.19250000E+001, 9.62500000E-002, 3.69481150E-001,-2.21265093E-002,-8.17532813E-003,-1.16240219E-002
 1.19750000E+001, 9.87500000E-002, 3.67178150E-001,-2.11791509E-002,-7.77652145E-003,-1.11611717E-002
 1.20250000E+001, 1.01250000E-001, 3.64944123E-001,-1.98828074E-002,-7.25611372E-003,-1.05100354E-002
 1.20750000E+001, 1.03750000E-001, 3.62778484E-001,-1.82629344E-002,-6.62539967E-003,-9.68254353E-003
 1.21250000E+001, 1.06250000E-001, 3.60684209E-001,-1.63070385E-002,-5.88169128E-003,-8.67064069E-003
 1.21750000E+001, 1.08750000E-001, 3.58674353E-001,-1.39205256E-002,-4.99293551E-003,-7.42241324E-003
 1.22250000E+001, 1.11250000E-001, 3.56774013E-001,-1.09330071E-002,-3.90061282E-003,-5.84497532E-003
 1.22750000E+001, 1.13750000E-001, 3.55022852E-001,-7.13417486E-003,-2.53279510E-003,-3.82344859E-003
 1.23250000E+001, 1.16250000E-001, 3.53465316E-001,-2.24866313E-003,-7.94824424E-004,-1.20778785E-003
 1.23750000E+001, 1.18750000E-001, 3.52157707E-001, 3.97100885E-003, 1.39842137E-003, 2.13683956E-003
 1.24250000E+001, 1.21250000E-001, 3.51164791E-001, 1.18895800E-002, 4.17520189E-003, 6.40694050E-003
 1.24750000E+001, 1.23750000E-001, 3.50493297E-001, 2.19514571E-002, 7.69383858E-003, 1.18403122E-002
 1.25250000E+001, 1.26250000E-001, 3.50179573E-001, 3.33865721E-002, 1.16912956E-002, 1.80163199E-002
 1.25750000E+001, 1.28750000E-001, 3.49737480E-001, 4.39884931E-002, 1.53844247E-002, 2.37524086E-002
 1.26250000E+001, 1.31250000E-001, 3.48682522E-001, 5.18975259E-002, 1.80957602E-002, 2.80653992E-002
 1.26750000E+001, 1.33750000E-001, 3.46778707E-001, 5.58861791E-002, 1.93801369E-002, 3.03052496E-002
 1.27250000E+001, 1.36250000E-001, 3.44197761E-001, 5.63376700E-002, 1.93912999E-002, 3.06644034E-002
 1.27750000E+001, 1.38750000E-001, 3.41418721E-001, 5.50844066E-002, 1.88068477E-002, 3.01040321E-002
 1.28250000E+001, 1.41250000E-001, 3.38430037E-001, 5.27181471E-002, 1.78414045E-002, 2.89377890E-002
 1.28750000E+001, 1.43750000E-001, 3.35217434E-001, 4.91851505E-002, 1.64877199E-002, 2.71275370E-002
 1.29250000E+001, 1.46250000E-001, 3.31671439E-001, 4.38379350E-002, 1.45397910E-002, 2.43072434E-002
 1.29750000E+001, 1.48750000E-001, 3.27503069E-001, 3.50473465E-002, 1.14781135E-002, 1.95563190E-002
 1.30250000E+001, 1.51250000E-001, 3.22147370E-001, 1.96561509E-002, 6.33217729E-003, 1.10588722E-002
 1.30750000E+001, 1.53750000E-001, 3.14826727E-001,-6.93424860E-003,-2.18308679E-003,-3.94641969E-003
 1.31250000E+001, 1.56250000E-001, 3.06043522E-001,-4.23668042E-002,-1.29660859E-002,-2.44553436E-002
 1.31750000E+001, 1.58750000E-001, 3.00085504E-001,-6.27137252E-002,-1.88194798E-002,-3.65577744E-002
 1.32250000E+001, 1.61250000E-001, 2.96162457E-001,-7.14574038E-002,-2.11630003E-002,-4.19297131E-002
 1.32750000E+001, 1.63750000E-001, 2.93157517E-001,-7.49161095E-002,-2.19622206E-002,-4.41839316E-002
 1.33250000E+001, 1.66250000E-001, 2.90549645E-001,-7.61092740E-002,-2.21135225E-002,-4.50886324E-002
 1.33750000E+001, 1.68750000E-001, 2.88115824E-001,-7.63801521E-002,-2.20063305E-002,-4.54398220E-002
 1.34250000E+001, 1.71250000E-001, 2.85770193E-001,-7.61671497E-002,-2.17663010E-002,-4.54986907E-002
 1.34750000E+001, 1.73750000E-001, 2.83570084E-001,-7.50048779E-002,-2.12691395E-002,-4.49778779E-002
 1.35250000E+001, 1.76250000E-001, 2.81605520E-001,-7.23274638E-002,-2.03678131E-002,-4.35233498E-002
 1.35750000E+001, 1.78750000E-001, 2.79911902E-001,-6.79406745E-002,-1.90174034E-002,-4.10070786E-002
 1.36250000E+001, 1.81250000E-001, 2.78464642E-001,-6.20265407E-002,-1.72721985E-002,-3.75346344E-002
 1.36750000E+001, 1.83750000E-001, 2.77198656E-001,-5.50055363E-002,-1.52474608E-002,-3.33618789E-002
 1.37250000E+001, 1.86250000E-001, 2.76041291E-001,-4.73196023E-002,-1.30621641E-002,-2.87603204E-002
 1.37750000E+001, 1.88750000E-001, 2.74942174E-001,-3.92560252E-002,-1.07931369E-002,-2.39070121E-002
 1.38250000E+001, 1.91250000E-001, 2.73891039E-001,-3.08810043E-002,-8.45803034E-003,-1.88426579E-002
 1.38750000E+001, 1.93750000E-001, 2.72903551E-001,-2.20179661E-002,-6.00878113E-003,-1.34589836E-002
 1.39250000E+001, 1.96250000E-001, 2.72005130E-001,-1.24923218E-002,-3.39797562E-003,-7.64881707E-003
 1.39750000E+001, 1.98750000E-001, 2.71216675E-001,-2.28938522E-003,-6.20919449E-004,-1.40378417E-003
 1.40250000E+001, 2.01250000E-001, 2.70424288E-001, 7.78528405E-003, 2.10532989E-003, 4.78069761E-003
 1.40750000E+001, 2.03750000E-001, 2.69458508E-001, 1.70017276E-002, 4.58126015E-003, 1.04589181E-002
 1.41250000E+001, 2.06250000E-001, 2.68213975E-001, 2.47670601E-002, 6.64287165E-003, 1.52712088E-002
 1.41750000E+001, 2.08750000E-001, 2.66686893E-001, 3.09294279E-002, 8.24847301E-003, 1.91254080E-002
 1.42250000E+001, 2.11250000E-001, 2.64943573E-001, 3.59220500E-002, 9.51731629E-003, 2.22855870E-002
 1.42750000E+001, 2.13750000E-001, 2.63166616E-001, 4.03998268E-002, 1.06318857E-002, 2.51480181E-002
 1.43250000E+001, 2.16250000E-001, 2.61478562E-001, 4.53972683E-002, 1.18704124E-002, 2.83498873E-002
 1.43750000E+001, 2.18750000E-001, 2.60046284E-001, 5.19455597E-002, 1.35082498E-002, 3.25284045E-002
 1.44250000E+001, 2.21250000E-001, 2.59016282E-001, 6.16638375E-002, 1.59719379E-002, 3.86907078E-002
 1.44750000E+001, 2.23750000E-001, 2.58555982E-001, 7.43728166E-002, 1.92295366E-002, 4.67064214E-002
 1.45250000E+001, 2.26250000E-001, 2.57894166E-001, 8.48798567E-002, 2.18900198E-002, 5.33732363E-002
 1.45750000E+001, 2.28750000E-001, 2.55476128E-001, 8.87870066E-002, 2.26829606E-002, 5.60936772E-002
 1.46250000E+001, 2.31250000E-001, 2.51435070E-001, 8.01169164E-002, 2.01442024E-002, 5.10212340E-002
 1.46750000E+001, 2.33750000E-001, 2.43857023E-001, 4.91741343E-002, 1.19914580E-002, 3.17986548E-002
 1.47250000E+001, 2.36250000E-001, 2.30545607E-001,-1.97967366E-002,-4.56405066E-003,-1.31660299E-002
 1.47750000E+001, 2.38750000E-001, 2.17959002E-001,-8.81785139E-002,-1.92193009E-002,-6.03135690E-002
 1.48250000E+001, 2.41250000E-001, 2.12211215E-001,-1.12058246E-001,-2.37800165E-002,-7.76782286E-002
 1.48750000E+001, 2.43750000E-001, 2.09253205E-001,-1.17175362E-001,-2.45193201E-002,-8.17974762E-002
 1.49250000E+001, 2.46250000E-001, 2.07203955E-001,-1.15951117E-001,-2.40255301E-002,-8.13421368E-002
 1.49750000E+001, 2.48750000E-001, 2.05907343E-001,-1.08498205E-001,-2.23405771E-002,-7.63530330E-002
 1.50250000E+001, 2.51250000E-001, 2.05429897E-001,-9.42523164E-002,-1.93622436E-002,-6.64048603E-002
 1.50750000E+001, 2.53750000E-001, 2.05501893E-001,-7.71657340E-002,-1.58577044E-002,-5.43570948E-002
 1.51250000E+001, 2.56250000E-001, 2.05521249E-001,-6.08006770E-002,-1.24958311E-002,-4.28272026E-002
 1.51750000E+001, 2.58750000E-001, 2.05246140E-001,-4.60336925E-002,-9.44823769E-003,-3.24472557E-002
 1.52250000E+001, 2.61250000E-001, 2.04551762E-001,-3.38389029E-002,-6.92180721E-003,-2.38920998E-002
 1.52750000E+001, 2.63750000E-001, 2.03434130E-001,-2.43700260E-002,-4.95769502E-003,-1.72537596E-002
 1.53250000E+001, 2.66250000E-001, 2.01963061E-001,-1.72006084E-002,-3.47388753E-003,-1.22221468E-002
 1.53750000E+001, 2.68750000E-001, 2.00253265E-001,-1.16705082E-002,-2.33705738E-003,-8.32797906E-003
 1.54250000E+001, 2.71250000E-001, 1.98421631E-001,-7.04264779E-003,-1.39741366E-003,-5.04871808E-003
 1.54750000E+001, 2.73750000E-001, 1.96598649E-001,-2.51108817E-003,-4.93676542E-004,-1.80847020E-003
 1.55250000E+001, 2.76250000E-001, 1.94849061E-001, 2.64731125E-003, 5.15826110E-004, 1.91511786E-003
 1.55750000E+001, 2.78750000E-001, 1.93239069E-001, 8.95775486E-003, 1.73098821E-003, 6.50715817E-003
 1.56250000E+001, 2.81250000E-001, 1.91800879E-001, 1.66704074E-002, 3.19739879E-003, 1.21551571E-002
 1.56750000E+001, 2.83750000E-001, 1.90524533E-001, 2.56900986E-002, 4.89459404E-003, 1.87944654E-002
 1.57250000E+001, 2.86250000E-001, 1.89354381E-001, 3.56384030E-002, 6.74828774E-003, 2.61529217E-002
 1.57750000E+001, 2.88750000E-001, 1.88245036E-001, 4.59552106E-002, 8.65084026E-003, 3.38230411E-002
 1.58250000E+001, 2.91250000E-001, 1.87195578E-001, 5.67637826E-002, 1.06259291E-002, 4.18950964E-002
 1.58750000E+001, 2.93750000E-001, 1.86129408E-001, 6.73165100E-002, 1.25295821E-002, 4.98257395E-002
 1.59250000E+001, 2.96250000E-001, 1.84790901E-001, 7.54241094E-002, 1.39376892E-002, 5.60285725E-002
 1.59750000E+001, 2.98750000E-001, 1.82411384E-001, 7.90613048E-002, 1.44216820E-002, 5.91122740E-002
 1.60250000E+001, 3.01250000E-001, 1.79047573E-001, 7.37281655E-002, 1.32008491E-002, 5.56402237E-002
 1.60750000E+001, 3.03750000E-001, 1.73564147E-001, 5.29432256E-002, 9.18904577E-003, 4.05807479E-002
 1.61250000E+001, 3.06250000E-001, 1.64353239E-001, 1.93178224E-003, 3.17494667E-004, 1.52162871E-003
 1.61750000E+001, 3.08750000E-001, 1.53614272E-001,-6.37854155E-002,-9.79835017E-003,-5.19691082E-002
 1.62250000E+001, 3.11250000E-001, 1.48256145E-001,-8.88747851E-002,-1.31762330E-002,-7.37075322E-002
 1.62750000E+001, 3.13750000E-001, 1.45596758E-001,-9.31888350E-002,-1.35679923E-002,-7.79879830E-002
 1.63250000E+001, 3.16250000E-001, 1.43820339E-001,-8.89306209E-002,-1.27900321E-002,-7.48825851E-002
 1.63750000E+001, 3.18750000E-001, 1.42918495E-001,-7.51367380E-002,-1.07384295E-002,-6.34669720E-002
 1.64250000E+001, 3.21250000E-001, 1.42721196E-001,-5.77046268E-002,-8.23567334E-003,-4.87759860E-002
 1.64750000E+001, 3.23750000E-001, 1.42121014E-001,-4.29295192E-002,-6.10118678E-003,-3.63635718E-002
 1.65250000E+001, 3.26250000E-001, 1.40683370E-001,-3.41568028E-002,-4.80529414E-003,-2.90800728E-002
 1.65750000E+001, 3.28750000E-001, 1.38504522E-001,-3.08475377E-002,-4.27252346E-003,-2.64684302E-002
 1.66250000E+001, 3.31250000E-001, 1.36170369E-001,-3.04735154E-002,-4.14958983E-003,-2.63706545E-002
 1.66750000E+001, 3.33750000E-001, 1.34035337E-001,-2.81997448E-002,-3.77976231E-003,-2.45966058E-002
 1.67250000E+001, 3.36250000E-001, 1.32319921E-001,-2.18246684E-002,-2.88783839E-003,-1.91590820E-002
 1.67750000E+001, 3.38750000E-001, 1.31078511E-001,-1.09020247E-002,-1.42902116E-003,-9.61570366E-003
 1.68250000E+001, 3.41250000E-001, 1.30191035E-001, 3.47830498E-003, 4.52844125E-004, 3.07834136E-003
 1.68750000E+001, 3.43750000E-001, 1.29502848E-001, 1.92156537E-002, 2.48848188E-003, 1.70512084E-002
 1.69250000E+001, 3.46250000E-001, 1.28736803E-001, 3.45706720E-002, 4.45051780E-003, 3.07677771E-002
 1.69750000E+001, 3.48750000E-001, 1.27772377E-001, 4.85628511E-002, 6.20499094E-003, 4.33835759E-002
 1.70250000E+001, 3.51250000E-001, 1.26624888E-001, 6.10619706E-002, 7.73196516E-003, 5.47962625E-002
 1.70750000E+001, 3.53750000E-001, 1.25331625E-001, 7.23194369E-002, 9.06391253E-003, 6.52325506E-002
 1.71250000E+001, 3.56250000E-001, 1.23754421E-001, 8.06495528E-002, 9.98073872E-003, 7.32084582E-002
 1.71750000E+001, 3.58750000E-001, 1.21241901E-001, 8.39155199E-002, 1.01740772E-002, 7.69583201E-002
 1.72250000E+001, 3.61250000E-001, 1.17820451E-001, 7.70796469E-002, 9.08155874E-003, 7.17082354E-002
 1.72750000E+001, 3.63750000E-001, 1.12410524E-001, 5.17282107E-002, 5.81479527E-003, 4.92678521E-002
 1.73250000E+001, 3.66250000E-001, 1.03899254E-001,-5.09388281E-003,-5.29250626E-004,-5.04640838E-003
 1.73750000E+001, 3.68750000E-001, 9.62706277E-002,-5.79287613E-002,-5.57683821E-003,-5.96193173E-002
 1.74250000E+001, 3.71250000E-001, 9.24507093E-002,-7.36379494E-002,-6.80788066E-003,-7.73368041E-002
 1.74750000E+001, 3.73750000E-001, 9.00934030E-002,-7.50308220E-002,-6.75978208E-003,-7.98238862E-002
 1.75250000E+001, 3.76250000E-001, 8.82055013E-002,-6.97617037E-002,-6.15336605E-003,-7.50082271E-002
 1.75750000E+001, 3.78750000E-001, 8.67780883E-002,-5.90370806E-002,-5.12312499E-003,-6.39969818E-002
 1.76250000E+001, 3.81250000E-001, 8.54340741E-002,-4.81012855E-002,-4.10948879E-003,-5.25509756E-002
 1.76750000E+001, 3.83750000E-001, 8.39006240E-002,-3.85457566E-002,-3.23401303E-003,-4.24945895E-002
 1.77250000E+001, 3.86250000E-001, 8.23791665E-002,-2.92983123E-002,-2.41357055E-003,-3.25966947E-002
 1.77750000E+001, 3.88750000E-001, 8.10286927E-002,-1.74894274E-002,-1.41714543E-003,-1.96198568E-002
 1.78250000E+001, 3.91250000E-001, 7.99673324E-002,-1.73133407E-003,-1.38450167E-004,-1.95507863E-003
 1.78750000E+001, 3.93750000E-001, 7.91462131E-002, 1.74511784E-002, 1.38119469E-003, 1.98083977E-002
 1.79250000E+001, 3.96250000E-001, 7.84491925E-002, 3.78241978E-002, 2.96727777E-003, 4.31236136E-002
 1.79750000E+001, 3.98750000E-001, 7.76447921E-002, 5.76557245E-002, 4.47666674E-003, 6.60732891E-002
 1.80250000E+001, 4.01250000E-001, 7.65960232E-002, 7.56119460E-002, 5.79157437E-003, 8.72422712E-002
 1.80750000E+001, 4.03750000E-001, 7.52813374E-002, 9.13082243E-002, 6.87380525E-003, 1.06268828E-001
 1.81250000E+001, 4.06250000E-001, 7.37610808E-002, 1.05238129E-001, 7.76247810E-003, 1.23736874E-001
 1.81750000E+001, 4.08750000E-001, 7.21286906E-002, 1.18321360E-001, 8.53436479E-003, 1.40685322E-001
 1.82250000E+001, 4.11250000E-001, 7.04654333E-002, 1.31336340E-001, 9.25467208E-003, 1.57992512E-001
 1.82750000E+001, 4.13750000E-001, 6.88314176E-002, 1.45331517E-001, 1.00033743E-002, 1.76891151E-001
 1.83250000E+001, 4.16250000E-001, 6.73305697E-002, 1.61588352E-001, 1.08798358E-002, 1.98858229E-001
 1.83750000E+001, 4.18750000E-001, 6.60419591E-002, 1.81980336E-001, 1.20183379E-002, 2.26127898E-001
 1.84250000E+001, 4.21250000E-001, 6.50227013E-002, 2.04807683E-001, 1.33171488E-002, 2.56479937E-001
 1.84750000E+001, 4.23750000E-001, 6.34768763E-002, 2.23611737E-001, 1.41941746E-002, 2.83417381E-001
 1.85250000E+001, 4.26250000E-001, 6.01905843E-002, 2.25637342E-001, 1.35812435E-002, 2.93688103E-001
 1.85750000E+001, 4.28750000E-001, 5.47563031E-002, 1.96512819E-001, 1.07603155E-002, 2.68172033E-001
 1.86250000E+001, 4.31250000E-001, 4.57245558E-002, 1.10820694E-001, 5.06722702E-003, 1.65495343E-001
 1.86750000E+001, 4.33750000E-001, 3.80140403E-002, 3.01788731E-002, 1.14722090E-003, 4.94277296E-002
 1.87250000E+001, 4.36250000E-001, 3.41251785E-002, 6.70027674E-003, 2.28648140E-004, 1.15823033E-002
 1.87750000E+001, 4.38750000E-001, 3.13243297E-002, 1.38287030E-003, 4.33174851E-005, 2.49505551E-003
 1.88250000E+001, 4.41250000E-001, 2.87640307E-002, 2.72768228E-004, 7.84591369E-006, 5.13580552E-004
 1.88750000E+001, 4.43750000E-001, 2.62525257E-002, 5.15180203E-005, 1.35247815E-006, 1.01534417E-004
 1.89250000E+001, 4.46250000E-001, 2.37504319E-002, 9.28992202E-006, 2.20639661E-007, 1.92493456E-005
 1.89750000E+001, 4.48750000E-001, 2.12500698E-002, 1.59252171E-006, 3.38411976E-008, 3.48854910E-006
 1.90250000E+001, 4.51250000E-001, 1.87500106E-002, 2.58192358E-007, 4.84110945E-009, 6.02118934E-007
 1.90750000E+001, 4.53750000E-001, 1.62500015E-002, 3.93514331E-008, 6.39460846E-010, 9.85765260E-008
 1.91250000E+001, 4.56250000E-001, 1.37500002E-002, 5.59763023E-009, 7.69674168E-011, 1.52437744E-008
 1.91750000E+001, 4.58750000E-001, 1.12500000E-002, 7.36674751E-010, 8.28759097E-012, 2.21788581E-009
 1.92250000E+001, 4.61250000E-001, 8.75000000E-003, 8.87545546E-011, 7.76602353E-013, 3.02988595E-010
 1.92750000E+001, 4.63750000E-001, 6.25000000E-003, 9.68030603E-012, 6.05019127E-014, 3.91010786E-011
 1.93250000E+001, 4.66250000E-001, 3.75000000E-003, 9.20694649E-013, 3.45260493E-015, 4.80108775E-012
 1.93750000E+001, 4.68750000E-001, 1.25000000E-003, 8.38539658E-014, 1.04817457E-016, 7.57370280E-013
 1.94250000E+001, 4.71250000E-001, 0.00000000E+000, 0.00000000E+000, 0.00000000E+000, 0.00000000E+000
 1.94750000E+001, 4.73750000E-001, 0.00000000E+000, 0.00000000E+000, 0.00000000E+000, 0.00000000E+000
 1.95250000E+001, 4.76250000E-001, 0.00000000E+000, 0.00000000E+000, 0.00000000E+000, 0.00000000E+000
 1.95750000E+001, 4.78750000E-001, 0.00000000E+000, 0.00000000E+000, 0.00000000E+000, 0.00000000E+000
 1.96250000E+001, 4.81250000E-001, 0.00000000E+000, 0.00000000E+000, 0.00000000E+000, 0.00000000E+000
 1.96750000E+001, 4.83750000E-001, 0.00000000E+000, 0.00000000E+000, 0.00000000E+000, 0.00000000E+000
 1.97250000E+001, 4.86250000E-001, 0.00000000E+000, 0.00000000E+000, 0.00000000E+000, 0.00000000E+000
 1.97750000E+001, 4.88750000E-001, 0.00000000E+000, 0.00000000E+000, 0.00000000E+000, 0.00000000E+000
 1.98250000E+001, 4.91250000E-001, 0.00000000E+000, 0.00000000E+000, 0.00000000E+000, 0.00000000E+000
 1.98750000E+001, 4.93750000E-001, 0.00000000E+000, 0.00000000E+000, 0.00000000E+000, 0.00000000E+000
 1.99250000E+001, 4.96250000E-001, 0.00000000E+000, 0.00000000E+000, 0.00000000E+000, 0.00000000E+000
 1.99750000E+001, 4.98750000E-001, 0.00000000E+000, 0.00000000E+000, 0.00000000E+000, 0.00000000E+000
 2.00250000E+001, 5.01250000E-001, 0.00000000E+000, 0.00000000E+000, 0.00000000E+000, 0.00000000E+000
 2.00750000E+001, 5.03750000E-001, 0.00000000E+000, 0.00000000E+000, 0.00000000E+000, 0.00000000E+000
 2.01250000E+001, 5.06250000E-001, 0.00000000E+000, 0.00000000E+000, 0.00000000E+000, 0.00000000E+000
 2.01750000E+001, 5.08750000E-001, 0.00000000E+000, 0.00000000E+000, 0.00000000E+000, 0.00000000E+000
 2.02250000E+001, 5.11250000E-001, 0.00000000E+000, 0.00000000E+000, 0.00000000E+000, 0.00000000E+000
 2.02750000E+001, 5.13750000E-001, 0.00000000E+000, 0.00000000E+000, 0.00000000E+000, 0.00000000E+000
 2.03250000E+001, 5.16250000E-001, 0.00000000E+000, 0.00000000E+000, 0.00000000E+000, 0.00000000E+000
 2.03750000E+001, 5.18750000E-001, 0.00000000E+000, 0.00000000E+000, 0.00000000E+000, 0.00000000E+000
 2.04250000E+001, 5.21250000E-001, 0.00000000E+000, 0.00000000E+000, 0.00000000E+000, 0.00000000E+000
 2.04750000E+001, 5.23750000E-001, 0.00000000E+000, 0.00000000E+000, 0.00000000E+000, 0.00000000E+000
 2.05250000E+001, 5.26250000E-001, 0.00000000E+000, 0.00000000E+000, 0.00000000E+000, 0.00000000E+000
 2.05750000E+001, 5.28750000E-001, 0.00000000E+000, 0.00000000E+000, 0.00000000E+000, 0.00000000E+000
 2.06250000E+001, 5.31250000E-001, 0.00000000E+000, 0.00000000E+000, 0.00000000E+000, 0.00000000E+000
 2.06750000E+001, 5.33750000E-001, 0.00000000E+000, 0.00000000E+000, 0.00000000E+000, 0.00000000E+000
 2.07250000E+001, 5.36250000E-001, 0.00000000E+000, 0.00000000E+000, 0.00000000E+000, 0.00000000E+000
 2.07750000E+001, 5.38750000E-001, 0.00000000E+000, 0.00000000E+000, 0.00000000E+000, 0.00000000E+000
 2.08250000E+001, 5.41250000E-001, 0.00000000E+000, 0.00000000E+000, 0.00000000E+000, 0.00000000E+000
 2.08750000E+001, 5.43750000E-001, 0.00000000E+000, 0.00000000E+000, 0.00000000E+000, 0.00000000E+000
 2.09250000E+001, 5.46250000E-001, 0.00000000E+000, 0.00000000E+000, 0.00000000E+000, 0.00000000E+000
 2.09750000E+001, 5.48750000E-001, 0.00000000E+000, 0.00000000E+000, 0.00000000E+000, 0.00000000E+000
 2.10250000E+001, 5.51250000E-001, 0.00000000E+000, 0.00000000E+000, 0.00000000E+000, 0.00000000E+000
 2.10750000E+001, 5.53750000E-001, 0.00000000E+000, 0.00000000E+000, 0.00000000E+000, 0.00000000E+000
 2.11250000E+001, 5.56250000E-001, 0.00000000E+000, 0.00000000E+000, 0.00000000E+000, 0.00000000E+000
 2.11750000E+001, 5.58750000E-001, 0.00000000E+000, 0.00000000E+000, 0.00000000E+000, 0.00000000E+000
 2.12250000E+001, 5.61250000E-001, 0.00000000E+000, 0.00000000E+000, 0.00000000E+000, 0.00000000E+000
 2.12750000E+001, 5.63750000E-001, 0.00000000E+000, 0.00000000E+000, 0.00000000E+000, 0.00000000E+000
 2.13250000E+001, 5.66250000E-001, 0.00000000E+000, 0.00000000E+000, 0.00000000E+000, 0.00000000E+000
 2.13750000E+001, 5.68750000E-001, 0.00000000E+000, 0.00000000E+000, 0.00000000E+000, 0.00000000E+000
 2.14250000E+001, 5.71250000E-001, 0.00000000E+000, 0.00000000E+000, 0.00000000E+000, 0.00000000E+000
 2.14750000E+001, 5.73750000E-001, 0.00000000E+000, 0.00000000E+000, 0.00000000E+000, 0.00000000E+000
 2.15250000E+001, 5.76250000E-001, 0.00000000E+000, 0.00000000E+000, 0.00000000E+000, 0.00000000E+000
 2.15750000E+001, 5.78750000E-001, 0.00000000E+000, 0.00000000E+000, 0.00000000E+000, 0.00000000E+000
 2.16250000E+001, 5.81250000E-001, 0.00000000E+000, 0.00000000E+000, 0.00000000E+000, 0.00000000E+000
 2.16750000E+001, 5.83750000E-001, 0.00000000E+000, 0.00000000E+000, 0.00000000E+000, 0.00000000E+000
 2.17250000E+001, 5.86250000E-001, 0.00000000E+000, 0.00000000E+000, 0.00000000E+000, 0.00000000E+000
 2.17750000E+001, 5.88750000E-001, 0.00000000E+000, 0.00000000E+000, 0.00000000E+000, 0.00000000E+000
 2.18250000E+001, 5.91250000E-001, 0.00000000E+000, 0.00000000E+000, 0.00000000E+000, 0.00000000E+000
 2.18750000E+001, 5.93750000E-001, 0.00000000E+000, 0.00000000E+000, 0.00000000E+000, 0.00000000E+000
 2.19250000E+001, 5.96250000E-001, 0.00000000E+000, 0.00000000E+000, 0.00000000E+000, 0.00000000E+000
 2.19750000E+001, 5.98750000E-001, 0.00000000E+000, 0.00000000E+000, 0.00000000E+000, 0.00000000E+000
 2.20250000E+001, 6.01250000E-001, 0.00000000E+000, 0.00000000E+000, 0.00000000E+000, 0.00000000E+000
 2.20750000E+001, 6.03750000E-001, 0.00000000E+000, 0.00000000E+000, 0.00000000E+000, 0.00000000E+000
 2.21250000E+001, 6.06250000E-001, 0.00000000E+000, 0.00000000E+000, 0.00000000E+000, 0.00000000E+000
 2.21750000E+001, 6.08750000E-001, 0.00000000E+000, 0.00000000E+000, 0.00000000E+000, 0.00000000E+000
 2.22250000E+001, 6.11250000E-001, 0.00000000E+000, 0.00000000E+000, 0.00000000E+000, 0.00000000E+000
 2.22750000E+001, 6.13750000E-001, 0.00000000E+000, 0.00000000E+000, 0.00000000E+000, 0.00000000E+000
 2.23250000E+001, 6.16250000E-001, 0.00000000E+000, 0.00000000E+000, 0.00000000E+000, 0.00000000E+000
 2.23750000E+001, 6.18750000E-001, 0.00000000E+000, 0.00000000E+000, 0.00000000E+000, 0.00000000E+000
 2.24250000E+001, 6.21250000E-001, 0.00000000E+000, 0.00000000E+000, 0.00000000E+000, 0.00000000E+000
 2.24750000E+001, 6.23750000E-001, 0.00000000E+000, 0.00000000E+000, 0.00000000E+000, 0.00000000E+000
 2.25250000E+001, 6.26250000E-001, 0.00000000E+000, 0.00000000E+000, 0.00000000E+000, 0.00000000E+000
 2.25750000E+001, 6.28750000E-001, 0.00000000E+000, 0.00000000E+000, 0.00000000E+000, 0.00000000E+000
 2.26250000E+001, 6.31250000E-001, 0.00000000E+000, 0.00000000E+000, 0.00000000E+000, 0.00000000E+000
 2.26750000E+001, 6.33750000E-001, 0.00000000E+000, 0.00000000E+000, 0.00000000E+000, 0.00000000E+000
 2.27250000E+001, 6.36250000E-001, 0.00000000E+000, 0.00000000E+000, 0.00000000E+000, 0.00000000E+000
 2.27750000E+001, 6.38750000E-001, 0.00000000E+000, 0.00000000E+000, 0.00000000E+000, 0.00000000E+000
 2.28250000E+001, 6.41250000E-001, 0.00000000E+000, 0.00000000E+000, 0.00000000E+000, 0.00000000E+000
 2.28750000E+001, 6.43750000E-001, 0.00000000E+000, 0.00000000E+000, 0.00000000E+000, 0.00000000E+000
 2.29250000E+001, 6.46250000E-001, 0.00000000E+000, 0.00000000E+000, 0.00000000E+000, 0.00000000E+000
 2.29750000E+001, 6.48750000E-001, 0.00000000E+000, 0.00000000E+000, 0.00000000E+000, 0.00000000E+000
 2.30250000E+001, 6.51250000E-001, 0.00000000E+000, 0.00000000E+000, 0.00000000E+000, 0.00000000E+000
 2.30750000E+001, 6.53750000E-001, 0.00000000E+000, 0.00000000E+000, 0.00000000E+000, 0.00000000E+000
 2.31250000E+001, 6.56250000E-001, 0.00000000E+000, 0.00000000E+000, 0.00000000E+000, 0.00000000E+000
 2.31750000E+001, 6.58750000E-001, 0.00000000E+000, 0.00000000E+000, 0.00000000E+000, 0.00000000E+000
 2.32250000E+001, 6.61250000E-001, 0.00000000E+000, 0.00000000E+000, 0.00000000E+000, 0.00000000E+000
 2.32750000E+001, 6.63750000E-001, 0.00000000E+000, 0.00000000E+000, 0.00000000E+000, 0.00000000E+000
 2.33250000E+001, 6.66250000E-001, 0.00000000E+000, 0.00000000E+000, 0.00000000E+000, 0.00000000E+000
 2.33750000E+001, 6.68750000E-001, 0.00000000E+000, 0.00000000E+000, 0.00000000E+000, 0.00000000E+000
 2.34250000E+001, 6.71250000E-001, 0.00000000E+000, 0.00000000E+000, 0.00000000E+000, 0.00000000E+000
 2.34750000E+001, 6.73750000E-001, 0.00000000E+000, 0.00000000E+000, 0.00000000E+000, 0.00000000E+000
 2.35250000E+001, 6.76250000E-001, 0.00000000E+000, 0.00000000E+000, 0.00000000E+000, 0.00000000E+000
 2.35750000E+001, 6.78750000E-001, 0.00000000E+000, 0.00000000E+000, 0.00000000E+000, 0.00000000E+000
 2.36250000E+001, 6.81250000E-001, 0.00000000E+000, 0.00000000E+000, 0.00000000E+000, 0.00000000E+000
 2.36750000E+001, 6.83750000E-001, 0.00000000E+000, 0.00000000E+000, 0.00000000E+000, 0.00000000E+000
 2.37250000E+001, 6.86250000E-001, 0.00000000E+000, 0.00000000E+000, 0.00000000E+000, 0.00000000E+000
 2.37750000E+001, 6.88750000E-001, 0.00000000E+000, 0.00000000E+000, 0.00000000E+000, 0.00000000E+000
 2.38250000E+001, 6.91250000E-001, 0.00000000E+000, 0.00000000E+000, 0.00000000E+000, 0.00000000E+000
 2.38750000E+001, 6.93750000E-001, 0.00000000E+000, 0.00000000E+000, 0.00000000E+000, 0.00000000E+000
 2.39250000E+001, 6.96250000E-001, 0.00000000E+000, 0.00000000E+000, 0.00000000E+000, 0.00000000E+000
 2.39750000E+001, 6.98750000E-001, 0.00000000E+000, 0.00000000E+000, 0.00000000E+000, 0.00000000E+000
 2.40250000E+001, 7.01250000E-001, 0.00000000E+000, 0.00000000E+000, 0.00000000E+000, 0.00000000E+000
 2.40750000E+001, 7.03750000E-001, 0.00000000E+000, 0.00000000E+000, 0.00000000E+000, 0.00000000E+000
 2.41250000E+001, 7.06250000E-001, 0.00000000E+000, 0.00000000E+000, 0.00000000E+000, 0.00000000E+000
 2.41750000E+001, 7.08750000E-001, 0.00000000E+000, 0.00000000E+000, 0.00000000E+000, 0.00000000E+000
 2.42250000E+001, 7.11250000E-001, 0.00000000E+000, 0.00000000E+000, 0.00000000E+000, 0.00000000E+000
 2.42750000E+001, 7.13750000E-001, 0.00000000E+000, 0.00000000E+000, 0.00000000E+000, 0.00000000E+000
 2.43250000E+001, 7.16250000E-001, 0.00000000E+000, 0.00000000E+000, 0.00000000E+000, 0.00000000E+000
 2.43750000E+001, 7.18750000E-001, 0.00000000E+000, 0.00000000E+000, 0.00000000E+000, 0.00000000E+000
 2.44250000E+001, 7.21250000E-001, 0.00000000E+000, 0.00000000E+000, 0.00000000E+000, 0.00000000E+000
 2.44750000E+001, 7.23750000E-001, 0.00000000E+000, 0.00000000E+000, 0.00000000E+000, 0.00000000E+000
 2.45250000E+001, 7.26250000E-001, 0.00000000E+000, 0.00000000E+000, 0.00000000E+000, 0.00000000E+000
 2.45750000E+001, 7.28750000E-001, 0.00000000E+000, 0.00000000E+000, 0.00000000E+000, 0.00000000E+000
 2.46250000E+001, 7.31250000E-001, 0.00000000E+000, 0.00000000E+000, 0.00000000E+000, 0.00000000E+000
 2.46750000E+001, 7.33750000E-001, 0.00000000E+000, 0.00000000E+000, 0.00000000E+000, 0.00000000E+000
 2.47250000E+001, 7.36250000E-001, 0.00000000E+000, 0.00000000E+000, 0.00000000E+000, 0.00000000E+000
 2.47750000E+001, 7.38750000E-001, 0.00000000E+000, 0.00000000E+000, 0.00000000E+000, 0.00000000E+000
 2.48250000E+001, 7.41250000E-001, 0.00000000E+000, 0.00000000E+000, 0.00000000E+000, 0.00000000E+000
 2.48750000E+001, 7.43750000E-001, 0.00000000E+000, 0.00000000E+000, 0.00000000E+000, 0.00000000E+000
 2.49250000E+001, 7.46250000E-001, 0.00000000E+000, 0.00000000E+000, 0.00000000E+000, 0.00000000E+000
 2.49750000E+001, 7.48750000E-001, 0.00000000E+000, 0.00000000E+000, 0.00000000E+000, 0.00000000E+000
