   10.000564254163796      ,         500
X,ZB,H,U,Q,FR
 2.50000000E-002, 0.00000000E+000, 4.40990577E-001,-1.34898356E-001,-5.94889038E-002,-6.48681721E-002
 7.50000000E-002, 0.00000000E+000, 4.41649827E-001,-1.30447857E-001,-5.76122734E-002,-6.26812393E-002
 1.25000000E-001, 0.00000000E+000, 4.43222999E-001,-1.24177081E-001,-5.50381381E-002,-5.95620943E-002
 1.75000000E-001, 0.00000000E+000, 4.45072134E-001,-1.13943017E-001,-5.07128615E-002,-5.45396278E-002
 2.25000000E-001, 0.00000000E+000, 4.47824389E-001,-1.02762624E-001,-4.60196092E-002,-4.90366702E-002
 2.75000000E-001, 0.00000000E+000, 4.50641474E-001,-8.81872217E-002,-3.97408196E-002,-4.19497851E-002
 3.25000000E-001, 0.00000000E+000, 4.54075898E-001,-7.33648224E-002,-3.33131976E-002,-3.47666867E-002
 3.75000000E-001, 0.00000000E+000, 4.57541206E-001,-5.66889638E-002,-2.59375369E-002,-2.67622776E-002
 4.25000000E-001, 0.00000000E+000, 4.61281641E-001,-3.98154386E-002,-1.83661309E-002,-1.87200963E-002
 4.75000000E-001, 0.00000000E+000, 4.65083074E-001,-2.23194650E-002,-1.03804054E-002,-1.04510078E-002
 5.25000000E-001, 0.00000000E+000, 4.68981706E-001,-4.57628671E-003,-2.14619475E-003,-2.13390427E-003
 5.75000000E-001, 0.00000000E+000, 4.72775715E-001, 1.26740650E-002, 5.99199013E-003, 5.88610503E-003
 6.25000000E-001, 0.00000000E+000, 4.76333513E-001, 2.88063298E-002, 1.37214203E-002, 1.33282159E-002
 6.75000000E-001, 0.00000000E+000, 4.79691214E-001, 4.39766799E-002, 2.10952270E-002, 2.02759502E-002
 7.25000000E-001, 0.00000000E+000, 4.82928636E-001, 5.85401523E-002, 2.82707159E-002, 2.68999844E-002
 7.75000000E-001, 0.00000000E+000, 4.86099015E-001, 7.27366185E-002, 3.53571986E-002, 3.33142772E-002
 8.25000000E-001, 0.00000000E+000, 4.89152018E-001, 8.63508301E-002, 4.22386828E-002, 3.94261392E-002
 8.75000000E-001, 0.00000000E+000, 4.91940934E-001, 9.87344159E-002, 4.85715008E-002, 4.49522815E-002
 9.25000000E-001, 0.00000000E+000, 4.94265796E-001, 1.09014837E-001, 5.38823050E-002, 4.95159354E-002
 9.75000000E-001, 0.00000000E+000, 4.95968339E-001, 1.16520453E-001, 5.77904557E-002, 5.28341649E-002
 1.02500000E+000, 0.00000000E+000, 4.96995733E-001, 1.21052926E-001, 6.01627879E-002, 5.48325725E-002
 1.07500000E+000, 0.00000000E+000, 4.97446187E-001, 1.23049074E-001, 6.12102927E-002, 5.57115133E-002
 1.12500000E+000, 0.00000000E+000, 4.97530378E-001, 1.23427842E-001, 6.14091007E-002, 5.58782752E-002
 1.17500000E+000, 0.00000000E+000, 4.97471910E-001, 1.23090074E-001, 6.12338540E-002, 5.57286353E-002
 1.22500000E+000, 0.00000000E+000, 4.97173293E-001, 1.21832927E-001, 6.05720776E-002, 5.51760290E-002
 1.27500000E+000, 0.00000000E+000, 4.96501465E-001, 1.18793902E-001, 5.89813466E-002, 5.38360938E-002
 1.32500000E+000, 0.00000000E+000, 4.95257100E-001, 1.13348518E-001, 5.61366584E-002, 5.14327979E-002
 1.37500000E+000, 0.00000000E+000, 4.93302442E-001, 1.04647712E-001, 5.16229719E-002, 4.75787210E-002
 1.42500000E+000, 0.00000000E+000, 4.90465321E-001, 9.20826708E-002, 4.51633567E-002, 4.19868615E-002
 1.47500000E+000, 0.00000000E+000, 4.86634783E-001, 7.49794912E-002, 3.64876284E-002, 3.43226312E-002
 1.52500000E+000, 0.00000000E+000, 4.81699997E-001, 5.28499100E-002, 2.54578015E-002, 2.43161934E-002
 1.57500000E+000, 0.00000000E+000, 4.75573665E-001, 2.52066912E-002, 1.19876385E-002, 1.16720355E-002
 1.62500000E+000, 0.00000000E+000, 4.68185726E-001,-8.42238222E-003,-3.94323914E-003,-3.93066038E-003
 1.67500000E+000, 0.00000000E+000, 4.59874477E-001,-4.64116228E-002,-2.13435208E-002,-2.18547961E-002
 1.72500000E+000, 0.00000000E+000, 4.53366905E-001,-7.66226117E-002,-3.47381563E-002,-3.63388938E-002
 1.77500000E+000, 0.00000000E+000, 4.49221234E-001,-9.60041376E-002,-4.31270972E-002,-4.57403487E-002
 1.82500000E+000, 0.00000000E+000, 4.46838878E-001,-1.07194065E-001,-4.78984759E-002,-5.12076592E-002
 1.87500000E+000, 0.00000000E+000, 4.45658160E-001,-1.12746292E-001,-5.02463052E-002,-5.39313133E-002
 1.92500000E+000, 0.00000000E+000, 4.45216690E-001,-1.14803326E-001,-5.11123569E-002,-5.49424994E-002
 1.97500000E+000, 0.00000000E+000, 4.45146556E-001,-1.15106188E-001,-5.12391233E-002,-5.50917823E-002
 2.02500000E+000, 0.00000000E+000, 4.45214365E-001,-1.14705620E-001,-5.10685900E-002,-5.48958827E-002
 2.07500000E+000, 0.00000000E+000, 4.45483894E-001,-1.13322095E-001,-5.04831680E-002,-5.42173453E-002
 2.12500000E+000, 0.00000000E+000, 4.46061810E-001,-1.10518762E-001,-4.92981992E-002,-5.28418667E-002
 2.17500000E+000, 0.00000000E+000, 4.46998191E-001,-1.05997499E-001,-4.73806901E-002,-5.06270232E-002
 2.22500000E+000, 0.00000000E+000, 4.48321232E-001,-9.97294314E-002,-4.47108215E-002,-4.75629024E-002
 2.27500000E+000, 0.00000000E+000, 4.50005448E-001,-9.17896720E-002,-4.13058525E-002,-4.36942803E-002
 2.32500000E+000, 0.00000000E+000, 4.52011104E-001,-8.24300148E-002,-3.72592820E-002,-3.91516874E-002
 2.37500000E+000, 0.00000000E+000, 4.54274346E-001,-7.19286217E-002,-3.26753275E-002,-3.40786429E-002
 2.42500000E+000, 0.00000000E+000, 4.56733170E-001,-6.05889926E-002,-2.76730027E-002,-2.86287320E-002
 2.47500000E+000, 0.00000000E+000, 4.59330400E-001,-4.86730925E-002,-2.23570310E-002,-2.29332711E-002
 2.52500000E+000, 0.00000000E+000, 4.61990905E-001,-3.65118102E-002,-1.68681242E-002,-1.71536407E-002
 2.57500000E+000, 0.00000000E+000, 4.64544115E-001,-2.48592084E-002,-1.15481990E-002,-1.16469838E-002
 2.62500000E+000, 0.00000000E+000, 4.66994121E-001,-1.37021451E-002,-6.39882123E-003,-6.40283802E-003
 2.67500000E+000, 0.00000000E+000, 4.69382136E-001,-2.84049254E-003,-1.33327646E-003,-1.32394527E-003
 2.72500000E+000, 0.00000000E+000, 4.71739108E-001, 7.87073311E-003, 3.71293262E-003, 3.65934962E-003
 2.77500000E+000, 0.00000000E+000, 4.74087708E-001, 1.85328678E-002, 8.78620485E-003, 8.59513970E-003
 2.82500000E+000, 0.00000000E+000, 4.76439811E-001, 2.91846025E-002, 1.39047065E-002, 1.35017300E-002
 2.87500000E+000, 0.00000000E+000, 4.78804651E-001, 3.98612156E-002, 1.90857355E-002, 1.83954755E-002
 2.92500000E+000, 0.00000000E+000, 4.81197481E-001, 5.06278596E-002, 2.43619985E-002, 2.33059899E-002
 2.97500000E+000, 0.00000000E+000, 4.83628956E-001, 6.15144222E-002, 2.97501558E-002, 2.82462280E-002
 3.02500000E+000, 0.00000000E+000, 4.85983357E-001, 7.20305683E-002, 3.50056574E-002, 3.29948229E-002
 3.07500000E+000, 0.00000000E+000, 4.88137353E-001, 8.16150697E-002, 3.98393640E-002, 3.73025906E-002
 3.12500000E+000, 0.00000000E+000, 4.89984943E-001, 8.98077447E-002, 4.40044427E-002, 4.09696338E-002
 3.17500000E+000, 0.00000000E+000, 4.91426765E-001, 9.61815942E-002, 4.72662097E-002, 4.38129229E-002
 3.22500000E+000, 0.00000000E+000, 4.92404087E-001, 1.00489722E-001, 4.94815500E-002, 4.57299241E-002
 3.27500000E+000, 0.00000000E+000, 4.92931174E-001, 1.02810170E-001, 5.06783379E-002, 4.67608712E-002
 3.32500000E+000, 0.00000000E+000, 4.93108902E-001, 1.03595748E-001, 5.10839855E-002, 4.71096814E-002
 3.37500000E+000, 0.00000000E+000, 4.93109359E-001, 1.03587498E-001, 5.10799647E-002, 4.71059080E-002
 3.42500000E+000, 0.00000000E+000, 4.92987180E-001, 1.03055711E-001, 5.08051442E-002, 4.68698872E-002
 3.47500000E+000, 0.00000000E+000, 4.92605242E-001, 1.01393075E-001, 4.99467603E-002, 4.61315916E-002
 3.52500000E+000, 0.00000000E+000, 4.91774815E-001, 9.77514397E-002, 4.80716962E-002, 4.45122635E-002
 3.57500000E+000, 0.00000000E+000, 4.90230791E-001, 9.09411744E-002, 4.45821638E-002, 4.14762921E-002
 3.62500000E+000, 0.00000000E+000, 4.87605816E-001, 7.93196667E-002, 3.86767308E-002, 3.62732192E-002
 3.67500000E+000, 0.00000000E+000, 4.83436134E-001, 6.07355083E-002, 2.93617393E-002, 2.78941271E-002
 3.72500000E+000, 0.00000000E+000, 4.77240076E-001, 3.28636670E-002, 1.56838590E-002, 1.51910302E-002
 3.77500000E+000, 0.00000000E+000, 4.68793743E-001,-5.44930761E-003,-2.55460131E-003,-2.54149980E-003
 3.82500000E+000, 0.00000000E+000, 4.60193414E-001,-4.50105030E-002,-2.07135371E-002,-2.11876761E-002
 3.87500000E+000, 0.00000000E+000, 4.55047035E-001,-6.90282989E-002,-3.14111228E-002,-3.26767372E-002
 3.92500000E+000, 0.00000000E+000, 4.52359674E-001,-8.16529521E-002,-3.69365028E-002,-3.87676618E-002
 3.97500000E+000, 0.00000000E+000, 4.51115821E-001,-8.75185144E-002,-3.94809865E-002,-4.16097941E-002
 4.02500000E+000, 0.00000000E+000, 4.50656763E-001,-8.96882748E-002,-4.04186276E-002,-4.26630974E-002
 4.07500000E+000, 0.00000000E+000, 4.50571453E-001,-9.00949585E-002,-4.05942164E-002,-4.28606065E-002
 4.12500000E+000, 0.00000000E+000, 4.50612879E-001,-8.98507353E-002,-4.04878985E-002,-4.27424581E-002
 4.17500000E+000, 0.00000000E+000, 4.50801927E-001,-8.88862956E-002,-4.00701133E-002,-4.22748022E-002
 4.22500000E+000, 0.00000000E+000, 4.51212958E-001,-8.68503985E-002,-3.91880252E-002,-4.12877002E-002
 4.27500000E+000, 0.00000000E+000, 4.51885694E-001,-8.35714215E-002,-3.77647298E-002,-3.96993277E-002
 4.32500000E+000, 0.00000000E+000, 4.52828408E-001,-7.90356420E-002,-3.57895839E-002,-3.75055736E-002
 4.37500000E+000, 0.00000000E+000, 4.54024484E-001,-7.33492787E-002,-3.33023684E-002,-3.47612887E-002
 4.42500000E+000, 0.00000000E+000, 4.55440867E-001,-6.66920627E-002,-3.03742909E-002,-3.15571526E-002
 4.47500000E+000, 0.00000000E+000, 4.57036111E-001,-5.92718467E-002,-2.70893743E-002,-2.79970878E-002
 4.52500000E+000, 0.00000000E+000, 4.58767461E-001,-5.12891959E-002,-2.35298142E-002,-2.41807209E-002
 4.57500000E+000, 0.00000000E+000, 4.60596190E-001,-4.29162311E-002,-1.97670525E-002,-2.01930101E-002
 4.62500000E+000, 0.00000000E+000, 4.62484372E-001,-3.43218989E-002,-1.58733419E-002,-1.61161921E-002
 4.67500000E+000, 0.00000000E+000, 4.64330722E-001,-2.59305929E-002,-1.20403709E-002,-1.21517380E-002
 4.72500000E+000, 0.00000000E+000, 4.66111390E-001,-1.78559857E-002,-8.32287832E-003,-8.35177202E-003
 4.77500000E+000, 0.00000000E+000, 4.67853012E-001,-9.96127525E-003,-4.66041263E-003,-4.65050252E-003
 4.82500000E+000, 0.00000000E+000, 4.69574008E-001,-2.15535459E-003,-1.01209849E-003,-1.00439921E-003
 4.87500000E+000, 0.00000000E+000, 4.71287744E-001, 5.62257460E-003, 2.64985050E-003, 2.61536201E-003
 4.92500000E+000, 0.00000000E+000, 4.73000695E-001, 1.34042903E-002, 6.34023865E-003, 6.22375653E-003
 4.97500000E+000, 0.00000000E+000, 4.74718695E-001, 2.12052813E-002, 1.00665435E-002, 9.82800863E-003
 5.02500000E+000, 0.00000000E+000, 4.76450313E-001, 2.90601140E-002, 1.38457004E-002, 1.34439895E-002
 5.07500000E+000, 0.00000000E+000, 4.78209214E-001, 3.70199200E-002, 1.77032668E-002, 1.70948843E-002
 5.12500000E+000, 0.00000000E+000, 4.80013212E-001, 4.51375002E-002, 2.16665965E-002, 2.08041782E-002
 5.17500000E+000, 0.00000000E+000, 4.81792224E-001, 5.31245516E-002, 2.55949959E-002, 2.44402162E-002
 5.22500000E+000, 0.00000000E+000, 4.83414307E-001, 6.03799963E-002, 2.91885540E-002, 2.77314764E-002
 5.27500000E+000, 0.00000000E+000, 4.84800846E-001, 6.65585464E-002, 3.22676396E-002, 3.05254309E-002
 5.32500000E+000, 0.00000000E+000, 4.85880432E-001, 7.13496739E-002, 3.46674104E-002, 3.26863891E-002
 5.37500000E+000, 0.00000000E+000, 4.86611290E-001, 7.45760638E-002, 3.62895546E-002, 3.41387822E-002
 5.42500000E+000, 0.00000000E+000, 4.87005517E-001, 7.63074825E-002, 3.71621649E-002, 3.49172348E-002
 5.47500000E+000, 0.00000000E+000, 4.87140407E-001, 7.68959201E-002, 3.74591098E-002, 3.51816237E-002
 5.52500000E+000, 0.00000000E+000, 4.87143266E-001, 7.68884728E-002, 3.74557018E-002, 3.51781132E-002
 5.57500000E+000, 0.00000000E+000, 4.87054414E-001, 7.65060941E-002, 3.72626308E-002, 3.50063594E-002
 5.62500000E+000, 0.00000000E+000, 4.86780226E-001, 7.53070041E-002, 3.66579605E-002, 3.44674032E-002
 5.67500000E+000, 0.00000000E+000, 4.86190443E-001, 7.27128731E-002, 3.53523040E-002, 3.33002700E-002
 5.72500000E+000, 0.00000000E+000, 4.85113912E-001, 6.79482357E-002, 3.29626344E-002, 3.11527205E-002
 5.77500000E+000, 0.00000000E+000, 4.83328476E-001, 6.00069858E-002, 2.90030850E-002, 2.75626062E-002
 5.82500000E+000, 0.00000000E+000, 4.80569233E-001, 4.76627853E-002, 2.29052682E-002, 2.19553869E-002
 5.87500000E+000, 0.00000000E+000, 4.76572795E-001, 2.96530870E-002, 1.41318546E-002, 1.37165518E-002
 5.92500000E+000, 0.00000000E+000, 4.71195641E-001, 5.25309679E-003, 2.47523631E-003, 2.44373680E-003
 5.97500000E+000, 0.00000000E+000, 4.65173462E-001,-2.22245271E-002,-1.03382602E-002,-1.04055424E-002
 6.02500000E+000, 0.00000000E+000, 4.61090920E-001,-4.11311723E-002,-1.89652101E-002,-1.93427163E-002
 6.07500000E+000, 0.00000000E+000, 4.58778597E-001,-5.18946116E-002,-2.38081371E-002,-2.44658523E-002
 6.12500000E+000, 0.00000000E+000, 4.57588530E-001,-5.74560432E-002,-2.62912263E-002,-2.71230052E-002
 6.17500000E+000, 0.00000000E+000, 4.57064891E-001,-5.99123158E-002,-2.73838161E-002,-2.82987227E-002
 6.22500000E+000, 0.00000000E+000, 4.56902466E-001,-6.06683560E-002,-2.77195215E-002,-2.86609205E-002
 6.27500000E+000, 0.00000000E+000, 4.56891556E-001,-6.06889765E-002,-2.77282809E-002,-2.86710043E-002
 6.32500000E+000, 0.00000000E+000, 4.56950204E-001,-6.03451713E-002,-2.75747383E-002,-2.85067525E-002
 6.37500000E+000, 0.00000000E+000, 4.57131772E-001,-5.94057160E-002,-2.71562402E-002,-2.80573849E-002
 6.42500000E+000, 0.00000000E+000, 4.57478825E-001,-5.76860518E-002,-2.63901472E-002,-2.72348493E-002
 6.47500000E+000, 0.00000000E+000, 4.58013116E-001,-5.51066158E-002,-2.52395528E-002,-2.60018616E-002
 6.52500000E+000, 0.00000000E+000, 4.58736558E-001,-5.16805767E-002,-2.37077699E-002,-2.43660614E-002
 6.57500000E+000, 0.00000000E+000, 4.59634627E-001,-4.74913979E-002,-2.18286910E-002,-2.23690861E-002
 6.62500000E+000, 0.00000000E+000, 4.60681632E-001,-4.26632532E-002,-1.96541771E-002,-2.00721169E-002
 6.67500000E+000, 0.00000000E+000, 4.61846178E-001,-3.73346223E-002,-1.72428526E-002,-1.75429548E-002
 6.72500000E+000, 0.00000000E+000, 4.63096340E-001,-3.16394710E-002,-1.46521232E-002,-1.48468116E-002
 6.77500000E+000, 0.00000000E+000, 4.64403423E-001,-2.56946252E-002,-1.19326719E-002,-1.20402149E-002
 6.82500000E+000, 0.00000000E+000, 4.65744418E-001,-1.95939644E-002,-9.12577954E-003,-9.16828583E-003
 6.87500000E+000, 0.00000000E+000, 4.67103261E-001,-1.34145294E-002,-6.26597042E-003,-6.26770649E-003
 6.92500000E+000, 0.00000000E+000, 4.68457652E-001,-7.25574651E-003,-3.39900997E-003,-3.38521761E-003
 6.97500000E+000, 0.00000000E+000, 4.69800109E-001,-1.15529345E-003,-5.42756986E-004,-5.38239308E-004
 7.02500000E+000, 0.00000000E+000, 4.71140265E-001, 4.92941563E-003, 2.32244618E-003, 2.29329532E-003
 7.07500000E+000, 0.00000000E+000, 4.72478437E-001, 1.10006778E-002, 5.19758305E-003, 5.11055549E-003
 7.12500000E+000, 0.00000000E+000, 4.73803803E-001, 1.70119011E-002, 8.06030346E-003, 7.89211196E-003
 7.17500000E+000, 0.00000000E+000, 4.75097469E-001, 2.28789107E-002, 1.08697126E-002, 1.05994576E-002
 7.22500000E+000, 0.00000000E+000, 4.76329161E-001, 2.84651591E-002, 1.35587853E-002, 1.31704219E-002
 7.27500000E+000, 0.00000000E+000, 4.77458678E-001, 3.35875798E-002, 1.60366815E-002, 1.55220999E-002
 7.32500000E+000, 0.00000000E+000, 4.78443022E-001, 3.80496128E-002, 1.82045717E-002, 1.75660772E-002
 7.37500000E+000, 0.00000000E+000, 4.79245529E-001, 4.16827136E-002, 1.99762541E-002, 1.92272250E-002
 7.42500000E+000, 0.00000000E+000, 4.79843213E-001, 4.43798894E-002, 2.12953887E-002, 2.04586134E-002
 7.47500000E+000, 0.00000000E+000, 4.80234116E-001, 4.61317931E-002, 2.21540609E-002, 2.12575637E-002
 7.52500000E+000, 0.00000000E+000, 4.80439883E-001, 4.70451239E-002, 2.26023538E-002, 2.16737844E-002
 7.57500000E+000, 0.00000000E+000, 4.80510405E-001, 4.73476395E-002, 2.27510334E-002, 2.18115532E-002
 7.62500000E+000, 0.00000000E+000, 4.80515993E-001, 4.73359661E-002, 2.27456888E-002, 2.18060488E-002
 7.67500000E+000, 0.00000000E+000, 4.80477075E-001, 4.71422429E-002, 2.26507670E-002, 2.17176867E-002
 7.72500000E+000, 0.00000000E+000, 4.80352887E-001, 4.65746730E-002, 2.23722786E-002, 2.14589897E-002
 7.77500000E+000, 0.00000000E+000, 4.80090438E-001, 4.53937605E-002, 2.17931103E-002, 2.09206075E-002
 7.82500000E+000, 0.00000000E+000, 4.79627151E-001, 4.33173403E-002, 2.07761725E-002, 1.99732879E-002
 7.87500000E+000, 0.00000000E+000, 4.78889833E-001, 4.00107949E-002, 1.91607629E-002, 1.84628622E-002
 7.92500000E+000, 0.00000000E+000, 4.77796425E-001, 3.50903862E-002, 1.67660611E-002, 1.62108713E-002
 7.97500000E+000, 0.00000000E+000, 4.76261790E-001, 2.81542660E-002, 1.34088011E-002, 1.30274975E-002
 8.02500000E+000, 0.00000000E+000, 4.74211145E-001, 1.88584407E-002, 8.94288275E-003, 8.74499491E-003
 8.07500000E+000, 0.00000000E+000, 4.71615907E-001, 7.04168703E-003, 3.32097161E-003, 3.27432780E-003
 8.12500000E+000, 0.00000000E+000, 4.68696379E-001,-6.24039622E-003,-2.92485111E-003,-2.91075750E-003
 8.17500000E+000, 0.00000000E+000, 4.66486344E-001,-1.64039361E-002,-7.65221215E-003,-7.66952132E-003
 8.22500000E+000, 0.00000000E+000, 4.65065427E-001,-2.29539905E-002,-1.06751074E-002,-1.07483260E-002
 8.27500000E+000, 0.00000000E+000, 4.64209185E-001,-2.69026345E-002,-1.24884501E-002,-1.26089118E-002
 8.32500000E+000, 0.00000000E+000, 4.63738168E-001,-2.90677261E-002,-1.34798141E-002,-1.36305788E-002
 8.37500000E+000, 0.00000000E+000, 4.63516612E-001,-3.00774159E-002,-1.39413819E-002,-1.41074178E-002
 8.42500000E+000, 0.00000000E+000, 4.63441437E-001,-3.04028284E-002,-1.40899305E-002,-1.42612048E-002
 8.47500000E+000, 0.00000000E+000, 4.63431682E-001,-3.04127390E-002,-1.40942268E-002,-1.42660037E-002
 8.52500000E+000, 0.00000000E+000, 4.63454903E-001,-3.02786313E-002,-1.40327801E-002,-1.42027407E-002
 8.57500000E+000, 0.00000000E+000, 4.63534055E-001,-2.99044129E-002,-1.38617138E-002,-1.40260091E-002
 8.62500000E+000, 0.00000000E+000, 4.63692086E-001,-2.91828073E-002,-1.35318368E-002,-1.36852232E-002
 8.67500000E+000, 0.00000000E+000, 4.63944377E-001,-2.80365499E-002,-1.30073997E-002,-1.31441126E-002
 8.72500000E+000, 0.00000000E+000, 4.64298658E-001,-2.64208495E-002,-1.22671650E-002,-1.23819123E-002
 8.77500000E+000, 0.00000000E+000, 4.64756028E-001,-2.43240795E-002,-1.13047626E-002,-1.13936679E-002
 8.82500000E+000, 0.00000000E+000, 4.65312759E-001,-2.17644981E-002,-1.01272987E-002,-1.01886310E-002
 8.87500000E+000, 0.00000000E+000, 4.65961655E-001,-1.87817068E-002,-8.75155520E-003,-8.78617049E-003
 8.92500000E+000, 0.00000000E+000, 4.66693180E-001,-1.54253120E-002,-7.19888791E-003,-7.21037559E-003
 8.97500000E+000, 0.00000000E+000, 4.67496822E-001,-1.17447688E-002,-5.49064210E-003,-5.48522946E-003
 9.02500000E+000, 0.00000000E+000, 4.68362542E-001,-7.78186222E-003,-3.64473277E-003,-3.63104908E-003
 9.07500000E+000, 0.00000000E+000, 4.69278206E-001,-3.60295804E-003,-1.69078969E-003,-1.67951416E-003
 9.12500000E+000, 0.00000000E+000, 4.70150777E-001, 3.86399436E-004, 1.81665995E-004, 1.79952367E-004
 9.17500000E+000, 0.00000000E+000, 4.70921428E-001, 3.90747881E-003, 1.84011550E-003, 1.81828545E-003
 9.22500000E+000, 0.00000000E+000, 4.71590787E-001, 6.96269502E-003, 3.28354282E-003, 3.23768338E-003
 9.27500000E+000, 0.00000000E+000, 4.72157315E-001, 9.54505449E-003, 4.50676730E-003, 4.43582812E-003
 9.32500000E+000, 0.00000000E+000, 4.72620084E-001, 1.16505746E-002, 5.50629555E-003, 5.41166516E-003
 9.37500000E+000, 0.00000000E+000, 4.72980454E-001, 1.32862644E-002, 6.28414335E-003, 6.16908781E-003
 9.42500000E+000, 0.00000000E+000, 4.73243631E-001, 1.44773042E-002, 6.85129202E-003, 6.72024289E-003
 9.47500000E+000, 0.00000000E+000, 4.73419041E-001, 1.52685724E-002, 7.22843291E-003, 7.08622978E-003
 9.52500000E+000, 0.00000000E+000, 4.73520481E-001, 1.57242518E-002, 7.44575525E-003, 7.29693140E-003
 9.57500000E+000, 0.00000000E+000, 4.73566360E-001, 1.59292516E-002, 7.54355770E-003, 7.39170469E-003
 9.62500000E+000, 0.00000000E+000, 4.73577599E-001, 1.59800604E-002, 7.56779864E-003, 7.41519370E-003
 9.67500000E+000, 0.00000000E+000, 4.73573959E-001, 1.59691770E-002, 7.56258637E-003, 7.41017196E-003
 9.72500000E+000, 0.00000000E+000, 4.73554466E-001, 1.58979048E-002, 7.52852383E-003, 7.37725139E-003
 9.77500000E+000, 0.00000000E+000, 4.73506360E-001, 1.57179299E-002, 7.44253976E-003, 7.29410644E-003
 9.82500000E+000, 0.00000000E+000, 4.73418816E-001, 1.53725069E-002, 7.27763400E-003, 7.13446804E-003
 9.87500000E+000, 0.00000000E+000, 4.73285699E-001, 1.47878151E-002, 6.99886139E-003, 6.86407433E-003
 9.92500000E+000, 0.00000000E+000, 4.73101843E-001, 1.38943984E-002, 6.57346548E-003, 6.45062930E-003
 9.97500000E+000, 0.00000000E+000, 4.72854906E-001, 1.26792810E-002, 5.99546021E-003, 5.88803434E-003
 1.00250000E+001, 1.25000000E-003, 4.71275155E-001, 1.11854213E-002, 5.27141116E-003, 5.20301087E-003
 1.00750000E+001, 3.75000000E-003, 4.68365696E-001, 9.38082650E-003, 4.39365734E-003, 4.37711768E-003
 1.01250000E+001, 6.25000000E-003, 4.65390330E-001, 7.22631311E-003, 3.36305624E-003, 3.38257751E-003
 1.01750000E+001, 8.75000000E-003, 4.62383277E-001, 4.92439434E-003, 2.27695759E-003, 2.31255155E-003
 1.02250000E+001, 1.12500000E-002, 4.59487132E-001, 3.10873392E-003, 1.42842323E-003, 1.46449042E-003
 1.02750000E+001, 1.37500000E-002, 4.56707541E-001, 1.82080624E-003, 8.31575939E-004, 8.60368100E-004
 1.03250000E+001, 1.62500000E-002, 4.54019755E-001, 9.50901939E-004, 4.31728265E-004, 4.50648590E-004
 1.03750000E+001, 1.87500000E-002, 4.51400741E-001, 3.96000908E-004, 1.78755103E-004, 1.88215206E-004
 1.04250000E+001, 2.12500000E-002, 4.48830885E-001, 6.74056162E-005, 3.02537224E-005, 3.21287904E-005
 1.04750000E+001, 2.37500000E-002, 4.46294167E-001,-1.08197424E-004,-4.82878791E-005,-5.17185063E-005
 1.05250000E+001, 2.62500000E-002, 4.43778193E-001,-1.88210889E-004,-8.35238883E-005,-9.02197100E-005
 1.05750000E+001, 2.87500000E-002, 4.41273941E-001,-2.14193962E-004,-9.45182137E-005,-1.02965739E-004
 1.06250000E+001, 3.12500000E-002, 4.38775435E-001,-2.14883851E-004,-9.42857553E-005,-1.03591062E-004
 1.06750000E+001, 3.37500000E-002, 4.36279939E-001,-1.96518485E-004,-8.57370727E-005,-9.50080588E-005
 1.07250000E+001, 3.62500000E-002, 4.33788352E-001,-1.58434225E-004,-6.87269213E-005,-7.68156517E-005
 1.07750000E+001, 3.87500000E-002, 4.31296532E-001,-1.25583364E-004,-5.41636694E-005,-6.10637944E-005
 1.08250000E+001, 4.12500000E-002, 4.28797484E-001,-1.13001562E-004,-4.84547854E-005,-5.51058863E-005
 1.08750000E+001, 4.37500000E-002, 4.26291923E-001,-1.38790745E-004,-5.91653734E-005,-6.78807469E-005
 1.09250000E+001, 4.62500000E-002, 4.23775348E-001,-2.17035121E-004,-9.19741338E-005,-1.06463768E-004
 1.09750000E+001, 4.87500000E-002, 4.21241866E-001,-3.78838504E-004,-1.59582638E-004,-1.86392317E-004
 1.10250000E+001, 5.12500000E-002, 4.18684132E-001,-6.59158914E-004,-2.75979378E-004,-3.25301853E-004
 1.10750000E+001, 5.37500000E-002, 4.16093823E-001,-1.10053953E-003,-4.57927702E-004,-5.44815773E-004
 1.11250000E+001, 5.62500000E-002, 4.13461353E-001,-1.75060849E-003,-7.23808955E-004,-8.69383170E-004
 1.11750000E+001, 5.87500000E-002, 4.10776667E-001,-2.66173912E-003,-1.09338032E-003,-1.32617935E-003
 1.12250000E+001, 6.12500000E-002, 4.08029588E-001,-3.88553982E-003,-1.58541521E-003,-1.94242919E-003
 1.12750000E+001, 6.37500000E-002, 4.05211282E-001,-5.46874686E-003,-2.21599792E-003,-2.74338472E-003
 1.13250000E+001, 6.62500000E-002, 4.02316125E-001,-7.44627884E-003,-2.99575805E-003,-3.74882557E-003
 1.13750000E+001, 6.87500000E-002, 3.99344551E-001,-9.82480216E-003,-3.92348121E-003,-4.96466090E-003
 1.14250000E+001, 7.12500000E-002, 3.96348401E-001,-1.23396349E-002,-4.89079456E-003,-6.25897783E-003
 1.14750000E+001, 7.37500000E-002, 3.93479832E-001,-1.42489503E-002,-5.60667456E-003,-7.25372840E-003
 1.15250000E+001, 7.62500000E-002, 3.90736631E-001,-1.55458712E-002,-6.07434135E-003,-7.94168506E-003
 1.15750000E+001, 7.87500000E-002, 3.88092784E-001,-1.63531800E-002,-6.34655116E-003,-8.38251025E-003
 1.16250000E+001, 8.12500000E-002, 3.85523294E-001,-1.67900825E-002,-6.47296793E-003,-8.63509614E-003
 1.16750000E+001, 8.37500000E-002, 3.83005951E-001,-1.69694414E-002,-6.49939702E-003,-8.75597360E-003
 1.17250000E+001, 8.62500000E-002, 3.80521511E-001,-1.70032209E-002,-6.47009132E-003,-8.80199769E-003
 1.17750000E+001, 8.87500000E-002, 3.78057601E-001,-1.69352589E-002,-6.40250334E-003,-8.79533756E-003
 1.18250000E+001, 9.12500000E-002, 3.75630425E-001,-1.66742079E-002,-6.26333980E-003,-8.68769348E-003
 1.18750000E+001, 9.37500000E-002, 3.73259322E-001,-1.61165224E-002,-6.01564223E-003,-8.42375378E-003
 1.19250000E+001, 9.62500000E-002, 3.70958379E-001,-1.51855035E-002,-5.63318975E-003,-7.96170830E-003
 1.19750000E+001, 9.87500000E-002, 3.68736477E-001,-1.38320282E-002,-5.10037333E-003,-7.27390244E-003
 1.20250000E+001, 1.01250000E-001, 3.66597721E-001,-1.20321536E-002,-4.41096007E-003,-6.34582577E-003
 1.20750000E+001, 1.03750000E-001, 3.64542385E-001,-9.78164548E-003,-3.56582438E-003,-5.17341791E-003
 1.21250000E+001, 1.06250000E-001, 3.62567950E-001,-7.09006355E-003,-2.57062981E-003,-3.76006265E-003
 1.21750000E+001, 1.08750000E-001, 3.60669896E-001,-3.97629311E-003,-1.43412922E-003,-2.11428293E-003
 1.22250000E+001, 1.11250000E-001, 3.58842339E-001,-4.67679873E-004,-1.67823339E-004,-2.49308163E-004
 1.22750000E+001, 1.13750000E-001, 3.57078140E-001, 3.40050940E-003, 1.21424757E-003, 1.81719698E-003
 1.23250000E+001, 1.16250000E-001, 3.55367667E-001, 7.58712760E-003, 2.69621983E-003, 4.06422826E-003
 1.23750000E+001, 1.18750000E-001, 3.53699923E-001, 1.20305123E-002, 4.25519129E-003, 6.45961001E-003
 1.24250000E+001, 1.21250000E-001, 3.52063377E-001, 1.66468129E-002, 5.86073318E-003, 8.95901641E-003
 1.24750000E+001, 1.23750000E-001, 3.50424285E-001, 2.12189384E-002, 7.43563134E-003, 1.14463287E-002
 1.25250000E+001, 1.26250000E-001, 3.48730261E-001, 2.55310802E-002, 8.90346027E-003, 1.38058780E-002
 1.25750000E+001, 1.28750000E-001, 3.46925755E-001, 2.93047809E-002, 1.01665832E-002, 1.58876574E-002
 1.26250000E+001, 1.31250000E-001, 3.44954427E-001, 3.22376163E-002, 1.11205085E-002, 1.75275704E-002
 1.26750000E+001, 1.33750000E-001, 3.42761471E-001, 3.40748896E-002, 1.16795593E-002, 1.85856655E-002
 1.27250000E+001, 1.36250000E-001, 3.40312117E-001, 3.48114033E-002, 1.18467423E-002, 1.90555937E-002
 1.27750000E+001, 1.38750000E-001, 3.37705690E-001, 3.44761169E-002, 1.16427808E-002, 1.89447472E-002
 1.28250000E+001, 1.41250000E-001, 3.34944269E-001, 3.32602467E-002, 1.11403290E-002, 1.83518077E-002
 1.28750000E+001, 1.43750000E-001, 3.31955955E-001, 3.08003817E-002, 1.02243701E-002, 1.70708649E-002
 1.29250000E+001, 1.46250000E-001, 3.28652079E-001, 2.66024897E-002, 8.74296352E-003, 1.48181419E-002
 1.29750000E+001, 1.48750000E-001, 3.24925254E-001, 2.00424083E-002, 6.51228461E-003, 1.12278817E-002
 1.30250000E+001, 1.51250000E-001, 3.20657356E-001, 1.04134878E-002, 3.33916148E-003, 5.87239511E-003
 1.30750000E+001, 1.53750000E-001, 3.15751871E-001,-2.92185168E-003,-9.22580135E-004,-1.66044639E-003
 1.31250000E+001, 1.56250000E-001, 3.10211781E-001,-1.99658397E-002,-6.19363868E-003,-1.14471690E-002
 1.31750000E+001, 1.58750000E-001, 3.04962002E-001,-3.57056003E-002,-1.08888513E-002,-2.06468181E-002
 1.32250000E+001, 1.61250000E-001, 3.00784866E-001,-4.55656323E-002,-1.37054526E-002,-2.65307220E-002
 1.32750000E+001, 1.63750000E-001, 2.97382412E-001,-5.10936166E-002,-1.51943429E-002,-2.99191095E-002
 1.33250000E+001, 1.66250000E-001, 2.94481837E-001,-5.37795702E-002,-1.58371067E-002,-3.16466489E-002
 1.33750000E+001, 1.68750000E-001, 2.91882799E-001,-5.47540798E-002,-1.59817741E-002,-3.23632324E-002
 1.34250000E+001, 1.71250000E-001, 2.89450012E-001,-5.48797629E-002,-1.58849480E-002,-3.25735505E-002
 1.34750000E+001, 1.73750000E-001, 2.87114017E-001,-5.43837182E-002,-1.56143278E-002,-3.24101737E-002
 1.35250000E+001, 1.76250000E-001, 2.84939999E-001,-5.28554932E-002,-1.50606442E-002,-3.16193603E-002
 1.35750000E+001, 1.78750000E-001, 2.82966970E-001,-5.00692110E-002,-1.41679329E-002,-3.00567857E-002
 1.36250000E+001, 1.81250000E-001, 2.81190715E-001,-4.60624608E-002,-1.29523363E-002,-2.77387129E-002
 1.36750000E+001, 1.83750000E-001, 2.79578830E-001,-4.10379756E-002,-1.14733492E-002,-2.47841168E-002
 1.37250000E+001, 1.86250000E-001, 2.78087304E-001,-3.52597378E-002,-9.80528542E-003,-2.13514884E-002
 1.37750000E+001, 1.88750000E-001, 2.76673954E-001,-2.89752551E-002,-8.01669839E-003,-1.75906865E-002
 1.38250000E+001, 1.91250000E-001, 2.75305884E-001,-2.23760356E-002,-6.16025427E-003,-1.36180542E-002
 1.38750000E+001, 1.93750000E-001, 2.73961363E-001,-1.55886213E-002,-4.27067993E-003,-9.51048590E-003
 1.39250000E+001, 1.96250000E-001, 2.72628108E-001,-8.68361239E-003,-2.36739682E-003,-5.31073674E-003
 1.39750000E+001, 1.98750000E-001, 2.71300243E-001,-1.69156959E-003,-4.58923242E-004,-1.03706132E-003
 1.40250000E+001, 2.01250000E-001, 2.69975488E-001, 5.38175838E-003, 1.45294285E-003, 3.30751397E-003
 1.40750000E+001, 2.03750000E-001, 2.68653673E-001, 1.25419871E-002, 3.36945089E-003, 7.72697696E-003
 1.41250000E+001, 2.06250000E-001, 2.67336912E-001, 1.97977413E-002, 5.29266703E-003, 1.22271669E-002
 1.41750000E+001, 2.08750000E-001, 2.66028702E-001, 2.71727254E-002, 7.22872486E-003, 1.68232001E-002
 1.42250000E+001, 2.11250000E-001, 2.64733773E-001, 3.47072265E-002, 9.18817503E-003, 2.15404560E-002
 1.42750000E+001, 2.13750000E-001, 2.63462909E-001, 4.23660767E-002, 1.11618898E-002, 2.63571329E-002
 1.43250000E+001, 2.16250000E-001, 2.62166370E-001, 4.98478692E-002, 1.30684349E-002, 3.10883567E-002
 1.43750000E+001, 2.18750000E-001, 2.60745187E-001, 5.65287798E-002, 1.47396073E-002, 3.53509525E-002
 1.44250000E+001, 2.21250000E-001, 2.59010464E-001, 6.14598166E-002, 1.59187356E-002, 3.85631288E-002
 1.44750000E+001, 2.23750000E-001, 2.56716317E-001, 6.38859776E-002, 1.64005728E-002, 4.02641436E-002
 1.45250000E+001, 2.26250000E-001, 2.53937355E-001, 6.28802838E-002, 1.59676529E-002, 3.98465620E-002
 1.45750000E+001, 2.28750000E-001, 2.50585503E-001, 5.80896660E-002, 1.45564282E-002, 3.70561731E-002
 1.46250000E+001, 2.31250000E-001, 2.46254854E-001, 4.70967707E-002, 1.15978084E-002, 3.03066818E-002
 1.46750000E+001, 2.33750000E-001, 2.40470242E-001, 2.66639831E-002, 6.41189445E-003, 1.73633698E-002
 1.47250000E+001, 2.36250000E-001, 2.32899484E-001,-6.00632086E-003,-1.39886903E-003,-3.97433000E-003
 1.47750000E+001, 2.38750000E-001, 2.24455822E-001,-4.51187651E-002,-1.01271695E-002,-3.04110507E-002
 1.48250000E+001, 2.41250000E-001, 2.18531765E-001,-6.87243809E-002,-1.50184603E-002,-4.69454178E-002
 1.48750000E+001, 2.43750000E-001, 2.14638432E-001,-7.89986195E-002,-1.69561398E-002,-5.44509445E-002
 1.49250000E+001, 2.46250000E-001, 2.11810322E-001,-8.21638319E-002,-1.74031477E-002,-5.70094412E-002
 1.49750000E+001, 2.48750000E-001, 2.09473889E-001,-8.22775732E-002,-1.72350032E-002,-5.74058543E-002
 1.50250000E+001, 2.51250000E-001, 2.07414847E-001,-8.00839777E-002,-1.66106060E-002,-5.61520188E-002
 1.50750000E+001, 2.53750000E-001, 2.05753109E-001,-7.48405252E-002,-1.53986708E-002,-5.26869771E-002
 1.51250000E+001, 2.56250000E-001, 2.04448273E-001,-6.69490719E-002,-1.36876222E-002,-4.72816361E-002
 1.51750000E+001, 2.58750000E-001, 2.03367701E-001,-5.74325684E-002,-1.16799294E-002,-4.06683833E-002
 1.52250000E+001, 2.61250000E-001, 2.02385106E-001,-4.73756552E-002,-9.58812699E-003,-3.36283543E-002
 1.52750000E+001, 2.63750000E-001, 2.01374069E-001,-3.74480451E-002,-7.54106523E-003,-2.66481483E-002
 1.53250000E+001, 2.66250000E-001, 2.00281580E-001,-2.79173667E-002,-5.59133431E-003,-1.99201959E-002
 1.53750000E+001, 2.68750000E-001, 1.99107893E-001,-1.88228136E-002,-3.74777076E-003,-1.34703836E-002
 1.54250000E+001, 2.71250000E-001, 1.97874760E-001,-1.00396223E-002,-1.98658786E-003,-7.20712134E-003
 1.54750000E+001, 2.73750000E-001, 1.96606451E-001,-1.41095210E-003,-2.77402286E-004,-1.01613883E-003
 1.55250000E+001, 2.76250000E-001, 1.95321046E-001, 7.17841524E-003, 1.40209557E-003, 5.18673088E-003
 1.55750000E+001, 2.78750000E-001, 1.94024809E-001, 1.57941798E-002, 3.06446273E-003, 1.14500690E-002
 1.56250000E+001, 2.81250000E-001, 1.92721958E-001, 2.44692395E-002, 4.71575976E-003, 1.77989561E-002
 1.56750000E+001, 2.83750000E-001, 1.91420822E-001, 3.32610933E-002, 6.36686584E-003, 2.42762494E-002
 1.57250000E+001, 2.86250000E-001, 1.90139642E-001, 4.23076430E-002, 8.04436009E-003, 3.09829063E-002
 1.57750000E+001, 2.88750000E-001, 1.88904840E-001, 5.18084809E-002, 9.78687280E-003, 3.80643988E-002
 1.58250000E+001, 2.91250000E-001, 1.87687734E-001, 6.11068444E-002, 1.14690052E-002, 4.50413677E-002
 1.58750000E+001, 2.93750000E-001, 1.86266774E-001, 6.91546302E-002, 1.28812098E-002, 5.11673854E-002
 1.59250000E+001, 2.96250000E-001, 1.84295028E-001, 7.40966627E-002, 1.36556465E-002, 5.51164829E-002
 1.59750000E+001, 2.98750000E-001, 1.81532373E-001, 7.38854834E-002, 1.34126071E-002, 5.53760196E-002
 1.60250000E+001, 3.01250000E-001, 1.77973223E-001, 6.69354841E-002, 1.19127238E-002, 5.06662469E-002
 1.60750000E+001, 3.03750000E-001, 1.72889836E-001, 4.84820923E-002, 8.38206100E-003, 3.72337073E-002
 1.61250000E+001, 3.06250000E-001, 1.65585702E-001, 1.21475280E-002, 2.01145696E-003, 9.53270496E-003
 1.61750000E+001, 3.08750000E-001, 1.56463810E-001,-3.97212777E-002,-6.21494246E-003,-3.20668217E-002
 1.62250000E+001, 3.11250000E-001, 1.49972154E-001,-7.30705461E-002,-1.09585472E-002,-6.02527256E-002
 1.62750000E+001, 3.13750000E-001, 1.46228670E-001,-8.46785068E-002,-1.23824255E-002,-7.07125640E-002
 1.63250000E+001, 3.16250000E-001, 1.43744800E-001,-8.66246931E-002,-1.24518492E-002,-7.29600790E-002
 1.63750000E+001, 3.18750000E-001, 1.41734416E-001,-8.39447524E-002,-1.18978604E-002,-7.12025507E-002
 1.64250000E+001, 3.21250000E-001, 1.40255139E-001,-7.60723382E-002,-1.06695364E-002,-6.48644937E-002
 1.64750000E+001, 3.23750000E-001, 1.39225660E-001,-6.41015883E-002,-8.92458596E-003,-5.48591161E-002
 1.65250000E+001, 3.26250000E-001, 1.38423080E-001,-5.06373632E-002,-7.00937977E-003,-4.34616778E-002
 1.65750000E+001, 3.28750000E-001, 1.37561908E-001,-3.75414826E-002,-5.16427799E-003,-3.23222796E-002
 1.66250000E+001, 3.31250000E-001, 1.36532330E-001,-2.54833969E-002,-3.47930756E-003,-2.20231393E-002
 1.66750000E+001, 3.33750000E-001, 1.35351031E-001,-1.44716705E-002,-1.95875552E-003,-1.25610962E-002
 1.67250000E+001, 3.36250000E-001, 1.34077817E-001,-4.09635309E-003,-5.49230080E-004,-3.57238764E-003
 1.67750000E+001, 3.38750000E-001, 1.32767024E-001, 6.05388466E-003, 8.03756251E-004, 5.30552897E-003
 1.68250000E+001, 3.41250000E-001, 1.31441278E-001, 1.62500942E-002, 2.13593315E-003, 1.43129665E-002
 1.68750000E+001, 3.43750000E-001, 1.30112781E-001, 2.65807501E-002, 3.45849531E-003, 2.35313537E-002
 1.69250000E+001, 3.46250000E-001, 1.28798040E-001, 3.72601481E-002, 4.79903406E-003, 3.31535171E-002
 1.69750000E+001, 3.48750000E-001, 1.27520320E-001, 4.85569378E-002, 6.19199624E-003, 4.34211431E-002
 1.70250000E+001, 3.51250000E-001, 1.26327011E-001, 6.03269185E-002, 7.62091929E-003, 5.42004248E-002
 1.70750000E+001, 3.53750000E-001, 1.25022676E-001, 7.12600983E-002, 8.90912818E-003, 6.43563909E-002
 1.71250000E+001, 3.56250000E-001, 1.23264160E-001, 7.87259044E-002, 9.70408246E-003, 7.16042676E-002
 1.71750000E+001, 3.58750000E-001, 1.20560337E-001, 7.99531974E-002, 9.63918440E-003, 7.35314734E-002
 1.72250000E+001, 3.61250000E-001, 1.16980354E-001, 7.14691258E-002, 8.36048362E-003, 6.67270098E-002
 1.72750000E+001, 3.63750000E-001, 1.11649412E-001, 4.66341926E-002, 5.20668020E-003, 4.45672565E-002
 1.73250000E+001, 3.66250000E-001, 1.03990826E-001,-2.65081231E-003,-2.75660160E-004,-2.62495054E-003
 1.73750000E+001, 3.68750000E-001, 9.64619245E-002,-5.36852903E-002,-5.17858642E-003,-5.51971944E-002
 1.74250000E+001, 3.71250000E-001, 9.22978560E-002,-7.27789970E-002,-6.71734538E-003,-7.64979713E-002
 1.74750000E+001, 3.73750000E-001, 8.97960574E-002,-7.58678343E-002,-6.81263241E-003,-8.08478940E-002
 1.75250000E+001, 3.76250000E-001, 8.78710592E-002,-7.15450732E-002,-6.28674136E-003,-7.70719700E-002
 1.75750000E+001, 3.78750000E-001, 8.65369562E-002,-5.99033723E-002,-5.18385550E-003,-6.50264616E-002
 1.76250000E+001, 3.81250000E-001, 8.56175368E-002,-4.34326116E-002,-3.71859322E-003,-4.73995521E-002
 1.76750000E+001, 3.83750000E-001, 8.48209549E-002,-2.62501178E-002,-2.22656006E-003,-2.87818918E-002
 1.77250000E+001, 3.86250000E-001, 8.38802787E-002,-9.90407055E-003,-8.30756198E-004,-1.09200204E-002
 1.77750000E+001, 3.88750000E-001, 8.27610169E-002, 5.08057976E-003, 4.20473948E-004, 5.63949250E-003
 1.78250000E+001, 3.91250000E-001, 8.15201351E-002, 1.91378520E-002, 1.56012028E-003, 2.14042692E-002
 1.78750000E+001, 3.93750000E-001, 8.02251013E-002, 3.28889936E-002, 2.63852285E-003, 3.70796056E-002
 1.79250000E+001, 3.96250000E-001, 7.89024374E-002, 4.67742027E-002, 3.69059860E-003, 5.31741850E-002
 1.79750000E+001, 3.98750000E-001, 7.75654655E-002, 6.09884097E-002, 4.73059439E-003, 6.99282671E-002
 1.80250000E+001, 4.01250000E-001, 7.62236748E-002, 7.56679125E-002, 5.76768636E-003, 8.75198310E-002
 1.80750000E+001, 4.03750000E-001, 7.48819264E-002, 9.09116719E-002, 6.80764112E-003, 1.06089108E-001
 1.81250000E+001, 4.06250000E-001, 7.35437448E-002, 1.06777407E-001, 7.85281036E-003, 1.25732097E-001
 1.81750000E+001, 4.08750000E-001, 7.22085109E-002, 1.23381687E-001, 8.90920792E-003, 1.46620998E-001
 1.82250000E+001, 4.11250000E-001, 7.08890735E-002, 1.40285014E-001, 9.94467465E-003, 1.68252408E-001
 1.82750000E+001, 4.13750000E-001, 6.94196307E-002, 1.56090286E-001, 1.08357300E-002, 1.89179636E-001
 1.83250000E+001, 4.16250000E-001, 6.74791926E-002, 1.67323564E-001, 1.12908590E-002, 2.05689359E-001
 1.83750000E+001, 4.18750000E-001, 6.45754849E-002, 1.70160921E-001, 1.09882240E-002, 2.13828529E-001
 1.84250000E+001, 4.21250000E-001, 6.08092341E-002, 1.60293821E-001, 9.74734449E-003, 2.07573388E-001
 1.84750000E+001, 4.23750000E-001, 5.55202494E-002, 1.29407361E-001, 7.18472895E-003, 1.75377120E-001
 1.85250000E+001, 4.26250000E-001, 4.85731591E-002, 7.16460868E-002, 3.48007677E-003, 1.03808749E-001
 1.85750000E+001, 4.28750000E-001, 4.28948476E-002, 2.57051362E-002, 1.10261790E-003, 3.96330051E-002
 1.86250000E+001, 4.31250000E-001, 3.92598973E-002, 8.27738374E-003, 3.24969235E-004, 1.33400718E-002
 1.86750000E+001, 4.33750000E-001, 3.64009116E-002, 2.53893213E-003, 9.24194441E-005, 4.24946857E-003
 1.87250000E+001, 4.36250000E-001, 3.37932537E-002, 7.55090426E-004, 2.55169623E-005, 1.31166708E-003
 1.87750000E+001, 4.38750000E-001, 3.12620331E-002, 2.18523292E-004, 6.83148237E-006, 3.94665154E-004
 1.88250000E+001, 4.41250000E-001, 2.87532422E-002, 6.14530288E-005, 1.76697382E-006, 1.15728291E-004
 1.88750000E+001, 4.43750000E-001, 2.62508427E-002, 1.67366894E-005, 4.39352201E-007, 3.29866028E-005
 1.89250000E+001, 4.46250000E-001, 2.37502102E-002, 4.39516966E-006, 1.04386203E-007, 9.10713080E-006
 1.89750000E+001, 4.48750000E-001, 2.12500500E-002, 1.10722150E-006, 2.35285123E-008, 2.42546042E-006
 1.90250000E+001, 4.51250000E-001, 1.87500113E-002, 2.65999128E-007, 4.98748665E-009, 6.20324745E-007
 1.90750000E+001, 4.53750000E-001, 1.62500024E-002, 6.05252032E-008, 9.83534695E-010, 1.51617454E-007
 1.91250000E+001, 4.56250000E-001, 1.37500005E-002, 1.29389428E-008, 1.77910469E-010, 3.52360400E-008
 1.91750000E+001, 4.58750000E-001, 1.12500001E-002, 2.57384713E-009, 2.89557805E-011, 7.74900864E-009
 1.92250000E+001, 4.61250000E-001, 8.75000001E-003, 4.70959657E-010, 4.12089701E-012, 1.60775304E-009
 1.92750000E+001, 4.63750000E-001, 6.25000000E-003, 7.82284931E-011, 4.88928082E-013, 3.15983652E-010
 1.93250000E+001, 4.66250000E-001, 3.75000000E-003, 1.11725865E-011, 4.18971992E-014, 5.82609751E-011
 1.93750000E+001, 4.68750000E-001, 1.25000000E-003, 1.57399221E-012, 1.96749026E-015, 1.42163213E-011
 1.94250000E+001, 4.71250000E-001, 0.00000000E+000, 0.00000000E+000, 0.00000000E+000, 0.00000000E+000
 1.94750000E+001, 4.73750000E-001, 0.00000000E+000, 0.00000000E+000, 0.00000000E+000, 0.00000000E+000
 1.95250000E+001, 4.76250000E-001, 0.00000000E+000, 0.00000000E+000, 0.00000000E+000, 0.00000000E+000
 1.95750000E+001, 4.78750000E-001, 0.00000000E+000, 0.00000000E+000, 0.00000000E+000, 0.00000000E+000
 1.96250000E+001, 4.81250000E-001, 0.00000000E+000, 0.00000000E+000, 0.00000000E+000, 0.00000000E+000
 1.96750000E+001, 4.83750000E-001, 0.00000000E+000, 0.00000000E+000, 0.00000000E+000, 0.00000000E+000
 1.97250000E+001, 4.86250000E-001, 0.00000000E+000, 0.00000000E+000, 0.00000000E+000, 0.00000000E+000
 1.97750000E+001, 4.88750000E-001, 0.00000000E+000, 0.00000000E+000, 0.00000000E+000, 0.00000000E+000
 1.98250000E+001, 4.91250000E-001, 0.00000000E+000, 0.00000000E+000, 0.00000000E+000, 0.00000000E+000
 1.98750000E+001, 4.93750000E-001, 0.00000000E+000, 0.00000000E+000, 0.00000000E+000, 0.00000000E+000
 1.99250000E+001, 4.96250000E-001, 0.00000000E+000, 0.00000000E+000, 0.00000000E+000, 0.00000000E+000
 1.99750000E+001, 4.98750000E-001, 0.00000000E+000, 0.00000000E+000, 0.00000000E+000, 0.00000000E+000
 2.00250000E+001, 5.01250000E-001, 0.00000000E+000, 0.00000000E+000, 0.00000000E+000, 0.00000000E+000
 2.00750000E+001, 5.03750000E-001, 0.00000000E+000, 0.00000000E+000, 0.00000000E+000, 0.00000000E+000
 2.01250000E+001, 5.06250000E-001, 0.00000000E+000, 0.00000000E+000, 0.00000000E+000, 0.00000000E+000
 2.01750000E+001, 5.08750000E-001, 0.00000000E+000, 0.00000000E+000, 0.00000000E+000, 0.00000000E+000
 2.02250000E+001, 5.11250000E-001, 0.00000000E+000, 0.00000000E+000, 0.00000000E+000, 0.00000000E+000
 2.02750000E+001, 5.13750000E-001, 0.00000000E+000, 0.00000000E+000, 0.00000000E+000, 0.00000000E+000
 2.03250000E+001, 5.16250000E-001, 0.00000000E+000, 0.00000000E+000, 0.00000000E+000, 0.00000000E+000
 2.03750000E+001, 5.18750000E-001, 0.00000000E+000, 0.00000000E+000, 0.00000000E+000, 0.00000000E+000
 2.04250000E+001, 5.21250000E-001, 0.00000000E+000, 0.00000000E+000, 0.00000000E+000, 0.00000000E+000
 2.04750000E+001, 5.23750000E-001, 0.00000000E+000, 0.00000000E+000, 0.00000000E+000, 0.00000000E+000
 2.05250000E+001, 5.26250000E-001, 0.00000000E+000, 0.00000000E+000, 0.00000000E+000, 0.00000000E+000
 2.05750000E+001, 5.28750000E-001, 0.00000000E+000, 0.00000000E+000, 0.00000000E+000, 0.00000000E+000
 2.06250000E+001, 5.31250000E-001, 0.00000000E+000, 0.00000000E+000, 0.00000000E+000, 0.00000000E+000
 2.06750000E+001, 5.33750000E-001, 0.00000000E+000, 0.00000000E+000, 0.00000000E+000, 0.00000000E+000
 2.07250000E+001, 5.36250000E-001, 0.00000000E+000, 0.00000000E+000, 0.00000000E+000, 0.00000000E+000
 2.07750000E+001, 5.38750000E-001, 0.00000000E+000, 0.00000000E+000, 0.00000000E+000, 0.00000000E+000
 2.08250000E+001, 5.41250000E-001, 0.00000000E+000, 0.00000000E+000, 0.00000000E+000, 0.00000000E+000
 2.08750000E+001, 5.43750000E-001, 0.00000000E+000, 0.00000000E+000, 0.00000000E+000, 0.00000000E+000
 2.09250000E+001, 5.46250000E-001, 0.00000000E+000, 0.00000000E+000, 0.00000000E+000, 0.00000000E+000
 2.09750000E+001, 5.48750000E-001, 0.00000000E+000, 0.00000000E+000, 0.00000000E+000, 0.00000000E+000
 2.10250000E+001, 5.51250000E-001, 0.00000000E+000, 0.00000000E+000, 0.00000000E+000, 0.00000000E+000
 2.10750000E+001, 5.53750000E-001, 0.00000000E+000, 0.00000000E+000, 0.00000000E+000, 0.00000000E+000
 2.11250000E+001, 5.56250000E-001, 0.00000000E+000, 0.00000000E+000, 0.00000000E+000, 0.00000000E+000
 2.11750000E+001, 5.58750000E-001, 0.00000000E+000, 0.00000000E+000, 0.00000000E+000, 0.00000000E+000
 2.12250000E+001, 5.61250000E-001, 0.00000000E+000, 0.00000000E+000, 0.00000000E+000, 0.00000000E+000
 2.12750000E+001, 5.63750000E-001, 0.00000000E+000, 0.00000000E+000, 0.00000000E+000, 0.00000000E+000
 2.13250000E+001, 5.66250000E-001, 0.00000000E+000, 0.00000000E+000, 0.00000000E+000, 0.00000000E+000
 2.13750000E+001, 5.68750000E-001, 0.00000000E+000, 0.00000000E+000, 0.00000000E+000, 0.00000000E+000
 2.14250000E+001, 5.71250000E-001, 0.00000000E+000, 0.00000000E+000, 0.00000000E+000, 0.00000000E+000
 2.14750000E+001, 5.73750000E-001, 0.00000000E+000, 0.00000000E+000, 0.00000000E+000, 0.00000000E+000
 2.15250000E+001, 5.76250000E-001, 0.00000000E+000, 0.00000000E+000, 0.00000000E+000, 0.00000000E+000
 2.15750000E+001, 5.78750000E-001, 0.00000000E+000, 0.00000000E+000, 0.00000000E+000, 0.00000000E+000
 2.16250000E+001, 5.81250000E-001, 0.00000000E+000, 0.00000000E+000, 0.00000000E+000, 0.00000000E+000
 2.16750000E+001, 5.83750000E-001, 0.00000000E+000, 0.00000000E+000, 0.00000000E+000, 0.00000000E+000
 2.17250000E+001, 5.86250000E-001, 0.00000000E+000, 0.00000000E+000, 0.00000000E+000, 0.00000000E+000
 2.17750000E+001, 5.88750000E-001, 0.00000000E+000, 0.00000000E+000, 0.00000000E+000, 0.00000000E+000
 2.18250000E+001, 5.91250000E-001, 0.00000000E+000, 0.00000000E+000, 0.00000000E+000, 0.00000000E+000
 2.18750000E+001, 5.93750000E-001, 0.00000000E+000, 0.00000000E+000, 0.00000000E+000, 0.00000000E+000
 2.19250000E+001, 5.96250000E-001, 0.00000000E+000, 0.00000000E+000, 0.00000000E+000, 0.00000000E+000
 2.19750000E+001, 5.98750000E-001, 0.00000000E+000, 0.00000000E+000, 0.00000000E+000, 0.00000000E+000
 2.20250000E+001, 6.01250000E-001, 0.00000000E+000, 0.00000000E+000, 0.00000000E+000, 0.00000000E+000
 2.20750000E+001, 6.03750000E-001, 0.00000000E+000, 0.00000000E+000, 0.00000000E+000, 0.00000000E+000
 2.21250000E+001, 6.06250000E-001, 0.00000000E+000, 0.00000000E+000, 0.00000000E+000, 0.00000000E+000
 2.21750000E+001, 6.08750000E-001, 0.00000000E+000, 0.00000000E+000, 0.00000000E+000, 0.00000000E+000
 2.22250000E+001, 6.11250000E-001, 0.00000000E+000, 0.00000000E+000, 0.00000000E+000, 0.00000000E+000
 2.22750000E+001, 6.13750000E-001, 0.00000000E+000, 0.00000000E+000, 0.00000000E+000, 0.00000000E+000
 2.23250000E+001, 6.16250000E-001, 0.00000000E+000, 0.00000000E+000, 0.00000000E+000, 0.00000000E+000
 2.23750000E+001, 6.18750000E-001, 0.00000000E+000, 0.00000000E+000, 0.00000000E+000, 0.00000000E+000
 2.24250000E+001, 6.21250000E-001, 0.00000000E+000, 0.00000000E+000, 0.00000000E+000, 0.00000000E+000
 2.24750000E+001, 6.23750000E-001, 0.00000000E+000, 0.00000000E+000, 0.00000000E+000, 0.00000000E+000
 2.25250000E+001, 6.26250000E-001, 0.00000000E+000, 0.00000000E+000, 0.00000000E+000, 0.00000000E+000
 2.25750000E+001, 6.28750000E-001, 0.00000000E+000, 0.00000000E+000, 0.00000000E+000, 0.00000000E+000
 2.26250000E+001, 6.31250000E-001, 0.00000000E+000, 0.00000000E+000, 0.00000000E+000, 0.00000000E+000
 2.26750000E+001, 6.33750000E-001, 0.00000000E+000, 0.00000000E+000, 0.00000000E+000, 0.00000000E+000
 2.27250000E+001, 6.36250000E-001, 0.00000000E+000, 0.00000000E+000, 0.00000000E+000, 0.00000000E+000
 2.27750000E+001, 6.38750000E-001, 0.00000000E+000, 0.00000000E+000, 0.00000000E+000, 0.00000000E+000
 2.28250000E+001, 6.41250000E-001, 0.00000000E+000, 0.00000000E+000, 0.00000000E+000, 0.00000000E+000
 2.28750000E+001, 6.43750000E-001, 0.00000000E+000, 0.00000000E+000, 0.00000000E+000, 0.00000000E+000
 2.29250000E+001, 6.46250000E-001, 0.00000000E+000, 0.00000000E+000, 0.00000000E+000, 0.00000000E+000
 2.29750000E+001, 6.48750000E-001, 0.00000000E+000, 0.00000000E+000, 0.00000000E+000, 0.00000000E+000
 2.30250000E+001, 6.51250000E-001, 0.00000000E+000, 0.00000000E+000, 0.00000000E+000, 0.00000000E+000
 2.30750000E+001, 6.53750000E-001, 0.00000000E+000, 0.00000000E+000, 0.00000000E+000, 0.00000000E+000
 2.31250000E+001, 6.56250000E-001, 0.00000000E+000, 0.00000000E+000, 0.00000000E+000, 0.00000000E+000
 2.31750000E+001, 6.58750000E-001, 0.00000000E+000, 0.00000000E+000, 0.00000000E+000, 0.00000000E+000
 2.32250000E+001, 6.61250000E-001, 0.00000000E+000, 0.00000000E+000, 0.00000000E+000, 0.00000000E+000
 2.32750000E+001, 6.63750000E-001, 0.00000000E+000, 0.00000000E+000, 0.00000000E+000, 0.00000000E+000
 2.33250000E+001, 6.66250000E-001, 0.00000000E+000, 0.00000000E+000, 0.00000000E+000, 0.00000000E+000
 2.33750000E+001, 6.68750000E-001, 0.00000000E+000, 0.00000000E+000, 0.00000000E+000, 0.00000000E+000
 2.34250000E+001, 6.71250000E-001, 0.00000000E+000, 0.00000000E+000, 0.00000000E+000, 0.00000000E+000
 2.34750000E+001, 6.73750000E-001, 0.00000000E+000, 0.00000000E+000, 0.00000000E+000, 0.00000000E+000
 2.35250000E+001, 6.76250000E-001, 0.00000000E+000, 0.00000000E+000, 0.00000000E+000, 0.00000000E+000
 2.35750000E+001, 6.78750000E-001, 0.00000000E+000, 0.00000000E+000, 0.00000000E+000, 0.00000000E+000
 2.36250000E+001, 6.81250000E-001, 0.00000000E+000, 0.00000000E+000, 0.00000000E+000, 0.00000000E+000
 2.36750000E+001, 6.83750000E-001, 0.00000000E+000, 0.00000000E+000, 0.00000000E+000, 0.00000000E+000
 2.37250000E+001, 6.86250000E-001, 0.00000000E+000, 0.00000000E+000, 0.00000000E+000, 0.00000000E+000
 2.37750000E+001, 6.88750000E-001, 0.00000000E+000, 0.00000000E+000, 0.00000000E+000, 0.00000000E+000
 2.38250000E+001, 6.91250000E-001, 0.00000000E+000, 0.00000000E+000, 0.00000000E+000, 0.00000000E+000
 2.38750000E+001, 6.93750000E-001, 0.00000000E+000, 0.00000000E+000, 0.00000000E+000, 0.00000000E+000
 2.39250000E+001, 6.96250000E-001, 0.00000000E+000, 0.00000000E+000, 0.00000000E+000, 0.00000000E+000
 2.39750000E+001, 6.98750000E-001, 0.00000000E+000, 0.00000000E+000, 0.00000000E+000, 0.00000000E+000
 2.40250000E+001, 7.01250000E-001, 0.00000000E+000, 0.00000000E+000, 0.00000000E+000, 0.00000000E+000
 2.40750000E+001, 7.03750000E-001, 0.00000000E+000, 0.00000000E+000, 0.00000000E+000, 0.00000000E+000
 2.41250000E+001, 7.06250000E-001, 0.00000000E+000, 0.00000000E+000, 0.00000000E+000, 0.00000000E+000
 2.41750000E+001, 7.08750000E-001, 0.00000000E+000, 0.00000000E+000, 0.00000000E+000, 0.00000000E+000
 2.42250000E+001, 7.11250000E-001, 0.00000000E+000, 0.00000000E+000, 0.00000000E+000, 0.00000000E+000
 2.42750000E+001, 7.13750000E-001, 0.00000000E+000, 0.00000000E+000, 0.00000000E+000, 0.00000000E+000
 2.43250000E+001, 7.16250000E-001, 0.00000000E+000, 0.00000000E+000, 0.00000000E+000, 0.00000000E+000
 2.43750000E+001, 7.18750000E-001, 0.00000000E+000, 0.00000000E+000, 0.00000000E+000, 0.00000000E+000
 2.44250000E+001, 7.21250000E-001, 0.00000000E+000, 0.00000000E+000, 0.00000000E+000, 0.00000000E+000
 2.44750000E+001, 7.23750000E-001, 0.00000000E+000, 0.00000000E+000, 0.00000000E+000, 0.00000000E+000
 2.45250000E+001, 7.26250000E-001, 0.00000000E+000, 0.00000000E+000, 0.00000000E+000, 0.00000000E+000
 2.45750000E+001, 7.28750000E-001, 0.00000000E+000, 0.00000000E+000, 0.00000000E+000, 0.00000000E+000
 2.46250000E+001, 7.31250000E-001, 0.00000000E+000, 0.00000000E+000, 0.00000000E+000, 0.00000000E+000
 2.46750000E+001, 7.33750000E-001, 0.00000000E+000, 0.00000000E+000, 0.00000000E+000, 0.00000000E+000
 2.47250000E+001, 7.36250000E-001, 0.00000000E+000, 0.00000000E+000, 0.00000000E+000, 0.00000000E+000
 2.47750000E+001, 7.38750000E-001, 0.00000000E+000, 0.00000000E+000, 0.00000000E+000, 0.00000000E+000
 2.48250000E+001, 7.41250000E-001, 0.00000000E+000, 0.00000000E+000, 0.00000000E+000, 0.00000000E+000
 2.48750000E+001, 7.43750000E-001, 0.00000000E+000, 0.00000000E+000, 0.00000000E+000, 0.00000000E+000
 2.49250000E+001, 7.46250000E-001, 0.00000000E+000, 0.00000000E+000, 0.00000000E+000, 0.00000000E+000
 2.49750000E+001, 7.48750000E-001, 0.00000000E+000, 0.00000000E+000, 0.00000000E+000, 0.00000000E+000
