   10.001773161008641      ,         500
X,ZB,H,U,Q,FR
 2.50000000E-002, 0.00000000E+000, 4.41008305E-001,-1.33903620E-001,-5.90526083E-002,-6.43885420E-002
 7.50000000E-002, 0.00000000E+000, 4.41829888E-001,-1.29860375E-001,-5.73761948E-002,-6.23862333E-002
 1.25000000E-001, 0.00000000E+000, 4.43297941E-001,-1.22956130E-001,-5.45061992E-002,-5.89714745E-002
 1.75000000E-001, 0.00000000E+000, 4.45349113E-001,-1.13336793E-001,-5.04744403E-002,-5.42325822E-002
 2.25000000E-001, 0.00000000E+000, 4.47925775E-001,-1.01307388E-001,-4.53781904E-002,-4.83367838E-002
 2.75000000E-001, 0.00000000E+000, 4.50927182E-001,-8.74035388E-002,-3.94126314E-002,-4.15638212E-002
 3.25000000E-001, 0.00000000E+000, 4.54229522E-001,-7.20225192E-002,-3.27147545E-002,-3.41248136E-002
 3.75000000E-001, 0.00000000E+000, 4.57788773E-001,-5.57821958E-002,-2.55364629E-002,-2.63270802E-002
 4.25000000E-001, 0.00000000E+000, 4.61471216E-001,-3.87556513E-002,-1.78846175E-002,-1.82180710E-002
 4.75000000E-001, 0.00000000E+000, 4.65273461E-001,-2.14175218E-002,-9.96500451E-003,-1.00266242E-002
 5.25000000E-001, 0.00000000E+000, 4.69156654E-001,-3.71016357E-003,-1.74064793E-003,-1.72971191E-003
 5.75000000E-001, 0.00000000E+000, 4.72970471E-001, 1.36233422E-002, 6.44343856E-003, 6.32566677E-003
 6.25000000E-001, 0.00000000E+000, 4.76528119E-001, 2.97356377E-002, 1.41698675E-002, 1.37553818E-002
 6.75000000E-001, 0.00000000E+000, 4.79849526E-001, 4.47271602E-002, 2.14623066E-002, 2.06185656E-002
 7.25000000E-001, 0.00000000E+000, 4.83031410E-001, 5.90411471E-002, 2.85187286E-002, 2.71273118E-002
 7.75000000E-001, 0.00000000E+000, 4.86150672E-001, 7.30257898E-002, 3.55015368E-002, 3.34449442E-002
 8.25000000E-001, 0.00000000E+000, 4.89176951E-001, 8.65453287E-002, 4.23359800E-002, 3.95139365E-002
 8.75000000E-001, 0.00000000E+000, 4.91959657E-001, 9.89283815E-002, 4.86687727E-002, 4.50397341E-002
 9.25000000E-001, 0.00000000E+000, 4.94288152E-001, 1.09244930E-001, 5.39984748E-002, 4.96193249E-002
 9.75000000E-001, 0.00000000E+000, 4.95988109E-001, 1.16741667E-001, 5.79024784E-002, 5.29334152E-002
 1.02500000E+000, 0.00000000E+000, 4.97005314E-001, 1.21199988E-001, 6.02370383E-002, 5.48986571E-002
 1.07500000E+000, 0.00000000E+000, 4.97439994E-001, 1.23068995E-001, 6.12194403E-002, 5.57208797E-002
 1.12500000E+000, 0.00000000E+000, 4.97518639E-001, 1.23363390E-001, 6.13755858E-002, 5.58497553E-002
 1.17500000E+000, 0.00000000E+000, 4.97449921E-001, 1.22986871E-001, 6.11798092E-002, 5.56831414E-002
 1.22500000E+000, 0.00000000E+000, 4.97134805E-001, 1.21643211E-001, 6.04730737E-002, 5.50922422E-002
 1.27500000E+000, 0.00000000E+000, 4.96446032E-001, 1.18418031E-001, 5.87881618E-002, 5.36687493E-002
 1.32500000E+000, 0.00000000E+000, 4.95147185E-001, 1.12869567E-001, 5.58870482E-002, 5.12211540E-002
 1.37500000E+000, 0.00000000E+000, 4.93172700E-001, 1.03828644E-001, 5.12054528E-002, 4.72125359E-002
 1.42500000E+000, 0.00000000E+000, 4.90261129E-001, 9.11417851E-002, 4.46832745E-002, 4.15665001E-002
 1.47500000E+000, 0.00000000E+000, 4.86413616E-001, 7.37069703E-002, 3.58520740E-002, 3.37477914E-002
 1.52500000E+000, 0.00000000E+000, 4.81433485E-001, 5.15446103E-002, 2.48153014E-002, 2.37221896E-002
 1.57500000E+000, 0.00000000E+000, 4.75330093E-001, 2.38647184E-002, 1.13436188E-002, 1.10534619E-002
 1.62500000E+000, 0.00000000E+000, 4.67982689E-001,-9.57013080E-003,-4.47865554E-003,-4.46727449E-003
 1.67500000E+000, 0.00000000E+000, 4.59685597E-001,-4.77074164E-002,-2.19304122E-002,-2.24695880E-002
 1.72500000E+000, 0.00000000E+000, 4.53130060E-001,-7.80614365E-002,-3.53719834E-002,-3.70309421E-002
 1.77500000E+000, 0.00000000E+000, 4.48996938E-001,-9.73043632E-002,-4.36893611E-002,-4.63714081E-002
 1.82500000E+000, 0.00000000E+000, 4.46662201E-001,-1.08200726E-001,-4.83291745E-002,-5.16987728E-002
 1.87500000E+000, 0.00000000E+000, 4.45537382E-001,-1.13432147E-001,-5.05382619E-002,-5.42667406E-002
 1.92500000E+000, 0.00000000E+000, 4.45139833E-001,-1.15228185E-001,-5.12926550E-002,-5.51505883E-002
 1.97500000E+000, 0.00000000E+000, 4.45087674E-001,-1.15395725E-001,-5.13612148E-002,-5.52340126E-002
 2.02500000E+000, 0.00000000E+000, 4.45179546E-001,-1.14934721E-001,-5.11665868E-002,-5.50076767E-002
 2.07500000E+000, 0.00000000E+000, 4.45469151E-001,-1.13323549E-001,-5.04821450E-002,-5.42189382E-002
 2.12500000E+000, 0.00000000E+000, 4.46096003E-001,-1.10334219E-001,-4.92196540E-002,-5.27516097E-002
 2.17500000E+000, 0.00000000E+000, 4.47079177E-001,-1.05574821E-001,-4.72003043E-002,-5.04205748E-002
 2.22500000E+000, 0.00000000E+000, 4.48435191E-001,-9.90269828E-002,-4.44071840E-002,-4.72218897E-002
 2.27500000E+000, 0.00000000E+000, 4.50174419E-001,-9.09828277E-002,-4.09581416E-002,-4.33020725E-002
 2.32500000E+000, 0.00000000E+000, 4.52189351E-001,-8.14192960E-002,-3.68169386E-002,-3.86640048E-002
 2.37500000E+000, 0.00000000E+000, 4.54479736E-001,-7.09249595E-002,-3.22339569E-002,-3.35955297E-002
 2.42500000E+000, 0.00000000E+000, 4.56933563E-001,-5.95661024E-002,-2.72177514E-002,-2.81392367E-002
 2.47500000E+000, 0.00000000E+000, 4.59525198E-001,-4.77159254E-002,-2.19266701E-002,-2.24775175E-002
 2.52500000E+000, 0.00000000E+000, 4.62179814E-001,-3.55910137E-002,-1.64494481E-002,-1.67176231E-002
 2.57500000E+000, 0.00000000E+000, 4.64730654E-001,-2.39728830E-002,-1.11409336E-002,-1.12294701E-002
 2.62500000E+000, 0.00000000E+000, 4.67170917E-001,-1.28789347E-002,-6.01666375E-003,-6.01702342E-003
 2.67500000E+000, 0.00000000E+000, 4.69541033E-001,-2.11368340E-003,-9.92461087E-004,-9.85014943E-004
 2.72500000E+000, 0.00000000E+000, 4.71871980E-001, 8.46718221E-003, 3.99542603E-003, 3.93610314E-003
 2.77500000E+000, 0.00000000E+000, 4.74189339E-001, 1.89767412E-002, 8.99856835E-003, 8.80005529E-003
 2.82500000E+000, 0.00000000E+000, 4.76507055E-001, 2.94724104E-002, 1.40438115E-002, 1.36339170E-002
 2.87500000E+000, 0.00000000E+000, 4.78832566E-001, 3.99894130E-002, 1.91482333E-002, 1.84540991E-002
 2.92500000E+000, 0.00000000E+000, 4.81184553E-001, 5.05656594E-002, 2.43314142E-002, 2.32776694E-002
 2.97500000E+000, 0.00000000E+000, 4.83581148E-001, 6.13208781E-002, 2.96536206E-002, 2.81587481E-002
 3.02500000E+000, 0.00000000E+000, 4.85952476E-001, 7.19308283E-002, 3.49549641E-002, 3.29501822E-002
 3.07500000E+000, 0.00000000E+000, 4.88134130E-001, 8.16505352E-002, 3.98564129E-002, 3.73189235E-002
 3.12500000E+000, 0.00000000E+000, 4.90010643E-001, 8.99765392E-002, 4.40894619E-002, 4.10455601E-002
 3.17500000E+000, 0.00000000E+000, 4.91478190E-001, 9.64682820E-002, 4.74120566E-002, 4.39412167E-002
 3.22500000E+000, 0.00000000E+000, 4.92470569E-001, 1.00843349E-001, 4.96623813E-002, 4.58877513E-002
 3.27500000E+000, 0.00000000E+000, 4.93004808E-001, 1.03180281E-001, 5.08683746E-002, 4.69257030E-002
 3.32500000E+000, 0.00000000E+000, 4.93184380E-001, 1.03939521E-001, 5.12613481E-002, 4.72623936E-002
 3.37500000E+000, 0.00000000E+000, 4.93192249E-001, 1.03893802E-001, 5.12396179E-002, 4.72412279E-002
 3.42500000E+000, 0.00000000E+000, 4.93058652E-001, 1.03394625E-001, 5.09796143E-002, 4.70206175E-002
 3.47500000E+000, 0.00000000E+000, 4.92689868E-001, 1.01652712E-001, 5.00832612E-002, 4.62457484E-002
 3.52500000E+000, 0.00000000E+000, 4.91845972E-001, 9.80187128E-002, 4.82101091E-002, 4.46307406E-002
 3.57500000E+000, 0.00000000E+000, 4.90298588E-001, 9.10855290E-002, 4.46591062E-002, 4.15392568E-002
 3.62500000E+000, 0.00000000E+000, 4.87639528E-001, 7.92736813E-002, 3.86569805E-002, 3.62509368E-002
 3.67500000E+000, 0.00000000E+000, 4.83397881E-001, 6.02570754E-002, 2.91281425E-002, 2.76754911E-002
 3.72500000E+000, 0.00000000E+000, 4.77055100E-001, 3.16488474E-002, 1.50982441E-002, 1.46323232E-002
 3.77500000E+000, 0.00000000E+000, 4.68366422E-001,-7.95847101E-003,-3.72748060E-003,-3.71344009E-003
 3.82500000E+000, 0.00000000E+000, 4.59645880E-001,-4.80492509E-002,-2.20856402E-002,-2.26315653E-002
 3.87500000E+000, 0.00000000E+000, 4.54587632E-001,-7.14755456E-002,-3.24918990E-002,-3.38523116E-002
 3.92500000E+000, 0.00000000E+000, 4.52025067E-001,-8.33899901E-002,-3.76943658E-002,-3.96070340E-002
 3.97500000E+000, 0.00000000E+000, 4.50889035E-001,-8.86789675E-002,-3.99843741E-002,-4.21721216E-002
 4.02500000E+000, 0.00000000E+000, 4.50502572E-001,-9.04681977E-002,-4.07561557E-002,-4.30414566E-002
 4.07500000E+000, 0.00000000E+000, 4.50448996E-001,-9.06987367E-002,-4.08551549E-002,-4.31537047E-002
 4.12500000E+000, 0.00000000E+000, 4.50511695E-001,-9.03552713E-002,-4.07061065E-002,-4.29872950E-002
 4.17500000E+000, 0.00000000E+000, 4.50739759E-001,-8.92047069E-002,-4.02081081E-002,-4.24291660E-002
 4.22500000E+000, 0.00000000E+000, 4.51196101E-001,-8.69038418E-002,-3.92106746E-002,-4.13138782E-002
 4.27500000E+000, 0.00000000E+000, 4.51927441E-001,-8.33895350E-002,-3.76860191E-002,-3.96110956E-002
 4.32500000E+000, 0.00000000E+000, 4.52910682E-001,-7.85643284E-002,-3.55826236E-002,-3.72785300E-002
 4.37500000E+000, 0.00000000E+000, 4.54155848E-001,-7.27042793E-002,-3.30190736E-002,-3.44506307E-002
 4.42500000E+000, 0.00000000E+000, 4.55596216E-001,-6.58576892E-002,-3.00045140E-002,-3.11570329E-002
 4.47500000E+000, 0.00000000E+000, 4.57216866E-001,-5.83594712E-002,-2.66829345E-002,-2.75606773E-002
 4.52500000E+000, 0.00000000E+000, 4.58958210E-001,-5.03206916E-002,-2.30950945E-002,-2.37191809E-002
 4.57500000E+000, 0.00000000E+000, 4.60793483E-001,-4.19459209E-002,-1.93284070E-002,-1.97322327E-002
 4.62500000E+000, 0.00000000E+000, 4.62676258E-001,-3.33858327E-002,-1.54468321E-002,-1.56734017E-002
 4.67500000E+000, 0.00000000E+000, 4.64498784E-001,-2.51260510E-002,-1.16710201E-002,-1.17725787E-002
 4.72500000E+000, 0.00000000E+000, 4.66255819E-001,-1.71762503E-002,-8.00852665E-003,-8.03259528E-003
 4.77500000E+000, 0.00000000E+000, 4.67973523E-001,-9.40144277E-003,-4.39962629E-003,-4.38857500E-003
 4.82500000E+000, 0.00000000E+000, 4.69669292E-001,-1.71697443E-003,-8.06410167E-004,-8.00032084E-004
 4.87500000E+000, 0.00000000E+000, 4.71356164E-001, 5.93535790E-003, 2.79766753E-003, 2.76065398E-003
 4.92500000E+000, 0.00000000E+000, 4.73041546E-001, 1.35894648E-002, 6.42838142E-003, 6.30946257E-003
 4.97500000E+000, 0.00000000E+000, 4.74731055E-001, 2.12593548E-002, 1.00924759E-002, 9.85294178E-003
 5.02500000E+000, 0.00000000E+000, 4.76433326E-001, 2.89722326E-002, 1.38033371E-002, 1.34035721E-002
 5.07500000E+000, 0.00000000E+000, 4.78159142E-001, 3.67827234E-002, 1.75879955E-002, 1.69862421E-002
 5.12500000E+000, 0.00000000E+000, 4.79927777E-001, 4.47553158E-002, 2.14793192E-002, 2.06298629E-002
 5.17500000E+000, 0.00000000E+000, 4.81723266E-001, 5.28290400E-002, 2.54489777E-002, 2.43060041E-002
 5.22500000E+000, 0.00000000E+000, 4.83383904E-001, 6.02717287E-002, 2.91343835E-002, 2.76826215E-002
 5.27500000E+000, 0.00000000E+000, 4.84812243E-001, 6.66484619E-002, 3.23119903E-002, 3.05663091E-002
 5.32500000E+000, 0.00000000E+000, 4.85932540E-001, 7.16239525E-002, 3.48044092E-002, 3.28102811E-002
 5.37500000E+000, 0.00000000E+000, 4.86696468E-001, 7.49888871E-002, 3.64968265E-002, 3.43247569E-002
 5.42500000E+000, 0.00000000E+000, 4.87111299E-001, 7.67962557E-002, 3.74083239E-002, 3.51370747E-002
 5.47500000E+000, 0.00000000E+000, 4.87255028E-001, 7.74098989E-002, 3.77183625E-002, 3.54126147E-002
 5.52500000E+000, 0.00000000E+000, 4.87259606E-001, 7.74073090E-002, 3.77174548E-002, 3.54112636E-002
 5.57500000E+000, 0.00000000E+000, 4.87175582E-001, 7.70191622E-002, 3.75218552E-002, 3.52367376E-002
 5.62500000E+000, 0.00000000E+000, 4.86901742E-001, 7.58324480E-002, 3.69229511E-002, 3.47035634E-002
 5.67500000E+000, 0.00000000E+000, 4.86313883E-001, 7.32133629E-002, 3.56046748E-002, 3.35252234E-002
 5.72500000E+000, 0.00000000E+000, 4.85227325E-001, 6.83886091E-002, 3.31840219E-002, 3.13509572E-002
 5.77500000E+000, 0.00000000E+000, 4.83414694E-001, 6.02715231E-002, 2.91361399E-002, 2.76816454E-002
 5.82500000E+000, 0.00000000E+000, 4.80589529E-001, 4.75802785E-002, 2.28665836E-002, 2.19169182E-002
 5.87500000E+000, 0.00000000E+000, 4.76471320E-001, 2.89733783E-002, 1.38049838E-002, 1.34035677E-002
 5.92500000E+000, 0.00000000E+000, 4.70902739E-001, 3.65002086E-003, 1.71880482E-003, 1.69851504E-003
 5.97500000E+000, 0.00000000E+000, 4.64727493E-001,-2.46233547E-002,-1.14431499E-002,-1.15342058E-002
 6.02500000E+000, 0.00000000E+000, 4.60678459E-001,-4.32634556E-002,-1.99305421E-002,-2.03545690E-002
 6.07500000E+000, 0.00000000E+000, 4.58450966E-001,-5.35535508E-002,-2.45516771E-002,-2.52569837E-002
 6.12500000E+000, 0.00000000E+000, 4.57347476E-001,-5.86615248E-002,-2.68287003E-002,-2.76993682E-002
 6.17500000E+000, 0.00000000E+000, 4.56891430E-001,-6.07731784E-002,-2.77667444E-002,-2.87107874E-002
 6.22500000E+000, 0.00000000E+000, 4.56770790E-001,-6.13277762E-002,-2.80127368E-002,-2.89766192E-002
 6.27500000E+000, 0.00000000E+000, 4.56774541E-001,-6.12738105E-002,-2.79883167E-002,-2.89510022E-002
 6.32500000E+000, 0.00000000E+000, 4.56854460E-001,-6.08039482E-002,-2.77785549E-002,-2.87264860E-002
 6.37500000E+000, 0.00000000E+000, 4.57074052E-001,-5.96965484E-002,-2.72857432E-002,-2.81965255E-002
 6.42500000E+000, 0.00000000E+000, 4.57459184E-001,-5.77362237E-002,-2.64119658E-002,-2.72591217E-002
 6.47500000E+000, 0.00000000E+000, 4.58041843E-001,-5.49426057E-002,-2.51660123E-002,-2.59236610E-002
 6.52500000E+000, 0.00000000E+000, 4.58803345E-001,-5.12844845E-002,-2.35294930E-002,-2.41775542E-002
 6.57500000E+000, 0.00000000E+000, 4.59740697E-001,-4.69358178E-002,-2.15783056E-002,-2.21048501E-002
 6.62500000E+000, 0.00000000E+000, 4.60813495E-001,-4.19745165E-002,-1.93424237E-002,-1.97452559E-002
 6.67500000E+000, 0.00000000E+000, 4.61998412E-001,-3.65824187E-002,-1.69010194E-002,-1.71866738E-002
 6.72500000E+000, 0.00000000E+000, 4.63257267E-001,-3.08582590E-002,-1.42953127E-002,-1.44777128E-002
 6.77500000E+000, 0.00000000E+000, 4.64565638E-001,-2.49247361E-002,-1.15791760E-002,-1.16774142E-002
 6.82500000E+000, 0.00000000E+000, 4.65901158E-001,-1.88595654E-002,-8.78669338E-003,-8.82316591E-003
 6.87500000E+000, 0.00000000E+000, 4.67231223E-001,-1.28162908E-002,-5.98817121E-003,-5.98736978E-003
 6.92500000E+000, 0.00000000E+000, 4.68535743E-001,-6.88675911E-003,-3.22669280E-003,-3.21279627E-003
 6.97500000E+000, 0.00000000E+000, 4.69830615E-001,-1.00305250E-003,-4.71264774E-004,-4.67296650E-004
 7.02500000E+000, 0.00000000E+000, 4.71125143E-001, 4.87319273E-003, 2.29588362E-003, 2.26717532E-003
 7.07500000E+000, 0.00000000E+000, 4.72423563E-001, 1.07611389E-002, 5.08381559E-003, 4.99956387E-003
 7.12500000E+000, 0.00000000E+000, 4.73731481E-001, 1.66935189E-002, 7.90824543E-003, 7.74500010E-003
 7.17500000E+000, 0.00000000E+000, 4.75035786E-001, 2.26115886E-002, 1.07413138E-002, 1.04762914E-002
 7.22500000E+000, 0.00000000E+000, 4.76286650E-001, 2.82894616E-002, 1.34738929E-002, 1.30897134E-002
 7.27500000E+000, 0.00000000E+000, 4.77441392E-001, 3.35317405E-002, 1.60094409E-002, 1.54965750E-002
 7.32500000E+000, 0.00000000E+000, 4.78454022E-001, 3.81267404E-002, 1.82418923E-002, 1.76014818E-002
 7.37500000E+000, 0.00000000E+000, 4.79284783E-001, 4.18907136E-002, 2.00775816E-002, 1.93223790E-002
 7.42500000E+000, 0.00000000E+000, 4.79906877E-001, 4.46985648E-002, 2.14511487E-002, 2.06041523E-002
 7.47500000E+000, 0.00000000E+000, 4.80315349E-001, 4.65271521E-002, 2.23477053E-002, 2.14379324E-002
 7.52500000E+000, 0.00000000E+000, 4.80530839E-001, 4.74786880E-002, 2.28149738E-002, 2.18714581E-002
 7.57500000E+000, 0.00000000E+000, 4.80604909E-001, 4.77908938E-002, 2.29685382E-002, 2.20135817E-002
 7.62500000E+000, 0.00000000E+000, 4.80611315E-001, 4.77777451E-002, 2.29625249E-002, 2.20073784E-002
 7.67500000E+000, 0.00000000E+000, 4.80574034E-001, 4.75770698E-002, 2.28643044E-002, 2.19157935E-002
 7.72500000E+000, 0.00000000E+000, 4.80449610E-001, 4.70042415E-002, 2.25831695E-002, 2.16547306E-002
 7.77500000E+000, 0.00000000E+000, 4.80185455E-001, 4.58052424E-002, 2.19950112E-002, 2.11081584E-002
 7.82500000E+000, 0.00000000E+000, 4.79715307E-001, 4.36960759E-002, 2.09616765E-002, 2.01460686E-002
 7.87500000E+000, 0.00000000E+000, 4.78965534E-001, 4.03159777E-002, 1.93099638E-002, 1.86022177E-002
 7.92500000E+000, 0.00000000E+000, 4.77848103E-001, 3.52696070E-002, 1.68535148E-002, 1.62927857E-002
 7.97500000E+000, 0.00000000E+000, 4.76272640E-001, 2.81336606E-002, 1.33992928E-002, 1.30178147E-002
 8.02500000E+000, 0.00000000E+000, 4.74161039E-001, 1.85419730E-002, 8.79188118E-003, 8.59869749E-003
 8.07500000E+000, 0.00000000E+000, 4.71478852E-001, 6.31887413E-003, 2.97921552E-003, 2.93865265E-003
 8.12500000E+000, 0.00000000E+000, 4.68480256E-001,-7.38431889E-003,-3.45940760E-003,-3.44512081E-003
 8.17500000E+000, 0.00000000E+000, 4.66258978E-001,-1.75636882E-002,-8.18922733E-003,-8.21375558E-003
 8.22500000E+000, 0.00000000E+000, 4.64861099E-001,-2.39799292E-002,-1.11473362E-002,-1.12311946E-002
 8.27500000E+000, 0.00000000E+000, 4.64039793E-001,-2.77449221E-002,-1.28747479E-002,-1.30060541E-002
 8.32500000E+000, 0.00000000E+000, 4.63602434E-001,-2.97328703E-002,-1.37842311E-002,-1.39445223E-002
 8.37500000E+000, 0.00000000E+000, 4.63407361E-001,-3.06002445E-002,-1.41803786E-002,-1.43543355E-002
 8.42500000E+000, 0.00000000E+000, 4.63348957E-001,-3.08401376E-002,-1.42897456E-002,-1.44677792E-002
 8.47500000E+000, 0.00000000E+000, 4.63343189E-001,-3.08062384E-002,-1.42738607E-002,-1.44519663E-002
 8.52500000E+000, 0.00000000E+000, 4.63374748E-001,-3.06240260E-002,-1.41904003E-002,-1.43659967E-002
 8.57500000E+000, 0.00000000E+000, 4.63468704E-001,-3.01814451E-002,-1.39881552E-002,-1.41569430E-002
 8.62500000E+000, 0.00000000E+000, 4.63645127E-001,-2.93687345E-002,-1.36166707E-002,-1.37731108E-002
 8.67500000E+000, 0.00000000E+000, 4.63919677E-001,-2.81284928E-002,-1.30493613E-002,-1.31875684E-002
 8.72500000E+000, 0.00000000E+000, 4.64295149E-001,-2.64131072E-002,-1.22634776E-002,-1.23783307E-002
 8.77500000E+000, 0.00000000E+000, 4.64772605E-001,-2.42296321E-002,-1.12612692E-002,-1.13492253E-002
 8.82500000E+000, 0.00000000E+000, 4.65344755E-001,-2.15959592E-002,-1.00495663E-002,-1.01093852E-002
 8.87500000E+000, 0.00000000E+000, 4.66004868E-001,-1.85654023E-002,-8.65156784E-003,-8.68457952E-003
 8.92500000E+000, 0.00000000E+000, 4.66741803E-001,-1.51868450E-002,-7.08833543E-003,-7.09853731E-003
 8.97500000E+000, 0.00000000E+000, 4.67545082E-001,-1.15117372E-002,-5.38225609E-003,-5.37611781E-003
 9.02500000E+000, 0.00000000E+000, 4.68404741E-001,-7.57888927E-003,-3.54998766E-003,-3.53618176E-003
 9.07500000E+000, 0.00000000E+000, 4.69310995E-001,-3.43327400E-003,-1.61127324E-003,-1.60036026E-003
 9.12500000E+000, 0.00000000E+000, 4.70180771E-001, 5.44262729E-004, 2.55901869E-004, 2.53463730E-004
 9.17500000E+000, 0.00000000E+000, 4.70952482E-001, 4.07138449E-003, 1.91742863E-003, 1.89449399E-003
 9.22500000E+000, 0.00000000E+000, 4.71625905E-001, 7.14595265E-003, 3.37021638E-003, 3.32277525E-003
 9.27500000E+000, 0.00000000E+000, 4.72197832E-001, 9.75262511E-003, 4.60516844E-003, 4.53209698E-003
 9.32500000E+000, 0.00000000E+000, 4.72665813E-001, 1.18801777E-002, 5.61535385E-003, 5.51804832E-003
 9.37500000E+000, 0.00000000E+000, 4.73030240E-001, 1.35308352E-002, 6.40049421E-003, 6.28231646E-003
 9.42500000E+000, 0.00000000E+000, 4.73295820E-001, 1.47275636E-002, 6.97049430E-003, 6.83603429E-003
 9.47500000E+000, 0.00000000E+000, 4.73471718E-001, 1.55151038E-002, 7.34596285E-003, 7.20024580E-003
 9.52500000E+000, 0.00000000E+000, 4.73571931E-001, 1.59596454E-002, 7.55804006E-003, 7.40576486E-003
 9.57500000E+000, 0.00000000E+000, 4.73615954E-001, 1.61513648E-002, 7.64954406E-003, 7.49438024E-003
 9.62500000E+000, 0.00000000E+000, 4.73625940E-001, 1.61927066E-002, 7.66928588E-003, 7.51348398E-003
 9.67500000E+000, 0.00000000E+000, 4.73621347E-001, 1.61773795E-002, 7.66195228E-003, 7.50640854E-003
 9.72500000E+000, 0.00000000E+000, 4.73600080E-001, 1.60950262E-002, 7.62260568E-003, 7.46836375E-003
 9.77500000E+000, 0.00000000E+000, 4.73548121E-001, 1.59011190E-002, 7.52994501E-003, 7.37879231E-003
 9.82500000E+000, 0.00000000E+000, 4.73454424E-001, 1.55386027E-002, 7.35682017E-003, 7.21128286E-003
 9.87500000E+000, 0.00000000E+000, 4.73313307E-001, 1.49292529E-002, 7.06621404E-003, 6.92952355E-003
 9.92500000E+000, 0.00000000E+000, 4.73121381E-001, 1.39918831E-002, 6.61985905E-003, 6.49575354E-003
 9.97500000E+000, 0.00000000E+000, 4.72864916E-001, 1.27166922E-002, 6.01327760E-003, 5.90534497E-003
 1.00250000E+001, 1.25000000E-003, 4.71272111E-001, 1.11627562E-002, 5.26069567E-003, 5.19248473E-003
 1.00750000E+001, 3.75000000E-003, 4.68348372E-001, 9.29492546E-003, 4.35326320E-003, 4.33711625E-003
 1.01250000E+001, 6.25000000E-003, 4.65357994E-001, 7.06536547E-003, 3.28792430E-003, 3.30735415E-003
 1.01750000E+001, 8.75000000E-003, 4.62336856E-001, 4.69158415E-003, 2.16909227E-003, 2.20333185E-003
 1.02250000E+001, 1.12500000E-002, 4.59435600E-001, 2.85453282E-003, 1.31147400E-003, 1.34481448E-003
 1.02750000E+001, 1.37500000E-002, 4.56657591E-001, 1.57552585E-003, 7.19475839E-004, 7.44508827E-004
 1.03250000E+001, 1.62500000E-002, 4.53974969E-001, 7.31638914E-004, 3.32145753E-004, 3.46753219E-004
 1.03750000E+001, 1.87500000E-002, 4.51362946E-001, 2.11996841E-004, 9.56875184E-005, 1.00764162E-004
 1.04250000E+001, 2.12500000E-002, 4.48799801E-001,-8.25981553E-005,-3.70700357E-005,-3.93716557E-005
 1.04750000E+001, 2.37500000E-002, 4.46269054E-001,-2.28389910E-004,-1.01923349E-004,-1.09173739E-004
 1.05250000E+001, 2.62500000E-002, 4.43757731E-001,-2.86121141E-004,-1.26968468E-004,-1.37156578E-004
 1.05750000E+001, 2.87500000E-002, 4.41257052E-001,-2.97622633E-004,-1.31328086E-004,-1.43073692E-004
 1.06250000E+001, 3.12500000E-002, 4.38761030E-001,-2.82114334E-004,-1.23780776E-004,-1.36003720E-004
 1.06750000E+001, 3.37500000E-002, 4.36271113E-001,-2.34185239E-004,-1.02168255E-004,-1.13219425E-004
 1.07250000E+001, 3.62500000E-002, 4.33787931E-001,-1.56851840E-004,-6.80404350E-005,-7.60484808E-005
 1.07750000E+001, 3.87500000E-002, 4.31305418E-001,-8.56423704E-005,-3.69380183E-005,-4.16424124E-005
 1.08250000E+001, 4.12500000E-002, 4.28814362E-001,-3.94688930E-005,-1.69248282E-005,-1.92468625E-005
 1.08750000E+001, 4.37500000E-002, 4.26310895E-001,-4.24139211E-005,-1.80815167E-005,-2.07436352E-005
 1.09250000E+001, 4.62500000E-002, 4.23798731E-001,-1.16904498E-004,-4.95439781E-005,-5.73444056E-005
 1.09750000E+001, 4.87500000E-002, 4.21266319E-001,-2.66020914E-004,-1.12065651E-004,-1.30881140E-004
 1.10250000E+001, 5.12500000E-002, 4.18710051E-001,-5.43824578E-004,-2.27704817E-004,-2.68374839E-004
 1.10750000E+001, 5.37500000E-002, 4.16120224E-001,-9.87919377E-004,-4.11093232E-004,-4.89048297E-004
 1.11250000E+001, 5.62500000E-002, 4.13486116E-001,-1.64291218E-003,-6.79321374E-004,-8.15874842E-004
 1.11750000E+001, 5.87500000E-002, 4.10798989E-001,-2.57149210E-003,-1.05636636E-003,-1.28118006E-003
 1.12250000E+001, 6.12500000E-002, 4.08046345E-001,-3.81852445E-003,-1.55813495E-003,-1.90888818E-003
 1.12750000E+001, 6.37500000E-002, 4.05220654E-001,-5.44145439E-003,-2.20498971E-003,-2.72966194E-003
 1.13250000E+001, 6.62500000E-002, 4.02314628E-001,-7.46988212E-003,-3.00524285E-003,-3.76071563E-003
 1.13750000E+001, 6.87500000E-002, 3.99328973E-001,-9.91936720E-003,-3.96109072E-003,-5.01254421E-003
 1.14250000E+001, 7.12500000E-002, 3.96314017E-001,-1.25324831E-002,-4.96679873E-003,-6.35707114E-003
 1.14750000E+001, 7.37500000E-002, 3.93431627E-001,-1.45055437E-002,-5.70693967E-003,-7.38480507E-003
 1.15250000E+001, 7.62500000E-002, 3.90680674E-001,-1.58371342E-002,-6.18726225E-003,-8.09105756E-003
 1.15750000E+001, 7.87500000E-002, 3.88032733E-001,-1.66625581E-002,-6.46561795E-003,-8.54175584E-003
 1.16250000E+001, 8.12500000E-002, 3.85461044E-001,-1.71099340E-002,-6.59521302E-003,-8.80030546E-003
 1.16750000E+001, 8.37500000E-002, 3.82942763E-001,-1.72950536E-002,-6.62301563E-003,-8.92472080E-003
 1.17250000E+001, 8.62500000E-002, 3.80459091E-001,-1.73291705E-002,-6.59304044E-003,-8.97146671E-003
 1.17750000E+001, 8.87500000E-002, 3.77998079E-001,-1.72491209E-002,-6.52013455E-003,-8.95904727E-003
 1.18250000E+001, 9.12500000E-002, 3.75577569E-001,-1.69530582E-002,-6.36718839E-003,-8.83360324E-003
 1.18750000E+001, 9.37500000E-002, 3.73217128E-001,-1.63379959E-002,-6.09761991E-003,-8.53999580E-003
 1.19250000E+001, 9.62500000E-002, 3.70929626E-001,-1.53350826E-002,-5.68823644E-003,-8.04044372E-003
 1.19750000E+001, 9.87500000E-002, 3.68722076E-001,-1.39054980E-002,-5.12726410E-003,-7.31268113E-003
 1.20250000E+001, 1.01250000E-001, 3.66596823E-001,-1.20341157E-002,-4.41166860E-003,-6.34686841E-003
 1.20750000E+001, 1.03750000E-001, 3.64552980E-001,-9.72237174E-003,-3.54431959E-003,-5.14199387E-003
 1.21250000E+001, 1.06250000E-001, 3.62587567E-001,-6.98250805E-003,-2.53177061E-003,-3.70292273E-003
 1.21750000E+001, 1.08750000E-001, 3.60696057E-001,-3.83429467E-003,-1.38301497E-003,-2.03870528E-003
 1.22250000E+001, 1.11250000E-001, 3.58872463E-001,-3.05546793E-004,-1.09652330E-004,-1.62872334E-004
 1.22750000E+001, 1.13750000E-001, 3.57108851E-001, 3.56615405E-003, 1.27350518E-003, 1.90563382E-003
 1.23250000E+001, 1.16250000E-001, 3.55394134E-001, 7.73160553E-003, 2.74776725E-003, 4.14146713E-003
 1.23750000E+001, 1.18750000E-001, 3.53715286E-001, 1.21176888E-002, 4.28621175E-003, 6.50627684E-003
 1.24250000E+001, 1.21250000E-001, 3.52058847E-001, 1.66342432E-002, 5.85623248E-003, 8.95230920E-003
 1.24750000E+001, 1.23750000E-001, 3.50400309E-001, 2.11230781E-002, 7.40153310E-003, 1.13950077E-002
 1.25250000E+001, 1.26250000E-001, 3.48700921E-001, 2.54210151E-002, 8.86433137E-003, 1.37469388E-002
 1.25750000E+001, 1.28750000E-001, 3.46915798E-001, 2.92965593E-002, 1.01634392E-002, 1.58834279E-002
 1.26250000E+001, 1.31250000E-001, 3.44994039E-001, 3.24678583E-002, 1.12012176E-002, 1.76517393E-002
 1.26750000E+001, 1.33750000E-001, 3.42872827E-001, 3.46524658E-002, 1.18813889E-002, 1.88976268E-002
 1.27250000E+001, 1.36250000E-001, 3.40492887E-001, 3.56988064E-002, 1.21551897E-002, 1.95361658E-002
 1.27750000E+001, 1.38750000E-001, 3.37904140E-001, 3.55044467E-002, 1.19970995E-002, 1.95040881E-002
 1.28250000E+001, 1.41250000E-001, 3.35147149E-001, 3.43269736E-002, 1.15045873E-002, 1.89346556E-002
 1.28750000E+001, 1.43750000E-001, 3.32152749E-001, 3.18118193E-002, 1.05663832E-002, 1.76262222E-002
 1.29250000E+001, 1.46250000E-001, 3.28824045E-001, 2.74783765E-002, 9.03555090E-003, 1.53020263E-002
 1.29750000E+001, 1.48750000E-001, 3.25052530E-001, 2.06397169E-002, 6.70899221E-003, 1.15602339E-002
 1.30250000E+001, 1.51250000E-001, 3.20708378E-001, 1.05621913E-002, 3.38738323E-003, 5.95577846E-003
 1.30750000E+001, 1.53750000E-001, 3.15686820E-001,-3.42796990E-003,-1.08216492E-003,-1.94826681E-003
 1.31250000E+001, 1.56250000E-001, 3.09995952E-001,-2.14256134E-002,-6.64185341E-003,-1.22883879E-002
 1.31750000E+001, 1.58750000E-001, 3.04669473E-001,-3.75755955E-002,-1.14481369E-002,-2.17385744E-002
 1.32250000E+001, 1.61250000E-001, 3.00488684E-001,-4.74064933E-002,-1.42451148E-002,-2.76161689E-002
 1.32750000E+001, 1.63750000E-001, 2.97112027E-001,-5.27443273E-002,-1.56709740E-002,-3.08997738E-002
 1.33250000E+001, 1.66250000E-001, 2.94245284E-001,-5.52190131E-002,-1.62479342E-002,-3.25067494E-002
 1.33750000E+001, 1.68750000E-001, 2.91678162E-001,-5.60132650E-002,-1.63378462E-002,-3.31191048E-002
 1.34250000E+001, 1.71250000E-001, 2.89270311E-001,-5.60025942E-002,-1.61998878E-002,-3.32503233E-002
 1.34750000E+001, 1.73750000E-001, 2.86982513E-001,-5.51932715E-002,-1.58395037E-002,-3.29001652E-002
 1.35250000E+001, 1.76250000E-001, 2.84886440E-001,-5.31728561E-002,-1.51482257E-002,-3.18122040E-002
 1.35750000E+001, 1.78750000E-001, 2.82998857E-001,-4.98575766E-002,-1.41096372E-002,-2.99280543E-002
 1.36250000E+001, 1.81250000E-001, 2.81294870E-001,-4.54113620E-002,-1.27739832E-002,-2.73415594E-002
 1.36750000E+001, 1.83750000E-001, 2.79730066E-001,-4.01073824E-002,-1.12192407E-002,-2.42155537E-002
 1.37250000E+001, 1.86250000E-001, 2.78258849E-001,-3.42168265E-002,-9.52113477E-003,-2.07135670E-002
 1.37750000E+001, 1.88750000E-001, 2.76844401E-001,-2.79511799E-002,-7.73812765E-003,-1.69637527E-002
 1.38250000E+001, 1.91250000E-001, 2.75461567E-001,-2.14500896E-002,-5.90867528E-003,-1.30508339E-002
 1.38750000E+001, 1.93750000E-001, 2.74095549E-001,-1.47947941E-002,-4.05518722E-003,-9.02396897E-003
 1.39250000E+001, 1.96250000E-001, 2.72738857E-001,-8.02816869E-003,-2.18959355E-003,-4.90888254E-003
 1.39750000E+001, 1.98750000E-001, 2.71388111E-001,-1.17067759E-003,-3.17707980E-004,-7.17598553E-004
 1.40250000E+001, 2.01250000E-001, 2.70041586E-001, 5.77003604E-003, 1.55814968E-003, 3.54570713E-003
 1.40750000E+001, 2.03750000E-001, 2.68697977E-001, 1.27925974E-002, 3.43734505E-003, 7.88072538E-003
 1.41250000E+001, 2.06250000E-001, 2.67356295E-001, 1.98975858E-002, 5.31974482E-003, 1.22883858E-002
 1.41750000E+001, 2.08750000E-001, 2.66015913E-001, 2.70881221E-002, 7.20587152E-003, 1.67712236E-002
 1.42250000E+001, 2.11250000E-001, 2.64678368E-001, 3.43637045E-002, 9.09532924E-003, 2.13294870E-002
 1.42750000E+001, 2.13750000E-001, 2.63349058E-001, 4.17177053E-002, 1.09863184E-002, 2.59593722E-002
 1.43250000E+001, 2.16250000E-001, 2.62007555E-001, 4.89885707E-002, 1.28353756E-002, 3.05617008E-002
 1.43750000E+001, 2.18750000E-001, 2.60594251E-001, 5.57353622E-002, 1.45243150E-002, 3.48648717E-002
 1.44250000E+001, 2.21250000E-001, 2.58953862E-001, 6.11835122E-002, 1.58437068E-002, 3.83939563E-002
 1.44750000E+001, 2.23750000E-001, 2.56830524E-001, 6.43380657E-002, 1.65239791E-002, 4.05400556E-002
 1.45250000E+001, 2.26250000E-001, 2.54121760E-001, 6.38755270E-002, 1.62321613E-002, 4.04625480E-002
 1.45750000E+001, 2.28750000E-001, 2.50815119E-001, 5.93449704E-002, 1.48846158E-002, 3.78396159E-002
 1.46250000E+001, 2.31250000E-001, 2.46479259E-001, 4.81702393E-002, 1.18729649E-002, 3.09833429E-002
 1.46750000E+001, 2.33750000E-001, 2.40568441E-001, 2.68587143E-002, 6.46135904E-003, 1.74866071E-002
 1.47250000E+001, 2.36250000E-001, 2.32700666E-001,-7.86431783E-003,-1.83003200E-003,-5.20597289E-003
 1.47750000E+001, 2.38750000E-001, 2.23990014E-001,-4.88912729E-002,-1.09511569E-002,-3.29880523E-002
 1.48250000E+001, 2.41250000E-001, 2.18092874E-001,-7.20743102E-002,-1.57188935E-002,-4.92832585E-002
 1.48750000E+001, 2.43750000E-001, 2.14317679E-001,-8.14111656E-002,-1.74478521E-002,-5.61558017E-002
 1.49250000E+001, 2.46250000E-001, 2.11613259E-001,-8.38073304E-002,-1.77347423E-002,-5.81768533E-002
 1.49750000E+001, 2.48750000E-001, 2.09357298E-001,-8.32279410E-002,-1.74243768E-002,-5.80851020E-002
 1.50250000E+001, 2.51250000E-001, 2.07456931E-001,-7.97461743E-002,-1.65438966E-002,-5.59094915E-002
 1.50750000E+001, 2.53750000E-001, 2.05970910E-001,-7.31690942E-002,-1.50707049E-002,-5.14830649E-002
 1.51250000E+001, 2.56250000E-001, 2.04782040E-001,-6.45051296E-002,-1.32094920E-002,-4.55185039E-002
 1.51750000E+001, 2.58750000E-001, 2.03729455E-001,-5.49136810E-002,-1.11875343E-002,-3.88502040E-002
 1.52250000E+001, 2.61250000E-001, 2.02696312E-001,-4.52720229E-002,-9.17647208E-003,-3.21104681E-002
 1.52750000E+001, 2.63750000E-001, 2.01606897E-001,-3.58413054E-002,-7.22585439E-003,-2.54900557E-002
 1.53250000E+001, 2.66250000E-001, 2.00445037E-001,-2.67728472E-002,-5.36648434E-003,-1.90957431E-002
 1.53750000E+001, 2.68750000E-001, 1.99221304E-001,-1.80249546E-002,-3.59095496E-003,-1.28957305E-002
 1.54250000E+001, 2.71250000E-001, 1.97955325E-001,-9.48125536E-003,-1.87686499E-003,-6.80490251E-003
 1.54750000E+001, 2.73750000E-001, 1.96665008E-001,-1.02449743E-003,-2.01482795E-004,-7.37712234E-004
 1.55250000E+001, 2.76250000E-001, 1.95361257E-001, 7.43096022E-003, 1.45172173E-003, 5.36865350E-003
 1.55750000E+001, 2.78750000E-001, 1.94045987E-001, 1.59342255E-002, 3.09197252E-003, 1.15509654E-002
 1.56250000E+001, 2.81250000E-001, 1.92724480E-001, 2.44936848E-002, 4.72053266E-003, 1.78166211E-002
 1.56750000E+001, 2.83750000E-001, 1.91400510E-001, 3.31299196E-002, 6.34108351E-003, 2.41817928E-002
 1.57250000E+001, 2.86250000E-001, 1.90083778E-001, 4.19219051E-002, 7.96867409E-003, 3.07049322E-002
 1.57750000E+001, 2.88750000E-001, 1.88790708E-001, 5.10246196E-002, 9.63297408E-003, 3.74998151E-002
 1.58250000E+001, 2.91250000E-001, 1.87519787E-001, 6.00415897E-002, 1.12589861E-002, 4.42759910E-002
 1.58750000E+001, 2.93750000E-001, 1.86109984E-001, 6.81701502E-002, 1.26871456E-002, 5.04602123E-002
 1.59250000E+001, 2.96250000E-001, 1.84257072E-001, 7.36052624E-002, 1.35622901E-002, 5.47565959E-002
 1.59750000E+001, 2.98750000E-001, 1.81558266E-001, 7.39290868E-002, 1.34224368E-002, 5.54047484E-002
 1.60250000E+001, 3.01250000E-001, 1.78028608E-001, 6.69813122E-002, 1.19245897E-002, 5.06930489E-002
 1.60750000E+001, 3.03750000E-001, 1.72889706E-001, 4.78280721E-002, 8.26898132E-003, 3.67314409E-002
 1.61250000E+001, 3.06250000E-001, 1.65360773E-001, 9.60940576E-003, 1.58901877E-003, 7.54605460E-003
 1.61750000E+001, 3.08750000E-001, 1.56014650E-001,-4.44073794E-002,-6.92820174E-003,-3.59014603E-002
 1.62250000E+001, 3.11250000E-001, 1.49671225E-001,-7.61912606E-002,-1.14036393E-002,-6.28891407E-002
 1.62750000E+001, 3.13750000E-001, 1.46109781E-001,-8.60489040E-002,-1.25725865E-002,-7.18861718E-002
 1.63250000E+001, 3.16250000E-001, 1.43749016E-001,-8.69065514E-002,-1.24927313E-002,-7.31964021E-002
 1.63750000E+001, 3.18750000E-001, 1.41872477E-001,-8.26790067E-002,-1.17298755E-002,-7.00948053E-002
 1.64250000E+001, 3.21250000E-001, 1.40557056E-001,-7.32941720E-002,-1.03020131E-002,-6.24284820E-002
 1.64750000E+001, 3.23750000E-001, 1.39595876E-001,-6.08516525E-002,-8.49463971E-003,-5.20086693E-002
 1.65250000E+001, 3.26250000E-001, 1.38740894E-001,-4.79807093E-002,-6.65688648E-003,-4.11342969E-002
 1.65750000E+001, 3.28750000E-001, 1.37779559E-001,-3.56448386E-002,-4.91113016E-003,-3.06650668E-002
 1.66250000E+001, 3.31250000E-001, 1.36666251E-001,-2.42968971E-002,-3.32056583E-003,-2.09874576E-002
 1.66750000E+001, 3.33750000E-001, 1.35429646E-001,-1.37960354E-002,-1.86839219E-003,-1.19711835E-002
 1.67250000E+001, 3.36250000E-001, 1.34121812E-001,-3.73822819E-003,-5.01377940E-004,-3.25953583E-003
 1.67750000E+001, 3.38750000E-001, 1.32787420E-001, 6.23142622E-003, 8.27455013E-004, 5.46070417E-003
 1.68250000E+001, 3.41250000E-001, 1.31442050E-001, 1.62878386E-002, 2.14090689E-003, 1.43461694E-002
 1.68750000E+001, 3.43750000E-001, 1.30098156E-001, 2.65043984E-002, 3.44817337E-003, 2.34650800E-002
 1.69250000E+001, 3.46250000E-001, 1.28765764E-001, 3.70355843E-002, 4.76891530E-003, 3.29578335E-002
 1.69750000E+001, 3.48750000E-001, 1.27457731E-001, 4.80223972E-002, 6.12082580E-003, 4.29536824E-002
 1.70250000E+001, 3.51250000E-001, 1.26207874E-001, 5.94261685E-002, 7.50005038E-003, 5.34163445E-002
 1.70750000E+001, 3.53750000E-001, 1.24884868E-001, 7.02616888E-002, 8.77462172E-003, 6.34897085E-002
 1.71250000E+001, 3.56250000E-001, 1.23204452E-001, 7.81211509E-002, 9.62487357E-003, 7.10714360E-002
 1.71750000E+001, 3.58750000E-001, 1.20568033E-001, 7.97887816E-002, 9.61997646E-003, 7.33779212E-002
 1.72250000E+001, 3.61250000E-001, 1.16994560E-001, 7.10876024E-002, 8.31686274E-003, 6.63667716E-002
 1.72750000E+001, 3.63750000E-001, 1.11568869E-001, 4.50018019E-002, 5.02080016E-003, 4.30227381E-002
 1.73250000E+001, 3.66250000E-001, 1.03657162E-001,-7.21279055E-003,-7.47657397E-004,-7.15390754E-003
 1.73750000E+001, 3.68750000E-001, 9.61865851E-002,-5.75173722E-002,-5.53239962E-003,-5.92217779E-002
 1.74250000E+001, 3.71250000E-001, 9.21999463E-002,-7.43130861E-002,-6.85166254E-003,-7.81519146E-002
 1.74750000E+001, 3.73750000E-001, 8.98159503E-002,-7.59549450E-002,-6.82196556E-003,-8.09317586E-002
 1.75250000E+001, 3.76250000E-001, 8.80033521E-002,-6.98463767E-002,-6.14671528E-003,-7.51854724E-002
 1.75750000E+001, 3.78750000E-001, 8.67799230E-002,-5.68682781E-002,-4.93502480E-003,-6.16453194E-002
 1.76250000E+001, 3.81250000E-001, 8.58728602E-002,-4.06594959E-002,-3.49154721E-003,-4.43071367E-002
 1.76750000E+001, 3.83750000E-001, 8.49846903E-002,-2.44168706E-002,-2.07506019E-003,-2.67460291E-002
 1.77250000E+001, 3.86250000E-001, 8.39507971E-002,-9.03373496E-003,-7.58389251E-004,-9.95622245E-003
 1.77750000E+001, 3.88750000E-001, 8.27651203E-002, 5.20640572E-003, 4.30908796E-004, 5.77901726E-003
 1.78250000E+001, 3.91250000E-001, 8.14834329E-002, 1.87715831E-002, 1.52957303E-003, 2.09993523E-002
 1.78750000E+001, 3.93750000E-001, 8.01624433E-002, 3.22218412E-002, 2.58298152E-003, 3.63416414E-002
 1.79250000E+001, 3.96250000E-001, 7.88212413E-002, 4.58966124E-002, 3.61762796E-003, 5.22033839E-002
 1.79750000E+001, 3.98750000E-001, 7.74740232E-002, 5.99735756E-002, 4.64639419E-003, 6.88052451E-002
 1.80250000E+001, 4.01250000E-001, 7.61277667E-002, 7.45946717E-002, 5.67872576E-003, 8.63328187E-002
 1.80750000E+001, 4.03750000E-001, 7.47828559E-002, 8.97864547E-002, 6.71448750E-003, 1.04845419E-001
 1.81250000E+001, 4.06250000E-001, 7.34340189E-002, 1.05541454E-001, 7.75033316E-003, 1.24369556E-001
 1.81750000E+001, 4.08750000E-001, 7.20744295E-002, 1.21851259E-001, 8.78235994E-003, 1.44936934E-001
 1.82250000E+001, 4.11250000E-001, 7.07157517E-002, 1.38459878E-001, 9.79129433E-003, 1.66266793E-001
 1.82750000E+001, 4.13750000E-001, 6.92640984E-002, 1.54502728E-001, 1.07014921E-002, 1.87465657E-001
 1.83250000E+001, 4.16250000E-001, 6.74584336E-002, 1.66910392E-001, 1.12595136E-002, 2.05213019E-001
 1.83750000E+001, 4.18750000E-001, 6.47026279E-002, 1.71370982E-001, 1.10881529E-002, 2.15137434E-001
 1.84250000E+001, 4.21250000E-001, 6.10318546E-002, 1.62375074E-001, 9.91005189E-003, 2.09884678E-001
 1.84750000E+001, 4.23750000E-001, 5.57867111E-002, 1.31994513E-001, 7.36353978E-003, 1.78455591E-001
 1.85250000E+001, 4.26250000E-001, 4.87428345E-002, 7.25693902E-002, 3.53723777E-003, 1.04963364E-001
 1.85750000E+001, 4.28750000E-001, 4.29013551E-002, 2.50702723E-002, 1.07554865E-003, 3.86512198E-002
 1.86250000E+001, 4.31250000E-001, 3.92409978E-002, 7.71347260E-003, 3.02684361E-004, 1.24342495E-002
 1.86750000E+001, 4.33750000E-001, 3.63888690E-002, 2.25635902E-003, 8.21063529E-005, 3.77714436E-003
 1.87250000E+001, 4.36250000E-001, 3.37879699E-002, 6.39240382E-004, 2.15986348E-005, 1.11051086E-003
 1.87750000E+001, 4.38750000E-001, 3.12600634E-002, 1.76006726E-004, 5.50198142E-006, 3.17887899E-004
 1.88250000E+001, 4.41250000E-001, 2.87525801E-002, 4.70293108E-005, 1.35221403E-006, 8.85665773E-005
 1.88750000E+001, 4.43750000E-001, 2.62506374E-002, 1.21541743E-005, 3.19054823E-007, 2.39549459E-005
 1.89250000E+001, 4.46250000E-001, 2.37501509E-002, 3.02500029E-006, 7.18442136E-008, 6.26804193E-006
 1.89750000E+001, 4.48750000E-001, 2.12500341E-002, 7.21384728E-007, 1.53294500E-008, 1.58025360E-006
 1.90250000E+001, 4.51250000E-001, 1.87500073E-002, 1.63869009E-007, 3.07254511E-009, 3.82151673E-007
 1.90750000E+001, 4.53750000E-001, 1.62500015E-002, 3.52152603E-008, 5.72248031E-010, 8.82152886E-008
 1.91250000E+001, 4.56250000E-001, 1.37500003E-002, 7.10119096E-009, 9.76413776E-011, 1.93383536E-008
 1.91750000E+001, 4.58750000E-001, 1.12500000E-002, 1.33059564E-009, 1.49692011E-011, 4.00598662E-009
 1.92250000E+001, 4.61250000E-001, 8.75000001E-003, 2.28959172E-010, 2.00339276E-012, 7.81616427E-010
 1.92750000E+001, 4.63750000E-001, 6.25000000E-003, 3.57034387E-011, 2.23146492E-013, 1.44214755E-010
 1.93250000E+001, 4.66250000E-001, 3.75000000E-003, 4.74621725E-012, 1.77983147E-014, 2.47497968E-011
 1.93750000E+001, 4.68750000E-001, 1.25000000E-003, 6.29438767E-013, 7.86798458E-016, 5.68510041E-012
 1.94250000E+001, 4.71250000E-001, 0.00000000E+000, 0.00000000E+000, 0.00000000E+000, 0.00000000E+000
 1.94750000E+001, 4.73750000E-001, 0.00000000E+000, 0.00000000E+000, 0.00000000E+000, 0.00000000E+000
 1.95250000E+001, 4.76250000E-001, 0.00000000E+000, 0.00000000E+000, 0.00000000E+000, 0.00000000E+000
 1.95750000E+001, 4.78750000E-001, 0.00000000E+000, 0.00000000E+000, 0.00000000E+000, 0.00000000E+000
 1.96250000E+001, 4.81250000E-001, 0.00000000E+000, 0.00000000E+000, 0.00000000E+000, 0.00000000E+000
 1.96750000E+001, 4.83750000E-001, 0.00000000E+000, 0.00000000E+000, 0.00000000E+000, 0.00000000E+000
 1.97250000E+001, 4.86250000E-001, 0.00000000E+000, 0.00000000E+000, 0.00000000E+000, 0.00000000E+000
 1.97750000E+001, 4.88750000E-001, 0.00000000E+000, 0.00000000E+000, 0.00000000E+000, 0.00000000E+000
 1.98250000E+001, 4.91250000E-001, 0.00000000E+000, 0.00000000E+000, 0.00000000E+000, 0.00000000E+000
 1.98750000E+001, 4.93750000E-001, 0.00000000E+000, 0.00000000E+000, 0.00000000E+000, 0.00000000E+000
 1.99250000E+001, 4.96250000E-001, 0.00000000E+000, 0.00000000E+000, 0.00000000E+000, 0.00000000E+000
 1.99750000E+001, 4.98750000E-001, 0.00000000E+000, 0.00000000E+000, 0.00000000E+000, 0.00000000E+000
 2.00250000E+001, 5.01250000E-001, 0.00000000E+000, 0.00000000E+000, 0.00000000E+000, 0.00000000E+000
 2.00750000E+001, 5.03750000E-001, 0.00000000E+000, 0.00000000E+000, 0.00000000E+000, 0.00000000E+000
 2.01250000E+001, 5.06250000E-001, 0.00000000E+000, 0.00000000E+000, 0.00000000E+000, 0.00000000E+000
 2.01750000E+001, 5.08750000E-001, 0.00000000E+000, 0.00000000E+000, 0.00000000E+000, 0.00000000E+000
 2.02250000E+001, 5.11250000E-001, 0.00000000E+000, 0.00000000E+000, 0.00000000E+000, 0.00000000E+000
 2.02750000E+001, 5.13750000E-001, 0.00000000E+000, 0.00000000E+000, 0.00000000E+000, 0.00000000E+000
 2.03250000E+001, 5.16250000E-001, 0.00000000E+000, 0.00000000E+000, 0.00000000E+000, 0.00000000E+000
 2.03750000E+001, 5.18750000E-001, 0.00000000E+000, 0.00000000E+000, 0.00000000E+000, 0.00000000E+000
 2.04250000E+001, 5.21250000E-001, 0.00000000E+000, 0.00000000E+000, 0.00000000E+000, 0.00000000E+000
 2.04750000E+001, 5.23750000E-001, 0.00000000E+000, 0.00000000E+000, 0.00000000E+000, 0.00000000E+000
 2.05250000E+001, 5.26250000E-001, 0.00000000E+000, 0.00000000E+000, 0.00000000E+000, 0.00000000E+000
 2.05750000E+001, 5.28750000E-001, 0.00000000E+000, 0.00000000E+000, 0.00000000E+000, 0.00000000E+000
 2.06250000E+001, 5.31250000E-001, 0.00000000E+000, 0.00000000E+000, 0.00000000E+000, 0.00000000E+000
 2.06750000E+001, 5.33750000E-001, 0.00000000E+000, 0.00000000E+000, 0.00000000E+000, 0.00000000E+000
 2.07250000E+001, 5.36250000E-001, 0.00000000E+000, 0.00000000E+000, 0.00000000E+000, 0.00000000E+000
 2.07750000E+001, 5.38750000E-001, 0.00000000E+000, 0.00000000E+000, 0.00000000E+000, 0.00000000E+000
 2.08250000E+001, 5.41250000E-001, 0.00000000E+000, 0.00000000E+000, 0.00000000E+000, 0.00000000E+000
 2.08750000E+001, 5.43750000E-001, 0.00000000E+000, 0.00000000E+000, 0.00000000E+000, 0.00000000E+000
 2.09250000E+001, 5.46250000E-001, 0.00000000E+000, 0.00000000E+000, 0.00000000E+000, 0.00000000E+000
 2.09750000E+001, 5.48750000E-001, 0.00000000E+000, 0.00000000E+000, 0.00000000E+000, 0.00000000E+000
 2.10250000E+001, 5.51250000E-001, 0.00000000E+000, 0.00000000E+000, 0.00000000E+000, 0.00000000E+000
 2.10750000E+001, 5.53750000E-001, 0.00000000E+000, 0.00000000E+000, 0.00000000E+000, 0.00000000E+000
 2.11250000E+001, 5.56250000E-001, 0.00000000E+000, 0.00000000E+000, 0.00000000E+000, 0.00000000E+000
 2.11750000E+001, 5.58750000E-001, 0.00000000E+000, 0.00000000E+000, 0.00000000E+000, 0.00000000E+000
 2.12250000E+001, 5.61250000E-001, 0.00000000E+000, 0.00000000E+000, 0.00000000E+000, 0.00000000E+000
 2.12750000E+001, 5.63750000E-001, 0.00000000E+000, 0.00000000E+000, 0.00000000E+000, 0.00000000E+000
 2.13250000E+001, 5.66250000E-001, 0.00000000E+000, 0.00000000E+000, 0.00000000E+000, 0.00000000E+000
 2.13750000E+001, 5.68750000E-001, 0.00000000E+000, 0.00000000E+000, 0.00000000E+000, 0.00000000E+000
 2.14250000E+001, 5.71250000E-001, 0.00000000E+000, 0.00000000E+000, 0.00000000E+000, 0.00000000E+000
 2.14750000E+001, 5.73750000E-001, 0.00000000E+000, 0.00000000E+000, 0.00000000E+000, 0.00000000E+000
 2.15250000E+001, 5.76250000E-001, 0.00000000E+000, 0.00000000E+000, 0.00000000E+000, 0.00000000E+000
 2.15750000E+001, 5.78750000E-001, 0.00000000E+000, 0.00000000E+000, 0.00000000E+000, 0.00000000E+000
 2.16250000E+001, 5.81250000E-001, 0.00000000E+000, 0.00000000E+000, 0.00000000E+000, 0.00000000E+000
 2.16750000E+001, 5.83750000E-001, 0.00000000E+000, 0.00000000E+000, 0.00000000E+000, 0.00000000E+000
 2.17250000E+001, 5.86250000E-001, 0.00000000E+000, 0.00000000E+000, 0.00000000E+000, 0.00000000E+000
 2.17750000E+001, 5.88750000E-001, 0.00000000E+000, 0.00000000E+000, 0.00000000E+000, 0.00000000E+000
 2.18250000E+001, 5.91250000E-001, 0.00000000E+000, 0.00000000E+000, 0.00000000E+000, 0.00000000E+000
 2.18750000E+001, 5.93750000E-001, 0.00000000E+000, 0.00000000E+000, 0.00000000E+000, 0.00000000E+000
 2.19250000E+001, 5.96250000E-001, 0.00000000E+000, 0.00000000E+000, 0.00000000E+000, 0.00000000E+000
 2.19750000E+001, 5.98750000E-001, 0.00000000E+000, 0.00000000E+000, 0.00000000E+000, 0.00000000E+000
 2.20250000E+001, 6.01250000E-001, 0.00000000E+000, 0.00000000E+000, 0.00000000E+000, 0.00000000E+000
 2.20750000E+001, 6.03750000E-001, 0.00000000E+000, 0.00000000E+000, 0.00000000E+000, 0.00000000E+000
 2.21250000E+001, 6.06250000E-001, 0.00000000E+000, 0.00000000E+000, 0.00000000E+000, 0.00000000E+000
 2.21750000E+001, 6.08750000E-001, 0.00000000E+000, 0.00000000E+000, 0.00000000E+000, 0.00000000E+000
 2.22250000E+001, 6.11250000E-001, 0.00000000E+000, 0.00000000E+000, 0.00000000E+000, 0.00000000E+000
 2.22750000E+001, 6.13750000E-001, 0.00000000E+000, 0.00000000E+000, 0.00000000E+000, 0.00000000E+000
 2.23250000E+001, 6.16250000E-001, 0.00000000E+000, 0.00000000E+000, 0.00000000E+000, 0.00000000E+000
 2.23750000E+001, 6.18750000E-001, 0.00000000E+000, 0.00000000E+000, 0.00000000E+000, 0.00000000E+000
 2.24250000E+001, 6.21250000E-001, 0.00000000E+000, 0.00000000E+000, 0.00000000E+000, 0.00000000E+000
 2.24750000E+001, 6.23750000E-001, 0.00000000E+000, 0.00000000E+000, 0.00000000E+000, 0.00000000E+000
 2.25250000E+001, 6.26250000E-001, 0.00000000E+000, 0.00000000E+000, 0.00000000E+000, 0.00000000E+000
 2.25750000E+001, 6.28750000E-001, 0.00000000E+000, 0.00000000E+000, 0.00000000E+000, 0.00000000E+000
 2.26250000E+001, 6.31250000E-001, 0.00000000E+000, 0.00000000E+000, 0.00000000E+000, 0.00000000E+000
 2.26750000E+001, 6.33750000E-001, 0.00000000E+000, 0.00000000E+000, 0.00000000E+000, 0.00000000E+000
 2.27250000E+001, 6.36250000E-001, 0.00000000E+000, 0.00000000E+000, 0.00000000E+000, 0.00000000E+000
 2.27750000E+001, 6.38750000E-001, 0.00000000E+000, 0.00000000E+000, 0.00000000E+000, 0.00000000E+000
 2.28250000E+001, 6.41250000E-001, 0.00000000E+000, 0.00000000E+000, 0.00000000E+000, 0.00000000E+000
 2.28750000E+001, 6.43750000E-001, 0.00000000E+000, 0.00000000E+000, 0.00000000E+000, 0.00000000E+000
 2.29250000E+001, 6.46250000E-001, 0.00000000E+000, 0.00000000E+000, 0.00000000E+000, 0.00000000E+000
 2.29750000E+001, 6.48750000E-001, 0.00000000E+000, 0.00000000E+000, 0.00000000E+000, 0.00000000E+000
 2.30250000E+001, 6.51250000E-001, 0.00000000E+000, 0.00000000E+000, 0.00000000E+000, 0.00000000E+000
 2.30750000E+001, 6.53750000E-001, 0.00000000E+000, 0.00000000E+000, 0.00000000E+000, 0.00000000E+000
 2.31250000E+001, 6.56250000E-001, 0.00000000E+000, 0.00000000E+000, 0.00000000E+000, 0.00000000E+000
 2.31750000E+001, 6.58750000E-001, 0.00000000E+000, 0.00000000E+000, 0.00000000E+000, 0.00000000E+000
 2.32250000E+001, 6.61250000E-001, 0.00000000E+000, 0.00000000E+000, 0.00000000E+000, 0.00000000E+000
 2.32750000E+001, 6.63750000E-001, 0.00000000E+000, 0.00000000E+000, 0.00000000E+000, 0.00000000E+000
 2.33250000E+001, 6.66250000E-001, 0.00000000E+000, 0.00000000E+000, 0.00000000E+000, 0.00000000E+000
 2.33750000E+001, 6.68750000E-001, 0.00000000E+000, 0.00000000E+000, 0.00000000E+000, 0.00000000E+000
 2.34250000E+001, 6.71250000E-001, 0.00000000E+000, 0.00000000E+000, 0.00000000E+000, 0.00000000E+000
 2.34750000E+001, 6.73750000E-001, 0.00000000E+000, 0.00000000E+000, 0.00000000E+000, 0.00000000E+000
 2.35250000E+001, 6.76250000E-001, 0.00000000E+000, 0.00000000E+000, 0.00000000E+000, 0.00000000E+000
 2.35750000E+001, 6.78750000E-001, 0.00000000E+000, 0.00000000E+000, 0.00000000E+000, 0.00000000E+000
 2.36250000E+001, 6.81250000E-001, 0.00000000E+000, 0.00000000E+000, 0.00000000E+000, 0.00000000E+000
 2.36750000E+001, 6.83750000E-001, 0.00000000E+000, 0.00000000E+000, 0.00000000E+000, 0.00000000E+000
 2.37250000E+001, 6.86250000E-001, 0.00000000E+000, 0.00000000E+000, 0.00000000E+000, 0.00000000E+000
 2.37750000E+001, 6.88750000E-001, 0.00000000E+000, 0.00000000E+000, 0.00000000E+000, 0.00000000E+000
 2.38250000E+001, 6.91250000E-001, 0.00000000E+000, 0.00000000E+000, 0.00000000E+000, 0.00000000E+000
 2.38750000E+001, 6.93750000E-001, 0.00000000E+000, 0.00000000E+000, 0.00000000E+000, 0.00000000E+000
 2.39250000E+001, 6.96250000E-001, 0.00000000E+000, 0.00000000E+000, 0.00000000E+000, 0.00000000E+000
 2.39750000E+001, 6.98750000E-001, 0.00000000E+000, 0.00000000E+000, 0.00000000E+000, 0.00000000E+000
 2.40250000E+001, 7.01250000E-001, 0.00000000E+000, 0.00000000E+000, 0.00000000E+000, 0.00000000E+000
 2.40750000E+001, 7.03750000E-001, 0.00000000E+000, 0.00000000E+000, 0.00000000E+000, 0.00000000E+000
 2.41250000E+001, 7.06250000E-001, 0.00000000E+000, 0.00000000E+000, 0.00000000E+000, 0.00000000E+000
 2.41750000E+001, 7.08750000E-001, 0.00000000E+000, 0.00000000E+000, 0.00000000E+000, 0.00000000E+000
 2.42250000E+001, 7.11250000E-001, 0.00000000E+000, 0.00000000E+000, 0.00000000E+000, 0.00000000E+000
 2.42750000E+001, 7.13750000E-001, 0.00000000E+000, 0.00000000E+000, 0.00000000E+000, 0.00000000E+000
 2.43250000E+001, 7.16250000E-001, 0.00000000E+000, 0.00000000E+000, 0.00000000E+000, 0.00000000E+000
 2.43750000E+001, 7.18750000E-001, 0.00000000E+000, 0.00000000E+000, 0.00000000E+000, 0.00000000E+000
 2.44250000E+001, 7.21250000E-001, 0.00000000E+000, 0.00000000E+000, 0.00000000E+000, 0.00000000E+000
 2.44750000E+001, 7.23750000E-001, 0.00000000E+000, 0.00000000E+000, 0.00000000E+000, 0.00000000E+000
 2.45250000E+001, 7.26250000E-001, 0.00000000E+000, 0.00000000E+000, 0.00000000E+000, 0.00000000E+000
 2.45750000E+001, 7.28750000E-001, 0.00000000E+000, 0.00000000E+000, 0.00000000E+000, 0.00000000E+000
 2.46250000E+001, 7.31250000E-001, 0.00000000E+000, 0.00000000E+000, 0.00000000E+000, 0.00000000E+000
 2.46750000E+001, 7.33750000E-001, 0.00000000E+000, 0.00000000E+000, 0.00000000E+000, 0.00000000E+000
 2.47250000E+001, 7.36250000E-001, 0.00000000E+000, 0.00000000E+000, 0.00000000E+000, 0.00000000E+000
 2.47750000E+001, 7.38750000E-001, 0.00000000E+000, 0.00000000E+000, 0.00000000E+000, 0.00000000E+000
 2.48250000E+001, 7.41250000E-001, 0.00000000E+000, 0.00000000E+000, 0.00000000E+000, 0.00000000E+000
 2.48750000E+001, 7.43750000E-001, 0.00000000E+000, 0.00000000E+000, 0.00000000E+000, 0.00000000E+000
 2.49250000E+001, 7.46250000E-001, 0.00000000E+000, 0.00000000E+000, 0.00000000E+000, 0.00000000E+000
 2.49750000E+001, 7.48750000E-001, 0.00000000E+000, 0.00000000E+000, 0.00000000E+000, 0.00000000E+000
