   10.003548689978617      ,         500
X,ZB,H,U,Q,FR
 2.50000000E-002, 0.00000000E+000, 4.40004061E-001,-1.33469036E-001,-5.87269179E-002,-6.42527678E-002
 7.50000000E-002, 0.00000000E+000, 4.39297306E-001,-1.26720279E-001,-5.56678773E-002,-6.10529297E-002
 1.25000000E-001, 0.00000000E+000, 4.40879325E-001,-1.22528995E-001,-5.40205008E-002,-5.89275880E-002
 1.75000000E-001, 0.00000000E+000, 4.43840474E-001,-1.16214086E-001,-5.15805150E-002,-5.57038199E-002
 2.25000000E-001, 0.00000000E+000, 4.47635331E-001,-1.06766790E-001,-4.77925875E-002,-5.09581517E-002
 2.75000000E-001, 0.00000000E+000, 4.51621191E-001,-9.35425966E-002,-4.22458189E-002,-4.44489927E-002
 3.25000000E-001, 0.00000000E+000, 4.55286894E-001,-7.76479787E-002,-3.53521070E-002,-3.67474527E-002
 3.75000000E-001, 0.00000000E+000, 4.58520687E-001,-6.06791931E-002,-2.78226653E-002,-2.86154110E-002
 4.25000000E-001, 0.00000000E+000, 4.61407137E-001,-4.35015723E-002,-2.00719359E-002,-2.04504307E-002
 4.75000000E-001, 0.00000000E+000, 4.64168013E-001,-2.62571317E-002,-1.21877207E-002,-1.23069188E-002
 5.25000000E-001, 0.00000000E+000, 4.67210467E-001,-9.41953747E-003,-4.40090650E-003,-4.40061075E-003
 5.75000000E-001, 0.00000000E+000, 4.70739109E-001, 7.14623430E-003, 3.36401197E-003, 3.32603465E-003
 6.25000000E-001, 0.00000000E+000, 4.74577631E-001, 2.53387135E-002, 1.20251866E-002, 1.17454751E-002
 6.75000000E-001, 0.00000000E+000, 4.78994010E-001, 4.51725180E-002, 2.16373655E-002, 2.08424571E-002
 7.25000000E-001, 0.00000000E+000, 4.83329064E-001, 6.37900443E-002, 3.08315824E-002, 2.93002352E-002
 7.75000000E-001, 0.00000000E+000, 4.87054791E-001, 7.83682568E-002, 3.81696350E-002, 3.58584023E-002
 8.25000000E-001, 0.00000000E+000, 4.90206635E-001, 8.93861208E-002, 4.38176695E-002, 4.07680704E-002
 8.75000000E-001, 0.00000000E+000, 4.92561145E-001, 9.69634825E-002, 4.77604439E-002, 4.41182003E-002
 9.25000000E-001, 0.00000000E+000, 4.94443600E-001, 1.04014894E-001, 5.14294986E-002, 4.72364018E-002
 9.75000000E-001, 0.00000000E+000, 4.95797753E-001, 1.11891443E-001, 5.54755258E-002, 5.07439481E-002
 1.02500000E+000, 0.00000000E+000, 4.96831779E-001, 1.20498145E-001, 5.98673075E-002, 5.45902816E-002
 1.07500000E+000, 0.00000000E+000, 4.97323862E-001, 1.26165958E-001, 6.27453416E-002, 5.71297337E-002
 1.12500000E+000, 0.00000000E+000, 4.97938025E-001, 1.29228847E-001, 6.43479566E-002, 5.84805544E-002
 1.17500000E+000, 0.00000000E+000, 4.98403639E-001, 1.28817093E-001, 6.42029077E-002, 5.82669854E-002
 1.22500000E+000, 0.00000000E+000, 4.99178535E-001, 1.26042365E-001, 6.29176430E-002, 5.69676428E-002
 1.27500000E+000, 0.00000000E+000, 4.99045805E-001, 1.22617636E-001, 6.11918167E-002, 5.54271301E-002
 1.32500000E+000, 0.00000000E+000, 4.97784403E-001, 1.22323438E-001, 6.08906997E-002, 5.53641575E-002
 1.37500000E+000, 0.00000000E+000, 4.95491746E-001, 1.19209296E-001, 5.90672222E-002, 5.40793632E-002
 1.42500000E+000, 0.00000000E+000, 4.92697580E-001, 1.08738436E-001, 5.35751642E-002, 4.94689310E-002
 1.47500000E+000, 0.00000000E+000, 4.89267617E-001, 8.90035382E-002, 4.35465490E-002, 4.06325140E-002
 1.52500000E+000, 0.00000000E+000, 4.84518414E-001, 6.07694501E-002, 2.94439175E-002, 2.78785269E-002
 1.57500000E+000, 0.00000000E+000, 4.77754651E-001, 2.57281097E-002, 1.22917240E-002, 1.18862559E-002
 1.62500000E+000, 0.00000000E+000, 4.68352346E-001,-1.59801544E-002,-7.48434282E-003,-7.45648727E-003
 1.67500000E+000, 0.00000000E+000, 4.57310453E-001,-6.26044712E-002,-2.86296791E-002,-2.95623835E-002
 1.72500000E+000, 0.00000000E+000, 4.49996662E-001,-9.09083704E-002,-4.09084633E-002,-4.32751802E-002
 1.77500000E+000, 0.00000000E+000, 4.45656951E-001,-1.06651498E-001,-4.75299815E-002,-5.10159851E-002
 1.82500000E+000, 0.00000000E+000, 4.43639191E-001,-1.14506283E-001,-5.07994746E-002,-5.48976839E-002
 1.87500000E+000, 0.00000000E+000, 4.42691752E-001,-1.20346963E-001,-5.32766080E-002,-5.77595872E-002
 1.92500000E+000, 0.00000000E+000, 4.42757984E-001,-1.23866714E-001,-5.48429766E-002,-5.94444174E-002
 1.97500000E+000, 0.00000000E+000, 4.43353941E-001,-1.28297917E-001,-5.68813870E-002,-6.15295835E-002
 2.02500000E+000, 0.00000000E+000, 4.43960047E-001,-1.29525391E-001,-5.75040987E-002,-6.20758431E-002
 2.07500000E+000, 0.00000000E+000, 4.44334053E-001,-1.26688689E-001,-5.62920985E-002,-6.06907773E-002
 2.12500000E+000, 0.00000000E+000, 4.44481463E-001,-1.20992850E-001,-5.37790788E-002,-5.79525482E-002
 2.17500000E+000, 0.00000000E+000, 4.44756273E-001,-1.12570682E-001,-5.00665172E-002,-5.39018805E-002
 2.22500000E+000, 0.00000000E+000, 4.45725565E-001,-1.03208790E-001,-4.60027963E-002,-4.93653900E-002
 2.27500000E+000, 0.00000000E+000, 4.47707169E-001,-9.39957822E-002,-4.20825856E-002,-4.48591459E-002
 2.32500000E+000, 0.00000000E+000, 4.50489202E-001,-8.46010380E-002,-3.81118541E-002,-4.02506740E-002
 2.37500000E+000, 0.00000000E+000, 4.53745541E-001,-7.46625127E-002,-3.38777822E-002,-3.53945239E-002
 2.42500000E+000, 0.00000000E+000, 4.57000703E-001,-6.28202439E-002,-2.87088956E-002,-2.96743246E-002
 2.47500000E+000, 0.00000000E+000, 4.59851870E-001,-5.07800628E-002,-2.33513068E-002,-2.39124411E-002
 2.52500000E+000, 0.00000000E+000, 4.62180726E-001,-3.88773320E-002,-1.79683535E-002,-1.82612372E-002
 2.57500000E+000, 0.00000000E+000, 4.64232994E-001,-2.71354708E-002,-1.25971809E-002,-1.27177129E-002
 2.62500000E+000, 0.00000000E+000, 4.66357135E-001,-1.56464247E-002,-7.29682178E-003,-7.31636662E-003
 2.67500000E+000, 0.00000000E+000, 4.68742151E-001,-5.24192309E-003,-2.45711031E-003,-2.44491238E-003
 2.72500000E+000, 0.00000000E+000, 4.71409683E-001, 5.05915680E-003, 2.38493550E-003, 2.35298169E-003
 2.77500000E+000, 0.00000000E+000, 4.74067453E-001, 1.66294704E-002, 7.88349066E-003, 7.71255024E-003
 2.82500000E+000, 0.00000000E+000, 4.76431904E-001, 2.85985455E-002, 1.36252595E-002, 1.32307111E-002
 2.87500000E+000, 0.00000000E+000, 4.78418331E-001, 4.04219576E-002, 1.93386055E-002, 1.86617813E-002
 2.92500000E+000, 0.00000000E+000, 4.80354537E-001, 5.20070523E-002, 2.49818235E-002, 2.39618833E-002
 2.97500000E+000, 0.00000000E+000, 4.82653334E-001, 6.24723067E-002, 3.01524671E-002, 2.87150479E-002
 3.02500000E+000, 0.00000000E+000, 4.85693251E-001, 7.22172340E-002, 3.50754231E-002, 3.30902063E-002
 3.07500000E+000, 0.00000000E+000, 4.89078431E-001, 8.37689984E-002, 4.09696103E-002, 3.82502014E-002
 3.12500000E+000, 0.00000000E+000, 4.91840217E-001, 9.38783363E-002, 4.61731413E-002, 4.27457581E-002
 3.17500000E+000, 0.00000000E+000, 4.93548181E-001, 1.01656633E-001, 5.01724464E-002, 4.62073012E-002
 3.22500000E+000, 0.00000000E+000, 4.94476497E-001, 1.08078376E-001, 5.34422165E-002, 4.90801228E-002
 3.27500000E+000, 0.00000000E+000, 4.94859169E-001, 1.12813496E-001, 5.58267929E-002, 5.12106050E-002
 3.32500000E+000, 0.00000000E+000, 4.95086357E-001, 1.15917506E-001, 5.73891756E-002, 5.26075658E-002
 3.37500000E+000, 0.00000000E+000, 4.95317948E-001, 1.17240106E-001, 5.80711289E-002, 5.31953694E-002
 3.42500000E+000, 0.00000000E+000, 4.95536074E-001, 1.16370130E-001, 5.76655975E-002, 5.27890129E-002
 3.47500000E+000, 0.00000000E+000, 4.95782260E-001, 1.14052164E-001, 5.65450395E-002, 5.17246662E-002
 3.52500000E+000, 0.00000000E+000, 4.95628884E-001, 1.11061378E-001, 5.50452269E-002, 5.03760850E-002
 3.57500000E+000, 0.00000000E+000, 4.94735887E-001, 1.07665699E-001, 5.32660849E-002, 4.88799006E-002
 3.62500000E+000, 0.00000000E+000, 4.92733727E-001, 1.00216435E-001, 4.93800173E-002, 4.55903011E-002
 3.67500000E+000, 0.00000000E+000, 4.88510519E-001, 8.25079901E-002, 4.03060211E-002, 3.76962984E-002
 3.72500000E+000, 0.00000000E+000, 4.79815597E-001, 4.33526824E-002, 2.08012932E-002, 1.99856580E-002
 3.77500000E+000, 0.00000000E+000, 4.64406461E-001,-2.61069242E-002,-1.21242243E-002,-1.22333736E-002
 3.82500000E+000, 0.00000000E+000, 4.53414463E-001,-7.53938560E-002,-3.41846648E-002,-3.57542712E-002
 3.87500000E+000, 0.00000000E+000, 4.49139942E-001,-9.32060889E-002,-4.18625773E-002,-4.44112609E-002
 3.92500000E+000, 0.00000000E+000, 4.47696886E-001,-9.85211162E-002,-4.41075969E-002,-4.70193851E-002
 3.97500000E+000, 0.00000000E+000, 4.47237215E-001,-1.00699279E-001,-4.50364652E-002,-4.80836086E-002
 4.02500000E+000, 0.00000000E+000, 4.47355935E-001,-1.01885662E-001,-4.55791557E-002,-4.86436472E-002
 4.07500000E+000, 0.00000000E+000, 4.47890685E-001,-1.03873935E-001,-4.65241679E-002,-4.95633015E-002
 4.12500000E+000, 0.00000000E+000, 4.48516699E-001,-1.04703189E-001,-4.69611288E-002,-4.99241019E-002
 4.17500000E+000, 0.00000000E+000, 4.49068059E-001,-1.03059208E-001,-4.62805986E-002,-4.91100500E-002
 4.22500000E+000, 0.00000000E+000, 4.49491615E-001,-9.94822889E-002,-4.47164547E-002,-4.73832265E-002
 4.27500000E+000, 0.00000000E+000, 4.49970788E-001,-9.40083377E-002,-4.23010057E-002,-4.47521466E-002
 4.32500000E+000, 0.00000000E+000, 4.50674833E-001,-8.73044947E-002,-3.93459386E-002,-4.15283435E-002
 4.37500000E+000, 0.00000000E+000, 4.51712719E-001,-7.98845675E-002,-3.60848752E-002,-3.79552090E-002
 4.42500000E+000, 0.00000000E+000, 4.53124873E-001,-7.18846773E-002,-3.25727353E-002,-3.41009937E-002
 4.47500000E+000, 0.00000000E+000, 4.55037329E-001,-6.38368645E-002,-2.90481563E-002,-3.02195291E-002
 4.52500000E+000, 0.00000000E+000, 4.57413079E-001,-5.57028106E-002,-2.54791941E-002,-2.63004075E-002
 4.57500000E+000, 0.00000000E+000, 4.60043997E-001,-4.64074662E-002,-2.13494762E-002,-2.18488122E-002
 4.62500000E+000, 0.00000000E+000, 4.62688960E-001,-3.53680393E-002,-1.63644013E-002,-1.66037458E-002
 4.67500000E+000, 0.00000000E+000, 4.64883849E-001,-2.49631513E-002,-1.16049659E-002,-1.16914086E-002
 4.72500000E+000, 0.00000000E+000, 4.66690677E-001,-1.52032795E-002,-7.09522880E-003,-7.10660825E-003
 4.77500000E+000, 0.00000000E+000, 4.68289349E-001,-6.40845139E-003,-3.00100953E-003,-2.99044358E-003
 4.82500000E+000, 0.00000000E+000, 4.69879691E-001, 1.30683378E-003, 6.14054654E-004, 6.08788828E-004
 4.87500000E+000, 0.00000000E+000, 4.71541311E-001, 7.74697319E-003, 3.65301789E-003, 3.60256511E-003
 4.92500000E+000, 0.00000000E+000, 4.73245131E-001, 1.35287525E-002, 6.40241625E-003, 6.27992321E-003
 4.97500000E+000, 0.00000000E+000, 4.74919656E-001, 1.95803243E-002, 9.29908091E-003, 9.07296985E-003
 5.02500000E+000, 0.00000000E+000, 4.76370986E-001, 2.66640765E-002, 1.27019924E-002, 1.23365452E-002
 5.07500000E+000, 0.00000000E+000, 4.77699276E-001, 3.49343689E-002, 1.66881227E-002, 1.61404362E-002
 5.12500000E+000, 0.00000000E+000, 4.79145604E-001, 4.43510109E-002, 2.12505919E-002, 2.04601789E-002
 5.17500000E+000, 0.00000000E+000, 4.81101814E-001, 5.42868608E-002, 2.61175072E-002, 2.49928562E-002
 5.22500000E+000, 0.00000000E+000, 4.83732455E-001, 6.53611395E-002, 3.16173045E-002, 3.00093549E-002
 5.27500000E+000, 0.00000000E+000, 4.86191875E-001, 7.47197643E-002, 3.63281423E-002, 3.42193144E-002
 5.32500000E+000, 0.00000000E+000, 4.87938675E-001, 8.04058048E-002, 3.92331019E-002, 3.67573709E-002
 5.37500000E+000, 0.00000000E+000, 4.89139207E-001, 8.40751860E-002, 4.11244698E-002, 3.83876263E-002
 5.42500000E+000, 0.00000000E+000, 4.89820731E-001, 8.64207253E-002, 4.23306629E-002, 3.94311083E-002
 5.47500000E+000, 0.00000000E+000, 4.90214264E-001, 8.85762115E-002, 4.34213223E-002, 4.03983649E-002
 5.52500000E+000, 0.00000000E+000, 4.90269794E-001, 8.99614416E-002, 4.41053774E-002, 4.10278252E-002
 5.57500000E+000, 0.00000000E+000, 4.90228964E-001, 9.11198092E-002, 4.46695697E-002, 4.15578410E-002
 5.62500000E+000, 0.00000000E+000, 4.90007561E-001, 9.15337978E-002, 4.48522530E-002, 4.17560828E-002
 5.67500000E+000, 0.00000000E+000, 4.89730807E-001, 9.04832752E-002, 4.43124473E-002, 4.12885146E-002
 5.72500000E+000, 0.00000000E+000, 4.89176020E-001, 8.76677687E-002, 4.28849701E-002, 4.00264462E-002
 5.77500000E+000, 0.00000000E+000, 4.87861234E-001, 8.15459557E-002, 3.97831106E-002, 3.72815475E-002
 5.82500000E+000, 0.00000000E+000, 4.84959896E-001, 6.83340415E-002, 3.31392697E-002, 3.13345782E-002
 5.87500000E+000, 0.00000000E+000, 4.78961264E-001, 4.10166648E-002, 1.96453936E-002, 1.89256065E-002
 5.92500000E+000, 0.00000000E+000, 4.68157551E-001,-8.59636871E-003,-4.02445492E-003,-4.01197924E-003
 5.97500000E+000, 0.00000000E+000, 4.59353903E-001,-4.94817814E-002,-2.27296494E-002,-2.33137041E-002
 6.02500000E+000, 0.00000000E+000, 4.55847170E-001,-6.57505240E-002,-2.99721903E-002,-3.10977699E-002
 6.07500000E+000, 0.00000000E+000, 4.54508974E-001,-7.14197925E-002,-3.24609366E-002,-3.38288326E-002
 6.12500000E+000, 0.00000000E+000, 4.54034913E-001,-7.26840463E-002,-3.30010946E-002,-3.44456299E-002
 6.17500000E+000, 0.00000000E+000, 4.53845248E-001,-7.29402619E-002,-3.31035912E-002,-3.45742749E-002
 6.22500000E+000, 0.00000000E+000, 4.53893118E-001,-7.28220461E-002,-3.30534255E-002,-3.45164194E-002
 6.27500000E+000, 0.00000000E+000, 4.54192459E-001,-7.33245479E-002,-3.33034567E-002,-3.47431421E-002
 6.32500000E+000, 0.00000000E+000, 4.54672466E-001,-7.32600449E-002,-3.33093253E-002,-3.46942506E-002
 6.37500000E+000, 0.00000000E+000, 4.55064062E-001,-7.13350536E-002,-3.24620192E-002,-3.37680810E-002
 6.42500000E+000, 0.00000000E+000, 4.55442304E-001,-6.79145153E-002,-3.09311433E-002,-3.21355384E-002
 6.47500000E+000, 0.00000000E+000, 4.55928038E-001,-6.34790929E-002,-2.89418983E-002,-3.00207972E-002
 6.52500000E+000, 0.00000000E+000, 4.56662691E-001,-5.85862804E-002,-2.67541685E-002,-2.76845723E-002
 6.57500000E+000, 0.00000000E+000, 4.57670411E-001,-5.32387930E-002,-2.43658203E-002,-2.51299394E-002
 6.62500000E+000, 0.00000000E+000, 4.59042049E-001,-4.76231378E-002,-2.18610227E-002,-2.24456109E-002
 6.67500000E+000, 0.00000000E+000, 4.60754026E-001,-4.13439001E-002,-1.90493684E-002,-1.94498623E-002
 6.72500000E+000, 0.00000000E+000, 4.62688316E-001,-3.35192454E-002,-1.55089632E-002,-1.57358289E-002
 6.77500000E+000, 0.00000000E+000, 4.64641753E-001,-2.49519794E-002,-1.15937315E-002,-1.16892203E-002
 6.82500000E+000, 0.00000000E+000, 4.66161703E-001,-1.76513256E-002,-8.22837199E-003,-8.25560088E-003
 6.87500000E+000, 0.00000000E+000, 4.67446770E-001,-1.10302454E-002,-5.15605260E-003,-5.15179714E-003
 6.92500000E+000, 0.00000000E+000, 4.68626050E-001,-5.03017658E-003,-2.35727178E-003,-2.34644121E-003
 6.97500000E+000, 0.00000000E+000, 4.69822720E-001, 4.68257462E-004, 2.19997994E-004, 2.18151075E-004
 7.02500000E+000, 0.00000000E+000, 4.71047567E-001, 5.46897072E-003, 2.57614535E-003, 2.54456104E-003
 7.07500000E+000, 0.00000000E+000, 4.72337183E-001, 1.03667828E-002, 4.89661697E-003, 4.81678863E-003
 7.12500000E+000, 0.00000000E+000, 4.73616988E-001, 1.60263337E-002, 7.59034388E-003, 7.43635653E-003
 7.17500000E+000, 0.00000000E+000, 4.74963679E-001, 2.27271446E-002, 1.07945682E-002, 1.05306295E-002
 7.22500000E+000, 0.00000000E+000, 4.76585635E-001, 3.04880666E-002, 1.45301746E-002, 1.41025962E-002
 7.27500000E+000, 0.00000000E+000, 4.78583096E-001, 3.94025709E-002, 1.88574044E-002, 1.81880249E-002
 7.32500000E+000, 0.00000000E+000, 4.80169968E-001, 4.62383163E-002, 2.22022509E-002, 2.13080729E-002
 7.37500000E+000, 0.00000000E+000, 4.81235479E-001, 5.07702452E-002, 2.44324433E-002, 2.33706128E-002
 7.42500000E+000, 0.00000000E+000, 4.81939230E-001, 5.40705188E-002, 2.60587042E-002, 2.48716190E-002
 7.47500000E+000, 0.00000000E+000, 4.82335374E-001, 5.64810734E-002, 2.72428197E-002, 2.59697664E-002
 7.52500000E+000, 0.00000000E+000, 4.82522318E-001, 5.81331284E-002, 2.80505319E-002, 2.67241962E-002
 7.57500000E+000, 0.00000000E+000, 4.82619134E-001, 5.90360936E-002, 2.84919484E-002, 2.71365731E-002
 7.62500000E+000, 0.00000000E+000, 4.82709437E-001, 5.93322522E-002, 2.86402380E-002, 2.72701545E-002
 7.67500000E+000, 0.00000000E+000, 4.82823622E-001, 5.89480155E-002, 2.84614943E-002, 2.70903486E-002
 7.72500000E+000, 0.00000000E+000, 4.82913002E-001, 5.82576201E-002, 2.81333622E-002, 2.67705903E-002
 7.77500000E+000, 0.00000000E+000, 4.82842236E-001, 5.74103409E-002, 2.77201374E-002, 2.63831811E-002
 7.82500000E+000, 0.00000000E+000, 4.82548471E-001, 5.64665990E-002, 2.72478710E-002, 2.59573778E-002
 7.87500000E+000, 0.00000000E+000, 4.81974869E-001, 5.44113478E-002, 2.62249022E-002, 2.50274698E-002
 7.92500000E+000, 0.00000000E+000, 4.80901042E-001, 5.00430248E-002, 2.40657427E-002, 2.30438666E-002
 7.97500000E+000, 0.00000000E+000, 4.78950203E-001, 4.12902959E-002, 1.97759956E-002, 1.90520834E-002
 8.02500000E+000, 0.00000000E+000, 4.75419997E-001, 2.51304197E-002, 1.19475040E-002, 1.16385983E-002
 8.07500000E+000, 0.00000000E+000, 4.69575038E-001,-1.67964118E-003,-7.88717573E-004,-7.82715028E-004
 8.12500000E+000, 0.00000000E+000, 4.64883976E-001,-2.33036990E-002,-1.08335162E-002,-1.09142081E-002
 8.17500000E+000, 0.00000000E+000, 4.62827756E-001,-3.27927281E-002,-1.51773847E-002,-1.53924414E-002
 8.22500000E+000, 0.00000000E+000, 4.61967556E-001,-3.67319119E-002,-1.69689516E-002,-1.72574830E-002
 8.27500000E+000, 0.00000000E+000, 4.61623969E-001,-3.82950466E-002,-1.76779114E-002,-1.79985735E-002
 8.32500000E+000, 0.00000000E+000, 4.61510630E-001,-3.88234777E-002,-1.79174476E-002,-1.82491752E-002
 8.37500000E+000, 0.00000000E+000, 4.61493575E-001,-3.89222796E-002,-1.79623820E-002,-1.82959556E-002
 8.42500000E+000, 0.00000000E+000, 4.61511763E-001,-3.89198953E-002,-1.79619895E-002,-1.82944743E-002
 8.47500000E+000, 0.00000000E+000, 4.61549448E-001,-3.86725110E-002,-1.78492761E-002,-1.81774481E-002
 8.52500000E+000, 0.00000000E+000, 4.61587171E-001,-3.79075388E-002,-1.74976336E-002,-1.78171560E-002
 8.57500000E+000, 0.00000000E+000, 4.61710803E-001,-3.69439408E-002,-1.70574165E-002,-1.73619244E-002
 8.62500000E+000, 0.00000000E+000, 4.61949615E-001,-3.58787685E-002,-1.65741833E-002,-1.68569843E-002
 8.67500000E+000, 0.00000000E+000, 4.62307146E-001,-3.46592353E-002,-1.60232121E-002,-1.62777109E-002
 8.72500000E+000, 0.00000000E+000, 4.62762533E-001,-3.30728930E-002,-1.53048957E-002,-1.55250408E-002
 8.77500000E+000, 0.00000000E+000, 4.63264025E-001,-3.07373100E-002,-1.42394900E-002,-1.44208622E-002
 8.82500000E+000, 0.00000000E+000, 4.63878910E-001,-2.77919963E-002,-1.28921209E-002,-1.30303802E-002
 8.87500000E+000, 0.00000000E+000, 4.64631076E-001,-2.41154956E-002,-1.12048087E-002,-1.12974837E-002
 8.92500000E+000, 0.00000000E+000, 4.65598095E-001,-1.97180336E-002,-9.18067887E-003,-9.22778915E-003
 8.97500000E+000, 0.00000000E+000, 4.66823547E-001,-1.42677731E-002,-6.66053246E-003,-6.66836674E-003
 9.02500000E+000, 0.00000000E+000, 4.68370563E-001,-7.19117776E-003,-3.36813598E-003,-3.35540453E-003
 9.07500000E+000, 0.00000000E+000, 4.70239452E-001, 1.45898775E-003, 6.86073602E-004, 6.79409749E-004
 9.12500000E+000, 0.00000000E+000, 4.71656593E-001, 8.05404105E-003, 3.79874156E-003, 3.74490274E-003
 9.17500000E+000, 0.00000000E+000, 4.72609498E-001, 1.24690285E-002, 5.89298130E-003, 5.79189998E-003
 9.22500000E+000, 0.00000000E+000, 4.73281884E-001, 1.54970654E-002, 7.33448031E-003, 7.19331673E-003
 9.27500000E+000, 0.00000000E+000, 4.73770868E-001, 1.76208974E-002, 8.34826788E-003, 8.17491990E-003
 9.32500000E+000, 0.00000000E+000, 4.74104344E-001, 1.90578537E-002, 9.03541123E-003, 8.83846162E-003
 9.37500000E+000, 0.00000000E+000, 4.74324083E-001, 2.00531725E-002, 9.51170266E-003, 9.29790620E-003
 9.42500000E+000, 0.00000000E+000, 4.74447633E-001, 2.06631773E-002, 9.80359555E-003, 9.57949507E-003
 9.47500000E+000, 0.00000000E+000, 4.74514669E-001, 2.10081560E-002, 9.96867817E-003, 9.73873997E-003
 9.52500000E+000, 0.00000000E+000, 4.74551424E-001, 2.11703798E-002, 1.00464339E-002, 9.81356191E-003
 9.57500000E+000, 0.00000000E+000, 4.74564470E-001, 2.11804413E-002, 1.00514849E-002, 9.81809101E-003
 9.62500000E+000, 0.00000000E+000, 4.74576909E-001, 2.11358277E-002, 1.00305758E-002, 9.79728218E-003
 9.67500000E+000, 0.00000000E+000, 4.74571810E-001, 2.10475281E-002, 9.98856351E-003, 9.75640430E-003
 9.72500000E+000, 0.00000000E+000, 4.74562385E-001, 2.08361093E-002, 9.88803373E-003, 9.65849881E-003
 9.77500000E+000, 0.00000000E+000, 4.74515406E-001, 2.05489044E-002, 9.75077173E-003, 9.52583759E-003
 9.82500000E+000, 0.00000000E+000, 4.74389988E-001, 2.02337804E-002, 9.59870283E-003, 9.38099561E-003
 9.87500000E+000, 0.00000000E+000, 4.74182226E-001, 1.97058122E-002, 9.34414591E-003, 9.13821481E-003
 9.92500000E+000, 0.00000000E+000, 4.73892679E-001, 1.86443623E-002, 8.83542679E-003, 8.64862751E-003
 9.97500000E+000, 0.00000000E+000, 4.73506907E-001, 1.66382378E-002, 7.87832052E-003, 7.72118267E-003
 1.00250000E+001, 1.25000000E-003, 4.71658469E-001, 1.36064649E-002, 6.41760441E-003, 6.32661121E-003
 1.00750000E+001, 3.75000000E-003, 4.68210694E-001, 9.32935178E-003, 4.36810227E-003, 4.35381994E-003
 1.01250000E+001, 6.25000000E-003, 4.64437377E-001, 3.50113024E-003, 1.62605574E-003, 1.64053063E-003
 1.01750000E+001, 8.75000000E-003, 4.61155621E-001,-9.48873913E-005,-4.37578539E-005,-4.46194705E-005
 1.02250000E+001, 1.12500000E-002, 4.58331811E-001,-1.60134969E-003,-7.33949502E-004,-7.55328440E-004
 1.02750000E+001, 1.37500000E-002, 4.55705720E-001,-2.20748565E-003,-1.00596384E-003,-1.04422793E-003
 1.03250000E+001, 1.62500000E-002, 4.53159415E-001,-2.44140493E-003,-1.10634563E-003,-1.15812109E-003
 1.03750000E+001, 1.87500000E-002, 4.50645071E-001,-2.51508241E-003,-1.13340949E-003,-1.19639494E-003
 1.04250000E+001, 2.12500000E-002, 4.48144907E-001,-2.52612346E-003,-1.13206936E-003,-1.20499431E-003
 1.04750000E+001, 2.37500000E-002, 4.45653391E-001,-2.51163412E-003,-1.11931826E-003,-1.20142710E-003
 1.05250000E+001, 2.62500000E-002, 4.43177589E-001,-2.42582698E-003,-1.07507215E-003,-1.16361841E-003
 1.05750000E+001, 2.87500000E-002, 4.40724974E-001,-2.21521934E-003,-9.76302488E-004,-1.06554688E-003
 1.06250000E+001, 3.12500000E-002, 4.38304411E-001,-1.84700732E-003,-8.09551457E-004,-8.90882352E-004
 1.06750000E+001, 3.37500000E-002, 4.35925698E-001,-1.30518111E-003,-5.68961987E-004,-6.31254088E-004
 1.07250000E+001, 3.62500000E-002, 4.33598193E-001,-5.59962488E-004,-2.42798723E-004,-2.71553160E-004
 1.07750000E+001, 3.87500000E-002, 4.31311480E-001, 4.70665003E-004, 2.03003219E-004, 2.28852708E-004
 1.08250000E+001, 4.12500000E-002, 4.29052395E-001, 1.59514118E-003, 6.84399144E-004, 7.77649006E-004
 1.08750000E+001, 4.37500000E-002, 4.26757557E-001, 2.60267796E-003, 1.11071249E-003, 1.27224128E-003
 1.09250000E+001, 4.62500000E-002, 4.24379291E-001, 3.22956470E-003, 1.37056038E-003, 1.58309347E-003
 1.09750000E+001, 4.87500000E-002, 4.21891541E-001, 3.42297763E-003, 1.44412531E-003, 1.68284188E-003
 1.10250000E+001, 5.12500000E-002, 4.19363204E-001, 3.28452354E-003, 1.37740832E-003, 1.61963397E-003
 1.10750000E+001, 5.37500000E-002, 4.16806034E-001, 2.97279336E-003, 1.23907821E-003, 1.47040639E-003
 1.11250000E+001, 5.62500000E-002, 4.14208137E-001, 2.50312475E-003, 1.03681464E-003, 1.24197496E-003
 1.11750000E+001, 5.87500000E-002, 4.11556463E-001, 1.77947387E-003, 7.32353973E-004, 8.85761015E-004
 1.12250000E+001, 6.12500000E-002, 4.08822182E-001, 5.81900185E-004, 2.37893703E-004, 2.90616942E-004
 1.12750000E+001, 6.37500000E-002, 4.05926244E-001,-1.33672023E-003,-5.42609823E-004,-6.69971942E-004
 1.13250000E+001, 6.62500000E-002, 4.02783544E-001,-4.52186119E-003,-1.82133127E-003,-2.27520758E-003
 1.13750000E+001, 6.87500000E-002, 3.99263591E-001,-9.62103994E-003,-3.84133095E-003,-4.86218884E-003
 1.14250000E+001, 7.12500000E-002, 3.95467555E-001,-1.61094608E-002,-6.37076908E-003,-8.18022470E-003
 1.14750000E+001, 7.37500000E-002, 3.92212183E-001,-1.99405234E-002,-7.82091623E-003,-1.01675349E-002
 1.15250000E+001, 7.62500000E-002, 3.89357439E-001,-2.17935516E-002,-8.48548146E-003,-1.11530444E-002
 1.15750000E+001, 7.87500000E-002, 3.86703036E-001,-2.26678066E-002,-8.76570961E-003,-1.16401980E-002
 1.16250000E+001, 8.12500000E-002, 3.84151202E-001,-2.30510919E-002,-8.85510467E-003,-1.18762700E-002
 1.16750000E+001, 8.37500000E-002, 3.81645443E-001,-2.32193679E-002,-8.86156596E-003,-1.20021766E-002
 1.17250000E+001, 8.62500000E-002, 3.79163761E-001,-2.32758439E-002,-8.82535652E-003,-1.20706785E-002
 1.17750000E+001, 8.87500000E-002, 3.76699067E-001,-2.32691620E-002,-8.76547163E-003,-1.21066261E-002
 1.18250000E+001, 9.12500000E-002, 3.74259634E-001,-2.31266027E-002,-8.65535386E-003,-1.20716046E-002
 1.18750000E+001, 9.37500000E-002, 3.71865636E-001,-2.27162777E-002,-8.44740306E-003,-1.18955302E-002
 1.19250000E+001, 9.62500000E-002, 3.69525042E-001,-2.19819635E-002,-8.12288600E-003,-1.15473998E-002
 1.19750000E+001, 9.87500000E-002, 3.67234860E-001,-2.09628282E-002,-7.69828127E-003,-1.10463191E-002
 1.20250000E+001, 1.01250000E-001, 3.64988685E-001,-1.97335273E-002,-7.20251415E-003,-1.04304892E-002
 1.20750000E+001, 1.03750000E-001, 3.62785097E-001,-1.83171337E-002,-6.64518314E-003,-9.71119008E-003
 1.21250000E+001, 1.06250000E-001, 3.60635189E-001,-1.66453062E-002,-6.00288314E-003,-8.85110302E-003
 1.21750000E+001, 1.08750000E-001, 3.58564551E-001,-1.45698364E-002,-5.22422686E-003,-7.76981465E-003
 1.22250000E+001, 1.11250000E-001, 3.56610635E-001,-1.18898077E-002,-4.24003188E-003,-6.35795346E-003
 1.22750000E+001, 1.13750000E-001, 3.54819332E-001,-8.34342558E-003,-2.96040869E-003,-4.47280967E-003
 1.23250000E+001, 1.16250000E-001, 3.53239633E-001,-3.59939999E-003,-1.27145073E-003,-1.93390465E-003
 1.23750000E+001, 1.18750000E-001, 3.51931353E-001, 2.63713735E-003, 9.28091314E-004, 1.41952625E-003
 1.24250000E+001, 1.21250000E-001, 3.50936365E-001, 1.06736888E-002, 3.74578557E-003, 5.75360456E-003
 1.24750000E+001, 1.23750000E-001, 3.50248119E-001, 2.05757047E-002, 7.20660186E-003, 1.11021341E-002
 1.25250000E+001, 1.26250000E-001, 3.49852038E-001, 3.17949318E-002, 1.11235217E-002, 1.71654563E-002
 1.25750000E+001, 1.28750000E-001, 3.49440725E-001, 4.26177510E-002, 1.48923778E-002, 2.30220200E-002
 1.26250000E+001, 1.31250000E-001, 3.48625185E-001, 5.15929257E-002, 1.79865933E-002, 2.79029702E-002
 1.26750000E+001, 1.33750000E-001, 3.47093113E-001, 5.70563584E-002, 1.98038690E-002, 3.09257834E-002
 1.27250000E+001, 1.36250000E-001, 3.44681167E-001, 5.86560520E-002, 2.02176364E-002, 3.19038952E-002
 1.27750000E+001, 1.38750000E-001, 3.41913766E-001, 5.75721646E-002, 1.96847156E-002, 3.14408243E-002
 1.28250000E+001, 1.41250000E-001, 3.38898048E-001, 5.50799970E-002, 1.86665035E-002, 3.02133605E-002
 1.28750000E+001, 1.43750000E-001, 3.35622945E-001, 5.12525674E-002, 1.72015376E-002, 2.82507162E-002
 1.29250000E+001, 1.46250000E-001, 3.32029025E-001, 4.55468417E-002, 1.51228735E-002, 2.52411944E-002
 1.29750000E+001, 1.48750000E-001, 3.27832523E-001, 3.65238062E-002, 1.19736915E-002, 2.03699363E-002
 1.30250000E+001, 1.51250000E-001, 3.22450891E-001, 2.08922619E-002, 6.73672845E-003, 1.17487951E-002
 1.30750000E+001, 1.53750000E-001, 3.14999444E-001,-6.62976655E-003,-2.08837278E-003,-3.77209829E-003
 1.31250000E+001, 1.56250000E-001, 3.05905102E-001,-4.38976861E-002,-1.34285261E-002,-2.53447451E-002
 1.31750000E+001, 1.58750000E-001, 2.99838006E-001,-6.45647648E-002,-1.93589703E-002,-3.76523331E-002
 1.32250000E+001, 1.61250000E-001, 2.95932927E-001,-7.30769626E-002,-2.16258794E-002,-4.28966622E-002
 1.32750000E+001, 1.63750000E-001, 2.92956028E-001,-7.63045296E-002,-2.23538719E-002,-4.50182655E-002
 1.33250000E+001, 1.66250000E-001, 2.90369078E-001,-7.73069831E-002,-2.24475574E-002,-4.58124166E-002
 1.33750000E+001, 1.68750000E-001, 2.87955691E-001,-7.74714334E-002,-2.23083401E-002,-4.61018568E-002
 1.34250000E+001, 1.71250000E-001, 2.85649039E-001,-7.69981230E-002,-2.19944399E-002,-4.60048282E-002
 1.34750000E+001, 1.73750000E-001, 2.83541368E-001,-7.52429740E-002,-2.13344958E-002,-4.51229409E-002
 1.35250000E+001, 1.76250000E-001, 2.81688418E-001,-7.18483567E-002,-2.02388499E-002,-4.32286828E-002
 1.35750000E+001, 1.78750000E-001, 2.80071428E-001,-6.69679009E-002,-1.87557956E-002,-4.04084268E-002
 1.36250000E+001, 1.81250000E-001, 2.78627349E-001,-6.10487668E-002,-1.70098561E-002,-3.69321578E-002
 1.36750000E+001, 1.83750000E-001, 2.77294983E-001,-5.44950447E-002,-1.51112025E-002,-3.30465149E-002
 1.37250000E+001, 1.86250000E-001, 2.76049612E-001,-4.74439804E-002,-1.30968924E-002,-2.88354814E-002
 1.37750000E+001, 1.88750000E-001, 2.74904395E-001,-3.97357067E-002,-1.09235204E-002,-2.42008020E-002
 1.38250000E+001, 1.91250000E-001, 2.73890109E-001,-3.11157342E-002,-8.52229183E-003,-1.89859152E-002
 1.38750000E+001, 1.93750000E-001, 2.73032245E-001,-2.14566437E-002,-5.85835559E-003,-1.31127710E-002
 1.39250000E+001, 1.96250000E-001, 2.72306930E-001,-1.07732091E-002,-2.93361948E-003,-6.59257987E-003
 1.39750000E+001, 1.98750000E-001, 2.71676308E-001, 2.19496851E-004, 5.96320942E-005, 1.34475160E-004
 1.40250000E+001, 2.01250000E-001, 2.70963903E-001, 1.07967651E-002, 2.92553361E-003, 6.62334828E-003
 1.40750000E+001, 2.03750000E-001, 2.70019078E-001, 2.01580390E-002, 5.44305510E-003, 1.23877010E-002
 1.41250000E+001, 2.06250000E-001, 2.68722874E-001, 2.76116051E-002, 7.41986989E-003, 1.70090084E-002
 1.41750000E+001, 2.08750000E-001, 2.67034517E-001, 3.27616511E-002, 8.74849170E-003, 2.02451845E-002
 1.42250000E+001, 2.11250000E-001, 2.64971378E-001, 3.59890597E-002, 9.53607074E-003, 2.23259874E-002
 1.42750000E+001, 2.13750000E-001, 2.62812282E-001, 3.80080639E-002, 9.98898604E-003, 2.36751412E-002
 1.43250000E+001, 2.16250000E-001, 2.60789706E-001, 4.09177115E-002, 1.06709180E-002, 2.55861989E-002
 1.43750000E+001, 2.18750000E-001, 2.59101197E-001, 4.60659335E-002, 1.19357385E-002, 2.88991338E-002
 1.44250000E+001, 2.21250000E-001, 2.57924003E-001, 5.44639319E-002, 1.40475554E-002, 3.42454415E-002
 1.44750000E+001, 2.23750000E-001, 2.57334292E-001, 6.72348012E-002, 1.73018199E-002, 4.23238291E-002
 1.45250000E+001, 2.26250000E-001, 2.57063721E-001, 7.93705096E-002, 2.04032785E-002, 4.99894586E-002
 1.45750000E+001, 2.28750000E-001, 2.55269209E-001, 8.68540330E-002, 2.21711603E-002, 5.48947019E-002
 1.46250000E+001, 2.31250000E-001, 2.51637601E-001, 8.04914798E-002, 2.02546829E-002, 5.12391365E-002
 1.46750000E+001, 2.33750000E-001, 2.44499819E-001, 5.20873794E-002, 1.27353549E-002, 3.36382114E-002
 1.47250000E+001, 2.36250000E-001, 2.31209657E-001,-1.78171914E-002,-4.11950672E-003,-1.18324839E-002
 1.47750000E+001, 2.38750000E-001, 2.17828078E-001,-9.04393103E-002,-1.97002212E-002,-6.18785275E-002
 1.48250000E+001, 2.41250000E-001, 2.11978452E-001,-1.14246568E-001,-2.42178106E-002,-7.92386310E-002
 1.48750000E+001, 2.43750000E-001, 2.09166495E-001,-1.18494974E-001,-2.47851785E-002,-8.27358114E-002
 1.49250000E+001, 2.46250000E-001, 2.07287101E-001,-1.15519223E-001,-2.39456448E-002,-8.10228990E-002
 1.49750000E+001, 2.48750000E-001, 2.06313645E-001,-1.05322227E-001,-2.17294125E-002,-7.40449965E-002
 1.50250000E+001, 2.51250000E-001, 2.06081828E-001,-8.96685096E-002,-1.84790504E-002,-6.30753633E-002
 1.50750000E+001, 2.53750000E-001, 2.06111023E-001,-7.33628004E-002,-1.51208818E-002,-5.16018118E-002
 1.51250000E+001, 2.56250000E-001, 2.05908078E-001,-5.82064426E-002,-1.19851767E-002,-4.09613276E-002
 1.51750000E+001, 2.58750000E-001, 2.05361793E-001,-4.51053297E-002,-9.26291140E-003,-3.17839374E-002
 1.52250000E+001, 2.61250000E-001, 2.04506417E-001,-3.40143138E-002,-6.95614542E-003,-2.40186118E-002
 1.52750000E+001, 2.63750000E-001, 2.03418072E-001,-2.45042685E-002,-4.98461106E-003,-1.73494869E-002
 1.53250000E+001, 2.66250000E-001, 2.02133743E-001,-1.62958099E-002,-3.29393306E-003,-1.15743390E-002
 1.53750000E+001, 2.68750000E-001, 2.00642846E-001,-9.36508660E-003,-1.87903763E-003,-6.67635800E-003
 1.54250000E+001, 2.71250000E-001, 1.98936355E-001,-3.85821182E-003,-7.67538596E-004,-2.76228604E-003
 1.54750000E+001, 2.73750000E-001, 1.97018755E-001, 4.16592558E-004, 8.20765472E-005, 2.99707342E-004
 1.55250000E+001, 2.76250000E-001, 1.95078443E-001, 4.07906376E-003, 7.95737407E-004, 2.94914083E-003
 1.55750000E+001, 2.78750000E-001, 1.93250393E-001, 8.74188428E-003, 1.68937257E-003, 6.35015782E-003
 1.56250000E+001, 2.81250000E-001, 1.91658766E-001, 1.53576095E-002, 2.94342048E-003, 1.12020869E-002
 1.56750000E+001, 2.83750000E-001, 1.90342801E-001, 2.41538957E-002, 4.59752017E-003, 1.76790375E-002
 1.57250000E+001, 2.86250000E-001, 1.89235578E-001, 3.46596234E-002, 6.55883385E-003, 2.54426359E-002
 1.57750000E+001, 2.88750000E-001, 1.88249037E-001, 4.58435717E-002, 8.63000821E-003, 3.37405163E-002
 1.58250000E+001, 2.91250000E-001, 1.87244891E-001, 5.68140369E-002, 1.06381381E-002, 4.19266651E-002
 1.58750000E+001, 2.93750000E-001, 1.86101094E-001, 6.70117425E-002, 1.24709586E-002, 4.96039323E-002
 1.59250000E+001, 2.96250000E-001, 1.84657673E-001, 7.45625691E-002, 1.37685505E-002, 5.54085573E-002
 1.59750000E+001, 2.98750000E-001, 1.82202173E-001, 7.73252309E-002, 1.40888251E-002, 5.78474352E-002
 1.60250000E+001, 3.01250000E-001, 1.78777429E-001, 7.10487841E-002, 1.27019190E-002, 5.36586775E-002
 1.60750000E+001, 3.03750000E-001, 1.73095991E-001, 4.82611013E-002, 8.35380315E-003, 3.70419108E-002
 1.61250000E+001, 3.06250000E-001, 1.63437001E-001,-7.00737148E-003,-1.14526378E-003,-5.53502527E-003
 1.61750000E+001, 3.08750000E-001, 1.53011397E-001,-7.03098818E-002,-1.07582132E-002,-5.73976532E-002
 1.62250000E+001, 3.11250000E-001, 1.48139501E-001,-9.06731355E-002,-1.34322731E-002,-7.52285781E-002
 1.62750000E+001, 3.13750000E-001, 1.45712807E-001,-9.28003512E-002,-1.35221997E-002,-7.76319358E-002
 1.63250000E+001, 3.16250000E-001, 1.44157790E-001,-8.59230146E-002,-1.23864719E-002,-7.22653493E-002
 1.63750000E+001, 3.18750000E-001, 1.43533530E-001,-6.99353992E-002,-1.00380747E-002,-5.89467729E-002
 1.64250000E+001, 3.21250000E-001, 1.43314939E-001,-5.30850390E-002,-7.60787909E-003,-4.47781419E-002
 1.64750000E+001, 3.23750000E-001, 1.42513308E-001,-3.98097217E-002,-5.67341513E-003,-3.36744949E-002
 1.65250000E+001, 3.26250000E-001, 1.40782416E-001,-3.30224484E-002,-4.64898006E-003,-2.81044261E-002
 1.65750000E+001, 3.28750000E-001, 1.38340157E-001,-3.23337619E-002,-4.47305768E-003,-2.77601471E-002
 1.66250000E+001, 3.31250000E-001, 1.35918047E-001,-3.29386836E-002,-4.47696155E-003,-2.85303654E-002
 1.66750000E+001, 3.33750000E-001, 1.33797922E-001,-3.04747526E-002,-4.07745858E-003,-2.66045037E-002
 1.67250000E+001, 3.36250000E-001, 1.32203126E-001,-2.28337633E-002,-3.01869490E-003,-2.00537821E-002
 1.67750000E+001, 3.38750000E-001, 1.31146935E-001,-1.02427831E-002,-1.34330961E-003,-9.03188838E-003
 1.68250000E+001, 3.41250000E-001, 1.30430531E-001, 5.57929430E-003, 7.27710319E-004, 4.93320653E-003
 1.68750000E+001, 3.43750000E-001, 1.29834095E-001, 2.18792183E-002, 2.84066850E-003, 1.93899676E-002
 1.69250000E+001, 3.46250000E-001, 1.29075885E-001, 3.72957377E-002, 4.81398034E-003, 3.31494482E-002
 1.69750000E+001, 3.48750000E-001, 1.28036568E-001, 5.07048544E-002, 6.49207554E-003, 4.52503753E-002
 1.70250000E+001, 3.51250000E-001, 1.26716719E-001, 6.19132299E-002, 7.84544134E-003, 5.55400364E-002
 1.70750000E+001, 3.53750000E-001, 1.25213876E-001, 7.15708137E-002, 8.96165902E-003, 6.45876351E-002
 1.71250000E+001, 3.56250000E-001, 1.23555331E-001, 7.90138855E-002, 9.76258676E-003, 7.17814676E-002
 1.71750000E+001, 3.58750000E-001, 1.21111041E-001, 8.24943564E-002, 9.99097734E-003, 7.56958429E-002
 1.72250000E+001, 3.61250000E-001, 1.17764319E-001, 7.59722235E-002, 8.94681714E-003, 7.06948267E-002
 1.72750000E+001, 3.63750000E-001, 1.12377608E-001, 5.04172459E-002, 5.66576952E-003, 4.80262728E-002
 1.73250000E+001, 3.66250000E-001, 1.03713940E-001,-8.70112096E-003,-9.02427540E-004,-8.62772507E-003
 1.73750000E+001, 3.68750000E-001, 9.60733718E-002,-6.09079459E-002,-5.85163173E-003,-6.27497639E-002
 1.74250000E+001, 3.71250000E-001, 9.23256768E-002,-7.52777865E-002,-6.95007259E-003,-7.91125256E-002
 1.74750000E+001, 3.73750000E-001, 8.99799593E-002,-7.61288383E-002,-6.85006977E-003,-8.10430851E-002
 1.75250000E+001, 3.76250000E-001, 8.80679861E-002,-7.07462070E-002,-6.23047598E-003,-7.61261360E-002
 1.75750000E+001, 3.78750000E-001, 8.65293622E-002,-6.15914442E-002,-5.32946838E-003,-6.68618356E-002
 1.76250000E+001, 3.81250000E-001, 8.50344461E-002,-5.22942601E-002,-4.44681345E-003,-5.72659195E-002
 1.76750000E+001, 3.83750000E-001, 8.35525886E-002,-4.29035504E-002,-3.58470270E-003,-4.73972273E-002
 1.77250000E+001, 3.86250000E-001, 8.22232095E-002,-3.12292464E-002,-2.56776887E-003,-3.47779477E-002
 1.77750000E+001, 3.88750000E-001, 8.11724131E-002,-1.57255879E-002,-1.27648392E-003,-1.76255355E-002
 1.78250000E+001, 3.91250000E-001, 8.03684988E-002, 3.10861374E-003, 2.49834620E-004, 3.50157549E-003
 1.78750000E+001, 3.93750000E-001, 7.96968910E-002, 2.33548200E-002, 1.86130654E-003, 2.64177297E-002
 1.79250000E+001, 3.96250000E-001, 7.89670100E-002, 4.33770394E-002, 3.42535510E-003, 4.92920316E-002
 1.79750000E+001, 3.98750000E-001, 7.80202409E-002, 6.17777728E-002, 4.81991672E-003, 7.06265939E-002
 1.80250000E+001, 4.01250000E-001, 7.67748570E-002, 7.76035871E-002, 5.95800430E-003, 8.94359135E-002
 1.80750000E+001, 4.03750000E-001, 7.52296582E-002, 9.06858436E-002, 6.82226502E-003, 1.05580718E-001
 1.81250000E+001, 4.06250000E-001, 7.34504166E-002, 1.01731542E-001, 7.47222411E-003, 1.19866591E-001
 1.81750000E+001, 4.08750000E-001, 7.16000260E-002, 1.11799086E-001, 8.00481747E-003, 1.33420118E-001
 1.82250000E+001, 4.11250000E-001, 6.98021969E-002, 1.23093474E-001, 8.59219492E-003, 1.48778488E-001
 1.82750000E+001, 4.13750000E-001, 6.81708583E-002, 1.37147136E-001, 9.34943796E-003, 1.67736285E-001
 1.83250000E+001, 4.16250000E-001, 6.67521557E-002, 1.54558211E-001, 1.03170937E-002, 1.91028907E-001
 1.83750000E+001, 4.18750000E-001, 6.55401317E-002, 1.75646929E-001, 1.15119228E-002, 2.19092022E-001
 1.84250000E+001, 4.21250000E-001, 6.45770558E-002, 1.99784741E-001, 1.29015103E-002, 2.51051519E-001
 1.84750000E+001, 4.23750000E-001, 6.33914012E-002, 2.21459882E-001, 1.40386523E-002, 2.80879179E-001
 1.85250000E+001, 4.26250000E-001, 6.05207988E-002, 2.28651563E-001, 1.38381753E-002, 2.96798367E-001
 1.85750000E+001, 4.28750000E-001, 5.55894971E-002, 2.05798149E-001, 1.14402156E-002, 2.78730664E-001
 1.86250000E+001, 4.31250000E-001, 4.69709234E-002, 1.25697211E-001, 5.90411406E-003, 1.85204165E-001
 1.86750000E+001, 4.33750000E-001, 3.83823485E-002, 3.48286669E-002, 1.33680603E-003, 5.67689339E-002
 1.87250000E+001, 4.36250000E-001, 3.41908590E-002, 7.47455603E-003, 2.55561491E-004, 1.29083298E-002
 1.87750000E+001, 4.38750000E-001, 3.13335094E-002, 1.47035537E-003, 4.60713940E-005, 2.65251258E-003
 1.88250000E+001, 4.41250000E-001, 2.87650255E-002, 2.75795244E-004, 7.93325723E-006, 5.19270977E-004
 1.88750000E+001, 4.43750000E-001, 2.62525762E-002, 4.94992811E-005, 1.29948365E-006, 9.75556859E-005
 1.89250000E+001, 4.46250000E-001, 2.37504193E-002, 8.47432686E-006, 2.01268816E-007, 1.75593821E-005
 1.89750000E+001, 4.48750000E-001, 2.12500644E-002, 1.37763674E-006, 2.92748695E-008, 3.01782637E-006
 1.90250000E+001, 4.51250000E-001, 1.87500093E-002, 2.11523414E-007, 3.96606597E-009, 4.93284378E-007
 1.90750000E+001, 4.53750000E-001, 1.62500012E-002, 3.04828222E-008, 4.95345899E-010, 7.63603890E-008
 1.91250000E+001, 4.56250000E-001, 1.37500002E-002, 4.09253837E-009, 5.62724033E-011, 1.11450255E-008
 1.91750000E+001, 4.58750000E-001, 1.12500000E-002, 5.07303474E-010, 5.70716409E-012, 1.52732420E-009
 1.92250000E+001, 4.61250000E-001, 8.75000000E-003, 5.74354703E-011, 5.02560365E-013, 1.96072106E-010
 1.92750000E+001, 4.63750000E-001, 6.25000000E-003, 5.87433400E-012, 3.67145875E-014, 2.37278444E-011
 1.93250000E+001, 4.66250000E-001, 3.75000000E-003, 5.19446899E-013, 1.94792587E-015, 2.70872666E-012
 1.93750000E+001, 4.68750000E-001, 1.25000000E-003, 4.47183959E-014, 5.58979949E-017, 4.03897224E-013
 1.94250000E+001, 4.71250000E-001, 0.00000000E+000, 0.00000000E+000, 0.00000000E+000, 0.00000000E+000
 1.94750000E+001, 4.73750000E-001, 0.00000000E+000, 0.00000000E+000, 0.00000000E+000, 0.00000000E+000
 1.95250000E+001, 4.76250000E-001, 0.00000000E+000, 0.00000000E+000, 0.00000000E+000, 0.00000000E+000
 1.95750000E+001, 4.78750000E-001, 0.00000000E+000, 0.00000000E+000, 0.00000000E+000, 0.00000000E+000
 1.96250000E+001, 4.81250000E-001, 0.00000000E+000, 0.00000000E+000, 0.00000000E+000, 0.00000000E+000
 1.96750000E+001, 4.83750000E-001, 0.00000000E+000, 0.00000000E+000, 0.00000000E+000, 0.00000000E+000
 1.97250000E+001, 4.86250000E-001, 0.00000000E+000, 0.00000000E+000, 0.00000000E+000, 0.00000000E+000
 1.97750000E+001, 4.88750000E-001, 0.00000000E+000, 0.00000000E+000, 0.00000000E+000, 0.00000000E+000
 1.98250000E+001, 4.91250000E-001, 0.00000000E+000, 0.00000000E+000, 0.00000000E+000, 0.00000000E+000
 1.98750000E+001, 4.93750000E-001, 0.00000000E+000, 0.00000000E+000, 0.00000000E+000, 0.00000000E+000
 1.99250000E+001, 4.96250000E-001, 0.00000000E+000, 0.00000000E+000, 0.00000000E+000, 0.00000000E+000
 1.99750000E+001, 4.98750000E-001, 0.00000000E+000, 0.00000000E+000, 0.00000000E+000, 0.00000000E+000
 2.00250000E+001, 5.01250000E-001, 0.00000000E+000, 0.00000000E+000, 0.00000000E+000, 0.00000000E+000
 2.00750000E+001, 5.03750000E-001, 0.00000000E+000, 0.00000000E+000, 0.00000000E+000, 0.00000000E+000
 2.01250000E+001, 5.06250000E-001, 0.00000000E+000, 0.00000000E+000, 0.00000000E+000, 0.00000000E+000
 2.01750000E+001, 5.08750000E-001, 0.00000000E+000, 0.00000000E+000, 0.00000000E+000, 0.00000000E+000
 2.02250000E+001, 5.11250000E-001, 0.00000000E+000, 0.00000000E+000, 0.00000000E+000, 0.00000000E+000
 2.02750000E+001, 5.13750000E-001, 0.00000000E+000, 0.00000000E+000, 0.00000000E+000, 0.00000000E+000
 2.03250000E+001, 5.16250000E-001, 0.00000000E+000, 0.00000000E+000, 0.00000000E+000, 0.00000000E+000
 2.03750000E+001, 5.18750000E-001, 0.00000000E+000, 0.00000000E+000, 0.00000000E+000, 0.00000000E+000
 2.04250000E+001, 5.21250000E-001, 0.00000000E+000, 0.00000000E+000, 0.00000000E+000, 0.00000000E+000
 2.04750000E+001, 5.23750000E-001, 0.00000000E+000, 0.00000000E+000, 0.00000000E+000, 0.00000000E+000
 2.05250000E+001, 5.26250000E-001, 0.00000000E+000, 0.00000000E+000, 0.00000000E+000, 0.00000000E+000
 2.05750000E+001, 5.28750000E-001, 0.00000000E+000, 0.00000000E+000, 0.00000000E+000, 0.00000000E+000
 2.06250000E+001, 5.31250000E-001, 0.00000000E+000, 0.00000000E+000, 0.00000000E+000, 0.00000000E+000
 2.06750000E+001, 5.33750000E-001, 0.00000000E+000, 0.00000000E+000, 0.00000000E+000, 0.00000000E+000
 2.07250000E+001, 5.36250000E-001, 0.00000000E+000, 0.00000000E+000, 0.00000000E+000, 0.00000000E+000
 2.07750000E+001, 5.38750000E-001, 0.00000000E+000, 0.00000000E+000, 0.00000000E+000, 0.00000000E+000
 2.08250000E+001, 5.41250000E-001, 0.00000000E+000, 0.00000000E+000, 0.00000000E+000, 0.00000000E+000
 2.08750000E+001, 5.43750000E-001, 0.00000000E+000, 0.00000000E+000, 0.00000000E+000, 0.00000000E+000
 2.09250000E+001, 5.46250000E-001, 0.00000000E+000, 0.00000000E+000, 0.00000000E+000, 0.00000000E+000
 2.09750000E+001, 5.48750000E-001, 0.00000000E+000, 0.00000000E+000, 0.00000000E+000, 0.00000000E+000
 2.10250000E+001, 5.51250000E-001, 0.00000000E+000, 0.00000000E+000, 0.00000000E+000, 0.00000000E+000
 2.10750000E+001, 5.53750000E-001, 0.00000000E+000, 0.00000000E+000, 0.00000000E+000, 0.00000000E+000
 2.11250000E+001, 5.56250000E-001, 0.00000000E+000, 0.00000000E+000, 0.00000000E+000, 0.00000000E+000
 2.11750000E+001, 5.58750000E-001, 0.00000000E+000, 0.00000000E+000, 0.00000000E+000, 0.00000000E+000
 2.12250000E+001, 5.61250000E-001, 0.00000000E+000, 0.00000000E+000, 0.00000000E+000, 0.00000000E+000
 2.12750000E+001, 5.63750000E-001, 0.00000000E+000, 0.00000000E+000, 0.00000000E+000, 0.00000000E+000
 2.13250000E+001, 5.66250000E-001, 0.00000000E+000, 0.00000000E+000, 0.00000000E+000, 0.00000000E+000
 2.13750000E+001, 5.68750000E-001, 0.00000000E+000, 0.00000000E+000, 0.00000000E+000, 0.00000000E+000
 2.14250000E+001, 5.71250000E-001, 0.00000000E+000, 0.00000000E+000, 0.00000000E+000, 0.00000000E+000
 2.14750000E+001, 5.73750000E-001, 0.00000000E+000, 0.00000000E+000, 0.00000000E+000, 0.00000000E+000
 2.15250000E+001, 5.76250000E-001, 0.00000000E+000, 0.00000000E+000, 0.00000000E+000, 0.00000000E+000
 2.15750000E+001, 5.78750000E-001, 0.00000000E+000, 0.00000000E+000, 0.00000000E+000, 0.00000000E+000
 2.16250000E+001, 5.81250000E-001, 0.00000000E+000, 0.00000000E+000, 0.00000000E+000, 0.00000000E+000
 2.16750000E+001, 5.83750000E-001, 0.00000000E+000, 0.00000000E+000, 0.00000000E+000, 0.00000000E+000
 2.17250000E+001, 5.86250000E-001, 0.00000000E+000, 0.00000000E+000, 0.00000000E+000, 0.00000000E+000
 2.17750000E+001, 5.88750000E-001, 0.00000000E+000, 0.00000000E+000, 0.00000000E+000, 0.00000000E+000
 2.18250000E+001, 5.91250000E-001, 0.00000000E+000, 0.00000000E+000, 0.00000000E+000, 0.00000000E+000
 2.18750000E+001, 5.93750000E-001, 0.00000000E+000, 0.00000000E+000, 0.00000000E+000, 0.00000000E+000
 2.19250000E+001, 5.96250000E-001, 0.00000000E+000, 0.00000000E+000, 0.00000000E+000, 0.00000000E+000
 2.19750000E+001, 5.98750000E-001, 0.00000000E+000, 0.00000000E+000, 0.00000000E+000, 0.00000000E+000
 2.20250000E+001, 6.01250000E-001, 0.00000000E+000, 0.00000000E+000, 0.00000000E+000, 0.00000000E+000
 2.20750000E+001, 6.03750000E-001, 0.00000000E+000, 0.00000000E+000, 0.00000000E+000, 0.00000000E+000
 2.21250000E+001, 6.06250000E-001, 0.00000000E+000, 0.00000000E+000, 0.00000000E+000, 0.00000000E+000
 2.21750000E+001, 6.08750000E-001, 0.00000000E+000, 0.00000000E+000, 0.00000000E+000, 0.00000000E+000
 2.22250000E+001, 6.11250000E-001, 0.00000000E+000, 0.00000000E+000, 0.00000000E+000, 0.00000000E+000
 2.22750000E+001, 6.13750000E-001, 0.00000000E+000, 0.00000000E+000, 0.00000000E+000, 0.00000000E+000
 2.23250000E+001, 6.16250000E-001, 0.00000000E+000, 0.00000000E+000, 0.00000000E+000, 0.00000000E+000
 2.23750000E+001, 6.18750000E-001, 0.00000000E+000, 0.00000000E+000, 0.00000000E+000, 0.00000000E+000
 2.24250000E+001, 6.21250000E-001, 0.00000000E+000, 0.00000000E+000, 0.00000000E+000, 0.00000000E+000
 2.24750000E+001, 6.23750000E-001, 0.00000000E+000, 0.00000000E+000, 0.00000000E+000, 0.00000000E+000
 2.25250000E+001, 6.26250000E-001, 0.00000000E+000, 0.00000000E+000, 0.00000000E+000, 0.00000000E+000
 2.25750000E+001, 6.28750000E-001, 0.00000000E+000, 0.00000000E+000, 0.00000000E+000, 0.00000000E+000
 2.26250000E+001, 6.31250000E-001, 0.00000000E+000, 0.00000000E+000, 0.00000000E+000, 0.00000000E+000
 2.26750000E+001, 6.33750000E-001, 0.00000000E+000, 0.00000000E+000, 0.00000000E+000, 0.00000000E+000
 2.27250000E+001, 6.36250000E-001, 0.00000000E+000, 0.00000000E+000, 0.00000000E+000, 0.00000000E+000
 2.27750000E+001, 6.38750000E-001, 0.00000000E+000, 0.00000000E+000, 0.00000000E+000, 0.00000000E+000
 2.28250000E+001, 6.41250000E-001, 0.00000000E+000, 0.00000000E+000, 0.00000000E+000, 0.00000000E+000
 2.28750000E+001, 6.43750000E-001, 0.00000000E+000, 0.00000000E+000, 0.00000000E+000, 0.00000000E+000
 2.29250000E+001, 6.46250000E-001, 0.00000000E+000, 0.00000000E+000, 0.00000000E+000, 0.00000000E+000
 2.29750000E+001, 6.48750000E-001, 0.00000000E+000, 0.00000000E+000, 0.00000000E+000, 0.00000000E+000
 2.30250000E+001, 6.51250000E-001, 0.00000000E+000, 0.00000000E+000, 0.00000000E+000, 0.00000000E+000
 2.30750000E+001, 6.53750000E-001, 0.00000000E+000, 0.00000000E+000, 0.00000000E+000, 0.00000000E+000
 2.31250000E+001, 6.56250000E-001, 0.00000000E+000, 0.00000000E+000, 0.00000000E+000, 0.00000000E+000
 2.31750000E+001, 6.58750000E-001, 0.00000000E+000, 0.00000000E+000, 0.00000000E+000, 0.00000000E+000
 2.32250000E+001, 6.61250000E-001, 0.00000000E+000, 0.00000000E+000, 0.00000000E+000, 0.00000000E+000
 2.32750000E+001, 6.63750000E-001, 0.00000000E+000, 0.00000000E+000, 0.00000000E+000, 0.00000000E+000
 2.33250000E+001, 6.66250000E-001, 0.00000000E+000, 0.00000000E+000, 0.00000000E+000, 0.00000000E+000
 2.33750000E+001, 6.68750000E-001, 0.00000000E+000, 0.00000000E+000, 0.00000000E+000, 0.00000000E+000
 2.34250000E+001, 6.71250000E-001, 0.00000000E+000, 0.00000000E+000, 0.00000000E+000, 0.00000000E+000
 2.34750000E+001, 6.73750000E-001, 0.00000000E+000, 0.00000000E+000, 0.00000000E+000, 0.00000000E+000
 2.35250000E+001, 6.76250000E-001, 0.00000000E+000, 0.00000000E+000, 0.00000000E+000, 0.00000000E+000
 2.35750000E+001, 6.78750000E-001, 0.00000000E+000, 0.00000000E+000, 0.00000000E+000, 0.00000000E+000
 2.36250000E+001, 6.81250000E-001, 0.00000000E+000, 0.00000000E+000, 0.00000000E+000, 0.00000000E+000
 2.36750000E+001, 6.83750000E-001, 0.00000000E+000, 0.00000000E+000, 0.00000000E+000, 0.00000000E+000
 2.37250000E+001, 6.86250000E-001, 0.00000000E+000, 0.00000000E+000, 0.00000000E+000, 0.00000000E+000
 2.37750000E+001, 6.88750000E-001, 0.00000000E+000, 0.00000000E+000, 0.00000000E+000, 0.00000000E+000
 2.38250000E+001, 6.91250000E-001, 0.00000000E+000, 0.00000000E+000, 0.00000000E+000, 0.00000000E+000
 2.38750000E+001, 6.93750000E-001, 0.00000000E+000, 0.00000000E+000, 0.00000000E+000, 0.00000000E+000
 2.39250000E+001, 6.96250000E-001, 0.00000000E+000, 0.00000000E+000, 0.00000000E+000, 0.00000000E+000
 2.39750000E+001, 6.98750000E-001, 0.00000000E+000, 0.00000000E+000, 0.00000000E+000, 0.00000000E+000
 2.40250000E+001, 7.01250000E-001, 0.00000000E+000, 0.00000000E+000, 0.00000000E+000, 0.00000000E+000
 2.40750000E+001, 7.03750000E-001, 0.00000000E+000, 0.00000000E+000, 0.00000000E+000, 0.00000000E+000
 2.41250000E+001, 7.06250000E-001, 0.00000000E+000, 0.00000000E+000, 0.00000000E+000, 0.00000000E+000
 2.41750000E+001, 7.08750000E-001, 0.00000000E+000, 0.00000000E+000, 0.00000000E+000, 0.00000000E+000
 2.42250000E+001, 7.11250000E-001, 0.00000000E+000, 0.00000000E+000, 0.00000000E+000, 0.00000000E+000
 2.42750000E+001, 7.13750000E-001, 0.00000000E+000, 0.00000000E+000, 0.00000000E+000, 0.00000000E+000
 2.43250000E+001, 7.16250000E-001, 0.00000000E+000, 0.00000000E+000, 0.00000000E+000, 0.00000000E+000
 2.43750000E+001, 7.18750000E-001, 0.00000000E+000, 0.00000000E+000, 0.00000000E+000, 0.00000000E+000
 2.44250000E+001, 7.21250000E-001, 0.00000000E+000, 0.00000000E+000, 0.00000000E+000, 0.00000000E+000
 2.44750000E+001, 7.23750000E-001, 0.00000000E+000, 0.00000000E+000, 0.00000000E+000, 0.00000000E+000
 2.45250000E+001, 7.26250000E-001, 0.00000000E+000, 0.00000000E+000, 0.00000000E+000, 0.00000000E+000
 2.45750000E+001, 7.28750000E-001, 0.00000000E+000, 0.00000000E+000, 0.00000000E+000, 0.00000000E+000
 2.46250000E+001, 7.31250000E-001, 0.00000000E+000, 0.00000000E+000, 0.00000000E+000, 0.00000000E+000
 2.46750000E+001, 7.33750000E-001, 0.00000000E+000, 0.00000000E+000, 0.00000000E+000, 0.00000000E+000
 2.47250000E+001, 7.36250000E-001, 0.00000000E+000, 0.00000000E+000, 0.00000000E+000, 0.00000000E+000
 2.47750000E+001, 7.38750000E-001, 0.00000000E+000, 0.00000000E+000, 0.00000000E+000, 0.00000000E+000
 2.48250000E+001, 7.41250000E-001, 0.00000000E+000, 0.00000000E+000, 0.00000000E+000, 0.00000000E+000
 2.48750000E+001, 7.43750000E-001, 0.00000000E+000, 0.00000000E+000, 0.00000000E+000, 0.00000000E+000
 2.49250000E+001, 7.46250000E-001, 0.00000000E+000, 0.00000000E+000, 0.00000000E+000, 0.00000000E+000
 2.49750000E+001, 7.48750000E-001, 0.00000000E+000, 0.00000000E+000, 0.00000000E+000, 0.00000000E+000
