   100.00098831486953      ,         500
X,ZB,H,U,ZF,QS
 2.00000000E-002, 5.00061531E-001, 7.28065806E-001, 1.37549936E-001, 0.00000000E+000, 1.73472987E-004
 6.00000000E-002, 4.99993615E-001, 7.28121327E-001, 1.37981277E-001, 0.00000000E+000, 1.75109877E-004
 1.00000000E-001, 5.00001337E-001, 7.28100986E-001, 1.38426616E-001, 0.00000000E+000, 1.76810646E-004
 1.40000000E-001, 4.99979027E-001, 7.28110655E-001, 1.38866258E-001, 0.00000000E+000, 1.78500422E-004
 1.80000000E-001, 4.99942210E-001, 7.28134771E-001, 1.39303085E-001, 0.00000000E+000, 1.80190008E-004
 2.20000000E-001, 4.99902397E-001, 7.28161792E-001, 1.39739250E-001, 0.00000000E+000, 1.81887645E-004
 2.60000000E-001, 4.99862348E-001, 7.28188954E-001, 1.40175257E-001, 0.00000000E+000, 1.83595291E-004
 3.00000000E-001, 4.99822502E-001, 7.28215816E-001, 1.40611166E-001, 0.00000000E+000, 1.85313209E-004
 3.40000000E-001, 4.99782918E-001, 7.28242320E-001, 1.41046967E-001, 0.00000000E+000, 1.87041382E-004
 3.80000000E-001, 4.99743608E-001, 7.28268455E-001, 1.41482640E-001, 0.00000000E+000, 1.88779755E-004
 4.20000000E-001, 4.99704577E-001, 7.28294218E-001, 1.41918164E-001, 0.00000000E+000, 1.90528267E-004
 4.60000000E-001, 4.99665831E-001, 7.28319603E-001, 1.42353517E-001, 0.00000000E+000, 1.92286856E-004
 5.00000000E-001, 4.99627374E-001, 7.28344607E-001, 1.42788680E-001, 0.00000000E+000, 1.94055458E-004
 5.40000000E-001, 4.99589210E-001, 7.28369226E-001, 1.43223632E-001, 0.00000000E+000, 1.95834007E-004
 5.80000000E-001, 4.99551344E-001, 7.28393457E-001, 1.43658352E-001, 0.00000000E+000, 1.97622434E-004
 6.20000000E-001, 4.99513779E-001, 7.28417298E-001, 1.44092820E-001, 0.00000000E+000, 1.99420671E-004
 6.60000000E-001, 4.99476518E-001, 7.28440745E-001, 1.44527015E-001, 0.00000000E+000, 2.01228647E-004
 7.00000000E-001, 4.99439563E-001, 7.28463797E-001, 1.44960917E-001, 0.00000000E+000, 2.03046288E-004
 7.40000000E-001, 4.99402917E-001, 7.28486453E-001, 1.45394507E-001, 0.00000000E+000, 2.04873520E-004
 7.80000000E-001, 4.99366582E-001, 7.28508711E-001, 1.45827764E-001, 0.00000000E+000, 2.06710269E-004
 8.20000000E-001, 4.99330560E-001, 7.28530569E-001, 1.46260669E-001, 0.00000000E+000, 2.08556456E-004
 8.60000000E-001, 4.99294851E-001, 7.28552028E-001, 1.46693202E-001, 0.00000000E+000, 2.10412004E-004
 9.00000000E-001, 4.99259456E-001, 7.28573086E-001, 1.47125344E-001, 0.00000000E+000, 2.12276833E-004
 9.40000000E-001, 4.99224377E-001, 7.28593743E-001, 1.47557076E-001, 0.00000000E+000, 2.14150861E-004
 9.80000000E-001, 4.99189614E-001, 7.28613999E-001, 1.47988378E-001, 0.00000000E+000, 2.16034009E-004
 1.02000000E+000, 4.99155167E-001, 7.28633855E-001, 1.48419234E-001, 0.00000000E+000, 2.17926191E-004
 1.06000000E+000, 4.99121035E-001, 7.28653309E-001, 1.48849623E-001, 0.00000000E+000, 2.19827324E-004
 1.10000000E+000, 4.99087220E-001, 7.28672363E-001, 1.49279528E-001, 0.00000000E+000, 2.21737325E-004
 1.14000000E+000, 4.99053720E-001, 7.28691018E-001, 1.49708932E-001, 0.00000000E+000, 2.23656106E-004
 1.18000000E+000, 4.99020534E-001, 7.28709273E-001, 1.50137815E-001, 0.00000000E+000, 2.25583582E-004
 1.22000000E+000, 4.98987663E-001, 7.28727130E-001, 1.50566162E-001, 0.00000000E+000, 2.27519665E-004
 1.26000000E+000, 4.98955106E-001, 7.28744589E-001, 1.50993956E-001, 0.00000000E+000, 2.29464268E-004
 1.30000000E+000, 4.98922861E-001, 7.28761651E-001, 1.51421179E-001, 0.00000000E+000, 2.31417304E-004
 1.34000000E+000, 4.98890927E-001, 7.28778318E-001, 1.51847815E-001, 0.00000000E+000, 2.33378682E-004
 1.38000000E+000, 4.98859304E-001, 7.28794589E-001, 1.52273849E-001, 0.00000000E+000, 2.35348316E-004
 1.42000000E+000, 4.98827991E-001, 7.28810467E-001, 1.52699265E-001, 0.00000000E+000, 2.37326115E-004
 1.46000000E+000, 4.98796986E-001, 7.28825951E-001, 1.53124047E-001, 0.00000000E+000, 2.39311990E-004
 1.50000000E+000, 4.98766287E-001, 7.28841044E-001, 1.53548180E-001, 0.00000000E+000, 2.41305853E-004
 1.54000000E+000, 4.98735894E-001, 7.28855745E-001, 1.53971651E-001, 0.00000000E+000, 2.43307613E-004
 1.58000000E+000, 4.98705805E-001, 7.28870057E-001, 1.54394444E-001, 0.00000000E+000, 2.45317181E-004
 1.62000000E+000, 4.98676019E-001, 7.28883980E-001, 1.54816546E-001, 0.00000000E+000, 2.47334468E-004
 1.66000000E+000, 4.98646535E-001, 7.28897515E-001, 1.55237943E-001, 0.00000000E+000, 2.49359384E-004
 1.70000000E+000, 4.98617349E-001, 7.28910664E-001, 1.55658623E-001, 0.00000000E+000, 2.51391842E-004
 1.74000000E+000, 4.98588462E-001, 7.28923427E-001, 1.56078573E-001, 0.00000000E+000, 2.53431752E-004
 1.78000000E+000, 4.98559872E-001, 7.28935806E-001, 1.56497780E-001, 0.00000000E+000, 2.55479026E-004
 1.82000000E+000, 4.98531575E-001, 7.28947801E-001, 1.56916232E-001, 0.00000000E+000, 2.57533576E-004
 1.86000000E+000, 4.98503572E-001, 7.28959414E-001, 1.57333919E-001, 0.00000000E+000, 2.59595316E-004
 1.90000000E+000, 4.98475860E-001, 7.28970647E-001, 1.57750828E-001, 0.00000000E+000, 2.61664158E-004
 1.94000000E+000, 4.98448437E-001, 7.28981500E-001, 1.58166949E-001, 0.00000000E+000, 2.63740016E-004
 1.98000000E+000, 4.98421301E-001, 7.28991974E-001, 1.58582272E-001, 0.00000000E+000, 2.65822805E-004
 2.02000000E+000, 4.98394451E-001, 7.29002072E-001, 1.58996787E-001, 0.00000000E+000, 2.67912439E-004
 2.06000000E+000, 4.98367883E-001, 7.29011793E-001, 1.59410485E-001, 0.00000000E+000, 2.70008837E-004
 2.10000000E+000, 4.98341596E-001, 7.29021141E-001, 1.59823356E-001, 0.00000000E+000, 2.72111913E-004
 2.14000000E+000, 4.98315588E-001, 7.29030115E-001, 1.60235391E-001, 0.00000000E+000, 2.74221586E-004
 2.18000000E+000, 4.98289857E-001, 7.29038717E-001, 1.60646582E-001, 0.00000000E+000, 2.76337775E-004
 2.22000000E+000, 4.98264399E-001, 7.29046950E-001, 1.61056922E-001, 0.00000000E+000, 2.78460400E-004
 2.26000000E+000, 4.98239214E-001, 7.29054813E-001, 1.61466403E-001, 0.00000000E+000, 2.80589382E-004
 2.30000000E+000, 4.98214298E-001, 7.29062310E-001, 1.61875017E-001, 0.00000000E+000, 2.82724642E-004
 2.34000000E+000, 4.98189649E-001, 7.29069440E-001, 1.62282759E-001, 0.00000000E+000, 2.84866105E-004
 2.38000000E+000, 4.98165265E-001, 7.29076205E-001, 1.62689621E-001, 0.00000000E+000, 2.87013694E-004
 2.42000000E+000, 4.98141143E-001, 7.29082608E-001, 1.63095599E-001, 0.00000000E+000, 2.89167335E-004
 2.46000000E+000, 4.98117281E-001, 7.29088649E-001, 1.63500686E-001, 0.00000000E+000, 2.91326957E-004
 2.50000000E+000, 4.98093677E-001, 7.29094329E-001, 1.63904877E-001, 0.00000000E+000, 2.93492487E-004
 2.54000000E+000, 4.98070329E-001, 7.29099650E-001, 1.64308168E-001, 0.00000000E+000, 2.95663855E-004
 2.58000000E+000, 4.98047233E-001, 7.29104613E-001, 1.64710555E-001, 0.00000000E+000, 2.97840994E-004
 2.62000000E+000, 4.98024389E-001, 7.29109220E-001, 1.65112033E-001, 0.00000000E+000, 3.00023836E-004
 2.66000000E+000, 4.98001793E-001, 7.29113471E-001, 1.65512600E-001, 0.00000000E+000, 3.02212316E-004
 2.70000000E+000, 4.97979444E-001, 7.29117367E-001, 1.65912252E-001, 0.00000000E+000, 3.04406371E-004
 2.74000000E+000, 4.97957340E-001, 7.29120909E-001, 1.66310987E-001, 0.00000000E+000, 3.06605938E-004
 2.78000000E+000, 4.97935478E-001, 7.29124099E-001, 1.66708802E-001, 0.00000000E+000, 3.08810958E-004
 2.82000000E+000, 4.97913858E-001, 7.29126937E-001, 1.67105695E-001, 0.00000000E+000, 3.11021371E-004
 2.86000000E+000, 4.97892476E-001, 7.29129424E-001, 1.67501666E-001, 0.00000000E+000, 3.13237122E-004
 2.90000000E+000, 4.97871332E-001, 7.29131560E-001, 1.67896712E-001, 0.00000000E+000, 3.15458155E-004
 2.94000000E+000, 4.97850424E-001, 7.29133346E-001, 1.68290833E-001, 0.00000000E+000, 3.17684416E-004
 2.98000000E+000, 4.97829750E-001, 7.29134782E-001, 1.68684029E-001, 0.00000000E+000, 3.19915856E-004
 3.02000000E+000, 4.97809310E-001, 7.29135870E-001, 1.69076299E-001, 0.00000000E+000, 3.22152423E-004
 3.06000000E+000, 4.97789101E-001, 7.29136608E-001, 1.69467644E-001, 0.00000000E+000, 3.24394069E-004
 3.10000000E+000, 4.97769123E-001, 7.29136997E-001, 1.69858064E-001, 0.00000000E+000, 3.26640750E-004
 3.14000000E+000, 4.97749374E-001, 7.29137038E-001, 1.70247561E-001, 0.00000000E+000, 3.28892421E-004
 3.18000000E+000, 4.97729854E-001, 7.29136731E-001, 1.70636135E-001, 0.00000000E+000, 3.31149039E-004
 3.22000000E+000, 4.97710561E-001, 7.29136075E-001, 1.71023788E-001, 0.00000000E+000, 3.33410563E-004
 3.26000000E+000, 4.97691496E-001, 7.29135070E-001, 1.71410522E-001, 0.00000000E+000, 3.35676956E-004
 3.30000000E+000, 4.97672656E-001, 7.29133717E-001, 1.71796340E-001, 0.00000000E+000, 3.37948178E-004
 3.34000000E+000, 4.97654041E-001, 7.29132015E-001, 1.72181243E-001, 0.00000000E+000, 3.40224196E-004
 3.38000000E+000, 4.97635652E-001, 7.29129964E-001, 1.72565234E-001, 0.00000000E+000, 3.42504976E-004
 3.42000000E+000, 4.97617486E-001, 7.29127563E-001, 1.72948316E-001, 0.00000000E+000, 3.44790485E-004
 3.46000000E+000, 4.97599545E-001, 7.29124814E-001, 1.73330492E-001, 0.00000000E+000, 3.47080693E-004
 3.50000000E+000, 4.97581826E-001, 7.29121714E-001, 1.73711766E-001, 0.00000000E+000, 3.49375570E-004
 3.54000000E+000, 4.97564331E-001, 7.29118265E-001, 1.74092142E-001, 0.00000000E+000, 3.51675091E-004
 3.58000000E+000, 4.97547058E-001, 7.29114465E-001, 1.74471622E-001, 0.00000000E+000, 3.53979229E-004
 3.62000000E+000, 4.97530007E-001, 7.29110315E-001, 1.74850212E-001, 0.00000000E+000, 3.56287959E-004
 3.66000000E+000, 4.97513178E-001, 7.29105815E-001, 1.75227915E-001, 0.00000000E+000, 3.58601260E-004
 3.70000000E+000, 4.97496570E-001, 7.29100963E-001, 1.75604736E-001, 0.00000000E+000, 3.60919109E-004
 3.74000000E+000, 4.97480184E-001, 7.29095761E-001, 1.75980679E-001, 0.00000000E+000, 3.63241486E-004
 3.78000000E+000, 4.97464019E-001, 7.29090208E-001, 1.76355750E-001, 0.00000000E+000, 3.65568373E-004
 3.82000000E+000, 4.97448074E-001, 7.29084304E-001, 1.76729952E-001, 0.00000000E+000, 3.67899752E-004
 3.86000000E+000, 4.97432350E-001, 7.29078048E-001, 1.77103290E-001, 0.00000000E+000, 3.70235607E-004
 3.90000000E+000, 4.97416847E-001, 7.29071442E-001, 1.77475771E-001, 0.00000000E+000, 3.72575921E-004
 3.94000000E+000, 4.97401563E-001, 7.29064485E-001, 1.77847399E-001, 0.00000000E+000, 3.74920683E-004
 3.98000000E+000, 4.97386499E-001, 7.29057177E-001, 1.78218179E-001, 0.00000000E+000, 3.77269877E-004
 4.02000000E+000, 4.97371654E-001, 7.29049519E-001, 1.78588117E-001, 0.00000000E+000, 3.79623492E-004
 4.06000000E+000, 4.97357029E-001, 7.29041511E-001, 1.78957218E-001, 0.00000000E+000, 3.81981517E-004
 4.10000000E+000, 4.97342623E-001, 7.29033152E-001, 1.79325488E-001, 0.00000000E+000, 3.84343942E-004
 4.14000000E+000, 4.97328435E-001, 7.29024445E-001, 1.79692932E-001, 0.00000000E+000, 3.86710757E-004
 4.18000000E+000, 4.97314465E-001, 7.29015389E-001, 1.80059556E-001, 0.00000000E+000, 3.89081953E-004
 4.22000000E+000, 4.97300714E-001, 7.29005985E-001, 1.80425365E-001, 0.00000000E+000, 3.91457523E-004
 4.26000000E+000, 4.97287180E-001, 7.28996234E-001, 1.80790366E-001, 0.00000000E+000, 3.93837459E-004
 4.30000000E+000, 4.97273863E-001, 7.28986137E-001, 1.81154563E-001, 0.00000000E+000, 3.96221755E-004
 4.34000000E+000, 4.97260763E-001, 7.28975694E-001, 1.81517963E-001, 0.00000000E+000, 3.98610404E-004
 4.38000000E+000, 4.97247879E-001, 7.28964906E-001, 1.81880571E-001, 0.00000000E+000, 4.01003401E-004
 4.42000000E+000, 4.97235211E-001, 7.28953775E-001, 1.82242393E-001, 0.00000000E+000, 4.03400740E-004
 4.46000000E+000, 4.97222759E-001, 7.28942302E-001, 1.82603435E-001, 0.00000000E+000, 4.05802417E-004
 4.50000000E+000, 4.97210521E-001, 7.28930489E-001, 1.82963702E-001, 0.00000000E+000, 4.08208426E-004
 4.54000000E+000, 4.97198497E-001, 7.28918336E-001, 1.83323200E-001, 0.00000000E+000, 4.10618765E-004
 4.58000000E+000, 4.97186687E-001, 7.28905846E-001, 1.83681934E-001, 0.00000000E+000, 4.13033428E-004
 4.62000000E+000, 4.97175089E-001, 7.28893020E-001, 1.84039910E-001, 0.00000000E+000, 4.15452411E-004
 4.66000000E+000, 4.97163704E-001, 7.28879860E-001, 1.84397134E-001, 0.00000000E+000, 4.17875711E-004
 4.70000000E+000, 4.97152529E-001, 7.28866368E-001, 1.84753610E-001, 0.00000000E+000, 4.20303323E-004
 4.74000000E+000, 4.97141565E-001, 7.28852547E-001, 1.85109344E-001, 0.00000000E+000, 4.22735243E-004
 4.78000000E+000, 4.97130809E-001, 7.28838398E-001, 1.85464341E-001, 0.00000000E+000, 4.25171468E-004
 4.82000000E+000, 4.97120262E-001, 7.28823925E-001, 1.85818606E-001, 0.00000000E+000, 4.27611992E-004
 4.86000000E+000, 4.97109922E-001, 7.28809129E-001, 1.86172145E-001, 0.00000000E+000, 4.30056810E-004
 4.90000000E+000, 4.97099787E-001, 7.28794014E-001, 1.86524961E-001, 0.00000000E+000, 4.32505919E-004
 4.94000000E+000, 4.97089857E-001, 7.28778583E-001, 1.86877061E-001, 0.00000000E+000, 4.34959311E-004
 4.98000000E+000, 4.97080129E-001, 7.28762838E-001, 1.87228448E-001, 0.00000000E+000, 4.37416982E-004
 5.02000000E+000, 4.97070603E-001, 7.28746784E-001, 1.87579127E-001, 0.00000000E+000, 4.39878925E-004
 5.06000000E+000, 4.97061276E-001, 7.28730423E-001, 1.87929102E-001, 0.00000000E+000, 4.42345134E-004
 5.10000000E+000, 4.97052148E-001, 7.28713760E-001, 1.88278378E-001, 0.00000000E+000, 4.44815600E-004
 5.14000000E+000, 4.97043216E-001, 7.28696797E-001, 1.88626959E-001, 0.00000000E+000, 4.47290316E-004
 5.18000000E+000, 4.97034478E-001, 7.28679540E-001, 1.88974849E-001, 0.00000000E+000, 4.49769273E-004
 5.22000000E+000, 4.97025933E-001, 7.28661991E-001, 1.89322052E-001, 0.00000000E+000, 4.52252462E-004
 5.26000000E+000, 4.97017578E-001, 7.28644156E-001, 1.89668571E-001, 0.00000000E+000, 4.54739873E-004
 5.30000000E+000, 4.97009412E-001, 7.28626038E-001, 1.90014410E-001, 0.00000000E+000, 4.57231496E-004
 5.34000000E+000, 4.97001432E-001, 7.28607642E-001, 1.90359572E-001, 0.00000000E+000, 4.59727319E-004
 5.38000000E+000, 4.96993637E-001, 7.28588973E-001, 1.90704061E-001, 0.00000000E+000, 4.62227330E-004
 5.42000000E+000, 4.96986023E-001, 7.28570035E-001, 1.91047881E-001, 0.00000000E+000, 4.64731516E-004
 5.46000000E+000, 4.96978589E-001, 7.28550834E-001, 1.91391033E-001, 0.00000000E+000, 4.67239863E-004
 5.50000000E+000, 4.96971333E-001, 7.28531373E-001, 1.91733521E-001, 0.00000000E+000, 4.69752358E-004
 5.54000000E+000, 4.96964252E-001, 7.28511659E-001, 1.92075348E-001, 0.00000000E+000, 4.72268986E-004
 5.58000000E+000, 4.96957343E-001, 7.28491696E-001, 1.92416517E-001, 0.00000000E+000, 4.74789729E-004
 5.62000000E+000, 4.96950605E-001, 7.28471489E-001, 1.92757029E-001, 0.00000000E+000, 4.77314572E-004
 5.66000000E+000, 4.96944035E-001, 7.28451044E-001, 1.93096887E-001, 0.00000000E+000, 4.79843497E-004
 5.70000000E+000, 4.96937631E-001, 7.28430366E-001, 1.93436094E-001, 0.00000000E+000, 4.82376485E-004
 5.74000000E+000, 4.96931390E-001, 7.28409460E-001, 1.93774652E-001, 0.00000000E+000, 4.84913518E-004
 5.78000000E+000, 4.96925310E-001, 7.28388331E-001, 1.94112562E-001, 0.00000000E+000, 4.87454576E-004
 5.82000000E+000, 4.96919389E-001, 7.28366986E-001, 1.94449826E-001, 0.00000000E+000, 4.89999637E-004
 5.86000000E+000, 4.96913624E-001, 7.28345430E-001, 1.94786447E-001, 0.00000000E+000, 4.92548680E-004
 5.90000000E+000, 4.96908013E-001, 7.28323667E-001, 1.95122425E-001, 0.00000000E+000, 4.95101682E-004
 5.94000000E+000, 4.96902553E-001, 7.28301705E-001, 1.95457763E-001, 0.00000000E+000, 4.97658621E-004
 5.98000000E+000, 4.96897242E-001, 7.28279548E-001, 1.95792461E-001, 0.00000000E+000, 5.00219472E-004
 6.02000000E+000, 4.96892078E-001, 7.28257201E-001, 1.96126521E-001, 0.00000000E+000, 5.02784209E-004
 6.06000000E+000, 4.96887059E-001, 7.28234672E-001, 1.96459944E-001, 0.00000000E+000, 5.05352808E-004
 6.10000000E+000, 4.96882181E-001, 7.28211965E-001, 1.96792731E-001, 0.00000000E+000, 5.07925241E-004
 6.14000000E+000, 4.96877444E-001, 7.28189086E-001, 1.97124884E-001, 0.00000000E+000, 5.10501481E-004
 6.18000000E+000, 4.96872844E-001, 7.28166041E-001, 1.97456402E-001, 0.00000000E+000, 5.13081499E-004
 6.22000000E+000, 4.96868379E-001, 7.28142836E-001, 1.97787286E-001, 0.00000000E+000, 5.15665267E-004
 6.26000000E+000, 4.96864046E-001, 7.28119476E-001, 1.98117538E-001, 0.00000000E+000, 5.18252753E-004
 6.30000000E+000, 4.96859844E-001, 7.28095968E-001, 1.98447157E-001, 0.00000000E+000, 5.20843927E-004
 6.34000000E+000, 4.96855771E-001, 7.28072318E-001, 1.98776144E-001, 0.00000000E+000, 5.23438758E-004
 6.38000000E+000, 4.96851822E-001, 7.28048531E-001, 1.99104499E-001, 0.00000000E+000, 5.26037212E-004
 6.42000000E+000, 4.96847997E-001, 7.28024613E-001, 1.99432223E-001, 0.00000000E+000, 5.28639256E-004
 6.46000000E+000, 4.96844293E-001, 7.28000571E-001, 1.99759315E-001, 0.00000000E+000, 5.31244856E-004
 6.50000000E+000, 4.96840708E-001, 7.27976410E-001, 2.00085776E-001, 0.00000000E+000, 5.33853976E-004
 6.54000000E+000, 4.96837238E-001, 7.27952137E-001, 2.00411605E-001, 0.00000000E+000, 5.36466581E-004
 6.58000000E+000, 4.96833882E-001, 7.27927758E-001, 2.00736802E-001, 0.00000000E+000, 5.39082635E-004
 6.62000000E+000, 4.96830636E-001, 7.27903278E-001, 2.01061367E-001, 0.00000000E+000, 5.41702099E-004
 6.66000000E+000, 4.96827500E-001, 7.27878705E-001, 2.01385300E-001, 0.00000000E+000, 5.44324935E-004
 6.70000000E+000, 4.96824469E-001, 7.27854044E-001, 2.01708601E-001, 0.00000000E+000, 5.46951105E-004
 6.74000000E+000, 4.96821542E-001, 7.27829301E-001, 2.02031267E-001, 0.00000000E+000, 5.49580569E-004
 6.78000000E+000, 4.96818716E-001, 7.27804483E-001, 2.02353301E-001, 0.00000000E+000, 5.52213288E-004
 6.82000000E+000, 4.96815988E-001, 7.27779595E-001, 2.02674699E-001, 0.00000000E+000, 5.54849219E-004
 6.86000000E+000, 4.96813356E-001, 7.27754646E-001, 2.02995463E-001, 0.00000000E+000, 5.57488322E-004
 6.90000000E+000, 4.96810817E-001, 7.27729639E-001, 2.03315591E-001, 0.00000000E+000, 5.60130554E-004
 6.94000000E+000, 4.96808369E-001, 7.27704582E-001, 2.03635083E-001, 0.00000000E+000, 5.62775875E-004
 6.98000000E+000, 4.96806009E-001, 7.27679481E-001, 2.03953937E-001, 0.00000000E+000, 5.65424239E-004
 7.02000000E+000, 4.96803734E-001, 7.27654342E-001, 2.04272154E-001, 0.00000000E+000, 5.68075605E-004
 7.06000000E+000, 4.96801543E-001, 7.27629171E-001, 2.04589731E-001, 0.00000000E+000, 5.70729928E-004
 7.10000000E+000, 4.96799433E-001, 7.27603974E-001, 2.04906669E-001, 0.00000000E+000, 5.73387165E-004
 7.14000000E+000, 4.96797400E-001, 7.27578757E-001, 2.05222966E-001, 0.00000000E+000, 5.76047271E-004
 7.18000000E+000, 4.96795443E-001, 7.27553527E-001, 2.05538622E-001, 0.00000000E+000, 5.78710202E-004
 7.22000000E+000, 4.96793560E-001, 7.27528289E-001, 2.05853635E-001, 0.00000000E+000, 5.81375914E-004
 7.26000000E+000, 4.96791748E-001, 7.27503048E-001, 2.06168006E-001, 0.00000000E+000, 5.84044361E-004
 7.30000000E+000, 4.96790005E-001, 7.27477812E-001, 2.06481732E-001, 0.00000000E+000, 5.86715499E-004
 7.34000000E+000, 4.96788328E-001, 7.27452585E-001, 2.06794813E-001, 0.00000000E+000, 5.89389284E-004
 7.38000000E+000, 4.96786716E-001, 7.27427373E-001, 2.07107249E-001, 0.00000000E+000, 5.92065670E-004
 7.42000000E+000, 4.96785166E-001, 7.27402182E-001, 2.07419038E-001, 0.00000000E+000, 5.94744614E-004
 7.46000000E+000, 4.96783677E-001, 7.27377016E-001, 2.07730181E-001, 0.00000000E+000, 5.97426070E-004
 7.50000000E+000, 4.96782246E-001, 7.27351882E-001, 2.08040675E-001, 0.00000000E+000, 6.00109995E-004
 7.54000000E+000, 4.96780871E-001, 7.27326785E-001, 2.08350521E-001, 0.00000000E+000, 6.02796344E-004
 7.58000000E+000, 4.96779551E-001, 7.27301729E-001, 2.08659718E-001, 0.00000000E+000, 6.05485074E-004
 7.62000000E+000, 4.96778284E-001, 7.27276720E-001, 2.08968265E-001, 0.00000000E+000, 6.08176142E-004
 7.66000000E+000, 4.96777068E-001, 7.27251763E-001, 2.09276162E-001, 0.00000000E+000, 6.10869504E-004
 7.70000000E+000, 4.96775902E-001, 7.27226862E-001, 2.09583408E-001, 0.00000000E+000, 6.13565119E-004
 7.74000000E+000, 4.96774783E-001, 7.27202023E-001, 2.09890003E-001, 0.00000000E+000, 6.16262943E-004
 7.78000000E+000, 4.96773711E-001, 7.27177250E-001, 2.10195947E-001, 0.00000000E+000, 6.18962936E-004
 7.82000000E+000, 4.96772683E-001, 7.27152547E-001, 2.10501239E-001, 0.00000000E+000, 6.21665056E-004
 7.86000000E+000, 4.96771699E-001, 7.27127919E-001, 2.10805880E-001, 0.00000000E+000, 6.24369263E-004
 7.90000000E+000, 4.96770756E-001, 7.27103371E-001, 2.11109869E-001, 0.00000000E+000, 6.27075517E-004
 7.94000000E+000, 4.96769853E-001, 7.27078907E-001, 2.11413205E-001, 0.00000000E+000, 6.29783778E-004
 7.98000000E+000, 4.96768990E-001, 7.27054531E-001, 2.11715890E-001, 0.00000000E+000, 6.32494008E-004
 8.02000000E+000, 4.96768163E-001, 7.27030247E-001, 2.12017924E-001, 2.00000000E-002, 6.35206169E-004
 8.06000000E+000, 4.96767373E-001, 7.27006061E-001, 2.12319306E-001, 6.00000000E-002, 6.37920224E-004
 8.10000000E+000, 4.96766618E-001, 7.26981974E-001, 2.12620037E-001, 1.00000000E-001, 6.40636136E-004
 8.14000000E+000, 4.96765895E-001, 7.26957993E-001, 2.12920117E-001, 1.40000000E-001, 6.43353869E-004
 8.18000000E+000, 4.96765205E-001, 7.26934121E-001, 2.13219546E-001, 1.80000000E-001, 6.46073389E-004
 8.22000000E+000, 4.96764546E-001, 7.26910361E-001, 2.13518326E-001, 2.20000000E-001, 6.48794662E-004
 8.26000000E+000, 4.96763930E-001, 7.26886703E-001, 2.13816462E-001, 2.60000000E-001, 6.51517693E-004
 8.30000000E+000, 4.96763847E-001, 7.26862658E-001, 2.14114096E-001, 3.00000000E-001, 6.54243762E-004
 8.34000000E+000, 4.96774170E-001, 7.26828275E-001, 2.14414067E-001, 3.40000000E-001, 6.56998936E-004
 8.38000000E+000, 4.98513536E-001, 7.25054640E-001, 2.15224705E-001, 3.80000000E-001, 6.64480277E-004
 8.42000000E+000, 5.12331333E-001, 7.11126664E-001, 2.19708000E-001, 4.20000000E-001, 6.96669530E-004
 8.46000000E+000, 5.39243631E-001, 6.83999818E-001, 2.28688683E-001, 4.60000000E-001, 7.15373203E-004
 8.50000000E+000, 5.70283745E-001, 6.52677125E-001, 2.39954039E-001, 5.00000000E-001, 7.34370867E-004
 8.54000000E+000, 6.03184011E-001, 6.19431589E-001, 2.53133628E-001, 5.40000000E-001, 7.58078703E-004
 8.58000000E+000, 6.37189306E-001, 5.85008986E-001, 2.68335802E-001, 5.80000000E-001, 7.88090024E-004
 8.62000000E+000, 6.72019974E-001, 5.49671059E-001, 2.85895827E-001, 6.20000000E-001, 8.28143622E-004
 8.66000000E+000, 7.07477033E-001, 5.13591371E-001, 3.06282043E-001, 6.60000000E-001, 8.81694351E-004
 8.70000000E+000, 7.43524197E-001, 4.76767873E-001, 3.30215061E-001, 7.00000000E-001, 9.57517552E-004
 8.74000000E+000, 7.80071385E-001, 4.39235931E-001, 3.58650087E-001, 7.40000000E-001, 1.06559483E-003
 8.78000000E+000, 8.17201150E-001, 4.00826278E-001, 3.93101499E-001, 7.80000000E-001, 1.23213174E-003
 8.82000000E+000, 8.54805502E-001, 3.61516653E-001, 4.35641049E-001, 8.20000000E-001, 1.48936363E-003
 8.86000000E+000, 8.93094124E-001, 3.20872283E-001, 4.89938104E-001, 8.60000000E-001, 1.93405796E-003
 8.90000000E+000, 9.31434519E-001, 2.79181143E-001, 5.60778551E-001, 9.00000000E-001, 2.64001551E-003
 8.94000000E+000, 9.70777675E-001, 2.34789995E-001, 6.60425890E-001, 9.40000000E-001, 4.14827225E-003
 8.98000000E+000, 9.95072057E-001, 2.03271245E-001, 7.62484171E-001, 9.80000000E-001, 1.62587992E-003
 9.02000000E+000, 1.00349135E+000, 1.86872248E-001, 8.39069823E-001, 1.00000000E+000, 1.18585453E-004
 9.06000000E+000, 1.00576150E+000, 1.79004848E-001, 8.84597406E-001, 1.00000000E+000, 3.77277270E-004
 9.10000000E+000, 1.00667724E+000, 1.74802584E-001, 9.10974140E-001, 1.00000000E+000, 5.52702063E-004
 9.14000000E+000, 1.00710130E+000, 1.72194400E-001, 9.28413575E-001, 1.00000000E+000, 6.61274277E-004
 9.18000000E+000, 1.00731206E+000, 1.70336662E-001, 9.41531883E-001, 1.00000000E+000, 7.30978609E-004
 9.22000000E+000, 1.00741954E+000, 1.68840215E-001, 9.52578936E-001, 1.00000000E+000, 7.79271263E-004
 9.26000000E+000, 1.00747277E+000, 1.67512378E-001, 9.62706792E-001, 1.00000000E+000, 8.15886779E-004
 9.30000000E+000, 1.00749511E+000, 1.66253176E-001, 9.72529218E-001, 1.00000000E+000, 8.46109501E-004
 9.34000000E+000, 1.00749805E+000, 1.65008446E-001, 9.82388812E-001, 1.00000000E+000, 8.72776493E-004
 9.38000000E+000, 1.00748720E+000, 1.63747085E-001, 9.92491114E-001, 1.00000000E+000, 8.97389484E-004
 9.42000000E+000, 1.00746516E+000, 1.62449495E-001, 1.00297447E+000, 1.00000000E+000, 9.20715634E-004
 9.46000000E+000, 1.00743289E+000, 1.61101483E-001, 1.01394789E+000, 1.00000000E+000, 9.43107134E-004
 9.50000000E+000, 1.00739031E+000, 1.59690889E-001, 1.02551291E+000, 1.00000000E+000, 9.64665696E-004
 9.54000000E+000, 1.00733666E+000, 1.58205546E-001, 1.03777788E+000, 1.00000000E+000, 9.85315863E-004
 9.58000000E+000, 1.00727049E+000, 1.56631895E-001, 1.05086912E+000, 1.00000000E+000, 1.00480925E-003
 9.62000000E+000, 1.00718937E+000, 1.54953924E-001, 1.06494134E+000, 1.00000000E+000, 1.02263942E-003
 9.66000000E+000, 1.00708905E+000, 1.53152493E-001, 1.08018768E+000, 1.00000000E+000, 1.03777452E-003
 9.70000000E+000, 1.00696142E+000, 1.51205658E-001, 1.09684653E+000, 1.00000000E+000, 1.04796144E-003
 9.74000000E+000, 1.00678974E+000, 1.49091821E-001, 1.11519424E+000, 1.00000000E+000, 1.04804673E-003
 9.78000000E+000, 1.00653840E+000, 1.46799931E-001, 1.13549475E+000, 1.00000000E+000, 1.02632017E-003
 9.82000000E+000, 1.00613387E+000, 1.44354433E-001, 1.15784378E+000, 1.00000000E+000, 9.58195126E-004
 9.86000000E+000, 1.00543935E+000, 1.41863097E-001, 1.18181257E+000, 1.00000000E+000, 8.01989357E-004
 9.90000000E+000, 1.00425360E+000, 1.39577162E-001, 1.20587312E+000, 1.00000000E+000, 5.21679830E-004
 9.94000000E+000, 1.00241009E+000, 1.37896326E-001, 1.22700820E+000, 1.00000000E+000, 1.76686928E-004
 9.98000000E+000, 1.00000000E+000, 1.37205163E-001, 1.24156607E+000, 1.00000000E+000, 0.00000000E+000
 1.00200000E+001, 9.82422054E-001, 1.49651203E-001, 1.18631079E+000, 9.80000000E-001, 1.61824554E-004
 1.00600000E+001, 9.61213068E-001, 1.82681931E-001, 1.00660245E+000, 9.40000000E-001, 7.25556617E-003
 1.01000000E+001, 9.34968469E-001, 2.28994961E-001, 8.00133945E-001, 9.00000000E-001, 9.28072798E-003
 1.01400000E+001, 9.06554803E-001, 2.70891971E-001, 6.63255591E-001, 8.60000000E-001, 8.65208153E-003
 1.01800000E+001, 8.78234075E-001, 3.05588835E-001, 5.83952326E-001, 8.20000000E-001, 8.31448855E-003
 1.02200000E+001, 8.50107924E-001, 3.37218766E-001, 5.29868342E-001, 7.80000000E-001, 7.86799115E-003
 1.02600000E+001, 8.21670479E-001, 3.67965599E-001, 4.88011736E-001, 7.40000000E-001, 7.10777117E-003
 1.03000000E+001, 7.92489617E-001, 3.98798119E-001, 4.53417223E-001, 7.00000000E-001, 6.11790926E-003
 1.03400000E+001, 7.62980518E-001, 4.29520576E-001, 4.24141940E-001, 6.60000000E-001, 5.08076645E-003
 1.03800000E+001, 7.33823642E-001, 4.59601004E-001, 3.99109554E-001, 6.20000000E-001, 4.23399202E-003
 1.04200000E+001, 7.04935900E-001, 4.89246336E-001, 3.77144028E-001, 5.80000000E-001, 3.57323820E-003
 1.04600000E+001, 6.72703086E-001, 5.22201012E-001, 3.55264553E-001, 5.40000000E-001, 2.98696737E-003
 1.05000000E+001, 6.33471476E-001, 5.62172130E-001, 3.31713924E-001, 5.00000000E-001, 2.43160098E-003
 1.05400000E+001, 5.88565173E-001, 6.07776071E-001, 3.08263244E-001, 4.60000000E-001, 1.95162904E-003
 1.05800000E+001, 5.41056646E-001, 6.55879804E-001, 2.86834522E-001, 4.20000000E-001, 1.57238466E-003
 1.06200000E+001, 4.92936488E-001, 7.04486060E-001, 2.68012199E-001, 3.80000000E-001, 1.28279107E-003
 1.06600000E+001, 4.43297645E-001, 7.54535822E-001, 2.51054868E-001, 3.40000000E-001, 1.05442761E-003
 1.07000000E+001, 3.87147493E-001, 8.11082337E-001, 2.34333144E-001, 3.00000000E-001, 8.22821459E-004
 1.07400000E+001, 3.17568189E-001, 8.81057581E-001, 2.16537699E-001, 2.60000000E-001, 4.17553208E-004
 1.07800000E+001, 2.45598248E-001, 9.53321148E-001, 2.00851204E-001, 2.20000000E-001, 8.25308961E-005
 1.08200000E+001, 1.87824094E-001, 1.01126990E+000, 1.89870641E-001, 1.80000000E-001, 6.84156578E-006
 1.08600000E+001, 1.40127673E-001, 1.05909524E+000, 1.81689072E-001, 1.40000000E-001, 1.57824030E-009
 1.09000000E+001, 1.27124992E-001, 1.07209545E+000, 1.79751161E-001, 1.00000000E-001, 6.61987223E-005
 1.09400000E+001, 1.75105619E-001, 1.02394242E+000, 1.88358091E-001, 6.00000000E-002, 4.45401615E-004
 1.09800000E+001, 2.28713635E-001, 9.70123734E-001, 1.99021108E-001, 2.00000000E-002, 5.25392803E-004
 1.10200000E+001, 2.44522254E-001, 9.54224465E-001, 2.02688662E-001, 0.00000000E+000, 5.54962801E-004
 1.10600000E+001, 2.47515010E-001, 9.51188479E-001, 2.03729200E-001, 0.00000000E+000, 5.63550918E-004
 1.11000000E+001, 2.48021163E-001, 9.50650042E-001, 2.04242722E-001, 0.00000000E+000, 5.67823468E-004
 1.11400000E+001, 2.48093050E-001, 9.50547872E-001, 2.04663532E-001, 0.00000000E+000, 5.71341435E-004
 1.11800000E+001, 2.48097596E-001, 9.50513424E-001, 2.05069849E-001, 0.00000000E+000, 5.74752157E-004
 1.12200000E+001, 2.48092773E-001, 9.50488468E-001, 2.05474069E-001, 0.00000000E+000, 5.78158747E-004
 1.12600000E+001, 2.48086743E-001, 9.50464807E-001, 2.05877942E-001, 0.00000000E+000, 5.81575836E-004
 1.13000000E+001, 2.48080542E-001, 9.50441400E-001, 2.06281690E-001, 0.00000000E+000, 5.85005313E-004
 1.13400000E+001, 2.48074290E-001, 9.50418127E-001, 2.06685341E-001, 0.00000000E+000, 5.88447415E-004
 1.13800000E+001, 2.48068001E-001, 9.50394975E-001, 2.07088898E-001, 0.00000000E+000, 5.91902185E-004
 1.14200000E+001, 2.48061677E-001, 9.50371943E-001, 2.07492360E-001, 0.00000000E+000, 5.95369645E-004
 1.14600000E+001, 2.48055316E-001, 9.50349031E-001, 2.07895727E-001, 0.00000000E+000, 5.98849810E-004
 1.15000000E+001, 2.48048920E-001, 9.50326241E-001, 2.08299001E-001, 0.00000000E+000, 6.02342698E-004
 1.15400000E+001, 2.48042488E-001, 9.50303573E-001, 2.08702179E-001, 0.00000000E+000, 6.05848321E-004
 1.15800000E+001, 2.48036021E-001, 9.50281027E-001, 2.09105263E-001, 0.00000000E+000, 6.09366693E-004
 1.16200000E+001, 2.48029518E-001, 9.50258604E-001, 2.09508250E-001, 0.00000000E+000, 6.12897825E-004
 1.16600000E+001, 2.48022980E-001, 9.50236305E-001, 2.09911141E-001, 0.00000000E+000, 6.16441726E-004
 1.17000000E+001, 2.48016407E-001, 9.50214131E-001, 2.10313934E-001, 0.00000000E+000, 6.19998405E-004
 1.17400000E+001, 2.48009799E-001, 9.50192081E-001, 2.10716628E-001, 0.00000000E+000, 6.23567870E-004
 1.17800000E+001, 2.48003156E-001, 9.50170158E-001, 2.11119222E-001, 0.00000000E+000, 6.27150125E-004
 1.18200000E+001, 2.47996478E-001, 9.50148361E-001, 2.11521715E-001, 0.00000000E+000, 6.30745175E-004
 1.18600000E+001, 2.47989765E-001, 9.50126692E-001, 2.11924105E-001, 0.00000000E+000, 6.34353021E-004
 1.19000000E+001, 2.47983017E-001, 9.50105152E-001, 2.12326391E-001, 0.00000000E+000, 6.37973666E-004
 1.19400000E+001, 2.47976235E-001, 9.50083742E-001, 2.12728570E-001, 0.00000000E+000, 6.41607107E-004
 1.19800000E+001, 2.47969418E-001, 9.50062463E-001, 2.13130640E-001, 0.00000000E+000, 6.45253344E-004
 1.20200000E+001, 2.47962566E-001, 9.50041315E-001, 2.13532601E-001, 0.00000000E+000, 6.48912372E-004
 1.20600000E+001, 2.47955680E-001, 9.50020300E-001, 2.13934448E-001, 0.00000000E+000, 6.52584185E-004
 1.21000000E+001, 2.47948760E-001, 9.49999419E-001, 2.14336181E-001, 0.00000000E+000, 6.56268778E-004
 1.21400000E+001, 2.47941806E-001, 9.49978673E-001, 2.14737796E-001, 0.00000000E+000, 6.59966142E-004
 1.21800000E+001, 2.47934818E-001, 9.49958063E-001, 2.15139290E-001, 0.00000000E+000, 6.63676266E-004
 1.22200000E+001, 2.47927796E-001, 9.49937591E-001, 2.15540662E-001, 0.00000000E+000, 6.67399138E-004
 1.22600000E+001, 2.47920740E-001, 9.49917258E-001, 2.15941908E-001, 0.00000000E+000, 6.71134747E-004
 1.23000000E+001, 2.47913651E-001, 9.49897066E-001, 2.16343025E-001, 0.00000000E+000, 6.74883078E-004
 1.23400000E+001, 2.47906528E-001, 9.49877015E-001, 2.16744011E-001, 0.00000000E+000, 6.78644113E-004
 1.23800000E+001, 2.47899372E-001, 9.49857107E-001, 2.17144861E-001, 0.00000000E+000, 6.82417836E-004
 1.24200000E+001, 2.47892183E-001, 9.49837343E-001, 2.17545573E-001, 0.00000000E+000, 6.86204229E-004
 1.24600000E+001, 2.47884962E-001, 9.49817726E-001, 2.17946142E-001, 0.00000000E+000, 6.90003269E-004
 1.25000000E+001, 2.47877708E-001, 9.49798256E-001, 2.18346567E-001, 0.00000000E+000, 6.93814936E-004
 1.25400000E+001, 2.47870421E-001, 9.49778936E-001, 2.18746843E-001, 0.00000000E+000, 6.97639206E-004
 1.25800000E+001, 2.47863102E-001, 9.49759766E-001, 2.19146966E-001, 0.00000000E+000, 7.01476055E-004
 1.26200000E+001, 2.47855752E-001, 9.49740749E-001, 2.19546932E-001, 0.00000000E+000, 7.05325456E-004
 1.26600000E+001, 2.47848370E-001, 9.49721887E-001, 2.19946739E-001, 0.00000000E+000, 7.09187381E-004
 1.27000000E+001, 2.47840956E-001, 9.49703180E-001, 2.20346381E-001, 0.00000000E+000, 7.13061802E-004
 1.27400000E+001, 2.47833512E-001, 9.49684632E-001, 2.20745854E-001, 0.00000000E+000, 7.16948686E-004
 1.27800000E+001, 2.47826036E-001, 9.49666243E-001, 2.21145155E-001, 0.00000000E+000, 7.20848002E-004
 1.28200000E+001, 2.47818530E-001, 9.49648016E-001, 2.21544279E-001, 0.00000000E+000, 7.24759714E-004
 1.28600000E+001, 2.47810994E-001, 9.49629953E-001, 2.21943222E-001, 0.00000000E+000, 7.28683788E-004
 1.29000000E+001, 2.47803428E-001, 9.49612055E-001, 2.22341980E-001, 0.00000000E+000, 7.32620185E-004
 1.29400000E+001, 2.47795831E-001, 9.49594325E-001, 2.22740547E-001, 0.00000000E+000, 7.36568867E-004
 1.29800000E+001, 2.47788206E-001, 9.49576765E-001, 2.23138919E-001, 0.00000000E+000, 7.40529791E-004
 1.30200000E+001, 2.47780551E-001, 9.49559376E-001, 2.23537091E-001, 0.00000000E+000, 7.44502917E-004
 1.30600000E+001, 2.47772867E-001, 9.49542162E-001, 2.23935059E-001, 0.00000000E+000, 7.48488200E-004
 1.31000000E+001, 2.47765155E-001, 9.49525123E-001, 2.24332817E-001, 0.00000000E+000, 7.52485597E-004
 1.31400000E+001, 2.47757414E-001, 9.49508262E-001, 2.24730361E-001, 0.00000000E+000, 7.56495060E-004
 1.31800000E+001, 2.47749646E-001, 9.49491582E-001, 2.25127687E-001, 0.00000000E+000, 7.60516545E-004
 1.32200000E+001, 2.47741849E-001, 9.49475084E-001, 2.25524788E-001, 0.00000000E+000, 7.64550003E-004
 1.32600000E+001, 2.47734026E-001, 9.49458771E-001, 2.25921661E-001, 0.00000000E+000, 7.68595388E-004
 1.33000000E+001, 2.47726175E-001, 9.49442645E-001, 2.26318300E-001, 0.00000000E+000, 7.72652653E-004
 1.33400000E+001, 2.47718298E-001, 9.49426709E-001, 2.26714701E-001, 0.00000000E+000, 7.76721748E-004
 1.33800000E+001, 2.47710395E-001, 9.49410965E-001, 2.27110859E-001, 0.00000000E+000, 7.80802628E-004
 1.34200000E+001, 2.47702465E-001, 9.49395414E-001, 2.27506770E-001, 0.00000000E+000, 7.84895243E-004
 1.34600000E+001, 2.47694511E-001, 9.49380060E-001, 2.27902429E-001, 0.00000000E+000, 7.88999548E-004
 1.35000000E+001, 2.47686531E-001, 9.49364906E-001, 2.28297832E-001, 0.00000000E+000, 7.93115493E-004
 1.35400000E+001, 2.47678528E-001, 9.49349952E-001, 2.28692974E-001, 0.00000000E+000, 7.97243034E-004
 1.35800000E+001, 2.47670500E-001, 9.49335202E-001, 2.29087852E-001, 0.00000000E+000, 8.01382122E-004
 1.36200000E+001, 2.47662449E-001, 9.49320659E-001, 2.29482461E-001, 0.00000000E+000, 8.05532710E-004
 1.36600000E+001, 2.47654375E-001, 9.49306324E-001, 2.29876798E-001, 0.00000000E+000, 8.09694751E-004
 1.37000000E+001, 2.47646278E-001, 9.49292201E-001, 2.30270857E-001, 0.00000000E+000, 8.13868199E-004
 1.37400000E+001, 2.47638160E-001, 9.49278291E-001, 2.30664636E-001, 0.00000000E+000, 8.18053005E-004
 1.37800000E+001, 2.47630020E-001, 9.49264598E-001, 2.31058130E-001, 0.00000000E+000, 8.22249121E-004
 1.38200000E+001, 2.47621858E-001, 9.49251123E-001, 2.31451336E-001, 0.00000000E+000, 8.26456499E-004
 1.38600000E+001, 2.47613676E-001, 9.49237871E-001, 2.31844249E-001, 0.00000000E+000, 8.30675091E-004
 1.39000000E+001, 2.47605472E-001, 9.49224843E-001, 2.32236865E-001, 0.00000000E+000, 8.34904846E-004
 1.39400000E+001, 2.47597247E-001, 9.49212042E-001, 2.32629181E-001, 0.00000000E+000, 8.39145716E-004
 1.39800000E+001, 2.47589000E-001, 9.49199472E-001, 2.33021194E-001, 0.00000000E+000, 8.43397651E-004
 1.40200000E+001, 2.47580731E-001, 9.49187137E-001, 2.33412898E-001, 0.00000000E+000, 8.47660601E-004
 1.40600000E+001, 2.47572440E-001, 9.49175038E-001, 2.33804292E-001, 0.00000000E+000, 8.51934518E-004
 1.41000000E+001, 2.47564126E-001, 9.49163181E-001, 2.34195370E-001, 0.00000000E+000, 8.56219352E-004
 1.41400000E+001, 2.47555787E-001, 9.49151569E-001, 2.34586130E-001, 0.00000000E+000, 8.60515057E-004
 1.41800000E+001, 2.47547424E-001, 9.49140204E-001, 2.34976569E-001, 0.00000000E+000, 8.64821586E-004
 1.42200000E+001, 2.47539034E-001, 9.49129092E-001, 2.35366684E-001, 0.00000000E+000, 8.69138895E-004
 1.42600000E+001, 2.47530618E-001, 9.49118235E-001, 2.35756471E-001, 0.00000000E+000, 8.73466941E-004
 1.43000000E+001, 2.47522175E-001, 9.49107638E-001, 2.36145929E-001, 0.00000000E+000, 8.77805684E-004
 1.43400000E+001, 2.47513704E-001, 9.49097303E-001, 2.36535054E-001, 0.00000000E+000, 8.82155086E-004
 1.43800000E+001, 2.47505204E-001, 9.49087233E-001, 2.36923846E-001, 0.00000000E+000, 8.86515111E-004
 1.44200000E+001, 2.47496676E-001, 9.49077433E-001, 2.37312302E-001, 0.00000000E+000, 8.90885729E-004
 1.44600000E+001, 2.47488119E-001, 9.49067903E-001, 2.37700421E-001, 0.00000000E+000, 8.95266909E-004
 1.45000000E+001, 2.47479534E-001, 9.49058647E-001, 2.38088202E-001, 0.00000000E+000, 8.99658625E-004
 1.45400000E+001, 2.47470921E-001, 9.49049666E-001, 2.38475644E-001, 0.00000000E+000, 9.04060855E-004
 1.45800000E+001, 2.47462281E-001, 9.49040964E-001, 2.38862747E-001, 0.00000000E+000, 9.08473579E-004
 1.46200000E+001, 2.47453615E-001, 9.49032541E-001, 2.39249510E-001, 0.00000000E+000, 9.12896780E-004
 1.46600000E+001, 2.47444924E-001, 9.49024399E-001, 2.39635934E-001, 0.00000000E+000, 9.17330444E-004
 1.47000000E+001, 2.47436209E-001, 9.49016539E-001, 2.40022018E-001, 0.00000000E+000, 9.21774560E-004
 1.47400000E+001, 2.47427470E-001, 9.49008964E-001, 2.40407764E-001, 0.00000000E+000, 9.26229120E-004
 1.47800000E+001, 2.47418709E-001, 9.49001675E-001, 2.40793172E-001, 0.00000000E+000, 9.30694118E-004
 1.48200000E+001, 2.47409926E-001, 9.48994672E-001, 2.41178244E-001, 0.00000000E+000, 9.35169553E-004
 1.48600000E+001, 2.47401123E-001, 9.48987959E-001, 2.41562979E-001, 0.00000000E+000, 9.39655424E-004
 1.49000000E+001, 2.47392300E-001, 9.48981536E-001, 2.41947381E-001, 0.00000000E+000, 9.44151733E-004
 1.49400000E+001, 2.47383458E-001, 9.48975405E-001, 2.42331451E-001, 0.00000000E+000, 9.48658486E-004
 1.49800000E+001, 2.47374596E-001, 9.48969567E-001, 2.42715190E-001, 0.00000000E+000, 9.53175692E-004
 1.50200000E+001, 2.47365717E-001, 9.48964026E-001, 2.43098601E-001, 0.00000000E+000, 9.57703361E-004
 1.50600000E+001, 2.47356818E-001, 9.48958781E-001, 2.43481686E-001, 0.00000000E+000, 9.62241507E-004
 1.51000000E+001, 2.47347902E-001, 9.48953837E-001, 2.43864448E-001, 0.00000000E+000, 9.66790148E-004
 1.51400000E+001, 2.47338968E-001, 9.48949193E-001, 2.44246890E-001, 0.00000000E+000, 9.71349304E-004
 1.51800000E+001, 2.47330016E-001, 9.48944852E-001, 2.44629015E-001, 0.00000000E+000, 9.75918998E-004
 1.52200000E+001, 2.47321048E-001, 9.48940815E-001, 2.45010827E-001, 0.00000000E+000, 9.80499259E-004
 1.52600000E+001, 2.47312062E-001, 9.48937084E-001, 2.45392328E-001, 0.00000000E+000, 9.85090117E-004
 1.53000000E+001, 2.47303059E-001, 9.48933660E-001, 2.45773523E-001, 0.00000000E+000, 9.89691607E-004
 1.53400000E+001, 2.47294041E-001, 9.48930544E-001, 2.46154417E-001, 0.00000000E+000, 9.94303768E-004
 1.53800000E+001, 2.47285007E-001, 9.48927738E-001, 2.46535013E-001, 0.00000000E+000, 9.98926641E-004
 1.54200000E+001, 2.47275957E-001, 9.48925243E-001, 2.46915317E-001, 0.00000000E+000, 1.00356027E-003
 1.54600000E+001, 2.47266894E-001, 9.48923058E-001, 2.47295333E-001, 0.00000000E+000, 1.00820471E-003
 1.55000000E+001, 2.47257817E-001, 9.48921186E-001, 2.47675067E-001, 0.00000000E+000, 1.01286002E-003
 1.55400000E+001, 2.47248727E-001, 9.48919626E-001, 2.48054524E-001, 0.00000000E+000, 1.01752624E-003
 1.55800000E+001, 2.47239625E-001, 9.48918379E-001, 2.48433710E-001, 0.00000000E+000, 1.02220344E-003
 1.56200000E+001, 2.47230511E-001, 9.48917445E-001, 2.48812632E-001, 0.00000000E+000, 1.02689170E-003
 1.56600000E+001, 2.47221386E-001, 9.48916826E-001, 2.49191295E-001, 0.00000000E+000, 1.03159106E-003
 1.57000000E+001, 2.47212252E-001, 9.48916520E-001, 2.49569706E-001, 0.00000000E+000, 1.03630162E-003
 1.57400000E+001, 2.47203107E-001, 9.48916529E-001, 2.49947871E-001, 0.00000000E+000, 1.04102344E-003
 1.57800000E+001, 2.47193954E-001, 9.48916854E-001, 2.50325798E-001, 0.00000000E+000, 1.04575660E-003
 1.58200000E+001, 2.47184792E-001, 9.48917493E-001, 2.50703494E-001, 0.00000000E+000, 1.05050119E-003
 1.58600000E+001, 2.47175623E-001, 9.48918447E-001, 2.51080965E-001, 0.00000000E+000, 1.05525730E-003
 1.59000000E+001, 2.47166445E-001, 9.48919717E-001, 2.51458221E-001, 0.00000000E+000, 1.06002502E-003
 1.59400000E+001, 2.47157260E-001, 9.48921303E-001, 2.51835268E-001, 0.00000000E+000, 1.06480443E-003
 1.59800000E+001, 2.47148069E-001, 9.48923205E-001, 2.52212114E-001, 0.00000000E+000, 1.06959565E-003
 1.60200000E+001, 2.47138870E-001, 9.48925422E-001, 2.52588768E-001, 0.00000000E+000, 1.07439877E-003
 1.60600000E+001, 2.47129666E-001, 9.48927955E-001, 2.52965239E-001, 0.00000000E+000, 1.07921390E-003
 1.61000000E+001, 2.47120455E-001, 9.48930803E-001, 2.53341534E-001, 0.00000000E+000, 1.08404115E-003
 1.61400000E+001, 2.47111238E-001, 9.48933967E-001, 2.53717663E-001, 0.00000000E+000, 1.08888064E-003
 1.61800000E+001, 2.47102016E-001, 9.48937447E-001, 2.54093634E-001, 0.00000000E+000, 1.09373248E-003
 1.62200000E+001, 2.47092788E-001, 9.48941241E-001, 2.54469458E-001, 0.00000000E+000, 1.09859679E-003
 1.62600000E+001, 2.47083555E-001, 9.48945350E-001, 2.54845142E-001, 0.00000000E+000, 1.10347370E-003
 1.63000000E+001, 2.47074316E-001, 9.48949773E-001, 2.55220698E-001, 0.00000000E+000, 1.10836333E-003
 1.63400000E+001, 2.47065073E-001, 9.48954509E-001, 2.55596135E-001, 0.00000000E+000, 1.11326584E-003
 1.63800000E+001, 2.47055824E-001, 9.48959558E-001, 2.55971462E-001, 0.00000000E+000, 1.11818133E-003
 1.64200000E+001, 2.47046571E-001, 9.48964920E-001, 2.56346690E-001, 0.00000000E+000, 1.12310997E-003
 1.64600000E+001, 2.47037312E-001, 9.48970593E-001, 2.56721829E-001, 0.00000000E+000, 1.12805190E-003
 1.65000000E+001, 2.47028049E-001, 9.48976576E-001, 2.57096890E-001, 0.00000000E+000, 1.13300725E-003
 1.65400000E+001, 2.47018781E-001, 9.48982870E-001, 2.57471883E-001, 0.00000000E+000, 1.13797619E-003
 1.65800000E+001, 2.47009508E-001, 9.48989471E-001, 2.57846819E-001, 0.00000000E+000, 1.14295887E-003
 1.66200000E+001, 2.47000231E-001, 9.48996381E-001, 2.58221709E-001, 0.00000000E+000, 1.14795544E-003
 1.66600000E+001, 2.46990948E-001, 9.49003597E-001, 2.58596565E-001, 0.00000000E+000, 1.15296608E-003
 1.67000000E+001, 2.46981660E-001, 9.49011118E-001, 2.58971396E-001, 0.00000000E+000, 1.15799094E-003
 1.67400000E+001, 2.46972368E-001, 9.49018943E-001, 2.59346216E-001, 0.00000000E+000, 1.16303020E-003
 1.67800000E+001, 2.46963069E-001, 9.49027071E-001, 2.59721034E-001, 0.00000000E+000, 1.16808404E-003
 1.68200000E+001, 2.46953766E-001, 9.49035499E-001, 2.60095863E-001, 0.00000000E+000, 1.17315261E-003
 1.68600000E+001, 2.46944456E-001, 9.49044228E-001, 2.60470715E-001, 0.00000000E+000, 1.17823612E-003
 1.69000000E+001, 2.46935141E-001, 9.49053254E-001, 2.60845601E-001, 0.00000000E+000, 1.18333473E-003
 1.69400000E+001, 2.46925820E-001, 9.49062577E-001, 2.61220533E-001, 0.00000000E+000, 1.18844864E-003
 1.69800000E+001, 2.46916492E-001, 9.49072194E-001, 2.61595524E-001, 0.00000000E+000, 1.19357804E-003
 1.70200000E+001, 2.46907157E-001, 9.49082104E-001, 2.61970584E-001, 0.00000000E+000, 1.19872312E-003
 1.70600000E+001, 2.46897815E-001, 9.49092305E-001, 2.62345728E-001, 0.00000000E+000, 1.20388407E-003
 1.71000000E+001, 2.46888465E-001, 9.49102795E-001, 2.62720967E-001, 0.00000000E+000, 1.20906110E-003
 1.71400000E+001, 2.46879108E-001, 9.49113572E-001, 2.63096313E-001, 0.00000000E+000, 1.21425441E-003
 1.71800000E+001, 2.46869742E-001, 9.49124634E-001, 2.63471778E-001, 0.00000000E+000, 1.21946420E-003
 1.72200000E+001, 2.46860367E-001, 9.49135978E-001, 2.63847377E-001, 0.00000000E+000, 1.22469068E-003
 1.72600000E+001, 2.46850984E-001, 9.49147602E-001, 2.64223120E-001, 0.00000000E+000, 1.22993406E-003
 1.73000000E+001, 2.46841590E-001, 9.49159505E-001, 2.64599021E-001, 0.00000000E+000, 1.23519457E-003
 1.73400000E+001, 2.46832187E-001, 9.49171683E-001, 2.64975092E-001, 0.00000000E+000, 1.24047240E-003
 1.73800000E+001, 2.46822772E-001, 9.49184134E-001, 2.65351346E-001, 0.00000000E+000, 1.24576779E-003
 1.74200000E+001, 2.46813347E-001, 9.49196855E-001, 2.65727796E-001, 0.00000000E+000, 1.25108096E-003
 1.74600000E+001, 2.46803909E-001, 9.49209844E-001, 2.66104455E-001, 0.00000000E+000, 1.25641213E-003
 1.75000000E+001, 2.46794460E-001, 9.49223098E-001, 2.66481336E-001, 0.00000000E+000, 1.26176153E-003
 1.75400000E+001, 2.46784997E-001, 9.49236614E-001, 2.66858451E-001, 0.00000000E+000, 1.26712939E-003
 1.75800000E+001, 2.46775521E-001, 9.49250389E-001, 2.67235813E-001, 0.00000000E+000, 1.27251594E-003
 1.76200000E+001, 2.46766032E-001, 9.49264421E-001, 2.67613436E-001, 0.00000000E+000, 1.27792142E-003
 1.76600000E+001, 2.46756527E-001, 9.49278705E-001, 2.67991332E-001, 0.00000000E+000, 1.28334606E-003
 1.77000000E+001, 2.46747007E-001, 9.49293239E-001, 2.68369514E-001, 0.00000000E+000, 1.28879010E-003
 1.77400000E+001, 2.46737472E-001, 9.49308020E-001, 2.68747995E-001, 0.00000000E+000, 1.29425379E-003
 1.77800000E+001, 2.46727920E-001, 9.49323044E-001, 2.69126788E-001, 0.00000000E+000, 1.29973737E-003
 1.78200000E+001, 2.46718351E-001, 9.49338308E-001, 2.69505906E-001, 0.00000000E+000, 1.30524108E-003
 1.78600000E+001, 2.46708764E-001, 9.49353808E-001, 2.69885362E-001, 0.00000000E+000, 1.31076518E-003
 1.79000000E+001, 2.46699159E-001, 9.49369541E-001, 2.70265169E-001, 0.00000000E+000, 1.31630990E-003
 1.79400000E+001, 2.46689535E-001, 9.49385503E-001, 2.70645339E-001, 0.00000000E+000, 1.32187551E-003
 1.79800000E+001, 2.46679892E-001, 9.49401691E-001, 2.71025885E-001, 0.00000000E+000, 1.32746226E-003
 1.80200000E+001, 2.46670228E-001, 9.49418100E-001, 2.71406820E-001, 0.00000000E+000, 1.33307040E-003
 1.80600000E+001, 2.46660543E-001, 9.49434726E-001, 2.71788157E-001, 0.00000000E+000, 1.33870018E-003
 1.81000000E+001, 2.46650837E-001, 9.49451567E-001, 2.72169909E-001, 0.00000000E+000, 1.34435188E-003
 1.81400000E+001, 2.46641109E-001, 9.49468617E-001, 2.72552087E-001, 0.00000000E+000, 1.35002573E-003
 1.81800000E+001, 2.46631357E-001, 9.49485873E-001, 2.72934705E-001, 0.00000000E+000, 1.35572202E-003
 1.82200000E+001, 2.46621582E-001, 9.49503330E-001, 2.73317775E-001, 0.00000000E+000, 1.36144100E-003
 1.82600000E+001, 2.46611783E-001, 9.49520984E-001, 2.73701309E-001, 0.00000000E+000, 1.36718292E-003
 1.83000000E+001, 2.46601960E-001, 9.49538832E-001, 2.74085321E-001, 0.00000000E+000, 1.37294807E-003
 1.83400000E+001, 2.46592110E-001, 9.49556867E-001, 2.74469821E-001, 0.00000000E+000, 1.37873670E-003
 1.83800000E+001, 2.46582235E-001, 9.49575087E-001, 2.74854823E-001, 0.00000000E+000, 1.38454909E-003
 1.84200000E+001, 2.46572333E-001, 9.49593486E-001, 2.75240338E-001, 0.00000000E+000, 1.39038549E-003
 1.84600000E+001, 2.46562403E-001, 9.49612060E-001, 2.75626378E-001, 0.00000000E+000, 1.39624618E-003
 1.85000000E+001, 2.46552445E-001, 9.49630805E-001, 2.76012955E-001, 0.00000000E+000, 1.40213144E-003
 1.85400000E+001, 2.46542458E-001, 9.49649715E-001, 2.76400082E-001, 0.00000000E+000, 1.40804152E-003
 1.85800000E+001, 2.46532442E-001, 9.49668786E-001, 2.76787770E-001, 0.00000000E+000, 1.41397671E-003
 1.86200000E+001, 2.46522396E-001, 9.49688013E-001, 2.77176029E-001, 0.00000000E+000, 1.41993727E-003
 1.86600000E+001, 2.46512319E-001, 9.49707392E-001, 2.77564873E-001, 0.00000000E+000, 1.42592348E-003
 1.87000000E+001, 2.46502211E-001, 9.49726916E-001, 2.77954312E-001, 0.00000000E+000, 1.43193561E-003
 1.87400000E+001, 2.46492071E-001, 9.49746582E-001, 2.78344358E-001, 0.00000000E+000, 1.43797393E-003
 1.87800000E+001, 2.46481898E-001, 9.49766385E-001, 2.78735021E-001, 0.00000000E+000, 1.44403873E-003
 1.88200000E+001, 2.46471691E-001, 9.49786318E-001, 2.79126312E-001, 0.00000000E+000, 1.45013026E-003
 1.88600000E+001, 2.46461451E-001, 9.49806378E-001, 2.79518243E-001, 0.00000000E+000, 1.45624882E-003
 1.89000000E+001, 2.46451175E-001, 9.49826559E-001, 2.79910825E-001, 0.00000000E+000, 1.46239466E-003
 1.89400000E+001, 2.46440865E-001, 9.49846857E-001, 2.80304066E-001, 0.00000000E+000, 1.46856807E-003
 1.89800000E+001, 2.46430518E-001, 9.49867265E-001, 2.80697979E-001, 0.00000000E+000, 1.47476932E-003
 1.90200000E+001, 2.46420135E-001, 9.49887778E-001, 2.81092573E-001, 0.00000000E+000, 1.48099868E-003
 1.90600000E+001, 2.46409714E-001, 9.49908392E-001, 2.81487859E-001, 0.00000000E+000, 1.48725644E-003
 1.91000000E+001, 2.46399255E-001, 9.49929101E-001, 2.81883845E-001, 0.00000000E+000, 1.49354285E-003
 1.91400000E+001, 2.46388758E-001, 9.49949899E-001, 2.82280543E-001, 0.00000000E+000, 1.49985820E-003
 1.91800000E+001, 2.46378221E-001, 9.49970782E-001, 2.82677961E-001, 0.00000000E+000, 1.50620275E-003
 1.92200000E+001, 2.46367644E-001, 9.49991743E-001, 2.83076109E-001, 0.00000000E+000, 1.51257678E-003
 1.92600000E+001, 2.46357027E-001, 9.50012778E-001, 2.83474997E-001, 0.00000000E+000, 1.51898056E-003
 1.93000000E+001, 2.46346369E-001, 9.50033881E-001, 2.83874633E-001, 0.00000000E+000, 1.52541436E-003
 1.93400000E+001, 2.46335670E-001, 9.50055046E-001, 2.84275025E-001, 0.00000000E+000, 1.53187846E-003
 1.93800000E+001, 2.46324928E-001, 9.50076267E-001, 2.84676184E-001, 0.00000000E+000, 1.53837311E-003
 1.94200000E+001, 2.46314144E-001, 9.50097540E-001, 2.85078117E-001, 0.00000000E+000, 1.54489858E-003
 1.94600000E+001, 2.46303317E-001, 9.50118858E-001, 2.85480833E-001, 0.00000000E+000, 1.55145515E-003
 1.95000000E+001, 2.46292447E-001, 9.50140216E-001, 2.85884339E-001, 0.00000000E+000, 1.55804307E-003
 1.95400000E+001, 2.46281533E-001, 9.50161608E-001, 2.86288644E-001, 0.00000000E+000, 1.56466262E-003
 1.95800000E+001, 2.46270575E-001, 9.50183028E-001, 2.86693755E-001, 0.00000000E+000, 1.57131406E-003
 1.96200000E+001, 2.46259572E-001, 9.50204470E-001, 2.87099680E-001, 0.00000000E+000, 1.57799763E-003
 1.96600000E+001, 2.46248525E-001, 9.50225929E-001, 2.87506425E-001, 0.00000000E+000, 1.58471362E-003
 1.97000000E+001, 2.46237432E-001, 9.50247399E-001, 2.87913999E-001, 0.00000000E+000, 1.59146227E-003
 1.97400000E+001, 2.46226291E-001, 9.50268877E-001, 2.88322407E-001, 0.00000000E+000, 1.59824382E-003
 1.97800000E+001, 2.46215088E-001, 9.50290371E-001, 2.88731651E-001, 0.00000000E+000, 1.60505846E-003
 1.98200000E+001, 2.46203734E-001, 9.50311964E-001, 2.89141711E-001, 0.00000000E+000, 1.61190601E-003
 1.98600000E+001, 2.46191806E-001, 9.50334077E-001, 2.89552466E-001, 0.00000000E+000, 1.61878455E-003
 1.99000000E+001, 2.46177628E-001, 9.50358395E-001, 2.89963414E-001, 0.00000000E+000, 1.62568577E-003
 1.99400000E+001, 2.46155530E-001, 9.50390629E-001, 2.90372831E-001, 0.00000000E+000, 1.63258066E-003
 1.99800000E+001, 2.46502225E-001, 9.50050956E-001, 2.90895713E-001, 0.00000000E+000, 1.64141495E-003
