   100.00041942567533      ,         500
X,ZB,H,U,ZF,QS
 2.00000000E-002, 5.00092199E-001, 7.27076177E-001, 1.37793884E-001, 0.00000000E+000, 1.74420926E-004
 6.00000000E-002, 5.00082707E-001, 7.26997900E-001, 1.38380812E-001, 0.00000000E+000, 1.76659265E-004
 1.00000000E-001, 4.99949371E-001, 7.27116507E-001, 1.38907773E-001, 0.00000000E+000, 1.78685157E-004
 1.40000000E-001, 4.99953748E-001, 7.27091545E-001, 1.39476760E-001, 0.00000000E+000, 1.80889937E-004
 1.80000000E-001, 4.99912057E-001, 7.27119854E-001, 1.40060305E-001, 0.00000000E+000, 1.83169884E-004
 2.20000000E-001, 4.99864859E-001, 7.27153743E-001, 1.40615282E-001, 0.00000000E+000, 1.85355918E-004
 2.60000000E-001, 4.99818018E-001, 7.27187437E-001, 1.41166985E-001, 0.00000000E+000, 1.87546220E-004
 3.00000000E-001, 4.99772624E-001, 7.27220496E-001, 1.41718337E-001, 0.00000000E+000, 1.89752299E-004
 3.40000000E-001, 4.99727292E-001, 7.27253430E-001, 1.42265889E-001, 0.00000000E+000, 1.91960227E-004
 3.80000000E-001, 4.99684019E-001, 7.27284971E-001, 1.42812740E-001, 0.00000000E+000, 1.94182353E-004
 4.20000000E-001, 4.99640086E-001, 7.27317101E-001, 1.43355913E-001, 0.00000000E+000, 1.96406442E-004
 4.60000000E-001, 4.99597772E-001, 7.27348323E-001, 1.43898441E-001, 0.00000000E+000, 1.98644770E-004
 5.00000000E-001, 4.99554797E-001, 7.27380125E-001, 1.44437695E-001, 0.00000000E+000, 2.00886379E-004
 5.40000000E-001, 4.99513920E-001, 7.27410468E-001, 1.44976913E-001, 0.00000000E+000, 2.03144644E-004
 5.80000000E-001, 4.99471904E-001, 7.27441936E-001, 1.45513479E-001, 0.00000000E+000, 2.05408541E-004
 6.20000000E-001, 4.99432277E-001, 7.27471564E-001, 1.46050191E-001, 0.00000000E+000, 2.07689814E-004
 6.60000000E-001, 4.99391303E-001, 7.27502522E-001, 1.46584694E-001, 0.00000000E+000, 2.09978422E-004
 7.00000000E-001, 4.99352683E-001, 7.27531495E-001, 1.47119640E-001, 0.00000000E+000, 2.12285696E-004
 7.40000000E-001, 4.99312642E-001, 7.27562022E-001, 1.47652796E-001, 0.00000000E+000, 2.14602015E-004
 7.80000000E-001, 4.99275268E-001, 7.27590197E-001, 1.48186793E-001, 0.00000000E+000, 2.16938810E-004
 8.20000000E-001, 4.99236186E-001, 7.27620245E-001, 1.48719398E-001, 0.00000000E+000, 2.19286345E-004
 8.60000000E-001, 4.99199907E-001, 7.27647602E-001, 1.49253293E-001, 0.00000000E+000, 2.21656497E-004
 9.00000000E-001, 4.99161802E-001, 7.27677144E-001, 1.49786296E-001, 0.00000000E+000, 2.24039681E-004
 9.40000000E-001, 4.99126491E-001, 7.27703973E-001, 1.50321213E-001, 0.00000000E+000, 2.26448531E-004
 9.80000000E-001, 4.99089214E-001, 7.27733276E-001, 1.50855132E-001, 0.00000000E+000, 2.28870034E-004
 1.02000000E+000, 4.99055033E-001, 7.27759582E-001, 1.51391682E-001, 0.00000000E+000, 2.31320813E-004
 1.06000000E+000, 4.99018671E-001, 7.27788728E-001, 1.51927031E-001, 0.00000000E+000, 2.33783483E-004
 1.10000000E+000, 4.98985186E-001, 7.27815213E-001, 1.52465407E-001, 0.00000000E+000, 2.36277637E-004
 1.14000000E+000, 4.98949582E-001, 7.27844588E-001, 1.53002120E-001, 0.00000000E+000, 2.38781688E-004
 1.18000000E+000, 4.98917115E-001, 7.27871200E-001, 1.53542396E-001, 0.00000000E+000, 2.41320171E-004
 1.22000000E+000, 4.98882398E-001, 7.27900976E-001, 1.54079965E-001, 0.00000000E+000, 2.43863721E-004
 1.26000000E+000, 4.98850316E-001, 7.27928833E-001, 1.54621458E-001, 0.00000000E+000, 2.46443852E-004
 1.30000000E+000, 4.98816078E-001, 7.27959854E-001, 1.55159398E-001, 0.00000000E+000, 2.49025016E-004
 1.34000000E+000, 4.98785786E-001, 7.27987787E-001, 1.55701621E-001, 0.00000000E+000, 2.51644896E-004
 1.38000000E+000, 4.98752916E-001, 7.28019364E-001, 1.56239542E-001, 0.00000000E+000, 2.54262077E-004
 1.42000000E+000, 4.98720966E-001, 7.28051382E-001, 1.56780361E-001, 0.00000000E+000, 2.56911589E-004
 1.46000000E+000, 4.98687834E-001, 7.28085821E-001, 1.57316994E-001, 0.00000000E+000, 2.59558750E-004
 1.50000000E+000, 4.98660660E-001, 7.28115405E-001, 1.57858406E-001, 0.00000000E+000, 2.62247836E-004
 1.54000000E+000, 4.98629109E-001, 7.28150749E-001, 1.58394771E-001, 0.00000000E+000, 2.64930095E-004
 1.58000000E+000, 4.98597873E-001, 7.28187716E-001, 1.58930170E-001, 0.00000000E+000, 2.67625696E-004
 1.62000000E+000, 4.98566329E-001, 7.28226169E-001, 1.59462227E-001, 0.00000000E+000, 2.70322527E-004
 1.66000000E+000, 4.98540645E-001, 7.28260236E-001, 1.59999214E-001, 0.00000000E+000, 2.73062656E-004
 1.70000000E+000, 4.98510407E-001, 7.28299909E-001, 1.60529747E-001, 0.00000000E+000, 2.75787985E-004
 1.74000000E+000, 4.98481462E-001, 7.28340096E-001, 1.61062481E-001, 0.00000000E+000, 2.78542805E-004
 1.78000000E+000, 4.98452261E-001, 7.28381470E-001, 1.61590125E-001, 0.00000000E+000, 2.81289312E-004
 1.82000000E+000, 4.98425932E-001, 7.28421482E-001, 1.62121323E-001, 0.00000000E+000, 2.84072515E-004
 1.86000000E+000, 4.98397427E-001, 7.28464443E-001, 1.62646433E-001, 0.00000000E+000, 2.86841797E-004
 1.90000000E+000, 4.98371353E-001, 7.28506387E-001, 1.63174177E-001, 0.00000000E+000, 2.89643038E-004
 1.94000000E+000, 4.98343802E-001, 7.28550322E-001, 1.63697097E-001, 0.00000000E+000, 2.92436584E-004
 1.98000000E+000, 4.98318341E-001, 7.28593084E-001, 1.64221792E-001, 0.00000000E+000, 2.95257640E-004
 2.02000000E+000, 4.98291406E-001, 7.28637772E-001, 1.64743176E-001, 0.00000000E+000, 2.98078851E-004
 2.06000000E+000, 4.98267445E-001, 7.28680120E-001, 1.65264294E-001, 0.00000000E+000, 3.00916501E-004
 2.10000000E+000, 4.98241443E-001, 7.28724396E-001, 1.65781774E-001, 0.00000000E+000, 3.03752077E-004
 2.14000000E+000, 4.98217289E-001, 7.28767017E-001, 1.66297042E-001, 0.00000000E+000, 3.06593160E-004
 2.18000000E+000, 4.98191808E-001, 7.28810840E-001, 1.66809533E-001, 0.00000000E+000, 3.09436440E-004
 2.22000000E+000, 4.98169955E-001, 7.28850978E-001, 1.67320502E-001, 0.00000000E+000, 3.12288733E-004
 2.26000000E+000, 4.98145500E-001, 7.28893605E-001, 1.67829543E-001, 0.00000000E+000, 3.15147660E-004
 2.30000000E+000, 4.98122544E-001, 7.28934571E-001, 1.68336446E-001, 0.00000000E+000, 3.18011863E-004
 2.34000000E+000, 4.98098423E-001, 7.28976647E-001, 1.68841298E-001, 0.00000000E+000, 3.20881673E-004
 2.38000000E+000, 4.98078672E-001, 7.29014359E-001, 1.69344790E-001, 0.00000000E+000, 3.23760902E-004
 2.42000000E+000, 4.98055576E-001, 7.29055242E-001, 1.69845336E-001, 0.00000000E+000, 3.26640291E-004
 2.46000000E+000, 4.98033393E-001, 7.29095266E-001, 1.70343373E-001, 0.00000000E+000, 3.29522149E-004
 2.50000000E+000, 4.98010230E-001, 7.29136215E-001, 1.70838516E-001, 0.00000000E+000, 3.32404033E-004
 2.54000000E+000, 4.97992816E-001, 7.29171588E-001, 1.71332132E-001, 0.00000000E+000, 3.35293703E-004
 2.58000000E+000, 4.97970727E-001, 7.29211452E-001, 1.71821099E-001, 0.00000000E+000, 3.38172609E-004
 2.62000000E+000, 4.97949506E-001, 7.29250913E-001, 1.72306984E-001, 0.00000000E+000, 3.41049653E-004
 2.66000000E+000, 4.97927349E-001, 7.29291235E-001, 1.72788005E-001, 0.00000000E+000, 3.43913907E-004
 2.70000000E+000, 4.97911278E-001, 7.29325919E-001, 1.73267139E-001, 0.00000000E+000, 3.46782828E-004
 2.74000000E+000, 4.97890095E-001, 7.29365553E-001, 1.73740648E-001, 0.00000000E+000, 3.49633722E-004
 2.78000000E+000, 4.97869666E-001, 7.29404835E-001, 1.74210074E-001, 0.00000000E+000, 3.52475404E-004
 2.82000000E+000, 4.97848366E-001, 7.29445010E-001, 1.74674029E-001, 0.00000000E+000, 3.55299040E-004
 2.86000000E+000, 4.97833118E-001, 7.29479446E-001, 1.75135030E-001, 0.00000000E+000, 3.58119606E-004
 2.90000000E+000, 4.97812607E-001, 7.29519026E-001, 1.75590078E-001, 0.00000000E+000, 3.60918338E-004
 2.94000000E+000, 4.97793490E-001, 7.29557107E-001, 1.76039773E-001, 0.00000000E+000, 3.63698440E-004
 2.98000000E+000, 4.97773205E-001, 7.29596532E-001, 1.76485137E-001, 0.00000000E+000, 3.66465821E-004
 3.02000000E+000, 4.97757415E-001, 7.29630689E-001, 1.76924637E-001, 0.00000000E+000, 3.69210497E-004
 3.06000000E+000, 4.97737527E-001, 7.29669040E-001, 1.77359554E-001, 0.00000000E+000, 3.71940030E-004
 3.10000000E+000, 4.97719607E-001, 7.29704120E-001, 1.77785426E-001, 0.00000000E+000, 3.74625803E-004
 3.14000000E+000, 4.97699782E-001, 7.29741142E-001, 1.78206508E-001, 0.00000000E+000, 3.77294025E-004
 3.18000000E+000, 4.97684470E-001, 7.29771781E-001, 1.78617063E-001, 0.00000000E+000, 3.79907687E-004
 3.22000000E+000, 4.97664981E-001, 7.29806236E-001, 1.79023027E-001, 0.00000000E+000, 3.82503936E-004
 3.26000000E+000, 4.97647783E-001, 7.29835982E-001, 1.79417113E-001, 0.00000000E+000, 3.85035482E-004
 3.30000000E+000, 4.97628447E-001, 7.29867525E-001, 1.79808713E-001, 0.00000000E+000, 3.87562135E-004
 3.34000000E+000, 4.97612731E-001, 7.29893055E-001, 1.80190278E-001, 0.00000000E+000, 3.90034650E-004
 3.38000000E+000, 4.97593505E-001, 7.29921984E-001, 1.80569393E-001, 0.00000000E+000, 3.92501680E-004
 3.42000000E+000, 4.97577477E-001, 7.29945733E-001, 1.80939528E-001, 0.00000000E+000, 3.94920338E-004
 3.46000000E+000, 4.97558465E-001, 7.29972514E-001, 1.81307223E-001, 0.00000000E+000, 3.97332841E-004
 3.50000000E+000, 4.97543180E-001, 7.29993010E-001, 1.81664601E-001, 0.00000000E+000, 3.99687061E-004
 3.54000000E+000, 4.97524537E-001, 7.30016730E-001, 1.82020505E-001, 0.00000000E+000, 4.02040820E-004
 3.58000000E+000, 4.97507950E-001, 7.30034993E-001, 1.82363329E-001, 0.00000000E+000, 4.04316728E-004
 3.62000000E+000, 4.97488966E-001, 7.30055276E-001, 1.82705627E-001, 0.00000000E+000, 4.06597691E-004
 3.66000000E+000, 4.97475464E-001, 7.30066616E-001, 1.83036662E-001, 0.00000000E+000, 4.08811749E-004
 3.70000000E+000, 4.97457069E-001, 7.30082499E-001, 1.83367639E-001, 0.00000000E+000, 4.11033461E-004
 3.74000000E+000, 4.97440547E-001, 7.30093298E-001, 1.83687305E-001, 0.00000000E+000, 4.13186904E-004
 3.78000000E+000, 4.97422141E-001, 7.30105756E-001, 1.84006941E-001, 0.00000000E+000, 4.15347638E-004
 3.82000000E+000, 4.97408707E-001, 7.30110246E-001, 1.84316366E-001, 0.00000000E+000, 4.17446493E-004
 3.86000000E+000, 4.97390741E-001, 7.30118535E-001, 1.84624821E-001, 0.00000000E+000, 4.19545779E-004
 3.90000000E+000, 4.97375682E-001, 7.30121126E-001, 1.84922766E-001, 0.00000000E+000, 4.21580171E-004
 3.94000000E+000, 4.97358388E-001, 7.30123826E-001, 1.85218262E-001, 0.00000000E+000, 4.23604354E-004
 3.98000000E+000, 4.97344172E-001, 7.30122668E-001, 1.85510464E-001, 0.00000000E+000, 4.25612352E-004
 4.02000000E+000, 4.97326987E-001, 7.30122260E-001, 1.85795841E-001, 0.00000000E+000, 4.27579571E-004
 4.06000000E+000, 4.97313294E-001, 7.30117630E-001, 1.86086830E-001, 0.00000000E+000, 4.29591763E-004
 4.10000000E+000, 4.97296612E-001, 7.30113286E-001, 1.86365952E-001, 0.00000000E+000, 4.31527806E-004
 4.14000000E+000, 4.97282623E-001, 7.30106073E-001, 1.86645555E-001, 0.00000000E+000, 4.33472975E-004
 4.18000000E+000, 4.97265929E-001, 7.30097876E-001, 1.86912183E-001, 0.00000000E+000, 4.35333333E-004
 4.22000000E+000, 4.97254112E-001, 7.30082897E-001, 1.87185212E-001, 0.00000000E+000, 4.37243807E-004
 4.26000000E+000, 4.97238131E-001, 7.30070318E-001, 1.87449162E-001, 0.00000000E+000, 4.39096026E-004
 4.30000000E+000, 4.97224189E-001, 7.30055444E-001, 1.87710690E-001, 0.00000000E+000, 4.40936413E-004
 4.34000000E+000, 4.97208246E-001, 7.30039764E-001, 1.87960989E-001, 0.00000000E+000, 4.42702606E-004
 4.38000000E+000, 4.97197316E-001, 7.30017260E-001, 1.88220180E-001, 0.00000000E+000, 4.44536518E-004
 4.42000000E+000, 4.97181791E-001, 7.29998465E-001, 1.88472602E-001, 0.00000000E+000, 4.46327405E-004
 4.46000000E+000, 4.97169893E-001, 7.29975591E-001, 1.88728149E-001, 0.00000000E+000, 4.48145353E-004
 4.50000000E+000, 4.97155216E-001, 7.29953755E-001, 1.88975436E-001, 0.00000000E+000, 4.49909242E-004
 4.54000000E+000, 4.97143758E-001, 7.29928107E-001, 1.89227169E-001, 0.00000000E+000, 4.51709593E-004
 4.58000000E+000, 4.97129206E-001, 7.29904095E-001, 1.89470715E-001, 0.00000000E+000, 4.53455955E-004
 4.62000000E+000, 4.97119116E-001, 7.29874266E-001, 1.89721865E-001, 0.00000000E+000, 4.55261559E-004
 4.66000000E+000, 4.97105178E-001, 7.29847592E-001, 1.89967407E-001, 0.00000000E+000, 4.57031463E-004
 4.70000000E+000, 4.97094594E-001, 7.29817214E-001, 1.90216343E-001, 0.00000000E+000, 4.58830511E-004
 4.74000000E+000, 4.97081124E-001, 7.29788284E-001, 1.90457412E-001, 0.00000000E+000, 4.60577204E-004
 4.78000000E+000, 4.97071920E-001, 7.29753855E-001, 1.90705930E-001, 0.00000000E+000, 4.62382500E-004
 4.82000000E+000, 4.97059013E-001, 7.29722589E-001, 1.90949007E-001, 0.00000000E+000, 4.64152833E-004
 4.86000000E+000, 4.97049791E-001, 7.29687223E-001, 1.91196302E-001, 0.00000000E+000, 4.65958514E-004
 4.90000000E+000, 4.97037306E-001, 7.29654008E-001, 1.91436234E-001, 0.00000000E+000, 4.67714898E-004
 4.94000000E+000, 4.97029636E-001, 7.29614529E-001, 1.91684516E-001, 0.00000000E+000, 4.69537060E-004
 4.98000000E+000, 4.97017990E-001, 7.29578934E-001, 1.91928974E-001, 0.00000000E+000, 4.71335765E-004
 5.02000000E+000, 4.97009503E-001, 7.29540164E-001, 1.92175810E-001, 0.00000000E+000, 4.73156630E-004
 5.06000000E+000, 4.96998288E-001, 7.29502917E-001, 1.92415357E-001, 0.00000000E+000, 4.74928194E-004
 5.10000000E+000, 4.96991826E-001, 7.29459455E-001, 1.92663619E-001, 0.00000000E+000, 4.76768878E-004
 5.14000000E+000, 4.96981267E-001, 7.29420250E-001, 1.92908599E-001, 0.00000000E+000, 4.78589879E-004
 5.18000000E+000, 4.96974238E-001, 7.29377255E-001, 1.93156893E-001, 0.00000000E+000, 4.80440248E-004
 5.22000000E+000, 4.96964337E-001, 7.29336343E-001, 1.93399534E-001, 0.00000000E+000, 4.82253081E-004
 5.26000000E+000, 4.96958530E-001, 7.29290286E-001, 1.93648949E-001, 0.00000000E+000, 4.84121279E-004
 5.30000000E+000, 4.96949176E-001, 7.29247744E-001, 1.93894931E-001, 0.00000000E+000, 4.85968475E-004
 5.34000000E+000, 4.96943464E-001, 7.29201001E-001, 1.94145529E-001, 0.00000000E+000, 4.87855164E-004
 5.38000000E+000, 4.96934701E-001, 7.29156908E-001, 1.94391742E-001, 0.00000000E+000, 4.89713591E-004
 5.42000000E+000, 4.96929843E-001, 7.29107988E-001, 1.94644102E-001, 0.00000000E+000, 4.91623304E-004
 5.46000000E+000, 4.96921602E-001, 7.29062409E-001, 1.94893184E-001, 0.00000000E+000, 4.93513076E-004
 5.50000000E+000, 4.96917112E-001, 7.29012391E-001, 1.95147392E-001, 0.00000000E+000, 4.95446727E-004
 5.54000000E+000, 4.96909326E-001, 7.28965467E-001, 1.95397910E-001, 0.00000000E+000, 4.97357240E-004
 5.58000000E+000, 4.96905662E-001, 7.28913459E-001, 1.95654788E-001, 0.00000000E+000, 4.99321354E-004
 5.62000000E+000, 4.96898412E-001, 7.28865118E-001, 1.95908768E-001, 0.00000000E+000, 5.01268387E-004
 5.66000000E+000, 4.96895100E-001, 7.28812177E-001, 1.96167924E-001, 0.00000000E+000, 5.03260308E-004
 5.70000000E+000, 4.96888271E-001, 7.28762631E-001, 1.96423437E-001, 0.00000000E+000, 5.05229396E-004
 5.74000000E+000, 4.96885975E-001, 7.28707434E-001, 1.96685935E-001, 0.00000000E+000, 5.07257647E-004
 5.78000000E+000, 4.96879772E-001, 7.28656491E-001, 1.96946401E-001, 0.00000000E+000, 5.09275567E-004
 5.82000000E+000, 4.96877385E-001, 7.28601297E-001, 1.97210968E-001, 0.00000000E+000, 5.11330719E-004
 5.86000000E+000, 4.96871628E-001, 7.28549331E-001, 1.97472016E-001, 0.00000000E+000, 5.13363955E-004
 5.90000000E+000, 4.96870391E-001, 7.28491831E-001, 1.97739839E-001, 0.00000000E+000, 5.15455551E-004
 5.94000000E+000, 4.96865211E-001, 7.28438731E-001, 1.98005806E-001, 0.00000000E+000, 5.17538264E-004
 5.98000000E+000, 4.96864023E-001, 7.28381135E-001, 1.98275958E-001, 0.00000000E+000, 5.19659488E-004
 6.02000000E+000, 4.96859334E-001, 7.28327132E-001, 1.98543759E-001, 0.00000000E+000, 5.21767961E-004
 6.06000000E+000, 4.96858747E-001, 7.28268378E-001, 1.98817021E-001, 0.00000000E+000, 5.23925304E-004
 6.10000000E+000, 4.96854703E-001, 7.28213344E-001, 1.99087825E-001, 0.00000000E+000, 5.26069108E-004
 6.14000000E+000, 4.96854628E-001, 7.28153661E-001, 1.99363274E-001, 0.00000000E+000, 5.28255666E-004
 6.18000000E+000, 4.96850933E-001, 7.28097904E-001, 1.99637468E-001, 0.00000000E+000, 5.30438278E-004
 6.22000000E+000, 4.96851010E-001, 7.28037837E-001, 1.99916058E-001, 0.00000000E+000, 5.32662031E-004
 6.26000000E+000, 4.96848080E-001, 7.27980957E-001, 2.00192782E-001, 0.00000000E+000, 5.34877035E-004
 6.30000000E+000, 4.96848687E-001, 7.27920101E-001, 2.00472462E-001, 0.00000000E+000, 5.37121933E-004
 6.34000000E+000, 4.96845948E-001, 7.27862674E-001, 2.00750993E-001, 0.00000000E+000, 5.39363843E-004
 6.38000000E+000, 4.96846584E-001, 7.27801484E-001, 2.01032843E-001, 0.00000000E+000, 5.41638809E-004
 6.42000000E+000, 4.96844395E-001, 7.27743154E-001, 2.01312763E-001, 0.00000000E+000, 5.43904519E-004
 6.46000000E+000, 4.96845488E-001, 7.27681246E-001, 2.01595604E-001, 0.00000000E+000, 5.46200284E-004
 6.50000000E+000, 4.96843853E-001, 7.27622062E-001, 2.01876335E-001, 0.00000000E+000, 5.48485299E-004
 6.54000000E+000, 4.96845184E-001, 7.27559744E-001, 2.02158900E-001, 0.00000000E+000, 5.50791668E-004
 6.58000000E+000, 4.96843822E-001, 7.27500094E-001, 2.02439803E-001, 0.00000000E+000, 5.53090861E-004
 6.62000000E+000, 4.96845212E-001, 7.27437669E-001, 2.02720846E-001, 0.00000000E+000, 5.55397598E-004
 6.66000000E+000, 4.96843498E-001, 7.27378315E-001, 2.03001332E-001, 0.00000000E+000, 5.57706154E-004
 6.70000000E+000, 4.96844547E-001, 7.27316229E-001, 2.03284668E-001, 0.00000000E+000, 5.60044653E-004
 6.74000000E+000, 4.96845243E-001, 7.27254920E-001, 2.03565108E-001, 0.00000000E+000, 5.62365673E-004
 6.78000000E+000, 4.96847270E-001, 7.27192022E-001, 2.03842869E-001, 0.00000000E+000, 5.64670828E-004
 6.82000000E+000, 4.96845648E-001, 7.27132843E-001, 2.04121694E-001, 0.00000000E+000, 5.66991149E-004
 6.86000000E+000, 4.96846475E-001, 7.27071728E-001, 2.04402037E-001, 0.00000000E+000, 5.69330497E-004
 6.90000000E+000, 4.96847426E-001, 7.27010913E-001, 2.04679877E-001, 0.00000000E+000, 5.71655301E-004
 6.94000000E+000, 4.96849755E-001, 7.26948689E-001, 2.04955512E-001, 0.00000000E+000, 5.73967889E-004
 6.98000000E+000, 4.96849100E-001, 7.26889960E-001, 2.05231565E-001, 0.00000000E+000, 5.76290238E-004
 7.02000000E+000, 4.96851114E-001, 7.26828852E-001, 2.05506271E-001, 0.00000000E+000, 5.78607462E-004
 7.06000000E+000, 4.96850666E-001, 7.26770799E-001, 2.05780622E-001, 0.00000000E+000, 5.80927882E-004
 7.10000000E+000, 4.96852332E-001, 7.26710898E-001, 2.06053418E-001, 0.00000000E+000, 5.83241287E-004
 7.14000000E+000, 4.96852972E-001, 7.26652895E-001, 2.06326293E-001, 0.00000000E+000, 5.85561499E-004
 7.18000000E+000, 4.96855092E-001, 7.26593480E-001, 2.06595989E-001, 0.00000000E+000, 5.87860729E-004
 7.22000000E+000, 4.96854380E-001, 7.26537587E-001, 2.06866547E-001, 0.00000000E+000, 5.90173347E-004
 7.26000000E+000, 4.96855774E-001, 7.26480052E-001, 2.07135317E-001, 0.00000000E+000, 5.92476666E-004
 7.30000000E+000, 4.96856884E-001, 7.26423779E-001, 2.07404349E-001, 0.00000000E+000, 5.94788228E-004
 7.34000000E+000, 4.96859024E-001, 7.26366556E-001, 2.07669737E-001, 0.00000000E+000, 5.97074366E-004
 7.38000000E+000, 4.96858233E-001, 7.26312990E-001, 2.07936170E-001, 0.00000000E+000, 5.99375391E-004
 7.42000000E+000, 4.96859793E-001, 7.26257592E-001, 2.08200969E-001, 0.00000000E+000, 6.01668160E-004
 7.46000000E+000, 4.96859771E-001, 7.26204720E-001, 2.08465564E-001, 0.00000000E+000, 6.03964987E-004
 7.50000000E+000, 4.96861519E-001, 7.26150262E-001, 2.08727363E-001, 0.00000000E+000, 6.06243297E-004
 7.54000000E+000, 4.96861311E-001, 7.26098631E-001, 2.08989822E-001, 0.00000000E+000, 6.08533092E-004
 7.58000000E+000, 4.96862948E-001, 7.26045403E-001, 2.09249476E-001, 0.00000000E+000, 6.10804078E-004
 7.62000000E+000, 4.96862693E-001, 7.25995021E-001, 2.09509777E-001, 0.00000000E+000, 6.13086393E-004
 7.66000000E+000, 4.96864051E-001, 7.25943162E-001, 2.09766530E-001, 0.00000000E+000, 6.15343161E-004
 7.70000000E+000, 4.96862878E-001, 7.25894376E-001, 2.10024345E-001, 0.00000000E+000, 6.17614819E-004
 7.74000000E+000, 4.96863490E-001, 7.25844530E-001, 2.10281186E-001, 0.00000000E+000, 6.19883462E-004
 7.78000000E+000, 4.96864390E-001, 7.25795321E-001, 2.10536807E-001, 0.00000000E+000, 6.22146822E-004
 7.82000000E+000, 4.96865551E-001, 7.25745800E-001, 2.10788299E-001, 0.00000000E+000, 6.24379001E-004
 7.86000000E+000, 4.96864103E-001, 7.25699498E-001, 2.11042994E-001, 0.00000000E+000, 6.26645035E-004
 7.90000000E+000, 4.96863387E-001, 7.25653129E-001, 2.11294340E-001, 0.00000000E+000, 6.28886645E-004
 7.94000000E+000, 4.96863884E-001, 7.25606714E-001, 2.11545447E-001, 0.00000000E+000, 6.31131458E-004
 7.98000000E+000, 4.96865650E-001, 7.25559037E-001, 2.11792131E-001, 0.00000000E+000, 6.33341919E-004
 8.02000000E+000, 4.96863758E-001, 7.25515741E-001, 2.12043825E-001, 2.00000000E-002, 6.35602588E-004
 8.06000000E+000, 4.96862083E-001, 7.25472972E-001, 2.12289724E-001, 6.00000000E-002, 6.37816396E-004
 8.10000000E+000, 4.96862834E-001, 7.25428410E-001, 2.12540729E-001, 1.00000000E-001, 6.40081467E-004
 8.14000000E+000, 4.96866427E-001, 7.25383370E-001, 2.12787091E-001, 1.40000000E-001, 6.42309847E-004
 8.18000000E+000, 4.96867087E-001, 7.25340518E-001, 2.13021689E-001, 1.80000000E-001, 6.44436622E-004
 8.22000000E+000, 4.96864804E-001, 7.25305785E-001, 2.13268777E-001, 2.20000000E-001, 6.46681698E-004
 8.26000000E+000, 4.96865014E-001, 7.25265198E-001, 2.13471920E-001, 2.60000000E-001, 6.48531387E-004
 8.30000000E+000, 4.96840930E-001, 7.25254827E-001, 2.13737716E-001, 3.00000000E-001, 6.50956862E-004
 8.34000000E+000, 4.96695322E-001, 7.25363722E-001, 2.13897786E-001, 3.40000000E-001, 6.52420467E-004
 8.38000000E+000, 4.97216297E-001, 7.24774257E-001, 2.14418859E-001, 3.80000000E-001, 6.57200150E-004
 8.42000000E+000, 5.09244284E-001, 7.12675181E-001, 2.18174413E-001, 4.20000000E-001, 6.72766126E-004
 8.46000000E+000, 5.35337369E-001, 6.86352901E-001, 2.26927487E-001, 4.60000000E-001, 6.67871715E-004
 8.50000000E+000, 5.66015710E-001, 6.55420918E-001, 2.37870393E-001, 5.00000000E-001, 6.64970849E-004
 8.54000000E+000, 5.99695804E-001, 6.21296062E-001, 2.51187797E-001, 5.40000000E-001, 6.86734669E-004
 8.58000000E+000, 6.31417824E-001, 5.89277748E-001, 2.65079031E-001, 5.80000000E-001, 6.48521980E-004
 8.62000000E+000, 6.68992527E-001, 5.50939149E-001, 2.83618264E-001, 6.20000000E-001, 7.36403229E-004
 8.66000000E+000, 7.00861968E-001, 5.18747380E-001, 3.01526352E-001, 6.60000000E-001, 6.55060142E-004
 8.70000000E+000, 7.38898508E-001, 4.79574295E-001, 3.26462027E-001, 7.00000000E-001, 7.63443150E-004
 8.74000000E+000, 7.71210159E-001, 4.46745041E-001, 3.50818130E-001, 7.40000000E-001, 6.38131492E-004
 8.78000000E+000, 8.10317752E-001, 4.05789482E-001, 3.86475482E-001, 7.80000000E-001, 8.08768989E-004
 8.82000000E+000, 8.43143337E-001, 3.72045717E-001, 4.21953842E-001, 8.20000000E-001, 6.33254832E-004
 8.86000000E+000, 8.84314518E-001, 3.27456620E-001, 4.79408227E-001, 8.60000000E-001, 1.02041187E-003
 8.90000000E+000, 9.14494430E-001, 2.95357830E-001, 5.32533219E-001, 9.00000000E-001, 5.12948402E-004
 8.94000000E+000, 9.63872132E-001, 2.36841290E-001, 6.66856496E-001, 9.40000000E-001, 2.65201611E-003
 8.98000000E+000, 9.97252149E-001, 1.93981428E-001, 8.07045628E-001, 9.80000000E-001, 2.51114407E-003
 9.02000000E+000, 1.00704028E+000, 1.76433716E-001, 8.92515192E-001, 1.00000000E+000, 5.77303375E-004
 9.06000000E+000, 1.00784015E+000, 1.71575838E-001, 9.24272447E-001, 1.00000000E+000, 7.94329657E-004
 9.10000000E+000, 1.00803127E+000, 1.69660473E-001, 9.37779899E-001, 1.00000000E+000, 8.70390391E-004
 9.14000000E+000, 1.00808269E+000, 1.68403526E-001, 9.47300670E-001, 1.00000000E+000, 9.08634219E-004
 9.18000000E+000, 1.00810485E+000, 1.67269542E-001, 9.56031294E-001, 1.00000000E+000, 9.39089675E-004
 9.22000000E+000, 1.00810297E+000, 1.66174031E-001, 9.64698621E-001, 1.00000000E+000, 9.64418508E-004
 9.26000000E+000, 1.00809600E+000, 1.65045334E-001, 9.73661012E-001, 1.00000000E+000, 9.89852388E-004
 9.30000000E+000, 1.00808728E+000, 1.63846841E-001, 9.83191942E-001, 1.00000000E+000, 1.01702428E-003
 9.34000000E+000, 1.00807763E+000, 1.62563824E-001, 9.93409904E-001, 1.00000000E+000, 1.04657513E-003
 9.38000000E+000, 1.00806299E+000, 1.61201851E-001, 1.00430354E+000, 1.00000000E+000, 1.07748803E-003
 9.42000000E+000, 1.00803819E+000, 1.59770390E-001, 1.01583694E+000, 1.00000000E+000, 1.10822478E-003
 9.46000000E+000, 1.00800078E+000, 1.58268719E-001, 1.02803817E+000, 1.00000000E+000, 1.13803016E-003
 9.50000000E+000, 1.00795107E+000, 1.56684507E-001, 1.04101153E+000, 1.00000000E+000, 1.16709715E-003
 9.54000000E+000, 1.00788981E+000, 1.55000813E-001, 1.05489717E+000, 1.00000000E+000, 1.19588075E-003
 9.58000000E+000, 1.00781652E+000, 1.53201963E-001, 1.06983594E+000, 1.00000000E+000, 1.22445666E-003
 9.62000000E+000, 1.00772919E+000, 1.51273486E-001, 1.08597211E+000, 1.00000000E+000, 1.25238466E-003
 9.66000000E+000, 1.00762481E+000, 1.49197457E-001, 1.10348901E+000, 1.00000000E+000, 1.27888959E-003
 9.70000000E+000, 1.00749938E+000, 1.46946477E-001, 1.12265965E+000, 1.00000000E+000, 1.30296820E-003
 9.74000000E+000, 1.00734731E+000, 1.44477138E-001, 1.14390930E+000, 1.00000000E+000, 1.32327896E-003
 9.78000000E+000, 1.00716002E+000, 1.41720099E-001, 1.16791949E+000, 1.00000000E+000, 1.33777747E-003
 9.82000000E+000, 1.00692058E+000, 1.38557320E-001, 1.19588728E+000, 1.00000000E+000, 1.34212766E-003
 9.86000000E+000, 1.00657867E+000, 1.34749964E-001, 1.23039261E+000, 1.00000000E+000, 1.32133176E-003
 9.90000000E+000, 1.00589315E+000, 1.29722176E-001, 1.27821091E+000, 1.00000000E+000, 1.18964900E-003
 9.94000000E+000, 1.00341795E+000, 1.22434590E-001, 1.35485886E+000, 1.00000000E+000, 4.77495602E-004
 9.98000000E+000, 1.00000000E+000, 1.13415324E-001, 1.43991841E+000, 1.00000000E+000, 0.00000000E+000
 1.00200000E+001, 9.81709172E-001, 1.15707772E-001, 1.48565604E+000, 9.80000000E-001, 1.57532427E-004
 1.00600000E+001, 9.60383159E-001, 1.60371385E-001, 1.16908741E+000, 9.40000000E-001, 1.05515918E-002
 1.01000000E+001, 9.32180866E-001, 2.31537653E-001, 7.32270342E-001, 9.00000000E-001, 6.13834079E-003
 1.01400000E+001, 8.98010910E-001, 2.79688375E-001, 6.17665036E-001, 8.60000000E-001, 4.96587597E-003
 1.01800000E+001, 8.62771369E-001, 3.19809407E-001, 5.42392425E-001, 8.20000000E-001, 4.12133060E-003
 1.02200000E+001, 8.23229244E-001, 3.62507941E-001, 4.85432619E-001, 7.80000000E-001, 3.00804687E-003
 1.02600000E+001, 7.80510960E-001, 4.07698360E-001, 4.36887195E-001, 7.40000000E-001, 1.96322102E-003
 1.03000000E+001, 7.45135459E-001, 4.44704726E-001, 4.02504342E-001, 7.00000000E-001, 1.84279113E-003
 1.03400000E+001, 7.13091782E-001, 4.77930022E-001, 3.74862246E-001, 6.60000000E-001, 1.92619510E-003
 1.03800000E+001, 6.78533997E-001, 5.13341345E-001, 3.50020504E-001, 6.20000000E-001, 1.80810109E-003
 1.04200000E+001, 6.41767361E-001, 5.50753447E-001, 3.26958673E-001, 5.80000000E-001, 1.58605807E-003
 1.04600000E+001, 6.04323236E-001, 5.88648695E-001, 3.05950248E-001, 5.40000000E-001, 1.36981671E-003
 1.05000000E+001, 5.67656073E-001, 6.26031216E-001, 2.88297860E-001, 5.00000000E-001, 1.21939189E-003
 1.05400000E+001, 5.18944313E-001, 6.75192072E-001, 2.68900573E-001, 4.60000000E-001, 8.27836320E-004
 1.05800000E+001, 4.49602042E-001, 7.44799802E-001, 2.44739572E-001, 4.20000000E-001, 1.96503780E-004
 1.06200000E+001, 3.86421722E-001, 8.08515513E-001, 2.26309246E-001, 3.80000000E-001, 7.83578278E-006
 1.06600000E+001, 3.40672268E-001, 8.54541256E-001, 2.14701701E-001, 3.40000000E-001, 7.35738338E-008
 1.07000000E+001, 2.99918444E-001, 8.95537523E-001, 2.05475693E-001, 3.00000000E-001, 0.00000000E+000
 1.07400000E+001, 2.60201558E-001, 9.35410679E-001, 1.97058880E-001, 2.60000000E-001, 5.11376996E-009
 1.07800000E+001, 2.20246809E-001, 9.75471530E-001, 1.89271995E-001, 2.20000000E-001, 6.79423508E-009
 1.08200000E+001, 1.80000000E-001, 1.01580471E+000, 1.81988402E-001, 1.80000000E-001, 0.00000000E+000
 1.08600000E+001, 1.40000000E-001, 1.05587539E+000, 1.75175083E-001, 1.40000000E-001, 0.00000000E+000
 1.09000000E+001, 1.26564813E-001, 1.06921410E+000, 1.72823356E-001, 1.00000000E-001, 5.65208734E-005
 1.09400000E+001, 1.76670898E-001, 1.01892243E+000, 1.81492014E-001, 6.00000000E-002, 3.98541384E-004
 1.09800000E+001, 2.32684109E-001, 9.62558634E-001, 1.92099863E-001, 2.00000000E-002, 4.72584500E-004
 1.10200000E+001, 2.46160950E-001, 9.49023193E-001, 1.95238628E-001, 0.00000000E+000, 4.96130880E-004
 1.10600000E+001, 2.47959289E-001, 9.47192612E-001, 1.96033671E-001, 0.00000000E+000, 5.02218581E-004
 1.11000000E+001, 2.48153824E-001, 9.47046976E-001, 1.96759404E-001, 0.00000000E+000, 5.07821828E-004
 1.11400000E+001, 2.48178823E-001, 9.47078525E-001, 1.97424031E-001, 0.00000000E+000, 5.12986508E-004
 1.11800000E+001, 2.48177430E-001, 9.47140246E-001, 1.98078779E-001, 0.00000000E+000, 5.18109494E-004
 1.12200000E+001, 2.48174214E-001, 9.47199561E-001, 1.98781474E-001, 0.00000000E+000, 5.23644432E-004
 1.12600000E+001, 2.48166680E-001, 9.47271389E-001, 1.99483451E-001, 0.00000000E+000, 5.29213011E-004
 1.13000000E+001, 2.48161557E-001, 9.47334158E-001, 2.00167343E-001, 0.00000000E+000, 5.34674956E-004
 1.13400000E+001, 2.48153946E-001, 9.47396985E-001, 2.00847457E-001, 0.00000000E+000, 5.40142932E-004
 1.13800000E+001, 2.48149295E-001, 9.47449225E-001, 2.01502571E-001, 0.00000000E+000, 5.45445439E-004
 1.14200000E+001, 2.48141558E-001, 9.47504676E-001, 2.02161988E-001, 0.00000000E+000, 5.50821131E-004
 1.14600000E+001, 2.48136776E-001, 9.47541585E-001, 2.02770805E-001, 0.00000000E+000, 5.55813135E-004
 1.15000000E+001, 2.48128785E-001, 9.47565793E-001, 2.03337951E-001, 0.00000000E+000, 5.60489387E-004
 1.15400000E+001, 2.48123469E-001, 9.47571136E-001, 2.03850673E-001, 0.00000000E+000, 5.64737838E-004
 1.15800000E+001, 2.48115069E-001, 9.47570511E-001, 2.04336289E-001, 0.00000000E+000, 5.68784855E-004
 1.16200000E+001, 2.48109602E-001, 9.47557825E-001, 2.04797197E-001, 0.00000000E+000, 5.72643453E-004
 1.16600000E+001, 2.48100788E-001, 9.47530429E-001, 2.05210170E-001, 0.00000000E+000, 5.76114927E-004
 1.17000000E+001, 2.48094827E-001, 9.47484639E-001, 2.05582388E-001, 0.00000000E+000, 5.79254872E-004
 1.17400000E+001, 2.48085537E-001, 9.47429512E-001, 2.05908762E-001, 0.00000000E+000, 5.82016267E-004
 1.17800000E+001, 2.48079439E-001, 9.47368239E-001, 2.06213013E-001, 0.00000000E+000, 5.84595942E-004
 1.18200000E+001, 2.48069968E-001, 9.47313805E-001, 2.06530508E-001, 0.00000000E+000, 5.87297983E-004
 1.18600000E+001, 2.48063783E-001, 9.47267381E-001, 2.06874669E-001, 0.00000000E+000, 5.90237644E-004
 1.19000000E+001, 2.48054155E-001, 9.47236950E-001, 2.07268826E-001, 0.00000000E+000, 5.93617879E-004
 1.19400000E+001, 2.48048435E-001, 9.47220533E-001, 2.07704264E-001, 0.00000000E+000, 5.97369225E-004
 1.19800000E+001, 2.48038672E-001, 9.47222388E-001, 2.08176528E-001, 0.00000000E+000, 6.01453357E-004
 1.20200000E+001, 2.48033123E-001, 9.47225508E-001, 2.08674821E-001, 0.00000000E+000, 6.05784829E-004
 1.20600000E+001, 2.48023235E-001, 9.47240330E-001, 2.09169641E-001, 0.00000000E+000, 6.10104682E-004
 1.21000000E+001, 2.48017671E-001, 9.47252080E-001, 2.09676267E-001, 0.00000000E+000, 6.14549602E-004
 1.21400000E+001, 2.48007615E-001, 9.47270457E-001, 2.10180763E-001, 0.00000000E+000, 6.18997417E-004
 1.21800000E+001, 2.48002020E-001, 9.47280211E-001, 2.10666297E-001, 0.00000000E+000, 6.23297518E-004
 1.22200000E+001, 2.47991787E-001, 9.47289081E-001, 2.11139352E-001, 0.00000000E+000, 6.27505588E-004
 1.22600000E+001, 2.47985963E-001, 9.47288739E-001, 2.11586840E-001, 0.00000000E+000, 6.31504857E-004
 1.23000000E+001, 2.47975460E-001, 9.47284218E-001, 2.12005512E-001, 0.00000000E+000, 6.35262931E-004
 1.23400000E+001, 2.47969403E-001, 9.47263820E-001, 2.12389901E-001, 0.00000000E+000, 6.38726174E-004
 1.23800000E+001, 2.47958328E-001, 9.47226963E-001, 2.12710631E-001, 0.00000000E+000, 6.41624630E-004
 1.24200000E+001, 2.47952107E-001, 9.47167911E-001, 2.12980851E-001, 0.00000000E+000, 6.44071267E-004
 1.24600000E+001, 2.47940489E-001, 9.47097926E-001, 2.13195115E-001, 0.00000000E+000, 6.46013317E-004
 1.25000000E+001, 2.47934070E-001, 9.47021401E-001, 2.13398994E-001, 0.00000000E+000, 6.47863395E-004
 1.25400000E+001, 2.47922316E-001, 9.46956252E-001, 2.13640320E-001, 0.00000000E+000, 6.50059406E-004
 1.25800000E+001, 2.47916348E-001, 9.46910876E-001, 2.13941984E-001, 0.00000000E+000, 6.52811618E-004
 1.26200000E+001, 2.47904996E-001, 9.46895069E-001, 2.14354436E-001, 0.00000000E+000, 6.56600108E-004
 1.26600000E+001, 2.47899001E-001, 9.46892989E-001, 2.14855490E-001, 0.00000000E+000, 6.61218833E-004
 1.27000000E+001, 2.47888070E-001, 9.46924850E-001, 2.15370685E-001, 0.00000000E+000, 6.65982795E-004
 1.27400000E+001, 2.47882328E-001, 9.46948822E-001, 2.16000311E-001, 0.00000000E+000, 6.71842772E-004
 1.27800000E+001, 2.47871993E-001, 9.47013868E-001, 2.16627992E-001, 0.00000000E+000, 6.77716170E-004
 1.28200000E+001, 2.47866210E-001, 9.47079074E-001, 2.17364414E-001, 0.00000000E+000, 6.84652341E-004
 1.28600000E+001, 2.47856281E-001, 9.47169932E-001, 2.18140667E-001, 0.00000000E+000, 6.92024328E-004
 1.29000000E+001, 2.47850435E-001, 9.47245144E-001, 2.18883089E-001, 0.00000000E+000, 6.99117684E-004
 1.29400000E+001, 2.47840555E-001, 9.47307824E-001, 2.19580423E-001, 0.00000000E+000, 7.05819725E-004
 1.29800000E+001, 2.47833798E-001, 9.47345193E-001, 2.20201208E-001, 0.00000000E+000, 7.11822202E-004
 1.30200000E+001, 2.47823514E-001, 9.47372649E-001, 2.20782992E-001, 0.00000000E+000, 7.17477557E-004
 1.30600000E+001, 2.47817558E-001, 9.47380809E-001, 2.21310434E-001, 0.00000000E+000, 7.22630016E-004
 1.31000000E+001, 2.47807351E-001, 9.47387098E-001, 2.21825214E-001, 0.00000000E+000, 7.27683134E-004
 1.31400000E+001, 2.47799623E-001, 9.47386952E-001, 2.22320951E-001, 0.00000000E+000, 7.32573045E-004
 1.31800000E+001, 2.47788931E-001, 9.47385044E-001, 2.22800572E-001, 0.00000000E+000, 7.37324875E-004
 1.32200000E+001, 2.47783106E-001, 9.47376854E-001, 2.23272801E-001, 0.00000000E+000, 7.42023415E-004
 1.32600000E+001, 2.47772731E-001, 9.47366858E-001, 2.23718864E-001, 0.00000000E+000, 7.46479920E-004
 1.33000000E+001, 2.47764718E-001, 9.47350297E-001, 2.24146044E-001, 0.00000000E+000, 7.50764328E-004
 1.33400000E+001, 2.47753817E-001, 9.47328378E-001, 2.24543923E-001, 0.00000000E+000, 7.54769216E-004
 1.33800000E+001, 2.47747646E-001, 9.47297073E-001, 2.24930557E-001, 0.00000000E+000, 7.58672635E-004
 1.34200000E+001, 2.47737146E-001, 9.47268279E-001, 2.25309427E-001, 0.00000000E+000, 7.62511068E-004
 1.34600000E+001, 2.47728595E-001, 9.47239347E-001, 2.25692973E-001, 0.00000000E+000, 7.66409843E-004
 1.35000000E+001, 2.47717486E-001, 9.47216311E-001, 2.26104964E-001, 0.00000000E+000, 7.70613359E-004
 1.35400000E+001, 2.47711811E-001, 9.47201099E-001, 2.26546085E-001, 0.00000000E+000, 7.75132747E-004
 1.35800000E+001, 2.47701796E-001, 9.47203171E-001, 2.27028544E-001, 0.00000000E+000, 7.80094468E-004
 1.36200000E+001, 2.47692392E-001, 9.47207622E-001, 2.27557739E-001, 0.00000000E+000, 7.85564356E-004
 1.36600000E+001, 2.47681184E-001, 9.47233487E-001, 2.28085792E-001, 0.00000000E+000, 7.91042978E-004
 1.37000000E+001, 2.47676664E-001, 9.47255041E-001, 2.28683665E-001, 0.00000000E+000, 7.97281408E-004
 1.37400000E+001, 2.47666560E-001, 9.47294314E-001, 2.29309654E-001, 0.00000000E+000, 8.03857167E-004
 1.37800000E+001, 2.47657880E-001, 9.47320507E-001, 2.29902202E-001, 0.00000000E+000, 8.10105736E-004
 1.38200000E+001, 2.47648415E-001, 9.47328146E-001, 2.30438233E-001, 0.00000000E+000, 8.15781923E-004
 1.38600000E+001, 2.47638712E-001, 9.47326560E-001, 2.30945659E-001, 0.00000000E+000, 8.21184173E-004
 1.39000000E+001, 2.47627501E-001, 9.47312919E-001, 2.31421791E-001, 0.00000000E+000, 8.26275538E-004
 1.39400000E+001, 2.47621644E-001, 9.47278050E-001, 2.31863872E-001, 0.00000000E+000, 8.31021177E-004
 1.39800000E+001, 2.47612310E-001, 9.47224331E-001, 2.32244960E-001, 0.00000000E+000, 8.35126392E-004
 1.40200000E+001, 2.47599690E-001, 9.47154397E-001, 2.32562144E-001, 0.00000000E+000, 8.38551147E-004
 1.40600000E+001, 2.47585438E-001, 9.47067804E-001, 2.32817991E-001, 0.00000000E+000, 8.41317136E-004
 1.41000000E+001, 2.47582463E-001, 9.46964276E-001, 2.33071978E-001, 0.00000000E+000, 8.44069156E-004
 1.41400000E+001, 2.47570424E-001, 9.46871432E-001, 2.33338270E-001, 0.00000000E+000, 8.46960980E-004
 1.41800000E+001, 2.47559428E-001, 9.46792313E-001, 2.33635914E-001, 0.00000000E+000, 8.50203604E-004
 1.42200000E+001, 2.47549842E-001, 9.46731660E-001, 2.33993332E-001, 0.00000000E+000, 8.54110189E-004
 1.42600000E+001, 2.47538993E-001, 9.46696589E-001, 2.34425553E-001, 0.00000000E+000, 8.58851446E-004
 1.43000000E+001, 2.47528925E-001, 9.46682712E-001, 2.34932538E-001, 0.00000000E+000, 8.64440052E-004
 1.43400000E+001, 2.47521354E-001, 9.46679455E-001, 2.35495561E-001, 0.00000000E+000, 8.70675390E-004
 1.43800000E+001, 2.47515273E-001, 9.46689748E-001, 2.36072290E-001, 0.00000000E+000, 8.77085794E-004
 1.44200000E+001, 2.47501318E-001, 9.46716914E-001, 2.36673787E-001, 0.00000000E+000, 8.83807111E-004
 1.44600000E+001, 2.47486399E-001, 9.46760885E-001, 2.37285798E-001, 0.00000000E+000, 8.90678607E-004
 1.45000000E+001, 2.47489045E-001, 9.46789262E-001, 2.37968614E-001, 0.00000000E+000, 8.98390092E-004
 1.45400000E+001, 2.47479927E-001, 9.46846300E-001, 2.38654848E-001, 0.00000000E+000, 9.06188480E-004
 1.45800000E+001, 2.47466310E-001, 9.46913973E-001, 2.39366279E-001, 0.00000000E+000, 9.14327796E-004
 1.46200000E+001, 2.47454953E-001, 9.46969647E-001, 2.40036472E-001, 0.00000000E+000, 9.22028911E-004
 1.46600000E+001, 2.47451955E-001, 9.46993259E-001, 2.40622698E-001, 0.00000000E+000, 9.28797550E-004
 1.47000000E+001, 2.47442068E-001, 9.47016074E-001, 2.41190873E-001, 0.00000000E+000, 9.35391184E-004
 1.47400000E+001, 2.47432447E-001, 9.47030331E-001, 2.41722973E-001, 0.00000000E+000, 9.41594650E-004
 1.47800000E+001, 2.47422478E-001, 9.47037836E-001, 2.42228987E-001, 0.00000000E+000, 9.47520118E-004
 1.48200000E+001, 2.47414157E-001, 9.47039498E-001, 2.42715682E-001, 0.00000000E+000, 9.53241331E-004
 1.48600000E+001, 2.47403888E-001, 9.47037908E-001, 2.43185179E-001, 0.00000000E+000, 9.58785900E-004
 1.49000000E+001, 2.47396245E-001, 9.47028720E-001, 2.43639270E-001, 0.00000000E+000, 9.64167315E-004
 1.49400000E+001, 2.47386045E-001, 9.47014117E-001, 2.44064575E-001, 0.00000000E+000, 9.69224420E-004
 1.49800000E+001, 2.47377879E-001, 9.46992925E-001, 2.44473222E-001, 0.00000000E+000, 9.74098677E-004
 1.50200000E+001, 2.47367815E-001, 9.46972869E-001, 2.44871665E-001, 0.00000000E+000, 9.78867651E-004
 1.50600000E+001, 2.47358446E-001, 9.46955236E-001, 2.45272177E-001, 0.00000000E+000, 9.83677230E-004
 1.51000000E+001, 2.47347670E-001, 9.46943030E-001, 2.45689322E-001, 0.00000000E+000, 9.88703715E-004
 1.51400000E+001, 2.47341632E-001, 9.46934766E-001, 2.46126960E-001, 0.00000000E+000, 9.93997039E-004
 1.51800000E+001, 2.47331774E-001, 9.46940967E-001, 2.46579451E-001, 0.00000000E+000, 9.99489112E-004
 1.52200000E+001, 2.47322519E-001, 9.46950182E-001, 2.47054387E-001, 0.00000000E+000, 1.00527730E-003
 1.52600000E+001, 2.47312255E-001, 9.46971545E-001, 2.47523136E-001, 0.00000000E+000, 1.01100838E-003
 1.53000000E+001, 2.47305715E-001, 9.46992208E-001, 2.48023709E-001, 0.00000000E+000, 1.01715657E-003
 1.53400000E+001, 2.47295843E-001, 9.47023902E-001, 2.48524627E-001, 0.00000000E+000, 1.02333640E-003
 1.53800000E+001, 2.47287789E-001, 9.47050467E-001, 2.49009073E-001, 0.00000000E+000, 1.02933392E-003
 1.54200000E+001, 2.47277811E-001, 9.47072692E-001, 2.49468184E-001, 0.00000000E+000, 1.03503866E-003
 1.54600000E+001, 2.47270340E-001, 9.47083649E-001, 2.49885560E-001, 0.00000000E+000, 1.04024223E-003
 1.55000000E+001, 2.47260371E-001, 9.47089730E-001, 2.50270935E-001, 0.00000000E+000, 1.04506050E-003
 1.55400000E+001, 2.47251739E-001, 9.47085970E-001, 2.50621441E-001, 0.00000000E+000, 1.04946145E-003
 1.55800000E+001, 2.47241200E-001, 9.47068560E-001, 2.50926044E-001, 0.00000000E+000, 1.05329591E-003
 1.56200000E+001, 2.47233333E-001, 9.47031890E-001, 2.51174570E-001, 0.00000000E+000, 1.05642824E-003
 1.56600000E+001, 2.47222555E-001, 9.46980822E-001, 2.51357503E-001, 0.00000000E+000, 1.05873348E-003
 1.57000000E+001, 2.47213342E-001, 9.46914989E-001, 2.51499514E-001, 0.00000000E+000, 1.06052729E-003
 1.57400000E+001, 2.47201910E-001, 9.46846778E-001, 2.51619161E-001, 0.00000000E+000, 1.06203500E-003
 1.57800000E+001, 2.47193511E-001, 9.46779557E-001, 2.51743763E-001, 0.00000000E+000, 1.06361180E-003
 1.58200000E+001, 2.47182196E-001, 9.46724924E-001, 2.51898029E-001, 0.00000000E+000, 1.06556451E-003
 1.58600000E+001, 2.47173997E-001, 9.46685156E-001, 2.52094085E-001, 0.00000000E+000, 1.06805222E-003
 1.59000000E+001, 2.47162998E-001, 9.46665159E-001, 2.52359649E-001, 0.00000000E+000, 1.07143119E-003
 1.59400000E+001, 2.47154766E-001, 9.46660341E-001, 2.52687974E-001, 0.00000000E+000, 1.07562581E-003
 1.59800000E+001, 2.47143938E-001, 9.46677562E-001, 2.53021849E-001, 0.00000000E+000, 1.07989324E-003
 1.60200000E+001, 2.47136594E-001, 9.46692359E-001, 2.53410759E-001, 0.00000000E+000, 1.08488181E-003
 1.60600000E+001, 2.47126198E-001, 9.46726491E-001, 2.53793112E-001, 0.00000000E+000, 1.08980012E-003
 1.61000000E+001, 2.47118423E-001, 9.46760471E-001, 2.54210396E-001, 0.00000000E+000, 1.09518714E-003
 1.61400000E+001, 2.47108057E-001, 9.46802561E-001, 2.54632299E-001, 0.00000000E+000, 1.10065327E-003
 1.61800000E+001, 2.47099967E-001, 9.46836492E-001, 2.55033302E-001, 0.00000000E+000, 1.10586089E-003
 1.62200000E+001, 2.47089373E-001, 9.46871243E-001, 2.55429866E-001, 0.00000000E+000, 1.11102646E-003
 1.62600000E+001, 2.47081821E-001, 9.46896864E-001, 2.55806348E-001, 0.00000000E+000, 1.11594617E-003
 1.63000000E+001, 2.47072393E-001, 9.46923252E-001, 2.56182177E-001, 0.00000000E+000, 1.12087196E-003
 1.63400000E+001, 2.47062250E-001, 9.46945409E-001, 2.56544421E-001, 0.00000000E+000, 1.12563361E-003
 1.63800000E+001, 2.47051365E-001, 9.46965930E-001, 2.56903400E-001, 0.00000000E+000, 1.13036554E-003
 1.64200000E+001, 2.47043969E-001, 9.46977180E-001, 2.57247919E-001, 0.00000000E+000, 1.13491898E-003
 1.64600000E+001, 2.47035073E-001, 9.46985822E-001, 2.57585789E-001, 0.00000000E+000, 1.13939612E-003
 1.65000000E+001, 2.47024347E-001, 9.46993288E-001, 2.57919139E-001, 0.00000000E+000, 1.14382512E-003
 1.65400000E+001, 2.47011095E-001, 9.47000869E-001, 2.58250036E-001, 0.00000000E+000, 1.14823291E-003
 1.65800000E+001, 2.47006195E-001, 9.46997448E-001, 2.58581977E-001, 0.00000000E+000, 1.15266627E-003
 1.66200000E+001, 2.46995617E-001, 9.46999572E-001, 2.58917229E-001, 0.00000000E+000, 1.15715582E-003
 1.66600000E+001, 2.46985479E-001, 9.47002603E-001, 2.59241844E-001, 0.00000000E+000, 1.16151332E-003
 1.67000000E+001, 2.46973544E-001, 9.47008268E-001, 2.59559162E-001, 0.00000000E+000, 1.16578352E-003
 1.67400000E+001, 2.46966636E-001, 9.47011708E-001, 2.59881653E-001, 0.00000000E+000, 1.17013418E-003
 1.67800000E+001, 2.46955402E-001, 9.47021297E-001, 2.60193047E-001, 0.00000000E+000, 1.17434547E-003
 1.68200000E+001, 2.46947012E-001, 9.47032114E-001, 2.60509135E-001, 0.00000000E+000, 1.17863053E-003
 1.68600000E+001, 2.46935805E-001, 9.47048531E-001, 2.60813163E-001, 0.00000000E+000, 1.18276162E-003
 1.69000000E+001, 2.46927683E-001, 9.47065954E-001, 2.61123388E-001, 0.00000000E+000, 1.18698733E-003
 1.69400000E+001, 2.46916396E-001, 9.47089057E-001, 2.61423410E-001, 0.00000000E+000, 1.19108432E-003
 1.69800000E+001, 2.46909033E-001, 9.47111586E-001, 2.61723666E-001, 0.00000000E+000, 1.19519354E-003
 1.70200000E+001, 2.46898333E-001, 9.47136927E-001, 2.62011936E-001, 0.00000000E+000, 1.19914675E-003
 1.70600000E+001, 2.46889255E-001, 9.47161485E-001, 2.62294462E-001, 0.00000000E+000, 1.20302959E-003
 1.71000000E+001, 2.46877747E-001, 9.47187986E-001, 2.62571455E-001, 0.00000000E+000, 1.20684459E-003
 1.71400000E+001, 2.46871288E-001, 9.47209938E-001, 2.62850285E-001, 0.00000000E+000, 1.21069300E-003
 1.71800000E+001, 2.46860552E-001, 9.47237773E-001, 2.63124509E-001, 0.00000000E+000, 1.21448576E-003
 1.72200000E+001, 2.46851214E-001, 9.47265380E-001, 2.63408408E-001, 0.00000000E+000, 1.21842059E-003
 1.72600000E+001, 2.46839447E-001, 9.47299491E-001, 2.63690756E-001, 0.00000000E+000, 1.22234218E-003
 1.73000000E+001, 2.46833325E-001, 9.47327084E-001, 2.63993722E-001, 0.00000000E+000, 1.22655964E-003
 1.73400000E+001, 2.46822724E-001, 9.47367113E-001, 2.64295729E-001, 0.00000000E+000, 1.23077385E-003
 1.73800000E+001, 2.46813606E-001, 9.47406276E-001, 2.64627368E-001, 0.00000000E+000, 1.23541276E-003
 1.74200000E+001, 2.46802207E-001, 9.47457191E-001, 2.64957963E-001, 0.00000000E+000, 1.24004789E-003
 1.74600000E+001, 2.46795978E-001, 9.47502010E-001, 2.65322358E-001, 0.00000000E+000, 1.24517148E-003
 1.75000000E+001, 2.46785504E-001, 9.47559880E-001, 2.65691101E-001, 0.00000000E+000, 1.25037083E-003
 1.75400000E+001, 2.46777125E-001, 9.47617236E-001, 2.66077035E-001, 0.00000000E+000, 1.25583049E-003
 1.75800000E+001, 2.46766533E-001, 9.47680131E-001, 2.66474516E-001, 0.00000000E+000, 1.26147059E-003
 1.76200000E+001, 2.46758749E-001, 9.47728289E-001, 2.66834934E-001, 0.00000000E+000, 1.26659646E-003
 1.76600000E+001, 2.46748083E-001, 9.47777407E-001, 2.67196303E-001, 0.00000000E+000, 1.27174994E-003
 1.77000000E+001, 2.46740727E-001, 9.47807702E-001, 2.67508641E-001, 0.00000000E+000, 1.27621439E-003
 1.77400000E+001, 2.46730464E-001, 9.47836959E-001, 2.67817425E-001, 0.00000000E+000, 1.28063817E-003
 1.77800000E+001, 2.46720621E-001, 9.47854584E-001, 2.68090424E-001, 0.00000000E+000, 1.28455742E-003
 1.78200000E+001, 2.46708657E-001, 9.47870607E-001, 2.68359279E-001, 0.00000000E+000, 1.28842482E-003
 1.78600000E+001, 2.46702401E-001, 9.47875434E-001, 2.68613492E-001, 0.00000000E+000, 1.29208893E-003
 1.79000000E+001, 2.46691630E-001, 9.47881908E-001, 2.68870891E-001, 0.00000000E+000, 1.29580623E-003
 1.79400000E+001, 2.46682052E-001, 9.47886172E-001, 2.69125867E-001, 0.00000000E+000, 1.29949582E-003
 1.79800000E+001, 2.46671122E-001, 9.47890544E-001, 2.69387402E-001, 0.00000000E+000, 1.30328771E-003
 1.80200000E+001, 2.46662067E-001, 9.47892889E-001, 2.69657194E-001, 0.00000000E+000, 1.30720653E-003
 1.80600000E+001, 2.46651355E-001, 9.47901427E-001, 2.69928217E-001, 0.00000000E+000, 1.31115135E-003
 1.81000000E+001, 2.46642976E-001, 9.47907983E-001, 2.70225054E-001, 0.00000000E+000, 1.31548095E-003
 1.81400000E+001, 2.46633950E-001, 9.47926580E-001, 2.70518933E-001, 0.00000000E+000, 1.31977626E-003
 1.81800000E+001, 2.46623039E-001, 9.47948340E-001, 2.70851640E-001, 0.00000000E+000, 1.32465164E-003
 1.82200000E+001, 2.46610161E-001, 9.47985537E-001, 2.71186850E-001, 0.00000000E+000, 1.32957603E-003
 1.82600000E+001, 2.46606230E-001, 9.48014588E-001, 2.71567963E-001, 0.00000000E+000, 1.33519004E-003
 1.83000000E+001, 2.46597379E-001, 9.48061022E-001, 2.71947955E-001, 0.00000000E+000, 1.34080317E-003
 1.83400000E+001, 2.46585615E-001, 9.48111516E-001, 2.72357256E-001, 0.00000000E+000, 1.34686690E-003
 1.83800000E+001, 2.46574931E-001, 9.48166400E-001, 2.72778382E-001, 0.00000000E+000, 1.35312451E-003
 1.84200000E+001, 2.46569409E-001, 9.48217299E-001, 2.73218658E-001, 0.00000000E+000, 1.35968776E-003
 1.84600000E+001, 2.46558961E-001, 9.48273304E-001, 2.73668478E-001, 0.00000000E+000, 1.36641606E-003
 1.85000000E+001, 2.46548013E-001, 9.48329083E-001, 2.74124579E-001, 0.00000000E+000, 1.37326029E-003
 1.85400000E+001, 2.46543438E-001, 9.48374255E-001, 2.74576526E-001, 0.00000000E+000, 1.38006314E-003
 1.85800000E+001, 2.46530850E-001, 9.48422043E-001, 2.75038157E-001, 0.00000000E+000, 1.38703507E-003
 1.86200000E+001, 2.46516827E-001, 9.48469474E-001, 2.75503035E-001, 0.00000000E+000, 1.39408001E-003
 1.86600000E+001, 2.46512793E-001, 9.48503772E-001, 2.75971553E-001, 0.00000000E+000, 1.40120439E-003
 1.87000000E+001, 2.46507973E-001, 9.48536637E-001, 2.76444466E-001, 0.00000000E+000, 1.40842029E-003
 1.87400000E+001, 2.46493660E-001, 9.48577401E-001, 2.76921096E-001, 0.00000000E+000, 1.41571813E-003
 1.87800000E+001, 2.46475320E-001, 9.48623626E-001, 2.77398142E-001, 0.00000000E+000, 1.42304715E-003
 1.88200000E+001, 2.46478637E-001, 9.48648929E-001, 2.77880152E-001, 0.00000000E+000, 1.43047816E-003
 1.88600000E+001, 2.46467165E-001, 9.48689317E-001, 2.78353136E-001, 0.00000000E+000, 1.43779534E-003
 1.89000000E+001, 2.46454232E-001, 9.48733601E-001, 2.78823642E-001, 0.00000000E+000, 1.44509907E-003
 1.89400000E+001, 2.46450269E-001, 9.48771661E-001, 2.79301619E-001, 0.00000000E+000, 1.45254405E-003
 1.89800000E+001, 2.46436502E-001, 9.48823595E-001, 2.79765597E-001, 0.00000000E+000, 1.45979530E-003
 1.90200000E+001, 2.46420303E-001, 9.48881137E-001, 2.80215230E-001, 0.00000000E+000, 1.46684496E-003
 1.90600000E+001, 2.46421428E-001, 9.48927090E-001, 2.80673816E-001, 0.00000000E+000, 1.47405862E-003
 1.91000000E+001, 2.46410999E-001, 9.48986328E-001, 2.81110284E-001, 0.00000000E+000, 1.48094629E-003
 1.91400000E+001, 2.46403941E-001, 9.49047364E-001, 2.81544603E-001, 0.00000000E+000, 1.48782122E-003
 1.91800000E+001, 2.46390389E-001, 9.49116382E-001, 2.81966430E-001, 0.00000000E+000, 1.49451838E-003
 1.92200000E+001, 2.46377797E-001, 9.49185966E-001, 2.82382825E-001, 0.00000000E+000, 1.50114858E-003
 1.92600000E+001, 2.46379721E-001, 9.49242623E-001, 2.82800948E-001, 0.00000000E+000, 1.50782609E-003
 1.93000000E+001, 2.46364085E-001, 9.49315466E-001, 2.83211943E-001, 0.00000000E+000, 1.51440924E-003
 1.93400000E+001, 2.46338528E-001, 9.49396169E-001, 2.83644384E-001, 0.00000000E+000, 1.52135691E-003
 1.93800000E+001, 2.46353126E-001, 9.49439413E-001, 2.84072936E-001, 0.00000000E+000, 1.52826290E-003
 1.94200000E+001, 2.46340858E-001, 9.49505699E-001, 2.84485714E-001, 0.00000000E+000, 1.53493462E-003
 1.94600000E+001, 2.46328309E-001, 9.49569397E-001, 2.84916899E-001, 0.00000000E+000, 1.54192484E-003
 1.95000000E+001, 2.46327729E-001, 9.49620810E-001, 2.85353069E-001, 0.00000000E+000, 1.54901779E-003
 1.95400000E+001, 2.46309663E-001, 9.49687025E-001, 2.85789141E-001, 0.00000000E+000, 1.55613104E-003
 1.95800000E+001, 2.46284324E-001, 9.49760452E-001, 2.86236723E-001, 0.00000000E+000, 1.56345409E-003
 1.96200000E+001, 2.46298065E-001, 9.49794329E-001, 2.86668457E-001, 0.00000000E+000, 1.57053906E-003
 1.96600000E+001, 2.46290183E-001, 9.49844188E-001, 2.87077036E-001, 0.00000000E+000, 1.57726368E-003
 1.97000000E+001, 2.46277515E-001, 9.49896403E-001, 2.87498359E-001, 0.00000000E+000, 1.58421825E-003
 1.97400000E+001, 2.46260434E-001, 9.49953740E-001, 2.87912987E-001, 0.00000000E+000, 1.59108221E-003
 1.97800000E+001, 2.46260594E-001, 9.49992184E-001, 2.88329522E-001, 0.00000000E+000, 1.59799778E-003
 1.98200000E+001, 2.46245271E-001, 9.50044275E-001, 2.88742427E-001, 0.00000000E+000, 1.60487298E-003
 1.98600000E+001, 2.46217851E-001, 9.50107600E-001, 2.89174399E-001, 0.00000000E+000, 1.61208637E-003
 1.99000000E+001, 2.46234550E-001, 9.50127251E-001, 2.89595911E-001, 0.00000000E+000, 1.61914798E-003
 1.99400000E+001, 2.46497623E-001, 9.49900443E-001, 2.90114979E-001, 0.00000000E+000, 1.62786323E-003
 1.99800000E+001, 2.46443246E-001, 9.50052744E-001, 2.90507952E-001, 0.00000000E+000, 1.63456360E-003
