   1000.1469075743097      ,         150
X,ZB,H,U,L,Q,QL
 3.33333333E+000, 9.25674922E+000, 7.70398076E-001, 2.50504953E+000, 9.99929362E+000, 1.92988533E+000, 1.92974901E+001
 1.00000000E+001, 9.13897334E+000, 6.38812245E-001, 3.08388120E+000, 9.99372736E+000, 1.97002107E+000, 1.96878535E+001
 1.66666667E+001, 9.02372196E+000, 6.45821808E-001, 3.05332474E+000, 9.98280988E+000, 1.97190371E+000, 1.96851398E+001
 2.33333333E+001, 8.91080740E+000, 6.53915811E-001, 3.01905986E+000, 9.96676266E+000, 1.97421098E+000, 1.96764922E+001
 3.00000000E+001, 8.80005494E+000, 6.61087357E-001, 2.99263629E+000, 9.94580416E+000, 1.97839401E+000, 1.96767194E+001
 3.66666667E+001, 8.69130239E+000, 6.67483805E-001, 2.97162524E+000, 9.92014980E+000, 1.98351172E+000, 1.96767334E+001
 4.33333333E+001, 8.58439764E+000, 6.73611578E-001, 2.95357552E+000, 9.89001196E+000, 1.98956267E+000, 1.96767986E+001
 5.00000000E+001, 8.47919894E+000, 6.79650685E-001, 2.93754636E+000, 9.85560000E+000, 1.99650540E+000, 1.96767586E+001
 5.66666667E+001, 8.37557012E+000, 6.85672319E-001, 2.92316796E+000, 9.81712023E+000, 2.00433535E+000, 1.96768011E+001
 6.33333333E+001, 8.27338951E+000, 6.91696125E-001, 2.91026549E+000, 9.77477593E+000, 2.01301936E+000, 1.96768132E+001
 7.00000000E+001, 8.17253630E+000, 6.97724272E-001, 2.89877100E+000, 9.72876736E+000, 2.02254289E+000, 1.96768492E+001
 7.66666667E+001, 8.07289921E+000, 7.03758327E-001, 2.88860529E+000, 9.67929173E+000, 2.03288002E+000, 1.96768388E+001
 8.33333333E+001, 7.97437405E+000, 7.09797415E-001, 2.87971656E+000, 9.62654321E+000, 2.04401537E+000, 1.96768023E+001
 9.00000000E+001, 7.87686027E+000, 7.15838550E-001, 2.87206040E+000, 9.57071296E+000, 2.05593155E+000, 1.96767307E+001
 9.66666667E+001, 7.78026330E+000, 7.21882088E-001, 2.86560613E+000, 9.51198909E+000, 2.06862974E+000, 1.96767835E+001
 1.03333333E+002, 7.68449284E+000, 7.27919990E-001, 2.86028831E+000, 9.45055667E+000, 2.08206104E+000, 1.96766358E+001
 1.10000000E+002, 7.58946391E+000, 7.33961040E-001, 2.85610399E+000, 9.38659776E+000, 2.09626905E+000, 1.96768344E+001
 1.16666667E+002, 7.49509430E+000, 7.39983622E-001, 2.85296669E+000, 9.32029136E+000, 2.11114863E+000, 1.96765203E+001
 1.23333333E+002, 7.40130613E+000, 7.46012811E-001, 2.85092032E+000, 9.25181344E+000, 2.12682308E+000, 1.96769704E+001
 1.30000000E+002, 7.30802446E+000, 7.52005567E-001, 2.84981595E+000, 9.18133696E+000, 2.14307746E+000, 1.96763163E+001
 1.36666667E+002, 7.21517802E+000, 7.58041617E-001, 2.84992015E+000, 9.10903181E+000, 2.16035808E+000, 1.96787705E+001
 1.43333333E+002, 7.12269961E+000, 7.64052358E-001, 2.85078718E+000, 9.03506488E+000, 2.17815067E+000, 1.96797326E+001
 1.50000000E+002, 7.03052205E+000, 7.70010486E-001, 2.85255834E+000, 8.95960000E+000, 2.19649984E+000, 1.96797599E+001
 1.56666667E+002, 6.93858280E+000, 7.75939738E-001, 2.85522720E+000, 8.88279798E+000, 2.21548424E+000, 1.96796990E+001
 1.63333333E+002, 6.84682152E+000, 7.81838165E-001, 2.85876166E+000, 8.80481658E+000, 2.23508897E+000, 1.96795484E+001
 1.70000000E+002, 6.75517948E+000, 7.87711031E-001, 2.86314817E+000, 8.72581056E+000, 2.25533340E+000, 1.96796120E+001
 1.76666667E+002, 6.66359995E+000, 7.93534542E-001, 2.86832544E+000, 8.64593161E+000, 2.27611531E+000, 1.96791373E+001
 1.83333333E+002, 6.57203036E+000, 7.99383061E-001, 2.87409954E+000, 8.56532840E+000, 2.29750648E+000, 1.96788975E+001
 1.90000000E+002, 6.48043384E+000, 8.05321429E-001, 2.88068265E+000, 8.48414656E+000, 2.31987547E+000, 1.96821635E+001
 1.96666667E+002, 6.38871495E+000, 8.10841044E-001, 2.88850907E+000, 8.40252870E+000, 2.34212171E+000, 1.96797449E+001
 2.03333333E+002, 6.29687133E+000, 8.16588441E-001, 2.89646463E+000, 8.32061439E+000, 2.36521953E+000, 1.96800797E+001
 2.10000000E+002, 6.20484195E+000, 8.22185809E-001, 2.90528971E+000, 8.23854016E+000, 2.38868797E+000, 1.96793018E+001
 2.16666667E+002, 6.11258241E+000, 8.27732695E-001, 2.91480273E+000, 8.15643951E+000, 2.41267752E+000, 1.96788583E+001
 2.23333333E+002, 6.02005164E+000, 8.33241208E-001, 2.92494548E+000, 8.07444290E+000, 2.43718510E+000, 1.96789119E+001
 2.30000000E+002, 5.92720861E+000, 8.38674571E-001, 2.93569121E+000, 7.99267776E+000, 2.46208957E+000, 1.96786885E+001
 2.36666667E+002, 5.83401623E+000, 8.44051734E-001, 2.94699681E+000, 7.91126850E+000, 2.48741777E+000, 1.96786298E+001
 2.43333333E+002, 5.74043867E+000, 8.49358786E-001, 2.95884054E+000, 7.83033647E+000, 2.51311721E+000, 1.96785533E+001
 2.50000000E+002, 5.64644186E+000, 8.54590832E-001, 2.97119582E+000, 7.75000000E+000, 2.53915671E+000, 1.96784645E+001
 2.56666667E+002, 5.55199431E+000, 8.59743582E-001, 2.98402111E+000, 7.67037439E+000, 2.56549300E+000, 1.96782918E+001
 2.63333333E+002, 5.45706675E+000, 8.64822896E-001, 2.99729576E+000, 7.59157190E+000, 2.59213000E+000, 1.96783413E+001
 2.70000000E+002, 5.36163259E+000, 8.69801679E-001, 3.01095462E+000, 7.51370176E+000, 2.61893339E+000, 1.96778844E+001
 2.76666667E+002, 5.26566861E+000, 8.74728916E-001, 3.02500183E+000, 7.43687016E+000, 2.64605658E+000, 1.96783792E+001
 2.83333333E+002, 5.16914872E+000, 8.79505190E-001, 3.03939938E+000, 7.36118025E+000, 2.67316753E+000, 1.96776680E+001
 2.90000000E+002, 5.07205832E+000, 8.84233221E-001, 3.05405581E+000, 7.28673216E+000, 2.70049760E+000, 1.96778027E+001
 2.96666667E+002, 4.97437975E+000, 8.88848967E-001, 3.06898094E+000, 7.21362298E+000, 2.72786054E+000, 1.96777575E+001
 3.03333333E+002, 4.87609949E+000, 8.93349950E-001, 3.08411260E+000, 7.14194678E+000, 2.75519184E+000, 1.96774335E+001
 3.10000000E+002, 4.77720741E+000, 8.97763151E-001, 3.09942840E+000, 7.07179456E+000, 2.78255260E+000, 1.96776404E+001
 3.16666667E+002, 4.67769499E+000, 9.02030626E-001, 3.11486299E+000, 7.00325432E+000, 2.80970181E+000, 1.96770564E+001
 3.23333333E+002, 4.57756286E+000, 9.06226298E-001, 3.13034663E+000, 6.93641101E+000, 2.83680244E+000, 1.96772277E+001
 3.30000000E+002, 4.47680701E+000, 9.10284311E-001, 3.14590885E+000, 6.87134656E+000, 2.86367147E+000, 1.96772791E+001
 3.36666667E+002, 4.37543153E+000, 9.14204979E-001, 3.16141826E+000, 6.80813984E+000, 2.89018432E+000, 1.96767790E+001
 3.43333333E+002, 4.27344209E+000, 9.18028867E-001, 3.17695209E+000, 6.74686672E+000, 2.91653373E+000, 1.96774644E+001
 3.50000000E+002, 4.17085439E+000, 9.21704965E-001, 3.19219679E+000, 6.68760000E+000, 2.94226363E+000, 1.96766822E+001
 3.56666667E+002, 4.06767694E+000, 9.25275029E-001, 3.20746715E+000, 6.63040947E+000, 2.96778926E+000, 1.96776581E+001
 3.63333333E+002, 3.96392967E+000, 9.28646843E-001, 3.22240062E+000, 6.57536189E+000, 2.99247216E+000, 1.96765874E+001
 3.70000000E+002, 3.85964072E+000, 9.31981627E-001, 3.23706502E+000, 6.52252096E+000, 3.01688512E+000, 1.96776965E+001
 3.76666667E+002, 3.75482914E+000, 9.35070234E-001, 3.25141210E+000, 6.47194737E+000, 3.04029867E+000, 1.96766530E+001
 3.83333333E+002, 3.64952627E+000, 9.38089910E-001, 3.26546898E+000, 6.42369877E+000, 3.06330350E+000, 1.96777389E+001
 3.90000000E+002, 3.54376603E+000, 9.40892658E-001, 3.27898706E+000, 6.37782976E+000, 3.08517485E+000, 1.96767200E+001
 3.96666667E+002, 3.43758983E+000, 9.43623216E-001, 3.29209715E+000, 6.33439193E+000, 3.10649930E+000, 1.96777841E+001
 4.03333333E+002, 3.33103466E+000, 9.46149767E-001, 3.30450653E+000, 6.29343383E+000, 3.12655809E+000, 1.96767864E+001
 4.10000000E+002, 3.22412193E+000, 9.48451929E-001, 3.31705278E+000, 6.25500096E+000, 3.14606511E+000, 1.96786403E+001
 4.16666667E+002, 3.11697314E+000, 9.50870717E-001, 3.32766612E+000, 6.21913580E+000, 3.16418027E+000, 1.96784668E+001
 4.23333333E+002, 3.00956570E+000, 9.52838259E-001, 3.33859158E+000, 6.18587780E+000, 3.18113779E+000, 1.96781296E+001
 4.30000000E+002, 2.90197788E+000, 9.54684950E-001, 3.34846085E+000, 6.15526336E+000, 3.19672518E+000, 1.96766854E+001
 4.36666667E+002, 2.79426639E+000, 9.56472175E-001, 3.35769579E+000, 6.12732586E+000, 3.21154260E+000, 1.96781680E+001
 4.43333333E+002, 2.68648930E+000, 9.57976741E-001, 3.36603933E+000, 6.10209564E+000, 3.22458739E+000, 1.96767407E+001
 4.50000000E+002, 2.57870684E+000, 9.59495891E-001, 3.37344708E+000, 6.07960000E+000, 3.23680861E+000, 1.96785016E+001
 4.56666667E+002, 2.47097799E+000, 9.60692334E-001, 3.37987386E+000, 6.05986322E+000, 3.24701891E+000, 1.96764905E+001
 4.63333333E+002, 2.36337499E+000, 9.61834038E-001, 3.38568508E+000, 6.04290654E+000, 3.25646715E+000, 1.96785267E+001
 4.70000000E+002, 2.25595183E+000, 9.62657281E-001, 3.39038984E+000, 6.02874816E+000, 3.26378346E+000, 1.96765285E+001
 4.76666667E+002, 2.14877374E+000, 9.63432439E-001, 3.39439679E+000, 6.01740325E+000, 3.27027198E+000, 1.96785452E+001
 4.83333333E+002, 2.04190968E+000, 9.63934780E-001, 3.39709411E+000, 6.00888395E+000, 3.27457716E+000, 1.96765541E+001
 4.90000000E+002, 1.93541757E+000, 9.64294240E-001, 3.39938917E+000, 6.00319936E+000, 3.27801140E+000, 1.96785559E+001
 4.96666667E+002, 1.82936038E+000, 9.88359463E-001, 3.32548948E+000, 6.00035555E+000, 3.28677900E+000, 1.97218426E+001
 5.03333333E+002, 1.73470421E+000, 1.10798107E+000, 2.96892855E+000, 6.00035555E+000, 3.28951664E+000, 1.97382694E+001
 5.10000000E+002, 1.66002862E+000, 1.18160183E+000, 2.77617877E+000, 6.00319936E+000, 3.28033792E+000, 1.96925225E+001
 5.16666667E+002, 1.59503353E+000, 1.21398554E+000, 2.69848684E+000, 6.00888395E+000, 3.27592400E+000, 1.96846471E+001
 5.23333333E+002, 1.53642667E+000, 1.23533933E+000, 2.64753769E+000, 6.01740325E+000, 3.27060744E+000, 1.96805639E+001
 5.30000000E+002, 1.48204807E+000, 1.25118164E+000, 2.60878252E+000, 6.02874816E+000, 3.26406078E+000, 1.96782004E+001
 5.36666667E+002, 1.43070622E+000, 1.26401123E+000, 2.57611777E+000, 6.04290654E+000, 3.25624179E+000, 1.96771648E+001
 5.43333333E+002, 1.38177266E+000, 1.27500012E+000, 2.54668571E+000, 6.05986322E+000, 3.24702458E+000, 1.96765248E+001
 5.50000000E+002, 1.33490905E+000, 1.28471802E+000, 2.51919558E+000, 6.07960000E+000, 3.23645597E+000, 1.96763577E+001
 5.56666667E+002, 1.28991679E+000, 1.29342742E+000, 2.49297555E+000, 6.10209564E+000, 3.22448293E+000, 1.96761032E+001
 5.63333333E+002, 1.24666125E+000, 1.30129015E+000, 2.46770804E+000, 6.12732586E+000, 3.21120418E+000, 1.96760944E+001
 5.70000000E+002, 1.20503639E+000, 1.30839589E+000, 2.44314029E+000, 6.15526336E+000, 3.19659471E+000, 1.96758823E+001
 5.76666667E+002, 1.16494942E+000, 1.31483964E+000, 2.41913530E+000, 6.18587780E+000, 3.18077498E+000, 1.96758854E+001
 5.83333333E+002, 1.12631503E+000, 1.32068577E+000, 2.39552048E+000, 6.21913580E+000, 3.16372981E+000, 1.96756653E+001
 5.90000000E+002, 1.08905367E+000, 1.32601926E+000, 2.37220613E+000, 6.25500096E+000, 3.14559102E+000, 1.96756748E+001
 5.96666667E+002, 1.05309134E+000, 1.33089605E+000, 2.34905432E+000, 6.29343383E+000, 3.12634713E+000, 1.96754588E+001
 6.03333333E+002, 1.01835964E+000, 1.33539225E+000, 2.32601186E+000, 6.33439193E+000, 3.10613820E+000, 1.96754967E+001
 6.10000000E+002, 9.84795818E-001, 1.33955100E+000, 2.30297705E+000, 6.37782976E+000, 3.08495520E+000, 1.96753191E+001
 6.16666667E+002, 9.52342516E-001, 1.34343272E+000, 2.27990337E+000, 6.42369877E+000, 3.06289679E+000, 1.96751263E+001
 6.23333333E+002, 9.20947395E-001, 1.34708511E+000, 2.25675385E+000, 6.47194737E+000, 3.04003951E+000, 1.96749757E+001
 6.30000000E+002, 8.90562643E-001, 1.35054761E+000, 2.23350309E+000, 6.52252096E+000, 3.01645226E+000, 1.96748731E+001
 6.36666667E+002, 8.61144399E-001, 1.35385361E+000, 2.21013749E+000, 6.57536189E+000, 2.99220260E+000, 1.96748150E+001
 6.43333333E+002, 8.32652206E-001, 1.35703130E+000, 2.18665379E+000, 6.63040947E+000, 2.96735765E+000, 1.96747962E+001
 6.50000000E+002, 8.05048487E-001, 1.36010439E+000, 2.16305744E+000, 6.68760000E+000, 2.94198391E+000, 1.96748116E+001
 6.56666667E+002, 7.78298076E-001, 1.36309262E+000, 2.13936098E+000, 6.74686672E+000, 2.91614715E+000, 1.96748562E+001
 6.63333333E+002, 7.52367818E-001, 1.36601237E+000, 2.11558270E+000, 6.80813984E+000, 2.88991214E+000, 1.96749260E+001
 6.70000000E+002, 7.27226238E-001, 1.36887710E+000, 2.09174570E+000, 6.87134656E+000, 2.86334279E+000, 1.96750206E+001
 6.76666667E+002, 7.02843250E-001, 1.37169743E+000, 2.06787872E+000, 6.93641101E+000, 2.83650393E+000, 1.96751571E+001
 6.83333333E+002, 6.79189946E-001, 1.37447979E+000, 2.04400507E+000, 7.00325432E+000, 2.80944367E+000, 1.96752485E+001
 6.90000000E+002, 6.56238426E-001, 1.37723272E+000, 2.02015305E+000, 7.07179456E+000, 2.78222088E+000, 1.96752945E+001
 6.96666667E+002, 6.33961666E-001, 1.37996448E+000, 1.99635646E+000, 7.14194678E+000, 2.75490101E+000, 1.96753564E+001
 7.03333333E+002, 6.12333420E-001, 1.38267964E+000, 1.97264490E+000, 7.21362298E+000, 2.72753595E+000, 1.96754160E+001
 7.10000000E+002, 5.91328143E-001, 1.38538270E+000, 1.94905014E+000, 7.28673216E+000, 2.70018035E+000, 1.96754910E+001
 7.16666667E+002, 5.70920956E-001, 1.38807646E+000, 1.92560101E+000, 7.36118025E+000, 2.67288144E+000, 1.96755620E+001
 7.23333333E+002, 5.51087599E-001, 1.39076402E+000, 1.90232799E+000, 7.43687016E+000, 2.64568931E+000, 1.96756479E+001
 7.30000000E+002, 5.31804423E-001, 1.39344698E+000, 1.87925803E+000, 7.51370176E+000, 2.61864643E+000, 1.96757283E+001
 7.36666667E+002, 5.13048368E-001, 1.39612751E+000, 1.85641948E+000, 7.59157190E+000, 2.59179831E+000, 1.96758232E+001
 7.43333333E+002, 4.94796959E-001, 1.39880643E+000, 1.83383680E+000, 7.67037439E+000, 2.56518270E+000, 1.96759117E+001
 7.50000000E+002, 4.77028303E-001, 1.40148523E+000, 1.81153586E+000, 7.75000000E+000, 2.53884074E+000, 1.96760158E+001
 7.56666667E+002, 4.59721086E-001, 1.40416463E+000, 1.78953874E+000, 7.83033647E+000, 2.51280700E+000, 1.96761243E+001
 7.63333333E+002, 4.42854579E-001, 1.40684526E+000, 1.76786674E+000, 7.91126850E+000, 2.48711494E+000, 1.96762341E+001
 7.70000000E+002, 4.26408625E-001, 1.40952764E+000, 1.74653993E+000, 7.99267776E+000, 2.46179630E+000, 1.96763445E+001
 7.76666667E+002, 4.10363647E-001, 1.41221219E+000, 1.72557700E+000, 8.07444290E+000, 2.43688088E+000, 1.96764555E+001
 7.83333333E+002, 3.94700636E-001, 1.41489926E+000, 1.70499532E+000, 8.15643951E+000, 2.41239662E+000, 1.96765671E+001
 7.90000000E+002, 3.79401150E-001, 1.41758912E+000, 1.68481093E+000, 8.23854016E+000, 2.38836965E+000, 1.96766792E+001
 7.96666667E+002, 3.64447305E-001, 1.42028199E+000, 1.66503864E+000, 8.32061439E+000, 2.36482440E+000, 1.96767919E+001
 8.03333333E+002, 3.49821764E-001, 1.42297806E+000, 1.64569209E+000, 8.40252870E+000, 2.34178374E+000, 1.96769051E+001
 8.10000000E+002, 3.35507723E-001, 1.42567748E+000, 1.62678382E+000, 8.48414656E+000, 2.31926906E+000, 1.96770186E+001
 8.16666667E+002, 3.21488903E-001, 1.42838040E+000, 1.60832536E+000, 8.56532840E+000, 2.29730043E+000, 1.96771326E+001
 8.23333333E+002, 3.07749526E-001, 1.43108696E+000, 1.59032732E+000, 8.64593161E+000, 2.27589668E+000, 1.96772470E+001
 8.30000000E+002, 2.94274301E-001, 1.43379727E+000, 1.57279942E+000, 8.72581056E+000, 2.25507552E+000, 1.96773617E+001
 8.36666667E+002, 2.81048406E-001, 1.43651145E+000, 1.55575069E+000, 8.80481658E+000, 2.23485369E+000, 1.96774768E+001
 8.43333333E+002, 2.68057463E-001, 1.43922965E+000, 1.53918944E+000, 8.88279798E+000, 2.21524708E+000, 1.96775923E+001
 8.50000000E+002, 2.55287516E-001, 1.44195198E+000, 1.52312342E+000, 8.95960000E+000, 2.19627082E+000, 1.96777080E+001
 8.56666667E+002, 2.42725013E-001, 1.44467858E+000, 1.50755987E+000, 9.03506488E+000, 2.17793945E+000, 1.96778242E+001
 8.63333333E+002, 2.30356771E-001, 1.44740960E+000, 1.49250565E+000, 9.10903181E+000, 2.16026700E+000, 1.96779408E+001
 8.70000000E+002, 2.18169958E-001, 1.45014520E+000, 1.47796728E+000, 9.18133696E+000, 2.14326716E+000, 1.96780580E+001
 8.76666667E+002, 2.06152060E-001, 1.45288554E+000, 1.46395108E+000, 9.25181344E+000, 2.12695336E+000, 1.96781757E+001
 8.83333333E+002, 1.94290855E-001, 1.45563082E+000, 1.45046321E+000, 9.32029136E+000, 2.11133895E+000, 1.96782942E+001
 8.90000000E+002, 1.82574381E-001, 1.45838123E+000, 1.43750978E+000, 9.38659776E+000, 2.09643728E+000, 1.96784135E+001
 8.96666667E+002, 1.70990908E-001, 1.46113697E+000, 1.42509697E+000, 9.45055667E+000, 2.08226187E+000, 1.96785338E+001
 9.03333333E+002, 1.59528903E-001, 1.46389829E+000, 1.41323106E+000, 9.51198909E+000, 2.06882653E+000, 1.96786554E+001
 9.10000000E+002, 1.48176995E-001, 1.46666543E+000, 1.40191857E+000, 9.57071296E+000, 2.05614550E+000, 1.96787784E+001
 9.16666667E+002, 1.36923944E-001, 1.46943866E+000, 1.39116634E+000, 9.62654321E+000, 2.04423359E+000, 1.96789030E+001
 9.23333333E+002, 1.25758598E-001, 1.47221826E+000, 1.38098162E+000, 9.67929173E+000, 2.03310636E+000, 1.96790295E+001
 9.30000000E+002, 1.14669861E-001, 1.47500455E+000, 1.37137220E+000, 9.72876736E+000, 2.02278023E+000, 1.96791583E+001
 9.36666667E+002, 1.03646642E-001, 1.47779787E+000, 1.36234647E+000, 9.77477593E+000, 2.01327271E+000, 1.96792897E+001
 9.43333333E+002, 9.26778202E-002, 1.48059858E+000, 1.35391358E+000, 9.81712023E+000, 2.00460252E+000, 1.96794239E+001
 9.50000000E+002, 8.17521902E-002, 1.48340708E+000, 1.34608350E+000, 9.85560000E+000, 1.99678980E+000, 1.96795615E+001
 9.56666667E+002, 7.08584156E-002, 1.48622392E+000, 1.33886710E+000, 9.89001196E+000, 1.98985631E+000, 1.96797027E+001
 9.63333333E+002, 5.99849726E-002, 1.48905014E+000, 1.33227585E+000, 9.92014980E+000, 1.98382554E+000, 1.96798465E+001
 9.70000000E+002, 4.91200894E-002, 1.49188665E+000, 1.32631945E+000, 9.94580416E+000, 1.97871828E+000, 1.96799445E+001
 9.76666667E+002, 3.82516809E-002, 1.49473409E+000, 1.32100824E+000, 9.96676266E+000, 1.97455606E+000, 1.96799316E+001
 9.83333333E+002, 2.73672768E-002, 1.49760584E+000, 1.31635367E+000, 9.98280988E+000, 1.97137894E+000, 1.96799012E+001
 9.90000000E+002, 1.64539406E-002, 1.50060917E+000, 1.31229808E+000, 9.99372736E+000, 1.96924654E+000, 1.96801130E+001
 9.96666667E+002, 5.49818093E-003, 1.50357325E+000, 1.30072804E+000, 9.99929362E+000, 1.95573989E+000, 1.95560174E+001
