   1000.0440889261642      ,         150
X,ZB,H,U,L,Q,QL
 3.33333333E+000, 9.25674922E+000, 7.75790251E-001, 2.48921089E+000, 9.99929362E+000, 1.93110554E+000, 1.93096913E+001
 1.00000000E+001, 9.13897334E+000, 7.10031043E-001, 2.76814881E+000, 9.99372736E+000, 1.96547159E+000, 1.96423872E+001
 1.66666667E+001, 9.02372196E+000, 6.80899239E-001, 2.89048591E+000, 9.98280988E+000, 1.96812966E+000, 1.96474642E+001
 2.33333333E+001, 8.91080740E+000, 6.77783687E-001, 2.90917329E+000, 9.96676266E+000, 1.97179020E+000, 1.96523649E+001
 3.00000000E+001, 8.80005494E+000, 6.80335611E-001, 2.90506862E+000, 9.94580416E+000, 1.97642163E+000, 1.96571025E+001
 3.66666667E+001, 8.69130239E+000, 6.84929565E-001, 2.89372109E+000, 9.92014980E+000, 1.98199513E+000, 1.96616886E+001
 4.33333333E+001, 8.58439764E+000, 6.90336692E-001, 2.88045578E+000, 9.89001196E+000, 1.98848432E+000, 1.96661337E+001
 5.00000000E+001, 8.47919894E+000, 6.96082811E-001, 2.86728097E+000, 9.85560000E+000, 1.99586500E+000, 1.96704471E+001
 5.66666667E+001, 8.37557012E+000, 7.01974548E-001, 2.85496805E+000, 9.81712023E+000, 2.00411491E+000, 1.96746370E+001
 6.33333333E+001, 8.27338951E+000, 7.07944001E-001, 2.84374680E+000, 9.77477593E+000, 2.01321349E+000, 1.96787107E+001
 7.00000000E+001, 8.17253630E+000, 7.13954180E-001, 2.83371361E+000, 9.72876736E+000, 2.02314168E+000, 1.96826747E+001
 7.66666667E+001, 8.07289921E+000, 7.19994084E-001, 2.82485892E+000, 9.67929173E+000, 2.03388171E+000, 1.96865344E+001
 8.33333333E+001, 7.97437405E+000, 7.26059460E-001, 2.81714798E+000, 9.62654321E+000, 2.04541694E+000, 1.96902946E+001
 9.00000000E+001, 7.87686027E+000, 7.32143384E-001, 2.81055832E+000, 9.57071296E+000, 2.05773168E+000, 1.96939593E+001
 9.66666667E+001, 7.78026330E+000, 7.38242880E-001, 2.80505382E+000, 9.51198909E+000, 2.07081101E+000, 1.96975318E+001
 1.03333333E+002, 7.68449284E+000, 7.44353923E-001, 2.80060413E+000, 9.45055667E+000, 2.08464067E+000, 1.97010148E+001
 1.10000000E+002, 7.58946391E+000, 7.50474850E-001, 2.79717149E+000, 9.38659776E+000, 2.09920685E+000, 1.97044104E+001
 1.16666667E+002, 7.49509430E+000, 7.56600146E-001, 2.79473396E+000, 9.32029136E+000, 2.11449612E+000, 1.97077200E+001
 1.23333333E+002, 7.40130613E+000, 7.62727244E-001, 2.79325966E+000, 9.25181344E+000, 2.13049524E+000, 1.97109445E+001
 1.30000000E+002, 7.30802446E+000, 7.68851625E-001, 2.79272485E+000, 9.18133696E+000, 2.14719104E+000, 1.97140844E+001
 1.36666667E+002, 7.21517802E+000, 7.74970771E-001, 2.79309925E+000, 9.10903181E+000, 2.16457028E+000, 1.97171396E+001
 1.43333333E+002, 7.12269961E+000, 7.81083870E-001, 2.79434724E+000, 9.03506488E+000, 2.18261956E+000, 1.97201093E+001
 1.50000000E+002, 7.03052205E+000, 7.87180620E-001, 2.79646765E+000, 8.95960000E+000, 2.20132514E+000, 1.97229927E+001
 1.56666667E+002, 6.93858280E+000, 7.93261845E-001, 2.79941969E+000, 8.88279798E+000, 2.22067283E+000, 1.97257881E+001
 1.63333333E+002, 6.84682152E+000, 7.99323390E-001, 2.80318069E+000, 8.80481658E+000, 2.24064789E+000, 1.97284937E+001
 1.70000000E+002, 6.75517948E+000, 8.05175912E-001, 2.80827974E+000, 8.72581056E+000, 2.26115920E+000, 1.97304468E+001
 1.76666667E+002, 6.66359995E+000, 8.10917118E-001, 2.81430265E+000, 8.64593161E+000, 2.28216619E+000, 1.97314528E+001
 1.83333333E+002, 6.57203036E+000, 8.16825700E-001, 2.82035633E+000, 8.56532840E+000, 2.30373954E+000, 1.97322857E+001
 1.90000000E+002, 6.48043384E+000, 8.22795156E-001, 2.82680656E+000, 8.48414656E+000, 2.32588275E+000, 1.97331301E+001
 1.96666667E+002, 6.38871495E+000, 8.28680738E-001, 2.83415930E+000, 8.40252870E+000, 2.34861322E+000, 1.97342900E+001
 2.03333333E+002, 6.29687133E+000, 8.34593172E-001, 2.84195844E+000, 8.32061439E+000, 2.37187911E+000, 1.97354914E+001
 2.10000000E+002, 6.20484195E+000, 8.40457388E-001, 2.85044327E+000, 8.23854016E+000, 2.39567610E+000, 1.97368738E+001
 2.16666667E+002, 6.11258241E+000, 8.46271985E-001, 2.85957674E+000, 8.15643951E+000, 2.41997968E+000, 1.97384179E+001
 2.23333333E+002, 6.02005164E+000, 8.52035873E-001, 2.86931984E+000, 8.07444290E+000, 2.44476344E+000, 1.97401028E+001
 2.30000000E+002, 5.92720861E+000, 8.57742156E-001, 2.87965431E+000, 7.99267776E+000, 2.47000089E+000, 1.97419212E+001
 2.36666667E+002, 5.83401623E+000, 8.63388861E-001, 2.89054263E+000, 7.91126850E+000, 2.49566231E+000, 1.97438546E+001
 2.43333333E+002, 5.74043867E+000, 8.68970618E-001, 2.90195871E+000, 7.83033647E+000, 2.52171685E+000, 1.97458914E+001
 2.50000000E+002, 5.64644186E+000, 8.74481711E-001, 2.91387653E+000, 7.75000000E+000, 2.54813173E+000, 1.97480209E+001
 2.56666667E+002, 5.55199431E+000, 8.79917659E-001, 2.92626427E+000, 7.67037439E+000, 2.57487161E+000, 1.97502292E+001
 2.63333333E+002, 5.45706675E+000, 8.85273468E-001, 2.93909068E+000, 7.59157190E+000, 2.60189900E+000, 1.97525033E+001
 2.70000000E+002, 5.36163259E+000, 8.90543700E-001, 2.95232394E+000, 7.51370176E+000, 2.62917348E+000, 1.97548254E+001
 2.76666667E+002, 5.26566861E+000, 8.95476410E-001, 2.96663504E+000, 7.43687016E+000, 2.65655169E+000, 1.97564300E+001
 2.83333333E+002, 5.16914872E+000, 9.00124732E-001, 2.98172255E+000, 7.36118025E+000, 2.68392221E+000, 1.97568352E+001
 2.90000000E+002, 5.07205832E+000, 9.04985791E-001, 2.99604158E+000, 7.28673216E+000, 2.71137506E+000, 1.97570639E+001
 2.96666667E+002, 4.97437975E+000, 9.09736334E-001, 3.01060971E+000, 7.21362298E+000, 2.73886104E+000, 1.97571110E+001
 3.03333333E+002, 4.87609949E+000, 9.14372349E-001, 3.02538526E+000, 7.14194678E+000, 2.76632863E+000, 1.97569718E+001
 3.10000000E+002, 4.77720741E+000, 9.18889959E-001, 3.04032484E+000, 7.07179456E+000, 2.79372397E+000, 1.97566420E+001
 3.16666667E+002, 4.67769499E+000, 9.23280150E-001, 3.05540089E+000, 7.00325432E+000, 2.82099099E+000, 1.97561173E+001
 3.23333333E+002, 4.57756286E+000, 9.27554164E-001, 3.07051769E+000, 6.93641101E+000, 2.84807147E+000, 1.97553943E+001
 3.30000000E+002, 4.47680701E+000, 9.31686552E-001, 3.08569999E+000, 6.87134656E+000, 2.87490518E+000, 1.97544698E+001
 3.36666667E+002, 4.37543153E+000, 9.35683339E-001, 3.10086746E+000, 6.80813984E+000, 2.90143002E+000, 1.97533413E+001
 3.43333333E+002, 4.27344209E+000, 9.39535749E-001, 3.11598806E+000, 6.74686672E+000, 2.92758218E+000, 1.97520068E+001
 3.50000000E+002, 4.17085439E+000, 9.43255100E-001, 3.13096255E+000, 6.68760000E+000, 2.95329639E+000, 1.97504650E+001
 3.56666667E+002, 4.06767694E+000, 9.46811515E-001, 3.14582796E+000, 6.63040947E+000, 2.97850614E+000, 1.97487153E+001
 3.63333333E+002, 3.96392967E+000, 9.50216271E-001, 3.16048464E+000, 6.57536189E+000, 3.00314393E+000, 1.97467581E+001
 3.70000000E+002, 3.85964072E+000, 9.53477985E-001, 3.17484161E+000, 6.52252096E+000, 3.02714158E+000, 1.97445944E+001
 3.76666667E+002, 3.75482914E+000, 9.56564320E-001, 3.18894455E+000, 6.47194737E+000, 3.05043057E+000, 1.97422261E+001
 3.83333333E+002, 3.64952627E+000, 9.59486468E-001, 3.20269485E+000, 6.42369877E+000, 3.07294237E+000, 1.97396561E+001
 3.90000000E+002, 3.54376603E+000, 9.62240911E-001, 3.21604368E+000, 6.37782976E+000, 3.09460881E+000, 1.97368881E+001
 3.96666667E+002, 3.43758983E+000, 9.64832882E-001, 3.22891409E+000, 6.33439193E+000, 3.11536249E+000, 1.97339270E+001
 4.03333333E+002, 3.33103466E+000, 9.67243535E-001, 3.24131109E+000, 6.29343383E+000, 3.13513719E+000, 1.97307785E+001
 4.10000000E+002, 3.22412193E+000, 9.69425961E-001, 3.25333592E+000, 6.25500096E+000, 3.15386830E+000, 1.97274492E+001
 4.16666667E+002, 3.11697314E+000, 9.71572593E-001, 3.26428848E+000, 6.21913580E+000, 3.17149323E+000, 1.97239471E+001
 4.23333333E+002, 3.00956570E+000, 9.73420343E-001, 3.27500025E+000, 6.18587780E+000, 3.18795187E+000, 1.97202807E+001
 4.30000000E+002, 2.90197788E+000, 9.75104654E-001, 3.28496743E+000, 6.15526336E+000, 3.20318703E+000, 1.97164597E+001
 4.36666667E+002, 2.79426639E+000, 9.76610328E-001, 3.29419499E+000, 6.12732586E+000, 3.21714485E+000, 1.97124948E+001
 4.43333333E+002, 2.68648930E+000, 9.77930746E-001, 3.30266255E+000, 6.10209564E+000, 3.22977525E+000, 1.97083974E+001
 4.50000000E+002, 2.57870684E+000, 9.79063964E-001, 3.31033764E+000, 6.07960000E+000, 3.24103229E+000, 1.97041799E+001
 4.56666667E+002, 2.47097799E+000, 9.80003657E-001, 3.31720658E+000, 6.05986322E+000, 3.25087458E+000, 1.96998553E+001
 4.63333333E+002, 2.36337499E+000, 9.80771440E-001, 3.32316528E+000, 6.04290654E+000, 3.25926559E+000, 1.96954374E+001
 4.70000000E+002, 2.25595183E+000, 9.81337231E-001, 3.32828910E+000, 6.02874816E+000, 3.26617401E+000, 1.96909405E+001
 4.76666667E+002, 2.14877374E+000, 9.81713074E-001, 3.33251541E+000, 6.01740325E+000, 3.27157395E+000, 1.96863797E+001
 4.83333333E+002, 2.04190968E+000, 9.81910657E-001, 3.33578742E+000, 6.00888395E+000, 3.27544522E+000, 1.96817702E+001
 4.90000000E+002, 1.93541757E+000, 9.81914425E-001, 3.33814578E+000, 6.00319936E+000, 3.27777349E+000, 1.96771277E+001
 4.96666667E+002, 1.82936038E+000, 9.81731767E-001, 3.33955824E+000, 6.00035555E+000, 3.27855041E+000, 1.96724682E+001
 5.03333333E+002, 1.73470421E+000, 1.05674431E+000, 3.11998403E+000, 6.00035555E+000, 3.29702538E+000, 1.97833245E+001
 5.10000000E+002, 1.66002862E+000, 1.14869038E+000, 2.85937614E+000, 6.00319936E+000, 3.28453786E+000, 1.97177356E+001
 5.16666667E+002, 1.59503353E+000, 1.19899112E+000, 2.72591910E+000, 6.00888395E+000, 3.26835278E+000, 1.96391526E+001
 5.23333333E+002, 1.53642667E+000, 1.22557123E+000, 2.65800249E+000, 6.01740325E+000, 3.25757137E+000, 1.96021206E+001
 5.30000000E+002, 1.48204807E+000, 1.24314777E+000, 2.61287450E+000, 6.02874816E+000, 3.24818911E+000, 1.95825141E+001
 5.36666667E+002, 1.43070622E+000, 1.25672533E+000, 2.57690982E+000, 6.04290654E+000, 3.23846784E+000, 1.95697585E+001
 5.43333333E+002, 1.38177266E+000, 1.26799995E+000, 2.54569606E+000, 6.05986322E+000, 3.22794248E+000, 1.95608899E+001
 5.50000000E+002, 1.33490905E+000, 1.27780556E+000, 2.51708663E+000, 6.07960000E+000, 3.21634729E+000, 1.95541050E+001
 5.56666667E+002, 1.28991679E+000, 1.28653952E+000, 2.49006954E+000, 6.10209564E+000, 3.20357287E+000, 1.95485080E+001
 5.63333333E+002, 1.24666125E+000, 1.29440266E+000, 2.46414532E+000, 6.12732586E+000, 3.18959627E+000, 1.95436957E+001
 5.70000000E+002, 1.20503639E+000, 1.30151401E+000, 2.43903490E+000, 6.15526336E+000, 3.17443809E+000, 1.95395025E+001
 5.76666667E+002, 1.16494942E+000, 1.30796144E+000, 2.41455108E+000, 6.18587780E+000, 3.15813970E+000, 1.95358663E+001
 5.83333333E+002, 1.12631503E+000, 1.31382173E+000, 2.39054652E+000, 6.21913580E+000, 3.14075196E+000, 1.95327630E+001
 5.90000000E+002, 1.08905367E+000, 1.31916702E+000, 2.36689522E+000, 6.25500096E+000, 3.12233013E+000, 1.95301779E+001
 5.96666667E+002, 1.05309134E+000, 1.32406577E+000, 2.34348751E+000, 6.29343383E+000, 3.10293159E+000, 1.95280947E+001
 6.03333333E+002, 1.01835964E+000, 1.32858198E+000, 2.32022949E+000, 6.33439193E+000, 3.08261509E+000, 1.95264922E+001
 6.10000000E+002, 9.84795818E-001, 1.33277421E+000, 2.29704351E+000, 6.37782976E+000, 3.06144035E+000, 1.95253454E+001
 6.16666667E+002, 9.52342516E-001, 1.33669489E+000, 2.27386816E+000, 6.42369877E+000, 3.03946795E+000, 1.95246265E+001
 6.23333333E+002, 9.20947395E-001, 1.34039010E+000, 2.25065762E+000, 6.47194737E+000, 3.01675919E+000, 1.95243067E+001
 6.30000000E+002, 8.90562643E-001, 1.34389970E+000, 2.22738042E+000, 6.52252096E+000, 2.99337589E+000, 1.95243570E+001
 6.36666667E+002, 8.61144399E-001, 1.34725770E+000, 2.20401797E+000, 6.57536189E+000, 2.96938018E+000, 1.95247493E+001
 6.43333333E+002, 8.32652206E-001, 1.35049276E+000, 2.18056274E+000, 6.63040947E+000, 2.94483421E+000, 1.95254566E+001
 6.50000000E+002, 8.05048487E-001, 1.35362885E+000, 2.15701659E+000, 6.68760000E+000, 2.91979988E+000, 1.95264537E+001
 6.56666667E+002, 7.78298076E-001, 1.35668577E+000, 2.13338904E+000, 6.74686672E+000, 2.89433856E+000, 1.95277165E+001
 6.63333333E+002, 7.52367818E-001, 1.35967985E+000, 2.10969575E+000, 6.80813984E+000, 2.86851080E+000, 1.95292227E+001
 6.70000000E+002, 7.27226238E-001, 1.36262437E+000, 2.08595718E+000, 6.87134656E+000, 2.84237609E+000, 1.95309512E+001
 6.76666667E+002, 7.02843250E-001, 1.36553012E+000, 2.06219736E+000, 6.93641101E+000, 2.81599261E+000, 1.95328822E+001
 6.83333333E+002, 6.79189946E-001, 1.36840581E+000, 2.03844288E+000, 7.00325432E+000, 2.78941707E+000, 1.95349972E+001
 6.90000000E+002, 6.56238426E-001, 1.37125840E+000, 2.01472201E+000, 7.07179456E+000, 2.76270448E+000, 1.95372785E+001
 6.96666667E+002, 6.33961666E-001, 1.37409346E+000, 1.99106400E+000, 7.14194678E+000, 2.73590803E+000, 1.95397095E+001
 7.03333333E+002, 6.12333420E-001, 1.37691540E+000, 1.96749851E+000, 7.21362298E+000, 2.70907898E+000, 1.95422744E+001
 7.10000000E+002, 5.91328143E-001, 1.37972768E+000, 1.94405508E+000, 7.28673216E+000, 2.68226660E+000, 1.95449583E+001
 7.16666667E+002, 5.70920956E-001, 1.38253304E+000, 1.92076280E+000, 7.36118025E+000, 2.65551802E+000, 1.95477468E+001
 7.23333333E+002, 5.51087599E-001, 1.38533427E+000, 1.89764828E+000, 7.43687016E+000, 2.62887721E+000, 1.95506185E+001
 7.30000000E+002, 5.31804423E-001, 1.38813265E+000, 1.87473995E+000, 7.51370176E+000, 2.60238774E+000, 1.95535654E+001
 7.36666667E+002, 5.13048368E-001, 1.39092901E+000, 1.85206512E+000, 7.59157190E+000, 2.57609110E+000, 1.95565808E+001
 7.43333333E+002, 4.94796959E-001, 1.39372433E+000, 1.82964865E+000, 7.67037439E+000, 2.55002583E+000, 1.95596528E+001
 7.50000000E+002, 4.77028303E-001, 1.39651938E+000, 1.80751406E+000, 7.75000000E+000, 2.52422841E+000, 1.95627702E+001
 7.56666667E+002, 4.59721086E-001, 1.39931474E+000, 1.78568352E+000, 7.83033647E+000, 2.49873328E+000, 1.95659223E+001
 7.63333333E+002, 4.42854579E-001, 1.40211086E+000, 1.76417780E+000, 7.91126850E+000, 2.47357286E+000, 1.95690991E+001
 7.70000000E+002, 4.26408625E-001, 1.40490808E+000, 1.74301632E+000, 7.99267776E+000, 2.44877771E+000, 1.95722911E+001
 7.76666667E+002, 4.10363647E-001, 1.40770667E+000, 1.72221711E+000, 8.07444290E+000, 2.42437651E+000, 1.95754897E+001
 7.83333333E+002, 3.94700636E-001, 1.41050683E+000, 1.70179695E+000, 8.15643951E+000, 2.40039621E+000, 1.95786865E+001
 7.90000000E+002, 3.79401150E-001, 1.41330874E+000, 1.68177132E+000, 8.23854016E+000, 2.37686211E+000, 1.95818739E+001
 7.96666667E+002, 3.64447305E-001, 1.41611256E+000, 1.66215453E+000, 8.32061439E+000, 2.35379791E+000, 1.95850448E+001
 8.03333333E+002, 3.49821764E-001, 1.41891842E+000, 1.64295978E+000, 8.40252870E+000, 2.33122590E+000, 1.95881925E+001
 8.10000000E+002, 3.35507723E-001, 1.42172646E+000, 1.62419921E+000, 8.48414656E+000, 2.30916698E+000, 1.95913111E+001
 8.16666667E+002, 3.21488903E-001, 1.42453680E+000, 1.60588398E+000, 8.56532840E+000, 2.28764082E+000, 1.95943948E+001
 8.23333333E+002, 3.07749526E-001, 1.42734958E+000, 1.58802438E+000, 8.64593161E+000, 2.26666594E+000, 1.95974387E+001
 8.30000000E+002, 2.94274301E-001, 1.43016496E+000, 1.57062989E+000, 8.72581056E+000, 2.24625984E+000, 1.96004378E+001
 8.36666667E+002, 2.81048406E-001, 1.43298309E+000, 1.55370927E+000, 8.80481658E+000, 2.22643912E+000, 1.96033881E+001
 8.43333333E+002, 2.68057463E-001, 1.43580415E+000, 1.53727064E+000, 8.88279798E+000, 2.20721957E+000, 1.96062855E+001
 8.50000000E+002, 2.55287516E-001, 1.43862833E+000, 1.52132156E+000, 8.95960000E+000, 2.18861630E+000, 1.96091266E+001
 8.56666667E+002, 2.42725013E-001, 1.44145584E+000, 1.50586915E+000, 9.03506488E+000, 2.17064388E+000, 1.96119083E+001
 8.63333333E+002, 2.30356771E-001, 1.44428691E+000, 1.49092011E+000, 9.10903181E+000, 2.15331640E+000, 1.96146276E+001
 8.70000000E+002, 2.18169958E-001, 1.44712179E+000, 1.47648088E+000, 9.18133696E+000, 2.13664766E+000, 1.96172821E+001
 8.76666667E+002, 2.06152060E-001, 1.44996075E+000, 1.46255767E+000, 9.25181344E+000, 2.12065123E+000, 1.96198695E+001
 8.83333333E+002, 1.94290855E-001, 1.45280409E+000, 1.44915658E+000, 9.32029136E+000, 2.10534061E+000, 1.96223879E+001
 8.90000000E+002, 1.82574381E-001, 1.45565213E+000, 1.43628365E+000, 9.38659776E+000, 2.09072936E+000, 1.96248355E+001
 8.96666667E+002, 1.70990908E-001, 1.45850521E+000, 1.42394498E+000, 9.45055667E+000, 2.07683118E+000, 1.96272108E+001
 9.03333333E+002, 1.59528903E-001, 1.46136371E+000, 1.41214682E+000, 9.51198909E+000, 2.06366012E+000, 1.96295125E+001
 9.10000000E+002, 1.48176995E-001, 1.46422803E+000, 1.40089561E+000, 9.57071296E+000, 2.05123063E+000, 1.96317395E+001
 9.16666667E+002, 1.36923944E-001, 1.46709871E+000, 1.39019789E+000, 9.62654321E+000, 2.03955753E+000, 1.96338887E+001
 9.23333333E+002, 1.25758598E-001, 1.46997628E+000, 1.38006068E+000, 9.67929173E+000, 2.02865646E+000, 1.96359577E+001
 9.30000000E+002, 1.14669861E-001, 1.47286111E+000, 1.37049204E+000, 9.72876736E+000, 2.01854442E+000, 1.96379491E+001
 9.36666667E+002, 1.03646642E-001, 1.47575375E+000, 1.36150027E+000, 9.77477593E+000, 2.00923912E+000, 1.96398622E+001
 9.43333333E+002, 9.26778202E-002, 1.47865479E+000, 1.35309440E+000, 9.81712023E+000, 2.00075952E+000, 1.96416967E+001
 9.50000000E+002, 8.17521902E-002, 1.48156487E+000, 1.34528430E+000, 9.85560000E+000, 1.99312597E+000, 1.96434523E+001
 9.56666667E+002, 7.08584156E-002, 1.48448468E+000, 1.33808081E+000, 9.89001196E+000, 1.98636046E+000, 1.96451287E+001
 9.63333333E+002, 5.99849726E-002, 1.48741496E+000, 1.33149582E+000, 9.92014980E+000, 1.98048681E+000, 1.96467258E+001
 9.70000000E+002, 4.91200894E-002, 1.49035653E+000, 1.32554250E+000, 9.94580416E+000, 1.97553092E+000, 1.96482437E+001
 9.76666667E+002, 3.82516809E-002, 1.49331026E+000, 1.32023539E+000, 9.96676266E+000, 1.97152105E+000, 1.96496824E+001
 9.83333333E+002, 2.73672768E-002, 1.49627713E+000, 1.31559056E+000, 9.98280988E+000, 1.96848807E+000, 1.96510421E+001
 9.90000000E+002, 1.64539406E-002, 1.49925817E+000, 1.31162588E+000, 9.99372736E+000, 1.96646582E+000, 1.96523233E+001
 9.96666667E+002, 5.49818093E-003, 1.50225563E+000, 1.30836393E+000, 9.99929362E+000, 1.96549708E+000, 1.96535824E+001
