   1000.1613142152900      ,         150
X,ZB,H,U,L,Q,QL
 3.33333333E+000, 9.25674922E+000, 7.52375471E-001, 2.57397873E+000, 9.99929362E+000, 1.93659846E+000, 1.93646166E+001
 1.00000000E+001, 9.13897334E+000, 6.40191807E-001, 3.07762380E+000, 9.99372736E+000, 1.97026954E+000, 1.96903367E+001
 1.66666667E+001, 9.02372196E+000, 6.46670725E-001, 3.04969816E+000, 9.98280988E+000, 1.97215052E+000, 1.96876037E+001
 2.33333333E+001, 8.91080740E+000, 6.54243024E-001, 3.01796067E+000, 9.96676266E+000, 1.97447972E+000, 1.96791707E+001
 3.00000000E+001, 8.80005494E+000, 6.61211056E-001, 2.99244233E+000, 9.94580416E+000, 1.97863595E+000, 1.96791257E+001
 3.66666667E+001, 8.69130239E+000, 6.67543690E-001, 2.97170465E+000, 9.92014980E+000, 1.98374269E+000, 1.96790246E+001
 4.33333333E+001, 8.58439764E+000, 6.73655251E-001, 2.95371439E+000, 9.89001196E+000, 1.98978521E+000, 1.96789995E+001
 5.00000000E+001, 8.47919894E+000, 6.79693774E-001, 2.93768692E+000, 9.85560000E+000, 1.99672751E+000, 1.96789477E+001
 5.66666667E+001, 8.37557012E+000, 6.85718324E-001, 2.92329279E+000, 9.81712023E+000, 2.00455543E+000, 1.96789617E+001
 6.33333333E+001, 8.27338951E+000, 6.91744538E-001, 2.91038353E+000, 9.77477593E+000, 2.01324191E+000, 1.96789886E+001
 7.00000000E+001, 8.17253630E+000, 6.97775054E-001, 2.89888174E+000, 9.72876736E+000, 2.02276736E+000, 1.96790331E+001
 7.66666667E+001, 8.07289921E+000, 7.03811369E-001, 2.88871031E+000, 9.67929173E+000, 2.03310716E+000, 1.96790373E+001
 8.33333333E+001, 7.97437405E+000, 7.09852328E-001, 2.87981747E+000, 9.62654321E+000, 2.04424513E+000, 1.96790141E+001
 9.00000000E+001, 7.87686027E+000, 7.15895451E-001, 2.87216101E+000, 9.57071296E+000, 2.05616700E+000, 1.96789842E+001
 9.66666667E+001, 7.78026330E+000, 7.21940080E-001, 2.86570056E+000, 9.51198909E+000, 2.06886409E+000, 1.96790127E+001
 1.03333333E+002, 7.68449284E+000, 7.27982358E-001, 2.86038205E+000, 9.45055667E+000, 2.08230767E+000, 1.96789667E+001
 1.10000000E+002, 7.58946391E+000, 7.34026360E-001, 2.85617808E+000, 9.38659776E+000, 2.09651000E+000, 1.96790961E+001
 1.16666667E+002, 7.49509430E+000, 7.40056726E-001, 2.85304291E+000, 9.32029136E+000, 2.11141359E+000, 1.96789899E+001
 1.23333333E+002, 7.40130613E+000, 7.46069010E-001, 2.85102316E+000, 9.25181344E+000, 2.12706003E+000, 1.96791626E+001
 1.30000000E+002, 7.30802446E+000, 7.52032911E-001, 2.85008843E+000, 9.18133696E+000, 2.14336030E+000, 1.96789131E+001
 1.36666667E+002, 7.21517802E+000, 7.58056434E-001, 2.85015949E+000, 9.10903181E+000, 2.16058174E+000, 1.96808078E+001
 1.43333333E+002, 7.12269961E+000, 7.64088478E-001, 2.85094813E+000, 9.03506488E+000, 2.17837662E+000, 1.96817741E+001
 1.50000000E+002, 7.03052205E+000, 7.70068822E-001, 2.85265977E+000, 8.95960000E+000, 2.19674435E+000, 1.96819507E+001
 1.56666667E+002, 6.93858280E+000, 7.76005572E-001, 2.85530017E+000, 8.88279798E+000, 2.21572885E+000, 1.96818717E+001
 1.63333333E+002, 6.84682152E+000, 7.81907789E-001, 2.85883422E+000, 8.80481658E+000, 2.23534475E+000, 1.96818005E+001
 1.70000000E+002, 6.75517948E+000, 7.87773634E-001, 2.86322034E+000, 8.72581056E+000, 2.25556949E+000, 1.96816721E+001
 1.76666667E+002, 6.66359995E+000, 7.93607834E-001, 2.86837890E+000, 8.64593161E+000, 2.27636797E+000, 1.96813217E+001
 1.83333333E+002, 6.57203036E+000, 7.99456071E-001, 2.87419332E+000, 8.56532840E+000, 2.29779129E+000, 1.96813370E+001
 1.90000000E+002, 6.48043384E+000, 8.05279597E-001, 2.88087267E+000, 8.48414656E+000, 2.31990798E+000, 1.96824393E+001
 1.96666667E+002, 6.38871495E+000, 8.10917614E-001, 2.88846777E+000, 8.40252870E+000, 2.34230939E+000, 1.96813219E+001
 2.03333333E+002, 6.29687133E+000, 8.16602685E-001, 2.89658986E+000, 8.32061439E+000, 2.36536305E+000, 1.96812739E+001
 2.10000000E+002, 6.20484195E+000, 8.22227569E-001, 2.90541996E+000, 8.23854016E+000, 2.38891639E+000, 1.96811836E+001
 2.16666667E+002, 6.11258241E+000, 8.27788381E-001, 2.91492467E+000, 8.15643951E+000, 2.41294077E+000, 1.96810054E+001
 2.23333333E+002, 6.02005164E+000, 8.33291463E-001, 2.92506437E+000, 8.07444290E+000, 2.43743117E+000, 1.96808988E+001
 2.30000000E+002, 5.92720861E+000, 8.38729760E-001, 2.93580468E+000, 7.99267776E+000, 2.46234676E+000, 1.96807442E+001
 2.36666667E+002, 5.83401623E+000, 8.44105920E-001, 2.94710951E+000, 7.91126850E+000, 2.48767258E+000, 1.96806457E+001
 2.43333333E+002, 5.74043867E+000, 8.49413023E-001, 2.95895205E+000, 7.83033647E+000, 2.51337240E+000, 1.96805516E+001
 2.50000000E+002, 5.64644186E+000, 8.54645822E-001, 2.97130290E+000, 7.75000000E+000, 2.53941161E+000, 1.96804400E+001
 2.56666667E+002, 5.55199431E+000, 8.59801618E-001, 2.98412863E+000, 7.67037439E+000, 2.56575862E+000, 1.96803292E+001
 2.63333333E+002, 5.45706675E+000, 8.64876726E-001, 2.99739271E+000, 7.59157190E+000, 2.59237519E+000, 1.96802027E+001
 2.70000000E+002, 5.36163259E+000, 8.69869729E-001, 3.01105845E+000, 7.51370176E+000, 2.61922860E+000, 1.96801025E+001
 2.76666667E+002, 5.26566861E+000, 8.74775280E-001, 3.02510468E+000, 7.43687016E+000, 2.64628679E+000, 1.96800912E+001
 2.83333333E+002, 5.16914872E+000, 8.79575444E-001, 3.03948808E+000, 7.36118025E+000, 2.67345908E+000, 1.96798142E+001
 2.90000000E+002, 5.07205832E+000, 8.84294614E-001, 3.05415204E+000, 7.28673216E+000, 2.70077020E+000, 1.96797891E+001
 2.96666667E+002, 4.97437975E+000, 8.88909476E-001, 3.06907184E+000, 7.21362298E+000, 2.72812704E+000, 1.96796799E+001
 3.03333333E+002, 4.87609949E+000, 8.93419759E-001, 3.08420653E+000, 7.14194678E+000, 2.75549105E+000, 1.96795704E+001
 3.10000000E+002, 4.77720741E+000, 8.97821558E-001, 3.09951729E+000, 7.07179456E+000, 2.78281344E+000, 1.96794850E+001
 3.16666667E+002, 4.67769499E+000, 9.02107019E-001, 3.11495189E+000, 7.00325432E+000, 2.81001997E+000, 1.96792845E+001
 3.23333333E+002, 4.57756286E+000, 9.06286309E-001, 3.13044330E+000, 6.93641101E+000, 2.83707790E+000, 1.96791384E+001
 3.30000000E+002, 4.47680701E+000, 9.10354540E-001, 3.14602726E+000, 6.87134656E+000, 2.86400020E+000, 1.96795379E+001
 3.36666667E+002, 4.37543153E+000, 9.14260489E-001, 3.16151908E+000, 6.80813984E+000, 2.89045198E+000, 1.96786013E+001
 3.43333333E+002, 4.27344209E+000, 9.18109909E-001, 3.17705985E+000, 6.74686672E+000, 2.91689013E+000, 1.96798689E+001
 3.50000000E+002, 4.17085439E+000, 9.21754888E-001, 3.19230005E+000, 6.68760000E+000, 2.94251817E+000, 1.96783845E+001
 3.56666667E+002, 4.06767694E+000, 9.25358155E-001, 3.20760386E+000, 6.63040947E+000, 2.96818239E+000, 1.96802646E+001
 3.63333333E+002, 3.96392967E+000, 9.28709122E-001, 3.22243017E+000, 6.57536189E+000, 2.99270030E+000, 1.96780875E+001
 3.70000000E+002, 3.85964072E+000, 9.32061572E-001, 3.23723039E+000, 6.52252096E+000, 3.01729804E+000, 1.96803897E+001
 3.76666667E+002, 3.75482914E+000, 9.35119876E-001, 3.25147691E+000, 6.47194737E+000, 3.04052068E+000, 1.96780898E+001
 3.83333333E+002, 3.64952627E+000, 9.38178554E-001, 3.26561056E+000, 6.42369877E+000, 3.06372579E+000, 1.96804516E+001
 3.90000000E+002, 3.54376603E+000, 9.40954184E-001, 3.27901724E+000, 6.37782976E+000, 3.08540499E+000, 1.96781877E+001
 3.96666667E+002, 3.43758983E+000, 9.43715754E-001, 3.29223895E+000, 6.33439193E+000, 3.10693776E+000, 1.96805615E+001
 4.03333333E+002, 3.33103466E+000, 9.46151239E-001, 3.30473801E+000, 6.29343383E+000, 3.12678196E+000, 1.96781954E+001
 4.10000000E+002, 3.22412193E+000, 9.48584355E-001, 3.31688880E+000, 6.25500096E+000, 3.14634882E+000, 1.96804149E+001
 4.16666667E+002, 3.11697314E+000, 9.50859363E-001, 3.32776568E+000, 6.21913580E+000, 3.16423716E+000, 1.96788206E+001
 4.23333333E+002, 3.00956570E+000, 9.52917503E-001, 3.33870635E+000, 6.18587780E+000, 3.18151172E+000, 1.96804427E+001
 4.30000000E+002, 2.90197788E+000, 9.54755379E-001, 3.34854932E+000, 6.15526336E+000, 3.19704548E+000, 1.96786569E+001
 4.36666667E+002, 2.79426639E+000, 9.56539016E-001, 3.35785723E+000, 6.12732586E+000, 3.21192145E+000, 1.96804893E+001
 4.43333333E+002, 2.68648930E+000, 9.58055113E-001, 3.36609569E+000, 6.10209564E+000, 3.22490519E+000, 1.96786799E+001
 4.50000000E+002, 2.57870684E+000, 9.59566748E-001, 3.37356274E+000, 6.07960000E+000, 3.23715863E+000, 1.96806296E+001
 4.56666667E+002, 2.47097799E+000, 9.60772207E-001, 3.37997458E+000, 6.05986322E+000, 3.24738563E+000, 1.96787128E+001
 4.63333333E+002, 2.36337499E+000, 9.61889563E-001, 3.38585764E+000, 6.04290654E+000, 3.25682113E+000, 1.96806657E+001
 4.70000000E+002, 2.25595183E+000, 9.62641953E-001, 3.39078517E+000, 6.02874816E+000, 3.26411206E+000, 1.96785095E+001
 4.76666667E+002, 2.14877374E+000, 9.63489401E-001, 3.39479942E+000, 6.01740325E+000, 3.27085326E+000, 1.96820430E+001
 4.83333333E+002, 2.04190968E+000, 9.64514689E-001, 3.39578824E+000, 6.00888395E+000, 3.27528764E+000, 1.96808233E+001
 4.90000000E+002, 1.93541757E+000, 9.68620341E-001, 3.38638044E+000, 6.00319936E+000, 3.28011697E+000, 1.96911961E+001
 4.96666667E+002, 1.82936038E+000, 1.00205774E+000, 3.28675716E+000, 6.00035555E+000, 3.29352044E+000, 1.97622937E+001
 5.03333333E+002, 1.73470421E+000, 1.09663421E+000, 3.00520210E+000, 6.00035555E+000, 3.29560743E+000, 1.97748163E+001
 5.10000000E+002, 1.66002862E+000, 1.17480625E+000, 2.79637957E+000, 6.00319936E+000, 3.28520419E+000, 1.97217357E+001
 5.16666667E+002, 1.59503353E+000, 1.21217250E+000, 2.70405749E+000, 6.00888395E+000, 3.27778413E+000, 1.96958245E+001
 5.23333333E+002, 1.53642667E+000, 1.23478649E+000, 2.64946903E+000, 6.01740325E+000, 3.27152855E+000, 1.96861065E+001
 5.30000000E+002, 1.48204807E+000, 1.25101361E+000, 2.60961915E+000, 6.02874816E+000, 3.26466909E+000, 1.96818677E+001
 5.36666667E+002, 1.43070622E+000, 1.26398619E+000, 2.57654770E+000, 6.04290654E+000, 3.25672071E+000, 1.96800589E+001
 5.43333333E+002, 1.38177266E+000, 1.27503253E+000, 2.54695627E+000, 6.05986322E+000, 3.24745209E+000, 1.96791155E+001
 5.50000000E+002, 1.33490905E+000, 1.28477315E+000, 2.51939761E+000, 6.07960000E+000, 3.23685439E+000, 1.96787800E+001
 5.56666667E+002, 1.28991679E+000, 1.29349195E+000, 2.49315166E+000, 6.10209564E+000, 3.22487161E+000, 1.96784750E+001
 5.63333333E+002, 1.24666125E+000, 1.30135830E+000, 2.46786815E+000, 6.12732586E+000, 3.21158069E+000, 1.96784014E+001
 5.70000000E+002, 1.20503639E+000, 1.30846620E+000, 2.44329478E+000, 6.15526336E+000, 3.19696864E+000, 1.96781839E+001
 5.76666667E+002, 1.16494942E+000, 1.31491080E+000, 2.41928166E+000, 6.18587780E+000, 3.18113958E+000, 1.96781407E+001
 5.83333333E+002, 1.12631503E+000, 1.32075776E+000, 2.39566534E+000, 6.21913580E+000, 3.16409358E+000, 1.96779277E+001
 5.90000000E+002, 1.08905367E+000, 1.32609090E+000, 2.37234612E+000, 6.25500096E+000, 3.14594660E+000, 1.96778990E+001
 5.96666667E+002, 1.05309134E+000, 1.33096701E+000, 2.34919675E+000, 6.29343383E+000, 3.12670337E+000, 1.96777008E+001
 6.03333333E+002, 1.01835964E+000, 1.33546072E+000, 2.32615434E+000, 6.33439193E+000, 3.10648774E+000, 1.96777109E+001
 6.10000000E+002, 9.84795818E-001, 1.33961571E+000, 2.30312885E+000, 6.37782976E+000, 3.08530758E+000, 1.96775665E+001
 6.16666667E+002, 9.52342516E-001, 1.34349031E+000, 2.28006711E+000, 6.42369877E+000, 3.06324806E+000, 1.96773828E+001
 6.23333333E+002, 9.20947395E-001, 1.34713515E+000, 2.25693008E+000, 6.47194737E+000, 3.04038985E+000, 1.96772431E+001
 6.30000000E+002, 8.90562643E-001, 1.35059026E+000, 2.23369130E+000, 6.52252096E+000, 3.01680170E+000, 1.96771523E+001
 6.36666667E+002, 8.61144399E-001, 1.35388893E+000, 2.21033698E+000, 6.57536189E+000, 2.99255077E+000, 1.96771043E+001
 6.43333333E+002, 8.32652206E-001, 1.35705929E+000, 2.18686394E+000, 6.63040947E+000, 2.96770403E+000, 1.96770929E+001
 6.50000000E+002, 8.05048487E-001, 1.36012501E+000, 2.16327770E+000, 6.68760000E+000, 2.94232809E+000, 1.96771133E+001
 6.56666667E+002, 7.78298076E-001, 1.36310580E+000, 2.13959088E+000, 6.74686672E+000, 2.91648875E+000, 1.96771609E+001
 6.63333333E+002, 7.52367818E-001, 1.36601805E+000, 2.11582189E+000, 6.80813984E+000, 2.89025088E+000, 1.96772322E+001
 6.70000000E+002, 7.27226238E-001, 1.36887515E+000, 2.09199405E+000, 6.87134656E+000, 2.86367865E+000, 1.96773285E+001
 6.76666667E+002, 7.02843250E-001, 1.37168752E+000, 2.06813727E+000, 6.93641101E+000, 2.83683807E+000, 1.96774748E+001
 6.83333333E+002, 6.79189946E-001, 1.37446023E+000, 2.04427480E+000, 7.00325432E+000, 2.80977441E+000, 1.96775648E+001
 6.90000000E+002, 6.56238426E-001, 1.37720283E+000, 2.02043587E+000, 7.07179456E+000, 2.78255000E+000, 1.96776219E+001
 6.96666667E+002, 6.33961666E-001, 1.37992384E+000, 1.99665241E+000, 7.14194678E+000, 2.75522825E+000, 1.96776935E+001
 7.03333333E+002, 6.12333420E-001, 1.38262800E+000, 1.97295402E+000, 7.21362298E+000, 2.72786148E+000, 1.96777643E+001
 7.10000000E+002, 5.91328143E-001, 1.38531983E+000, 1.94937204E+000, 7.28673216E+000, 2.70050374E+000, 1.96778475E+001
 7.16666667E+002, 5.70920956E-001, 1.38800220E+000, 1.92593560E+000, 7.36118025E+000, 2.67320285E+000, 1.96779280E+001
 7.23333333E+002, 5.51087599E-001, 1.39067820E+000, 1.90267478E+000, 7.43687016E+000, 2.64600834E+000, 1.96780205E+001
 7.30000000E+002, 5.31804423E-001, 1.39334951E+000, 1.87961685E+000, 7.51370176E+000, 2.61896323E+000, 1.96781086E+001
 7.36666667E+002, 5.13048368E-001, 1.39601829E+000, 1.85678979E+000, 7.59157190E+000, 2.59211251E+000, 1.96782085E+001
 7.43333333E+002, 4.94796959E-001, 1.39868540E+000, 1.83421837E+000, 7.67037439E+000, 2.56549445E+000, 1.96783029E+001
 7.50000000E+002, 4.77028303E-001, 1.40135234E+000, 1.81192812E+000, 7.75000000E+000, 2.53914970E+000, 1.96784101E+001
 7.56666667E+002, 4.59721086E-001, 1.40401985E+000, 1.78994136E+000, 7.83033647E+000, 2.51311319E+000, 1.96785219E+001
 7.63333333E+002, 4.42854579E-001, 1.40668857E+000, 1.76827933E+000, 7.91126850E+000, 2.48741833E+000, 1.96786343E+001
 7.70000000E+002, 4.26408625E-001, 1.40935906E+000, 1.74696208E+000, 7.99267776E+000, 2.46209683E+000, 1.96787466E+001
 7.76666667E+002, 4.10363647E-001, 1.41203173E+000, 1.72600833E+000, 8.07444290E+000, 2.43717852E+000, 1.96788588E+001
 7.83333333E+002, 3.94700636E-001, 1.41470694E+000, 1.70543544E+000, 8.15643951E+000, 2.41269134E+000, 1.96789710E+001
 7.90000000E+002, 3.79401150E-001, 1.41738497E+000, 1.68525946E+000, 8.23854016E+000, 2.38866143E+000, 1.96790831E+001
 7.96666667E+002, 3.64447305E-001, 1.42006604E+000, 1.66549524E+000, 8.32061439E+000, 2.36511323E+000, 1.96791952E+001
 8.03333333E+002, 3.49821764E-001, 1.42275036E+000, 1.64615641E+000, 8.40252870E+000, 2.34206963E+000, 1.96793073E+001
 8.10000000E+002, 3.35507723E-001, 1.42543807E+000, 1.62725555E+000, 8.48414656E+000, 2.31955202E+000, 1.96794193E+001
 8.16666667E+002, 3.21488903E-001, 1.42812933E+000, 1.60880421E+000, 8.56532840E+000, 2.29758048E+000, 1.96795314E+001
 8.23333333E+002, 3.07749526E-001, 1.43082427E+000, 1.59081300E+000, 8.64593161E+000, 2.27617385E+000, 1.96796434E+001
 8.30000000E+002, 2.94274301E-001, 1.43352300E+000, 1.57329170E+000, 8.72581056E+000, 2.25534984E+000, 1.96797554E+001
 8.36666667E+002, 2.81048406E-001, 1.43622566E+000, 1.55624933E+000, 8.80481658E+000, 2.23512521E+000, 1.96798675E+001
 8.43333333E+002, 2.68057463E-001, 1.43893236E+000, 1.53969423E+000, 8.88279798E+000, 2.21551585E+000, 1.96799797E+001
 8.50000000E+002, 2.55287516E-001, 1.44164323E+000, 1.52363417E+000, 8.95960000E+000, 2.19653690E+000, 1.96800920E+001
 8.56666667E+002, 2.42725013E-001, 1.44435841E+000, 1.50807644E+000, 9.03506488E+000, 2.17820289E+000, 1.96802044E+001
 8.63333333E+002, 2.30356771E-001, 1.44707804E+000, 1.49302790E+000, 9.10903181E+000, 2.16052788E+000, 1.96803172E+001
 8.70000000E+002, 2.18169958E-001, 1.44980226E+000, 1.47849510E+000, 9.18133696E+000, 2.14352554E+000, 1.96804303E+001
 8.76666667E+002, 2.06152060E-001, 1.45253124E+000, 1.46448439E+000, 9.25181344E+000, 2.12720933E+000, 1.96805439E+001
 8.83333333E+002, 1.94290855E-001, 1.45526516E+000, 1.45100194E+000, 9.32029136E+000, 2.11159258E+000, 1.96806581E+001
 8.90000000E+002, 1.82574381E-001, 1.45800421E+000, 1.43805391E+000, 9.38659776E+000, 2.09668866E+000, 1.96807731E+001
 8.96666667E+002, 1.70990908E-001, 1.46074859E+000, 1.42564648E+000, 9.45055667E+000, 2.08251108E+000, 1.96808890E+001
 9.03333333E+002, 1.59528903E-001, 1.46349852E+000, 1.41378597E+000, 9.51198909E+000, 2.06907367E+000, 1.96810061E+001
 9.10000000E+002, 1.48176995E-001, 1.46625424E+000, 1.40247892E+000, 9.57071296E+000, 2.05639065E+000, 1.96811247E+001
 9.16666667E+002, 1.36923944E-001, 1.46901600E+000, 1.39173219E+000, 9.62654321E+000, 2.04447686E+000, 1.96812448E+001
 9.23333333E+002, 1.25758598E-001, 1.47178408E+000, 1.38155309E+000, 9.67929173E+000, 2.03334784E+000, 1.96813669E+001
 9.30000000E+002, 1.14669861E-001, 1.47455879E+000, 1.37194939E+000, 9.72876736E+000, 2.02302004E+000, 1.96814913E+001
 9.36666667E+002, 1.03646642E-001, 1.47734043E+000, 1.36292955E+000, 9.77477593E+000, 2.01351094E+000, 1.96816183E+001
 9.43333333E+002, 9.26778202E-002, 1.48012938E+000, 1.35450273E+000, 9.81712023E+000, 2.00483927E+000, 1.96817482E+001
 9.50000000E+002, 8.17521902E-002, 1.48292601E+000, 1.34667892E+000, 9.85560000E+000, 1.99702519E+000, 1.96818815E+001
 9.56666667E+002, 7.08584156E-002, 1.48573085E+000, 1.33946903E+000, 9.89001196E+000, 1.99009046E+000, 1.96820184E+001
 9.63333333E+002, 5.99849726E-002, 1.48854486E+000, 1.33288460E+000, 9.92014980E+000, 1.98405852E+000, 1.96821577E+001
 9.70000000E+002, 4.91200894E-002, 1.49136860E+000, 1.32693605E+000, 9.94580416E+000, 1.97895076E+000, 1.96822567E+001
 9.76666667E+002, 3.82516809E-002, 1.49420105E+000, 1.32163602E+000, 9.96676266E+000, 1.97478993E+000, 1.96822625E+001
 9.83333333E+002, 2.73672768E-002, 1.49704757E+000, 1.31700571E+000, 9.98280988E+000, 1.97162020E+000, 1.96823096E+001
 9.90000000E+002, 1.64539406E-002, 1.50002774E+000, 1.31304754E+000, 9.99372736E+000, 1.96960773E+000, 1.96837227E+001
 9.96666667E+002, 5.49818093E-003, 1.50281237E+000, 1.30281007E+000, 9.99929362E+000, 1.95787909E+000, 1.95774079E+001
