   1000.1830693851956      ,         150
X,ZB,H,U,L,Q,QL
 3.33333333E+000, 9.25674922E+000, 8.55074491E-001, 2.23990695E+000, 9.99929362E+000, 1.91528730E+000, 1.91515200E+001
 1.00000000E+001, 9.13897334E+000, 7.17347318E-001, 2.76922150E+000, 9.99372736E+000, 1.98649362E+000, 1.98524756E+001
 1.66666667E+001, 9.02372196E+000, 6.85854004E-001, 2.90029672E+000, 9.98280988E+000, 1.98918012E+000, 1.98576069E+001
 2.33333333E+001, 8.91080740E+000, 6.82415318E-001, 2.92033277E+000, 9.96676266E+000, 1.99287981E+000, 1.98625601E+001
 3.00000000E+001, 8.80005494E+000, 6.84869079E-001, 2.91670459E+000, 9.94580416E+000, 1.99756078E+000, 1.98673483E+001
 3.66666667E+001, 8.69130239E+000, 6.89448867E-001, 2.90550031E+000, 9.92014980E+000, 2.00319389E+000, 1.98719835E+001
 4.33333333E+001, 8.58439764E+000, 6.94879458E-001, 2.89223183E+000, 9.89001196E+000, 2.00975249E+000, 1.98764761E+001
 5.00000000E+001, 8.47919894E+000, 7.00666402E-001, 2.87899077E+000, 9.85560000E+000, 2.01721211E+000, 1.98808356E+001
 5.66666667E+001, 8.37557012E+000, 7.06606807E-001, 2.86658752E+000, 9.81712023E+000, 2.02555025E+000, 1.98850704E+001
 6.33333333E+001, 8.27338951E+000, 7.12628369E-001, 2.85526965E+000, 9.77477593E+000, 2.03474615E+000, 1.98891877E+001
 7.00000000E+001, 8.17253630E+000, 7.18692137E-001, 2.84514109E+000, 9.72876736E+000, 2.04478053E+000, 1.98931941E+001
 7.66666667E+001, 8.07289921E+000, 7.24786261E-001, 2.83619536E+000, 9.67929173E+000, 2.05563543E+000, 1.98970950E+001
 8.33333333E+001, 7.97437405E+000, 7.30906156E-001, 2.82839873E+000, 9.62654321E+000, 2.06729404E+000, 1.99008954E+001
 9.00000000E+001, 7.87686027E+000, 7.37044754E-001, 2.82172892E+000, 9.57071296E+000, 2.07974050E+000, 1.99045993E+001
 9.66666667E+001, 7.78026330E+000, 7.43199005E-001, 2.81614979E+000, 9.51198909E+000, 2.09295972E+000, 1.99082100E+001
 1.03333333E+002, 7.68449284E+000, 7.49364840E-001, 2.81163084E+000, 9.45055667E+000, 2.10693729E+000, 1.99117303E+001
 1.10000000E+002, 7.58946391E+000, 7.55540567E-001, 2.80813416E+000, 9.38659776E+000, 2.12165927E+000, 1.99151622E+001
 1.16666667E+002, 7.49509430E+000, 7.61720633E-001, 2.80563763E+000, 9.32029136E+000, 2.13711207E+000, 1.99185072E+001
 1.23333333E+002, 7.40130613E+000, 7.67902435E-001, 2.80410924E+000, 9.25181344E+000, 2.15328231E+000, 1.99217662E+001
 1.30000000E+002, 7.30802446E+000, 7.74081415E-001, 2.80352511E+000, 9.18133696E+000, 2.17015668E+000, 1.99249397E+001
 1.36666667E+002, 7.21517802E+000, 7.80255020E-001, 2.80385483E+000, 9.10903181E+000, 2.18772181E+000, 1.99280275E+001
 1.43333333E+002, 7.12269961E+000, 7.86422422E-001, 2.80506261E+000, 9.03506488E+000, 2.20596414E+000, 1.99310291E+001
 1.50000000E+002, 7.03052205E+000, 7.92573251E-001, 2.80714720E+000, 8.95960000E+000, 2.22486978E+000, 1.99339433E+001
 1.56666667E+002, 6.93858280E+000, 7.98708299E-001, 2.81006772E+000, 8.88279798E+000, 2.24442441E+000, 1.99367686E+001
 1.63333333E+002, 6.84682152E+000, 8.04823381E-001, 2.81380135E+000, 8.80481658E+000, 2.26461312E+000, 1.99395032E+001
 1.70000000E+002, 6.75517948E+000, 8.10840232E-001, 2.81854647E+000, 8.72581056E+000, 2.28539088E+000, 1.99418878E+001
 1.76666667E+002, 6.66359995E+000, 8.16718882E-001, 2.82435201E+000, 8.64593161E+000, 2.30670161E+000, 1.99435844E+001
 1.83333333E+002, 6.57203036E+000, 8.22724106E-001, 2.83034838E+000, 8.56532840E+000, 2.32859584E+000, 1.99451881E+001
 1.90000000E+002, 6.48043384E+000, 8.28761053E-001, 2.83684205E+000, 8.48414656E+000, 2.35106421E+000, 1.99467733E+001
 1.96666667E+002, 6.38871495E+000, 8.34670898E-001, 2.84436372E+000, 8.40252870E+000, 2.37410762E+000, 1.99485074E+001
 2.03333333E+002, 6.29687133E+000, 8.40624685E-001, 2.85226204E+000, 8.32061439E+000, 2.39768188E+000, 1.99501864E+001
 2.10000000E+002, 6.20484195E+000, 8.46514179E-001, 2.86088262E+000, 8.23854016E+000, 2.42177770E+000, 1.99519129E+001
 2.16666667E+002, 6.11258241E+000, 8.52348241E-001, 2.87015251E+000, 8.15643951E+000, 2.44636944E+000, 1.99536644E+001
 2.23333333E+002, 6.02005164E+000, 8.58128126E-001, 2.88002520E+000, 8.07444290E+000, 2.47143063E+000, 1.99554255E+001
 2.30000000E+002, 5.92720861E+000, 8.63845887E-001, 2.89048582E+000, 7.99267776E+000, 2.49693429E+000, 1.99571912E+001
 2.36666667E+002, 5.83401623E+000, 8.69500698E-001, 2.90149345E+000, 7.91126850E+000, 2.52285058E+000, 1.99589483E+001
 2.43333333E+002, 5.74043867E+000, 8.75086650E-001, 2.91302389E+000, 7.83033647E+000, 2.54914832E+000, 1.99606891E+001
 2.50000000E+002, 5.64644186E+000, 8.80597858E-001, 2.92505167E+000, 7.75000000E+000, 2.57579424E+000, 1.99624053E+001
 2.56666667E+002, 5.55199431E+000, 8.86030193E-001, 2.93754395E+000, 7.67037439E+000, 2.60275263E+000, 1.99640871E+001
 2.63333333E+002, 5.45706675E+000, 8.91378713E-001, 2.95046942E+000, 7.59157190E+000, 2.62998563E+000, 1.99657250E+001
 2.70000000E+002, 5.36163259E+000, 8.96638939E-001, 2.96379364E+000, 7.51370176E+000, 2.65745279E+000, 1.99673077E+001
 2.76666667E+002, 5.26566861E+000, 9.01586436E-001, 2.97810890E+000, 7.43687016E+000, 2.68502259E+000, 1.99681644E+001
 2.83333333E+002, 5.16914872E+000, 9.06499403E-001, 2.99248564E+000, 7.36118025E+000, 2.71268645E+000, 1.99685739E+001
 2.90000000E+002, 5.07205832E+000, 9.11402037E-001, 3.00683277E+000, 7.28673216E+000, 2.74043351E+000, 1.99688050E+001
 2.96666667E+002, 4.97437975E+000, 9.16191102E-001, 3.02143741E+000, 7.21362298E+000, 2.76821407E+000, 1.99688526E+001
 3.03333333E+002, 4.87609949E+000, 9.20864347E-001, 3.03625180E+000, 7.14194678E+000, 2.79597603E+000, 1.99687120E+001
 3.10000000E+002, 4.77720741E+000, 9.25417897E-001, 3.05123229E+000, 7.07179456E+000, 2.82366497E+000, 1.99683786E+001
 3.16666667E+002, 4.67769499E+000, 9.29842663E-001, 3.06635126E+000, 7.00325432E+000, 2.85122422E+000, 1.99678483E+001
 3.23333333E+002, 4.57756286E+000, 9.34149964E-001, 3.08151265E+000, 6.93641101E+000, 2.87859493E+000, 1.99671176E+001
 3.30000000E+002, 4.47680701E+000, 9.38314158E-001, 3.09674132E+000, 6.87134656E+000, 2.90571623E+000, 1.99661832E+001
 3.36666667E+002, 4.37543153E+000, 9.42341290E-001, 3.11195674E+000, 6.80813984E+000, 2.93252533E+000, 1.99650426E+001
 3.43333333E+002, 4.27344209E+000, 9.46222520E-001, 3.12712677E+000, 6.74686672E+000, 2.95895777E+000, 1.99636937E+001
 3.50000000E+002, 4.17085439E+000, 9.49969239E-001, 3.14215182E+000, 6.68760000E+000, 2.98494757E+000, 1.99621354E+001
 3.56666667E+002, 4.06767694E+000, 9.53551358E-001, 3.15706907E+000, 6.63040947E+000, 3.01042750E+000, 1.99603670E+001
 3.63333333E+002, 3.96392967E+000, 9.56980204E-001, 3.17177861E+000, 6.57536189E+000, 3.03532934E+000, 1.99583888E+001
 3.70000000E+002, 3.85964072E+000, 9.60264461E-001, 3.18618912E+000, 6.52252096E+000, 3.05958418E+000, 1.99562019E+001
 3.76666667E+002, 3.75482914E+000, 9.63371577E-001, 3.20034640E+000, 6.47194737E+000, 3.08312276E+000, 1.99538082E+001
 3.83333333E+002, 3.64952627E+000, 9.66312784E-001, 3.21415164E+000, 6.42369877E+000, 3.10587582E+000, 1.99512107E+001
 3.90000000E+002, 3.54376603E+000, 9.69084548E-001, 3.22755581E+000, 6.37782976E+000, 3.12777446E+000, 1.99484131E+001
 3.96666667E+002, 3.43758983E+000, 9.71692133E-001, 3.24048169E+000, 6.33439193E+000, 3.14875057E+000, 1.99454202E+001
 4.03333333E+002, 3.33103466E+000, 9.74116584E-001, 3.25293426E+000, 6.29343383E+000, 3.16873720E+000, 1.99422379E+001
 4.10000000E+002, 3.22412193E+000, 9.76310670E-001, 3.26501508E+000, 6.25500096E+000, 3.18766906E+000, 1.99388730E+001
 4.16666667E+002, 3.11697314E+000, 9.78467955E-001, 3.27602234E+000, 6.21913580E+000, 3.20548288E+000, 1.99353333E+001
 4.23333333E+002, 3.00956570E+000, 9.80324013E-001, 3.28678872E+000, 6.18587780E+000, 3.22211791E+000, 1.99316276E+001
 4.30000000E+002, 2.90197788E+000, 9.82014775E-001, 3.29681022E+000, 6.15526336E+000, 3.23751634E+000, 1.99277657E+001
 4.36666667E+002, 2.79426639E+000, 9.83525089E-001, 3.30609132E+000, 6.12732586E+000, 3.25162376E+000, 1.99237583E+001
 4.43333333E+002, 2.68648930E+000, 9.84848317E-001, 3.31461146E+000, 6.10209564E+000, 3.26438952E+000, 1.99196170E+001
 4.50000000E+002, 2.57870684E+000, 9.85982506E-001, 3.32233806E+000, 6.07960000E+000, 3.27576720E+000, 1.99153543E+001
 4.56666667E+002, 2.47097799E+000, 9.86921303E-001, 3.32925732E+000, 6.05986322E+000, 3.28571497E+000, 1.99109833E+001
 4.63333333E+002, 2.36337499E+000, 9.87686444E-001, 3.33526489E+000, 6.04290654E+000, 3.29419592E+000, 1.99065181E+001
 4.70000000E+002, 2.25595183E+000, 9.88247739E-001, 3.34043605E+000, 6.02874816E+000, 3.30117837E+000, 1.99019730E+001
 4.76666667E+002, 2.14877374E+000, 9.88617270E-001, 3.34470809E+000, 6.01740325E+000, 3.30663618E+000, 1.98973633E+001
 4.83333333E+002, 2.04190968E+000, 9.88806809E-001, 3.34802402E+000, 6.00888395E+000, 3.31054895E+000, 1.98927044E+001
 4.90000000E+002, 1.93541757E+000, 9.88800776E-001, 3.35042433E+000, 6.00319936E+000, 3.31290217E+000, 1.98880122E+001
 4.96666667E+002, 1.82936038E+000, 9.88606594E-001, 3.35187671E+000, 6.00035555E+000, 3.31368742E+000, 1.98833027E+001
 5.03333333E+002, 1.73470421E+000, 1.05618730E+000, 3.15306040E+000, 6.00035555E+000, 3.33022236E+000, 1.99825182E+001
 5.10000000E+002, 1.66002862E+000, 1.16663686E+000, 2.84148532E+000, 6.00319936E+000, 3.31498150E+000, 1.99004948E+001
 5.16666667E+002, 1.59503353E+000, 1.20918642E+000, 2.73145710E+000, 6.00888395E+000, 3.30284084E+000, 1.98463873E+001
 5.23333333E+002, 1.53642667E+000, 1.23470957E+000, 2.66682029E+000, 6.01740325E+000, 3.29274853E+000, 1.98137957E+001
 5.30000000E+002, 1.48204807E+000, 1.25232024E+000, 2.62175782E+000, 6.02874816E+000, 3.28328040E+000, 1.97940707E+001
 5.36666667E+002, 1.43070622E+000, 1.26585445E+000, 2.58600545E+000, 6.04290654E+000, 3.27350650E+000, 1.97814938E+001
 5.43333333E+002, 1.38177266E+000, 1.27709669E+000, 2.55492844E+000, 6.05986322E+000, 3.26289064E+000, 1.97726710E+001
 5.50000000E+002, 1.33490905E+000, 1.28687545E+000, 2.52640910E+000, 6.07960000E+000, 3.25117386E+000, 1.97658366E+001
 5.56666667E+002, 1.28991679E+000, 1.29558066E+000, 2.49946266E+000, 6.10209564E+000, 3.23825548E+000, 1.97601446E+001
 5.63333333E+002, 1.24666125E+000, 1.30340950E+000, 2.47360293E+000, 6.12732586E+000, 3.22411757E+000, 1.97552190E+001
 5.70000000E+002, 1.20503639E+000, 1.31047982E+000, 2.44855608E+000, 6.15526336E+000, 3.20878332E+000, 1.97509064E+001
 5.76666667E+002, 1.16494942E+000, 1.31687932E+000, 2.42413667E+000, 6.18587780E+000, 3.19229546E+000, 1.97471496E+001
 5.83333333E+002, 1.12631503E+000, 1.32268506E+000, 2.40019782E+000, 6.21913580E+000, 3.17470580E+000, 1.97439265E+001
 5.90000000E+002, 1.08905367E+000, 1.32796949E+000, 2.37661360E+000, 6.25500096E+000, 3.15607034E+000, 1.97412230E+001
 5.96666667E+002, 1.05309134E+000, 1.33280138E+000, 2.35327432E+000, 6.29343383E+000, 3.13644726E+000, 1.97390233E+001
 6.03333333E+002, 1.01835964E+000, 1.33724499E+000, 2.33008616E+000, 6.33439193E+000, 3.11589603E+000, 1.97373067E+001
 6.10000000E+002, 9.84795818E-001, 1.34135910E+000, 2.30697149E+000, 6.37782976E+000, 3.09447719E+000, 1.97360487E+001
 6.16666667E+002, 9.52342516E-001, 1.34519633E+000, 2.28386894E+000, 6.42369877E+000, 3.07225211E+000, 1.97352221E+001
 6.23333333E+002, 9.20947395E-001, 1.34880295E+000, 2.26073267E+000, 6.47194737E+000, 3.04928290E+000, 1.97347984E+001
 6.30000000E+002, 8.90562643E-001, 1.35221900E+000, 2.23753117E+000, 6.52252096E+000, 3.02563216E+000, 1.97347491E+001
 6.36666667E+002, 8.61144399E-001, 1.35547866E+000, 2.21424569E+000, 6.57536189E+000, 3.00136279E+000, 1.97350465E+001
 6.43333333E+002, 8.32652206E-001, 1.35861081E+000, 2.19086855E+000, 6.63040947E+000, 2.97653769E+000, 1.97356637E+001
 6.50000000E+002, 8.05048487E-001, 1.36163960E+000, 2.16740136E+000, 6.68760000E+000, 2.95121952E+000, 1.97365756E+001
 6.56666667E+002, 7.78298076E-001, 1.36458509E+000, 2.14385336E+000, 6.74686672E+000, 2.92547033E+000, 1.97377584E+001
 6.63333333E+002, 7.52367818E-001, 1.36746381E+000, 2.12023992E+000, 6.80813984E+000, 2.89935136E+000, 1.97391895E+001
 6.70000000E+002, 7.27226238E-001, 1.37028930E+000, 2.09658119E+000, 6.87134656E+000, 2.87292277E+000, 1.97408480E+001
 6.76666667E+002, 7.02843250E-001, 1.37307259E+000, 2.07290087E+000, 6.93641101E+000, 2.84624336E+000, 1.97427138E+001
 6.83333333E+002, 6.79189946E-001, 1.37582262E+000, 2.04922524E+000, 7.00325432E+000, 2.81937045E+000, 1.97447683E+001
 6.90000000E+002, 6.56238426E-001, 1.37854663E+000, 2.02558228E+000, 7.07179456E+000, 2.79235963E+000, 1.97469937E+001
 6.96666667E+002, 6.33961666E-001, 1.38125041E+000, 2.00200098E+000, 7.14194678E+000, 2.76526467E+000, 1.97493731E+001
 7.03333333E+002, 6.12333420E-001, 1.38393860E+000, 1.97851071E+000, 7.21362298E+000, 2.73813735E+000, 1.97518905E+001
 7.10000000E+002, 5.91328143E-001, 1.38661492E+000, 1.95514083E+000, 7.28673216E+000, 2.71102745E+000, 1.97545309E+001
 7.16666667E+002, 5.70920956E-001, 1.38928230E+000, 1.93192024E+000, 7.36118025E+000, 2.68398259E+000, 1.97572796E+001
 7.23333333E+002, 5.51087599E-001, 1.39194308E+000, 1.90887711E+000, 7.43687016E+000, 2.65704829E+000, 1.97601231E+001
 7.30000000E+002, 5.31804423E-001, 1.39459911E+000, 1.88603867E+000, 7.51370176E+000, 2.63026784E+000, 1.97630481E+001
 7.36666667E+002, 5.13048368E-001, 1.39725183E+000, 1.86343104E+000, 7.59157190E+000, 2.60368243E+000, 1.97660424E+001
 7.43333333E+002, 4.94796959E-001, 1.39990238E+000, 1.84107912E+000, 7.67037439E+000, 2.57733104E+000, 1.97690940E+001
 7.50000000E+002, 4.77028303E-001, 1.40255166E+000, 1.81900648E+000, 7.75000000E+000, 2.55125057E+000, 1.97721919E+001
 7.56666667E+002, 4.59721086E-001, 1.40520038E+000, 1.79723537E+000, 7.83033647E+000, 2.52547584E+000, 1.97753255E+001
 7.63333333E+002, 4.42854579E-001, 1.40784910E+000, 1.77578666E+000, 7.91126850E+000, 2.50003965E+000, 1.97784849E+001
 7.70000000E+002, 4.26408625E-001, 1.41049825E+000, 1.75467987E+000, 7.99267776E+000, 2.47497289E+000, 1.97816608E+001
 7.76666667E+002, 4.10363647E-001, 1.41314818E+000, 1.73393320E+000, 8.07444290E+000, 2.45030455E+000, 1.97848442E+001
 7.83333333E+002, 3.94700636E-001, 1.41579919E+000, 1.71356355E+000, 8.15643951E+000, 2.42606189E+000, 1.97880271E+001
 7.90000000E+002, 3.79401150E-001, 1.41845151E+000, 1.69358659E+000, 8.23854016E+000, 2.40227046E+000, 1.97912016E+001
 7.96666667E+002, 3.64447305E-001, 1.42110534E+000, 1.67401681E+000, 8.32061439E+000, 2.37895423E+000, 1.97943608E+001
 8.03333333E+002, 3.49821764E-001, 1.42376086E+000, 1.65486759E+000, 8.40252870E+000, 2.35613570E+000, 1.97974978E+001
 8.10000000E+002, 3.35507723E-001, 1.42641823E+000, 1.63615127E+000, 8.48414656E+000, 2.33383600E+000, 1.98006067E+001
 8.16666667E+002, 3.21488903E-001, 1.42907759E+000, 1.61787926E+000, 8.56532840E+000, 2.31207499E+000, 1.98036816E+001
 8.23333333E+002, 3.07749526E-001, 1.43173910E+000, 1.60006205E+000, 8.64593161E+000, 2.29087139E+000, 1.98067174E+001
 8.30000000E+002, 2.94274301E-001, 1.43440289E+000, 1.58270936E+000, 8.72581056E+000, 2.27024287E+000, 1.98097092E+001
 8.36666667E+002, 2.81048406E-001, 1.43706911E+000, 1.56583018E+000, 8.80481658E+000, 2.25020619E+000, 1.98126528E+001
 8.43333333E+002, 2.68057463E-001, 1.43973792E+000, 1.54943289E+000, 8.88279798E+000, 2.23077730E+000, 1.98155440E+001
 8.50000000E+002, 2.55287516E-001, 1.44240948E+000, 1.53352531E+000, 8.95960000E+000, 2.21197145E+000, 1.98183794E+001
 8.56666667E+002, 2.42725013E-001, 1.44508395E+000, 1.51811480E+000, 9.03506488E+000, 2.19380333E+000, 1.98211555E+001
 8.63333333E+002, 2.30356771E-001, 1.44776152E+000, 1.50320835E+000, 9.10903181E+000, 2.17628720E+000, 1.98238694E+001
 8.70000000E+002, 2.18169958E-001, 1.45044236E+000, 1.48881267E+000, 9.18133696E+000, 2.15943697E+000, 1.98265184E+001
 8.76666667E+002, 2.06152060E-001, 1.45312669E+000, 1.47493425E+000, 9.25181344E+000, 2.14326633E+000, 1.98291003E+001
 8.83333333E+002, 1.94290855E-001, 1.45581473E+000, 1.46157948E+000, 9.32029136E+000, 2.12778893E+000, 1.98316128E+001
 8.90000000E+002, 1.82574381E-001, 1.45850670E+000, 1.44875470E+000, 9.38659776E+000, 2.11301843E+000, 1.98340541E+001
 8.96666667E+002, 1.70990908E-001, 1.46120286E+000, 1.43646631E+000, 9.45055667E+000, 2.09896868E+000, 1.98364225E+001
 9.03333333E+002, 1.59528903E-001, 1.46390346E+000, 1.42472089E+000, 9.51198909E+000, 2.08565384E+000, 1.98387166E+001
 9.10000000E+002, 1.48176995E-001, 1.46660880E+000, 1.41352521E+000, 9.57071296E+000, 2.07308852E+000, 1.98409351E+001
 9.16666667E+002, 1.36923944E-001, 1.46931918E+000, 1.40288640E+000, 9.62654321E+000, 2.06128790E+000, 1.98430770E+001
 9.23333333E+002, 1.25758598E-001, 1.47203493E+000, 1.39281200E+000, 9.67929173E+000, 2.05026791E+000, 1.98451412E+001
 9.30000000E+002, 1.14669861E-001, 1.47475639E+000, 1.38331009E+000, 9.72876736E+000, 2.04004540E+000, 1.98471271E+001
 9.36666667E+002, 1.03646642E-001, 1.47748395E+000, 1.37438938E+000, 9.77477593E+000, 2.03063826E+000, 1.98490340E+001
 9.43333333E+002, 9.26778202E-002, 1.48021801E+000, 1.36605933E+000, 9.81712023E+000, 2.02206562E+000, 1.98508613E+001
 9.50000000E+002, 8.17521902E-002, 1.48295900E+000, 1.35833023E+000, 9.85560000E+000, 2.01434805E+000, 1.98526086E+001
 9.56666667E+002, 7.08584156E-002, 1.48570740E+000, 1.35121340E+000, 9.89001196E+000, 2.00750775E+000, 1.98542757E+001
 9.63333333E+002, 5.99849726E-002, 1.48846371E+000, 1.34472126E+000, 9.92014980E+000, 2.00156880E+000, 1.98558623E+001
 9.70000000E+002, 4.91200894E-002, 1.49122849E+000, 1.33886749E+000, 9.94580416E+000, 1.99655735E+000, 1.98573684E+001
 9.76666667E+002, 3.82516809E-002, 1.49400234E+000, 1.33366721E+000, 9.96676266E+000, 1.99250194E+000, 1.98587939E+001
 9.83333333E+002, 2.73672768E-002, 1.49678591E+000, 1.32913716E+000, 9.98280988E+000, 1.98943377E+000, 1.98601391E+001
 9.90000000E+002, 1.64539406E-002, 1.49957990E+000, 1.32529586E+000, 9.99372736E+000, 1.98738703E+000, 1.98614042E+001
 9.96666667E+002, 5.49818093E-003, 1.50238435E+000, 1.32216190E+000, 9.99929362E+000, 1.98639535E+000, 1.98625503E+001
