   1000.0896915045465      ,         150
X,ZB,H,U,L,Q,QL
 3.33333333E+000, 9.25674922E+000, 8.42229772E-001, 2.27776783E+000, 9.99929362E+000, 1.91840388E+000, 1.91826837E+001
 1.00000000E+001, 9.13897334E+000, 6.48819483E-001, 3.07392226E+000, 9.99372736E+000, 1.99442065E+000, 1.99316962E+001
 1.66666667E+001, 9.02372196E+000, 6.53739926E-001, 3.05361207E+000, 9.98280988E+000, 1.99626813E+000, 1.99283652E+001
 2.33333333E+001, 8.91080740E+000, 6.60069433E-001, 3.02861175E+000, 9.96676266E+000, 1.99909404E+000, 1.99244958E+001
 3.00000000E+001, 8.80005494E+000, 6.66537179E-001, 3.00493885E+000, 9.94580416E+000, 2.00290347E+000, 1.99204856E+001
 3.66666667E+001, 8.69130239E+000, 6.72771477E-001, 2.98478591E+000, 9.92014980E+000, 2.00807882E+000, 1.99204427E+001
 4.33333333E+001, 8.58439764E+000, 6.78885712E-001, 2.96693039E+000, 9.89001196E+000, 2.01420665E+000, 1.99205278E+001
 5.00000000E+001, 8.47919894E+000, 6.84960955E-001, 2.95087224E+000, 9.85560000E+000, 2.02123227E+000, 1.99204567E+001
 5.66666667E+001, 8.37557012E+000, 6.91037561E-001, 2.93640471E+000, 9.81712023E+000, 2.02916595E+000, 1.99205661E+001
 6.33333333E+001, 8.27338951E+000, 6.97119448E-001, 2.92339537E+000, 9.77477593E+000, 2.03795577E+000, 1.99205610E+001
 7.00000000E+001, 8.17253630E+000, 7.03207547E-001, 2.91179370E+000, 9.72876736E+000, 2.04759531E+000, 1.99205784E+001
 7.66666667E+001, 8.07289921E+000, 7.09302415E-001, 2.90152607E+000, 9.67929173E+000, 2.05805945E+000, 1.99205578E+001
 8.33333333E+001, 7.97437405E+000, 7.15402705E-001, 2.89254205E+000, 9.62654321E+000, 2.06933241E+000, 1.99205178E+001
 9.00000000E+001, 7.87686027E+000, 7.21505186E-001, 2.88479680E+000, 9.57071296E+000, 2.08139585E+000, 1.99204423E+001
 9.66666667E+001, 7.78026330E+000, 7.27610271E-001, 2.87826037E+000, 9.51198909E+000, 2.09425180E+000, 1.99205003E+001
 1.03333333E+002, 7.68449284E+000, 7.33709518E-001, 2.87286509E+000, 9.45055667E+000, 2.10784846E+000, 1.99203413E+001
 1.10000000E+002, 7.58946391E+000, 7.39812642E-001, 2.86861208E+000, 9.38659776E+000, 2.12223548E+000, 1.99205708E+001
 1.16666667E+002, 7.49509430E+000, 7.45895872E-001, 2.86540576E+000, 9.32029136E+000, 2.13729433E+000, 1.99202059E+001
 1.23333333E+002, 7.40130613E+000, 7.51989351E-001, 2.86330949E+000, 9.25181344E+000, 2.15317824E+000, 1.99208034E+001
 1.30000000E+002, 7.30802446E+000, 7.58039132E-001, 2.86213253E+000, 9.18133696E+000, 2.16960846E+000, 1.99199064E+001
 1.36666667E+002, 7.21517802E+000, 7.64136029E-001, 2.86219895E+000, 9.10903181E+000, 2.18710934E+000, 1.99224486E+001
 1.43333333E+002, 7.12269961E+000, 7.70209882E-001, 2.86302224E+000, 9.03506488E+000, 2.20512802E+000, 1.99234747E+001
 1.50000000E+002, 7.03052205E+000, 7.76229365E-001, 2.86475324E+000, 8.95960000E+000, 2.22370559E+000, 1.99235126E+001
 1.56666667E+002, 6.93858280E+000, 7.82219216E-001, 2.86738702E+000, 8.88279798E+000, 2.24292523E+000, 1.99234517E+001
 1.63333333E+002, 6.84682152E+000, 7.88177758E-001, 2.87089119E+000, 8.80481658E+000, 2.26277259E+000, 1.99232976E+001
 1.70000000E+002, 6.75517948E+000, 7.94110521E-001, 2.87525207E+000, 8.72581056E+000, 2.28326792E+000, 1.99233634E+001
 1.76666667E+002, 6.66359995E+000, 7.99993273E-001, 2.88040802E+000, 8.64593161E+000, 2.30430704E+000, 1.99228811E+001
 1.83333333E+002, 6.57203036E+000, 8.05901082E-001, 2.88616449E+000, 8.56532840E+000, 2.32596309E+000, 1.99226377E+001
 1.90000000E+002, 6.48043384E+000, 8.11899685E-001, 2.89273347E+000, 8.48414656E+000, 2.34860939E+000, 1.99259463E+001
 1.96666667E+002, 6.38871495E+000, 8.17475815E-001, 2.90055181E+000, 8.40252870E+000, 2.37113096E+000, 1.99234959E+001
 2.03333333E+002, 6.29687133E+000, 8.23280736E-001, 2.90850252E+000, 8.32061439E+000, 2.39451409E+000, 1.99238284E+001
 2.10000000E+002, 6.20484195E+000, 8.28935108E-001, 2.91732637E+000, 8.23854016E+000, 2.41827425E+000, 1.99230495E+001
 2.16666667E+002, 6.11258241E+000, 8.34537951E-001, 2.92684219E+000, 8.15643951E+000, 2.44256088E+000, 1.99226001E+001
 2.23333333E+002, 6.02005164E+000, 8.40101878E-001, 2.93699144E+000, 8.07444290E+000, 2.46737202E+000, 1.99226545E+001
 2.30000000E+002, 5.92720861E+000, 8.45589773E-001, 2.94774729E+000, 7.99267776E+000, 2.49258497E+000, 1.99224284E+001
 2.36666667E+002, 5.83401623E+000, 8.51020733E-001, 2.95906645E+000, 7.91126850E+000, 2.51822689E+000, 1.99223691E+001
 2.43333333E+002, 5.74043867E+000, 8.56380712E-001, 2.97092709E+000, 7.83033647E+000, 2.54424466E+000, 1.99222917E+001
 2.50000000E+002, 5.64644186E+000, 8.61664771E-001, 2.98330260E+000, 7.75000000E+000, 2.57060675E+000, 1.99222023E+001
 2.56666667E+002, 5.55199431E+000, 8.66868512E-001, 2.99615125E+000, 7.67037439E+000, 2.59726918E+000, 1.99220270E+001
 2.63333333E+002, 5.45706675E+000, 8.71997926E-001, 3.00945240E+000, 7.59157190E+000, 2.62423625E+000, 1.99220782E+001
 2.70000000E+002, 5.36163259E+000, 8.77025522E-001, 3.02314063E+000, 7.51370176E+000, 2.65137149E+000, 1.99216146E+001
 2.76666667E+002, 5.26566861E+000, 8.82000874E-001, 3.03722009E+000, 7.43687016E+000, 2.67883078E+000, 1.99221167E+001
 2.83333333E+002, 5.16914872E+000, 8.86823544E-001, 3.05165282E+000, 7.36118025E+000, 2.70627757E+000, 1.99213970E+001
 2.90000000E+002, 5.07205832E+000, 8.91597121E-001, 3.06634684E+000, 7.28673216E+000, 2.73394602E+000, 1.99215324E+001
 2.96666667E+002, 4.97437975E+000, 8.96257168E-001, 3.08131221E+000, 7.21362298E+000, 2.76164815E+000, 1.99214886E+001
 3.03333333E+002, 4.87609949E+000, 9.00800875E-001, 3.09648639E+000, 7.14194678E+000, 2.78931765E+000, 1.99211582E+001
 3.10000000E+002, 4.77720741E+000, 9.05255852E-001, 3.11184719E+000, 7.07179456E+000, 2.81701787E+000, 1.99213717E+001
 3.16666667E+002, 4.67769499E+000, 9.09563019E-001, 3.12732873E+000, 7.00325432E+000, 2.84450256E+000, 1.99207748E+001
 3.23333333E+002, 4.57756286E+000, 9.13797866E-001, 3.14286162E+000, 6.93641101E+000, 2.87194024E+000, 1.99209579E+001
 3.30000000E+002, 4.47680701E+000, 9.17892411E-001, 3.15847376E+000, 6.87134656E+000, 2.89913910E+000, 1.99209895E+001
 3.36666667E+002, 4.37543153E+000, 9.21849067E-001, 3.17403691E+000, 6.80813984E+000, 2.92598296E+000, 1.99205012E+001
 3.43333333E+002, 4.27344209E+000, 9.25706474E-001, 3.18962443E+000, 6.74686672E+000, 2.95265599E+000, 1.99211764E+001
 3.50000000E+002, 4.17085439E+000, 9.29415471E-001, 3.20492560E+000, 6.68760000E+000, 2.97870743E+000, 1.99204038E+001
 3.56666667E+002, 4.06767694E+000, 9.33015763E-001, 3.22025220E+000, 6.63040947E+000, 3.00454607E+000, 1.99213707E+001
 3.63333333E+002, 3.96392967E+000, 9.36416796E-001, 3.23524540E+000, 6.57536189E+000, 3.02953813E+000, 1.99203095E+001
 3.70000000E+002, 3.85964072E+000, 9.39778587E-001, 3.24996768E+000, 6.52252096E+000, 3.05425003E+000, 1.99214098E+001
 3.76666667E+002, 3.75482914E+000, 9.42892871E-001, 3.26437614E+000, 6.47194737E+000, 3.07795699E+000, 1.99203757E+001
 3.83333333E+002, 3.64952627E+000, 9.45935649E-001, 3.27849294E+000, 6.42369877E+000, 3.10124335E+000, 1.99214531E+001
 3.90000000E+002, 3.54376603E+000, 9.48760369E-001, 3.29207362E+000, 6.37782976E+000, 3.12338899E+000, 1.99204432E+001
 3.96666667E+002, 3.43758983E+000, 9.51510244E-001, 3.30524469E+000, 6.33439193E+000, 3.14497418E+000, 1.99214991E+001
 4.03333333E+002, 3.33103466E+000, 9.54055302E-001, 3.31771625E+000, 6.29343383E+000, 3.16528478E+000, 1.99205103E+001
 4.10000000E+002, 3.22412193E+000, 9.56372076E-001, 3.33032638E+000, 6.25500096E+000, 3.18503115E+000, 1.99223729E+001
 4.16666667E+002, 3.11697314E+000, 9.58805600E-001, 3.34099948E+000, 6.21913580E+000, 3.20336901E+000, 1.99221869E+001
 4.23333333E+002, 3.00956570E+000, 9.60785964E-001, 3.35198758E+000, 6.18587780E+000, 3.22054261E+000, 1.99218831E+001
 4.30000000E+002, 2.90197788E+000, 9.62640286E-001, 3.36191568E+000, 6.15526336E+000, 3.23631547E+000, 1.99203740E+001
 4.36666667E+002, 2.79426639E+000, 9.64437026E-001, 3.37121440E+000, 6.12732586E+000, 3.25132399E+000, 1.99219216E+001
 4.43333333E+002, 2.68648930E+000, 9.65945626E-001, 3.37961341E+000, 6.10209564E+000, 3.26452279E+000, 1.99204303E+001
 4.50000000E+002, 2.57870684E+000, 9.67472417E-001, 3.38708854E+000, 6.07960000E+000, 3.27691473E+000, 1.99223308E+001
 4.56666667E+002, 2.47097799E+000, 9.68664196E-001, 3.39356036E+000, 6.05986322E+000, 3.28722042E+000, 1.99201061E+001
 4.63333333E+002, 2.36337499E+000, 9.69812225E-001, 3.39943819E+000, 6.04290654E+000, 3.29681672E+000, 1.99223553E+001
 4.70000000E+002, 2.25595183E+000, 9.70626445E-001, 3.40418570E+000, 6.02874816E+000, 3.30419266E+000, 1.99201454E+001
 4.76666667E+002, 2.14877374E+000, 9.71403117E-001, 3.40825804E+000, 6.01740325E+000, 3.31079249E+000, 1.99223735E+001
 4.83333333E+002, 2.04190968E+000, 9.71893584E-001, 3.41099081E+000, 6.00888395E+000, 3.31512008E+000, 1.99201719E+001
 4.90000000E+002, 1.93541757E+000, 9.72246968E-001, 3.41335880E+000, 6.00319936E+000, 3.31862774E+000, 1.99223839E+001
 4.96666667E+002, 1.82936038E+000, 9.83520473E-001, 3.37650644E+000, 6.00035555E+000, 3.32086321E+000, 1.99263600E+001
 5.03333333E+002, 1.73470421E+000, 1.13286917E+000, 2.93525827E+000, 6.00035555E+000, 3.32526360E+000, 1.99527639E+001
 5.10000000E+002, 1.66002862E+000, 1.19254750E+000, 2.78446232E+000, 6.00319936E+000, 3.32060357E+000, 1.99342452E+001
 5.16666667E+002, 1.59503353E+000, 1.22445310E+000, 2.70854415E+000, 6.00888395E+000, 3.31648529E+000, 1.99283752E+001
 5.23333333E+002, 1.53642667E+000, 1.24584048E+000, 2.65773748E+000, 6.01740325E+000, 3.31111692E+000, 1.99243257E+001
 5.30000000E+002, 1.48204807E+000, 1.26170907E+000, 2.61906175E+000, 6.02874816E+000, 3.30449397E+000, 1.99219619E+001
 5.36666667E+002, 1.43070622E+000, 1.27454984E+000, 2.58646453E+000, 6.04290654E+000, 3.29657794E+000, 1.99209124E+001
 5.43333333E+002, 1.38177266E+000, 1.28553671E+000, 2.55710175E+000, 6.05986322E+000, 3.28724817E+000, 1.99202743E+001
 5.50000000E+002, 1.33490905E+000, 1.29524013E+000, 2.52968338E+000, 6.07960000E+000, 3.27654742E+000, 1.99200977E+001
 5.56666667E+002, 1.28991679E+000, 1.30392450E+000, 2.50354021E+000, 6.10209564E+000, 3.26442743E+000, 1.99198483E+001
 5.63333333E+002, 1.24666125E+000, 1.31175177E+000, 2.47835214E+000, 6.12732586E+000, 3.25098282E+000, 1.99198311E+001
 5.70000000E+002, 1.20503639E+000, 1.31881316E+000, 2.45386831E+000, 6.15526336E+000, 3.23619382E+000, 1.99196252E+001
 5.76666667E+002, 1.16494942E+000, 1.32520340E+000, 2.42994905E+000, 6.18587780E+000, 3.22017675E+000, 1.99196199E+001
 5.83333333E+002, 1.12631503E+000, 1.33098825E+000, 2.40642393E+000, 6.21913580E+000, 3.20292197E+000, 1.99194067E+001
 5.90000000E+002, 1.08905367E+000, 1.33625220E+000, 2.38320062E+000, 6.25500096E+000, 3.18455708E+000, 1.99194076E+001
 5.96666667E+002, 1.05309134E+000, 1.34105252E+000, 2.36014352E+000, 6.29343383E+000, 3.16507641E+000, 1.99191989E+001
 6.03333333E+002, 1.01835964E+000, 1.34546471E+000, 2.33719665E+000, 6.33439193E+000, 3.14461561E+000, 1.99192277E+001
 6.10000000E+002, 9.84795818E-001, 1.34953325E+000, 2.31426067E+000, 6.37782976E+000, 3.12317172E+000, 1.99190576E+001
 6.16666667E+002, 9.52342516E-001, 1.35331798E+000, 2.29128733E+000, 6.42369877E+000, 3.10084033E+000, 1.99188642E+001
 6.23333333E+002, 9.20947395E-001, 1.35686714E+000, 2.26823969E+000, 6.47194737E+000, 3.07769991E+000, 1.99187118E+001
 6.30000000E+002, 8.90562643E-001, 1.36022052E+000, 2.24509213E+000, 6.52252096E+000, 3.05382038E+000, 1.99186074E+001
 6.36666667E+002, 8.61144399E-001, 1.36341177E+000, 2.22183073E+000, 6.57536189E+000, 3.02927018E+000, 1.99185477E+001
 6.43333333E+002, 8.32652206E-001, 1.36646940E+000, 2.19845190E+000, 6.63040947E+000, 3.00411725E+000, 1.99185275E+001
 6.50000000E+002, 8.05048487E-001, 1.36941736E+000, 2.17496071E+000, 6.68760000E+000, 2.97842896E+000, 1.99185415E+001
 6.56666667E+002, 7.78298076E-001, 1.37227570E+000, 2.15136934E+000, 6.74686672E+000, 2.95227186E+000, 1.99185848E+001
 6.63333333E+002, 7.52367818E-001, 1.37506108E+000, 2.12769570E+000, 6.80813984E+000, 2.92571155E+000, 1.99186534E+001
 6.70000000E+002, 7.27226238E-001, 1.37778725E+000, 2.10396249E+000, 6.87134656E+000, 2.89881270E+000, 1.99187467E+001
 6.76666667E+002, 7.02843250E-001, 1.38046516E+000, 2.08019791E+000, 6.93641101E+000, 2.87164076E+000, 1.99188806E+001
 6.83333333E+002, 6.79189946E-001, 1.38310167E+000, 2.05642551E+000, 7.00325432E+000, 2.84424555E+000, 1.99189749E+001
 6.90000000E+002, 6.56238426E-001, 1.38570533E+000, 2.03267315E+000, 7.07179456E+000, 2.81668602E+000, 1.99190249E+001
 6.96666667E+002, 6.33961666E-001, 1.38828451E+000, 2.00897353E+000, 7.14194678E+000, 2.78902684E+000, 1.99190812E+001
 7.03333333E+002, 6.12333420E-001, 1.39084452E+000, 1.98535727E+000, 7.21362298E+000, 2.76132328E+000, 1.99191451E+001
 7.10000000E+002, 5.91328143E-001, 1.39338962E+000, 1.96185464E+000, 7.28673216E+000, 2.73362789E+000, 1.99192143E+001
 7.16666667E+002, 5.70920956E-001, 1.39592336E+000, 1.93849562E+000, 7.36118025E+000, 2.70599132E+000, 1.99192899E+001
 7.23333333E+002, 5.51087599E-001, 1.39844855E+000, 1.91530922E+000, 7.43687016E+000, 2.67846140E+000, 1.99193696E+001
 7.30000000E+002, 5.31804423E-001, 1.40096755E+000, 1.89232367E+000, 7.51370176E+000, 2.65108405E+000, 1.99194549E+001
 7.36666667E+002, 5.13048368E-001, 1.40348219E+000, 1.86956584E+000, 7.59157190E+000, 2.62390235E+000, 1.99195434E+001
 7.43333333E+002, 4.94796959E-001, 1.40599403E+000, 1.84706157E+000, 7.67037439E+000, 2.59695754E+000, 1.99196366E+001
 7.50000000E+002, 4.77028303E-001, 1.40850425E+000, 1.82483514E+000, 7.75000000E+000, 2.57028806E+000, 1.99197325E+001
 7.56666667E+002, 4.59721086E-001, 1.41101386E+000, 1.80290979E+000, 7.83033647E+000, 2.54393070E+000, 1.99198333E+001
 7.63333333E+002, 4.42854579E-001, 1.41352377E+000, 1.78130731E+000, 7.91126850E+000, 2.51792022E+000, 1.99199429E+001
 7.70000000E+002, 4.26408625E-001, 1.41603457E+000, 1.76004740E+000, 7.99267776E+000, 2.49228795E+000, 1.99200545E+001
 7.76666667E+002, 4.10363647E-001, 1.41854675E+000, 1.73914882E+000, 8.07444290E+000, 2.46706392E+000, 1.99201667E+001
 7.83333333E+002, 3.94700636E-001, 1.42106077E+000, 1.71862909E+000, 8.15643951E+000, 2.44227637E+000, 1.99202795E+001
 7.90000000E+002, 3.79401150E-001, 1.42357696E+000, 1.69850441E+000, 8.23854016E+000, 2.41795175E+000, 1.99203926E+001
 7.96666667E+002, 3.64447305E-001, 1.42609563E+000, 1.67878982E+000, 8.32061439E+000, 2.39411482E+000, 1.99205062E+001
 8.03333333E+002, 3.49821764E-001, 1.42861699E+000, 1.65949916E+000, 8.40252870E+000, 2.37078870E+000, 1.99206201E+001
 8.10000000E+002, 3.35507723E-001, 1.43114126E+000, 1.64064523E+000, 8.48414656E+000, 2.34799508E+000, 1.99207344E+001
 8.16666667E+002, 3.21488903E-001, 1.43366860E+000, 1.62223979E+000, 8.56532840E+000, 2.32575425E+000, 1.99208489E+001
 8.23333333E+002, 3.07749526E-001, 1.43619914E+000, 1.60429373E+000, 8.64593161E+000, 2.30408528E+000, 1.99209637E+001
 8.30000000E+002, 2.94274301E-001, 1.43873303E+000, 1.58681705E+000, 8.72581056E+000, 2.28300610E+000, 1.99210787E+001
 8.36666667E+002, 2.81048406E-001, 1.44127035E+000, 1.56981906E+000, 8.80481658E+000, 2.26253367E+000, 1.99211940E+001
 8.43333333E+002, 2.68057463E-001, 1.44381122E+000, 1.55330838E+000, 8.88279798E+000, 2.24268407E+000, 1.99213095E+001
 8.50000000E+002, 2.55287516E-001, 1.44635574E+000, 1.53729305E+000, 8.95960000E+000, 2.22347261E+000, 1.99214252E+001
 8.56666667E+002, 2.42725013E-001, 1.44890398E+000, 1.52178064E+000, 9.03506488E+000, 2.20491402E+000, 1.99215412E+001
 8.63333333E+002, 2.30356771E-001, 1.45145603E+000, 1.50677834E+000, 9.10903181E+000, 2.18702251E+000, 1.99216576E+001
 8.70000000E+002, 2.18169958E-001, 1.45401199E+000, 1.49229300E+000, 9.18133696E+000, 2.16981192E+000, 1.99217743E+001
 8.76666667E+002, 2.06152060E-001, 1.45657194E+000, 1.47833128E+000, 9.25181344E+000, 2.15329586E+000, 1.99218916E+001
 8.83333333E+002, 1.94290855E-001, 1.45913597E+000, 1.46489970E+000, 9.32029136E+000, 2.13748784E+000, 1.99220094E+001
 8.90000000E+002, 1.82574381E-001, 1.46170417E+000, 1.45200474E+000, 9.38659776E+000, 2.12240138E+000, 1.99221280E+001
 8.96666667E+002, 1.70990908E-001, 1.46427664E+000, 1.43965293E+000, 9.45055667E+000, 2.10805016E+000, 1.99222475E+001
 9.03333333E+002, 1.59528903E-001, 1.46685349E+000, 1.42785096E+000, 9.51198909E+000, 2.09444816E+000, 1.99223680E+001
 9.10000000E+002, 1.48176995E-001, 1.46943481E+000, 1.41660574E+000, 9.57071296E+000, 2.08160980E+000, 1.99224898E+001
 9.16666667E+002, 1.36923944E-001, 1.47202073E+000, 1.40592454E+000, 9.62654321E+000, 2.06955007E+000, 1.99226132E+001
 9.23333333E+002, 1.25758598E-001, 1.47461136E+000, 1.39581504E+000, 9.67929173E+000, 2.05828472E+000, 1.99227382E+001
 9.30000000E+002, 1.14669861E-001, 1.47720682E+000, 1.38628548E+000, 9.72876736E+000, 2.04783038E+000, 1.99228653E+001
 9.36666667E+002, 1.03646642E-001, 1.47980727E+000, 1.37734474E+000, 9.77477593E+000, 2.03820476E+000, 1.99229948E+001
 9.43333333E+002, 9.26778202E-002, 1.48241283E+000, 1.36900246E+000, 9.81712023E+000, 2.02942681E+000, 1.99231270E+001
 9.50000000E+002, 8.17521902E-002, 1.48502370E+000, 1.36126914E+000, 9.85560000E+000, 2.02151693E+000, 1.99232623E+001
 9.56666667E+002, 7.08584156E-002, 1.48764013E+000, 1.35415622E+000, 9.89001196E+000, 2.01449714E+000, 1.99234008E+001
 9.63333333E+002, 5.99849726E-002, 1.49026292E+000, 1.34767577E+000, 9.92014980E+000, 2.00839123E+000, 1.99235418E+001
 9.70000000E+002, 4.91200894E-002, 1.49289276E+000, 1.34183804E+000, 9.94580416E+000, 2.00322029E+000, 1.99236367E+001
 9.76666667E+002, 3.82516809E-002, 1.49553042E+000, 1.33665360E+000, 9.96676266E+000, 1.99900612E+000, 1.99236196E+001
 9.83333333E+002, 2.73672768E-002, 1.49819177E+000, 1.33213168E+000, 9.98280988E+000, 1.99578873E+000, 1.99235794E+001
 9.90000000E+002, 1.64539406E-002, 1.50098040E+000, 1.32819806E+000, 9.99372736E+000, 1.99359926E+000, 1.99234875E+001
 9.96666667E+002, 5.49818093E-003, 1.50375324E+000, 1.31655114E+000, 9.99929362E+000, 1.97976804E+000, 1.97962819E+001
