   5001.0398250427070      ,          30
 X,ZB,H,U,Q,0,0,0,0
   0.0000000000000000      ,  -0.0000000000000000      ,   1.0000000000014815      ,   2.5000000040375336E-002 ,   2.5000000040412373E-002
   50.000000000000000      ,  -0.0000000000000000      ,   1.0000000000011855      ,   2.5000000122398332E-002 ,   2.5000000122427968E-002
   100.00000000000000      ,  -2.4780000000000000E-005 ,  0.99999999523147420      ,   3.3333333752661155E-002 ,   3.3333333593710296E-002
   150.00000000000000      ,  -2.4780000000000000E-005 ,  0.99999999523137773      ,   3.3333333833847359E-002 ,   3.3333333674893280E-002
   200.00000000000000      ,  -9.5600000000000006E-005 ,   1.0000000016060209      ,   5.0000000526477836E-002 ,   5.0000000606778880E-002
   250.00000000000000      ,  -2.4780000000000000E-005 ,  0.99999999523180993      ,   3.3333333967032197E-002 ,   3.3333333808092523E-002
   300.00000000000000      ,  -2.4780000000000000E-005 ,  0.99999999523207539      ,   3.3333334045426842E-002 ,   3.3333333886496015E-002
   350.00000000000000      ,  -4.9709999999999997E-005 ,  0.99999999883607726      ,   4.0000000794936583E-002 ,   4.0000000748379672E-002
   400.00000000000000      ,  -4.9709999999999997E-005 ,  0.99999999883362900      ,   4.0000000861055089E-002 ,   4.0000000814400249E-002
   425.00000000000000      ,  -2.4780000000000000E-005 ,  0.99999999522595029      ,   3.3333334208458423E-002 ,   3.3333334049323426E-002
   435.00000000000000      ,  -9.7499999999999998E-006 ,  0.99999999505639148      ,   2.8571429346707939E-002 ,   2.8571429205461976E-002
   450.00000000000000      ,  -9.7499999999999998E-006 ,  0.99999999505783588      ,   2.8571429368852746E-002 ,   2.8571429227648052E-002
   470.00000000000000      ,  -0.0000000000000000      ,  0.99999999999591183      ,   2.5000000594325250E-002 ,   2.5000000594223047E-002
   475.00000000000000      ,  -0.0000000000000000      ,  0.99999999999673994      ,   2.5000000614361764E-002 ,   2.5000000614280263E-002
   500.00000000000000      ,  -0.0000000000000000      ,  0.99999999999702349      ,   2.5000000636043393E-002 ,   2.5000000635968980E-002
   505.00000000000000      ,   6.6900000000000003E-006 ,  0.99999999795099637      ,   2.2222222853456125E-002 ,   2.2222222807922711E-002
   530.00000000000000      ,   1.1470000000000000E-005 ,   1.0000000018072277      ,   2.0000000516525229E-002 ,   2.0000000552669785E-002
   550.00000000000000      ,   1.1470000000000000E-005 ,   1.0000000018064401      ,   2.0000000544848278E-002 ,   2.0000000580977083E-002
   565.00000000000000      ,   6.6900000000000003E-006 ,  0.99999999795139283      ,   2.2222222935656500E-002 ,   2.2222222890131895E-002
   575.00000000000000      ,  -0.0000000000000000      ,  0.99999999999912126      ,   2.5000000774025016E-002 ,   2.5000000774003047E-002
   600.00000000000000      ,  -0.0000000000000000      ,   1.0000000000042162      ,   2.5000000812993955E-002 ,   2.5000000813099360E-002
   650.00000000000000      ,  -2.4780000000000000E-005 ,  0.99999999523718608      ,   3.3333334649069221E-002 ,   3.3333334490308751E-002
   700.00000000000000      ,  -0.0000000000000000      ,   1.0000000000094242      ,   2.5000000923902033E-002 ,   2.5000000924137639E-002
   750.00000000000000      ,  -0.0000000000000000      ,   1.0000000000105103      ,   2.5000000988069097E-002 ,   2.5000000988331852E-002
   800.00000000000000      ,  -2.0075700000000002E-003 ,   1.0000000036096908      ,  0.20000000689691338      ,  0.20000000761885156     
   820.00000000000000      ,  -0.0000000000000000      ,   1.0000000000160636      ,   2.5000001041722824E-002 ,   2.5000001042124412E-002
   900.00000000000000      ,  -9.7499999999999998E-006 ,  0.99999999508073134      ,   2.8571429964645217E-002 ,   2.8571429824094677E-002
   950.00000000000000      ,  -4.9709999999999997E-005 ,  0.99999999885094171      ,   4.0000001861047310E-002 ,   4.0000001815084979E-002
   1000.0000000000000      ,  -0.0000000000000000      ,   1.0000000000470208      ,   2.5000001228610427E-002 ,   2.5000001229785948E-002
   1500.0000000000000      ,  -0.0000000000000000      ,   1.0000000000309035      ,   2.5000001359691087E-002 ,   2.5000001360463674E-002
