   5000.7162129257349      ,         149
 X,ZB,H,U,Q,0,0,0,0
   0.0000000000000000      ,  -0.0000000000000000      ,  0.99639442325572203      ,   2.5105421660718781E-002 ,   2.5014902136223600E-002
   10.000000000000000      ,  -0.0000000000000000      ,  0.99639402925771003      ,   2.5135852936061926E-002 ,   2.5045213785791984E-002
   20.000000000000000      ,  -0.0000000000000000      ,  0.99639339463232657      ,   2.5166369271364463E-002 ,   2.5075604108865508E-002
   30.000000000000000      ,  -0.0000000000000000      ,  0.99639252118718202      ,   2.5197015315193000E-002 ,   2.5106117616297191E-002
   40.000000000000000      ,  -0.0000000000000000      ,  0.99639141180671575      ,   2.5227834983843782E-002 ,   2.5136798116378960E-002
   50.000000000000000      ,  -0.0000000000000000      ,  0.99649114217682222      ,   2.5575948500192576E-002 ,   2.5486206133212484E-002
   60.000000000000000      ,  -3.4400000000000001E-006 ,  0.99661168067500971      ,   2.6624268387617903E-002 ,   2.6534056864526409E-002
   70.000000000000000      ,  -7.4699999999999996E-006 ,  0.99663545696263678      ,   2.8137134114192150E-002 ,   2.8042465515516889E-002
   80.000000000000000      ,  -1.2240000000000000E-005 ,  0.99666358381827569      ,   2.9826753893661708E-002 ,   2.9727239429322587E-002
   90.000000000000000      ,  -1.7920000000000001E-005 ,  0.99669723367337282      ,   3.1726402692700578E-002 ,   3.1621617798222111E-002
   100.00000000000000      ,  -2.4780000000000000E-005 ,  0.99655694963442532      ,   3.3310174392939457E-002 ,   3.3195485784818492E-002
   110.00000000000000      ,  -2.4780000000000000E-005 ,  0.99637493542320632      ,   3.3904732132765271E-002 ,   3.3781825289325107E-002
   120.00000000000000      ,  -2.4780000000000000E-005 ,  0.99637156865390242      ,   3.3938946805735851E-002 ,   3.3815801667292381E-002
   130.00000000000000      ,  -2.4780000000000000E-005 ,  0.99636804968255710      ,   3.3973810040995207E-002 ,   3.3850418850832072E-002
   140.00000000000000      ,  -2.4780000000000000E-005 ,  0.99636439440281299      ,   3.4009349596931367E-002 ,   3.3885705015180075E-002
   150.00000000000000      ,  -2.4780000000000000E-005 ,  0.99654247519006622      ,   3.4616096881293648E-002 ,   3.4496410867503505E-002
   160.00000000000000      ,  -3.3170000000000003E-005 ,  0.99677193408439091      ,   3.6525779876492220E-002 ,   3.6407872251431876E-002
   170.00000000000000      ,  -4.3560000000000003E-005 ,  0.99683401413266060      ,   3.9379293468733624E-002 ,   3.9254619182145803E-002
   180.00000000000000      ,  -5.6650000000000001E-005 ,  0.99691300868868005      ,   4.2707645293573585E-002 ,   4.2575807163625391E-002
   190.00000000000000      ,  -7.3479999999999994E-005 ,  0.99701553481971039      ,   4.6641177508735393E-002 ,   4.6501978538492868E-002
   200.00000000000000      ,  -9.5600000000000006E-005 ,  0.99634581719257176      ,   4.8834559483070229E-002 ,   4.8656109075398864E-002
   210.00000000000000      ,  -7.3479999999999994E-005 ,  0.99565106892148436      ,   4.6783858882234131E-002 ,   4.6580399104368293E-002
   220.00000000000000      ,  -5.6650000000000001E-005 ,  0.99575472050525848      ,   4.2909144453784902E-002 ,   4.2726983142698349E-002
   230.00000000000000      ,  -4.3560000000000003E-005 ,  0.99583470140756825      ,   3.9638338579389358E-002 ,   3.9473233063498293E-002
   240.00000000000000      ,  -3.3170000000000003E-005 ,  0.99589758361527103      ,   3.6841311940514487E-002 ,   3.6690173538774809E-002
   250.00000000000000      ,  -2.4780000000000000E-005 ,  0.99612562261807225      ,   3.4980441040196208E-002 ,   3.4844913610620212E-002
   260.00000000000000      ,  -2.4780000000000000E-005 ,  0.99630981952274000      ,   3.4437579632388873E-002 ,   3.4310498748345346E-002
   270.00000000000000      ,  -2.4780000000000000E-005 ,  0.99630634386321071      ,   3.4484791416930609E-002 ,   3.4357416455487566E-002
   280.00000000000000      ,  -2.4780000000000000E-005 ,  0.99630305511043959      ,   3.4532716036677104E-002 ,   3.4405050488602672E-002
   290.00000000000000      ,  -2.4780000000000000E-005 ,  0.99629997464594744      ,   3.4581330708220136E-002 ,   3.4453378907822844E-002
   300.00000000000000      ,  -2.4780000000000000E-005 ,  0.99638883613493645      ,   3.4918338300294088E-002 ,   3.4792242458796002E-002
   310.00000000000000      ,  -2.8759999999999999E-005 ,  0.99649127823252825      ,   3.5873930961863636E-002 ,   3.5748059319412967E-002
   320.00000000000000      ,  -3.3170000000000003E-005 ,  0.99650308799720544      ,   3.7206667641966965E-002 ,   3.7076559199305782E-002
   330.00000000000000      ,  -3.8070000000000000E-005 ,  0.99651671250294283      ,   3.8636942573682061E-002 ,   3.8502358994690636E-002
   340.00000000000000      ,  -4.3560000000000003E-005 ,  0.99653245351301056      ,   4.0175976561042277E-002 ,   4.0036664494656662E-002
   350.00000000000000      ,  -4.9709999999999997E-005 ,  0.99641768415282872      ,   4.1419708207197321E-002 ,   4.1271329730101468E-002
   360.00000000000000      ,  -4.9709999999999997E-005 ,  0.99628255235087637      ,   4.1892284179998698E-002 ,   4.1736551806657342E-002
   370.00000000000000      ,  -4.9709999999999997E-005 ,  0.99628156350110864      ,   4.1945731257252199E-002 ,   4.1789758719172544E-002
   380.00000000000000      ,  -4.9709999999999997E-005 ,  0.99628098377333163      ,   4.1999630988625532E-002 ,   4.1843433679464748E-002
   390.00000000000000      ,  -4.9709999999999997E-005 ,  0.99628083679191315      ,   4.2053926237073477E-002 ,   4.1897520821856958E-002
   400.00000000000000      ,  -4.9709999999999997E-005 ,  0.99595922916069268      ,   4.1098493699958306E-002 ,   4.0932424105076061E-002
   412.50000000000000      ,  -3.5549999999999997E-005 ,  0.99572956329455153      ,   3.8400251330436209E-002 ,   3.8236265487656268E-002
   425.00000000000000      ,  -2.4780000000000000E-005 ,  0.99560162909172423      ,   3.4564396057583893E-002 ,   3.4412369023502094E-002
   435.00000000000000      ,  -9.7499999999999998E-006 ,  0.99593238371923831      ,   3.1339586799026140E-002 ,   3.1212109385530075E-002
   450.00000000000000      ,  -9.7499999999999998E-006 ,  0.99612778502594845      ,   2.9752273587599999E-002 ,   2.9637066388302016E-002
   460.00000000000000      ,  -4.3900000000000003E-006 ,  0.99599595734654367      ,   2.8340807040069412E-002 ,   2.8227329239847599E-002
   470.00000000000000      ,  -0.0000000000000000      ,  0.99616260496261111      ,   2.7015545061589319E-002 ,   2.6911875743037619E-002
   475.00000000000000      ,  -0.0000000000000000      ,  0.99630238461020892      ,   2.6634545360149201E-002 ,   2.6536061055325424E-002
   487.50000000000000      ,  -0.0000000000000000      ,  0.99631011477937048      ,   2.6694936295996778E-002 ,   2.6596435045092532E-002
   500.00000000000000      ,  -0.0000000000000000      ,  0.99605557227499963      ,   2.5945402088200557E-002 ,   2.5843062324867577E-002
   505.00000000000000      ,   6.6900000000000003E-006 ,  0.99599533049875710      ,   2.4174604277252123E-002 ,   2.4077792976798396E-002
   517.50000000000000      ,   9.2699999999999993E-006 ,  0.99613666348878982      ,   2.2627317533438631E-002 ,   2.2539900591460951E-002
   530.00000000000000      ,   1.1470000000000000E-005 ,  0.99624505271919406      ,   2.1817764135284360E-002 ,   2.1735839581171309E-002
   540.00000000000000      ,   1.1470000000000000E-005 ,  0.99633828252597256      ,   2.1596933369423255E-002 ,   2.1517851501119033E-002
   550.00000000000000      ,   1.1470000000000000E-005 ,  0.99652420262256891      ,   2.2209560685012699E-002 ,   2.2132364752229836E-002
   565.00000000000000      ,   6.6900000000000003E-006 ,  0.99678603031360868      ,   2.4167769344409451E-002 ,   2.4090094866348822E-002
   575.00000000000000      ,  -0.0000000000000000      ,  0.99663244066569101      ,   2.6399482696450118E-002 ,   2.6310580872074760E-002
   587.50000000000000      ,  -0.0000000000000000      ,  0.99638116632974683      ,   2.7291855423783925E-002 ,   2.7193090738452653E-002
   600.00000000000000      ,  -0.0000000000000000      ,  0.99650407148860676      ,   2.7688375727387828E-002 ,   2.7591579145248284E-002
   610.00000000000000      ,  -3.4400000000000001E-006 ,  0.99664917840448064      ,   2.8836311636200089E-002 ,   2.8739686300434383E-002
   620.00000000000000      ,  -7.4699999999999996E-006 ,  0.99669107730611650      ,   3.0486699353096475E-002 ,   3.0385821221745411E-002
   630.00000000000000      ,  -1.2240000000000000E-005 ,  0.99673943939455611      ,   3.2327566297755343E-002 ,   3.2222160308615008E-002
   640.00000000000000      ,  -1.7920000000000001E-005 ,  0.99679567592378071      ,   3.4394838865712526E-002 ,   3.4284626655437439E-002
   650.00000000000000      ,  -2.4780000000000000E-005 ,  0.99647507196359419      ,   3.5521166462755556E-002 ,   3.5395956907205151E-002
   660.00000000000000      ,  -1.7920000000000001E-005 ,  0.99614833447863360      ,   3.4489071133504828E-002 ,   3.4356230767355958E-002
   670.00000000000000      ,  -1.2240000000000000E-005 ,  0.99620852766869106      ,   3.2484401388220834E-002 ,   3.2361237679158258E-002
   680.00000000000000      ,  -7.4699999999999996E-006 ,  0.99626180941541742      ,   3.0703414659730296E-002 ,   3.0588639444134758E-002
   690.00000000000000      ,  -3.4400000000000001E-006 ,  0.99630960550346948      ,   2.9110554114559359E-002 ,   2.9003124685864034E-002
   700.00000000000000      ,  -0.0000000000000000      ,  0.99646115055650697      ,   2.8016662705233848E-002 ,   2.7917515954010898E-002
   710.00000000000000      ,  -0.0000000000000000      ,  0.99659322412358986      ,   2.7689410926794299E-002 ,   2.7595079309616889E-002
   720.00000000000000      ,  -0.0000000000000000      ,  0.99661315752733115      ,   2.7714537684829049E-002 ,   2.7620672911487690E-002
   730.00000000000000      ,  -0.0000000000000000      ,  0.99663383293522023      ,   2.7737922760171296E-002 ,   2.7644552278130601E-002
   740.00000000000000      ,  -0.0000000000000000      ,  0.99665525509504194      ,   2.7759552996327205E-002 ,   2.7666704372878825E-002
   750.00000000000000      ,  -0.0000000000000000      ,  0.99707990559632909      ,   2.9041765470869060E-002 ,   2.8956960774044853E-002
   760.00000000000000      ,  -1.4949999999999999E-005 ,  0.99784838170074852      ,   3.3916963136478927E-002 ,   3.3843986777939442E-002
   770.00000000000000      ,  -4.3560000000000003E-005 ,  0.99858813931486734      ,   4.3363609097549091E-002 ,   4.3302385722698802E-002
   780.00000000000000      ,  -1.0937000000000000E-004 ,   1.0002919021742822      ,   6.0268766421365784E-002 ,   6.0286359005325488E-002
   790.00000000000000      ,  -3.2220000000000003E-004 ,   1.0061217832913993      ,  0.10044516584748628      ,  0.10106006938547325     
   800.00000000000000      ,  -2.0075700000000002E-003 ,  0.98415818516505382      ,   8.6946322619321587E-002 ,   8.5568935075806804E-002
   810.00000000000000      ,  -6.8850000000000007E-005 ,  0.99339912372007522      ,   2.9306404639391472E-002 ,   2.9112956688157436E-002
   820.00000000000000      ,  -0.0000000000000000      ,  0.99647604764201880      ,   1.6095401876188017E-002 ,   1.6038682446793771E-002
   830.00000000000000      ,  -1.0200000000000000E-006 ,  0.99707390495105208      ,   1.4494707575303117E-002 ,   1.4452294683231075E-002
   840.00000000000000      ,  -2.0899999999999999E-006 ,  0.99709148568920403      ,   1.4724266128598397E-002 ,   1.4681440389847400E-002
   850.00000000000000      ,  -3.2100000000000002E-006 ,  0.99711026469400177      ,   1.4960652233883012E-002 ,   1.4917419908921998E-002
   860.00000000000000      ,  -4.3900000000000003E-006 ,  0.99713027838983181      ,   1.5204281044270915E-002 ,   1.5160648990391100E-002
   870.00000000000000      ,  -5.6300000000000003E-006 ,  0.99715155841150516      ,   1.5455584811485354E-002 ,   1.5411560480933810E-002
   880.00000000000000      ,  -6.9299999999999997E-006 ,  0.99717413844650238      ,   1.5715025057987032E-002 ,   1.5670616572863415E-002
   890.00000000000000      ,  -8.3100000000000001E-006 ,  0.99719807410947914      ,   1.5983093962779381E-002 ,   1.5938310517994443E-002
   900.00000000000000      ,  -9.7499999999999998E-006 ,  0.99727524607869533      ,   1.6422953844239682E-002 ,   1.6378205336353185E-002
   910.00000000000000      ,  -1.4949999999999999E-005 ,  0.99737230242991870      ,   1.7246108977013418E-002 ,   1.7200791418361162E-002
   920.00000000000000      ,  -2.1189999999999999E-005 ,  0.99742572805870722      ,   1.8354967908804493E-002 ,   1.8307717229933528E-002
   930.00000000000000      ,  -2.8759999999999999E-005 ,  0.99748753650304078      ,   1.9617809349062751E-002 ,   1.9568520319182926E-002
   940.00000000000000      ,  -3.8070000000000000E-005 ,  0.99755981782405601      ,   2.1069183774899098E-002 ,   2.1017771128189901E-002
   950.00000000000000      ,  -4.9709999999999997E-005 ,  0.99728688127937970      ,   2.1630294033642306E-002 ,   2.1571608477967109E-002
   960.00000000000000      ,  -3.3170000000000003E-005 ,  0.99703003374119292      ,   2.0311841975298370E-002 ,   2.0251516489977514E-002
   970.00000000000000      ,  -2.1189999999999999E-005 ,  0.99712020528923850      ,   1.8312498840791395E-002 ,   1.8259762603488858E-002
   980.00000000000000      ,  -1.2240000000000000E-005 ,  0.99719379932853991      ,   1.6667831840672352E-002 ,   1.6621058559769274E-002
   990.00000000000000      ,  -5.3800000000000002E-006 ,  0.99725575807044198      ,   1.5290771639679011E-002 ,   1.5248810063010107E-002
   1000.0000000000000      ,  -0.0000000000000000      ,  0.99739227808998165      ,   1.4380809713969040E-002 ,   1.4343308561394118E-002
   1010.0000000000000      ,  -0.0000000000000000      ,  0.99750732105058182      ,   1.4094743292640807E-002 ,   1.4059609622737789E-002
   1020.0000000000000      ,  -0.0000000000000000      ,  0.99753641310366725      ,   1.4081119712939219E-002 ,   1.4046429650928730E-002
   1030.0000000000000      ,  -0.0000000000000000      ,  0.99756647775010843      ,   1.4067438604323700E-002 ,   1.4033205179481095E-002
   1040.0000000000000      ,  -0.0000000000000000      ,  0.99759751982830303      ,   1.4053737931337740E-002 ,   1.4019974104619476E-002
   1050.0000000000000      ,  -0.0000000000000000      ,  0.99762954382524438      ,   1.4040053590352330E-002 ,   1.4006772258625179E-002
   1060.0000000000000      ,  -0.0000000000000000      ,  0.99766255367711965      ,   1.4026419760271662E-002 ,   1.3993633756979838E-002
   1070.0000000000000      ,  -0.0000000000000000      ,  0.99769655270640878      ,   1.4012868835380440E-002 ,   1.3980590930586134E-002
   1080.0000000000000      ,  -0.0000000000000000      ,  0.99773154355893290      ,   1.3999431369677537E-002 ,   1.3967674269415715E-002
   1090.0000000000000      ,  -0.0000000000000000      ,  0.99776752814120406      ,   1.3986136032726486E-002 ,   1.3954912377620133E-002
   1100.0000000000000      ,  -0.0000000000000000      ,  0.99780450755842975      ,   1.3973009576988143E-002 ,   1.3942331940075877E-002
   1110.0000000000000      ,  -0.0000000000000000      ,  0.99784248205352799      ,   1.3960076816515508E-002 ,   1.3929957700249749E-002
   1120.0000000000000      ,  -0.0000000000000000      ,  0.99788145094750780      ,   1.3947360616839322E-002 ,   1.3917812449219750E-002
   1130.0000000000000      ,  -0.0000000000000000      ,  0.99792141258156319      ,   1.3934881895803497E-002 ,   1.3905917025617477E-002
   1140.0000000000000      ,  -0.0000000000000000      ,  0.99796236426122820      ,   1.3922659635048242E-002 ,   1.3894290326197111E-002
   1150.0000000000000      ,  -0.0000000000000000      ,  0.99800430220292768      ,   1.3910710901778998E-002 ,   1.3882949326676608E-002
   1160.0000000000000      ,  -0.0000000000000000      ,  0.99804722148325520      ,   1.3899050880408957E-002 ,   1.3871909112446552E-002
   1170.0000000000000      ,  -0.0000000000000000      ,  0.99809111599129108      ,   1.3887692913610736E-002 ,   1.3861182918690084E-002
   1180.0000000000000      ,  -0.0000000000000000      ,  0.99813597838426704      ,   1.3876648552268001E-002 ,   1.3850782179412643E-002
   1190.0000000000000      ,  -0.0000000000000000      ,  0.99818180004686385      ,   1.3865927613772224E-002 ,   1.3840716584834675E-002
   1200.0000000000000      ,  -0.0000000000000000      ,  0.99822857105441509      ,   1.3855538248079733E-002 ,   1.3830994146570425E-002
   1210.0000000000000      ,  -0.0000000000000000      ,  0.99827628014026903      ,   1.3845487010903943E-002 ,   1.3821621269975600E-002
   1220.0000000000000      ,  -0.0000000000000000      ,  0.99832491466754358      ,   1.3835778943397065E-002 ,   1.3812602833025871E-002
   1230.0000000000000      ,  -0.0000000000000000      ,  0.99837446060548574      ,   1.3826417657645950E-002 ,   1.3803942271058439E-002
   1240.0000000000000      ,  -0.0000000000000000      ,  0.99842490251062610      ,   1.3817405427298687E-002 ,   1.3795641666700487E-002
   1250.0000000000000      ,  -0.0000000000000000      ,  0.99847622351289333      ,   1.3808743282612310E-002 ,   1.3787701844281774E-002
   1260.0000000000000      ,  -0.0000000000000000      ,  0.99852840530683173      ,   1.3800431109215087E-002 ,   1.3780122468031331E-002
   1270.0000000000000      ,  -0.0000000000000000      ,  0.99858142814803741      ,   1.3792467749865728E-002 ,   1.3772902143346666E-002
   1280.0000000000000      ,  -0.0000000000000000      ,  0.99863527085490278      ,   1.3784851108498067E-002 ,   1.3766038520429473E-002
   1290.0000000000000      ,  -0.0000000000000000      ,  0.99868991081573311      ,   1.3777578255839470E-002 ,   1.3759528399581104E-002
   1300.0000000000000      ,  -0.0000000000000000      ,  0.99874532400127081      ,   1.3770645535901451E-002 ,   1.3753367837460548E-002
   1310.0000000000000      ,  -0.0000000000000000      ,  0.99880148498263732      ,   1.3764048672656303E-002 ,   1.3747552253622414E-002
   1320.0000000000000      ,  -0.0000000000000000      ,  0.99885836695467223      ,   1.3757782876230746E-002 ,   1.3742076536668797E-002
   1330.0000000000000      ,  -0.0000000000000000      ,  0.99891594176462672      ,   1.3751842947955978E-002 ,   1.3736935149356685E-002
   1340.0000000000000      ,  -0.0000000000000000      ,  0.99897417994613491      ,   1.3746223383652117E-002 ,   1.3732122232040258E-002
   1350.0000000000000      ,  -0.0000000000000000      ,  0.99903305075836668      ,   1.3740918474545736E-002 ,   1.3727631703847429E-002
   1360.0000000000000      ,  -0.0000000000000000      ,  0.99909252223023370      ,   1.3735922405229374E-002 ,   1.3723457360999393E-002
   1370.0000000000000      ,  -0.0000000000000000      ,  0.99915256120950091      ,   1.3731229348135636E-002 ,   1.3719592971744786E-002
   1380.0000000000000      ,  -0.0000000000000000      ,  0.99921313341662388      ,   1.3726833553994533E-002 ,   1.3716032367375329E-002
   1390.0000000000000      ,  -0.0000000000000000      ,  0.99927420350311569      ,   1.3722729437807384E-002 ,   1.3712769528853731E-002
   1400.0000000000000      ,  -0.0000000000000000      ,  0.99933573511422136      ,   1.3718911659876027E-002 ,   1.3709798668589273E-002
   1410.0000000000000      ,  -0.0000000000000000      ,  0.99939769095565512      ,   1.3715375201488423E-002 ,   1.3707114306957983E-002
   1420.0000000000000      ,  -0.0000000000000000      ,  0.99946003286413887      ,   1.3712115434880826E-002 ,   1.3704711343182857E-002
   1430.0000000000000      ,  -0.0000000000000000      ,  0.99952272188146007      ,   1.3709128187136111E-002 ,   1.3702585120228133E-002
   1440.0000000000000      ,  -0.0000000000000000      ,  0.99958571833175125      ,   1.3706409797728115E-002 ,   1.3700731483411412E-002
   1450.0000000000000      ,  -0.0000000000000000      ,  0.99964898190167439      ,   1.3703957169436027E-002 ,   1.3699146832450876E-002
   1460.0000000000000      ,  -0.0000000000000000      ,  0.99971247172318645      ,   1.3701767812415999E-002 ,   1.3697828166727596E-002
   1470.0000000000000      ,  -0.0000000000000000      ,  0.99977614645854196      ,   1.3699839881232512E-002 ,   1.3696773123557691E-002
   1480.0000000000000      ,  -0.0000000000000000      ,  0.99983996438718614      ,   1.3698172204710072E-002 ,   1.3695980009326860E-002
   1490.0000000000000      ,  -0.0000000000000000      ,  0.99990388349417658      ,   1.3696764308476194E-002 ,   1.3695447823349777E-002
   1500.0000000000000      ,  -0.0000000000000000      ,  0.99996786143267458      ,   1.3695616032117275E-002 ,   1.3695175874639363E-002
