   5000.4490290807498      ,         149
X,ZB,H,U,Q
 0.00000000E+000,-0.00000000E+000, 9.99894890E-001, 2.50014547E-002, 2.49988268E-002
 1.00000000E+001,-0.00000000E+000, 9.99895051E-001, 2.49992124E-002, 2.49965887E-002
 2.00000000E+001,-0.00000000E+000, 9.99894754E-001, 2.49975970E-002, 2.49949661E-002
 3.00000000E+001,-0.00000000E+000, 9.99894284E-001, 2.49958745E-002, 2.49932320E-002
 4.00000000E+001,-0.00000000E+000, 9.99893607E-001, 2.49943121E-002, 2.49916528E-002
 5.00000000E+001,-0.00000000E+000, 9.99892585E-001, 2.49930402E-002, 2.49903556E-002
 6.00000000E+001,-3.44000000E-006, 9.99678683E-001, 2.63272813E-002, 2.63188219E-002
 7.00000000E+001,-7.47000000E-006, 9.99657307E-001, 2.77875860E-002, 2.77780633E-002
 8.00000000E+001,-1.22400000E-005, 9.99627160E-001, 2.94274885E-002, 2.94165168E-002
 9.00000000E+001,-1.79200000E-005, 9.99600753E-001, 3.12220709E-002, 3.12096055E-002
 1.00000000E+002,-2.47800000E-005, 9.99884683E-001, 3.33235941E-002, 3.33197513E-002
 1.10000000E+002,-2.47800000E-005, 9.99882685E-001, 3.33270513E-002, 3.33231415E-002
 1.20000000E+002,-2.47800000E-005, 9.99880185E-001, 3.33288190E-002, 3.33248257E-002
 1.30000000E+002,-2.47800000E-005, 9.99877416E-001, 3.33308813E-002, 3.33267955E-002
 1.40000000E+002,-2.47800000E-005, 9.99874405E-001, 3.33335169E-002, 3.33293304E-002
 1.50000000E+002,-2.47800000E-005, 9.99871314E-001, 3.33363890E-002, 3.33320991E-002
 1.60000000E+002,-3.31700000E-005, 9.99479636E-001, 3.57731898E-002, 3.57545747E-002
 1.70000000E+002,-4.35600000E-005, 9.99425586E-001, 3.85254127E-002, 3.85032831E-002
 1.80000000E+002,-5.66500000E-005, 9.99343891E-001, 4.17635926E-002, 4.17361911E-002
 1.90000000E+002,-7.34800000E-005, 9.99271592E-001, 4.54430677E-002, 4.54099666E-002
 2.00000000E+002,-9.56000000E-005, 9.99850927E-001, 4.91059893E-002, 4.90986689E-002
 2.10000000E+002,-7.34800000E-005, 1.00042868E+000, 4.54036632E-002, 4.54231267E-002
 2.20000000E+002,-5.66500000E-005, 1.00035414E+000, 4.17532843E-002, 4.17680707E-002
 2.30000000E+002,-4.35600000E-005, 1.00027248E+000, 3.85374639E-002, 3.85479645E-002
 2.40000000E+002,-3.31700000E-005, 1.00021493E+000, 3.58030902E-002, 3.58107854E-002
 2.50000000E+002,-2.47800000E-005, 9.99827158E-001, 3.34012077E-002, 3.33954346E-002
 2.60000000E+002,-2.47800000E-005, 9.99821524E-001, 3.34112438E-002, 3.34052807E-002
 2.70000000E+002,-2.47800000E-005, 9.99817143E-001, 3.34234396E-002, 3.34173279E-002
 2.80000000E+002,-2.47800000E-005, 9.99813008E-001, 3.34363880E-002, 3.34301356E-002
 2.90000000E+002,-2.47800000E-005, 9.99808957E-001, 3.34498062E-002, 3.34434158E-002
 3.00000000E+002,-2.47800000E-005, 9.99804962E-001, 3.34636439E-002, 3.34571172E-002
 3.10000000E+002,-2.87600000E-005, 9.99614536E-001, 3.46457338E-002, 3.46323791E-002
 3.20000000E+002,-3.31700000E-005, 9.99599393E-001, 3.58974357E-002, 3.58830549E-002
 3.30000000E+002,-3.80700000E-005, 9.99580294E-001, 3.72429949E-002, 3.72273638E-002
 3.40000000E+002,-4.35600000E-005, 9.99564078E-001, 3.86641100E-002, 3.86472555E-002
 3.50000000E+002,-4.97100000E-005, 9.99783523E-001, 4.02301841E-002, 4.02214752E-002
 3.60000000E+002,-4.97100000E-005, 9.99780201E-001, 4.02495606E-002, 4.02407138E-002
 3.70000000E+002,-4.97100000E-005, 9.99776307E-001, 4.02637019E-002, 4.02546952E-002
 3.80000000E+002,-4.97100000E-005, 9.99772873E-001, 4.02773294E-002, 4.02681813E-002
 3.90000000E+002,-4.97100000E-005, 9.99769357E-001, 4.02883535E-002, 4.02790613E-002
 4.00000000E+002,-4.97100000E-005, 9.99767312E-001, 4.02980082E-002, 4.02886313E-002
 4.12500000E+002,-3.55500000E-005, 1.00024754E+000, 3.65620578E-002, 3.65711085E-002
 4.25000000E+002,-2.47800000E-005, 1.00024412E+000, 3.35329152E-002, 3.35411011E-002
 4.35000000E+002,-9.75000000E-006, 9.99758060E-001, 2.88754505E-002, 2.88684644E-002
 4.50000000E+002,-9.75000000E-006, 9.99755550E-001, 2.88840670E-002, 2.88770063E-002
 4.60000000E+002,-4.39000000E-006, 1.00001521E+000, 2.69351384E-002, 2.69355481E-002
 4.70000000E+002,-0.00000000E+000, 9.99751669E-001, 2.52942915E-002, 2.52880102E-002
 4.75000000E+002,-0.00000000E+000, 9.99749967E-001, 2.52994688E-002, 2.52931431E-002
 4.87500000E+002,-0.00000000E+000, 9.99748949E-001, 2.53059157E-002, 2.52995626E-002
 5.00000000E+002,-0.00000000E+000, 9.99748391E-001, 2.53128722E-002, 2.53065032E-002
 5.05000000E+002, 6.69000000E-006, 9.99931847E-001, 2.24693163E-002, 2.24677850E-002
 5.17500000E+002, 9.27000000E-006, 9.99917158E-001, 2.13160371E-002, 2.13142713E-002
 5.30000000E+002, 1.14700000E-005, 9.99746572E-001, 2.02519751E-002, 2.02468427E-002
 5.40000000E+002, 1.14700000E-005, 9.99745481E-001, 2.02553317E-002, 2.02501763E-002
 5.50000000E+002, 1.14700000E-005, 9.99745188E-001, 2.02591610E-002, 2.02539987E-002
 5.65000000E+002, 6.69000000E-006, 9.99394184E-001, 2.24598293E-002, 2.24462228E-002
 5.75000000E+002,-0.00000000E+000, 9.99744617E-001, 2.53299968E-002, 2.53235280E-002
 5.87500000E+002,-0.00000000E+000, 9.99744732E-001, 2.53312555E-002, 2.53247893E-002
 6.00000000E+002,-0.00000000E+000, 9.99744848E-001, 2.53316216E-002, 2.53251582E-002
 6.10000000E+002,-3.44000000E-006, 9.99529176E-001, 2.66842981E-002, 2.66717344E-002
 6.20000000E+002,-7.47000000E-006, 9.99509100E-001, 2.81644966E-002, 2.81506707E-002
 6.30000000E+002,-1.22400000E-005, 9.99484892E-001, 2.97987949E-002, 2.97834453E-002
 6.40000000E+002,-1.79200000E-005, 9.99476697E-001, 3.16454556E-002, 3.16288954E-002
 6.50000000E+002,-2.47800000E-005, 9.99746751E-001, 3.33337298E-002, 3.33252881E-002
 6.60000000E+002,-1.79200000E-005, 1.00002124E+000, 3.16208178E-002, 3.16214893E-002
 6.70000000E+002,-1.22400000E-005, 1.00001056E+000, 2.97753028E-002, 2.97756171E-002
 6.80000000E+002,-7.47000000E-006, 9.99986368E-001, 2.81352462E-002, 2.81348627E-002
 6.90000000E+002,-3.44000000E-006, 9.99965628E-001, 2.66525937E-002, 2.66516776E-002
 7.00000000E+002,-0.00000000E+000, 9.99752414E-001, 2.53058209E-002, 2.52995556E-002
 7.10000000E+002,-0.00000000E+000, 9.99753195E-001, 2.53001535E-002, 2.52939093E-002
 7.20000000E+002,-0.00000000E+000, 9.99754135E-001, 2.52954797E-002, 2.52892604E-002
 7.30000000E+002,-0.00000000E+000, 9.99755196E-001, 2.52912905E-002, 2.52850991E-002
 7.40000000E+002,-0.00000000E+000, 9.99756048E-001, 2.52871776E-002, 2.52810087E-002
 7.50000000E+002,-0.00000000E+000, 9.99756934E-001, 2.52848265E-002, 2.52786806E-002
 7.60000000E+002,-1.49500000E-005, 9.98840698E-001, 3.10376979E-002, 3.10017158E-002
 7.70000000E+002,-4.35600000E-005, 9.98452148E-001, 3.92416027E-002, 3.91808625E-002
 7.80000000E+002,-1.09370000E-004, 9.97343539E-001, 5.44407690E-002, 5.42961493E-002
 7.90000000E+002,-3.22200000E-004, 9.95364147E-001, 8.23678163E-002, 8.19859712E-002
 8.00000000E+002,-2.00757000E-003, 9.99788120E-001, 1.98895123E-001, 1.98852981E-001
 8.10000000E+002,-6.88500000E-005, 1.00253169E+000, 4.32298129E-002, 4.33392573E-002
 8.20000000E+002,-0.00000000E+000, 9.99801144E-001, 2.63701204E-002, 2.63648766E-002
 8.30000000E+002,-1.02000000E-006, 9.99746130E-001, 2.67230156E-002, 2.67162314E-002
 8.40000000E+002,-2.09000000E-006, 9.99736149E-001, 2.71473609E-002, 2.71401980E-002
 8.50000000E+002,-3.21000000E-006, 9.99733721E-001, 2.75962226E-002, 2.75888743E-002
 8.60000000E+002,-4.39000000E-006, 9.99732556E-001, 2.80621015E-002, 2.80545965E-002
 8.70000000E+002,-5.63000000E-006, 9.99731563E-001, 2.85442644E-002, 2.85366021E-002
 8.80000000E+002,-6.93000000E-006, 9.99730517E-001, 2.90433141E-002, 2.90354874E-002
 8.90000000E+002,-8.31000000E-006, 9.99729407E-001, 2.95600133E-002, 2.95520146E-002
 9.00000000E+002,-9.75000000E-006, 9.99728150E-001, 3.00953661E-002, 3.00871847E-002
 9.10000000E+002,-1.49500000E-005, 9.99517294E-001, 3.19604196E-002, 3.19449921E-002
 9.20000000E+002,-2.11900000E-005, 9.99486360E-001, 3.40278438E-002, 3.40103657E-002
 9.30000000E+002,-2.87600000E-005, 9.99443788E-001, 3.63701793E-002, 3.63499498E-002
 9.40000000E+002,-3.80700000E-005, 9.99418247E-001, 3.90291266E-002, 3.90064213E-002
 9.50000000E+002,-4.97100000E-005, 9.99819930E-001, 4.15390437E-002, 4.15315638E-002
 9.60000000E+002,-3.31700000E-005, 1.00038379E+000, 3.75765877E-002, 3.75910092E-002
 9.70000000E+002,-2.11900000E-005, 1.00030937E+000, 3.40721568E-002, 3.40826977E-002
 9.80000000E+002,-1.22400000E-005, 1.00022922E+000, 3.10521855E-002, 3.10593032E-002
 9.90000000E+002,-5.38000000E-006, 1.00017718E+000, 2.85491638E-002, 2.85542220E-002
 1.00000000E+003,-0.00000000E+000, 9.99832887E-001, 2.63842908E-002, 2.63798817E-002
 1.01000000E+003,-0.00000000E+000, 9.99832780E-001, 2.63904664E-002, 2.63860534E-002
 1.02000000E+003,-0.00000000E+000, 9.99833403E-001, 2.63961152E-002, 2.63917177E-002
 1.03000000E+003,-0.00000000E+000, 9.99833819E-001, 2.64022272E-002, 2.63978397E-002
 1.04000000E+003,-0.00000000E+000, 9.99834203E-001, 2.64084257E-002, 2.64040473E-002
 1.05000000E+003,-0.00000000E+000, 9.99834419E-001, 2.64143107E-002, 2.64099370E-002
 1.06000000E+003,-0.00000000E+000, 9.99834431E-001, 2.64197209E-002, 2.64153466E-002
 1.07000000E+003,-0.00000000E+000, 9.99834342E-001, 2.64250749E-002, 2.64206974E-002
 1.08000000E+003,-0.00000000E+000, 9.99834140E-001, 2.64302406E-002, 2.64258569E-002
 1.09000000E+003,-0.00000000E+000, 9.99833831E-001, 2.64351629E-002, 2.64307702E-002
 1.10000000E+003,-0.00000000E+000, 9.99833432E-001, 2.64398087E-002, 2.64354047E-002
 1.11000000E+003,-0.00000000E+000, 9.99832970E-001, 2.64441464E-002, 2.64397294E-002
 1.12000000E+003,-0.00000000E+000, 9.99832479E-001, 2.64481418E-002, 2.64437111E-002
 1.13000000E+003,-0.00000000E+000, 9.99831987E-001, 2.64517437E-002, 2.64472995E-002
 1.14000000E+003,-0.00000000E+000, 9.99831521E-001, 2.64549559E-002, 2.64504988E-002
 1.15000000E+003,-0.00000000E+000, 9.99831110E-001, 2.64577808E-002, 2.64533124E-002
 1.16000000E+003,-0.00000000E+000, 9.99830772E-001, 2.64602011E-002, 2.64557233E-002
 1.17000000E+003,-0.00000000E+000, 9.99830549E-001, 2.64623192E-002, 2.64578352E-002
 1.18000000E+003,-0.00000000E+000, 9.99830401E-001, 2.64640454E-002, 2.64595571E-002
 1.19000000E+003,-0.00000000E+000, 9.99830487E-001, 2.64657270E-002, 2.64612407E-002
 1.20000000E+003,-0.00000000E+000, 9.99830762E-001, 2.64669346E-002, 2.64624553E-002
 1.21000000E+003,-0.00000000E+000, 9.99831269E-001, 2.64678711E-002, 2.64634051E-002
 1.22000000E+003,-0.00000000E+000, 9.99832041E-001, 2.64685957E-002, 2.64641501E-002
 1.23000000E+003,-0.00000000E+000, 9.99833097E-001, 2.64691383E-002, 2.64647205E-002
 1.24000000E+003,-0.00000000E+000, 9.99834460E-001, 2.64695030E-002, 2.64651212E-002
 1.25000000E+003,-0.00000000E+000, 9.99836152E-001, 2.64696658E-002, 2.64653288E-002
 1.26000000E+003,-0.00000000E+000, 9.99838195E-001, 2.64696078E-002, 2.64653249E-002
 1.27000000E+003,-0.00000000E+000, 9.99840619E-001, 2.64693153E-002, 2.64650966E-002
 1.28000000E+003,-0.00000000E+000, 9.99843455E-001, 2.64687735E-002, 2.64646299E-002
 1.29000000E+003,-0.00000000E+000, 9.99846726E-001, 2.64680189E-002, 2.64639621E-002
 1.30000000E+003,-0.00000000E+000, 9.99850440E-001, 2.64671115E-002, 2.64631531E-002
 1.31000000E+003,-0.00000000E+000, 9.99854603E-001, 2.64660940E-002, 2.64622459E-002
 1.32000000E+003,-0.00000000E+000, 9.99859201E-001, 2.64650206E-002, 2.64612943E-002
 1.33000000E+003,-0.00000000E+000, 9.99864223E-001, 2.64639059E-002, 2.64603128E-002
 1.34000000E+003,-0.00000000E+000, 9.99869654E-001, 2.64627766E-002, 2.64593273E-002
 1.35000000E+003,-0.00000000E+000, 9.99875478E-001, 2.64616446E-002, 2.64583496E-002
 1.36000000E+003,-0.00000000E+000, 9.99881682E-001, 2.64605226E-002, 2.64573918E-002
 1.37000000E+003,-0.00000000E+000, 9.99888249E-001, 2.64594188E-002, 2.64564619E-002
 1.38000000E+003,-0.00000000E+000, 9.99895156E-001, 2.64583460E-002, 2.64555720E-002
 1.39000000E+003,-0.00000000E+000, 9.99902374E-001, 2.64573139E-002, 2.64547310E-002
 1.40000000E+003,-0.00000000E+000, 9.99909875E-001, 2.64563313E-002, 2.64539469E-002
 1.41000000E+003,-0.00000000E+000, 9.99917631E-001, 2.64554127E-002, 2.64532336E-002
 1.42000000E+003,-0.00000000E+000, 9.99925618E-001, 2.64545641E-002, 2.64525964E-002
 1.43000000E+003,-0.00000000E+000, 9.99933813E-001, 2.64537866E-002, 2.64520357E-002
 1.44000000E+003,-0.00000000E+000, 9.99942199E-001, 2.64530780E-002, 2.64515490E-002
 1.45000000E+003,-0.00000000E+000, 9.99950757E-001, 2.64524303E-002, 2.64511277E-002
 1.46000000E+003,-0.00000000E+000, 9.99959473E-001, 2.64518286E-002, 2.64507566E-002
 1.47000000E+003,-0.00000000E+000, 9.99968329E-001, 2.64512587E-002, 2.64504209E-002
 1.48000000E+003,-0.00000000E+000, 9.99977293E-001, 2.64507423E-002, 2.64501417E-002
 1.49000000E+003,-0.00000000E+000, 9.99986304E-001, 2.64503764E-002, 2.64500142E-002
 1.50000000E+003,-0.00000000E+000, 9.99995404E-001, 2.64642820E-002, 2.64641603E-002
