   5000.3641031805619      ,         149
 X,ZB,H,U,Q,0,0,0,0
   0.0000000000000000      ,  -0.0000000000000000      ,   1.0000048393729835      ,   2.4999860481749452E-002 ,   2.4999981465398856E-002
   10.000000000000000      ,  -0.0000000000000000      ,   1.0000048421187802      ,   2.4999822611789690E-002 ,   2.4999943663900258E-002
   20.000000000000000      ,  -0.0000000000000000      ,   1.0000048474473877      ,   2.4999784234894802E-002 ,   2.4999905420033584E-002
   30.000000000000000      ,  -0.0000000000000000      ,   1.0000048553529841      ,   2.4999745142305678E-002 ,   2.4999866524892857E-002
   40.000000000000000      ,  -0.0000000000000000      ,   1.0000048658257195      ,   2.4999705128325424E-002 ,   2.4999826772533616E-002
   50.000000000000000      ,  -0.0000000000000000      ,   1.0000048787634759      ,   2.4999663714968371E-002 ,   2.4999785682414614E-002
   60.000000000000000      ,  -3.4400000000000001E-006 ,   1.0000048775219992      ,   2.6315440273519425E-002 ,   2.6315568627658277E-002
   70.000000000000000      ,  -7.4699999999999996E-006 ,   1.0000048913423016      ,   2.7777376552874499E-002 ,   2.7777512421531460E-002
   80.000000000000000      ,  -1.2240000000000000E-005 ,   1.0000049154043884      ,   2.9411308945995199E-002 ,   2.9411453514472261E-002
   90.000000000000000      ,  -1.7920000000000001E-005 ,   1.0000049309573744      ,   3.1249487793470788E-002 ,   3.1249641883363072E-002
   100.00000000000000      ,  -2.4780000000000000E-005 ,   1.0000049542313336      ,   3.3332765116448969E-002 ,   3.3332930254678345E-002
   110.00000000000000      ,  -2.4780000000000000E-005 ,   1.0000050259827249      ,   3.3332594555586147E-002 ,   3.3332762084630561E-002
   120.00000000000000      ,  -2.4780000000000000E-005 ,   1.0000050628764887      ,   3.3332537515605117E-002 ,   3.3332706274125615E-002
   130.00000000000000      ,  -2.4780000000000000E-005 ,   1.0000051020445908      ,   3.3332477421623194E-002 ,   3.3332647485409324E-002
   140.00000000000000      ,  -2.4780000000000000E-005 ,   1.0000051434294834      ,   3.3332414162453909E-002 ,   3.3332585605375664E-002
   150.00000000000000      ,  -2.4780000000000000E-005 ,   1.0000051865818889      ,   3.3332346425139450E-002 ,   3.3332519306083733E-002
   160.00000000000000      ,  -3.3170000000000003E-005 ,   1.0000051932999852      ,   3.5713318293269444E-002 ,   3.5713503763244808E-002
   170.00000000000000      ,  -4.3560000000000003E-005 ,   1.0000052301821942      ,   3.8460477992567285E-002 ,   3.8460679147874460E-002
   180.00000000000000      ,  -5.6650000000000001E-005 ,   1.0000052613857069      ,   4.1665519776990706E-002 ,   4.1665738995360933E-002
   190.00000000000000      ,  -7.3479999999999994E-005 ,   1.0000052960777470      ,   4.5453330842563908E-002 ,   4.5453571566937911E-002
   200.00000000000000      ,  -9.5600000000000006E-005 ,   1.0000054909733138      ,   4.9999349851858464E-002 ,   4.9999624396954212E-002
   210.00000000000000      ,  -7.3479999999999994E-005 ,   1.0000056969859854      ,   4.5453141966969285E-002 ,   4.5453400912882067E-002
   220.00000000000000      ,  -5.6650000000000001E-005 ,   1.0000057265384235      ,   4.1665173686119376E-002 ,   4.1665412283337408E-002
   230.00000000000000      ,  -4.3560000000000003E-005 ,   1.0000057727184188      ,   3.8459985322151939E-002 ,   3.8460207340817600E-002
   240.00000000000000      ,  -3.3170000000000003E-005 ,   1.0000058185145904      ,   3.5712687683000864E-002 ,   3.5712895477795208E-002
   250.00000000000000      ,  -2.4780000000000000E-005 ,   1.0000058217478496      ,   3.3331587432644555E-002 ,   3.3331781480742013E-002
   260.00000000000000      ,  -2.4780000000000000E-005 ,   1.0000058803141847      ,   3.3331477523594867E-002 ,   3.3331673523154949E-002
   270.00000000000000      ,  -2.4780000000000000E-005 ,   1.0000059403571928      ,   3.3331363268498664E-002 ,   3.3331561268702202E-002
   280.00000000000000      ,  -2.4780000000000000E-005 ,   1.0000060013842837      ,   3.3331246051825157E-002 ,   3.3331446085441370E-002
   290.00000000000000      ,  -2.4780000000000000E-005 ,   1.0000060633071470      ,   3.3331125998797832E-002 ,   3.3331328095652320E-002
   300.00000000000000      ,  -2.4780000000000000E-005 ,   1.0000061259508799      ,   3.3331002975153040E-002 ,   3.3331207159240046E-002
   310.00000000000000      ,  -2.8759999999999999E-005 ,   1.0000061744435873      ,   3.4480294313917519E-002 ,   3.4480507210549634E-002
   320.00000000000000      ,  -3.3170000000000003E-005 ,   1.0000062414779352      ,   3.5711616867969039E-002 ,   3.5711839761237749E-002
   330.00000000000000      ,  -3.8070000000000000E-005 ,   1.0000063022227070      ,   3.7034152444321067E-002 ,   3.7034385841797537E-002
   340.00000000000000      ,  -4.3560000000000003E-005 ,   1.0000063782933930      ,   3.8458425907385178E-002 ,   3.8458671206509046E-002
   350.00000000000000      ,  -4.9709999999999997E-005 ,   1.0000064459883176      ,   3.9996647202745310E-002 ,   3.9996905020665920E-002
   360.00000000000000      ,  -4.9709999999999997E-005 ,   1.0000065643963802      ,   3.9996383019263428E-002 ,   3.9996645571375340E-002
   370.00000000000000      ,  -4.9709999999999997E-005 ,   1.0000066429528571      ,   3.9996241959731393E-002 ,   3.9996507652881194E-002
   380.00000000000000      ,  -4.9709999999999997E-005 ,   1.0000067215194872      ,   3.9996099026360331E-002 ,   3.9996367860919348E-002
   390.00000000000000      ,  -4.9709999999999997E-005 ,   1.0000067999872519      ,   3.9995954391942763E-002 ,   3.9996226363922756E-002
   400.00000000000000      ,  -4.9709999999999997E-005 ,   1.0000069704735046      ,   3.9996097037089805E-002 ,   3.9996375828824489E-002
   412.50000000000000      ,  -3.5549999999999997E-005 ,   1.0000070239211514      ,   3.6359836011416569E-002 ,   3.6360091400037792E-002
   425.00000000000000      ,  -2.4780000000000000E-005 ,   1.0000071207907844      ,   3.3329713979853556E-002 ,   3.3329951313773712E-002
   435.00000000000000      ,  -9.7499999999999998E-006 ,   1.0000071045186159      ,   2.8567921900471898E-002 ,   2.8568124861804857E-002
   450.00000000000000      ,  -9.7499999999999998E-006 ,   1.0000071948249978      ,   2.8567817837160142E-002 ,   2.8568023377610049E-002
   460.00000000000000      ,  -4.3900000000000003E-006 ,   1.0000072562273050      ,   2.6663092153332846E-002 ,   2.6663285626790167E-002
   470.00000000000000      ,  -0.0000000000000000      ,   1.0000072841132981      ,   2.4996445764948735E-002 ,   2.4996627841891737E-002
   475.00000000000000      ,  -0.0000000000000000      ,   1.0000073174743793      ,   2.4996335693284948E-002 ,   2.4996518603330960E-002
   487.50000000000000      ,  -0.0000000000000000      ,   1.0000073552884556      ,   2.4996204766591354E-002 ,   2.4996388620887707E-002
   500.00000000000000      ,  -0.0000000000000000      ,   1.0000074366760545      ,   2.4996107055565906E-002 ,   2.4996292943516702E-002
   505.00000000000000      ,   6.6900000000000003E-006 ,   1.0000074497969484      ,   2.2218581584173402E-002 ,   2.2218747108094686E-002
   517.50000000000000      ,   9.2699999999999993E-006 ,   1.0000074758260604      ,   2.1049043885462266E-002 ,   2.1049201244453093E-002
   530.00000000000000      ,   1.1470000000000000E-005 ,   1.0000075120958236      ,   1.9996390788381536E-002 ,   1.9996541003185264E-002
   540.00000000000000      ,   1.1470000000000000E-005 ,   1.0000075467801901      ,   1.9996230821653613E-002 ,   1.9996381728812254E-002
   550.00000000000000      ,   1.1470000000000000E-005 ,   1.0000075728145690      ,   1.9996078356487163E-002 ,   1.9996229783080664E-002
   565.00000000000000      ,   6.6900000000000003E-006 ,   1.0000075890278513      ,   2.2217736418043210E-002 ,   2.2217905029063678E-002
   575.00000000000000      ,  -0.0000000000000000      ,   1.0000076227263401      ,   2.4994806358331532E-002 ,   2.4994996886900326E-002
   587.50000000000000      ,  -0.0000000000000000      ,   1.0000076829140734      ,   2.4994556287176634E-002 ,   2.4994748318204890E-002
   600.00000000000000      ,  -0.0000000000000000      ,   1.0000077194557166      ,   2.4994380820262264E-002 ,   2.4994573763278172E-002
   610.00000000000000      ,  -3.4400000000000001E-006 ,   1.0000077355856791      ,   2.6309764124324401E-002 ,   2.6309967645758981E-002
   620.00000000000000      ,  -7.4699999999999996E-006 ,   1.0000077588480230      ,   2.7771286550317111E-002 ,   2.7771502023508858E-002
   630.00000000000000      ,  -1.2240000000000000E-005 ,   1.0000077888936558      ,   2.9404764327328099E-002 ,   2.9404993357910417E-002
   640.00000000000000      ,  -1.7920000000000001E-005 ,   1.0000078068305833      ,   3.1242440117841021E-002 ,   3.1242684022278030E-002
   650.00000000000000      ,  -2.4780000000000000E-005 ,   1.0000078651238151      ,   3.3325273982066576E-002 ,   3.3325536089472620E-002
   660.00000000000000      ,  -1.7920000000000001E-005 ,   1.0000079160595858      ,   3.1242169491463398E-002 ,   3.1242416806338682E-002
   670.00000000000000      ,  -1.2240000000000000E-005 ,   1.0000079342141048      ,   2.9404241208699250E-002 ,   2.9404474508244589E-002
   680.00000000000000      ,  -7.4699999999999996E-006 ,   1.0000079400954138      ,   2.7770523794254851E-002 ,   2.7770744294863470E-002
   690.00000000000000      ,  -3.4400000000000001E-006 ,   1.0000079521833949      ,   2.6308772366130086E-002 ,   2.6308981578312837E-002
   700.00000000000000      ,  -0.0000000000000000      ,   1.0000079511837514      ,   2.4993155461532301E-002 ,   2.4993354186703905E-002
   710.00000000000000      ,  -0.0000000000000000      ,   1.0000079613760311      ,   2.4993018968969126E-002 ,   2.4993217947791291E-002
   720.00000000000000      ,  -0.0000000000000000      ,   1.0000079695214477      ,   2.4992882027871897E-002 ,   2.4993081209181256E-002
   730.00000000000000      ,  -0.0000000000000000      ,   1.0000079754885640      ,   2.4992744766380401E-002 ,   2.4992944095730468E-002
   740.00000000000000      ,  -0.0000000000000000      ,   1.0000079792357834      ,   2.4992607027673863E-002 ,   2.4992806449578180E-002
   750.00000000000000      ,  -0.0000000000000000      ,   1.0000079791630034      ,   2.4992463768285469E-002 ,   2.4992663187227735E-002
   760.00000000000000      ,  -1.4949999999999999E-005 ,   1.0000079068553436      ,   3.0293988566200154E-002 ,   3.0294228096385527E-002
   770.00000000000000      ,  -4.3560000000000003E-005 ,   1.0000078048487064      ,   3.8450233956952573E-002 ,   3.8450534055211337E-002
   780.00000000000000      ,  -1.0937000000000000E-004 ,   1.0000073262995151      ,   5.2617001302287192E-002 ,   5.2617386790198319E-002
   790.00000000000000      ,  -3.2220000000000003E-004 ,   1.0000013290848260      ,   8.3305042909926338E-002 ,   8.3305153629394793E-002
   800.00000000000000      ,  -2.0075700000000002E-003 ,   1.0000061912487812      ,  0.20060701200322392      ,  0.20060825401114249     
   810.00000000000000      ,  -6.8850000000000007E-005 ,   1.0000148084180134      ,   4.4326720797555320E-002 ,   4.4327377206166051E-002
   820.00000000000000      ,  -0.0000000000000000      ,   1.0000078022720629      ,   2.4947454159763457E-002 ,   2.4947648806588087E-002
   830.00000000000000      ,  -1.0200000000000000E-006 ,   1.0000077648388885      ,   2.5343376092807707E-002 ,   2.5343572880039959E-002
   840.00000000000000      ,  -2.0899999999999999E-006 ,   1.0000077553468605      ,   2.5751972119938810E-002 ,   2.5752171835414943E-002
   850.00000000000000      ,  -3.2100000000000002E-006 ,   1.0000077396689973      ,   2.6173965808880543E-002 ,   2.6174168386712250E-002
   860.00000000000000      ,  -4.3900000000000003E-006 ,   1.0000077241182634      ,   2.6610026896296664E-002 ,   2.6610232435291405E-002
   870.00000000000000      ,  -5.6300000000000003E-006 ,   1.0000077047852720      ,   2.7060870541859201E-002 ,   2.7061079040055998E-002
   880.00000000000000      ,  -6.9299999999999997E-006 ,   1.0000076773810638      ,   2.7527261386387201E-002 ,   2.7527472723662506E-002
   890.00000000000000      ,  -8.3100000000000001E-006 ,   1.0000076571547998      ,   2.8010017481794058E-002 ,   2.8010231958833860E-002
   900.00000000000000      ,  -9.7499999999999998E-006 ,   1.0000076190471845      ,   2.8510015103275627E-002 ,   2.8510232322425930E-002
   910.00000000000000      ,  -1.4949999999999999E-005 ,   1.0000075835467317      ,   3.0237763475989506E-002 ,   3.0237992785481886E-002
   920.00000000000000      ,  -2.1189999999999999E-005 ,   1.0000075601022305      ,   3.2188413400763220E-002 ,   3.2188656748459166E-002
   930.00000000000000      ,  -2.8759999999999999E-005 ,   1.0000075289118930      ,   3.4408134433732217E-002 ,   3.4408393489544775E-002
   940.00000000000000      ,  -3.8070000000000000E-005 ,   1.0000074900267257      ,   3.6956723215738854E-002 ,   3.6957000022583439E-002
   950.00000000000000      ,  -4.9709999999999997E-005 ,   1.0000075594843294      ,   3.9913459588496111E-002 ,   3.9913761313668403E-002
   960.00000000000000      ,  -3.3170000000000003E-005 ,   1.0000074601607214      ,   3.5636506093277405E-002 ,   3.5636771947340412E-002
   970.00000000000000      ,  -2.1189999999999999E-005 ,   1.0000073154192017      ,   3.2187567657336477E-002 ,   3.2187803122886972E-002
   980.00000000000000      ,  -1.2240000000000000E-005 ,   1.0000071969492965      ,   2.9347261109838950E-002 ,   2.9347472320589148E-002
   990.00000000000000      ,  -5.3800000000000002E-006 ,   1.0000070973493234      ,   2.6967534994633172E-002 ,   2.6967726392649421E-002
   1000.0000000000000      ,  -0.0000000000000000      ,   1.0000069862620349      ,   2.4944703870110805E-002 ,   2.4944878140348424E-002
   1010.0000000000000      ,  -0.0000000000000000      ,   1.0000069238430180      ,   2.4944489663773165E-002 ,   2.4944662375503763E-002
   1020.0000000000000      ,  -0.0000000000000000      ,   1.0000068580368833      ,   2.4944272636751145E-002 ,   2.4944443705492914E-002
   1030.0000000000000      ,  -0.0000000000000000      ,   1.0000067886285195      ,   2.4944053558840659E-002 ,   2.4944222894754040E-002
   1040.0000000000000      ,  -0.0000000000000000      ,   1.0000067156139048      ,   2.4943832563789389E-002 ,   2.4944000076938193E-002
   1050.0000000000000      ,  -0.0000000000000000      ,   1.0000066389919251      ,   2.4943609801491604E-002 ,   2.4943775401915658E-002
   1060.0000000000000      ,  -0.0000000000000000      ,   1.0000065587644513      ,   2.4943385437946677E-002 ,   2.4943549035736385E-002
   1070.0000000000000      ,  -0.0000000000000000      ,   1.0000064749364141      ,   2.4943159655137669E-002 ,   2.4943321160510405E-002
   1080.0000000000000      ,  -0.0000000000000000      ,   1.0000063875158742      ,   2.4942932650833052E-002 ,   2.4943091974211309E-002
   1090.0000000000000      ,  -0.0000000000000000      ,   1.0000062965140917      ,   2.4942704638308583E-002 ,   2.4942861690399821E-002
   1100.0000000000000      ,  -0.0000000000000000      ,   1.0000062019455920      ,   2.4942475845997677E-002 ,   2.4942630537875803E-002
   1110.0000000000000      ,  -0.0000000000000000      ,   1.0000061038282284      ,   2.4942246517057207E-002 ,   2.4942398760245579E-002
   1120.0000000000000      ,  -0.0000000000000000      ,   1.0000060021832404      ,   2.4942016908866431E-002 ,   2.4942166615422305E-002
   1130.0000000000000      ,  -0.0000000000000000      ,   1.0000058970353083      ,   2.4941787292444444E-002 ,   2.4941934375044758E-002
   1140.0000000000000      ,  -0.0000000000000000      ,   1.0000057884126023      ,   2.4941557951802185E-002 ,   2.4941702323830556E-002
   1150.0000000000000      ,  -0.0000000000000000      ,   1.0000056763468286      ,   2.4941329183218754E-002 ,   2.4941470758853564E-002
   1160.0000000000000      ,  -0.0000000000000000      ,   1.0000055608732674      ,   2.4941101294451436E-002 ,   2.4941239988754884E-002
   1170.0000000000000      ,  -0.0000000000000000      ,   1.0000054420308098      ,   2.4940874603884264E-002 ,   2.4941010332892279E-002
   1180.0000000000000      ,  -0.0000000000000000      ,   1.0000053198619838      ,   2.4940649439609226E-002 ,   2.4940782120422032E-002
   1190.0000000000000      ,  -0.0000000000000000      ,   1.0000051944129777      ,   2.4940426138454711E-002 ,   2.4940555689327914E-002
   1200.0000000000000      ,  -0.0000000000000000      ,   1.0000050657336570      ,   2.4940205044955019E-002 ,   2.4940331385391128E-002
   1210.0000000000000      ,  -0.0000000000000000      ,   1.0000049338775723      ,   2.4939986510271288E-002 ,   2.4940109561111385E-002
   1220.0000000000000      ,  -0.0000000000000000      ,   1.0000047989019620      ,   2.4939770891068708E-002 ,   2.4939890574584171E-002
   1230.0000000000000      ,  -0.0000000000000000      ,   1.0000046608677491      ,   2.4939558548346331E-002 ,   2.4939674788330445E-002
   1240.0000000000000      ,  -0.0000000000000000      ,   1.0000045198395275      ,   2.4939349846237625E-002 ,   2.4939462568096850E-002
   1250.0000000000000      ,  -0.0000000000000000      ,   1.0000043758855437      ,   2.4939145150772946E-002 ,   2.4939254281617682E-002
   1260.0000000000000      ,  -0.0000000000000000      ,   1.0000042290776692      ,   2.4938944828621037E-002 ,   2.4939050297355703E-002
   1270.0000000000000      ,  -0.0000000000000000      ,   1.0000040794913658      ,   2.4938749245806684E-002 ,   2.4938850983218908E-002
   1280.0000000000000      ,  -0.0000000000000000      ,   1.0000039272056429      ,   2.4938558766414713E-002 ,   2.4938656705263428E-002
   1290.0000000000000      ,  -0.0000000000000000      ,   1.0000037723030060      ,   2.4938373751285138E-002 ,   2.4938467826387405E-002
   1300.0000000000000      ,  -0.0000000000000000      ,   1.0000036148693985      ,   2.4938194556704322E-002 ,   2.4938284705020679E-002
   1310.0000000000000      ,  -0.0000000000000000      ,   1.0000034549941341      ,   2.4938021533098757E-002 ,   2.4938107693816870E-002
   1320.0000000000000      ,  -0.0000000000000000      ,   1.0000032927698224      ,   2.4937855023738090E-002 ,   2.4937937138354547E-002
   1330.0000000000000      ,  -0.0000000000000000      ,   1.0000031282922848      ,   2.4937695363452826E-002 ,   2.4937773375852831E-002
   1340.0000000000000      ,  -0.0000000000000000      ,   1.0000029616604627      ,   2.4937542877373015E-002 ,   2.4937616733907791E-002
   1350.0000000000000      ,  -0.0000000000000000      ,   1.0000027929763193      ,   2.4937397879691823E-002 ,   2.4937467529253566E-002
   1360.0000000000000      ,  -0.0000000000000000      ,   1.0000026223447325      ,   2.4937260672464615E-002 ,   2.4937326066558782E-002
   1370.0000000000000      ,  -0.0000000000000000      ,   1.0000024498733777      ,   2.4937131544442600E-002 ,   2.4937192637257289E-002
   1380.0000000000000      ,  -0.0000000000000000      ,   1.0000022756726084      ,   2.4937010769955331E-002 ,   2.4937067518427676E-002
   1390.0000000000000      ,  -0.0000000000000000      ,   1.0000020998553238      ,   2.4936898607835854E-002 ,   2.4936950971715156E-002
   1400.0000000000000      ,  -0.0000000000000000      ,   1.0000019225368340      ,   2.4936795300407794E-002 ,   2.4936843242315279E-002
   1410.0000000000000      ,  -0.0000000000000000      ,   1.0000017438347135      ,   2.4936701072525744E-002 ,   2.4936744558010714E-002
   1420.0000000000000      ,  -0.0000000000000000      ,   1.0000015638686535      ,   2.4936616130681342E-002 ,   2.4936655128273633E-002
   1430.0000000000000      ,  -0.0000000000000000      ,   1.0000013827603034      ,   2.4936540662181154E-002 ,   2.4936575143439686E-002
   1440.0000000000000      ,  -0.0000000000000000      ,   1.0000012006331087      ,   2.4936474834391820E-002 ,   2.4936504773949122E-002
   1450.0000000000000      ,  -0.0000000000000000      ,   1.0000010176121443      ,   2.4936418794066408E-002 ,   2.4936444169669010E-002
   1460.0000000000000      ,  -0.0000000000000000      ,   1.0000008338239397      ,   2.4936372666748606E-002 ,   2.4936393459293105E-002
   1470.0000000000000      ,  -0.0000000000000000      ,   1.0000006493963014      ,   2.4936336556258983E-002 ,   2.4936352749823712E-002
   1480.0000000000000      ,  -0.0000000000000000      ,   1.0000004644581322      ,   2.4936310544265743E-002 ,   2.4936322126137962E-002
   1490.0000000000000      ,  -0.0000000000000000      ,   1.0000002791392437      ,   2.4936294689946428E-002 ,   2.4936301650644869E-002
   1500.0000000000000      ,  -0.0000000000000000      ,   1.0000000935701676      ,   2.4936289029731488E-002 ,   2.4936291363024232E-002
