   5000.8905374041760      ,          30
 X,ZB,H,U,Q,0,0,0,0
   0.0000000000000000      ,  -0.0000000000000000      ,  0.99973243115748323      ,   2.4988380758418405E-002 ,   2.4981694646302507E-002
   50.000000000000000      ,  -0.0000000000000000      ,   1.0002598373776321      ,   2.6600593137100434E-002 ,   2.6607504965464636E-002
   100.00000000000000      ,  -2.4780000000000000E-005 ,   1.0005620348847741      ,   3.0783918774859920E-002 ,   3.0801220411101445E-002
   150.00000000000000      ,  -2.4780000000000000E-005 ,   1.0006932614535322      ,   3.6337303930169915E-002 ,   3.6362495182309988E-002
   200.00000000000000      ,  -9.5600000000000006E-005 ,  0.99978771948202771      ,   3.9367736815899931E-002 ,   3.9359379812337253E-002
   250.00000000000000      ,  -2.4780000000000000E-005 ,  0.99876563223747405      ,   3.6340094009913733E-002 ,   3.6295236969380730E-002
   300.00000000000000      ,  -2.4780000000000000E-005 ,   1.0002031107812801      ,   3.4672282644589360E-002 ,   3.4679324959006066E-002
   350.00000000000000      ,  -4.9709999999999997E-005 ,   1.0003650657385788      ,   3.7977431636013768E-002 ,   3.7991295895143294E-002
   400.00000000000000      ,  -4.9709999999999997E-005 ,  0.99915785048679340      ,   3.7992307734526512E-002 ,   3.7960312531062287E-002
   425.00000000000000      ,  -2.4780000000000000E-005 ,  0.99887537871416920      ,   3.3304820717301335E-002 ,   3.3267365407001877E-002
   435.00000000000000      ,  -9.7499999999999998E-006 ,  0.99942440095305352      ,   2.9449181162918232E-002 ,   2.9432230242307501E-002
   450.00000000000000      ,  -9.7499999999999998E-006 ,  0.99945430985629358      ,   2.7407978019143395E-002 ,   2.7393021755679425E-002
   470.00000000000000      ,  -0.0000000000000000      ,  0.99950801535541567      ,   2.5616115150846778E-002 ,   2.5603512415538657E-002
   475.00000000000000      ,  -0.0000000000000000      ,  0.99976646293017291      ,   2.4800152229176583E-002 ,   2.4794360474293717E-002
   500.00000000000000      ,  -0.0000000000000000      ,  0.99952961473178148      ,   2.4044581711607602E-002 ,   2.4033271494589985E-002
   505.00000000000000      ,   6.6900000000000003E-006 ,  0.99937733479822355      ,   2.2060926867814704E-002 ,   2.2047190296335180E-002
   530.00000000000000      ,   1.1470000000000000E-005 ,  0.99960599964149754      ,   2.0311001288188475E-002 ,   2.0302998746399386E-002
   550.00000000000000      ,   1.1470000000000000E-005 ,  0.99993212415192090      ,   2.0290408584299639E-002 ,   2.0289031355609107E-002
   565.00000000000000      ,   6.6900000000000003E-006 ,   1.0001633320870298      ,   2.2005440646661312E-002 ,   2.2009034841208142E-002
   575.00000000000000      ,  -0.0000000000000000      ,   1.0000149776277556      ,   2.3971962877674013E-002 ,   2.3972321920810565E-002
   600.00000000000000      ,  -0.0000000000000000      ,   1.0002966348931308      ,   2.6347693594609502E-002 ,   2.6355509239883182E-002
   650.00000000000000      ,  -2.4780000000000000E-005 ,  0.99979475447560240      ,   2.7985837719764102E-002 ,   2.7980093751825603E-002
   700.00000000000000      ,  -0.0000000000000000      ,  0.99925569455870955      ,   2.6324939870874801E-002 ,   2.6305346074887267E-002
   750.00000000000000      ,  -0.0000000000000000      ,   1.0019757764135104      ,   3.1472644784176246E-002 ,   3.1534827693411614E-002
   800.00000000000000      ,  -2.0075700000000002E-003 ,   1.0017646025350755      ,   3.8420795889931157E-002 ,   3.8488593323758147E-002
   820.00000000000000      ,  -0.0000000000000000      ,  0.99784819987671236      ,   3.2398077768611311E-002 ,   3.2328363580874528E-002
   900.00000000000000      ,  -9.7499999999999998E-006 ,   1.0008200685976563      ,   2.9365219481257414E-002 ,   2.9389300975617278E-002
   950.00000000000000      ,  -4.9709999999999997E-005 ,  0.99936558650899243      ,   3.0983318439967430E-002 ,   3.0963662204752929E-002
   1000.0000000000000      ,  -0.0000000000000000      ,  0.99903557019806710      ,   2.6925593509750004E-002 ,   2.6899625664934469E-002
   1500.0000000000000      ,  -0.0000000000000000      ,  0.99993720554209498      ,   2.4392479322559148E-002 ,   2.4390947610043127E-002
