   5000.7253989540495      ,         149
 X,ZB,H,U,Q,0,0,0,0
   0.0000000000000000      ,  -0.0000000000000000      ,  0.99637318514452999      ,   2.5108054625457548E-002 ,   2.5016992359949985E-002
   10.000000000000000      ,  -0.0000000000000000      ,  0.99637277334935093      ,   2.5142749584760270E-002 ,   2.5051551133395831E-002
   20.000000000000000      ,  -0.0000000000000000      ,  0.99637212501926631      ,   2.5177526411058675E-002 ,   2.5086185492915233E-002
   30.000000000000000      ,  -0.0000000000000000      ,  0.99637124197517402      ,   2.5212427815666096E-002 ,   2.5120938015904652E-002
   40.000000000000000      ,  -0.0000000000000000      ,  0.99637012710417450      ,   2.5247495755614840E-002 ,   2.5155850555084062E-002
   50.000000000000000      ,  -0.0000000000000000      ,  0.99646995008078176      ,   2.5600146799664547E-002 ,   2.5509777003522416E-002
   60.000000000000000      ,  -3.4400000000000001E-006 ,  0.99659064994281554      ,   2.6653720214630867E-002 ,   2.6562848352092938E-002
   70.000000000000000      ,  -7.4699999999999996E-006 ,  0.99661449320594442      ,   2.8172548469800607E-002 ,   2.8077170115550238E-002
   80.000000000000000      ,  -1.2240000000000000E-005 ,  0.99664270120114051      ,   2.9868565964187108E-002 ,   2.9768288263551889E-002
   90.000000000000000      ,  -1.7920000000000001E-005 ,  0.99667644904318231      ,   3.1775128094259697E-002 ,   3.1669521836879017E-002
   100.00000000000000      ,  -2.4780000000000000E-005 ,  0.99653598696046419      ,   3.3365495065019235E-002 ,   3.3249916555043439E-002
   110.00000000000000      ,  -2.4780000000000000E-005 ,  0.99635366204687936      ,   3.3965245982610588E-002 ,   3.3841397217097120E-002
   120.00000000000000      ,  -2.4780000000000000E-005 ,  0.99635032494895082      ,   3.4003566035533339E-002 ,   3.3879464068926751E-002
   130.00000000000000      ,  -2.4780000000000000E-005 ,  0.99634683980283578      ,   3.4042505887849676E-002 ,   3.3918143160328457E-002
   140.00000000000000      ,  -2.4780000000000000E-005 ,  0.99634322248107865      ,   3.4082091527582375E-002 ,   3.3957460901486491E-002
   150.00000000000000      ,  -2.4780000000000000E-005 ,  0.99652175014340316      ,   3.4694128768805642E-002 ,   3.4573453920390788E-002
   160.00000000000000      ,  -3.3170000000000003E-005 ,  0.99675184009809570      ,   3.6611985508914521E-002 ,   3.6493063925655364E-002
   170.00000000000000      ,  -4.3560000000000003E-005 ,  0.99681414479622699      ,   3.9476196369505827E-002 ,   3.9350430923876870E-002
   180.00000000000000      ,  -5.6650000000000001E-005 ,  0.99689341576631940      ,   4.2816639734600384E-002 ,   4.2683626236661693E-002
   190.00000000000000      ,  -7.3479999999999994E-005 ,  0.99699628944040419      ,   4.6764032599742052E-002 ,   4.6623566981212922E-002
   200.00000000000000      ,  -9.5600000000000006E-005 ,  0.99632469959902792      ,   4.8966298247356668E-002 ,   4.8786332391774039E-002
   210.00000000000000      ,  -7.3479999999999994E-005 ,  0.99562808185329277      ,   4.6914275871423342E-002 ,   4.6709170497401434E-002
   220.00000000000000      ,  -5.6650000000000001E-005 ,  0.99573220609941504      ,   4.3032247871474125E-002 ,   4.2848595106479787E-002
   230.00000000000000      ,  -4.3560000000000003E-005 ,  0.99581257098307552      ,   3.9755472348164914E-002 ,   3.9588999129672668E-002
   240.00000000000000      ,  -3.3170000000000003E-005 ,  0.99587577346509837      ,   3.6953533594823763E-002 ,   3.6801128851013609E-002
   250.00000000000000      ,  -2.4780000000000000E-005 ,  0.99610467445315809      ,   3.5090449044749339E-002 ,   3.4953760322135173E-002
   260.00000000000000      ,  -2.4780000000000000E-005 ,  0.99628954817113702      ,   3.4549202558722292E-002 ,   3.4421009406902521E-002
   270.00000000000000      ,  -2.4780000000000000E-005 ,  0.99628615542090493      ,   3.4599864060911666E-002 ,   3.4471365543331620E-002
   280.00000000000000      ,  -2.4780000000000000E-005 ,  0.99628295285686708      ,   3.4651192148608498E-002 ,   3.4522392033826364E-002
   290.00000000000000      ,  -2.4780000000000000E-005 ,  0.99627996175154587      ,   3.4703163203102794E-002 ,   3.4574066108644906E-002
   300.00000000000000      ,  -2.4780000000000000E-005 ,  0.99636924344050193      ,   3.5044510468686799E-002 ,   3.4917272382428213E-002
   310.00000000000000      ,  -2.8759999999999999E-005 ,  0.99647217536531130      ,   3.6006609963307734E-002 ,   3.5879584957667549E-002
   320.00000000000000      ,  -3.3170000000000003E-005 ,  0.99648412687780186      ,   3.7347351579113376E-002 ,   3.7216043029511085E-002
   330.00000000000000      ,  -3.8070000000000000E-005 ,  0.99649790254406223      ,   3.8786049492137001E-002 ,   3.8650216966884712E-002
   340.00000000000000      ,  -4.3560000000000003E-005 ,  0.99651380509914034      ,   4.0333973433265218E-002 ,   4.0193361340750758E-002
   350.00000000000000      ,  -4.9709999999999997E-005 ,  0.99639868295029910      ,   4.1585469816137151E-002 ,   4.1435707354668470E-002
   360.00000000000000      ,  -4.9709999999999997E-005 ,  0.99626309288948445      ,   4.2062858020483387E-002 ,   4.1905673027258034E-002
   370.00000000000000      ,  -4.9709999999999997E-005 ,  0.99626223247742007      ,   4.2119217640392052E-002 ,   4.1961785796619321E-002
   380.00000000000000      ,  -4.9709999999999997E-005 ,  0.99626178348309613      ,   4.2175966834450393E-002 ,   4.2018303938613458E-002
   390.00000000000000      ,  -4.9709999999999997E-005 ,  0.99626176940264910      ,   4.2233048030857916E-002 ,   4.2075171158489570E-002
   400.00000000000000      ,  -4.9709999999999997E-005 ,  0.99593888877915393      ,   4.1275909894080559E-002 ,   4.1108283833259075E-002
   412.50000000000000      ,  -3.5549999999999997E-005 ,  0.99570852298754842      ,   3.8568870306153184E-002 ,   3.8403352885838099E-002
   425.00000000000000      ,  -2.4780000000000000E-005 ,  0.99558016284983664      ,   3.4718692148623956E-002 ,   3.4565241183260383E-002
   435.00000000000000      ,  -9.7499999999999998E-006 ,  0.99591272694111388      ,   3.1482279495322812E-002 ,   3.1353602822509256E-002
   450.00000000000000      ,  -9.7499999999999998E-006 ,  0.99610911936676383      ,   2.9890325864019726E-002 ,   2.9774026173994293E-002
   460.00000000000000      ,  -4.3900000000000003E-006 ,  0.99597672270734794      ,   2.8474640915547425E-002 ,   2.8360079539335482E-002
   470.00000000000000      ,  -0.0000000000000000      ,  0.99614419916816022      ,   2.7144930508765711E-002 ,   2.7040265063129780E-002
   475.00000000000000      ,  -0.0000000000000000      ,  0.99628476185967774      ,   2.6763780322146141E-002 ,   2.6664346504714095E-002
   487.50000000000000      ,  -0.0000000000000000      ,  0.99629273134959873      ,   2.6826656594628313E-002 ,   2.6727202971639965E-002
   500.00000000000000      ,  -0.0000000000000000      ,  0.99603685674022335      ,   2.6075366236861800E-002 ,   2.5972025824913973E-002
   505.00000000000000      ,   6.6900000000000003E-006 ,  0.99597642613983006      ,   2.4297375254184874E-002 ,   2.4199612970241396E-002
   517.50000000000000      ,   9.2699999999999993E-006 ,  0.99611866957640205      ,   2.2744203581900324E-002 ,   2.2655925812577388E-002
   530.00000000000000      ,   1.1470000000000000E-005 ,  0.99622766283874609      ,   2.1932640980964972E-002 ,   2.1849903664348039E-002
   540.00000000000000      ,   1.1470000000000000E-005 ,  0.99632139948652920      ,   2.1712556251282447E-002 ,   2.1632684430707715E-002
   550.00000000000000      ,   1.1470000000000000E-005 ,  0.99650844011493600      ,   2.2330508686838682E-002 ,   2.2252540378494643E-002
   565.00000000000000      ,   6.6900000000000003E-006 ,  0.99677174331164320      ,   2.4301587791725580E-002 ,   2.4223136028399251E-002
   575.00000000000000      ,  -0.0000000000000000      ,  0.99661726906989856      ,   2.6547721516543596E-002 ,   2.6457917717845864E-002
   587.50000000000000      ,  -0.0000000000000000      ,  0.99636460677725991      ,   2.7447187154947667E-002 ,   2.7347405836781292E-002
   600.00000000000000      ,  -0.0000000000000000      ,  0.99648820531206250      ,   2.7847853160331872E-002 ,   2.7750057217532955E-002
   610.00000000000000      ,  -3.4400000000000001E-006 ,  0.99663412422165787      ,   2.9004009827759917E-002 ,   2.8906385933605862E-002
   620.00000000000000      ,  -7.4699999999999996E-006 ,  0.99667624205543648      ,   3.0665522588614720E-002 ,   3.0563597814286619E-002
   630.00000000000000      ,  -1.2240000000000000E-005 ,  0.99672484827647601      ,   3.2518664855067304E-002 ,   3.2412161293820532E-002
   640.00000000000000      ,  -1.7920000000000001E-005 ,  0.99678136024716035      ,   3.4599582161458524E-002 ,   3.4488218570882009E-002
   650.00000000000000      ,  -2.4780000000000000E-005 ,  0.99645874570212500      ,   3.5733899676131810E-002 ,   3.5607356850323874E-002
   660.00000000000000      ,  -1.7920000000000001E-005 ,  0.99613005694730372      ,   3.4697107836409967E-002 ,   3.4562832004989802E-002
   670.00000000000000      ,  -1.2240000000000000E-005 ,  0.99619066389262656      ,   3.2681583798199937E-002 ,   3.2557088660991301E-002
   680.00000000000000      ,  -7.4699999999999996E-006 ,  0.99624430303400713      ,   3.0890979956907316E-002 ,   3.0774962797206613E-002
   690.00000000000000      ,  -3.4400000000000001E-006 ,  0.99629241067644236      ,   2.9289540889341374E-002 ,   2.9180947300248148E-002
   700.00000000000000      ,  -0.0000000000000000      ,  0.99644490455117618      ,   2.8190070800887042E-002 ,   2.8089852408480786E-002
   710.00000000000000      ,  -0.0000000000000000      ,  0.99657776043985757      ,   2.7861867104259700E-002 ,   2.7766517120436072E-002
   720.00000000000000      ,  -0.0000000000000000      ,  0.99659777063827582      ,   2.7888203282504163E-002 ,   2.7793321218450694E-002
   730.00000000000000      ,  -0.0000000000000000      ,  0.99661852088172420      ,   2.7912748665142081E-002 ,   2.7818362288397222E-002
   740.00000000000000      ,  -0.0000000000000000      ,  0.99664001587559392      ,   2.7935489756562466E-002 ,   2.7841626954472908E-002
   750.00000000000000      ,  -0.0000000000000000      ,  0.99706727170504861      ,   2.9226721598535906E-002 ,   2.9141007565135213E-002
   760.00000000000000      ,  -1.4949999999999999E-005 ,  0.99784045133914223      ,   3.4133470234172097E-002 ,   3.4059757344237461E-002
   770.00000000000000      ,  -4.3560000000000003E-005 ,  0.99858451945416637      ,   4.3640683893220678E-002 ,   4.3578911354162947E-002
   780.00000000000000      ,  -1.0937000000000000E-004 ,   1.0002984007416684      ,   6.0652439262926357E-002 ,   6.0670537995786415E-002
   790.00000000000000      ,  -3.2220000000000003E-004 ,   1.0061657807167428      ,  0.10107727944023361      ,  0.10170049978070703     
   800.00000000000000      ,  -2.0075700000000002E-003 ,  0.98407529135103389      ,   8.7402016751017095E-002 ,   8.6010165098925090E-002
   810.00000000000000      ,  -6.8850000000000007E-005 ,  0.99335937777625283      ,   2.9576386256253345E-002 ,   2.9379980648381938E-002
   820.00000000000000      ,  -0.0000000000000000      ,  0.99646653844213706      ,   1.6242311172317381E-002 ,   1.6184919590179151E-002
   830.00000000000000      ,  -1.0200000000000000E-006 ,  0.99706980460150918      ,   1.4627399414901371E-002 ,   1.4584538276443940E-002
   840.00000000000000      ,  -2.0899999999999999E-006 ,  0.99708746123963399      ,   1.4859513995703838E-002 ,   1.4816235085231149E-002
   850.00000000000000      ,  -3.2100000000000002E-006 ,  0.99710631453159349      ,   1.5098502738782672E-002 ,   1.5054812420812760E-002
   860.00000000000000      ,  -4.3900000000000003E-006 ,  0.99712640091543658      ,   1.5344783741384494E-002 ,   1.5300688984872428E-002
   870.00000000000000      ,  -5.6300000000000003E-006 ,  0.99714775206740269      ,   1.5598792387386652E-002 ,   1.5554300764048715E-002
   880.00000000000000      ,  -6.9299999999999997E-006 ,  0.99717040175422467      ,   1.5860993508412385E-002 ,   1.5816113269004728E-002
   890.00000000000000      ,  -8.3100000000000001E-006 ,  0.99719440573009599      ,   1.6131882685391837E-002 ,   1.6086623167766937E-002
   900.00000000000000      ,  -9.7499999999999998E-006 ,  0.99727212419434152      ,   1.6576130268281628E-002 ,   1.6530912643571340E-002
   910.00000000000000      ,  -1.4949999999999999E-005 ,  0.99736986508245162      ,   1.7407180825602102E-002 ,   1.7361397591496606E-002
   920.00000000000000      ,  -2.1189999999999999E-005 ,  0.99742352599257855      ,   1.8526602098212473E-002 ,   1.8478868789460590E-002
   930.00000000000000      ,  -2.8759999999999999E-005 ,  0.99748560853066648      ,   1.9801412549222585E-002 ,   1.9751624046428065E-002
   940.00000000000000      ,  -3.8070000000000000E-005 ,  0.99755821520797971      ,   2.1266478361460155E-002 ,   2.1214550198017313E-002
   950.00000000000000      ,  -4.9709999999999997E-005 ,  0.99728229396331913      ,   2.1832830807707104E-002 ,   2.1773495591623167E-002
   960.00000000000000      ,  -3.3170000000000003E-005 ,  0.99702292984571994      ,   2.0502424634645963E-002 ,   2.0441387478175782E-002
   970.00000000000000      ,  -2.1189999999999999E-005 ,  0.99711384587334240      ,   1.8484505906574068E-002 ,   1.8431156773572582E-002
   980.00000000000000      ,  -1.2240000000000000E-005 ,  0.99718800388923212      ,   1.6824523451587713E-002 ,   1.6777212957076324E-002
   990.00000000000000      ,  -5.3800000000000002E-006 ,  0.99725040180843905      ,   1.5434609280193211E-002 ,   1.5392170306428941E-002
   1000.0000000000000      ,  -0.0000000000000000      ,  0.99738805466140790      ,   1.4516151787111086E-002 ,   1.4478236392116445E-002
   1010.0000000000000      ,  -0.0000000000000000      ,  0.99750395646800538      ,   1.4227367985867887E-002 ,   1.4191855856029454E-002
   1020.0000000000000      ,  -0.0000000000000000      ,  0.99753308947548458      ,   1.4213566478431449E-002 ,   1.4178502881694907E-002
   1030.0000000000000      ,  -0.0000000000000000      ,  0.99756319472027144      ,   1.4199684173902990E-002 ,   1.4165082308537545E-002
   1040.0000000000000      ,  -0.0000000000000000      ,  0.99759427718561799      ,   1.4185759890574499E-002 ,   1.4151632884366399E-002
   1050.0000000000000      ,  -0.0000000000000000      ,  0.99762634150471718      ,   1.4171830418376288E-002 ,   1.4138191332710002E-002
   1060.0000000000000      ,  -0.0000000000000000      ,  0.99765939175943696      ,   1.4157930872358433E-002 ,   1.4124792702689268E-002
   1070.0000000000000      ,  -0.0000000000000000      ,  0.99769343141676325      ,   1.4144094624327953E-002 ,   1.4111470300029150E-002
   1080.0000000000000      ,  -0.0000000000000000      ,  0.99772846326519626      ,   1.4130353245770229E-002 ,   1.4098255629296709E-002
   1090.0000000000000      ,  -0.0000000000000000      ,  0.99776448935145523      ,   1.4116736462093158E-002 ,   1.4085178347409449E-002
   1100.0000000000000      ,  -0.0000000000000000      ,  0.99780151091785119      ,   1.4103272118149972E-002 ,   1.4072266228375646E-002
   1110.0000000000000      ,  -0.0000000000000000      ,  0.99783952834068379      ,   1.4089986154946913E-002 ,   1.4059545139178993E-002
   1120.0000000000000      ,  -0.0000000000000000      ,  0.99787854107002139      ,   1.4076902597356018E-002 ,   1.4047039026634418E-002
   1130.0000000000000      ,  -0.0000000000000000      ,  0.99791854757121579      ,   1.4064043552607108E-002 ,   1.4034769914996007E-002
   1140.0000000000000      ,  -0.0000000000000000      ,  0.99795954526850128      ,   1.4051429219266789E-002 ,   1.4022757914032017E-002
   1150.0000000000000      ,  -0.0000000000000000      ,  0.99800153049101681      ,   1.4039077906344429E-002 ,   1.4011021237214360E-002
   1160.0000000000000      ,  -0.0000000000000000      ,  0.99804449842158360      ,   1.4027006062135356E-002 ,   1.3999576229640393E-002
   1170.0000000000000      ,  -0.0000000000000000      ,  0.99808844304855460      ,   1.4015228312336342E-002 ,   1.3988437405229801E-002
   1180.0000000000000      ,  -0.0000000000000000      ,  0.99813335712104434      ,   1.4003757506941822E-002 ,   1.3977617492712868E-002
   1190.0000000000000      ,  -0.0000000000000000      ,  0.99817923210782800      ,   1.3992604775376763E-002 ,   1.3967127489873905E-002
   1200.0000000000000      ,  -0.0000000000000000      ,  0.99822605816018406      ,   1.3981779589294443E-002 ,   1.3956976725485909E-002
   1210.0000000000000      ,  -0.0000000000000000      ,  0.99827382407893450      ,   1.3971289832424473E-002 ,   1.3947172928329515E-002
   1220.0000000000000      ,  -0.0000000000000000      ,  0.99832251728591903      ,   1.3961141876840794E-002 ,   1.3937722302673561E-002
   1230.0000000000000      ,  -0.0000000000000000      ,  0.99837212380011542      ,   1.3951340664992018E-002 ,   1.3928629609566996E-002
   1240.0000000000000      ,  -0.0000000000000000      ,  0.99842262821859795      ,   1.3941889796808540E-002 ,   1.3919898253263637E-002
   1250.0000000000000      ,  -0.0000000000000000      ,  0.99847401370249977      ,   1.3932791621212767E-002 ,   1.3911530372112870E-002
   1260.0000000000000      ,  -0.0000000000000000      ,  0.99852626196812233      ,   1.3924047331321311E-002 ,   1.3903526933211478E-002
   1270.0000000000000      ,  -0.0000000000000000      ,  0.99857935328330738      ,   1.3915657062646643E-002 ,   1.3895887830129973E-002
   1280.0000000000000      ,  -0.0000000000000000      ,  0.99863326646916262      ,   1.3907619993593178E-002 ,   1.3888611983013789E-002
   1290.0000000000000      ,  -0.0000000000000000      ,  0.99868797890720240      ,   1.3899934447552543E-002 ,   1.3881697440368849E-002
   1300.0000000000000      ,  -0.0000000000000000      ,  0.99874346655194091      ,   1.3892597995912534E-002 ,   1.3875141481850232E-002
   1310.0000000000000      ,  -0.0000000000000000      ,  0.99879970394894568      ,   1.3885607561300710E-002 ,   1.3868940721378391E-002
   1320.0000000000000      ,  -0.0000000000000000      ,  0.99885666425833119      ,   1.3878959520410477E-002 ,   1.3863091209933617E-002
   1330.0000000000000      ,  -0.0000000000000000      ,  0.99891431928364638      ,   1.3872649805762707E-002 ,   1.3857588537383864E-002
   1340.0000000000000      ,  -0.0000000000000000      ,  0.99897263950608239      ,   1.3866674005790948E-002 ,   1.3852427932735365E-002
   1350.0000000000000      ,  -0.0000000000000000      ,  0.99903159412389908      ,   1.3861027462651878E-002 ,   1.3847604362208251E-002
   1360.0000000000000      ,  -0.0000000000000000      ,  0.99909115109694224      ,   1.3855705367205243E-002 ,   1.3843112624581167E-002
   1370.0000000000000      ,  -0.0000000000000000      ,  0.99915127719610153      ,   1.3850702850615655E-002 ,   1.3838947443256316E-002
   1380.0000000000000      ,  -0.0000000000000000      ,  0.99921193805752750      ,   1.3846015072080473E-002 ,   1.3835103554547265E-002
   1390.0000000000000      ,  -0.0000000000000000      ,  0.99927309824141108      ,   1.3841637302208998E-002 ,   1.3831575791712273E-002
   1400.0000000000000      ,  -0.0000000000000000      ,  0.99933472129509848      ,   1.3837565001613596E-002 ,   1.3828359164290331E-002
   1410.0000000000000      ,  -0.0000000000000000      ,  0.99939676982029768      ,   1.3833793894313008E-002 ,   1.3825448932336176E-002
   1420.0000000000000      ,  -0.0000000000000000      ,  0.99945920554411094      ,   1.3830320035578752E-002 ,   1.3822840675180340E-002
   1430.0000000000000      ,  -0.0000000000000000      ,  0.99952198939360903      ,   1.3827139873894423E-002 ,   1.3820530354378649E-002
   1440.0000000000000      ,  -0.0000000000000000      ,  0.99958508157364812      ,   1.3824250306735883E-002 ,   1.3818514370553118E-002
   1450.0000000000000      ,  -0.0000000000000000      ,  0.99964844164760991      ,   1.3821648729911677E-002 ,   1.3816789613856875E-002
   1460.0000000000000      ,  -0.0000000000000000      ,  0.99971202862073749      ,   1.3819333080247753E-002 ,   1.3815353507840146E-002
   1470.0000000000000      ,  -0.0000000000000000      ,  0.99977580102572272      ,   1.3817301871430330E-002 ,   1.3814204046523476E-002
   1480.0000000000000      ,  -0.0000000000000000      ,  0.99983971701019325      ,   1.3815554222859544E-002 ,   1.3813339824522868E-002
   1490.0000000000000      ,  -0.0000000000000000      ,  0.99990373442573832      ,   1.3814089881404852E-002 ,   1.3812760060109517E-002
   1500.0000000000000      ,  -0.0000000000000000      ,  0.99996781079059649      ,   1.3812908836682125E-002 ,   1.3812464210067110E-002
