  0.20106665448299232      ,          80
X,ZB,H,U
 1.25000000E-002, 2.00000000E+000, 1.00000000E+000,-4.99390553E-011
 3.75000000E-002, 2.00000000E+000, 1.00000000E+000,-2.04264075E-010
 6.25000000E-002, 2.00000000E+000, 1.00000000E+000,-6.61972692E-010
 8.75000000E-002, 2.00000000E+000, 1.00000000E+000,-2.11543639E-009
 1.12500000E-001, 2.00000000E+000, 1.00000000E+000,-6.54746609E-009
 1.37500000E-001, 2.00000000E+000, 1.00000001E+000,-1.96382418E-008
 1.62500000E-001, 2.00000000E+000, 1.00000002E+000,-5.70184170E-008
 1.87500000E-001, 2.00000000E+000, 1.00000005E+000,-1.60088057E-007
 2.12500000E-001, 2.00000000E+000, 1.00000014E+000,-4.34144358E-007
 2.37500000E-001, 2.00000000E+000, 1.00000036E+000,-1.13577362E-006
 2.62500000E-001, 2.00000000E+000, 1.00000091E+000,-2.86236062E-006
 2.87500000E-001, 2.00000000E+000, 1.00000222E+000,-6.93834078E-006
 3.12500000E-001, 2.00000000E+000, 1.00000516E+000,-1.61483303E-005
 3.37500000E-001, 2.00000000E+000, 1.00001150E+000,-3.60146819E-005
 3.62500000E-001, 2.00000000E+000, 1.00002452E+000,-7.67925010E-005
 3.87500000E-001, 2.00000000E+000, 1.00004987E+000,-1.56165918E-004
 4.12500000E-001, 2.00000000E+000, 1.00009659E+000,-3.02467608E-004
 4.37500000E-001, 2.00000000E+000, 1.00015982E+000,-5.00470717E-004
 4.62500000E-001, 2.00000000E+000, 1.00020857E+000,-6.53075350E-004
 4.87500000E-001, 2.00000000E+000, 1.00023719E+000,-7.42858075E-004
 5.12500000E-001, 2.00000000E+000, 1.00024864E+000,-7.78403904E-004
 5.37500000E-001, 2.00000000E+000, 1.00024968E+000,-7.81900165E-004
 5.62500000E-001, 2.00000000E+000, 1.00023623E+000,-7.39807495E-004
 5.87500000E-001, 2.00000000E+000, 1.00019019E+000,-5.95557957E-004
 6.12500000E-001, 2.00000000E+000, 1.00012358E+000,-3.86008023E-004
 6.37500000E-001, 2.00000000E+000, 1.00007279E+000,-2.32864943E-004
 6.62500000E-001, 2.00000000E+000, 1.00004278E+000,-1.22825085E-004
 6.87500000E-001, 2.00000000E+000, 1.00001912E+000,-7.46349576E-005
 7.12500000E-001, 2.00000000E+000, 1.00001239E+000,-2.86842553E-005
 7.37500000E-001, 2.00000000E+000, 1.00000522E+000,-1.65422196E-005
 7.62500000E-001, 2.00000000E+000, 1.00000204E+000,-1.14947228E-005
 7.87500000E-001, 2.00000000E+000, 1.00000221E+000,-5.51049473E-006
 8.12500000E-001, 2.00000000E+000, 1.00000196E+000,-3.48111958E-006
 8.37500000E-001, 2.00000000E+000, 1.00000156E+000,-5.18472257E-006
 8.62500000E-001, 2.00000000E+000, 1.00000150E+000,-6.11977098E-006
 8.87500000E-001, 2.00000000E+000, 1.00000182E+000,-6.02940484E-006
 9.12500000E-001, 2.00000000E+000, 1.00000218E+000,-6.21436215E-006
 9.37500000E-001, 2.00000000E+000, 1.00000262E+000,-7.64248337E-006
 9.62500000E-001, 2.00000000E+000, 1.00000366E+000,-1.15754602E-005
 9.87500000E-001, 2.00000000E+000, 1.00000621E+000,-1.99925649E-005
 1.01250000E+000, 2.00000000E+000, 1.00001165E+000,-3.67806933E-005
 1.03750000E+000, 2.00000000E+000, 1.00002113E+000,-6.59872873E-005
 1.06250000E+000, 2.00000000E+000, 1.00003024E+000,-9.43351368E-005
 1.08750000E+000, 2.00000000E+000, 1.00003625E+000,-1.13633357E-004
 1.11250000E+000, 2.00000000E+000, 1.00003921E+000,-1.23731347E-004
 1.13750000E+000, 2.00000000E+000, 1.00004040E+000,-1.25535797E-004
 1.16250000E+000, 2.00000000E+000, 1.00003952E+000,-1.23487280E-004
 1.18750000E+000, 2.00000000E+000, 1.00003459E+000,-1.08738777E-004
 1.21250000E+000, 2.00000000E+000, 1.00002402E+000,-7.56757089E-005
 1.23750000E+000, 2.00000000E+000, 1.00001488E+000,-4.49296382E-005
 1.26250000E+000, 2.00000000E+000, 1.00000762E+000,-2.61293956E-005
 1.28750000E+000, 2.00000000E+000, 1.00000296E+000,-8.23544473E-006
 1.31250000E+000, 2.00000000E+000, 9.99997744E-001, 8.01424529E-006
 1.33750000E+000, 2.00000000E+000, 9.99990578E-001, 2.90639465E-005
 1.36250000E+000, 2.00000000E+000, 9.99979408E-001, 6.32452437E-005
 1.38750000E+000, 2.00000000E+000, 9.99969192E-001, 1.00104897E-004
 1.41250000E+000, 2.01903012E+000, 9.80935207E-001, 1.18162912E-004
 1.43750000E+000, 2.15432914E+000, 8.45638878E-001, 1.26793944E-004
 1.46250000E+000, 2.34567086E+000, 6.54302549E-001, 1.41652049E-004
 1.48750000E+000, 2.48096988E+000, 5.19006775E-001, 1.48202739E-004
 1.51250000E+000, 2.48096988E+000, 5.19019827E-001, 9.87683514E-005
 1.53750000E+000, 2.34567086E+000, 6.54330529E-001, 9.05354401E-005
 1.56250000E+000, 2.15432914E+000, 8.45692921E-001, 8.05269707E-005
 1.58750000E+000, 2.01903012E+000, 9.81010711E-001, 1.15560843E-004
 1.61250000E+000, 2.00000000E+000, 1.00006556E+000, 1.91860208E-004
 1.63750000E+000, 2.00000000E+000, 1.00009754E+000, 3.17724671E-004
 1.66250000E+000, 2.00000000E+000, 1.00014727E+000, 4.54711904E-004
 1.68750000E+000, 2.00000000E+000, 1.00019738E+000, 6.14365360E-004
 1.71250000E+000, 2.00000000E+000, 1.00022117E+000, 6.97152045E-004
 1.73750000E+000, 2.00000000E+000, 1.00022505E+000, 7.14796239E-004
 1.76250000E+000, 2.00000000E+000, 1.00022414E+000, 6.85945002E-004
 1.78750000E+000, 2.00000000E+000, 1.00020243E+000, 6.43204823E-004
 1.81250000E+000, 2.00000000E+000, 1.00016986E+000, 5.29329800E-004
 1.83750000E+000, 2.00000000E+000, 1.00011884E+000, 3.72286327E-004
 1.86250000E+000, 2.00000000E+000, 1.00006674E+000, 2.08993795E-004
 1.88750000E+000, 2.00000000E+000, 1.00003465E+000, 1.08515316E-004
 1.91250000E+000, 2.00000000E+000, 1.00001682E+000, 5.26596295E-005
 1.93750000E+000, 2.00000000E+000, 1.00000755E+000, 2.36572390E-005
 1.96250000E+000, 2.00000000E+000, 1.00000322E+000, 1.00912115E-005
 1.98750000E+000, 2.00000000E+000, 1.00000098E+000, 3.06699824E-006
