  0.20108071298756727      ,          80
X,ZB,H,U
 1.25000000E-002, 2.00000000E+000, 1.00000000E+000,-4.61182505E-010
 3.75000000E-002, 2.00000000E+000, 1.00000000E+000,-1.96444349E-009
 6.25000000E-002, 2.00000000E+000, 1.00000000E+000,-7.60748709E-009
 8.75000000E-002, 2.00000000E+000, 1.00000001E+000,-2.69109714E-008
 1.12500000E-001, 2.00000000E+000, 1.00000003E+000,-8.73096102E-008
 1.37500000E-001, 2.00000000E+000, 1.00000008E+000,-2.60708650E-007
 1.62500000E-001, 2.00000000E+000, 1.00000023E+000,-7.18659879E-007
 1.87500000E-001, 2.00000000E+000, 1.00000059E+000,-1.83361451E-006
 2.12500000E-001, 2.00000000E+000, 1.00000139E+000,-4.34013909E-006
 2.37500000E-001, 2.00000000E+000, 1.00000305E+000,-9.54938753E-006
 2.62500000E-001, 2.00000000E+000, 1.00000625E+000,-1.95647677E-005
 2.87500000E-001, 2.00000000E+000, 1.00001194E+000,-3.73808883E-005
 3.12500000E-001, 2.00000000E+000, 1.00002130E+000,-6.66891651E-005
 3.37500000E-001, 2.00000000E+000, 1.00003551E+000,-1.11214289E-004
 3.62500000E-001, 2.00000000E+000, 1.00005541E+000,-1.73521945E-004
 3.87500000E-001, 2.00000000E+000, 1.00008095E+000,-2.53484066E-004
 4.12500000E-001, 2.00000000E+000, 1.00011078E+000,-3.46890756E-004
 4.37500000E-001, 2.00000000E+000, 1.00014207E+000,-4.44894286E-004
 4.62500000E-001, 2.00000000E+000, 1.00017081E+000,-5.34877400E-004
 4.87500000E-001, 2.00000000E+000, 1.00019253E+000,-6.02881240E-004
 5.12500000E-001, 2.00000000E+000, 1.00020344E+000,-6.37045086E-004
 5.37500000E-001, 2.00000000E+000, 1.00020148E+000,-6.30929482E-004
 5.62500000E-001, 2.00000000E+000, 1.00018696E+000,-5.85465640E-004
 5.87500000E-001, 2.00000000E+000, 1.00016246E+000,-5.08734191E-004
 6.12500000E-001, 2.00000000E+000, 1.00013209E+000,-4.13639885E-004
 6.37500000E-001, 2.00000000E+000, 1.00010040E+000,-3.14396078E-004
 6.62500000E-001, 2.00000000E+000, 1.00007125E+000,-2.23121710E-004
 6.87500000E-001, 2.00000000E+000, 1.00004715E+000,-1.47644518E-004
 7.12500000E-001, 2.00000000E+000, 1.00002905E+000,-9.09653873E-005
 7.37500000E-001, 2.00000000E+000, 1.00001665E+000,-5.21364539E-005
 7.62500000E-001, 2.00000000E+000, 1.00000890E+000,-2.78711480E-005
 7.87500000E-001, 2.00000000E+000, 1.00000452E+000,-1.41624367E-005
 8.12500000E-001, 2.00000000E+000, 1.00000237E+000,-7.43754284E-006
 8.37500000E-001, 2.00000000E+000, 1.00000163E+000,-5.11511079E-006
 8.62500000E-001, 2.00000000E+000, 1.00000181E+000,-5.67837204E-006
 8.87500000E-001, 2.00000000E+000, 1.00000270E+000,-8.46982366E-006
 9.12500000E-001, 2.00000000E+000, 1.00000427E+000,-1.33838409E-005
 9.37500000E-001, 2.00000000E+000, 1.00000656E+000,-2.05584737E-005
 9.62500000E-001, 2.00000000E+000, 1.00000961E+000,-3.01064928E-005
 9.87500000E-001, 2.00000000E+000, 1.00001338E+000,-4.19008056E-005
 1.01250000E+000, 2.00000000E+000, 1.00001770E+000,-5.54315669E-005
 1.03750000E+000, 2.00000000E+000, 1.00002227E+000,-6.97599175E-005
 1.06250000E+000, 2.00000000E+000, 1.00002669E+000,-8.35882255E-005
 1.08750000E+000, 2.00000000E+000, 1.00003047E+000,-9.54430952E-005
 1.11250000E+000, 2.00000000E+000, 1.00003318E+000,-1.03932584E-004
 1.13750000E+000, 2.00000000E+000, 1.00003449E+000,-1.08008796E-004
 1.16250000E+000, 2.00000000E+000, 1.00003421E+000,-1.07157535E-004
 1.18750000E+000, 2.00000000E+000, 1.00003239E+000,-1.01456392E-004
 1.21250000E+000, 2.00000000E+000, 1.00002921E+000,-9.14868366E-005
 1.23750000E+000, 2.00000000E+000, 1.00002495E+000,-7.81381133E-005
 1.26250000E+000, 2.00000000E+000, 1.00001991E+000,-6.23791226E-005
 1.28750000E+000, 2.00000000E+000, 1.00001439E+000,-4.50816321E-005
 1.31250000E+000, 2.00000000E+000, 1.00000860E+000,-2.69504169E-005
 1.33750000E+000, 2.00000000E+000, 1.00000273E+000,-8.56500064E-006
 1.36250000E+000, 2.00000000E+000, 9.99996971E-001, 9.51437809E-006
 1.38750000E+000, 2.00000000E+000, 9.99991548E-001, 2.66648408E-005
 1.41250000E+000, 2.01903012E+000, 9.80956845E-001, 4.39730060E-005
 1.43750000E+000, 2.15432914E+000, 8.45653548E-001, 6.77267143E-005
 1.46250000E+000, 2.34567086E+000, 6.54308050E-001, 1.04302746E-004
 1.48750000E+000, 2.48096988E+000, 5.19007338E-001, 1.44126634E-004
 1.51250000E+000, 2.48096988E+000, 5.19018136E-001, 1.82790319E-004
 1.53750000E+000, 2.34567086E+000, 6.54331959E-001, 2.16255084E-004
 1.56250000E+000, 2.15432914E+000, 8.45699219E-001, 2.21209037E-004
 1.58750000E+000, 2.01903012E+000, 9.81028463E-001, 2.39683342E-004
 1.61250000E+000, 2.00000000E+000, 1.00009012E+000, 2.90012879E-004
 1.63750000E+000, 2.00000000E+000, 1.00011699E+000, 3.66359970E-004
 1.66250000E+000, 2.00000000E+000, 1.00014114E+000, 4.41974978E-004
 1.68750000E+000, 2.00000000E+000, 1.00016061E+000, 5.02945539E-004
 1.71250000E+000, 2.00000000E+000, 1.00017251E+000, 5.40213983E-004
 1.73750000E+000, 2.00000000E+000, 1.00017495E+000, 5.47858080E-004
 1.76250000E+000, 2.00000000E+000, 1.00016754E+000, 5.24634629E-004
 1.78750000E+000, 2.00000000E+000, 1.00015147E+000, 4.74332393E-004
 1.81250000E+000, 2.00000000E+000, 1.00012927E+000, 4.04793749E-004
 1.83750000E+000, 2.00000000E+000, 1.00010409E+000, 3.25946511E-004
 1.86250000E+000, 2.00000000E+000, 1.00007904E+000, 2.47519909E-004
 1.88750000E+000, 2.00000000E+000, 1.00005657E+000, 1.77161776E-004
 1.91250000E+000, 2.00000000E+000, 1.00003814E+000, 1.19433209E-004
 1.93750000E+000, 2.00000000E+000, 1.00002420E+000, 7.57750401E-005
 1.96250000E+000, 2.00000000E+000, 1.00001443E+000, 4.52035040E-005
 1.98750000E+000, 2.00000000E+000, 1.00000809E+000, 2.53282643E-005
