  0.20108445963347857      ,          80
X,ZB,H,U
 1.25000000E-002, 2.00000000E+000, 1.00000000E+000,-1.30709722E-009
 3.75000000E-002, 2.00000000E+000, 1.00000000E+000,-4.94065551E-009
 6.25000000E-002, 2.00000000E+000, 1.00000001E+000,-1.75472126E-008
 8.75000000E-002, 2.00000000E+000, 1.00000002E+000,-5.71844828E-008
 1.12500000E-001, 2.00000000E+000, 1.00000005E+000,-1.71477114E-007
 1.37500000E-001, 2.00000000E+000, 1.00000014E+000,-4.74806529E-007
 1.62500000E-001, 2.00000000E+000, 1.00000036E+000,-1.21776608E-006
 1.87500000E-001, 2.00000000E+000, 1.00000087E+000,-2.90090857E-006
 2.12500000E-001, 2.00000000E+000, 1.00000194E+000,-6.43381273E-006
 2.37500000E-001, 2.00000000E+000, 1.00000404E+000,-1.33131955E-005
 2.62500000E-001, 2.00000000E+000, 1.00000784E+000,-2.57501906E-005
 2.87500000E-001, 2.00000000E+000, 1.00001427E+000,-4.66304182E-005
 3.12500000E-001, 2.00000000E+000, 1.00002434E+000,-7.91711984E-005
 3.37500000E-001, 2.00000000E+000, 1.00003897E+000,-1.26186460E-004
 3.62500000E-001, 2.00000000E+000, 1.00005864E+000,-1.89004449E-004
 3.87500000E-001, 2.00000000E+000, 1.00008300E+000,-2.66283999E-004
 4.12500000E-001, 2.00000000E+000, 1.00011058E+000,-3.53160083E-004
 4.37500000E-001, 2.00000000E+000, 1.00013878E+000,-4.41200576E-004
 4.62500000E-001, 2.00000000E+000, 1.00016415E+000,-5.19483334E-004
 4.87500000E-001, 2.00000000E+000, 1.00018307E+000,-5.76717387E-004
 5.12500000E-001, 2.00000000E+000, 1.00019256E+000,-6.03876797E-004
 5.37500000E-001, 2.00000000E+000, 1.00019107E+000,-5.96511968E-004
 5.62500000E-001, 2.00000000E+000, 1.00017888E+000,-5.55930535E-004
 5.87500000E-001, 2.00000000E+000, 1.00015799E+000,-4.88821681E-004
 6.12500000E-001, 2.00000000E+000, 1.00013164E+000,-4.05471287E-004
 6.37500000E-001, 2.00000000E+000, 1.00010345E+000,-3.17216169E-004
 6.62500000E-001, 2.00000000E+000, 1.00007665E+000,-2.33992404E-004
 6.87500000E-001, 2.00000000E+000, 1.00005353E+000,-1.62682776E-004
 7.12500000E-001, 2.00000000E+000, 1.00003522E+000,-1.06574399E-004
 7.37500000E-001, 2.00000000E+000, 1.00002184E+000,-6.58073534E-005
 7.62500000E-001, 2.00000000E+000, 1.00001280E+000,-3.84118328E-005
 7.87500000E-001, 2.00000000E+000, 1.00000717E+000,-2.14699763E-005
 8.12500000E-001, 2.00000000E+000, 1.00000401E+000,-1.20571907E-005
 8.37500000E-001, 2.00000000E+000, 1.00000255E+000,-7.81030769E-006
 8.62500000E-001, 2.00000000E+000, 1.00000226E+000,-7.13593875E-006
 8.87500000E-001, 2.00000000E+000, 1.00000285E+000,-9.16118213E-006
 9.12500000E-001, 2.00000000E+000, 1.00000419E+000,-1.35432120E-005
 9.37500000E-001, 2.00000000E+000, 1.00000627E+000,-2.02270778E-005
 9.62500000E-001, 2.00000000E+000, 1.00000908E+000,-2.92068745E-005
 9.87500000E-001, 2.00000000E+000, 1.00001258E+000,-4.03236285E-005
 1.01250000E+000, 2.00000000E+000, 1.00001663E+000,-5.31253257E-005
 1.03750000E+000, 2.00000000E+000, 1.00002099E+000,-6.68113441E-005
 1.06250000E+000, 2.00000000E+000, 1.00002531E+000,-8.02748078E-005
 1.08750000E+000, 2.00000000E+000, 1.00002918E+000,-9.22376058E-005
 1.11250000E+000, 2.00000000E+000, 1.00003220E+000,-1.01447857E-004
 1.13750000E+000, 2.00000000E+000, 1.00003404E+000,-1.06888418E-004
 1.16250000E+000, 2.00000000E+000, 1.00003449E+000,-1.07938375E-004
 1.18750000E+000, 2.00000000E+000, 1.00003348E+000,-1.04443058E-004
 1.21250000E+000, 2.00000000E+000, 1.00003110E+000,-9.66788021E-005
 1.23750000E+000, 2.00000000E+000, 1.00002753E+000,-8.52350998E-005
 1.26250000E+000, 2.00000000E+000, 1.00002300E+000,-7.08638387E-005
 1.28750000E+000, 2.00000000E+000, 1.00001778E+000,-5.43512976E-005
 1.31250000E+000, 2.00000000E+000, 1.00001209E+000,-3.64507480E-005
 1.33750000E+000, 2.00000000E+000, 1.00000619E+000,-1.78800090E-005
 1.36250000E+000, 2.00000000E+000, 1.00000032E+000, 6.41074139E-007
 1.38750000E+000, 2.00000000E+000, 9.99994744E-001, 1.83267163E-005
 1.41250000E+000, 2.01903012E+000, 9.80959876E-001, 3.59031707E-005
 1.43750000E+000, 2.15432914E+000, 8.45656783E-001, 5.97773223E-005
 1.46250000E+000, 2.34567086E+000, 6.54312034E-001, 9.80547341E-005
 1.48750000E+000, 2.48096988E+000, 5.19012134E-001, 1.44206037E-004
 1.51250000E+000, 2.48096988E+000, 5.19023484E-001, 1.89520159E-004
 1.53750000E+000, 2.34567086E+000, 6.54335350E-001, 2.24013684E-004
 1.56250000E+000, 2.15432914E+000, 8.45700662E-001, 2.26622158E-004
 1.58750000E+000, 2.01903012E+000, 9.81028834E-001, 2.40652885E-004
 1.61250000E+000, 2.00000000E+000, 1.00008941E+000, 2.84406688E-004
 1.63750000E+000, 2.00000000E+000, 1.00011405E+000, 3.52005810E-004
 1.66250000E+000, 2.00000000E+000, 1.00013544E+000, 4.19337035E-004
 1.68750000E+000, 2.00000000E+000, 1.00015249E+000, 4.74027862E-004
 1.71250000E+000, 2.00000000E+000, 1.00016291E+000, 5.08471385E-004
 1.73750000E+000, 2.00000000E+000, 1.00016515E+000, 5.17589004E-004
 1.76250000E+000, 2.00000000E+000, 1.00015887E+000, 4.99921786E-004
 1.78750000E+000, 2.00000000E+000, 1.00014495E+000, 4.58025540E-004
 1.81250000E+000, 2.00000000E+000, 1.00012540E+000, 3.97892687E-004
 1.83750000E+000, 2.00000000E+000, 1.00010280E+000, 3.27572280E-004
 1.86250000E+000, 2.00000000E+000, 1.00007981E+000, 2.55424795E-004
 1.88750000E+000, 2.00000000E+000, 1.00005862E+000, 1.88535277E-004
 1.91250000E+000, 2.00000000E+000, 1.00004069E+000, 1.31696009E-004
 1.93750000E+000, 2.00000000E+000, 1.00002661E+000, 8.71250223E-005
 1.96250000E+000, 2.00000000E+000, 1.00001630E+000, 5.48294383E-005
 1.98750000E+000, 2.00000000E+000, 1.00000924E+000, 3.35486896E-005
