  0.20106873435922221      ,          80
X,ZB,H,U
 1.25000000E-002, 2.00000000E+000, 1.00000000E+000,-8.82404465E-011
 3.75000000E-002, 2.00000000E+000, 1.00000000E+000,-3.26887552E-010
 6.25000000E-002, 2.00000000E+000, 1.00000000E+000,-1.02611670E-009
 8.75000000E-002, 2.00000000E+000, 1.00000000E+000,-3.17064829E-009
 1.12500000E-001, 2.00000000E+000, 1.00000000E+000,-9.49928938E-009
 1.37500000E-001, 2.00000000E+000, 1.00000001E+000,-2.75908337E-008
 1.62500000E-001, 2.00000000E+000, 1.00000002E+000,-7.76161761E-008
 1.87500000E-001, 2.00000000E+000, 1.00000007E+000,-2.11259364E-007
 2.12500000E-001, 2.00000000E+000, 1.00000017E+000,-5.55741962E-007
 2.37500000E-001, 2.00000000E+000, 1.00000044E+000,-1.41121474E-006
 2.62500000E-001, 2.00000000E+000, 1.00000108E+000,-3.45452853E-006
 2.87500000E-001, 2.00000000E+000, 1.00000255E+000,-8.13966993E-006
 3.12500000E-001, 2.00000000E+000, 1.00000578E+000,-1.84295329E-005
 3.37500000E-001, 2.00000000E+000, 1.00001258E+000,-4.00203672E-005
 3.62500000E-001, 2.00000000E+000, 1.00002620E+000,-8.31713007E-005
 3.87500000E-001, 2.00000000E+000, 1.00005208E+000,-1.65060421E-004
 4.12500000E-001, 2.00000000E+000, 1.00009865E+000,-3.12086176E-004
 4.37500000E-001, 2.00000000E+000, 1.00015942E+000,-5.01439004E-004
 4.62500000E-001, 2.00000000E+000, 1.00020572E+000,-6.46542083E-004
 4.87500000E-001, 2.00000000E+000, 1.00023292E+000,-7.31072158E-004
 5.12500000E-001, 2.00000000E+000, 1.00024384E+000,-7.64355191E-004
 5.37500000E-001, 2.00000000E+000, 1.00024513E+000,-7.66893390E-004
 5.62500000E-001, 2.00000000E+000, 1.00023305E+000,-7.27307954E-004
 5.87500000E-001, 2.00000000E+000, 1.00019119E+000,-5.94558886E-004
 6.12500000E-001, 2.00000000E+000, 1.00012653E+000,-3.94029043E-004
 6.37500000E-001, 2.00000000E+000, 1.00007646E+000,-2.38050573E-004
 6.62500000E-001, 2.00000000E+000, 1.00004344E+000,-1.33701034E-004
 6.87500000E-001, 2.00000000E+000, 1.00002256E+000,-7.18840610E-005
 7.12500000E-001, 2.00000000E+000, 1.00001202E+000,-3.38420265E-005
 7.37500000E-001, 2.00000000E+000, 1.00000499E+000,-1.88088894E-005
 7.62500000E-001, 2.00000000E+000, 1.00000327E+000,-7.76644488E-006
 7.87500000E-001, 2.00000000E+000, 1.00000173E+000,-5.58274658E-006
 8.12500000E-001, 2.00000000E+000, 1.00000129E+000,-4.90140709E-006
 8.37500000E-001, 2.00000000E+000, 1.00000143E+000,-4.40838097E-006
 8.62500000E-001, 2.00000000E+000, 1.00000153E+000,-4.41180478E-006
 8.87500000E-001, 2.00000000E+000, 1.00000163E+000,-4.90943992E-006
 9.12500000E-001, 2.00000000E+000, 1.00000179E+000,-5.82760457E-006
 9.37500000E-001, 2.00000000E+000, 1.00000225E+000,-7.43704358E-006
 9.62500000E-001, 2.00000000E+000, 1.00000352E+000,-1.12428877E-005
 9.87500000E-001, 2.00000000E+000, 1.00000637E+000,-1.99828769E-005
 1.01250000E+000, 2.00000000E+000, 1.00001198E+000,-3.77049928E-005
 1.03750000E+000, 2.00000000E+000, 1.00002116E+000,-6.66880809E-005
 1.06250000E+000, 2.00000000E+000, 1.00002958E+000,-9.33717030E-005
 1.08750000E+000, 2.00000000E+000, 1.00003536E+000,-1.10937672E-004
 1.11250000E+000, 2.00000000E+000, 1.00003837E+000,-1.20058776E-004
 1.13750000E+000, 2.00000000E+000, 1.00003925E+000,-1.23113245E-004
 1.16250000E+000, 2.00000000E+000, 1.00003900E+000,-1.22057725E-004
 1.18750000E+000, 2.00000000E+000, 1.00003598E+000,-1.12293103E-004
 1.21250000E+000, 2.00000000E+000, 1.00002806E+000,-8.72203562E-005
 1.23750000E+000, 2.00000000E+000, 1.00001805E+000,-5.59997395E-005
 1.26250000E+000, 2.00000000E+000, 1.00000997E+000,-3.19736105E-005
 1.28750000E+000, 2.00000000E+000, 1.00000375E+000,-1.08157488E-005
 1.31250000E+000, 2.00000000E+000, 9.99997463E-001, 8.05730527E-006
 1.33750000E+000, 2.00000000E+000, 9.99990667E-001, 2.88946037E-005
 1.36250000E+000, 2.00000000E+000, 9.99981668E-001, 5.74993826E-005
 1.38750000E+000, 2.00000000E+000, 9.99971662E-001, 9.09583863E-005
 1.41250000E+000, 2.01903012E+000, 9.80936416E-001, 1.13401789E-004
 1.43750000E+000, 2.15432914E+000, 8.45639156E-001, 1.25603903E-004
 1.46250000E+000, 2.34567086E+000, 6.54303131E-001, 1.40827628E-004
 1.48750000E+000, 2.48096988E+000, 5.19006253E-001, 1.43821529E-004
 1.51250000E+000, 2.48096988E+000, 5.19019627E-001, 1.00931549E-004
 1.53750000E+000, 2.34567086E+000, 6.54330260E-001, 9.20510628E-005
 1.56250000E+000, 2.15432914E+000, 8.45693373E-001, 8.37970281E-005
 1.58750000E+000, 2.01903012E+000, 9.81011865E-001, 1.19364227E-004
 1.61250000E+000, 2.00000000E+000, 1.00006697E+000, 1.95922611E-004
 1.63750000E+000, 2.00000000E+000, 1.00009857E+000, 3.17367726E-004
 1.66250000E+000, 2.00000000E+000, 1.00014605E+000, 4.52102906E-004
 1.68750000E+000, 2.00000000E+000, 1.00019383E+000, 6.01391731E-004
 1.71250000E+000, 2.00000000E+000, 1.00021703E+000, 6.79817669E-004
 1.73750000E+000, 2.00000000E+000, 1.00022049E+000, 6.95964644E-004
 1.76250000E+000, 2.00000000E+000, 1.00021795E+000, 6.76810581E-004
 1.78750000E+000, 2.00000000E+000, 1.00019992E+000, 6.30922076E-004
 1.81250000E+000, 2.00000000E+000, 1.00016801E+000, 5.27454297E-004
 1.83750000E+000, 2.00000000E+000, 1.00011951E+000, 3.76628900E-004
 1.86250000E+000, 2.00000000E+000, 1.00006856E+000, 2.16816777E-004
 1.88750000E+000, 2.00000000E+000, 1.00003645E+000, 1.15460917E-004
 1.91250000E+000, 2.00000000E+000, 1.00001825E+000, 5.79293039E-005
 1.93750000E+000, 2.00000000E+000, 1.00000853E+000, 2.71774387E-005
 1.96250000E+000, 2.00000000E+000, 1.00000380E+000, 1.22364761E-005
 1.98750000E+000, 2.00000000E+000, 1.00000118E+000, 4.28245648E-006
