  0.20107985799860642      ,          80
X,ZB,H,U
 1.25000000E-002, 2.00000000E+000, 1.00000000E+000,-4.61006686E-010
 3.75000000E-002, 2.00000000E+000, 1.00000000E+000,-1.96372084E-009
 6.25000000E-002, 2.00000000E+000, 1.00000000E+000,-7.60479139E-009
 8.75000000E-002, 2.00000000E+000, 1.00000001E+000,-2.69018113E-008
 1.12500000E-001, 2.00000000E+000, 1.00000003E+000,-8.72811560E-008
 1.37500000E-001, 2.00000000E+000, 1.00000008E+000,-2.60627620E-007
 1.62500000E-001, 2.00000000E+000, 1.00000023E+000,-7.18447875E-007
 1.87500000E-001, 2.00000000E+000, 1.00000059E+000,-1.83310412E-006
 2.12500000E-001, 2.00000000E+000, 1.00000139E+000,-4.33900776E-006
 2.37500000E-001, 2.00000000E+000, 1.00000305E+000,-9.54707976E-006
 2.62500000E-001, 2.00000000E+000, 1.00000625E+000,-1.95604442E-005
 2.87500000E-001, 2.00000000E+000, 1.00001193E+000,-3.73734792E-005
 3.12500000E-001, 2.00000000E+000, 1.00002129E+000,-6.66776318E-005
 3.37500000E-001, 2.00000000E+000, 1.00003551E+000,-1.11198160E-004
 3.62500000E-001, 2.00000000E+000, 1.00005540E+000,-1.73502036E-004
 3.87500000E-001, 2.00000000E+000, 1.00008094E+000,-2.53463036E-004
 4.12500000E-001, 2.00000000E+000, 1.00011077E+000,-3.46872964E-004
 4.37500000E-001, 2.00000000E+000, 1.00014207E+000,-4.44884611E-004
 4.62500000E-001, 2.00000000E+000, 1.00017081E+000,-5.34879349E-004
 4.87500000E-001, 2.00000000E+000, 1.00019253E+000,-6.02895418E-004
 5.12500000E-001, 2.00000000E+000, 1.00020344E+000,-6.37069062E-004
 5.37500000E-001, 2.00000000E+000, 1.00020149E+000,-6.30959119E-004
 5.62500000E-001, 2.00000000E+000, 1.00018697E+000,-5.85496078E-004
 5.87500000E-001, 2.00000000E+000, 1.00016247E+000,-5.08759851E-004
 6.12500000E-001, 2.00000000E+000, 1.00013210E+000,-4.13656460E-004
 6.37500000E-001, 2.00000000E+000, 1.00010040E+000,-3.14402322E-004
 6.62500000E-001, 2.00000000E+000, 1.00007125E+000,-2.23119529E-004
 6.87500000E-001, 2.00000000E+000, 1.00004714E+000,-1.47637533E-004
 7.12500000E-001, 2.00000000E+000, 1.00002904E+000,-9.09571292E-005
 7.37500000E-001, 2.00000000E+000, 1.00001664E+000,-5.21292316E-005
 7.62500000E-001, 2.00000000E+000, 1.00000890E+000,-2.78658699E-005
 7.87500000E-001, 2.00000000E+000, 1.00000452E+000,-1.41590274E-005
 8.12500000E-001, 2.00000000E+000, 1.00000237E+000,-7.43548062E-006
 8.37500000E-001, 2.00000000E+000, 1.00000163E+000,-5.11380846E-006
 8.62500000E-001, 2.00000000E+000, 1.00000181E+000,-5.67735488E-006
 8.87500000E-001, 2.00000000E+000, 1.00000270E+000,-8.46877471E-006
 9.12500000E-001, 2.00000000E+000, 1.00000427E+000,-1.33825925E-005
 9.37500000E-001, 2.00000000E+000, 1.00000656E+000,-2.05569912E-005
 9.62500000E-001, 2.00000000E+000, 1.00000961E+000,-3.01048669E-005
 9.87500000E-001, 2.00000000E+000, 1.00001338E+000,-4.18992427E-005
 1.01250000E+000, 2.00000000E+000, 1.00001770E+000,-5.54303573E-005
 1.03750000E+000, 2.00000000E+000, 1.00002227E+000,-6.97593722E-005
 1.06250000E+000, 2.00000000E+000, 1.00002669E+000,-8.35885872E-005
 1.08750000E+000, 2.00000000E+000, 1.00003047E+000,-9.54444521E-005
 1.11250000E+000, 2.00000000E+000, 1.00003318E+000,-1.03934821E-004
 1.13750000E+000, 2.00000000E+000, 1.00003449E+000,-1.08011607E-004
 1.16250000E+000, 2.00000000E+000, 1.00003421E+000,-1.07160507E-004
 1.18750000E+000, 2.00000000E+000, 1.00003239E+000,-1.01459114E-004
 1.21250000E+000, 2.00000000E+000, 1.00002921E+000,-9.14889922E-005
 1.23750000E+000, 2.00000000E+000, 1.00002495E+000,-7.81395688E-005
 1.26250000E+000, 2.00000000E+000, 1.00001991E+000,-6.23799427E-005
 1.28750000E+000, 2.00000000E+000, 1.00001439E+000,-4.50820154E-005
 1.31250000E+000, 2.00000000E+000, 1.00000860E+000,-2.69505796E-005
 1.33750000E+000, 2.00000000E+000, 1.00000273E+000,-8.56506110E-006
 1.36250000E+000, 2.00000000E+000, 9.99996971E-001, 9.51446006E-006
 1.38750000E+000, 2.00000000E+000, 9.99991548E-001, 2.66652373E-005
 1.41250000E+000, 2.01903012E+000, 9.80956844E-001, 4.39739077E-005
 1.43750000E+000, 2.15432914E+000, 8.45653547E-001, 6.77281908E-005
 1.46250000E+000, 2.34567086E+000, 6.54308048E-001, 1.04303841E-004
 1.48750000E+000, 2.48096988E+000, 5.19007334E-001, 1.44124383E-004
 1.51250000E+000, 2.48096988E+000, 5.19018132E-001, 1.82783716E-004
 1.53750000E+000, 2.34567086E+000, 6.54331955E-001, 2.16248480E-004
 1.56250000E+000, 2.15432914E+000, 8.45699217E-001, 2.21206583E-004
 1.58750000E+000, 2.01903012E+000, 9.81028463E-001, 2.39686552E-004
 1.61250000E+000, 2.00000000E+000, 1.00009012E+000, 2.90023563E-004
 1.63750000E+000, 2.00000000E+000, 1.00011700E+000, 3.66379674E-004
 1.66250000E+000, 2.00000000E+000, 1.00014115E+000, 4.42002485E-004
 1.68750000E+000, 2.00000000E+000, 1.00016062E+000, 5.02977068E-004
 1.71250000E+000, 2.00000000E+000, 1.00017252E+000, 5.40244502E-004
 1.73750000E+000, 2.00000000E+000, 1.00017496E+000, 5.47882824E-004
 1.76250000E+000, 2.00000000E+000, 1.00016754E+000, 5.24649719E-004
 1.78750000E+000, 2.00000000E+000, 1.00015147E+000, 4.74335706E-004
 1.81250000E+000, 2.00000000E+000, 1.00012926E+000, 4.04785793E-004
 1.83750000E+000, 2.00000000E+000, 1.00010408E+000, 3.25930260E-004
 1.86250000E+000, 2.00000000E+000, 1.00007904E+000, 2.47499638E-004
 1.88750000E+000, 2.00000000E+000, 1.00005657E+000, 1.77141582E-004
 1.91250000E+000, 2.00000000E+000, 1.00003813E+000, 1.19415933E-004
 1.93750000E+000, 2.00000000E+000, 1.00002419E+000, 7.57619383E-005
 1.96250000E+000, 2.00000000E+000, 1.00001443E+000, 4.51945386E-005
 1.98750000E+000, 2.00000000E+000, 1.00000809E+000, 2.53226617E-005
