  0.20106665736426385      ,          80
 X,ZB,H,U,0,0,0,0,0
   1.2500000000000001E-002 ,   2.0000000000000000      ,   1.0000000000159466      ,  -4.9937396789831088E-011
   3.7499999999999999E-002 ,   2.0000000000000000      ,   1.0000000000652256      ,  -2.0425795127143659E-010
   6.2500000000000000E-002 ,   2.0000000000000000      ,   1.0000000002113829      ,  -6.6195795576133574E-010
   8.7499999999999994E-002 ,   2.0000000000000000      ,   1.0000000006755085      ,  -2.1153939046630778E-009
  0.11250000000000000      ,   2.0000000000000000      ,   1.0000000020907636      ,  -6.5473470281083256E-009
  0.13750000000000001      ,   2.0000000000000000      ,   1.0000000062709740      ,  -1.9637915674102919E-008
  0.16250000000000001      ,   2.0000000000000000      ,   1.0000000182074200      ,  -5.7017579393685180E-008
  0.18750000000000000      ,   2.0000000000000000      ,   1.0000000511202511      ,  -1.6008599100913990E-007
  0.21249999999999999      ,   2.0000000000000000      ,   1.0000001386337349      ,  -4.3413945935122845E-007
  0.23749999999999999      ,   2.0000000000000000      ,   1.0000003626829530      ,  -1.1357623362271346E-006
  0.26250000000000001      ,   2.0000000000000000      ,   1.0000009140294752      ,  -2.8623351239672855E-006
  0.28749999999999998      ,   2.0000000000000000      ,   1.0000022156025330      ,  -6.9382833446257183E-006
  0.31250000000000000      ,   2.0000000000000000      ,   1.0000051566085046      ,  -1.6148199241926189E-005
  0.33750000000000002      ,   2.0000000000000000      ,   1.0000115004942300      ,  -3.6014376260010851E-005
  0.36249999999999999      ,   2.0000000000000000      ,   1.0000245220345301      ,  -7.6791776896382598E-005
  0.38750000000000001      ,   2.0000000000000000      ,   1.0000498684252865      ,  -1.5616420052509572E-004
  0.41249999999999998      ,   2.0000000000000000      ,   1.0000965877556294      ,  -3.0246376019880868E-004
  0.43750000000000000      ,   2.0000000000000000      ,   1.0001598166459662      ,  -5.0046588384223720E-004
  0.46250000000000002      ,   2.0000000000000000      ,   1.0002085716440252      ,  -6.5307234581486338E-004
  0.48749999999999999      ,   2.0000000000000000      ,   1.0002371879436940      ,  -7.4285387362957550E-004
  0.51249999999999996      ,   2.0000000000000000      ,   1.0002486378951052      ,  -7.7840636726938975E-004
  0.53749999999999998      ,   2.0000000000000000      ,   1.0002496759556685      ,  -7.8190031002351118E-004
  0.56250000000000000      ,   2.0000000000000000      ,   1.0002362370250824      ,  -7.3981266630341355E-004
  0.58750000000000002      ,   2.0000000000000000      ,   1.0001901943229048      ,  -5.9557292003844023E-004
  0.61250000000000004      ,   2.0000000000000000      ,   1.0001235785293714      ,  -3.8602476292784677E-004
  0.63749999999999996      ,   2.0000000000000000      ,   1.0000727966168390      ,  -2.3285460622478145E-004
  0.66249999999999998      ,   2.0000000000000000      ,   1.0000427729932460      ,  -1.2285277944300166E-004
  0.68750000000000000      ,   2.0000000000000000      ,   1.0000191209677614      ,  -7.4608994871571872E-005
  0.71250000000000002      ,   2.0000000000000000      ,   1.0000123936247323      ,  -2.8671135295917499E-005
  0.73750000000000004      ,   2.0000000000000000      ,   1.0000052093150127      ,  -1.6563976940060289E-005
  0.76249999999999996      ,   2.0000000000000000      ,   1.0000020458419479      ,  -1.1477225899779585E-005
  0.78749999999999998      ,   2.0000000000000000      ,   1.0000022160191102      ,  -5.4985902068229192E-006
  0.81250000000000000      ,   2.0000000000000000      ,   1.0000019555231541      ,  -3.4910265398043661E-006
  0.83750000000000002      ,   2.0000000000000000      ,   1.0000015582507025      ,  -5.1904533879501407E-006
  0.86250000000000004      ,   2.0000000000000000      ,   1.0000015028771130      ,  -6.1184993456074450E-006
  0.88749999999999996      ,   2.0000000000000000      ,   1.0000018255996088      ,  -6.0251104636749977E-006
  0.91249999999999998      ,   2.0000000000000000      ,   1.0000021793358345      ,  -6.2137823707901927E-006
  0.93750000000000000      ,   2.0000000000000000      ,   1.0000026217691387      ,  -7.6436133512905245E-006
  0.96250000000000002      ,   2.0000000000000000      ,   1.0000036566032917      ,  -1.1576486731672627E-005
  0.98750000000000004      ,   2.0000000000000000      ,   1.0000062138398935      ,  -1.9991434589900829E-005
   1.0125000000000000      ,   2.0000000000000000      ,   1.0000116534516570      ,  -3.6776012735447450E-005
   1.0375000000000001      ,   2.0000000000000000      ,   1.0000211286437892      ,  -6.5980732414253014E-005
   1.0625000000000000      ,   2.0000000000000000      ,   1.0000302340303300      ,  -9.4331847310590995E-005
   1.0874999999999999      ,   2.0000000000000000      ,   1.0000362489294132      ,  -1.1363303937347504E-004
   1.1125000000000000      ,   2.0000000000000000      ,   1.0000392098705149      ,  -1.2372774657866726E-004
   1.1375000000000000      ,   2.0000000000000000      ,   1.0000404007244192      ,  -1.2553790984992888E-004
   1.1625000000000001      ,   2.0000000000000000      ,   1.0000395213705020      ,  -1.2349047515852971E-004
   1.1875000000000000      ,   2.0000000000000000      ,   1.0000345889389659      ,  -1.0874202230435342E-004
   1.2124999999999999      ,   2.0000000000000000      ,   1.0000240224085801      ,  -7.5671759544560007E-005
   1.2375000000000000      ,   2.0000000000000000      ,   1.0000148721691886      ,  -4.4915523676239985E-005
   1.2625000000000000      ,   2.0000000000000000      ,   1.0000076090847323      ,  -2.6114606105444322E-005
   1.2875000000000001      ,   2.0000000000000000      ,   1.0000029518527891      ,  -8.2186002677526216E-006
   1.3125000000000000      ,   2.0000000000000000      ,  0.99999774108971762      ,   8.0263871959951411E-006
   1.3374999999999999      ,   2.0000000000000000      ,  0.99999057891656240      ,   2.9061423815428077E-005
   1.3625000000000000      ,   2.0000000000000000      ,  0.99997941534916335      ,   6.3223083264366079E-005
   1.3875000000000000      ,   2.0000000000000000      ,  0.99996919864511757      ,   1.0007929408142180E-004
   1.4125000000000001      ,   2.0190301168721785      ,  0.98093521096762237      ,   1.1814961285950033E-004
   1.4375000000000000      ,   2.1543291419087272      ,  0.84563887933974935      ,   1.2678631675316080E-004
   1.4624999999999999      ,   2.3456708580912728      ,  0.65430254915819297      ,   1.4164268369791088E-004
   1.4875000000000000      ,   2.4809698831278215      ,  0.51900677397489747      ,   1.4819672427232724E-004
   1.5125000000000000      ,   2.4809698831278220      ,  0.51901982421017090      ,   9.8775123242008262E-005
   1.5375000000000001      ,   2.3456708580912720      ,  0.65433052588172091      ,   9.0538516376710088E-005
   1.5625000000000000      ,   2.1543291419087276      ,  0.84569291721946471      ,   8.0522865593245775E-005
   1.5874999999999999      ,   2.0190301168721780      ,  0.98101071086974334      ,   1.1555229318674971E-004
   1.6125000000000000      ,   2.0000000000000000      ,   1.0000655613052887      ,   1.9185468921428055E-004
   1.6375000000000000      ,   2.0000000000000000      ,   1.0000975401001848      ,   3.1772839523192204E-004
   1.6625000000000001      ,   2.0000000000000000      ,   1.0001472645437997      ,   4.5473203864183567E-004
   1.6875000000000000      ,   2.0000000000000000      ,   1.0001973889593396      ,   6.1438419394712056E-004
   1.7124999999999999      ,   2.0000000000000000      ,   1.0002211813957851      ,   6.9716017853363888E-004
   1.7375000000000000      ,   2.0000000000000000      ,   1.0002250602475324      ,   7.1478885913767371E-004
   1.7625000000000000      ,   2.0000000000000000      ,   1.0002241297880641      ,   6.8598789576491417E-004
   1.7875000000000001      ,   2.0000000000000000      ,   1.0002024447031177      ,   6.4317890208611804E-004
   1.8125000000000000      ,   2.0000000000000000      ,   1.0001698582313465      ,   5.2933576870631055E-004
   1.8374999999999999      ,   2.0000000000000000      ,   1.0001188384425956      ,   3.7227276308070186E-004
   1.8625000000000000      ,   2.0000000000000000      ,   1.0000667355163833      ,   2.0898304108222439E-004
   1.8875000000000000      ,   2.0000000000000000      ,   1.0000346508819717      ,   1.0851043105834095E-004
   1.9125000000000001      ,   2.0000000000000000      ,   1.0000168151909288      ,   5.2657557575408981E-005
   1.9375000000000000      ,   2.0000000000000000      ,   1.0000075542179174      ,   2.3656433429537275E-005
   1.9624999999999999      ,   2.0000000000000000      ,   1.0000032223313313      ,   1.0090909257819334E-005
   1.9875000000000000      ,   2.0000000000000000      ,   1.0000009793566336      ,   3.0669114923796698E-006
