   10000.779816739680      ,         150
X,ZB,H,U,L,Q,QL
 1.66666667E+001, 2.48437310E+001, 1.07542519E+000, 1.75385185E+000, 9.99529986E+000, 1.88613645E+000, 1.88524994E+001
 5.00000000E+001, 2.46908096E+001, 1.02702934E+000, 1.91151846E+000, 9.99378883E+000, 1.96318555E+000, 1.96196618E+001
 8.33333333E+001, 2.45379197E+001, 1.01974373E+000, 1.93621700E+000, 9.99183860E+000, 1.97444514E+000, 1.97283372E+001
 1.16666667E+002, 2.43850698E+001, 1.01922596E+000, 1.93914779E+000, 9.98933686E+000, 1.97642977E+000, 1.97432227E+001
 1.50000000E+002, 2.42322708E+001, 1.01970870E+000, 1.93914520E+000, 9.98614727E+000, 1.97736322E+000, 1.97462404E+001
 1.83333333E+002, 2.40795359E+001, 1.02045244E+000, 1.93869030E+000, 9.98210570E+000, 1.97834125E+000, 1.97480114E+001
 2.16666667E+002, 2.39268814E+001, 1.02139233E+000, 1.93808123E+000, 9.97701612E+000, 1.97954130E+000, 1.97499155E+001
 2.50000000E+002, 2.37743267E+001, 1.02255366E+000, 1.93733827E+000, 9.97064639E+000, 1.98103233E+000, 1.97521729E+001
 2.83333333E+002, 2.36218952E+001, 1.02397848E+000, 1.93644473E+000, 9.96272403E+000, 1.98287774E+000, 1.97548637E+001
 3.16666667E+002, 2.34696147E+001, 1.02571702E+000, 1.93537712E+000, 9.95293201E+000, 1.98514924E+000, 1.97580554E+001
 3.50000000E+002, 2.33175180E+001, 1.02782711E+000, 1.93410889E+000, 9.94090486E+000, 1.98792956E+000, 1.97618186E+001
 3.83333333E+002, 2.31656428E+001, 1.03037478E+000, 1.93261100E+000, 9.92622533E+000, 1.99131364E+000, 1.97662279E+001
 4.16666667E+002, 2.30140329E+001, 1.03343471E+000, 1.93085225E+000, 9.90842180E+000, 1.99540974E+000, 1.97713614E+001
 4.50000000E+002, 2.28627375E+001, 1.03709067E+000, 1.92879985E+000, 9.88696674E+000, 2.00034033E+000, 1.97772983E+001
 4.83333333E+002, 2.27118119E+001, 1.04143563E+000, 1.92642042E+000, 9.86127659E+000, 2.00624286E+000, 1.97841157E+001
 5.16666667E+002, 2.25613165E+001, 1.04657147E+000, 1.92368168E+000, 9.83071338E+000, 2.01327037E+000, 1.97918840E+001
 5.50000000E+002, 2.24113166E+001, 1.05260808E+000, 1.92055507E+000, 9.79458846E+000, 2.02159177E+000, 1.98006594E+001
 5.83333333E+002, 2.22618806E+001, 1.05966139E+000, 1.91701968E+000, 9.75216856E+000, 2.03139173E+000, 1.98104746E+001
 6.16666667E+002, 2.21130785E+001, 1.06785033E+000, 1.91306793E+000, 9.70268467E+000, 2.04287022E+000, 1.98213255E+001
 6.50000000E+002, 2.19649789E+001, 1.07729204E+000, 1.90871317E+000, 9.64534379E+000, 2.05624151E+000, 1.98331562E+001
 6.83333333E+002, 2.18176459E+001, 1.08809538E+000, 1.90399934E+000, 9.57934392E+000, 2.07173288E+000, 1.98458418E+001
 7.16666667E+002, 2.16711344E+001, 1.10035254E+000, 1.89901236E+000, 9.50389210E+000, 2.08958307E+000, 1.98591721E+001
 7.50000000E+002, 2.15254847E+001, 1.11412940E+000, 1.89389204E+000, 9.41822580E+000, 2.11004080E+000, 1.98728407E+001
 7.83333333E+002, 2.13807167E+001, 1.12945536E+000, 1.88884294E+000, 9.32163702E+000, 2.13336378E+000, 1.98864428E+001
 8.16666667E+002, 2.12368223E+001, 1.14631413E+000, 1.88414182E+000, 9.21349918E+000, 2.15981840E+000, 1.98994851E+001
 8.50000000E+002, 2.10937577E+001, 1.16463724E+000, 1.88013937E+000, 9.09329588E+000, 2.18968034E+000, 1.99114112E+001
 8.83333333E+002, 2.09514353E+001, 1.18430165E+000, 1.87725452E+000, 8.96065107E+000, 2.22323563E+000, 1.99216387E+001
 9.16666667E+002, 2.08097142E+001, 1.20513254E+000, 1.87596099E+000, 8.81535960E+000, 2.26078163E+000, 1.99296030E+001
 9.50000000E+002, 2.06683926E+001, 1.22691120E+000, 1.87676728E+000, 8.65741713E+000, 2.30262679E+000, 1.99348006E+001
 9.83333333E+002, 2.05271991E+001, 1.24938700E+000, 1.88019255E+000, 8.48704827E+000, 2.34908813E+000, 1.99368243E+001
 1.01666667E+003, 2.03857855E+001, 1.27229169E+000, 1.88674122E+000, 8.30473157E+000, 2.40048517E+000, 1.99353850E+001
 1.05000000E+003, 2.02437215E+001, 1.29535383E+000, 1.89687908E+000, 8.11122016E+000, 2.45712959E+000, 1.99303191E+001
 1.08333333E+003, 2.01004909E+001, 1.31831162E+000, 1.91101217E+000, 7.90755671E+000, 2.51930955E+000, 1.99215832E+001
 1.11666667E+003, 1.99554910E+001, 1.34092243E+000, 1.92946894E+000, 7.69508135E+000, 2.58726818E+000, 1.99092391E+001
 1.15000000E+003, 1.98080354E+001, 1.36296841E+000, 1.95248496E+000, 7.47543173E+000, 2.66117531E+000, 1.98934344E+001
 1.18333333E+003, 1.96573622E+001, 1.38425784E+000, 1.98018887E+000, 7.25053413E+000, 2.74109196E+000, 1.98743808E+001
 1.21666667E+003, 1.95026474E+001, 1.40462248E+000, 2.01258841E+000, 7.02258507E+000, 2.82692691E+000, 1.98523347E+001
 1.25000000E+003, 1.93430270E+001, 1.42391151E+000, 2.04955548E+000, 6.79402333E+000, 2.91838565E+000, 1.98275802E+001
 1.28333333E+003, 1.91776270E+001, 1.44198305E+000, 2.09081003E+000, 6.56749226E+000, 3.01491263E+000, 1.98004154E+001
 1.31666667E+003, 1.90056055E+001, 1.45869422E+000, 2.13590346E+000, 6.34579309E+000, 3.11563003E+000, 1.97711435E+001
 1.35000000E+003, 1.88262051E+001, 1.47389141E+000, 2.18420325E+000, 6.13183004E+000, 3.21927841E+000, 1.97400680E+001
 1.38333333E+003, 1.86388178E+001, 1.48740212E+000, 2.23488193E+000, 5.92854871E+000, 3.32416812E+000, 1.97074926E+001
 1.41666667E+003, 1.84430588E+001, 1.49903033E+000, 2.28691428E+000, 5.73886927E+000, 3.42815388E+000, 1.96737269E+001
 1.45000000E+003, 1.82388433E+001, 1.50855720E+000, 2.33908763E+000, 5.56561661E+000, 3.52864749E+000, 1.96390991E+001
 1.48333333E+003, 1.80264589E+001, 1.51574850E+000, 2.39003000E+000, 5.41144958E+000, 3.62268439E+000, 1.96039739E+001
 1.51666667E+003, 1.78066191E+001, 1.52036948E+000, 2.43825998E+000, 5.27879170E+000, 3.70705605E+000, 1.95687767E+001
 1.55000000E+003, 1.75804838E+001, 1.52220638E+000, 2.48225957E+000, 5.16976585E+000, 3.77851134E+000, 1.95340189E+001
 1.58333333E+003, 1.73496333E+001, 1.52109200E+000, 2.52056756E+000, 5.08613508E+000, 3.83401515E+000, 1.95003190E+001
 1.61666667E+003, 1.71159869E+001, 1.51693103E+000, 2.55188608E+000, 5.02925191E+000, 3.87103518E+000, 1.94684111E+001
 1.65000000E+003, 1.68816704E+001, 1.50971995E+000, 2.57518808E+000, 5.00001775E+000, 3.88781283E+000, 1.94391332E+001
 1.68333333E+003, 1.66488471E+001, 1.49955717E+000, 2.58980973E+000, 4.99885415E+000, 3.88356776E+000, 1.94133888E+001
 1.71666667E+003, 1.64195389E+001, 1.48664114E+000, 2.59551114E+000, 5.02568665E+000, 3.85859364E+000, 1.93920825E+001
 1.75000000E+003, 1.61954671E+001, 1.47125777E+000, 2.59249218E+000, 5.07994203E+000, 3.81422426E+000, 1.93760381E+001
 1.78333333E+003, 1.59779407E+001, 1.45376089E+000, 2.58135815E+000, 5.16055869E+000, 3.75267752E+000, 1.93659126E+001
 1.81666667E+003, 1.57678041E+001, 1.43455037E+000, 2.56304084E+000, 5.26600986E+000, 3.67681119E+000, 1.93621240E+001
 1.85000000E+003, 1.55654457E+001, 1.41405160E+000, 2.53869037E+000, 5.39433845E+000, 3.58983918E+000, 1.93648075E+001
 1.88333333E+003, 1.53708535E+001, 1.39269768E+000, 2.50955891E+000, 5.54320224E+000, 3.49505688E+000, 1.93738071E+001
 1.91666667E+003, 1.51836996E+001, 1.37091446E+000, 2.47689612E+000, 5.70992745E+000, 3.39561271E+000, 1.93887022E+001
 1.95000000E+003, 1.50034336E+001, 1.34910801E+000, 2.44186920E+000, 5.89156880E+000, 3.29434529E+000, 1.94088619E+001
 1.98333333E+003, 1.48293714E+001, 1.32765452E+000, 2.40551224E+000, 6.08497369E+000, 3.19368919E+000, 1.94335147E+001
 2.01666667E+003, 1.46607679E+001, 1.30689326E+000, 2.36870179E+000, 6.28684839E+000, 3.09564040E+000, 1.94618218E+001
 2.05000000E+003, 1.44968733E+001, 1.28712291E+000, 2.33215227E+000, 6.49382393E+000, 3.00176662E+000, 1.94929439E+001
 2.08333333E+003, 1.43369708E+001, 1.26860156E+000, 2.29642376E+000, 6.70251986E+000, 2.91324676E+000, 1.95260943E+001
 2.11666667E+003, 1.41804005E+001, 1.25154974E+000, 2.26193639E+000, 6.90960403E+000, 2.83092591E+000, 1.95605771E+001
 2.15000000E+003, 1.40265714E+001, 1.23615576E+000, 2.22898726E+000, 7.11184700E+000, 2.75537544E+000, 1.95958086E+001
 2.18333333E+003, 1.38749671E+001, 1.22258207E+000, 2.19776771E+000, 7.30617019E+000, 2.68695141E+000, 1.96313243E+001
 2.21666667E+003, 1.37251453E+001, 1.21097177E+000, 2.16838025E+000, 7.48968704E+000, 2.62584727E+000, 1.96667743E+001
 2.25000000E+003, 1.35767360E+001, 1.20145400E+000, 2.14085515E+000, 7.65973705E+000, 2.57213898E+000, 1.97019082E+001
 2.28333333E+003, 1.34294365E+001, 1.19414766E+000, 2.11516719E+000, 7.81391285E+000, 2.52582194E+000, 1.97365526E+001
 2.31666667E+003, 1.32830067E+001, 1.18916259E+000, 2.09125340E+000, 7.95008081E+000, 2.48684031E+000, 1.97705814E+001
 2.35000000E+003, 1.31372626E+001, 1.18659787E+000, 2.06903226E+000, 8.06639589E+000, 2.45510927E+000, 1.98038833E+001
 2.38333333E+003, 1.29920691E+001, 1.18653686E+000, 2.04842480E+000, 8.16131178E+000, 2.43053154E+000, 1.98363257E+001
 2.41666667E+003, 1.28473308E+001, 1.18903928E+000, 2.02937713E+000, 8.23358719E+000, 2.41300911E+000, 1.98677209E+001
 2.45000000E+003, 1.27029820E+001, 1.19413074E+000, 2.01188321E+000, 8.28228944E+000, 2.40245160E+000, 1.98977995E+001
 2.48333333E+003, 1.25589741E+001, 1.20179136E+000, 1.99600558E+000, 8.30679620E+000, 2.39878226E+000, 1.99261954E+001
 2.51666667E+003, 1.24152615E+001, 1.21194509E+000, 1.98189083E+000, 8.30679620E+000, 2.40194285E+000, 1.99524498E+001
 2.55000000E+003, 1.22717863E+001, 1.22445237E+000, 1.96977671E+000, 8.28228944E+000, 2.41189777E+000, 1.99760354E+001
 2.58333333E+003, 1.21284623E+001, 1.23910819E+000, 1.95998831E+000, 8.23358719E+000, 2.42863758E+000, 1.99963992E+001
 2.61666667E+003, 1.19851584E+001, 1.25564673E+000, 1.95292284E+000, 8.16131178E+000, 2.45218118E+000, 2.00130151E+001
 2.65000000E+003, 1.18416838E+001, 1.27375270E+000, 1.94902474E+000, 8.06639589E+000, 2.48257553E+000, 2.00254371E+001
 2.68333333E+003, 1.16977740E+001, 1.29307768E+000, 1.94875490E+000, 7.95008081E+000, 2.51989145E+000, 2.00333407E+001
 2.71666667E+003, 1.15530801E+001, 1.31325889E+000, 1.95255809E+000, 7.81391285E+000, 2.56421427E+000, 2.00365469E+001
 2.75000000E+003, 1.14071609E+001, 1.33393753E+000, 1.96083271E+000, 7.65973705E+000, 2.61562835E+000, 2.00350254E+001
 2.78333333E+003, 1.12594796E+001, 1.35477401E+000, 1.97390467E+000, 7.48968704E+000, 2.67419475E+000, 2.00288818E+001
 2.81666667E+003, 1.11094056E+001, 1.37545841E+000, 1.99200612E+000, 7.30617019E+000, 2.73992157E+000, 2.00183333E+001
 2.85000000E+003, 1.09562214E+001, 1.39571537E+000, 2.01525789E+000, 7.11184700E+000, 2.81272641E+000, 2.00036799E+001
 2.88333333E+003, 1.07991375E+001, 1.41530360E+000, 2.04365401E+000, 6.90960403E+000, 2.89239088E+000, 1.99852757E+001
 2.91666667E+003, 1.06373143E+001, 1.43401053E+000, 2.07704698E+000, 6.70251986E+000, 2.97850725E+000, 1.99635040E+001
 2.95000000E+003, 1.04698950E+001, 1.45164356E+000, 2.11513262E+000, 6.49382393E+000, 3.07041865E+000, 1.99387581E+001
 2.98333333E+003, 1.02960476E+001, 1.46801916E+000, 2.15743485E+000, 6.28684839E+000, 3.16715570E+000, 1.99114277E+001
 3.01666667E+003, 1.01150200E+001, 1.48295166E+000, 2.20329178E+000, 6.08497369E+000, 3.26737520E+000, 1.98818922E+001
 3.05000000E+003, 9.92620572E+000, 1.49624352E+000, 2.25184581E+000, 5.89156880E+000, 3.36930970E+000, 1.98505199E+001
 3.08333333E+003, 9.72921828E+000, 1.50767914E+000, 2.30204164E+000, 5.70992745E+000, 3.47074016E+000, 1.98176745E+001
 3.11666667E+003, 9.52396987E+000, 1.51702404E+000, 2.35263713E+000, 5.54320224E+000, 3.56900708E+000, 1.97837280E+001
 3.15000000E+003, 9.31074378E+000, 1.52403105E+000, 2.40223165E+000, 5.39433845E+000, 3.66107562E+000, 1.97490810E+001
 3.18333333E+003, 9.09024874E+000, 1.52845412E+000, 2.44931597E+000, 5.26600986E+000, 3.74366708E+000, 1.97141878E+001
 3.21666667E+003, 8.86363992E+000, 1.53006897E+000, 2.49234505E+000, 5.16055869E+000, 3.81345982E+000, 1.96795832E+001
 3.25000000E+003, 8.63249306E+000, 1.52869803E+000, 2.52983144E+000, 5.07994203E+000, 3.86734834E+000, 1.96459054E+001
 3.28333333E+003, 8.39872391E+000, 1.52423524E+000, 2.56045211E+000, 5.02568665E+000, 3.90273134E+000, 1.96139048E+001
 3.31666667E+003, 8.16445566E+000, 1.51666568E+000, 2.58315632E+000, 4.99885415E+000, 3.91778454E+000, 1.95844335E+001
 3.35000000E+003, 7.93184980E+000, 1.50607528E+000, 2.59725892E+000, 5.00001775E+000, 3.91166745E+000, 1.95584067E+001
 3.38333333E+003, 7.70292667E+000, 1.49264871E+000, 2.60250195E+000, 5.02925191E+000, 3.88462118E+000, 1.95367385E+001
 3.41666667E+003, 7.47940612E+000, 1.47665647E+000, 2.59907142E+000, 5.08613508E+000, 3.83793563E+000, 1.95202590E+001
 3.45000000E+003, 7.26259440E+000, 1.45843491E+000, 2.58756378E+000, 5.16976585E+000, 3.77379336E+000, 1.95096280E+001
 3.48333333E+003, 7.05333163E+000, 1.43836406E+000, 2.56890724E+000, 5.27879170E+000, 3.69502384E+000, 1.95052612E+001
 3.51666667E+003, 6.85199952E+000, 1.41684656E+000, 2.54425360E+000, 5.41144958E+000, 3.60481696E+000, 1.95072852E+001
 3.55000000E+003, 6.65857679E+000, 1.39428942E+000, 2.51486157E+000, 5.56561661E+000, 3.50644488E+000, 1.95155279E+001
 3.58333333E+003, 6.47272344E+000, 1.37108844E+000, 2.48199159E+000, 5.73886927E+000, 3.40302997E+000, 1.95295441E+001
 3.61666667E+003, 6.29387435E+000, 1.34761493E+000, 2.44682547E+000, 5.92854871E+000, 3.29737854E+000, 1.95486693E+001
 3.65000000E+003, 6.12132734E+000, 1.32420484E+000, 2.41041538E+000, 6.13183004E+000, 3.19188372E+000, 1.95720885E+001
 3.68333333E+003, 5.95431652E+000, 1.30115069E+000, 2.37365942E+000, 6.34579309E+000, 3.08848860E+000, 1.95989096E+001
 3.71666667E+003, 5.79206734E+000, 1.27869702E+000, 2.33729705E+000, 6.56749226E+000, 2.98869478E+000, 1.96282298E+001
 3.75000000E+003, 5.63383419E+000, 1.25703938E+000, 2.30191719E+000, 6.79402333E+000, 2.89360056E+000, 1.96591897E+001
 3.78333333E+003, 5.47892298E+000, 1.23632648E+000, 2.26797278E+000, 7.02258507E+000, 2.80395482E+000, 1.96910112E+001
 3.81666667E+003, 5.32670282E+000, 1.21666482E+000, 2.23579763E+000, 7.25053413E+000, 2.72021632E+000, 1.97230212E+001
 3.85000000E+003, 5.17661001E+000, 1.19812457E+000, 2.20562326E+000, 7.47543173E+000, 2.64261141E+000, 1.97546612E+001
 3.88333333E+003, 5.02814739E+000, 1.18074604E+000, 2.17759459E+000, 7.69508135E+000, 2.57118620E+000, 1.97854870E+001
 3.91666667E+003, 4.88088124E+000, 1.16454589E+000, 2.15178408E+000, 7.90755671E+000, 2.50585129E+000, 1.98151612E+001
 3.95000000E+003, 4.73443710E+000, 1.14952251E+000, 2.12820431E+000, 8.11122016E+000, 2.44641877E+000, 1.98434412E+001
 3.98333333E+003, 4.58849541E+000, 1.13566060E+000, 2.10681940E+000, 8.30473157E+000, 2.39263178E+000, 1.98701647E+001
 4.01666667E+003, 4.44278728E+000, 1.12293454E+000, 2.08755512E+000, 8.48704827E+000, 2.34418774E+000, 1.98952345E+001
 4.05000000E+003, 4.29709062E+000, 1.11131092E+000, 2.07030816E+000, 8.65741713E+000, 2.30075605E+000, 1.99186049E+001
 4.08333333E+003, 4.15122638E+000, 1.10075023E+000, 2.05495435E+000, 8.81535960E+000, 2.26199148E+000, 1.99402683E+001
 4.11666667E+003, 4.00505502E+000, 1.09120803E+000, 2.04135602E+000, 8.96065107E+000, 2.22754409E+000, 1.99602453E+001
 4.15000000E+003, 3.85847278E+000, 1.08263565E+000, 2.02936836E+000, 9.09329588E+000, 2.19706654E+000, 1.99785761E+001
 4.18333333E+003, 3.71140790E+000, 1.07498079E+000, 2.01884475E+000, 9.21349918E+000, 2.17021933E+000, 1.99953140E+001
 4.21666667E+003, 3.56381669E+000, 1.06818804E+000, 2.00964116E+000, 9.32163702E+000, 2.14667464E+000, 2.00105218E+001
 4.25000000E+003, 3.41567939E+000, 1.06219942E+000, 2.00161941E+000, 9.41822580E+000, 2.12611897E+000, 2.00242685E+001
 4.28333333E+003, 3.26699607E+000, 1.05695508E+000, 1.99464955E+000, 9.50389210E+000, 2.10825497E+000, 2.00366277E+001
 4.31666667E+003, 3.11778255E+000, 1.05239404E+000, 1.98861134E+000, 9.57934392E+000, 2.09280271E+000, 2.00476769E+001
 4.35000000E+003, 2.96806656E+000, 1.04845504E+000, 1.98339497E+000, 9.64534379E+000, 2.07950044E+000, 2.00574967E+001
 4.38333333E+003, 2.81788423E+000, 1.04507743E+000, 1.97890116E+000, 9.70268467E+000, 2.06810494E+000, 2.00661701E+001
 4.41666667E+003, 2.66727693E+000, 1.04220206E+000, 1.97504086E+000, 9.75216856E+000, 2.05839166E+000, 2.00737824E+001
 4.45000000E+003, 2.51628868E+000, 1.03977211E+000, 1.97173453E+000, 9.79458846E+000, 2.05015458E+000, 2.00804204E+001
 4.48333333E+003, 2.36496394E+000, 1.03773389E+000, 1.96891125E+000, 9.83071338E+000, 2.04320593E+000, 2.00861719E+001
 4.51666667E+003, 2.21334603E+000, 1.03603748E+000, 1.96650769E+000, 9.86127659E+000, 2.03737568E+000, 2.00911251E+001
 4.55000000E+003, 2.06147582E+000, 1.03463749E+000, 1.96446685E+000, 9.88696674E+000, 2.03251106E+000, 2.00953692E+001
 4.58333333E+003, 1.90939104E+000, 1.03349371E+000, 1.96273662E+000, 9.90842180E+000, 2.02847595E+000, 2.00989953E+001
 4.61666667E+003, 1.75712571E+000, 1.03257210E+000, 1.96126782E+000, 9.92622533E+000, 2.02515044E+000, 2.01020996E+001
 4.65000000E+003, 1.60471001E+000, 1.03184638E+000, 1.96001130E+000, 9.94090486E+000, 2.02243058E+000, 2.01047899E+001
 4.68333333E+003, 1.45217027E+000, 1.03130072E+000, 1.95891336E+000, 9.95293201E+000, 2.02022875E+000, 2.01071994E+001
 4.71666667E+003, 1.29952911E+000, 1.03093475E+000, 1.95790771E+000, 9.96272403E+000, 2.01847510E+000, 2.01095104E+001
 4.75000000E+003, 1.14680578E+000, 1.03077286E+000, 1.95690149E+000, 9.97064639E+000, 2.01712095E+000, 2.01119997E+001
 4.78333333E+003, 9.94016385E-001, 1.03088112E+000, 1.95575015E+000, 9.97701612E+000, 2.01614590E+000, 2.01151201E+001
 4.81666667E+003, 8.41174313E-001, 1.03139807E+000, 1.95421268E+000, 9.98210570E+000, 2.01557119E+000, 2.01196447E+001
 4.85000000E+003, 6.88290552E-001, 1.03258974E+000, 1.95187255E+000, 9.98614727E+000, 2.01548357E+000, 2.01269158E+001
 4.88333333E+003, 5.35374040E-001, 1.03494519E+000, 1.94800178E+000, 9.98933686E+000, 2.01607507E+000, 2.01392530E+001
 4.91666667E+003, 3.82431984E-001, 1.03933470E+000, 1.94133973E+000, 9.99183860E+000, 2.01770175E+000, 2.01605502E+001
 4.95000000E+003, 2.29470143E-001, 1.04724934E+000, 1.92977560E+000, 9.99378883E+000, 2.02095622E+000, 2.01970097E+001
 4.98333333E+003, 7.64930828E-002, 1.06125787E+000, 1.91054342E+000, 9.99529986E+000, 2.02757924E+000, 2.02662625E+001
