   10000.496989401927      ,         150
X,ZB,H,U,L,Q,QL
 1.66666667E+001, 2.48437310E+001, 1.02627408E+000, 1.94971538E+000, 9.99529986E+000, 2.00094234E+000, 2.00000187E+001
 5.00000000E+001, 2.46908096E+001, 1.02654796E+000, 1.94960397E+000, 9.99378883E+000, 2.00136198E+000, 2.00011890E+001
 8.33333333E+001, 2.45379197E+001, 1.02693458E+000, 1.94934004E+000, 9.99183860E+000, 2.00184471E+000, 2.00021092E+001
 1.16666667E+002, 2.43850698E+001, 1.02742685E+000, 1.94899798E+000, 9.98933686E+000, 2.00245285E+000, 2.00031761E+001
 1.50000000E+002, 2.42322708E+001, 1.02804455E+000, 1.94857539E+000, 9.98614727E+000, 2.00322231E+000, 2.00044730E+001
 1.83333333E+002, 2.40795359E+001, 1.02881470E+000, 1.94805851E+000, 9.98210570E+000, 2.00419123E+000, 2.00060487E+001
 2.16666667E+002, 2.39268814E+001, 1.02976962E+000, 1.94743020E+000, 9.97701612E+000, 2.00540445E+000, 2.00079525E+001
 2.50000000E+002, 2.37743267E+001, 1.03094722E+000, 1.94667086E+000, 9.97064639E+000, 2.00691491E+000, 2.00102389E+001
 2.83333333E+002, 2.36218952E+001, 1.03239168E+000, 1.94575835E+000, 9.96272403E+000, 2.00878474E+000, 2.00129680E+001
 3.16666667E+002, 2.34696147E+001, 1.03415409E+000, 1.94466799E+000, 9.95293201E+000, 2.01108636E+000, 2.00162058E+001
 3.50000000E+002, 2.33175180E+001, 1.03629314E+000, 1.94337245E+000, 9.94090486E+000, 2.01390355E+000, 2.00200236E+001
 3.83333333E+002, 2.31656428E+001, 1.03887579E+000, 1.94184191E+000, 9.92622533E+000, 2.01733254E+000, 2.00244973E+001
 4.16666667E+002, 2.30140329E+001, 1.04197778E+000, 1.94004426E+000, 9.90842180E+000, 2.02148302E+000, 2.00297064E+001
 4.50000000E+002, 2.28627375E+001, 1.04568414E+000, 1.93794573E+000, 9.88696674E+000, 2.02647912E+000, 2.00357316E+001
 4.83333333E+002, 2.27118119E+001, 1.05008922E+000, 1.93551186E+000, 9.86127659E+000, 2.03246014E+000, 2.00426516E+001
 5.16666667E+002, 2.25613165E+001, 1.05529645E+000, 1.93270924E+000, 9.83071338E+000, 2.03958119E+000, 2.00505381E+001
 5.50000000E+002, 2.24113166E+001, 1.06141734E+000, 1.92950816E+000, 9.79458846E+000, 2.04801341E+000, 2.00594485E+001
 5.83333333E+002, 2.22618806E+001, 1.06856958E+000, 1.92588668E+000, 9.75216856E+000, 2.05794392E+000, 2.00694160E+001
 6.16666667E+002, 2.21130785E+001, 1.07687380E+000, 1.92183641E+000, 9.70268467E+000, 2.06957528E+000, 2.00804363E+001
 6.50000000E+002, 2.19649789E+001, 1.08644870E+000, 1.91737033E+000, 9.64534379E+000, 2.08312450E+000, 2.00924520E+001
 6.83333333E+002, 2.18176459E+001, 1.09740437E+000, 1.91253266E+000, 9.57934392E+000, 2.09882170E+000, 2.01053349E+001
 7.16666667E+002, 2.16711344E+001, 1.10983375E+000, 1.90741047E+000, 9.50389210E+000, 2.11690850E+000, 2.01188700E+001
 7.50000000E+002, 2.15254847E+001, 1.12380275E+000, 1.90214575E+000, 9.41822580E+000, 2.13763662E+000, 2.01327444E+001
 7.83333333E+002, 2.13807167E+001, 1.13933994E+000, 1.89694643E+000, 9.32163702E+000, 2.16126683E+000, 2.01465449E+001
 8.16666667E+002, 2.12368223E+001, 1.15642731E+000, 1.89209365E+000, 9.21349918E+000, 2.18806876E+000, 2.01597698E+001
 8.50000000E+002, 2.10937577E+001, 1.17499376E+000, 1.88794326E+000, 9.09329588E+000, 2.21832156E+000, 2.01718543E+001
 8.83333333E+002, 2.09514353E+001, 1.19491294E+000, 1.88491975E+000, 8.96065107E+000, 2.25231501E+000, 2.01822089E+001
 9.16666667E+002, 2.08097142E+001, 1.21600628E+000, 1.88350227E+000, 8.81535960E+000, 2.29035059E+000, 2.01902640E+001
 9.50000000E+002, 2.06683926E+001, 1.23805116E+000, 1.88420420E+000, 8.65741713E+000, 2.33274120E+000, 2.01955136E+001
 9.83333333E+002, 2.05271991E+001, 1.26079322E+000, 1.88754864E+000, 8.48704827E+000, 2.37980853E+000, 2.01975499E+001
 1.01666667E+003, 2.03857855E+001, 1.28396081E+000, 1.89404296E+000, 8.30473157E+000, 2.43187693E+000, 2.01960851E+001
 1.05000000E+003, 2.02437215E+001, 1.30727960E+000, 1.90415482E+000, 8.11122016E+000, 2.48926274E+000, 2.01909582E+001
 1.08333333E+003, 2.01004909E+001, 1.33048538E+000, 1.91829123E+000, 7.90755671E+000, 2.55225844E+000, 2.01821283E+001
 1.11666667E+003, 1.99554910E+001, 1.35333361E+000, 1.93678091E+000, 7.69508135E+000, 2.62111070E+000, 2.01696601E+001
 1.15000000E+003, 1.98080354E+001, 1.37560486E+000, 1.95985920E+000, 7.47543173E+000, 2.69599183E+000, 2.01537029E+001
 1.18333333E+003, 1.96573622E+001, 1.39710607E+000, 1.98765415E+000, 7.25053413E+000, 2.77696367E+000, 2.01344699E+001
 1.21666667E+003, 1.95026474E+001, 1.41766774E+000, 2.02017270E+000, 7.02258507E+000, 2.86393367E+000, 2.01122179E+001
 1.25000000E+003, 1.93430270E+001, 1.43713776E+000, 2.05728579E+000, 6.79402333E+000, 2.95660310E+000, 2.00872304E+001
 1.28333333E+003, 1.91776270E+001, 1.45537277E+000, 2.09871223E+000, 6.56749226E+000, 3.05440862E+000, 2.00598050E+001
 1.31666667E+003, 1.90056055E+001, 1.47222820E+000, 2.14400201E+000, 6.34579309E+000, 3.15646022E+000, 2.00302435E+001
 1.35000000E+003, 1.88262051E+001, 1.48754845E+000, 2.19252096E+000, 6.13183004E+000, 3.26148116E+000, 1.99988482E+001
 1.38333333E+003, 1.86388178E+001, 1.50115873E+000, 2.24343952E+000, 5.92854871E+000, 3.36775881E+000, 1.99659222E+001
 1.41666667E+003, 1.84430588E+001, 1.51286045E+000, 2.29572987E+000, 5.73886927E+000, 3.47311894E+000, 1.99317755E+001
 1.45000000E+003, 1.82388433E+001, 1.52243209E+000, 2.34817613E+000, 5.56561661E+000, 3.57493869E+000, 1.98967382E+001
 1.48333333E+003, 1.80264589E+001, 1.52963673E+000, 2.39940247E+000, 5.41144958E+000, 3.67021414E+000, 1.98611787E+001
 1.51666667E+003, 1.78066191E+001, 1.53423722E+000, 2.44792293E+000, 5.27879170E+000, 3.75569448E+000, 1.98255289E+001
 1.55000000E+003, 1.75804838E+001, 1.53601798E+000, 2.49221437E+000, 5.16976585E+000, 3.82808608E+000, 1.97903087E+001
 1.58333333E+003, 1.73496333E+001, 1.53481082E+000, 2.53080992E+000, 5.08613508E+000, 3.88431444E+000, 1.97561479E+001
 1.61666667E+003, 1.71159869E+001, 1.53052061E+000, 2.56240569E+000, 5.02925191E+000, 3.92181472E+000, 1.97237942E+001
 1.65000000E+003, 1.68816704E+001, 1.52314539E+000, 2.58596853E+000, 5.00001775E+000, 3.93880603E+000, 1.96941001E+001
 1.68333333E+003, 1.66488471E+001, 1.51278654E+000, 2.60082860E+000, 4.99885415E+000, 3.93449850E+000, 1.96679842E+001
 1.71666667E+003, 1.64195389E+001, 1.49964693E+000, 2.60674043E+000, 5.02568665E+000, 3.90919027E+000, 1.96463654E+001
 1.75000000E+003, 1.61954671E+001, 1.48401802E+000, 2.60389897E+000, 5.07994203E+000, 3.86423299E+000, 1.96300796E+001
 1.78333333E+003, 1.59779407E+001, 1.46626001E+000, 2.59290561E+000, 5.16055869E+000, 3.80187382E+000, 1.96197930E+001
 1.81666667E+003, 1.57678041E+001, 1.44677953E+000, 2.57468947E+000, 5.26600986E+000, 3.72500801E+000, 1.96159289E+001
 1.85000000E+003, 1.55654457E+001, 1.42600855E+000, 2.55039949E+000, 5.39433845E+000, 3.63689149E+000, 1.96186236E+001
 1.88333333E+003, 1.53708535E+001, 1.40438629E+000, 2.52128827E+000, 5.54320224E+000, 3.54086268E+000, 1.96277179E+001
 1.91666667E+003, 1.51836996E+001, 1.38234386E+000, 2.48860736E+000, 5.70992745E+000, 3.44011111E+000, 1.96427849E+001
 1.95000000E+003, 1.50034336E+001, 1.36029165E+000, 2.45352717E+000, 5.89156880E+000, 3.33751251E+000, 1.96631846E+001
 1.98333333E+003, 1.48293714E+001, 1.33860920E+000, 2.41708582E+000, 6.08497369E+000, 3.23553331E+000, 1.96881351E+001
 2.01666667E+003, 1.46607679E+001, 1.31763825E+000, 2.38016441E+000, 6.28684839E+000, 3.13619566E+000, 1.97167867E+001
 2.05000000E+003, 1.44968733E+001, 1.29767925E+000, 2.34348194E+000, 6.49382393E+000, 3.04108789E+000, 1.97482893E+001
 2.08333333E+003, 1.43369708E+001, 1.27899154E+000, 2.30760280E+000, 6.70251986E+000, 2.95140446E+000, 1.97818470E+001
 2.11666667E+003, 1.41804005E+001, 1.26179656E+000, 2.27295092E+000, 6.90960403E+000, 2.86800165E+000, 1.98167558E+001
 2.15000000E+003, 1.40265714E+001, 1.24628335E+000, 2.23982646E+000, 7.11184700E+000, 2.79145843E+000, 1.98524252E+001
 2.18333333E+003, 1.38749671E+001, 1.23261509E+000, 2.20842310E+000, 7.30617019E+000, 2.72213564E+000, 1.98883862E+001
 2.21666667E+003, 1.37251453E+001, 1.22093562E+000, 2.17884491E+000, 7.48968704E+000, 2.66022936E+000, 1.99242854E+001
 2.25000000E+003, 1.35767360E+001, 1.21137495E+000, 2.15112306E+000, 7.65973705E+000, 2.60581659E+000, 1.99598699E+001
 2.28333333E+003, 1.34294365E+001, 1.20405295E+000, 2.12523271E+000, 7.81391285E+000, 2.55889272E+000, 1.99949647E+001
 2.31666667E+003, 1.32830067E+001, 1.19908047E+000, 2.10111094E+000, 7.95008081E+000, 2.51940110E+000, 2.00294423E+001
 2.35000000E+003, 1.31372626E+001, 1.19655751E+000, 2.07867627E+000, 8.06639589E+000, 2.48725571E+000, 2.00631892E+001
 2.38333333E+003, 1.29920691E+001, 1.19656812E+000, 2.05785008E+000, 8.16131178E+000, 2.46235780E+000, 2.00960697E+001
 2.41666667E+003, 1.28473308E+001, 1.19917217E+000, 2.03857948E+000, 8.23358719E+000, 2.44460779E+000, 2.01278914E+001
 2.45000000E+003, 1.27029820E+001, 1.20439477E+000, 2.02086044E+000, 8.28228944E+000, 2.43391374E+000, 2.01583781E+001
 2.48333333E+003, 1.25589741E+001, 1.21221453E+000, 2.00475864E+000, 8.30679620E+000, 2.43019755E+000, 2.01871558E+001
 2.51666667E+003, 1.24152615E+001, 1.22255291E+000, 1.99042500E+000, 8.30679620E+000, 2.43339987E+000, 2.02137568E+001
 2.55000000E+003, 1.22717863E+001, 1.23526685E+000, 1.97810249E+000, 8.28228944E+000, 2.44348444E+000, 2.02376454E+001
 2.58333333E+003, 1.21284623E+001, 1.25014700E+000, 1.96812188E+000, 8.23358719E+000, 2.46044167E+000, 2.02582610E+001
 2.61666667E+003, 1.19851584E+001, 1.26692272E+000, 1.96088596E+000, 8.16131178E+000, 2.48429097E+000, 2.02750731E+001
 2.65000000E+003, 1.18416838E+001, 1.28527373E+000, 1.95684412E+000, 8.06639589E+000, 2.51508034E+000, 2.02876337E+001
 2.68333333E+003, 1.16977740E+001, 1.30484687E+000, 1.95646110E+000, 7.95008081E+000, 2.55288214E+000, 2.02956193E+001
 2.71666667E+003, 1.15530801E+001, 1.32527508E+000, 1.96018435E+000, 7.81391285E+000, 2.59778348E+000, 2.02988537E+001
 2.75000000E+003, 1.14071609E+001, 1.34619590E+000, 1.96841370E+000, 7.65973705E+000, 2.64987046E+000, 2.02973109E+001
 2.78333333E+003, 1.12594796E+001, 1.36726671E+000, 1.98147548E+000, 7.48968704E+000, 2.70920546E+000, 2.02911011E+001
 2.81666667E+003, 1.11094056E+001, 1.38817512E+000, 1.99960149E+000, 7.30617019E+000, 2.77579704E+000, 2.02804456E+001
 2.85000000E+003, 1.09562214E+001, 1.40864374E+000, 2.02291165E+000, 7.11184700E+000, 2.84956184E+000, 2.02656478E+001
 2.88333333E+003, 1.07991375E+001, 1.42842950E+000, 2.05139877E+000, 6.90960403E+000, 2.93027854E+000, 2.02470644E+001
 2.91666667E+003, 1.06373143E+001, 1.44731818E+000, 2.08491388E+000, 6.70251986E+000, 3.01753376E+000, 2.02250800E+001
 2.95000000E+003, 1.04698950E+001, 1.46511544E+000, 2.12315116E+000, 6.49382393E+000, 3.11066155E+000, 2.02000884E+001
 2.98333333E+003, 1.02960476E+001, 1.48163590E+000, 2.16563270E+000, 6.28684839E+000, 3.20867915E+000, 2.01724793E+001
 3.01666667E+003, 1.01150200E+001, 1.49669176E+000, 2.21169453E+000, 6.08497369E+000, 3.31022497E+000, 2.01426319E+001
 3.05000000E+003, 9.92620572E+000, 1.51008311E+000, 2.26047659E+000, 5.89156880E+000, 3.41350753E+000, 2.01109144E+001
 3.08333333E+003, 9.72921828E+000, 1.52159173E+000, 2.31092072E+000, 5.70992745E+000, 3.51627786E+000, 2.00776915E+001
 3.11666667E+003, 9.52396987E+000, 1.53098038E+000, 2.36178133E+000, 5.54320224E+000, 3.61584088E+000, 2.00433372E+001
 3.15000000E+003, 9.31074378E+000, 1.53799917E+000, 2.41165374E+000, 5.39433845E+000, 3.70912144E+000, 2.00082564E+001
 3.18333333E+003, 9.09024874E+000, 1.54239957E+000, 2.45902403E+000, 5.26600986E+000, 3.79279761E+000, 1.99729096E+001
 3.21666667E+003, 8.86363992E+000, 1.54395539E+000, 2.50234192E+000, 5.16055869E+000, 3.86350431E+000, 1.99378407E+001
 3.25000000E+003, 8.63249306E+000, 1.54248800E+000, 2.54011422E+000, 5.07994203E+000, 3.91809570E+000, 1.99036990E+001
 3.28333333E+003, 8.39872391E+000, 1.53789143E+000, 2.57101182E+000, 5.02568665E+000, 3.95393704E+000, 1.98712486E+001
 3.31666667E+003, 8.16445566E+000, 1.53015217E+000, 2.59397786E+000, 4.99885415E+000, 3.96918083E+000, 1.98413561E+001
 3.35000000E+003, 7.93184980E+000, 1.51935903E+000, 2.60832114E+000, 5.00001775E+000, 3.96297628E+000, 1.98149518E+001
 3.38333333E+003, 7.70292667E+000, 1.50570098E+000, 2.61377810E+000, 5.02925191E+000, 3.93556824E+000, 1.97929641E+001
 3.41666667E+003, 7.47940612E+000, 1.48945391E+000, 2.61052985E+000, 5.08613508E+000, 3.88826388E+000, 1.97762353E+001
 3.45000000E+003, 7.26259440E+000, 1.47096042E+000, 2.59916889E+000, 5.16976585E+000, 3.82327456E+000, 1.97654343E+001
 3.48333333E+003, 7.05333163E+000, 1.45060708E+000, 2.58062084E+000, 5.27879170E+000, 3.74346685E+000, 1.97609818E+001
 3.51666667E+003, 6.85199952E+000, 1.42880294E+000, 2.55603639E+000, 5.41144958E+000, 3.65207232E+000, 1.97630052E+001
 3.55000000E+003, 6.65857679E+000, 1.40596085E+000, 2.52667482E+000, 5.56561661E+000, 3.55240587E+000, 1.97713291E+001
 3.58333333E+003, 6.47272344E+000, 1.38248151E+000, 2.49379872E+000, 5.73886927E+000, 3.44763064E+000, 1.97855015E+001
 3.61666667E+003, 6.29387435E+000, 1.35874015E+000, 2.45859342E+000, 5.92854871E+000, 3.34058960E+000, 1.98048481E+001
 3.65000000E+003, 6.12132734E+000, 1.33507550E+000, 2.42211559E+000, 6.13183004E+000, 3.23370718E+000, 1.98285428E+001
 3.68333333E+003, 5.95431652E+000, 1.31178191E+000, 2.38526841E+000, 6.34579309E+000, 3.12895195E+000, 1.98556817E+001
 3.71666667E+003, 5.79206734E+000, 1.28910492E+000, 2.34879660E+000, 6.56749226E+000, 3.02784524E+000, 1.98853502E+001
 3.75000000E+003, 5.63383419E+000, 1.26724038E+000, 2.31329420E+000, 6.79402333E+000, 2.93149982E+000, 1.99166781E+001
 3.78333333E+003, 5.47892298E+000, 1.24633686E+000, 2.27921885E+000, 7.02258507E+000, 2.84067446E+000, 1.99488781E+001
 3.81666667E+003, 5.32670282E+000, 1.22650035E+000, 2.24690849E+000, 7.25053413E+000, 2.75583404E+000, 1.99812687E+001
 3.85000000E+003, 5.17661001E+000, 1.20780029E+000, 2.21659817E+000, 7.47543173E+000, 2.67720793E+000, 2.00132851E+001
 3.88333333E+003, 5.02814739E+000, 1.19027619E+000, 2.18843568E+000, 7.69508135E+000, 2.60484289E+000, 2.00444779E+001
 3.91666667E+003, 4.88088124E+000, 1.17394380E+000, 2.16249567E+000, 7.90755671E+000, 2.53864838E+000, 2.00745060E+001
 3.95000000E+003, 4.73443710E+000, 1.15880064E+000, 2.13879241E+000, 8.11122016E+000, 2.47843402E+000, 2.01031240E+001
 3.98333333E+003, 4.58849541E+000, 1.14483056E+000, 2.11729114E+000, 8.30473157E+000, 2.42393960E+000, 2.01301677E+001
 4.01666667E+003, 4.44278728E+000, 1.13200712E+000, 2.09791837E+000, 8.48704827E+000, 2.37485852E+000, 2.01555389E+001
 4.05000000E+003, 4.29709062E+000, 1.12029615E+000, 2.08057114E+000, 8.65741713E+000, 2.33085583E+000, 2.01791912E+001
 4.08333333E+003, 4.15122638E+000, 1.10965743E+000, 2.06512538E+000, 8.81535960E+000, 2.29158172E+000, 2.02011169E+001
 4.11666667E+003, 4.00505502E+000, 1.10004582E+000, 2.05144329E+000, 8.96065107E+000, 2.25668162E+000, 2.02213365E+001
 4.15000000E+003, 3.85847278E+000, 1.09141202E+000, 2.03937976E+000, 9.09329588E+000, 2.22580359E+000, 2.02398906E+001
 4.18333333E+003, 3.71140790E+000, 1.08370310E+000, 2.02878782E+000, 9.21349918E+000, 2.19860365E+000, 2.02568329E+001
 4.21666667E+003, 3.56381669E+000, 1.07686304E+000, 2.01952296E+000, 9.32163702E+000, 2.17474963E+000, 2.02722266E+001
 4.25000000E+003, 3.41567939E+000, 1.07083327E+000, 2.01144654E+000, 9.41822580E+000, 2.15392388E+000, 2.02861414E+001
 4.28333333E+003, 3.26699607E+000, 1.06555335E+000, 2.00442815E+000, 9.50389210E+000, 2.13582513E+000, 2.02986515E+001
 4.31666667E+003, 3.11778255E+000, 1.06096169E+000, 1.99834711E+000, 9.57934392E+000, 2.12016973E+000, 2.03098350E+001
 4.35000000E+003, 2.96806656E+000, 1.05699642E+000, 1.99309326E+000, 9.64534379E+000, 2.10669244E+000, 2.03197729E+001
 4.38333333E+003, 2.81788423E+000, 1.05359623E+000, 1.98856708E+000, 9.70268467E+000, 2.09514678E+000, 2.03285485E+001
 4.41666667E+003, 2.66727693E+000, 1.05070118E+000, 1.98467950E+000, 9.75216856E+000, 2.08530510E+000, 2.03362468E+001
 4.45000000E+003, 2.51628868E+000, 1.04825348E+000, 1.98135133E+000, 9.79458846E+000, 2.07695844E+000, 2.03429531E+001
 4.48333333E+003, 2.36496394E+000, 1.04619803E+000, 1.97851268E+000, 9.83071338E+000, 2.06991608E+000, 2.03487517E+001
 4.51666667E+003, 2.21334603E+000, 1.04448279E+000, 1.97610239E+000, 9.86127659E+000, 2.06400493E+000, 2.03537235E+001
 4.55000000E+003, 2.06147582E+000, 1.04305874E+000, 1.97406778E+000, 9.88696674E+000, 2.05906866E+000, 2.03579433E+001
 4.58333333E+003, 1.90939104E+000, 1.04187948E+000, 1.97236490E+000, 9.90842180E+000, 2.05496652E+000, 2.03614751E+001
 4.61666667E+003, 1.75712571E+000, 1.04089991E+000, 1.97095978E+000, 9.92622533E+000, 2.05157185E+000, 2.03643645E+001
 4.65000000E+003, 1.60471001E+000, 1.04007376E+000, 1.96983131E+000, 9.94090486E+000, 2.04876986E+000, 2.03666262E+001
 4.68333333E+003, 1.45217027E+000, 1.03934896E+000, 1.96897723E+000, 9.95293201E+000, 2.04645443E+000, 2.03682218E+001
 4.71666667E+003, 1.29952911E+000, 1.03865910E+000, 1.96842552E+000, 9.96272403E+000, 2.04452308E+000, 2.03690193E+001
 4.75000000E+003, 1.14680578E+000, 1.03790795E+000, 1.96825590E+000, 9.97064639E+000, 2.04286846E+000, 2.03687190E+001
 4.78333333E+003, 9.94016385E-001, 1.03694099E+000, 1.96863992E+000, 9.97701612E+000, 2.04136343E+000, 2.03667159E+001
 4.81666667E+003, 8.41174313E-001, 1.03549245E+000, 1.96991644E+000, 9.98210570E+000, 2.03983359E+000, 2.03618345E+001
 4.85000000E+003, 6.88290552E-001, 1.03308468E+000, 1.97273651E+000, 9.98614727E+000, 2.03800386E+000, 2.03518067E+001
 4.88333333E+003, 5.35374040E-001, 1.02882975E+000, 1.97835157E+000, 9.98933686E+000, 2.03538696E+000, 2.03321660E+001
 4.91666667E+003, 3.82431984E-001, 1.02101280E+000, 1.98922477E+000, 9.99183860E+000, 2.03102395E+000, 2.02936635E+001
 4.95000000E+003, 2.29470143E-001, 1.00611754E+000, 2.01047294E+000, 9.99378883E+000, 2.02277208E+000, 2.02151570E+001
 4.98333333E+003, 7.64930828E-002, 9.76138937E-001, 2.05407493E+000, 9.99529986E+000, 2.00506252E+000, 2.00412011E+001
