   10000.707676470964      ,         150
X,ZB,H,U,L,Q,QL
 1.66666667E+001, 2.48437310E+001, 1.00096459E+000, 1.99900305E+000, 9.99529986E+000, 2.00093126E+000, 1.99999080E+001
 5.00000000E+001, 2.46908096E+001, 1.00119603E+000, 1.99874617E+000, 9.99378883E+000, 2.00113673E+000, 1.99989379E+001
 8.33333333E+001, 2.45379197E+001, 1.00156885E+000, 1.99834718E+000, 9.99183860E+000, 2.00148228E+000, 1.99984879E+001
 1.16666667E+002, 2.43850698E+001, 1.00202856E+000, 1.99793700E+000, 9.98933686E+000, 2.00198994E+000, 1.99985519E+001
 1.50000000E+002, 2.42322708E+001, 1.00261914E+000, 1.99740974E+000, 9.98614727E+000, 2.00264123E+000, 1.99986703E+001
 1.83333333E+002, 2.40795359E+001, 1.00335353E+000, 1.99677864E+000, 9.98210570E+000, 2.00347489E+000, 1.99988981E+001
 2.16666667E+002, 2.39268814E+001, 1.00426793E+000, 1.99600473E+000, 9.97701612E+000, 2.00452354E+000, 1.99991637E+001
 2.50000000E+002, 2.37743267E+001, 1.00539649E+000, 1.99507036E+000, 9.97064639E+000, 2.00583675E+000, 1.99994889E+001
 2.83333333E+002, 2.36218952E+001, 1.00678308E+000, 1.99394454E+000, 9.96272403E+000, 2.00746963E+000, 1.99998659E+001
 3.16666667E+002, 2.34696147E+001, 1.00847670E+000, 1.99259808E+000, 9.95293201E+000, 2.00948874E+000, 2.00003048E+001
 3.50000000E+002, 2.33175180E+001, 1.01053446E+000, 1.99099663E+000, 9.94090486E+000, 2.01197070E+000, 2.00008093E+001
 3.83333333E+002, 2.31656428E+001, 1.01302110E+000, 1.98910398E+000, 9.92622533E+000, 2.01500430E+000, 2.00013867E+001
 4.16666667E+002, 2.30140329E+001, 1.01601006E+000, 1.98688099E+000, 9.90842180E+000, 2.01869108E+000, 2.00020427E+001
 4.50000000E+002, 2.28627375E+001, 1.01958367E+000, 1.98428701E+000, 9.88696674E+000, 2.02314663E+000, 2.00027835E+001
 4.83333333E+002, 2.27118119E+001, 1.02383344E+000, 1.98128075E+000, 9.86127659E+000, 2.02850148E+000, 2.00036141E+001
 5.16666667E+002, 2.25613165E+001, 1.02885986E+000, 1.97782234E+000, 9.83071338E+000, 2.03490201E+000, 2.00045384E+001
 5.50000000E+002, 2.24113166E+001, 1.03477168E+000, 1.97387628E+000, 9.79458846E+000, 2.04251129E+000, 2.00055575E+001
 5.83333333E+002, 2.22618806E+001, 1.04168435E+000, 1.96941588E+000, 9.75216856E+000, 2.05150971E+000, 2.00066685E+001
 6.16666667E+002, 2.21130785E+001, 1.04971718E+000, 1.96442960E+000, 9.70268467E+000, 2.06209550E+000, 2.00078624E+001
 6.50000000E+002, 2.19649789E+001, 1.05898898E+000, 1.95892985E+000, 9.64534379E+000, 2.07448512E+000, 2.00091222E+001
 6.83333333E+002, 2.18176459E+001, 1.06961180E+000, 1.95296416E+000, 9.57934392E+000, 2.08891351E+000, 2.00104209E+001
 7.16666667E+002, 2.16711344E+001, 1.08168265E+000, 1.94662854E+000, 9.50389210E+000, 2.10563433E+000, 2.00117214E+001
 7.50000000E+002, 2.15254847E+001, 1.09525483E+000, 1.94010422E+000, 9.41822580E+000, 2.12490853E+000, 2.00128683E+001
 7.83333333E+002, 2.13807167E+001, 1.11032716E+000, 1.93365889E+000, 9.32163702E+000, 2.14699398E+000, 2.00134985E+001
 8.16666667E+002, 2.12368223E+001, 1.12689148E+000, 1.92759257E+000, 9.21349918E+000, 2.17218765E+000, 2.00134491E+001
 8.50000000E+002, 2.10937577E+001, 1.14487323E+000, 1.92234535E+000, 9.09329588E+000, 2.20084173E+000, 2.00129051E+001
 8.83333333E+002, 2.09514353E+001, 1.16414697E+000, 1.91841889E+000, 8.96065107E+000, 2.23332153E+000, 2.00120150E+001
 9.16666667E+002, 2.08097142E+001, 1.18459265E+000, 1.91631164E+000, 8.81535960E+000, 2.27004869E+000, 2.00112955E+001
 9.50000000E+002, 2.06683926E+001, 1.20639297E+000, 1.91619312E+000, 8.65741713E+000, 2.31168190E+000, 2.00131945E+001
 9.83333333E+002, 2.05271991E+001, 1.22846876E+000, 1.91969678E+000, 8.48704827E+000, 2.35828753E+000, 2.00149001E+001
 1.01666667E+003, 2.03857855E+001, 1.25101980E+000, 1.92630369E+000, 8.30473157E+000, 2.40984405E+000, 2.00131079E+001
 1.05000000E+003, 2.02437215E+001, 1.27350559E+000, 1.93735833E+000, 8.11122016E+000, 2.46723666E+000, 2.00122998E+001
 1.08333333E+003, 2.01004909E+001, 1.29583574E+000, 1.95300338E+000, 7.90755671E+000, 2.53077159E+000, 2.00122199E+001
 1.11666667E+003, 1.99554910E+001, 1.31772354E+000, 1.97353411E+000, 7.69508135E+000, 2.60057234E+000, 2.00116157E+001
 1.15000000E+003, 1.98080354E+001, 1.33895019E+000, 1.99918409E+000, 7.47543173E+000, 2.67680792E+000, 2.00102949E+001
 1.18333333E+003, 1.96573622E+001, 1.35933631E+000, 2.03007799E+000, 7.25053413E+000, 2.75955873E+000, 2.00082748E+001
 1.21666667E+003, 1.95026474E+001, 1.37873482E+000, 2.06621054E+000, 7.02258507E+000, 2.84875642E+000, 2.00056343E+001
 1.25000000E+003, 1.93430270E+001, 1.39702497E+000, 2.10742766E+000, 6.79402333E+000, 2.94412906E+000, 2.00024815E+001
 1.28333333E+003, 1.91776270E+001, 1.41410465E+000, 2.15340580E+000, 6.56749226E+000, 3.04514117E+000, 1.99989411E+001
 1.31666667E+003, 1.90056055E+001, 1.42988129E+000, 2.20362893E+000, 6.34579309E+000, 3.15092777E+000, 1.99951357E+001
 1.35000000E+003, 1.88262051E+001, 1.44426301E+000, 2.25736050E+000, 6.13183004E+000, 3.26022228E+000, 1.99911289E+001
 1.38333333E+003, 1.86388178E+001, 1.45715690E+000, 2.31359243E+000, 5.92854871E+000, 3.37126717E+000, 1.99867216E+001
 1.41666667E+003, 1.84430588E+001, 1.46849885E+000, 2.37089602E+000, 5.73886927E+000, 3.48165808E+000, 1.99807805E+001
 1.45000000E+003, 1.82388433E+001, 1.47840192E+000, 2.42822403E+000, 5.56561661E+000, 3.58989108E+000, 1.99799574E+001
 1.48333333E+003, 1.80264589E+001, 1.48658100E+000, 2.48397584E+000, 5.41144958E+000, 3.69263129E+000, 1.99824881E+001
 1.51666667E+003, 1.78066191E+001, 1.49270545E+000, 2.53607905E+000, 5.27879170E+000, 3.78561904E+000, 1.99834944E+001
 1.55000000E+003, 1.75804838E+001, 1.49676091E+000, 2.58300976E+000, 5.16976585E+000, 3.86614802E+000, 1.99870800E+001
 1.58333333E+003, 1.73496333E+001, 1.49853800E+000, 2.62239627E+000, 5.08613508E+000, 3.92976045E+000, 1.99872925E+001
 1.61666667E+003, 1.71159869E+001, 1.49772005E+000, 2.65208329E+000, 5.02925191E+000, 3.97207833E+000, 1.99765825E+001
 1.65000000E+003, 1.68816704E+001, 1.49455813E+000, 2.67197125E+000, 5.00001775E+000, 3.99341635E+000, 1.99671526E+001
 1.68333333E+003, 1.66488471E+001, 1.48831959E+000, 2.68312025E+000, 4.99885415E+000, 3.99334042E+000, 1.99621263E+001
 1.71666667E+003, 1.64195389E+001, 1.47807383E+000, 2.68605786E+000, 5.02568665E+000, 3.97019184E+000, 1.99529401E+001
 1.75000000E+003, 1.61954671E+001, 1.46560974E+000, 2.67886633E+000, 5.07994203E+000, 3.92617257E+000, 1.99447291E+001
 1.78333333E+003, 1.59779407E+001, 1.45094329E+000, 2.66368616E+000, 5.16055869E+000, 3.86485757E+000, 1.99448243E+001
 1.81666667E+003, 1.57678041E+001, 1.43401068E+000, 2.64177254E+000, 5.26600986E+000, 3.78833005E+000, 1.99493834E+001
 1.85000000E+003, 1.55654457E+001, 1.41516829E+000, 2.61415034E+000, 5.39433845E+000, 3.69946266E+000, 1.99561537E+001
 1.88333333E+003, 1.53708535E+001, 1.39479345E+000, 2.58215211E+000, 5.54320224E+000, 3.60156885E+000, 1.99642245E+001
 1.91666667E+003, 1.51836996E+001, 1.37334912E+000, 2.54699448E+000, 5.70992745E+000, 3.49791263E+000, 1.99728274E+001
 1.95000000E+003, 1.50034336E+001, 1.35128840E+000, 2.50984843E+000, 5.89156880E+000, 3.39152908E+000, 1.99814269E+001
 1.98333333E+003, 1.48293714E+001, 1.32911406E+000, 2.47143670E+000, 6.08497369E+000, 3.28482126E+000, 1.99880509E+001
 2.01666667E+003, 1.46607679E+001, 1.30714910E+000, 2.43233669E+000, 6.28684839E+000, 3.17942673E+000, 1.99885738E+001
 2.05000000E+003, 1.44968733E+001, 1.28609120E+000, 2.39417529E+000, 6.49382393E+000, 3.07912777E+000, 1.99953136E+001
 2.08333333E+003, 1.43369708E+001, 1.26580936E+000, 2.35622302E+000, 6.70251986E+000, 2.98252917E+000, 1.99904610E+001
 2.11666667E+003, 1.41804005E+001, 1.24728765E+000, 2.32051442E+000, 6.90960403E+000, 2.89434896E+000, 1.99988053E+001
 2.15000000E+003, 1.40265714E+001, 1.22998482E+000, 2.28549219E+000, 7.11184700E+000, 2.81112069E+000, 1.99922603E+001
 2.18333333E+003, 1.38749671E+001, 1.21495782E+000, 2.25334647E+000, 7.30617019E+000, 2.73772090E+000, 2.00022548E+001
 2.21666667E+003, 1.37251453E+001, 1.20144420E+000, 2.22187617E+000, 7.48968704E+000, 2.66946023E+000, 1.99934217E+001
 2.25000000E+003, 1.35767360E+001, 1.19064136E+000, 2.19356060E+000, 7.65973705E+000, 2.61174397E+000, 2.00052721E+001
 2.28333333E+003, 1.34294365E+001, 1.18156705E+000, 2.16555557E+000, 7.81391285E+000, 2.55874910E+000, 1.99938425E+001
 2.31666667E+003, 1.32830067E+001, 1.17558939E+000, 2.14084466E+000, 7.95008081E+000, 2.51675427E+000, 2.00083998E+001
 2.35000000E+003, 1.31372626E+001, 1.17140931E+000, 2.11604010E+000, 8.06639589E+000, 2.47874907E+000, 1.99945713E+001
 2.38333333E+003, 1.29920691E+001, 1.17045654E+000, 2.09548670E+000, 8.16131178E+000, 2.45267612E+000, 2.00170545E+001
 2.41666667E+003, 1.28473308E+001, 1.17199246E+000, 2.07611924E+000, 8.23358719E+000, 2.43319609E+000, 2.00339322E+001
 2.45000000E+003, 1.27029820E+001, 1.17591830E+000, 2.05744966E+000, 8.28228944E+000, 2.41939270E+000, 2.00381106E+001
 2.48333333E+003, 1.25589741E+001, 1.18240290E+000, 2.04019952E+000, 8.30679620E+000, 2.41233782E+000, 2.00387986E+001
 2.51666667E+003, 1.24152615E+001, 1.19140377E+000, 2.02472307E+000, 8.30679620E+000, 2.41226271E+000, 2.00381747E+001
 2.55000000E+003, 1.22717863E+001, 1.20277769E+000, 2.01137191E+000, 8.28228944E+000, 2.41923326E+000, 2.00367901E+001
 2.58333333E+003, 1.21284623E+001, 1.21632372E+000, 2.00055549E+000, 8.23358719E+000, 2.43332308E+000, 2.00349778E+001
 2.61666667E+003, 1.19851584E+001, 1.23174239E+000, 1.99263542E+000, 8.16131178E+000, 2.45441351E+000, 2.00312339E+001
 2.65000000E+003, 1.18416838E+001, 1.24877995E+000, 1.98823304E+000, 8.06639589E+000, 2.48286556E+000, 2.00277765E+001
 2.68333333E+003, 1.16977740E+001, 1.26760369E+000, 1.98729901E+000, 7.95008081E+000, 2.51910756E+000, 2.00271087E+001
 2.71666667E+003, 1.15530801E+001, 1.28683419E+000, 1.99187282E+000, 7.81391285E+000, 2.56321005E+000, 2.00286999E+001
 2.75000000E+003, 1.14071609E+001, 1.30658497E+000, 2.00095146E+000, 7.65973705E+000, 2.61441311E+000, 2.00257170E+001
 2.78333333E+003, 1.12594796E+001, 1.32632929E+000, 2.01573734E+000, 7.48968704E+000, 2.67353148E+000, 2.00239141E+001
 2.81666667E+003, 1.11094056E+001, 1.34590566E+000, 2.03618524E+000, 7.30617019E+000, 2.74051323E+000, 2.00226561E+001
 2.85000000E+003, 1.09562214E+001, 1.36500457E+000, 2.06236407E+000, 7.11184700E+000, 2.81513638E+000, 2.00208193E+001
 2.88333333E+003, 1.07991375E+001, 1.38339663E+000, 2.09424378E+000, 6.90960403E+000, 2.89716978E+000, 2.00182960E+001
 2.91666667E+003, 1.06373143E+001, 1.40089729E+000, 2.13164547E+000, 6.70251986E+000, 2.98621636E+000, 2.00151745E+001
 2.95000000E+003, 1.04698950E+001, 1.41735352E+000, 2.17421714E+000, 6.49382393E+000, 3.08163431E+000, 2.00115906E+001
 2.98333333E+003, 1.02960476E+001, 1.43263253E+000, 2.22141206E+000, 6.28684839E+000, 3.18246717E+000, 2.00076886E+001
 3.01666667E+003, 1.01150200E+001, 1.44661090E+000, 2.27246405E+000, 6.08497369E+000, 3.28737127E+000, 2.00035677E+001
 3.05000000E+003, 9.92620572E+000, 1.45916916E+000, 2.32634505E+000, 5.89156880E+000, 3.39453096E+000, 1.99991127E+001
 3.08333333E+003, 9.72921828E+000, 1.47021229E+000, 2.38167074E+000, 5.70992745E+000, 3.50156160E+000, 1.99936627E+001
 3.11666667E+003, 9.52396987E+000, 1.47976556E+000, 2.43696301E+000, 5.54320224E+000, 3.60613393E+000, 1.99895297E+001
 3.15000000E+003, 9.31074378E+000, 1.48782684E+000, 2.49137682E+000, 5.39433845E+000, 3.70673730E+000, 1.99953955E+001
 3.18333333E+003, 9.09024874E+000, 1.49361686E+000, 2.54185133E+000, 5.26600986E+000, 3.79655199E+000, 1.99926802E+001
 3.21666667E+003, 8.86363992E+000, 1.49758737E+000, 2.58784065E+000, 5.16055869E+000, 3.87551746E+000, 1.99998353E+001
 3.25000000E+003, 8.63249306E+000, 1.49903656E+000, 2.62584524E+000, 5.07994203E+000, 3.93623800E+000, 1.99958609E+001
 3.28333333E+003, 8.39872391E+000, 1.49806315E+000, 2.65471417E+000, 5.02568665E+000, 3.97692946E+000, 1.99868013E+001
 3.31666667E+003, 8.16445566E+000, 1.49463634E+000, 2.67369117E+000, 4.99885415E+000, 3.99619600E+000, 1.99764009E+001
 3.35000000E+003, 7.93184980E+000, 1.48805933E+000, 2.68428651E+000, 5.00001775E+000, 3.99437759E+000, 1.99719588E+001
 3.38333333E+003, 7.70292667E+000, 1.47734193E+000, 2.68667080E+000, 5.02925191E+000, 3.96913141E+000, 1.99617617E+001
 3.41666667E+003, 7.47940612E+000, 1.46453085E+000, 2.67878568E+000, 5.08613508E+000, 3.92316426E+000, 1.99537434E+001
 3.45000000E+003, 7.26259440E+000, 1.44928132E+000, 2.66322363E+000, 5.16976585E+000, 3.85976025E+000, 1.99540567E+001
 3.48333333E+003, 7.05333163E+000, 1.43167483E+000, 2.64087215E+000, 5.27879170E+000, 3.78087020E+000, 1.99584262E+001
 3.51666667E+003, 6.85199952E+000, 1.41198565E+000, 2.61292060E+000, 5.41144958E+000, 3.68940639E+000, 1.99650366E+001
 3.55000000E+003, 6.65857679E+000, 1.39059312E+000, 2.58064034E+000, 5.56561661E+000, 3.58862069E+000, 1.99728869E+001
 3.58333333E+003, 6.47272344E+000, 1.36792741E+000, 2.54527048E+000, 5.73886927E+000, 3.48174526E+000, 1.99812809E+001
 3.61666667E+003, 6.29387435E+000, 1.34442834E+000, 2.50795501E+000, 5.92854871E+000, 3.37176581E+000, 1.99896778E+001
 3.65000000E+003, 6.12132734E+000, 1.32050958E+000, 2.46971807E+000, 6.13183004E+000, 3.26128636E+000, 1.99976537E+001
 3.68333333E+003, 5.95431652E+000, 1.29652809E+000, 2.43115491E+000, 6.34579309E+000, 3.15206062E+000, 2.00023245E+001
 3.71666667E+003, 5.79206734E+000, 1.27280737E+000, 2.39299088E+000, 6.56749226E+000, 3.04581643E+000, 2.00033759E+001
 3.75000000E+003, 5.63383419E+000, 1.24976928E+000, 2.35606518E+000, 6.79402333E+000, 2.94453789E+000, 2.00052591E+001
 3.78333333E+003, 5.47892298E+000, 1.22758080E+000, 2.32072019E+000, 7.02258507E+000, 2.84887155E+000, 2.00064428E+001
 3.81666667E+003, 5.32670282E+000, 1.20643980E+000, 2.28738554E+000, 7.25053413E+000, 2.75959295E+000, 2.00085228E+001
 3.85000000E+003, 5.17661001E+000, 1.18640072E+000, 2.25616197E+000, 7.47543173E+000, 2.67671220E+000, 2.00095793E+001
 3.88333333E+003, 5.02814739E+000, 1.16758459E+000, 2.22731634E+000, 7.69508135E+000, 2.60058023E+000, 2.00116764E+001
 3.91666667E+003, 4.88088124E+000, 1.14996517E+000, 2.20075869E+000, 7.90755671E+000, 2.53079584E+000, 2.00124116E+001
 3.95000000E+003, 4.73443710E+000, 1.13362133E+000, 2.17665064E+000, 8.11122016E+000, 2.46749760E+000, 2.00144163E+001
 3.98333333E+003, 4.58849541E+000, 1.11847419E+000, 2.15475170E+000, 8.30473157E+000, 2.41003415E+000, 2.00146867E+001
 4.01666667E+003, 4.44278728E+000, 1.10459047E+000, 2.13516083E+000, 8.48704827E+000, 2.35847832E+000, 2.00165193E+001
 4.05000000E+003, 4.29709062E+000, 1.09186439E+000, 2.11750245E+000, 8.65741713E+000, 2.31202552E+000, 2.00161694E+001
 4.08333333E+003, 4.15122638E+000, 1.08025092E+000, 2.10192057E+000, 8.81535960E+000, 2.27060163E+000, 2.00161699E+001
 4.11666667E+003, 4.00505502E+000, 1.06974404E+000, 2.08815330E+000, 8.96065107E+000, 2.23378955E+000, 2.00162088E+001
 4.15000000E+003, 3.85847278E+000, 1.06029670E+000, 2.07603970E+000, 9.09329588E+000, 2.20121804E+000, 2.00163269E+001
 4.18333333E+003, 3.71140790E+000, 1.05185189E+000, 2.06541770E+000, 9.21349918E+000, 2.17251352E+000, 2.00164515E+001
 4.21666667E+003, 3.56381669E+000, 1.04435212E+000, 2.05613869E+000, 9.32163702E+000, 2.14733280E+000, 2.00166569E+001
 4.25000000E+003, 3.41567939E+000, 1.03773298E+000, 2.04805236E+000, 9.41822580E+000, 2.12533148E+000, 2.00168518E+001
 4.28333333E+003, 3.26699607E+000, 1.03193172E+000, 2.04102915E+000, 9.50389210E+000, 2.10620273E+000, 2.00171235E+001
 4.31666667E+003, 3.11778255E+000, 1.02687972E+000, 2.03493935E+000, 9.57934392E+000, 2.08963796E+000, 2.00173607E+001
 4.35000000E+003, 2.96806656E+000, 1.02251268E+000, 2.02967766E+000, 9.64534379E+000, 2.07537114E+000, 2.00176681E+001
 4.38333333E+003, 2.81788423E+000, 1.01876160E+000, 2.02513670E+000, 9.70268467E+000, 2.06313150E+000, 2.00179144E+001
 4.41666667E+003, 2.66727693E+000, 1.01556466E+000, 2.02123504E+000, 9.75216856E+000, 2.05269488E+000, 2.00182265E+001
 4.45000000E+003, 2.51628868E+000, 1.01285633E+000, 2.01788516E+000, 9.79458846E+000, 2.04382775E+000, 2.00184517E+001
 4.48333333E+003, 2.36496394E+000, 1.01058093E+000, 2.01502624E+000, 9.83071338E+000, 2.03634708E+000, 2.00187445E+001
 4.51666667E+003, 2.21334603E+000, 1.00867935E+000, 2.01258646E+000, 9.86127659E+000, 2.03005440E+000, 2.00189279E+001
 4.55000000E+003, 2.06147582E+000, 1.00710462E+000, 2.01052183E+000, 9.88696674E+000, 2.02480582E+000, 2.00191878E+001
 4.58333333E+003, 1.90939104E+000, 1.00580581E+000, 2.00877211E+000, 9.90842180E+000, 2.02043467E+000, 2.00193189E+001
 4.61666667E+003, 1.75712571E+000, 1.00474589E+000, 2.00730693E+000, 9.92622533E+000, 2.01683339E+000, 2.00195427E+001
 4.65000000E+003, 1.60471001E+000, 1.00388249E+000, 2.00607438E+000, 9.94090486E+000, 2.01386293E+000, 2.00196198E+001
 4.68333333E+003, 1.45217027E+000, 1.00318854E+000, 2.00505550E+000, 9.95293201E+000, 2.01144870E+000, 2.00198122E+001
 4.71666667E+003, 1.29952911E+000, 1.00262951E+000, 2.00420451E+000, 9.96272403E+000, 2.00947459E+000, 2.00198408E+001
 4.75000000E+003, 1.14680578E+000, 1.00218728E+000, 2.00351312E+000, 9.97064639E+000, 2.00789536E+000, 2.00200146E+001
 4.78333333E+003, 9.94016385E-001, 1.00183312E+000, 2.00294127E+000, 9.97701612E+000, 2.00661290E+000, 2.00200093E+001
 4.81666667E+003, 8.41174313E-001, 1.00155522E+000, 2.00249347E+000, 9.98210570E+000, 2.00560778E+000, 2.00201889E+001
 4.85000000E+003, 6.88290552E-001, 1.00132649E+000, 2.00213858E+000, 9.98614727E+000, 2.00479440E+000, 2.00201722E+001
 4.88333333E+003, 5.35374040E-001, 1.00113642E+000, 2.00189896E+000, 9.98933686E+000, 2.00417395E+000, 2.00203687E+001
 4.91666667E+003, 3.82431984E-001, 1.00095486E+000, 2.00175142E+000, 9.99183860E+000, 2.00366281E+000, 2.00202754E+001
 4.95000000E+003, 2.29470143E-001, 1.00077617E+000, 2.00171271E+000, 9.99378883E+000, 2.00326639E+000, 2.00202213E+001
 4.98333333E+003, 7.64930828E-002, 1.00055206E+000, 2.00155266E+000, 9.99529986E+000, 2.00265763E+000, 2.00171636E+001
