   10000.951682626519      ,         150
X,ZB,H,U,L,Q,QL
 1.66666667E+001, 2.48437310E+001, 1.07535828E+000, 1.75391491E+000, 9.99529986E+000, 1.88608692E+000, 1.88520043E+001
 5.00000000E+001, 2.46908096E+001, 1.02698938E+000, 1.91149777E+000, 9.99378883E+000, 1.96308790E+000, 1.96186860E+001
 8.33333333E+001, 2.45379197E+001, 1.01970869E+000, 1.93618070E+000, 9.99183860E+000, 1.97434029E+000, 1.97272895E+001
 1.16666667E+002, 2.43850698E+001, 1.01919156E+000, 1.93910943E+000, 9.98933686E+000, 1.97632395E+000, 1.97421657E+001
 1.50000000E+002, 2.42322708E+001, 1.01967434E+000, 1.93910660E+000, 9.98614727E+000, 1.97725726E+000, 1.97451822E+001
 1.83333333E+002, 2.40795359E+001, 1.02041805E+000, 1.93865172E+000, 9.98210570E+000, 1.97823521E+000, 1.97469530E+001
 2.16666667E+002, 2.39268814E+001, 1.02135789E+000, 1.93804270E+000, 9.97701612E+000, 1.97943520E+000, 1.97488569E+001
 2.50000000E+002, 2.37743267E+001, 1.02251915E+000, 1.93729980E+000, 9.97064639E+000, 1.98092615E+000, 1.97511142E+001
 2.83333333E+002, 2.36218952E+001, 1.02394390E+000, 1.93640633E+000, 9.96272403E+000, 1.98277145E+000, 1.97538048E+001
 3.16666667E+002, 2.34696147E+001, 1.02568233E+000, 1.93533882E+000, 9.95293201E+000, 1.98504284E+000, 1.97569964E+001
 3.50000000E+002, 2.33175180E+001, 1.02779231E+000, 1.93407070E+000, 9.94090486E+000, 1.98782300E+000, 1.97607593E+001
 3.83333333E+002, 2.31656428E+001, 1.03033984E+000, 1.93257295E+000, 9.92622533E+000, 1.99120690E+000, 1.97651684E+001
 4.16666667E+002, 2.30140329E+001, 1.03339960E+000, 1.93081436E+000, 9.90842180E+000, 1.99530278E+000, 1.97703016E+001
 4.50000000E+002, 2.28627375E+001, 1.03705535E+000, 1.92876215E+000, 9.88696674E+000, 2.00023309E+000, 1.97762381E+001
 4.83333333E+002, 2.27118119E+001, 1.04140006E+000, 1.92638294E+000, 9.86127659E+000, 2.00613530E+000, 1.97830551E+001
 5.16666667E+002, 2.25613165E+001, 1.04653561E+000, 1.92364446E+000, 9.83071338E+000, 2.01316244E+000, 1.97908229E+001
 5.50000000E+002, 2.24113166E+001, 1.05257187E+000, 1.92051815E+000, 9.79458846E+000, 2.02148338E+000, 1.97995978E+001
 5.83333333E+002, 2.22618806E+001, 1.05962478E+000, 1.91698311E+000, 9.75216856E+000, 2.03128281E+000, 1.98094123E+001
 6.16666667E+002, 2.21130785E+001, 1.06781325E+000, 1.91303177E+000, 9.70268467E+000, 2.04276066E+000, 1.98202626E+001
 6.50000000E+002, 2.19649789E+001, 1.07725442E+000, 1.90867746E+000, 9.64534379E+000, 2.05613122E+000, 1.98320925E+001
 6.83333333E+002, 2.18176459E+001, 1.08805713E+000, 1.90396414E+000, 9.57934392E+000, 2.07162175E+000, 1.98447772E+001
 7.16666667E+002, 2.16711344E+001, 1.10031358E+000, 1.89897771E+000, 9.50389210E+000, 2.08947097E+000, 1.98581067E+001
 7.50000000E+002, 2.15254847E+001, 1.11408966E+000, 1.89385798E+000, 9.41822580E+000, 2.10992760E+000, 1.98717745E+001
 7.83333333E+002, 2.13807167E+001, 1.12941476E+000, 1.88880949E+000, 9.32163702E+000, 2.13324931E+000, 1.98853757E+001
 8.16666667E+002, 2.12368223E+001, 1.14627259E+000, 1.88410900E+000, 9.21349918E+000, 2.15970251E+000, 1.98984173E+001
 8.50000000E+002, 2.10937577E+001, 1.16459471E+000, 1.88010715E+000, 9.09329588E+000, 2.18956284E+000, 1.99103428E+001
 8.83333333E+002, 2.09514353E+001, 1.18425807E+000, 1.87722287E+000, 8.96065107E+000, 2.22311633E+000, 1.99205698E+001
 9.16666667E+002, 2.08097142E+001, 1.20508788E+000, 1.87592984E+000, 8.81535960E+000, 2.26066032E+000, 1.99285337E+001
 9.50000000E+002, 2.06683926E+001, 1.22686545E+000, 1.87673657E+000, 8.65741713E+000, 2.30250325E+000, 1.99337311E+001
 9.83333333E+002, 2.05271991E+001, 1.24934016E+000, 1.88016217E+000, 8.48704827E+000, 2.34896210E+000, 1.99357547E+001
 1.01666667E+003, 2.03857855E+001, 1.27224377E+000, 1.88671106E+000, 8.30473157E+000, 2.40035639E+000, 1.99343155E+001
 1.05000000E+003, 2.02437215E+001, 1.29530486E+000, 1.89684903E+000, 8.11122016E+000, 2.45699777E+000, 1.99292498E+001
 1.08333333E+003, 2.01004909E+001, 1.31826163E+000, 1.91098210E+000, 7.90755671E+000, 2.51917438E+000, 1.99205143E+001
 1.11666667E+003, 1.99554910E+001, 1.34087146E+000, 1.92943874E+000, 7.69508135E+000, 2.58712934E+000, 1.99081708E+001
 1.15000000E+003, 1.98080354E+001, 1.36291651E+000, 1.95245450E+000, 7.47543173E+000, 2.66103248E+000, 1.98923666E+001
 1.18333333E+003, 1.96573622E+001, 1.38420507E+000, 1.98015804E+000, 7.25053413E+000, 2.74094479E+000, 1.98733138E+001
 1.21666667E+003, 1.95026474E+001, 1.40456890E+000, 2.01255709E+000, 7.02258507E+000, 2.82677509E+000, 1.98512686E+001
 1.25000000E+003, 1.93430270E+001, 1.42385719E+000, 2.04952356E+000, 6.79402333E+000, 2.91822886E+000, 1.98265150E+001
 1.28333333E+003, 1.91776270E+001, 1.44192805E+000, 2.09077741E+000, 6.56749226E+000, 3.01475060E+000, 1.97993512E+001
 1.31666667E+003, 1.90056055E+001, 1.45863863E+000, 2.13587002E+000, 6.34579309E+000, 3.11546253E+000, 1.97700806E+001
 1.35000000E+003, 1.88262051E+001, 1.47383532E+000, 2.18416891E+000, 6.13183004E+000, 3.21910527E+000, 1.97390064E+001
 1.38333333E+003, 1.86388178E+001, 1.48734561E+000, 2.23484660E+000, 5.92854871E+000, 3.32398929E+000, 1.97064324E+001
 1.41666667E+003, 1.84430588E+001, 1.49897352E+000, 2.28687789E+000, 5.73886927E+000, 3.42796941E+000, 1.96726683E+001
 1.45000000E+003, 1.82388433E+001, 1.50850021E+000, 2.33905012E+000, 5.56561661E+000, 3.52845758E+000, 1.96380421E+001
 1.48333333E+003, 1.80264589E+001, 1.51569145E+000, 2.38999132E+000, 5.41144958E+000, 3.62248939E+000, 1.96029187E+001
 1.51666667E+003, 1.78066191E+001, 1.52031250E+000, 2.43822010E+000, 5.27879170E+000, 3.70685651E+000, 1.95677234E+001
 1.55000000E+003, 1.75804838E+001, 1.52214963E+000, 2.48221849E+000, 5.16976585E+000, 3.77830796E+000, 1.95329675E+001
 1.58333333E+003, 1.73496333E+001, 1.52103563E+000, 2.52052530E+000, 5.08613508E+000, 3.83380879E+000, 1.94992694E+001
 1.61666667E+003, 1.71159869E+001, 1.51687519E+000, 2.55184269E+000, 5.02925191E+000, 3.87082685E+000, 1.94673633E+001
 1.65000000E+003, 1.68816704E+001, 1.50966478E+000, 2.57514361E+000, 5.00001775E+000, 3.88760363E+000, 1.94380872E+001
 1.68333333E+003, 1.66488471E+001, 1.49950280E+000, 2.58976428E+000, 4.99885415E+000, 3.88335881E+000, 1.94123443E+001
 1.71666667E+003, 1.64195389E+001, 1.48658769E+000, 2.59546483E+000, 5.02568665E+000, 3.85838606E+000, 1.93910393E+001
 1.75000000E+003, 1.61954671E+001, 1.47120533E+000, 2.59244514E+000, 5.07994203E+000, 3.81401910E+000, 1.93749959E+001
 1.78333333E+003, 1.59779407E+001, 1.45370951E+000, 2.58131054E+000, 5.16055869E+000, 3.75247569E+000, 1.93648710E+001
 1.81666667E+003, 1.57678041E+001, 1.43450010E+000, 2.56299282E+000, 5.26600986E+000, 3.67661346E+000, 1.93610827E+001
 1.85000000E+003, 1.55654457E+001, 1.41400245E+000, 2.53864210E+000, 5.39433845E+000, 3.58964615E+000, 1.93637662E+001
 1.88333333E+003, 1.53708535E+001, 1.39264963E+000, 2.50951056E+000, 5.54320224E+000, 3.49486896E+000, 1.93727654E+001
 1.91666667E+003, 1.51836996E+001, 1.37086748E+000, 2.47684785E+000, 5.70992745E+000, 3.39543016E+000, 1.93876599E+001
 1.95000000E+003, 1.50034336E+001, 1.34906203E+000, 2.44182115E+000, 5.89156880E+000, 3.29416820E+000, 1.94078186E+001
 1.98333333E+003, 1.48293714E+001, 1.32760948E+000, 2.40546454E+000, 6.08497369E+000, 3.19351753E+000, 1.94324701E+001
 2.01666667E+003, 1.46607679E+001, 1.30684908E+000, 2.36865455E+000, 6.28684839E+000, 3.09547402E+000, 1.94607759E+001
 2.05000000E+003, 1.44968733E+001, 1.28707951E+000, 2.33210558E+000, 6.49382393E+000, 3.00160530E+000, 1.94918963E+001
 2.08333333E+003, 1.43369708E+001, 1.26855884E+000, 2.29637768E+000, 6.70251986E+000, 2.91309022E+000, 1.95250451E+001
 2.11666667E+003, 1.41804005E+001, 1.25150762E+000, 2.26189100E+000, 6.90960403E+000, 2.83077381E+000, 1.95595261E+001
 2.15000000E+003, 1.40265714E+001, 1.23611412E+000, 2.22894259E+000, 7.11184700E+000, 2.75522741E+000, 1.95947558E+001
 2.18333333E+003, 1.38749671E+001, 1.22254083E+000, 2.19772380E+000, 7.30617019E+000, 2.68680707E+000, 1.96302697E+001
 2.21666667E+003, 1.37251453E+001, 1.21093081E+000, 2.16833712E+000, 7.48968704E+000, 2.62570622E+000, 1.96657179E+001
 2.25000000E+003, 1.35767360E+001, 1.20141322E+000, 2.14081283E+000, 7.65973705E+000, 2.57200082E+000, 1.97008500E+001
 2.28333333E+003, 1.34294365E+001, 1.19410694E+000, 2.11512570E+000, 7.81391285E+000, 2.52568628E+000, 1.97354925E+001
 2.31666667E+003, 1.32830067E+001, 1.18912183E+000, 2.09121276E+000, 7.95008081E+000, 2.48670673E+000, 1.97695195E+001
 2.35000000E+003, 1.31372626E+001, 1.18655694E+000, 2.06899249E+000, 8.06639589E+000, 2.45497739E+000, 1.98028196E+001
 2.38333333E+003, 1.29920691E+001, 1.18649564E+000, 2.04838593E+000, 8.16131178E+000, 2.43040098E+000, 1.98352601E+001
 2.41666667E+003, 1.28473308E+001, 1.18899764E+000, 2.02933917E+000, 8.23358719E+000, 2.41287949E+000, 1.98666536E+001
 2.45000000E+003, 1.27029820E+001, 1.19408857E+000, 2.01184618E+000, 8.28228944E+000, 2.40232253E+000, 1.98967305E+001
 2.48333333E+003, 1.25589741E+001, 1.20174854E+000, 1.99596946E+000, 8.30679620E+000, 2.39865338E+000, 1.99251248E+001
 2.51666667E+003, 1.24152615E+001, 1.21190151E+000, 1.98185561E+000, 8.30679620E+000, 2.40181380E+000, 1.99513778E+001
 2.55000000E+003, 1.22717863E+001, 1.22440795E+000, 1.96974234E+000, 8.28228944E+000, 2.41176819E+000, 1.99749622E+001
 2.58333333E+003, 1.21284623E+001, 1.23906285E+000, 1.95995473E+000, 8.23358719E+000, 2.42850711E+000, 1.99953250E+001
 2.61666667E+003, 1.19851584E+001, 1.25560042E+000, 1.95288996E+000, 8.16131178E+000, 2.45204945E+000, 2.00119401E+001
 2.65000000E+003, 1.18416838E+001, 1.27370539E+000, 1.94899245E+000, 8.06639589E+000, 2.48244219E+000, 2.00243614E+001
 2.68333333E+003, 1.16977740E+001, 1.29302934E+000, 1.94872307E+000, 7.95008081E+000, 2.51975611E+000, 2.00322647E+001
 2.71666667E+003, 1.15530801E+001, 1.31320954E+000, 1.95252660E+000, 7.81391285E+000, 2.56407656E+000, 2.00354708E+001
 2.75000000E+003, 1.14071609E+001, 1.33388719E+000, 1.96080140E+000, 7.65973705E+000, 2.61548787E+000, 2.00339494E+001
 2.78333333E+003, 1.12594796E+001, 1.35472271E+000, 1.97387340E+000, 7.48968704E+000, 2.67405112E+000, 2.00278060E+001
 2.81666667E+003, 1.11094056E+001, 1.37540618E+000, 1.99197476E+000, 7.30617019E+000, 2.73977439E+000, 2.00172580E+001
 2.85000000E+003, 1.09562214E+001, 1.39566228E+000, 2.01522628E+000, 7.11184700E+000, 2.81257530E+000, 2.00026052E+001
 2.88333333E+003, 1.07991375E+001, 1.41524969E+000, 2.04362203E+000, 6.90960403E+000, 2.89223545E+000, 1.99842017E+001
 2.91666667E+003, 1.06373143E+001, 1.43395588E+000, 2.07701450E+000, 6.70251986E+000, 2.97834714E+000, 1.99624309E+001
 2.95000000E+003, 1.04698950E+001, 1.45158823E+000, 2.11509951E+000, 6.49382393E+000, 3.07025355E+000, 1.99376860E+001
 2.98333333E+003, 1.02960476E+001, 1.46796323E+000, 2.15740100E+000, 6.28684839E+000, 3.16698535E+000, 1.99103567E+001
 3.01666667E+003, 1.01150200E+001, 1.48289522E+000, 2.20325709E+000, 6.08497369E+000, 3.26719941E+000, 1.98808225E+001
 3.05000000E+003, 9.92620572E+000, 1.49618667E+000, 2.25181018E+000, 5.89156880E+000, 3.36912838E+000, 1.98494516E+001
 3.08333333E+003, 9.72921828E+000, 1.50762199E+000, 2.30200499E+000, 5.70992745E+000, 3.47055334E+000, 1.98166078E+001
 3.11666667E+003, 9.52396987E+000, 1.51696671E+000, 2.35259939E+000, 5.54320224E+000, 3.56881494E+000, 1.97826630E+001
 3.15000000E+003, 9.31074378E+000, 1.52397367E+000, 2.40219276E+000, 5.39433845E+000, 3.66087851E+000, 1.97480177E+001
 3.18333333E+003, 9.09024874E+000, 1.52839683E+000, 2.44927591E+000, 5.26600986E+000, 3.74346552E+000, 1.97131263E+001
 3.21666667E+003, 8.86363992E+000, 1.53001192E+000, 2.49230380E+000, 5.16055869E+000, 3.81325451E+000, 1.96785237E+001
 3.25000000E+003, 8.63249306E+000, 1.52864137E+000, 2.52978902E+000, 5.07994203E+000, 3.86714014E+000, 1.96448477E+001
 3.28333333E+003, 8.39872391E+000, 1.52417913E+000, 2.56040854E+000, 5.02568665E+000, 3.90252127E+000, 1.96128490E+001
 3.31666667E+003, 8.16445566E+000, 1.51661026E+000, 2.58311169E+000, 4.99885415E+000, 3.91757369E+000, 1.95833795E+001
 3.35000000E+003, 7.93184980E+000, 1.50602069E+000, 2.59721330E+000, 5.00001775E+000, 3.91145695E+000, 1.95573542E+001
 3.38333333E+003, 7.70292667E+000, 1.49259507E+000, 2.60245544E+000, 5.02925191E+000, 3.88441216E+000, 1.95356873E+001
 3.41666667E+003, 7.47940612E+000, 1.47660387E+000, 2.59902417E+000, 5.08613508E+000, 3.83772915E+000, 1.95192089E+001
 3.45000000E+003, 7.26259440E+000, 1.45838343E+000, 2.58751593E+000, 5.16976585E+000, 3.77359036E+000, 1.95085786E+001
 3.48333333E+003, 7.05333163E+000, 1.43831373E+000, 2.56885895E+000, 5.27879170E+000, 3.69482511E+000, 1.95042121E+001
 3.51666667E+003, 6.85199952E+000, 1.41679741E+000, 2.54420503E+000, 5.41144958E+000, 3.60462309E+000, 1.95062361E+001
 3.55000000E+003, 6.65857679E+000, 1.39424144E+000, 2.51481288E+000, 5.56561661E+000, 3.50625632E+000, 1.95144784E+001
 3.58333333E+003, 6.47272344E+000, 1.37104160E+000, 2.48194293E+000, 5.73886927E+000, 3.40284699E+000, 1.95284940E+001
 3.61666667E+003, 6.29387435E+000, 1.34756919E+000, 2.44677697E+000, 5.92854871E+000, 3.29720127E+000, 1.95476183E+001
 3.65000000E+003, 6.12132734E+000, 1.32416015E+000, 2.41036717E+000, 6.13183004E+000, 3.19171214E+000, 1.95710364E+001
 3.68333333E+003, 5.95431652E+000, 1.30110698E+000, 2.37361158E+000, 6.34579309E+000, 3.08832260E+000, 1.95978562E+001
 3.71666667E+003, 5.79206734E+000, 1.27865423E+000, 2.33724966E+000, 6.56749226E+000, 2.98853417E+000, 1.96271750E+001
 3.75000000E+003, 5.63383419E+000, 1.25699743E+000, 2.30187031E+000, 6.79402333E+000, 2.89344508E+000, 1.96581334E+001
 3.78333333E+003, 5.47892298E+000, 1.23628532E+000, 2.26792644E+000, 7.02258507E+000, 2.80380418E+000, 1.96899533E+001
 3.81666667E+003, 5.32670282E+000, 1.21662438E+000, 2.23575184E+000, 7.25053413E+000, 2.72007020E+000, 1.97219618E+001
 3.85000000E+003, 5.17661001E+000, 1.19808478E+000, 2.20557803E+000, 7.47543173E+000, 2.64246948E+000, 1.97536002E+001
 3.88333333E+003, 5.02814739E+000, 1.18070686E+000, 2.17754992E+000, 7.69508135E+000, 2.57104813E+000, 1.97844245E+001
 3.91666667E+003, 4.88088124E+000, 1.16450725E+000, 2.15173994E+000, 7.90755671E+000, 2.50571675E+000, 1.98140973E+001
 3.95000000E+003, 4.73443710E+000, 1.14948436E+000, 2.12816068E+000, 8.11122016E+000, 2.44628743E+000, 1.98423759E+001
 3.98333333E+003, 4.58849541E+000, 1.13562290E+000, 2.10677625E+000, 8.30473157E+000, 2.39250334E+000, 1.98690980E+001
 4.01666667E+003, 4.44278728E+000, 1.12289724E+000, 2.08751241E+000, 8.48704827E+000, 2.34406192E+000, 1.98941667E+001
 4.05000000E+003, 4.29709062E+000, 1.11127397E+000, 2.07026586E+000, 8.65741713E+000, 2.30063257E+000, 1.99175359E+001
 4.08333333E+003, 4.15122638E+000, 1.10071361E+000, 2.05491243E+000, 8.81535960E+000, 2.26187009E+000, 1.99391982E+001
 4.11666667E+003, 4.00505502E+000, 1.09117170E+000, 2.04131445E+000, 8.96065107E+000, 2.22742456E+000, 1.99591742E+001
 4.15000000E+003, 3.85847278E+000, 1.08259957E+000, 2.02932710E+000, 9.09329588E+000, 2.19694864E+000, 1.99775040E+001
 4.18333333E+003, 3.71140790E+000, 1.07494493E+000, 2.01880377E+000, 9.21349918E+000, 2.17010289E+000, 1.99942411E+001
 4.21666667E+003, 3.56381669E+000, 1.06815237E+000, 2.00960043E+000, 9.32163702E+000, 2.14655947E+000, 2.00094482E+001
 4.25000000E+003, 3.41567939E+000, 1.06216392E+000, 2.00157891E+000, 9.41822580E+000, 2.12600490E+000, 2.00231942E+001
 4.28333333E+003, 3.26699607E+000, 1.05691973E+000, 1.99460925E+000, 9.50389210E+000, 2.10814186E+000, 2.00355528E+001
 4.31666667E+003, 3.11778255E+000, 1.05235881E+000, 1.98857122E+000, 9.57934392E+000, 2.09269044E+000, 2.00466014E+001
 4.35000000E+003, 2.96806656E+000, 1.04841992E+000, 1.98335500E+000, 9.64534379E+000, 2.07938889E+000, 2.00564207E+001
 4.38333333E+003, 2.81788423E+000, 1.04504240E+000, 1.97886134E+000, 9.70268467E+000, 2.06799400E+000, 2.00650936E+001
 4.41666667E+003, 2.66727693E+000, 1.04216711E+000, 1.97500116E+000, 9.75216856E+000, 2.05828124E+000, 2.00727056E+001
 4.45000000E+003, 2.51628868E+000, 1.03973722E+000, 1.97169493E+000, 9.79458846E+000, 2.05004461E+000, 2.00793433E+001
 4.48333333E+003, 2.36496394E+000, 1.03769905E+000, 1.96887174E+000, 9.83071338E+000, 2.04309633E+000, 2.00850944E+001
 4.51666667E+003, 2.21334603E+000, 1.03600269E+000, 1.96646825E+000, 9.86127659E+000, 2.03726640E+000, 2.00900474E+001
 4.55000000E+003, 2.06147582E+000, 1.03460274E+000, 1.96442748E+000, 9.88696674E+000, 2.03240204E+000, 2.00942914E+001
 4.58333333E+003, 1.90939104E+000, 1.03345899E+000, 1.96269730E+000, 9.90842180E+000, 2.02836716E+000, 2.00979174E+001
 4.61666667E+003, 1.75712571E+000, 1.03253742E+000, 1.96122852E+000, 9.92622533E+000, 2.02504183E+000, 2.01010215E+001
 4.65000000E+003, 1.60471001E+000, 1.03181174E+000, 1.95997201E+000, 9.94090486E+000, 2.02232213E+000, 2.01037119E+001
 4.68333333E+003, 1.45217027E+000, 1.03126613E+000, 1.95887404E+000, 9.95293201E+000, 2.02012045E+000, 2.01061215E+001
 4.71666667E+003, 1.29952911E+000, 1.03090026E+000, 1.95786829E+000, 9.96272403E+000, 2.01836693E+000, 2.01084327E+001
 4.75000000E+003, 1.14680578E+000, 1.03073854E+000, 1.95686187E+000, 9.97064639E+000, 2.01701294E+000, 2.01109228E+001
 4.78333333E+003, 9.94016385E-001, 1.03084709E+000, 1.95571013E+000, 9.97701612E+000, 2.01603810E+000, 2.01140446E+001
 4.81666667E+003, 8.41174313E-001, 1.03136460E+000, 1.95417189E+000, 9.98210570E+000, 2.01546371E+000, 2.01185718E+001
 4.85000000E+003, 6.88290552E-001, 1.03255729E+000, 1.95183031E+000, 9.98614727E+000, 2.01537662E+000, 2.01258477E+001
 4.88333333E+003, 5.35374040E-001, 1.03491459E+000, 1.94795690E+000, 9.98933686E+000, 2.01596902E+000, 2.01381937E+001
 4.91666667E+003, 3.82431984E-001, 1.03930746E+000, 1.94129007E+000, 9.99183860E+000, 2.01759726E+000, 2.01595062E+001
 4.95000000E+003, 2.29470143E-001, 1.04722800E+000, 1.92971760E+000, 9.99378883E+000, 2.02085430E+000, 2.01959912E+001
 4.98333333E+003, 7.64930828E-002, 1.06124649E+000, 1.91047162E+000, 9.99529986E+000, 2.02748130E+000, 2.02652836E+001
