   10000.194525092114      ,         150
X,ZB,H,U,L,Q,QL
 1.66666667E+001, 2.48437310E+001, 1.07322764E+000, 1.75690192E+000, 9.99529986E+000, 1.88555569E+000, 1.88466945E+001
 5.00000000E+001, 2.46908096E+001, 1.00028464E+000, 2.09360190E+000, 9.99378883E+000, 2.09419782E+000, 2.09289708E+001
 8.33333333E+001, 2.45379197E+001, 1.02291402E+000, 2.02319238E+000, 9.99183860E+000, 2.06955184E+000, 2.06786280E+001
 1.16666667E+002, 2.43850698E+001, 1.02373007E+000, 2.02160178E+000, 9.98933686E+000, 2.06957453E+000, 2.06736771E+001
 1.50000000E+002, 2.42322708E+001, 1.02434536E+000, 2.02118504E+000, 9.98614727E+000, 2.07039152E+000, 2.06752347E+001
 1.83333333E+002, 2.40795359E+001, 1.02512757E+000, 2.02051170E+000, 9.98210570E+000, 2.07128225E+000, 2.06757584E+001
 2.16666667E+002, 2.39268814E+001, 1.02607295E+000, 2.01972551E+000, 9.97701612E+000, 2.07238571E+000, 2.06762256E+001
 2.50000000E+002, 2.37743267E+001, 1.02724559E+000, 2.01874411E+000, 9.97064639E+000, 2.07374597E+000, 2.06765878E+001
 2.83333333E+002, 2.36218952E+001, 1.02868103E+000, 2.01757131E+000, 9.96272403E+000, 2.07543733E+000, 2.06770094E+001
 3.16666667E+002, 2.34696147E+001, 1.03043572E+000, 2.01616207E+000, 9.95293201E+000, 2.07752541E+000, 2.06774692E+001
 3.50000000E+002, 2.33175180E+001, 1.03256657E+000, 2.01448759E+000, 9.94090486E+000, 2.08009254E+000, 2.06780020E+001
 3.83333333E+002, 2.31656428E+001, 1.03514188E+000, 2.01250638E+000, 9.92622533E+000, 2.08322963E+000, 2.06786067E+001
 4.16666667E+002, 2.30140329E+001, 1.03823734E+000, 2.01017844E+000, 9.90842180E+000, 2.08704232E+000, 2.06792956E+001
 4.50000000E+002, 2.28627375E+001, 1.04193868E+000, 2.00745969E+000, 9.88696674E+000, 2.09164989E+000, 2.06800729E+001
 4.83333333E+002, 2.27118119E+001, 1.04634087E+000, 2.00430615E+000, 9.86127659E+000, 2.09718743E+000, 2.06809453E+001
 5.16666667E+002, 2.25613165E+001, 1.05154846E+000, 2.00067455E+000, 9.83071338E+000, 2.10380625E+000, 2.06819162E+001
 5.50000000E+002, 2.24113166E+001, 1.05767457E+000, 1.99652614E+000, 9.79458846E+000, 2.11167493E+000, 2.06829869E+001
 5.83333333E+002, 2.22618806E+001, 1.06483928E+000, 1.99183102E+000, 9.75216856E+000, 2.12097991E+000, 2.06841536E+001
 6.16666667E+002, 2.21130785E+001, 1.07316656E+000, 1.98657517E+000, 9.70268467E+000, 2.13192604E+000, 2.06854061E+001
 6.50000000E+002, 2.19649789E+001, 1.08277958E+000, 1.98076965E+000, 9.64534379E+000, 2.14473692E+000, 2.06867249E+001
 6.83333333E+002, 2.18176459E+001, 1.09379392E+000, 1.97446262E+000, 9.57934392E+000, 2.15965520E+000, 2.06880799E+001
 7.16666667E+002, 2.16711344E+001, 1.10630871E+000, 1.96775349E+000, 9.50389210E+000, 2.17694284E+000, 2.06894298E+001
 7.50000000E+002, 2.15254847E+001, 1.12037952E+000, 1.96082759E+000, 9.41822580E+000, 2.19687107E+000, 2.06906278E+001
 7.83333333E+002, 2.13807167E+001, 1.13599701E+000, 1.95397077E+000, 9.32163702E+000, 2.21970495E+000, 2.06912838E+001
 8.16666667E+002, 2.12368223E+001, 1.15315053E+000, 1.94748841E+000, 9.21349918E+000, 2.24574730E+000, 2.06911909E+001
 8.50000000E+002, 2.10937577E+001, 1.17175904E+000, 1.94183709E+000, 9.09329588E+000, 2.27536517E+000, 2.06905687E+001
 8.83333333E+002, 2.09514353E+001, 1.19168810E+000, 1.93753446E+000, 8.96065107E+000, 2.30893676E+000, 2.06895766E+001
 9.16666667E+002, 2.08097142E+001, 1.21280440E+000, 1.93509734E+000, 8.81535960E+000, 2.34689458E+000, 2.06887197E+001
 9.50000000E+002, 2.06683926E+001, 1.23525860E+000, 1.93473370E+000, 8.65741713E+000, 2.38989644E+000, 2.06903304E+001
 9.83333333E+002, 2.05271991E+001, 1.25807475E+000, 1.93793798E+000, 8.48704827E+000, 2.43807084E+000, 2.06920249E+001
 1.01666667E+003, 2.03857855E+001, 1.28128110E+000, 1.94447526E+000, 8.30473157E+000, 2.49141940E+000, 2.06905693E+001
 1.05000000E+003, 2.02437215E+001, 1.30442758E+000, 1.95548618E+000, 8.11122016E+000, 2.55079010E+000, 2.06900201E+001
 1.08333333E+003, 2.01004909E+001, 1.32738715E+000, 1.97115397E+000, 7.90755671E+000, 2.61648445E+000, 2.06899991E+001
 1.11666667E+003, 1.99554910E+001, 1.34987467E+000, 1.99177951E+000, 7.69508135E+000, 2.68865271E+000, 2.06894013E+001
 1.15000000E+003, 1.98080354E+001, 1.37166924E+000, 2.01759555E+000, 7.47543173E+000, 2.76747376E+000, 2.06880611E+001
 1.18333333E+003, 1.96573622E+001, 1.39258916E+000, 2.04872457E+000, 7.25053413E+000, 2.85303162E+000, 2.06860032E+001
 1.21666667E+003, 1.95026474E+001, 1.41248515E+000, 2.08515881E+000, 7.02258507E+000, 2.94525585E+000, 2.06833098E+001
 1.25000000E+003, 1.93430270E+001, 1.43123420E+000, 2.12674155E+000, 6.79402333E+000, 3.04386524E+000, 2.06800914E+001
 1.28333333E+003, 1.91776270E+001, 1.44873162E+000, 2.17314622E+000, 6.56749226E+000, 3.14830564E+000, 2.06764729E+001
 1.31666667E+003, 1.90056055E+001, 1.46488190E+000, 2.22385249E+000, 6.34579309E+000, 3.25768126E+000, 2.06725713E+001
 1.35000000E+003, 1.88262051E+001, 1.47959059E+000, 2.27811529E+000, 6.13183004E+000, 3.37067795E+000, 2.06684243E+001
 1.38333333E+003, 1.86388178E+001, 1.49276535E+000, 2.33490396E+000, 5.92854871E+000, 3.48546374E+000, 2.06637415E+001
 1.41666667E+003, 1.84430588E+001, 1.50435627E+000, 2.39299821E+000, 5.73886927E+000, 3.59992185E+000, 2.06594809E+001
 1.45000000E+003, 1.82388433E+001, 1.51430103E+000, 2.45075884E+000, 5.56561661E+000, 3.71118662E+000, 2.06550419E+001
 1.48333333E+003, 1.80264589E+001, 1.52268019E+000, 2.50748842E+000, 5.41144958E+000, 3.81810294E+000, 2.06614715E+001
 1.51666667E+003, 1.78066191E+001, 1.52867292E+000, 2.56005256E+000, 5.27879170E+000, 3.91348302E+000, 2.06584617E+001
 1.55000000E+003, 1.75804838E+001, 1.53278296E+000, 2.60800568E+000, 5.16976585E+000, 3.99750666E+000, 2.06661734E+001
 1.58333333E+003, 1.73496333E+001, 1.53426865E+000, 2.64776282E+000, 5.08613508E+000, 4.06237948E+000, 2.06618108E+001
 1.61666667E+003, 1.71159869E+001, 1.53323560E+000, 2.67827017E+000, 5.02925191E+000, 4.10641915E+000, 2.06522164E+001
 1.65000000E+003, 1.68816704E+001, 1.52973029E+000, 2.69889475E+000, 5.00001775E+000, 4.12858105E+000, 2.06429786E+001
 1.68333333E+003, 1.66488471E+001, 1.52305479E+000, 2.71071527E+000, 4.99885415E+000, 4.12856786E+000, 2.06381086E+001
 1.71666667E+003, 1.64195389E+001, 1.51235720E+000, 2.71418768E+000, 5.02568665E+000, 4.10482128E+000, 2.06295455E+001
 1.75000000E+003, 1.61954671E+001, 1.49918050E+000, 2.70765261E+000, 5.07994203E+000, 4.05926000E+000, 2.06208055E+001
 1.78333333E+003, 1.59779407E+001, 1.48388198E+000, 2.69280046E+000, 5.16055869E+000, 3.99579808E+000, 2.06205505E+001
 1.81666667E+003, 1.57678041E+001, 1.46624291E+000, 2.67123710E+000, 5.26600986E+000, 3.91668245E+000, 2.06252884E+001
 1.85000000E+003, 1.55654457E+001, 1.44669752E+000, 2.64381285E+000, 5.39433845E+000, 3.82479750E+000, 2.06322522E+001
 1.88333333E+003, 1.53708535E+001, 1.42561090E+000, 2.61192488E+000, 5.54320224E+000, 3.72358859E+000, 2.06406046E+001
 1.91666667E+003, 1.51836996E+001, 1.40347099E+000, 2.57676645E+000, 5.70992745E+000, 3.61641695E+000, 2.06494784E+001
 1.95000000E+003, 1.50034336E+001, 1.38073659E+000, 2.53953209E+000, 5.89156880E+000, 3.50642488E+000, 2.06583434E+001
 1.98333333E+003, 1.48293714E+001, 1.35793706E+000, 2.50088416E+000, 6.08497369E+000, 3.39604328E+000, 2.06648340E+001
 2.01666667E+003, 1.46607679E+001, 1.33539379E+000, 2.46150886E+000, 6.28684839E+000, 3.28708365E+000, 2.06653965E+001
 2.05000000E+003, 1.44968733E+001, 1.31381503E+000, 2.42302921E+000, 6.49382393E+000, 3.18341219E+000, 2.06725183E+001
 2.08333333E+003, 1.43369708E+001, 1.29305256E+000, 2.38467551E+000, 6.70251986E+000, 3.08351077E+000, 2.06672922E+001
 2.11666667E+003, 1.41804005E+001, 1.27412987E+000, 2.34856101E+000, 6.90960403E+000, 2.99237172E+000, 2.06761037E+001
 2.15000000E+003, 1.40265714E+001, 1.25646955E+000, 2.31306108E+000, 7.11184700E+000, 2.90629080E+000, 2.06690955E+001
 2.18333333E+003, 1.38749671E+001, 1.24117328E+000, 2.28045204E+000, 7.30617019E+000, 2.83043614E+000, 2.06796482E+001
 2.21666667E+003, 1.37251453E+001, 1.22743647E+000, 2.24844894E+000, 7.48968704E+000, 2.75982823E+000, 2.06702497E+001
 2.25000000E+003, 1.35767360E+001, 1.21650706E+000, 2.21962871E+000, 7.65973705E+000, 2.70019400E+000, 2.06827760E+001
 2.28333333E+003, 1.34294365E+001, 1.20735150E+000, 2.19105488E+000, 7.81391285E+000, 2.64537339E+000, 2.06707171E+001
 2.31666667E+003, 1.32830067E+001, 1.20138647E+000, 2.16583911E+000, 7.95008081E+000, 2.60200981E+000, 2.06861883E+001
 2.35000000E+003, 1.31372626E+001, 1.19723427E+000, 2.14025553E+000, 8.06639589E+000, 2.56238727E+000, 2.06692302E+001
 2.38333333E+003, 1.29920691E+001, 1.19655279E+000, 2.11949841E+000, 8.16131178E+000, 2.53609175E+000, 2.06978355E+001
 2.41666667E+003, 1.28473308E+001, 1.19828828E+000, 2.09940307E+000, 8.23358719E+000, 2.51569010E+000, 2.07131538E+001
 2.45000000E+003, 1.27029820E+001, 1.20252097E+000, 2.08009103E+000, 8.28228944E+000, 2.50135307E+000, 2.07169302E+001
 2.48333333E+003, 1.25589741E+001, 1.20939346E+000, 2.06222311E+000, 8.30679620E+000, 2.49403914E+000, 2.07174748E+001
 2.51666667E+003, 1.24152615E+001, 1.21885107E+000, 2.04614931E+000, 8.30679620E+000, 2.49395128E+000, 2.07167451E+001
 2.55000000E+003, 1.22717863E+001, 1.23073990E+000, 2.03223218E+000, 8.28228944E+000, 2.50114924E+000, 2.07152419E+001
 2.58333333E+003, 1.21284623E+001, 1.24484734E+000, 2.02089602E+000, 8.23358719E+000, 2.51570703E+000, 2.07132932E+001
 2.61666667E+003, 1.19851584E+001, 1.26086069E+000, 2.01251883E+000, 8.16131178E+000, 2.53750589E+000, 2.07093767E+001
 2.65000000E+003, 1.18416838E+001, 1.27851008E+000, 2.00773650E+000, 8.06639589E+000, 2.56691135E+000, 2.07057232E+001
 2.68333333E+003, 1.16977740E+001, 1.29792939E+000, 2.00653490E+000, 7.95008081E+000, 2.60434061E+000, 2.07047183E+001
 2.71666667E+003, 1.15530801E+001, 1.31784548E+000, 2.01080603E+000, 7.81391285E+000, 2.64993163E+000, 2.07063348E+001
 2.75000000E+003, 1.14071609E+001, 1.33818601E+000, 2.01984167E+000, 7.65973705E+000, 2.70292386E+000, 2.07036860E+001
 2.78333333E+003, 1.12594796E+001, 1.35852562E+000, 2.03462027E+000, 7.48968704E+000, 2.76408375E+000, 2.07021223E+001
 2.81666667E+003, 1.11094056E+001, 1.37866284E+000, 2.05513844E+000, 7.30617019E+000, 2.83334300E+000, 2.07008861E+001
 2.85000000E+003, 1.09562214E+001, 1.39829048E+000, 2.08146890E+000, 7.11184700E+000, 2.91049816E+000, 2.06990176E+001
 2.88333333E+003, 1.07991375E+001, 1.41717677E+000, 2.11357884E+000, 6.90960403E+000, 2.99531484E+000, 2.06964395E+001
 2.91666667E+003, 1.06373143E+001, 1.43513417E+000, 2.15128542E+000, 6.70251986E+000, 3.08738322E+000, 2.06932473E+001
 2.95000000E+003, 1.04698950E+001, 1.45200643E+000, 2.19423225E+000, 6.49382393E+000, 3.18603934E+000, 2.06895785E+001
 2.98333333E+003, 1.02960476E+001, 1.46765745E+000, 2.24186687E+000, 6.28684839E+000, 3.29029261E+000, 2.06855708E+001
 3.01666667E+003, 1.01150200E+001, 1.48196114E+000, 2.29341248E+000, 6.08497369E+000, 3.39874818E+000, 2.06812932E+001
 3.05000000E+003, 9.92620572E+000, 1.49479947E+000, 2.34781356E+000, 5.89156880E+000, 3.50951046E+000, 2.06765223E+001
 3.08333333E+003, 9.72921828E+000, 1.50609556E+000, 2.40392154E+000, 5.70992745E+000, 3.62053556E+000, 2.06729954E+001
 3.11666667E+003, 9.52396987E+000, 1.51567669E+000, 2.45961204E+000, 5.54320224E+000, 3.72797664E+000, 2.06649285E+001
 3.15000000E+003, 9.31074378E+000, 1.52393853E+000, 2.51499388E+000, 5.39433845E+000, 3.83269607E+000, 2.06748598E+001
 3.18333333E+003, 9.09024874E+000, 1.52958760E+000, 2.56590930E+000, 5.26600986E+000, 3.92478303E+000, 2.06679461E+001
 3.21666667E+003, 8.86363992E+000, 1.53361198E+000, 2.61291866E+000, 5.16055869E+000, 4.00720336E+000, 2.06794081E+001
 3.25000000E+003, 8.63249306E+000, 1.53475873E+000, 2.65127827E+000, 5.07994203E+000, 4.06907248E+000, 2.06706523E+001
 3.28333333E+003, 8.39872391E+000, 1.53356321E+000, 2.68096792E+000, 5.02568665E+000, 4.11143377E+000, 2.06627778E+001
 3.31666667E+003, 8.16445566E+000, 1.52978237E+000, 2.70068453E+000, 4.99885415E+000, 4.13145959E+000, 2.06525639E+001
 3.35000000E+003, 7.93184980E+000, 1.52275513E+000, 2.71195487E+000, 5.00001775E+000, 4.12964320E+000, 2.06482893E+001
 3.38333333E+003, 7.70292667E+000, 1.51157073E+000, 2.71488027E+000, 5.02925191E+000, 4.10373356E+000, 2.06387098E+001
 3.41666667E+003, 7.47940612E+000, 1.49802968E+000, 2.70766033E+000, 5.08613508E+000, 4.05615554E+000, 2.06301550E+001
 3.45000000E+003, 7.26259440E+000, 1.48212448E+000, 2.69244150E+000, 5.16976585E+000, 3.99053346E+000, 2.06301236E+001
 3.48333333E+003, 7.05333163E+000, 1.46378574E+000, 2.67045537E+000, 5.27879170E+000, 3.90897449E+000, 2.06346621E+001
 3.51666667E+003, 6.85199952E+000, 1.44336211E+000, 2.64272240E+000, 5.41144958E+000, 3.81440538E+000, 2.06414624E+001
 3.55000000E+003, 6.65857679E+000, 1.42122209E+000, 2.61057470E+000, 5.56561661E+000, 3.71020645E+000, 2.06495866E+001
 3.58333333E+003, 6.47272344E+000, 1.39781980E+000, 2.57522943E+000, 5.73886927E+000, 3.59970669E+000, 2.06582461E+001
 3.61666667E+003, 6.29387435E+000, 1.37360149E+000, 2.53785180E+000, 5.92854871E+000, 3.48599703E+000, 2.06669032E+001
 3.65000000E+003, 6.12132734E+000, 1.34898991E+000, 2.49947620E+000, 6.13183004E+000, 3.37176816E+000, 2.06751093E+001
 3.68333333E+003, 5.95431652E+000, 1.32436181E+000, 2.46066224E+000, 6.34579309E+000, 3.25880710E+000, 2.06797156E+001
 3.71666667E+003, 5.79206734E+000, 1.30002804E+000, 2.42222656E+000, 6.56749226E+000, 3.14896245E+000, 2.06807865E+001
 3.75000000E+003, 5.63383419E+000, 1.27641962E+000, 2.38499237E+000, 6.79402333E+000, 3.04425106E+000, 2.06827127E+001
 3.78333333E+003, 5.47892298E+000, 1.25370332E+000, 2.34931443E+000, 7.02258507E+000, 2.94534330E+000, 2.06839239E+001
 3.81666667E+003, 5.32670282E+000, 1.23207669E+000, 2.31563389E+000, 7.25053413E+000, 2.85303854E+000, 2.06860533E+001
 3.85000000E+003, 5.17661001E+000, 1.21159216E+000, 2.28406077E+000, 7.47543173E+000, 2.76735013E+000, 2.06871370E+001
 3.88333333E+003, 5.02814739E+000, 1.19236936E+000, 2.25486956E+000, 7.69508135E+000, 2.68863739E+000, 2.06892834E+001
 3.91666667E+003, 4.88088124E+000, 1.17437948E+000, 2.22797633E+000, 7.90755671E+000, 2.61648969E+000, 2.06900406E+001
 3.95000000E+003, 4.73443710E+000, 1.15769969E+000, 2.20354673E+000, 8.11122016E+000, 2.55104537E+000, 2.06920906E+001
 3.98333333E+003, 4.58849541E+000, 1.14224858E+000, 2.18134387E+000, 8.30473157E+000, 2.49163693E+000, 2.06923759E+001
 4.01666667E+003, 4.44278728E+000, 1.12809113E+000, 2.16146801E+000, 8.48704827E+000, 2.43833288E+000, 2.06942489E+001
 4.05000000E+003, 4.29709062E+000, 1.11511909E+000, 2.14354648E+000, 8.65741713E+000, 2.39030961E+000, 2.06939074E+001
 4.08333333E+003, 4.15122638E+000, 1.10328529E+000, 2.12772231E+000, 8.81535960E+000, 2.34748472E+000, 2.06939219E+001
 4.11666667E+003, 4.00505502E+000, 1.09258225E+000, 2.11373312E+000, 8.96065107E+000, 2.30942728E+000, 2.06939721E+001
 4.15000000E+003, 3.85847278E+000, 1.08296124E+000, 2.10141750E+000, 9.09329588E+000, 2.27575371E+000, 2.06941018E+001
 4.18333333E+003, 3.71140790E+000, 1.07436351E+000, 2.09061244E+000, 9.21349918E+000, 2.24607771E+000, 2.06942351E+001
 4.21666667E+003, 3.56381669E+000, 1.06672993E+000, 2.08116843E+000, 9.32163702E+000, 2.22004464E+000, 2.06944503E+001
 4.25000000E+003, 3.41567939E+000, 1.05999439E+000, 2.07293396E+000, 9.41822580E+000, 2.19729837E+000, 2.06946522E+001
 4.28333333E+003, 3.26699607E+000, 1.05409262E+000, 2.06577844E+000, 9.50389210E+000, 2.17752181E+000, 2.06949324E+001
 4.31666667E+003, 3.11778255E+000, 1.04895438E+000, 2.05957089E+000, 9.57934392E+000, 2.16039590E+000, 2.06951754E+001
 4.35000000E+003, 2.96806656E+000, 1.04451390E+000, 2.05420503E+000, 9.64534379E+000, 2.14564571E+000, 2.06954905E+001
 4.38333333E+003, 2.81788423E+000, 1.04070066E+000, 2.04957230E+000, 9.70268467E+000, 2.13299125E+000, 2.06957415E+001
 4.41666667E+003, 2.66727693E+000, 1.03745152E+000, 2.04559041E+000, 9.75216856E+000, 2.12220087E+000, 2.06960606E+001
 4.45000000E+003, 2.51628868E+000, 1.03469949E+000, 2.04217080E+000, 9.79458846E+000, 2.11303308E+000, 2.06962895E+001
 4.48333333E+003, 2.36496394E+000, 1.03238772E+000, 2.03925189E+000, 9.83071338E+000, 2.10529862E+000, 2.06965873E+001
 4.51666667E+003, 2.21334603E+000, 1.03045596E+000, 2.03676057E+000, 9.86127659E+000, 2.09879208E+000, 2.06967692E+001
 4.55000000E+003, 2.06147582E+000, 1.02885673E+000, 2.03465088E+000, 9.88696674E+000, 2.09336424E+000, 2.06970226E+001
 4.58333333E+003, 1.90939104E+000, 1.02753958E+000, 2.03285786E+000, 9.90842180E+000, 2.08884192E+000, 2.06971268E+001
 4.61666667E+003, 1.75712571E+000, 1.02647078E+000, 2.03134121E+000, 9.92622533E+000, 2.08511241E+000, 2.06972956E+001
 4.65000000E+003, 1.60471001E+000, 1.02561629E+000, 2.03002866E+000, 9.94090486E+000, 2.08203046E+000, 2.06972667E+001
 4.68333333E+003, 1.45217027E+000, 1.02496631E+000, 2.02886551E+000, 9.95293201E+000, 2.07951879E+000, 2.06973091E+001
 4.71666667E+003, 1.29952911E+000, 1.02451502E+000, 2.02775434E+000, 9.96272403E+000, 2.07746477E+000, 2.06972082E+001
 4.75000000E+003, 1.14680578E+000, 1.02427961E+000, 2.02659080E+000, 9.97064639E+000, 2.07579564E+000, 2.06970243E+001
 4.78333333E+003, 9.94016385E-001, 1.02432672E+000, 2.02550979E+000, 9.97701612E+000, 2.07478380E+000, 2.07001514E+001
 4.81666667E+003, 8.41174313E-001, 1.02490498E+000, 2.02351048E+000, 9.98210570E+000, 2.07390597E+000, 2.07019486E+001
 4.85000000E+003, 6.88290552E-001, 1.02634101E+000, 2.02017257E+000, 9.98614727E+000, 2.07338595E+000, 2.07051375E+001
 4.88333333E+003, 5.35374040E-001, 1.02950316E+000, 2.01389212E+000, 9.98933686E+000, 2.07330831E+000, 2.07109751E+001
 4.91666667E+003, 3.82431984E-001, 1.03593367E+000, 2.00197201E+000, 9.99183860E+000, 2.07391022E+000, 2.07221762E+001
 4.95000000E+003, 2.29470143E-001, 1.04828655E+000, 1.97913999E+000, 9.99378883E+000, 2.07470584E+000, 2.07341721E+001
 4.98333333E+003, 7.64930828E-002, 1.08433228E+000, 1.79992779E+000, 9.99529986E+000, 1.95171980E+000, 1.95080246E+001
