   10001.103009594230      ,         150
X,ZB,H,U,L,Q,QL
 1.66666667E+001, 2.48437310E+001, 1.06839499E+000, 1.77346139E+000, 9.99529986E+000, 1.89475727E+000, 1.89386671E+001
 5.00000000E+001, 2.46908096E+001, 9.99717084E-001, 2.07869588E+000, 9.99378883E+000, 2.07810778E+000, 2.07681703E+001
 8.33333333E+001, 2.45379197E+001, 1.01739388E+000, 2.02406674E+000, 9.99183860E+000, 2.05927311E+000, 2.05759246E+001
 1.16666667E+002, 2.43850698E+001, 1.01977303E+000, 2.01773987E+000, 9.98933686E+000, 2.05763669E+000, 2.05544260E+001
 1.50000000E+002, 2.42322708E+001, 1.02049270E+000, 2.01689121E+000, 9.98614727E+000, 2.05822276E+000, 2.05537156E+001
 1.83333333E+002, 2.40795359E+001, 1.02125909E+000, 2.01630896E+000, 9.98210570E+000, 2.05917386E+000, 2.05548911E+001
 2.16666667E+002, 2.39268814E+001, 1.02220324E+000, 2.01553276E+000, 9.97701612E+000, 2.06028411E+000, 2.05554878E+001
 2.50000000E+002, 2.37743267E+001, 1.02336996E+000, 2.01456170E+000, 9.97064639E+000, 2.06164192E+000, 2.05559026E+001
 2.83333333E+002, 2.36218952E+001, 1.02479879E+000, 2.01339479E+000, 9.96272403E+000, 2.06332455E+000, 2.05563330E+001
 3.16666667E+002, 2.34696147E+001, 1.02654271E+000, 2.01199862E+000, 9.95293201E+000, 2.06540253E+000, 2.05568109E+001
 3.50000000E+002, 2.33175180E+001, 1.02866130E+000, 2.01033668E+000, 9.94090486E+000, 2.06795555E+000, 2.05573494E+001
 3.83333333E+002, 2.31656428E+001, 1.03122126E+000, 2.00837155E+000, 9.92622533E+000, 2.07107544E+000, 2.05579615E+001
 4.16666667E+002, 2.30140329E+001, 1.03429818E+000, 2.00606254E+000, 9.90842180E+000, 2.07486682E+000, 2.05586557E+001
 4.50000000E+002, 2.28627375E+001, 1.03797694E+000, 2.00336674E+000, 9.88696674E+000, 2.07944848E+000, 2.05594379E+001
 4.83333333E+002, 2.27118119E+001, 1.04235190E+000, 2.00024055E+000, 9.86127659E+000, 2.08495453E+000, 2.05603133E+001
 5.16666667E+002, 2.25613165E+001, 1.04752672E+000, 1.99664156E+000, 9.83071338E+000, 2.09153538E+000, 2.05612849E+001
 5.50000000E+002, 2.24113166E+001, 1.05361365E+000, 1.99253162E+000, 9.79458846E+000, 2.09935850E+000, 2.05623526E+001
 5.83333333E+002, 2.22618806E+001, 1.06073189E+000, 1.98788133E+000, 9.75216856E+000, 2.10860912E+000, 2.05635115E+001
 6.16666667E+002, 2.21130785E+001, 1.06900476E+000, 1.98267659E+000, 9.70268467E+000, 2.11949072E+000, 2.05647501E+001
 6.50000000E+002, 2.19649789E+001, 1.07855519E+000, 1.97692751E+000, 9.64534379E+000, 2.13222543E+000, 2.05660474E+001
 6.83333333E+002, 2.18176459E+001, 1.08949937E+000, 1.97067974E+000, 9.57934392E+000, 2.14705435E+000, 2.05673720E+001
 7.16666667E+002, 2.16711344E+001, 1.10193829E+000, 1.96402798E+000, 9.50389210E+000, 2.16423764E+000, 2.05686810E+001
 7.50000000E+002, 2.15254847E+001, 1.11592193E+000, 1.95716354E+000, 9.41822580E+000, 2.18404171E+000, 2.05697980E+001
 7.83333333E+002, 2.13807167E+001, 1.13143358E+000, 1.95039068E+000, 9.32163702E+000, 2.20673752E+000, 2.05704062E+001
 8.16666667E+002, 2.12368223E+001, 1.14845783E+000, 1.94403401E+000, 9.21349918E+000, 2.23264108E+000, 2.05704367E+001
 8.50000000E+002, 2.10937577E+001, 1.16691280E+000, 1.93853301E+000, 9.09329588E+000, 2.26209898E+000, 2.05699353E+001
 8.83333333E+002, 2.09514353E+001, 1.18666814E+000, 1.93440016E+000, 8.96065107E+000, 2.29549104E+000, 2.05690942E+001
 9.16666667E+002, 2.08097142E+001, 1.20761372E+000, 1.93211597E+000, 8.81535960E+000, 2.33324975E+000, 2.05684356E+001
 9.50000000E+002, 2.06683926E+001, 1.22993091E+000, 1.93178930E+000, 8.65741713E+000, 2.37596736E+000, 2.05697405E+001
 9.83333333E+002, 2.05271991E+001, 1.25272834E+000, 1.93472345E+000, 8.48704827E+000, 2.42368290E+000, 2.05699137E+001
 1.01666667E+003, 2.03857855E+001, 1.27577541E+000, 1.94133224E+000, 8.30473157E+000, 2.47670392E+000, 2.05683613E+001
 1.05000000E+003, 2.02437215E+001, 1.29882849E+000, 1.95233791E+000, 8.11122016E+000, 2.53575210E+000, 2.05680436E+001
 1.08333333E+003, 2.01004909E+001, 1.32167592E+000, 1.96799123E+000, 7.90755671E+000, 2.60104662E+000, 2.05679236E+001
 1.11666667E+003, 1.99554910E+001, 1.34406331E+000, 1.98858634E+000, 7.69508135E+000, 2.67278594E+000, 2.05673053E+001
 1.15000000E+003, 1.98080354E+001, 1.36576652E+000, 2.01435800E+000, 7.47543173E+000, 2.75114271E+000, 2.05659795E+001
 1.18333333E+003, 1.96573622E+001, 1.38660285E+000, 2.04543074E+000, 7.25053413E+000, 2.83620010E+000, 2.05639656E+001
 1.21666667E+003, 1.95026474E+001, 1.40642272E+000, 2.08179841E+000, 7.02258507E+000, 2.92788859E+000, 2.05613467E+001
 1.25000000E+003, 1.93430270E+001, 1.42510219E+000, 2.12330698E+000, 6.79402333E+000, 3.02592942E+000, 2.05582351E+001
 1.28333333E+003, 1.91776270E+001, 1.44253433E+000, 2.16963529E+000, 6.56749226E+000, 3.12977338E+000, 2.05547625E+001
 1.31666667E+003, 1.90056055E+001, 1.45861885E+000, 2.22027358E+000, 6.34579309E+000, 3.23853288E+000, 2.05510596E+001
 1.35000000E+003, 1.88262051E+001, 1.47325203E+000, 2.27449401E+000, 6.13183004E+000, 3.35090292E+000, 2.05471672E+001
 1.38333333E+003, 1.86388178E+001, 1.48632756E+000, 2.33127817E+000, 5.92854871E+000, 3.46504298E+000, 2.05426761E+001
 1.41666667E+003, 1.84430588E+001, 1.49779334E+000, 2.38926962E+000, 5.73886927E+000, 3.57863214E+000, 2.05373020E+001
 1.45000000E+003, 1.82388433E+001, 1.50772078E+000, 2.44705969E+000, 5.56561661E+000, 3.68948275E+000, 2.05342465E+001
 1.48333333E+003, 1.80264589E+001, 1.51603289E+000, 2.50346113E+000, 5.41144958E+000, 3.79532941E+000, 2.05382338E+001
 1.51666667E+003, 1.78066191E+001, 1.52207797E+000, 2.55597677E+000, 5.27879170E+000, 3.89039593E+000, 2.05365898E+001
 1.55000000E+003, 1.75804838E+001, 1.52617033E+000, 2.60352359E+000, 5.16976585E+000, 3.97342046E+000, 2.05416534E+001
 1.58333333E+003, 1.73496333E+001, 1.52779586E+000, 2.64320229E+000, 5.08613508E+000, 4.03827350E+000, 2.05392045E+001
 1.61666667E+003, 1.71159869E+001, 1.52685846E+000, 2.67339136E+000, 5.02925191E+000, 4.08189021E+000, 2.05288541E+001
 1.65000000E+003, 1.68816704E+001, 1.52353880E+000, 2.69374128E+000, 5.00001775E+000, 4.10401935E+000, 2.05201696E+001
 1.68333333E+003, 1.66488471E+001, 1.51710825E+000, 2.70508268E+000, 4.99885415E+000, 4.10390326E+000, 2.05148138E+001
 1.71666667E+003, 1.64195389E+001, 1.50661089E+000, 2.70832886E+000, 5.02568665E+000, 4.08039777E+000, 2.05068006E+001
 1.75000000E+003, 1.61954671E+001, 1.49318923E+000, 2.70267615E+000, 5.07994203E+000, 4.03560693E+000, 2.05006493E+001
 1.78333333E+003, 1.59779407E+001, 1.47789615E+000, 2.68800457E+000, 5.16055869E+000, 3.97259162E+000, 2.05007922E+001
 1.81666667E+003, 1.57678041E+001, 1.46048044E+000, 2.66610860E+000, 5.26600986E+000, 3.89379945E+000, 2.05047863E+001
 1.85000000E+003, 1.55654457E+001, 1.44106674E+000, 2.63861337E+000, 5.39433845E+000, 3.80241796E+000, 2.05115294E+001
 1.88333333E+003, 1.53708535E+001, 1.42011199E+000, 2.60667485E+000, 5.54320224E+000, 3.70177022E+000, 2.05196610E+001
 1.91666667E+003, 1.51836996E+001, 1.39810354E+000, 2.57148377E+000, 5.70992745E+000, 3.59520056E+000, 2.05283344E+001
 1.95000000E+003, 1.50034336E+001, 1.37550598E+000, 2.53421735E+000, 5.89156880E+000, 3.48583112E+000, 2.05370139E+001
 1.98333333E+003, 1.48293714E+001, 1.35281797E+000, 2.49563173E+000, 6.08497369E+000, 3.37613545E+000, 2.05436954E+001
 2.01666667E+003, 1.46607679E+001, 1.33035588E+000, 2.45623437E+000, 6.28684839E+000, 3.26766585E+000, 2.05433198E+001
 2.05000000E+003, 1.44968733E+001, 1.30895271E+000, 2.41785771E+000, 6.49382393E+000, 3.16486141E+000, 2.05520527E+001
 2.08333333E+003, 1.43369708E+001, 1.28819482E+000, 2.37954610E+000, 6.70251986E+000, 3.06531895E+000, 2.05453612E+001
 2.11666667E+003, 1.41804005E+001, 1.26941688E+000, 2.34357709E+000, 6.90960403E+000, 2.97497632E+000, 2.05559084E+001
 2.15000000E+003, 1.40265714E+001, 1.25173381E+000, 2.30812879E+000, 7.11184700E+000, 2.88916284E+000, 2.05472841E+001
 2.18333333E+003, 1.38749671E+001, 1.23656942E+000, 2.27565028E+000, 7.30617019E+000, 2.81399956E+000, 2.05595597E+001
 2.21666667E+003, 1.37251453E+001, 1.22278861E+000, 2.24369933E+000, 7.48968704E+000, 2.74356998E+000, 2.05484805E+001
 2.25000000E+003, 1.35767360E+001, 1.21198148E+000, 2.21498186E+000, 7.65973705E+000, 2.68451699E+000, 2.05626943E+001
 2.28333333E+003, 1.34294365E+001, 1.20276217E+000, 2.18646904E+000, 7.81391285E+000, 2.62980225E+000, 2.05490456E+001
 2.31666667E+003, 1.32830067E+001, 1.19690240E+000, 2.16133538E+000, 7.95008081E+000, 2.58690751E+000, 2.05661237E+001
 2.35000000E+003, 1.31372626E+001, 1.19265818E+000, 2.13602850E+000, 8.06639589E+000, 2.54755187E+000, 2.05495620E+001
 2.38333333E+003, 1.29920691E+001, 1.19195112E+000, 2.11512745E+000, 8.16131178E+000, 2.52112853E+000, 2.05757160E+001
 2.41666667E+003, 1.28473308E+001, 1.19363482E+000, 2.09521370E+000, 8.23358719E+000, 2.50092002E+000, 2.05915430E+001
 2.45000000E+003, 1.27029820E+001, 1.19779529E+000, 2.07607463E+000, 8.28228944E+000, 2.48671242E+000, 2.05956720E+001
 2.48333333E+003, 1.25589741E+001, 1.20458206E+000, 2.05834353E+000, 8.30679620E+000, 2.47944370E+000, 2.05962335E+001
 2.51666667E+003, 1.24152615E+001, 1.21393429E+000, 2.04241486E+000, 8.30679620E+000, 2.47935742E+000, 2.05955168E+001
 2.55000000E+003, 1.22717863E+001, 1.22569271E+000, 2.02866425E+000, 8.28228944E+000, 2.48651899E+000, 2.05940700E+001
 2.58333333E+003, 1.21284623E+001, 1.23964018E+000, 2.01751733E+000, 8.23358719E+000, 2.50099555E+000, 2.05921649E+001
 2.61666667E+003, 1.19851584E+001, 1.25547195E+000, 2.00936313E+000, 8.16131178E+000, 2.52269905E+000, 2.05885334E+001
 2.65000000E+003, 1.18416838E+001, 1.27294965E+000, 2.00475850E+000, 8.06639589E+000, 2.55195663E+000, 2.05850925E+001
 2.68333333E+003, 1.16977740E+001, 1.29224254E+000, 2.00358930E+000, 7.95008081E+000, 2.58912333E+000, 2.05837397E+001
 2.71666667E+003, 1.15530801E+001, 1.31224012E+000, 2.00738492E+000, 7.81391285E+000, 2.63417104E+000, 2.05831830E+001
 2.75000000E+003, 1.14071609E+001, 1.33242483E+000, 2.01656448E+000, 7.65973705E+000, 2.68692059E+000, 2.05811052E+001
 2.78333333E+003, 1.12594796E+001, 1.35268815E+000, 2.03129290E+000, 7.48968704E+000, 2.74770583E+000, 2.05794567E+001
 2.81666667E+003, 1.11094056E+001, 1.37272879E+000, 2.05177710E+000, 7.30617019E+000, 2.81653348E+000, 2.05780730E+001
 2.85000000E+003, 1.09562214E+001, 1.39227033E+000, 2.07806530E+000, 7.11184700E+000, 2.89322866E+000, 2.05761995E+001
 2.88333333E+003, 1.07991375E+001, 1.41108077E+000, 2.11011982E+000, 6.90960403E+000, 2.97754950E+000, 2.05736881E+001
 2.91666667E+003, 1.06373143E+001, 1.42896959E+000, 2.14776064E+000, 6.70251986E+000, 3.06908463E+000, 2.05706007E+001
 2.95000000E+003, 1.04698950E+001, 1.44577822E+000, 2.19063701E+000, 6.49382393E+000, 3.16717529E+000, 2.05670787E+001
 2.98333333E+003, 1.02960476E+001, 1.46136618E+000, 2.23820689E+000, 6.28684839E+000, 3.27083986E+000, 2.05632743E+001
 3.01666667E+003, 1.01150200E+001, 1.47559852E+000, 2.28971105E+000, 6.08497369E+000, 3.37869424E+000, 2.05592656E+001
 3.05000000E+003, 9.92620572E+000, 1.48834280E+000, 2.34411129E+000, 5.89156880E+000, 3.48884116E+000, 2.05547477E+001
 3.08333333E+003, 9.72921828E+000, 1.49951410E+000, 2.40012261E+000, 5.70992745E+000, 3.59901770E+000, 2.05501300E+001
 3.11666667E+003, 9.52396987E+000, 1.50905881E+000, 2.45589179E+000, 5.54320224E+000, 3.70608513E+000, 2.05435794E+001
 3.15000000E+003, 9.31074378E+000, 1.51726361E+000, 2.51091806E+000, 5.39433845E+000, 3.80972459E+000, 2.05509438E+001
 3.18333333E+003, 9.09024874E+000, 1.52295615E+000, 2.56182375E+000, 5.26600986E+000, 3.90154525E+000, 2.05455757E+001
 3.21666667E+003, 8.86363992E+000, 1.52697253E+000, 2.60838316E+000, 5.16055869E+000, 3.98292943E+000, 2.05541411E+001
 3.25000000E+003, 8.63249306E+000, 1.52825698E+000, 2.64671089E+000, 5.07994203E+000, 4.04485440E+000, 2.05476259E+001
 3.28333333E+003, 8.39872391E+000, 1.52716088E+000, 2.67604254E+000, 5.02568665E+000, 4.08674748E+000, 2.05387122E+001
 3.31666667E+003, 8.16445566E+000, 1.52357117E+000, 2.69550825E+000, 4.99885415E+000, 4.10679865E+000, 2.05292875E+001
 3.35000000E+003, 7.93184980E+000, 1.51679293E+000, 2.70626253E+000, 5.00001775E+000, 4.10483988E+000, 2.05242723E+001
 3.38333333E+003, 7.70292667E+000, 1.50580414E+000, 2.70900013E+000, 5.02925191E+000, 4.07922359E+000, 2.05154430E+001
 3.41666667E+003, 7.47940612E+000, 1.49198092E+000, 2.70274563E+000, 5.08613508E+000, 4.03244492E+000, 2.05095596E+001
 3.45000000E+003, 7.26259440E+000, 1.47614297E+000, 2.68756070E+000, 5.16976585E+000, 3.96722384E+000, 2.05096183E+001
 3.48333333E+003, 7.05333163E+000, 1.45801469E+000, 2.66528461E+000, 5.27879170E+000, 3.88602412E+000, 2.05135119E+001
 3.51666667E+003, 6.85199952E+000, 1.43773206E+000, 2.63746899E+000, 5.41144958E+000, 3.79197373E+000, 2.05200746E+001
 3.55000000E+003, 6.65857679E+000, 1.41573026E+000, 2.60526872E+000, 5.56561661E+000, 3.68835777E+000, 2.05279853E+001
 3.58333333E+003, 6.47272344E+000, 1.39246975E+000, 2.56988108E+000, 5.73886927E+000, 3.57848165E+000, 2.05364384E+001
 3.61666667E+003, 6.29387435E+000, 1.36839691E+000, 2.53246801E+000, 5.92854871E+000, 3.46542141E+000, 2.05449196E+001
 3.65000000E+003, 6.12132734E+000, 1.34393747E+000, 2.49405564E+000, 6.13183004E+000, 3.35185484E+000, 2.05530042E+001
 3.68333333E+003, 5.95431652E+000, 1.31943208E+000, 2.45529225E+000, 6.34579309E+000, 3.23959137E+000, 2.05577765E+001
 3.71666667E+003, 5.79206734E+000, 1.29520699E+000, 2.41692033E+000, 6.56749226E+000, 3.13041210E+000, 2.05589572E+001
 3.75000000E+003, 5.63383419E+000, 1.27169907E+000, 2.37976676E+000, 6.79402333E+000, 3.02634718E+000, 2.05610733E+001
 3.78333333E+003, 5.47892298E+000, 1.24906924E+000, 2.34417125E+000, 7.02258507E+000, 2.92803221E+000, 2.05623553E+001
 3.81666667E+003, 5.32670282E+000, 1.22752668E+000, 2.31057084E+000, 7.25053413E+000, 2.83628735E+000, 2.05645982E+001
 3.85000000E+003, 5.17661001E+000, 1.20711334E+000, 2.27907758E+000, 7.47543173E+000, 2.75110495E+000, 2.05656973E+001
 3.88333333E+003, 5.02814739E+000, 1.18796023E+000, 2.24995912E+000, 7.69508135E+000, 2.67286195E+000, 2.05678901E+001
 3.91666667E+003, 4.88088124E+000, 1.17002802E+000, 2.22313993E+000, 7.90755671E+000, 2.60113601E+000, 2.05686305E+001
 3.95000000E+003, 4.73443710E+000, 1.15340495E+000, 2.19877292E+000, 8.11122016E+000, 2.53607557E+000, 2.05706673E+001
 3.98333333E+003, 4.58849541E+000, 1.13799965E+000, 2.17663741E+000, 8.30473157E+000, 2.47701261E+000, 2.05709248E+001
 4.01666667E+003, 4.44278728E+000, 1.12388747E+000, 2.15681220E+000, 8.48704827E+000, 2.42401419E+000, 2.05727255E+001
 4.05000000E+003, 4.29709062E+000, 1.11095123E+000, 2.13895145E+000, 8.65741713E+000, 2.37627074E+000, 2.05723670E+001
 4.08333333E+003, 4.15122638E+000, 1.09915948E+000, 2.12316214E+000, 8.81535960E+000, 2.33369380E+000, 2.05723500E+001
 4.11666667E+003, 4.00505502E+000, 1.08849080E+000, 2.10920429E+000, 8.96065107E+000, 2.29584946E+000, 2.05723060E+001
 4.15000000E+003, 3.85847278E+000, 1.07890223E+000, 2.09692145E+000, 9.09329588E+000, 2.26237322E+000, 2.05724291E+001
 4.18333333E+003, 3.71140790E+000, 1.07033080E+000, 2.08614170E+000, 9.21349918E+000, 2.23286171E+000, 2.05724695E+001
 4.21666667E+003, 3.56381669E+000, 1.06272263E+000, 2.07672502E+000, 9.32163702E+000, 2.20698267E+000, 2.05726914E+001
 4.25000000E+003, 3.41567939E+000, 1.05600660E+000, 2.06851033E+000, 9.41822580E+000, 2.18436057E+000, 2.05728010E+001
 4.28333333E+003, 3.26699607E+000, 1.05012432E+000, 2.06137774E+000, 9.50389210E+000, 2.16470290E+000, 2.05731028E+001
 4.31666667E+003, 3.11778255E+000, 1.04499983E+000, 2.05518539E+000, 9.57934392E+000, 2.14766839E+000, 2.05732541E+001
 4.35000000E+003, 2.96806656E+000, 1.04057398E+000, 2.04983896E+000, 9.64534379E+000, 2.13300908E+000, 2.05736059E+001
 4.38333333E+003, 2.81788423E+000, 1.03676977E+000, 2.04521761E+000, 9.70268467E+000, 2.12041978E+000, 2.05737645E+001
 4.41666667E+003, 2.66727693E+000, 1.03353137E+000, 2.04125246E+000, 9.75216856E+000, 2.10969844E+000, 2.05741348E+001
 4.45000000E+003, 2.51628868E+000, 1.03078449E+000, 2.03784120E+000, 9.79458846E+000, 2.10057509E+000, 2.05742685E+001
 4.48333333E+003, 2.36496394E+000, 1.02848035E+000, 2.03493720E+000, 9.83071338E+000, 2.09289292E+000, 2.05746305E+001
 4.51666667E+003, 2.21334603E+000, 1.02655050E+000, 2.03245190E+000, 9.86127659E+000, 2.08641451E+000, 2.05747106E+001
 4.55000000E+003, 2.06147582E+000, 1.02495654E+000, 2.03035549E+000, 9.88696674E+000, 2.08102614E+000, 2.05750362E+001
 4.58333333E+003, 1.90939104E+000, 1.02363926E+000, 2.02856494E+000, 9.90842180E+000, 2.07651871E+000, 2.05750233E+001
 4.61666667E+003, 1.75712571E+000, 1.02257579E+000, 2.02705614E+000, 9.92622533E+000, 2.07281852E+000, 2.05752637E+001
 4.65000000E+003, 1.60471001E+000, 1.02172350E+000, 2.02573467E+000, 9.94090486E+000, 2.06974073E+000, 2.05750956E+001
 4.68333333E+003, 1.45217027E+000, 1.02108592E+000, 2.02456218E+000, 9.95293201E+000, 2.06725194E+000, 2.05752180E+001
 4.71666667E+003, 1.29952911E+000, 1.02064790E+000, 2.02341817E+000, 9.96272403E+000, 2.06519750E+000, 2.05749927E+001
 4.75000000E+003, 1.14680578E+000, 1.02043904E+000, 2.02225969E+000, 9.97064639E+000, 2.06359275E+000, 2.05753536E+001
 4.78333333E+003, 9.94016385E-001, 1.02050921E+000, 2.02110849E+000, 9.97701612E+000, 2.06255982E+000, 2.05781926E+001
 4.81666667E+003, 8.41174313E-001, 1.02107369E+000, 2.01916503E+000, 9.98210570E+000, 2.06171629E+000, 2.05802700E+001
 4.85000000E+003, 6.88290552E-001, 1.02252241E+000, 2.01579770E+000, 9.98614727E+000, 2.06119831E+000, 2.05834299E+001
 4.88333333E+003, 5.35374040E-001, 1.02561287E+000, 2.00967362E+000, 9.98933686E+000, 2.06114713E+000, 2.05894930E+001
 4.91666667E+003, 3.82431984E-001, 1.03180608E+000, 1.99821210E+000, 9.99183860E+000, 2.06176740E+000, 2.06008471E+001
 4.95000000E+003, 2.29470143E-001, 1.04361249E+000, 1.97672335E+000, 9.99378883E+000, 2.06293318E+000, 2.06165185E+001
 4.98333333E+003, 7.64930828E-002, 1.07302246E+000, 1.82222008E+000, 9.99529986E+000, 1.95528308E+000, 1.95436407E+001
