   10000.218789406888      ,         150
X,ZB,H,U,L,Q,QL
 1.66666667E+001, 2.48437310E+001, 1.07324552E+000, 1.76609370E+000, 9.99529986E+000, 1.89545214E+000, 1.89456125E+001
 5.00000000E+001, 2.46908096E+001, 1.02453348E+000, 1.91559112E+000, 9.99378883E+000, 1.96258724E+000, 1.96136824E+001
 8.33333333E+001, 2.45379197E+001, 1.01846102E+000, 1.93545525E+000, 9.99183860E+000, 1.97118572E+000, 1.96957696E+001
 1.16666667E+002, 2.43850698E+001, 1.01806763E+000, 1.93786356E+000, 9.98933686E+000, 1.97287616E+000, 1.97077245E+001
 1.50000000E+002, 2.42322708E+001, 1.01855597E+000, 1.93782209E+000, 9.98614727E+000, 1.97378026E+000, 1.97104603E+001
 1.83333333E+002, 2.40795359E+001, 1.01929808E+000, 1.93736387E+000, 9.98210570E+000, 1.97475127E+000, 1.97121760E+001
 2.16666667E+002, 2.39268814E+001, 1.02023637E+000, 1.93675176E+000, 9.97701612E+000, 1.97594458E+000, 1.97140309E+001
 2.50000000E+002, 2.37743267E+001, 1.02139597E+000, 1.93600474E+000, 9.97064639E+000, 1.97742744E+000, 1.97162298E+001
 2.83333333E+002, 2.36218952E+001, 1.02281874E+000, 1.93510636E+000, 9.96272403E+000, 1.97926304E+000, 1.97188515E+001
 3.16666667E+002, 2.34696147E+001, 1.02455476E+000, 1.93403318E+000, 9.95293201E+000, 1.98152290E+000, 1.97219627E+001
 3.50000000E+002, 2.33175180E+001, 1.02666181E+000, 1.93275863E+000, 9.94090486E+000, 1.98428947E+000, 1.97256328E+001
 3.83333333E+002, 2.31656428E+001, 1.02920577E+000, 1.93125371E+000, 9.92622533E+000, 1.98765745E+000, 1.97299358E+001
 4.16666667E+002, 2.30140329E+001, 1.03226116E+000, 1.92948731E+000, 9.90842180E+000, 1.99173482E+000, 1.97349487E+001
 4.50000000E+002, 2.28627375E+001, 1.03591150E+000, 1.92742694E+000, 9.88696674E+000, 1.99664373E+000, 1.97407501E+001
 4.83333333E+002, 2.27118119E+001, 1.04024937E+000, 1.92503971E+000, 9.86127659E+000, 2.00252135E+000, 1.97474169E+001
 5.16666667E+002, 2.25613165E+001, 1.04537609E+000, 1.92229422E+000, 9.83071338E+000, 2.00952041E+000, 1.97550192E+001
 5.50000000E+002, 2.24113166E+001, 1.05140064E+000, 1.91916326E+000, 9.79458846E+000, 2.01780949E+000, 1.97636135E+001
 5.83333333E+002, 2.22618806E+001, 1.05843780E+000, 1.91562790E+000, 9.75216856E+000, 2.02757297E+000, 1.97732334E+001
 6.16666667E+002, 2.21130785E+001, 1.06660484E+000, 1.91168322E+000, 9.70268467E+000, 2.03901056E+000, 1.97838765E+001
 6.50000000E+002, 2.19649789E+001, 1.07601688E+000, 1.90734589E+000, 9.64534379E+000, 2.05233638E+000, 1.97954900E+001
 6.83333333E+002, 2.18176459E+001, 1.08678045E+000, 1.90266372E+000, 9.57934392E+000, 2.06777773E+000, 1.98079540E+001
 7.16666667E+002, 2.16711344E+001, 1.09898535E+000, 1.89772646E+000, 9.50389210E+000, 2.08557357E+000, 1.98210661E+001
 7.50000000E+002, 2.15254847E+001, 1.11269541E+000, 1.89267719E+000, 9.41822580E+000, 2.10597322E+000, 1.98345313E+001
 7.83333333E+002, 2.13807167E+001, 1.12793885E+000, 1.88772234E+000, 9.32163702E+000, 2.12923537E+000, 1.98479592E+001
 8.16666667E+002, 2.12368223E+001, 1.14469965E+000, 1.88313835E+000, 9.21349918E+000, 2.15562781E+000, 1.98608750E+001
 8.50000000E+002, 2.10937577E+001, 1.16291140E+000, 1.87927298E+000, 9.09329588E+000, 2.18542797E+000, 1.98727431E+001
 8.83333333E+002, 2.09514353E+001, 1.18245510E+000, 1.87653971E+000, 8.96065107E+000, 2.21892395E+000, 1.98830033E+001
 9.16666667E+002, 2.08097142E+001, 1.20316170E+000, 1.87540497E+000, 8.81535960E+000, 2.25641542E+000, 1.98911133E+001
 9.50000000E+002, 2.06683926E+001, 1.22481940E+000, 1.87636915E+000, 8.65741713E+000, 2.29821333E+000, 1.98965915E+001
 9.83333333E+002, 2.05271991E+001, 1.24718487E+000, 1.87994377E+000, 8.48704827E+000, 2.34463743E+000, 1.98990510E+001
 1.01666667E+003, 2.03857855E+001, 1.26999672E+000, 1.88662711E+000, 8.30473157E+000, 2.39601023E+000, 1.98982218E+001
 1.05000000E+003, 2.02437215E+001, 1.29298931E+000, 1.89688087E+000, 8.11122016E+000, 2.45264669E+000, 1.98939573E+001
 1.08333333E+003, 2.01004909E+001, 1.31590509E+000, 1.91110932E+000, 7.90755671E+000, 2.51483850E+000, 1.98862280E+001
 1.11666667E+003, 1.99554910E+001, 1.33850398E+000, 1.92964115E+000, 7.69508135E+000, 2.58283237E+000, 1.98751052E+001
 1.15000000E+003, 1.98080354E+001, 1.36056891E+000, 1.95271372E+000, 7.47543173E+000, 2.65680156E+000, 1.98607387E+001
 1.18333333E+003, 1.96573622E+001, 1.38190722E+000, 1.98045850E+000, 7.25053413E+000, 2.73680989E+000, 1.98433335E+001
 1.21666667E+003, 1.95026474E+001, 1.40234816E+000, 2.01288655E+000, 7.02258507E+000, 2.82276775E+000, 1.98231267E+001
 1.25000000E+003, 1.93430270E+001, 1.42173694E+000, 2.04987305E+000, 6.79402333E+000, 2.91438024E+000, 1.98003673E+001
 1.28333333E+003, 1.91776270E+001, 1.43992629E+000, 2.09114076E+000, 6.56749226E+000, 3.01108857E+000, 1.97753009E+001
 1.31666667E+003, 1.90056055E+001, 1.45676684E+000, 2.13624286E+000, 6.34579309E+000, 3.11200776E+000, 1.97481573E+001
 1.35000000E+003, 1.88262051E+001, 1.47209750E+000, 2.18454712E+000, 6.13183004E+000, 3.21586635E+000, 1.97191459E+001
 1.38333333E+003, 1.86388178E+001, 1.48573790E+000, 2.23522417E+000, 5.92854871E+000, 3.32095726E+000, 1.96884568E+001
 1.41666667E+003, 1.84430588E+001, 1.49748444E+000, 2.28724412E+000, 5.73886927E+000, 3.42511249E+000, 1.96562728E+001
 1.45000000E+003, 1.82388433E+001, 1.50711208E+000, 2.33938636E+000, 5.56561661E+000, 3.52571744E+000, 1.96227915E+001
 1.48333333E+003, 1.80264589E+001, 1.51438294E+000, 2.39026775E+000, 5.41144958E+000, 3.61978069E+000, 1.95882607E+001
 1.51666667E+003, 1.78066191E+001, 1.51906232E+000, 2.43839342E+000, 5.27879170E+000, 3.70407156E+000, 1.95530222E+001
 1.55000000E+003, 1.75804838E+001, 1.52094074E+000, 2.48223182E+000, 5.16976585E+000, 3.77532749E+000, 1.95175591E+001
 1.58333333E+003, 1.73496333E+001, 1.51985898E+000, 2.52031160E+000, 5.08613508E+000, 3.83051822E+000, 1.94825331E+001
 1.61666667E+003, 1.71159869E+001, 1.51573154E+000, 2.55133258E+000, 5.02925191E+000, 3.86713527E+000, 1.94487975E+001
 1.65000000E+003, 1.68816704E+001, 1.50856370E+000, 2.57427690E+000, 5.00001775E+000, 3.88346070E+000, 1.94173724E+001
 1.68333333E+003, 1.66488471E+001, 1.49845862E+000, 2.58850284E+000, 4.99885415E+000, 3.87876439E+000, 1.93893774E+001
 1.71666667E+003, 1.64195389E+001, 1.48561375E+000, 2.59380301E+000, 5.02568665E+000, 3.85338941E+000, 1.93659277E+001
 1.75000000E+003, 1.61954671E+001, 1.47030867E+000, 2.59041379E+000, 5.07994203E+000, 3.80870786E+000, 1.93480151E+001
 1.78333333E+003, 1.59779407E+001, 1.45288791E+000, 2.57897275E+000, 5.16055869E+000, 3.74695833E+000, 1.93363984E+001
 1.81666667E+003, 1.57678041E+001, 1.43374236E+000, 2.56043267E+000, 5.26600986E+000, 3.67100077E+000, 1.93315262E+001
 1.85000000E+003, 1.55654457E+001, 1.41329130E+000, 2.53595022E+000, 5.39433845E+000, 3.58403636E+000, 1.93335052E+001
 1.88333333E+003, 1.53708535E+001, 1.39196568E+000, 2.50677099E+000, 5.54320224E+000, 3.48933919E+000, 1.93421128E+001
 1.91666667E+003, 1.51836996E+001, 1.37019271E+000, 2.47412924E+000, 5.70992745E+000, 3.39003386E+000, 1.93568474E+001
 1.95000000E+003, 1.50034336E+001, 1.34838197E+000, 2.43917324E+000, 5.89156880E+000, 3.28893720E+000, 1.93769998E+001
 1.98333333E+003, 1.48293714E+001, 1.32691394E+000, 2.40291873E+000, 6.08497369E+000, 3.18846637E+000, 1.94017340E+001
 2.01666667E+003, 1.46607679E+001, 1.30613197E+000, 2.36622705E+000, 6.28684839E+000, 3.09060479E+000, 1.94301637E+001
 2.05000000E+003, 1.44968733E+001, 1.28633802E+000, 2.32980132E+000, 6.49382393E+000, 2.99691201E+000, 1.94614189E+001
 2.08333333E+003, 1.43369708E+001, 1.26779251E+000, 2.29419412E+000, 6.70251986E+000, 2.90856211E+000, 1.94946953E+001
 2.11666667E+003, 1.41804005E+001, 1.25071740E+000, 2.25982117E+000, 6.90960403E+000, 2.82639767E+000, 1.95292887E+001
 2.15000000E+003, 1.40265714E+001, 1.23530163E+000, 2.22697753E+000, 7.11184700E+000, 2.75098898E+000, 1.95646127E+001
 2.18333333E+003, 1.38749671E+001, 1.22170762E+000, 2.19585421E+000, 7.30617019E+000, 2.68269181E+000, 1.96002030E+001
 2.21666667E+003, 1.37251453E+001, 1.21007778E+000, 2.16655468E+000, 7.48968704E+000, 2.62169969E+000, 1.96357102E+001
 2.25000000E+003, 1.35767360E+001, 1.20054008E+000, 2.13911117E+000, 7.65973705E+000, 2.56808869E+000, 1.96708841E+001
 2.28333333E+003, 1.34294365E+001, 1.19321166E+000, 2.11350125E+000, 7.81391285E+000, 2.52185434E+000, 1.97055500E+001
 2.31666667E+003, 1.32830067E+001, 1.18820013E+000, 2.08966550E+000, 7.95008081E+000, 2.48294081E+000, 1.97395801E+001
 2.35000000E+003, 1.31372626E+001, 1.18560186E+000, 2.06752659E+000, 8.06639589E+000, 2.45126338E+000, 1.97728608E+001
 2.38333333E+003, 1.29920691E+001, 1.18549729E+000, 2.04701010E+000, 8.16131178E+000, 2.42672493E+000, 1.98052587E+001
 2.41666667E+003, 1.28473308E+001, 1.18794323E+000, 2.02806658E+000, 8.23358719E+000, 2.40922796E+000, 1.98365885E+001
 2.45000000E+003, 1.27029820E+001, 1.19296294E+000, 2.01069370E+000, 8.28228944E+000, 2.39868306E+000, 1.98665874E+001
 2.48333333E+003, 1.25589741E+001, 1.20053527E+000, 1.99495601E+000, 8.30679620E+000, 2.39501506E+000, 1.98949020E+001
 2.51666667E+003, 1.24152615E+001, 1.21058469E+000, 1.98099970E+000, 8.30679620E+000, 2.39816792E+000, 1.99210922E+001
 2.55000000E+003, 1.22717863E+001, 1.22297430E+000, 1.96905923E+000, 8.28228944E+000, 2.40810884E+000, 1.99446545E+001
 2.58333333E+003, 1.21284623E+001, 1.23750399E+000, 1.95945360E+000, 8.23358719E+000, 2.42483165E+000, 1.99650629E+001
 2.61666667E+003, 1.19851584E+001, 1.25391474E+000, 1.95257202E+000, 8.16131178E+000, 2.44835885E+000, 1.99818199E+001
 2.65000000E+003, 1.18416838E+001, 1.27189919E+000, 1.94885036E+000, 8.06639589E+000, 2.47874120E+000, 1.99945079E+001
 2.68333333E+003, 1.16977740E+001, 1.29111697E+000, 1.94874173E+000, 7.95008081E+000, 2.51605352E+000, 2.00028288E+001
 2.71666667E+003, 1.15530801E+001, 1.31121255E+000, 1.95268516E+000, 7.81391285E+000, 2.56038530E+000, 2.00066276E+001
 2.75000000E+003, 1.14071609E+001, 1.33183282E+000, 1.96107586E+000, 7.65973705E+000, 2.61182520E+000, 2.00058943E+001
 2.78333333E+003, 1.12594796E+001, 1.35264188E+000, 1.97423921E+000, 7.48968704E+000, 2.67043863E+000, 2.00007496E+001
 2.81666667E+003, 1.11094056E+001, 1.37333138E+000, 1.99240895E+000, 7.30617019E+000, 2.73623773E+000, 1.99914185E+001
 2.85000000E+003, 1.09562214E+001, 1.39362549E+000, 2.01570903E+000, 7.11184700E+000, 2.80914349E+000, 1.99781987E+001
 2.88333333E+003, 1.07991375E+001, 1.41328053E+000, 2.04413742E+000, 6.90960403E+000, 2.88893961E+000, 1.99614288E+001
 2.91666667E+003, 1.06373143E+001, 1.43207985E+000, 2.07755065E+000, 6.70251986E+000, 2.97521842E+000, 1.99414606E+001
 2.95000000E+003, 1.04698950E+001, 1.44982529E+000, 2.11564809E+000, 6.49382393E+000, 3.06732012E+000, 1.99186368E+001
 2.98333333E+003, 1.02960476E+001, 1.46632652E+000, 2.15795619E+000, 6.28684839E+000, 3.16426839E+000, 1.98932756E+001
 3.01666667E+003, 1.01150200E+001, 1.48139011E+000, 2.20381392E+000, 6.08497369E+000, 3.26470814E+000, 1.98656632E+001
 3.05000000E+003, 9.92620572E+000, 1.49481037E+000, 2.25236226E+000, 5.89156880E+000, 3.36685448E+000, 1.98360548E+001
 3.08333333E+003, 9.72921828E+000, 1.50636389E+000, 2.30254164E+000, 5.70992745E+000, 3.46846559E+000, 1.98046869E+001
 3.11666667E+003, 9.52396987E+000, 1.51580975E+000, 2.35310229E+000, 5.54320224E+000, 3.56685539E+000, 1.97718008E+001
 3.15000000E+003, 9.31074378E+000, 1.52289694E+000, 2.40263266E+000, 5.39433845E+000, 3.65896192E+000, 1.97376790E+001
 3.18333333E+003, 9.09024874E+000, 1.52737925E+000, 2.44961025E+000, 5.26600986E+000, 3.74148386E+000, 1.97026909E+001
 3.21666667E+003, 8.86363992E+000, 1.52903645E+000, 2.49247663E+000, 5.16055869E+000, 3.81108763E+000, 1.96673414E+001
 3.25000000E+003, 8.63249306E+000, 1.52769870E+000, 2.52973439E+000, 5.07994203E+000, 3.86467194E+000, 1.96323094E+001
 3.28333333E+003, 8.39872391E+000, 1.52326947E+000, 2.56005825E+000, 5.02568665E+000, 3.89965858E+000, 1.95984621E+001
 3.31666667E+003, 8.16445566E+000, 1.51574229E+000, 2.58240680E+000, 4.99885415E+000, 3.91426321E+000, 1.95668309E+001
 3.35000000E+003, 7.93184980E+000, 1.50520754E+000, 2.59611706E+000, 5.00001775E+000, 3.90769496E+000, 1.95385442E+001
 3.38333333E+003, 7.70292667E+000, 1.49184860E+000, 2.60096357E+000, 5.02925191E+000, 3.88024387E+000, 1.95147239E+001
 3.41666667E+003, 7.47940612E+000, 1.47592941E+000, 2.59716884E+000, 5.08613508E+000, 3.83323786E+000, 1.94963656E+001
 3.45000000E+003, 7.26259440E+000, 1.45777695E+000, 2.58536137E+000, 5.16976585E+000, 3.76888021E+000, 1.94842282E+001
 3.48333333E+003, 7.05333163E+000, 1.43776233E+000, 2.56649005E+000, 5.27879170E+000, 3.69000270E+000, 1.94787556E+001
 3.51666667E+003, 6.85199952E+000, 1.41628232E+000, 2.54171279E+000, 5.41144958E+000, 3.59978289E+000, 1.94800436E+001
 3.55000000E+003, 6.65857679E+000, 1.39374215E+000, 2.51228120E+000, 5.56561661E+000, 3.50147221E+000, 1.94878519E+001
 3.58333333E+003, 6.47272344E+000, 1.37053936E+000, 2.47943986E+000, 5.73886927E+000, 3.39816992E+000, 1.95016529E+001
 3.61666667E+003, 6.29387435E+000, 1.34704919E+000, 2.44435124E+000, 5.92854871E+000, 3.29266137E+000, 1.95207033E+001
 3.65000000E+003, 6.12132734E+000, 1.32361227E+000, 2.40804896E+000, 6.13183004E+000, 3.18732315E+000, 1.95441239E+001
 3.68333333E+003, 5.95431652E+000, 1.30052554E+000, 2.37141571E+000, 6.34579309E+000, 3.08408671E+000, 1.95709761E+001
 3.71666667E+003, 5.79206734E+000, 1.27803716E+000, 2.33517967E+000, 6.56749226E+000, 2.98444640E+000, 1.96003286E+001
 3.75000000E+003, 5.63383419E+000, 1.25634533E+000, 2.29992223E+000, 6.79402333E+000, 2.88949657E+000, 1.96313071E+001
 3.78333333E+003, 5.47892298E+000, 1.23560058E+000, 2.26609189E+000, 7.02258507E+000, 2.79998446E+000, 1.96631291E+001
 3.81666667E+003, 5.32670282E+000, 1.21591047E+000, 2.23402028E+000, 7.25053413E+000, 2.71636864E+000, 1.96951236E+001
 3.85000000E+003, 5.17661001E+000, 1.19734571E+000, 2.20393827E+000, 7.47543173E+000, 2.63887603E+000, 1.97267376E+001
 3.88333333E+003, 5.02814739E+000, 1.17994676E+000, 2.17599110E+000, 7.69508135E+000, 2.56755364E+000, 1.97575342E+001
 3.91666667E+003, 4.88088124E+000, 1.16373013E+000, 2.15025205E+000, 7.90755671E+000, 2.50231311E+000, 1.97871828E+001
 3.95000000E+003, 4.73443710E+000, 1.14869393E+000, 2.12673486E+000, 8.11122016E+000, 2.44296743E+000, 1.98154467E+001
 3.98333333E+003, 4.58849541E+000, 1.13482241E+000, 2.10540483E+000, 8.30473157E+000, 2.38926058E+000, 1.98421677E+001
 4.01666667E+003, 4.44278728E+000, 1.12208946E+000, 2.08618892E+000, 8.48704827E+000, 2.34089059E+000, 1.98672515E+001
 4.05000000E+003, 4.29709062E+000, 1.11046118E+000, 2.06898485E+000, 8.65741713E+000, 2.29752736E+000, 1.98906527E+001
 4.08333333E+003, 4.15122638E+000, 1.09989758E+000, 2.05366938E+000, 8.81535960E+000, 2.25882599E+000, 1.99123634E+001
 4.11666667E+003, 4.00505502E+000, 1.09035377E+000, 2.04010558E+000, 8.96065107E+000, 2.22443681E+000, 1.99324021E+001
 4.15000000E+003, 3.85847278E+000, 1.08178070E+000, 2.02814921E+000, 9.09329588E+000, 2.19401266E+000, 1.99508063E+001
 4.18333333E+003, 3.71140790E+000, 1.07412575E+000, 2.01765410E+000, 9.21349918E+000, 2.16721423E+000, 1.99676265E+001
 4.21666667E+003, 3.56381669E+000, 1.06733326E+000, 2.00847655E+000, 9.32163702E+000, 2.14371383E+000, 1.99829222E+001
 4.25000000E+003, 3.41567939E+000, 1.06134508E+000, 2.00047861E+000, 9.41822580E+000, 2.12319812E+000, 1.99967593E+001
 4.28333333E+003, 3.26699607E+000, 1.05610121E+000, 1.99353050E+000, 9.50389210E+000, 2.10536998E+000, 2.00092091E+001
 4.31666667E+003, 3.11778255E+000, 1.05154061E+000, 1.98751210E+000, 9.57934392E+000, 2.08994968E+000, 2.00203467E+001
 4.35000000E+003, 2.96806656E+000, 1.04760195E+000, 1.98231369E+000, 9.64534379E+000, 2.07667569E+000, 2.00302510E+001
 4.38333333E+003, 2.81788423E+000, 1.04422458E+000, 1.97783610E+000, 9.70268467E+000, 2.06530508E+000, 2.00390039E+001
 4.41666667E+003, 2.66727693E+000, 1.04134934E+000, 1.97399035E+000, 9.75216856E+000, 2.05561355E+000, 2.00466898E+001
 4.45000000E+003, 2.51628868E+000, 1.03891941E+000, 1.97069699E+000, 9.79458846E+000, 2.04739536E+000, 2.00533950E+001
 4.48333333E+003, 2.36496394E+000, 1.03688108E+000, 1.96788525E+000, 9.83071338E+000, 2.04046299E+000, 2.00592068E+001
 4.51666667E+003, 2.21334603E+000, 1.03518442E+000, 1.96549195E+000, 9.86127659E+000, 2.03464664E+000, 2.00642133E+001
 4.55000000E+003, 2.06147582E+000, 1.03378390E+000, 1.96346035E+000, 9.88696674E+000, 2.02979370E+000, 2.00685028E+001
 4.58333333E+003, 1.90939104E+000, 1.03263910E+000, 1.96173875E+000, 9.90842180E+000, 2.02576813E+000, 2.00721651E+001
 4.61666667E+003, 1.75712571E+000, 1.03171548E+000, 1.96027872E+000, 9.92622533E+000, 2.02244990E+000, 2.00752934E+001
 4.65000000E+003, 1.60471001E+000, 1.03098573E+000, 1.95903253E+000, 9.94090486E+000, 2.01973460E+000, 2.00779895E+001
 4.68333333E+003, 1.45217027E+000, 1.03043202E+000, 1.95794918E+000, 9.95293201E+000, 2.01753352E+000, 2.00803740E+001
 4.71666667E+003, 1.29952911E+000, 1.03004999E+000, 1.95696766E+000, 9.96272403E+000, 2.01577452E+000, 2.00826053E+001
 4.75000000E+003, 1.14680578E+000, 1.02985624E+000, 1.95600541E+000, 9.97064639E+000, 2.01440437E+000, 2.00849137E+001
 4.78333333E+003, 9.94016385E-001, 1.02990171E+000, 1.95493789E+000, 9.97701612E+000, 2.01339387E+000, 2.00876631E+001
 4.81666667E+003, 8.41174313E-001, 1.03029587E+000, 1.95356273E+000, 9.98210570E+000, 2.01274761E+000, 2.00914594E+001
 4.85000000E+003, 6.88290552E-001, 1.03124947E+000, 1.95153712E+000, 9.98614727E+000, 2.01252161E+000, 2.00973372E+001
 4.88333333E+003, 5.35374040E-001, 1.03314828E+000, 1.94827128E+000, 9.98933686E+000, 2.01285312E+000, 2.01070679E+001
 4.91666667E+003, 3.82431984E-001, 1.03667522E+000, 1.94275557E+000, 9.99183860E+000, 2.01400655E+000, 2.01236284E+001
 4.95000000E+003, 2.29470143E-001, 1.04299728E+000, 1.93330628E+000, 9.99378883E+000, 2.01643319E+000, 2.01518075E+001
 4.98333333E+003, 7.64930828E-002, 1.05416654E+000, 1.91765212E+000, 9.99529986E+000, 2.02152469E+000, 2.02057454E+001
