   10000.909689665612      ,         150
X,ZB,H,U,L,Q,QL
 1.66666667E+001, 2.48437310E+001, 1.07539172E+000, 1.75386704E+000, 9.99529986E+000, 1.88609409E+000, 1.88520760E+001
 5.00000000E+001, 2.46908096E+001, 1.02705321E+000, 1.91142177E+000, 9.99378883E+000, 1.96313187E+000, 1.96191254E+001
 8.33333333E+001, 2.45379197E+001, 1.01980554E+000, 1.93609149E+000, 9.99183860E+000, 1.97443682E+000, 1.97282540E+001
 1.16666667E+002, 2.43850698E+001, 1.01932687E+000, 1.93901329E+000, 9.98933686E+000, 1.97648836E+000, 1.97438080E+001
 1.50000000E+002, 2.42322708E+001, 1.01985617E+000, 1.93900511E+000, 9.98614727E+000, 1.97750633E+000, 1.97476694E+001
 1.83333333E+002, 2.40795359E+001, 1.02065632E+000, 1.93854536E+000, 9.98210570E+000, 1.97858858E+000, 1.97504803E+001
 2.16666667E+002, 2.39268814E+001, 1.02166438E+000, 1.93793197E+000, 9.97701612E+000, 1.97991607E+000, 1.97536545E+001
 2.50000000E+002, 2.37743267E+001, 1.02290766E+000, 1.93718548E+000, 9.97064639E+000, 1.98156187E+000, 1.97574527E+001
 2.83333333E+002, 2.36218952E+001, 1.02443049E+000, 1.93628956E+000, 9.96272403E+000, 1.98359405E+000, 1.97620001E+001
 3.16666667E+002, 2.34696147E+001, 1.02628557E+000, 1.93522111E+000, 9.95293201E+000, 1.98608950E+000, 1.97674138E+001
 3.50000000E+002, 2.33175180E+001, 1.02853359E+000, 1.93395399E+000, 9.94090486E+000, 1.98913664E+000, 1.97738181E+001
 3.83333333E+002, 2.31656428E+001, 1.03124363E+000, 1.93245955E+000, 9.92622533E+000, 1.99283660E+000, 1.97813451E+001
 4.16666667E+002, 2.30140329E+001, 1.03449378E+000, 1.93070692E+000, 9.90842180E+000, 1.99730429E+000, 1.97901334E+001
 4.50000000E+002, 2.28627375E+001, 1.03837150E+000, 1.92866354E+000, 9.88696674E+000, 2.00266925E+000, 1.98003243E+001
 4.83333333E+002, 2.27118119E+001, 1.04297373E+000, 1.92629621E+000, 9.86127659E+000, 2.00907634E+000, 1.98120575E+001
 5.16666667E+002, 2.25613165E+001, 1.04840653E+000, 1.92357273E+000, 9.83071338E+000, 2.01668621E+000, 1.98254642E+001
 5.50000000E+002, 2.24113166E+001, 1.05478401E+000, 1.92046469E+000, 9.79458846E+000, 2.02567544E+000, 1.98406573E+001
 5.83333333E+002, 2.22618806E+001, 1.06222625E+000, 1.91695154E+000, 9.75216856E+000, 2.03623624E+000, 1.98577191E+001
 6.16666667E+002, 2.21130785E+001, 1.07085583E+000, 1.91302665E+000, 9.70268467E+000, 2.04857573E+000, 1.98766844E+001
 6.50000000E+002, 2.19649789E+001, 1.08079264E+000, 1.90870533E+000, 9.64534379E+000, 2.06291467E+000, 1.98975213E+001
 6.83333333E+002, 2.18176459E+001, 1.09214676E+000, 1.90403514E+000, 9.57934392E+000, 2.07948582E+000, 1.99201098E+001
 7.16666667E+002, 2.16711344E+001, 1.10500940E+000, 1.89910784E+000, 9.50389210E+000, 2.09853202E+000, 1.99442219E+001
 7.50000000E+002, 2.15254847E+001, 1.11944250E+000, 1.89407183E+000, 9.41822580E+000, 2.12030450E+000, 1.99695066E+001
 7.83333333E+002, 2.13807167E+001, 1.13546798E+000, 1.88914314E+000, 9.32163702E+000, 2.14506155E+000, 1.99954852E+001
 8.16666667E+002, 2.12368223E+001, 1.15305825E+000, 1.88461256E+000, 9.21349918E+000, 2.17306806E+000, 2.00215608E+001
 8.50000000E+002, 2.10937577E+001, 1.17212969E+000, 1.88084636E+000, 9.09329588E+000, 2.20459587E+000, 2.00470425E+001
 8.83333333E+002, 2.09514353E+001, 1.19254081E+000, 1.87827917E+000, 8.96065107E+000, 2.23992456E+000, 2.00711824E+001
 9.16666667E+002, 2.08097142E+001, 1.21409582E+000, 1.87739873E+000, 8.81535960E+000, 2.27934195E+000, 2.00932190E+001
 9.50000000E+002, 2.06683926E+001, 1.23655355E+000, 1.87872420E+000, 8.65741713E+000, 2.32314308E+000, 2.01124187E+001
 9.83333333E+002, 2.05271991E+001, 1.25964032E+000, 1.88278073E+000, 8.48704827E+000, 2.37162652E+000, 2.01281088E+001
 1.01666667E+003, 2.03857855E+001, 1.28306501E+000, 1.89007335E+000, 8.30473157E+000, 2.42508697E+000, 2.01396963E+001
 1.05000000E+003, 2.02437215E+001, 1.30653397E+000, 1.90106279E+000, 8.11122016E+000, 2.48380310E+000, 2.01466738E+001
 1.08333333E+003, 2.01004909E+001, 1.32976392E+000, 1.91614462E+000, 7.90755671E+000, 2.54801999E+000, 2.01486125E+001
 1.11666667E+003, 1.99554910E+001, 1.35249151E+000, 1.93563176E+000, 7.69508135E+000, 2.61792552E+000, 2.01451498E+001
 1.15000000E+003, 1.98080354E+001, 1.37447870E+000, 1.95973947E+000, 7.47543173E+000, 2.69362017E+000, 2.01359737E+001
 1.18333333E+003, 1.96573622E+001, 1.39551408E+000, 1.98857159E+000, 7.25053413E+000, 2.77507966E+000, 2.01208098E+001
 1.21666667E+003, 1.95026474E+001, 1.41541024E+000, 2.02210656E+000, 7.02258507E+000, 2.86211034E+000, 2.00994133E+001
 1.25000000E+003, 1.93430270E+001, 1.43399811E+000, 2.06018249E+000, 6.79402333E+000, 2.95429780E+000, 2.00715682E+001
 1.28333333E+003, 1.91776270E+001, 1.45111924E+000, 2.10248092E+000, 6.56749226E+000, 3.05095051E+000, 2.00370939E+001
 1.31666667E+003, 1.90056055E+001, 1.46661711E+000, 2.14851040E+000, 6.34579309E+000, 3.15104211E+000, 1.99958612E+001
 1.35000000E+003, 1.88262051E+001, 1.48032910E+000, 2.19759154E+000, 6.13183004E+000, 3.25315870E+000, 1.99478163E+001
 1.38333333E+003, 1.86388178E+001, 1.49208052E+000, 2.24884694E+000, 5.92854871E+000, 3.35546072E+000, 1.98930123E+001
 1.41666667E+003, 1.84430588E+001, 1.50168253E+000, 2.30119995E+000, 5.73886927E+000, 3.45567177E+000, 1.98316485E+001
 1.45000000E+003, 1.82388433E+001, 1.50893536E+000, 2.35338729E+000, 5.56561661E+000, 3.55110930E+000, 1.97641129E+001
 1.48333333E+003, 1.80264589E+001, 1.51363804E+000, 2.40399028E+000, 5.41144958E+000, 3.63877112E+000, 1.96910265E+001
 1.51666667E+003, 1.78066191E+001, 1.51560457E+000, 2.45148831E+000, 5.27879170E+000, 3.71548689E+000, 1.96132814E+001
 1.55000000E+003, 1.75804838E+001, 1.51468542E+000, 2.49433565E+000, 5.16976585E+000, 3.77813383E+000, 1.95320673E+001
 1.58333333E+003, 1.73496333E+001, 1.51079091E+000, 2.53105881E+000, 5.08613508E+000, 3.82390064E+000, 1.94488752E+001
 1.61666667E+003, 1.71159869E+001, 1.50391234E+000, 2.56036653E+000, 5.02925191E+000, 3.85056683E+000, 1.93654706E+001
 1.65000000E+003, 1.68816704E+001, 1.49413550E+000, 2.58125990E+000, 5.00001775E+000, 3.85675207E+000, 1.92838288E+001
 1.68333333E+003, 1.66488471E+001, 1.48164310E+000, 2.59312596E+000, 4.99885415E+000, 3.84208718E+000, 1.92060334E+001
 1.71666667E+003, 1.64195389E+001, 1.46670501E+000, 2.59579779E+000, 5.02568665E+000, 3.80726961E+000, 1.91341441E+001
 1.75000000E+003, 1.61954671E+001, 1.44965905E+000, 2.58956750E+000, 5.07994203E+000, 3.75398997E+000, 1.90700514E+001
 1.78333333E+003, 1.59779407E+001, 1.43088741E+000, 2.57514642E+000, 5.16055869E+000, 3.68474459E+000, 1.90153407E+001
 1.81666667E+003, 1.57678041E+001, 1.41079407E+000, 2.55357838E+000, 5.26600986E+000, 3.60257325E+000, 1.89711862E+001
 1.85000000E+003, 1.55654457E+001, 1.38978703E+000, 2.52612227E+000, 5.39433845E+000, 3.51077197E+000, 1.89382922E+001
 1.88333333E+003, 1.53708535E+001, 1.36826565E+000, 2.49412661E+000, 5.54320224E+000, 3.41262776E+000, 1.89168859E+001
 1.91666667E+003, 1.51836996E+001, 1.34661200E+000, 2.45891761E+000, 5.70992745E+000, 3.31120796E+000, 1.89067572E+001
 1.95000000E+003, 1.50034336E+001, 1.32518435E+000, 2.42171508E+000, 5.89156880E+000, 3.20921892E+000, 1.89073341E+001
 1.98333333E+003, 1.48293714E+001, 1.30431191E+000, 2.38358096E+000, 6.08497369E+000, 3.10893304E+000, 1.89177758E+001
 2.01666667E+003, 1.46607679E+001, 1.28429092E+000, 2.34539725E+000, 6.28684839E+000, 3.01217239E+000, 1.89370711E+001
 2.05000000E+003, 1.44968733E+001, 1.26538275E+000, 2.30786539E+000, 6.49382393E+000, 2.92033304E+000, 1.89641286E+001
 2.08333333E+003, 1.43369708E+001, 1.24781440E+000, 2.27151902E+000, 6.70251986E+000, 2.83443415E+000, 1.89978512E+001
 2.11666667E+003, 1.41804005E+001, 1.23178142E+000, 2.23674312E+000, 6.90960403E+000, 2.75517861E+000, 1.90371932E+001
 2.15000000E+003, 1.40265714E+001, 1.21745247E+000, 2.20379506E+000, 7.11184700E+000, 2.68301574E+000, 1.90811975E+001
 2.18333333E+003, 1.38749671E+001, 1.20497505E+000, 2.17282516E+000, 7.30617019E+000, 2.61820011E+000, 1.91290156E+001
 2.21666667E+003, 1.37251453E+001, 1.19448100E+000, 2.14389604E+000, 7.48968704E+000, 2.56084310E+000, 1.91799134E+001
 2.25000000E+003, 1.35767360E+001, 1.18609120E+000, 2.11700080E+000, 7.65973705E+000, 2.51095601E+000, 1.92332628E+001
 2.28333333E+003, 1.34294365E+001, 1.17991842E+000, 2.09208085E+000, 7.81391285E+000, 2.46848473E+000, 1.92885245E+001
 2.31666667E+003, 1.32830067E+001, 1.17606780E+000, 2.06904429E+000, 7.95008081E+000, 2.43333636E+000, 1.93452207E+001
 2.35000000E+003, 1.31372626E+001, 1.17463432E+000, 2.04778551E+000, 8.06639589E+000, 2.40539915E+000, 1.94029018E+001
 2.38333333E+003, 1.29920691E+001, 1.17569715E+000, 2.02820653E+000, 8.16131178E+000, 2.38455663E+000, 1.94611101E+001
 2.41666667E+003, 1.28473308E+001, 1.17931084E+000, 2.01023957E+000, 8.23358719E+000, 2.37069731E+000, 1.95193430E+001
 2.45000000E+003, 1.27029820E+001, 1.18549426E+000, 1.99386974E+000, 8.28228944E+000, 2.36372114E+000, 1.95770226E+001
 2.48333333E+003, 1.25589741E+001, 1.19421857E+000, 1.97915534E+000, 8.30679620E+000, 2.36354407E+000, 1.96334789E+001
 2.51666667E+003, 1.24152615E+001, 1.20539631E+000, 1.96624250E+000, 8.30679620E+000, 2.37010145E+000, 1.96879498E+001
 2.55000000E+003, 1.22717863E+001, 1.21887409E+000, 1.95537100E+000, 8.28228944E+000, 2.38335105E+000, 1.97396032E+001
 2.58333333E+003, 1.21284623E+001, 1.23443101E+000, 1.94686888E+000, 8.23358719E+000, 2.40327532E+000, 1.97875769E+001
 2.61666667E+003, 1.19851584E+001, 1.25178401E+000, 1.94113550E+000, 8.16131178E+000, 2.42988239E+000, 1.98310278E+001
 2.65000000E+003, 1.18416838E+001, 1.27059987E+000, 1.93861524E+000, 8.06639589E+000, 2.46320428E+000, 1.98691808E+001
 2.68333333E+003, 1.16977740E+001, 1.29051219E+000, 1.93976554E+000, 7.95008081E+000, 2.50329108E+000, 1.99013664E+001
 2.71666667E+003, 1.15530801E+001, 1.31114058E+000, 1.94502393E+000, 7.81391285E+000, 2.55019981E+000, 1.99270391E+001
 2.75000000E+003, 1.14071609E+001, 1.33210913E+000, 1.95477750E+000, 7.65973705E+000, 2.60397695E+000, 1.99457788E+001
 2.78333333E+003, 1.12594796E+001, 1.35306159E+000, 1.96933699E+000, 7.48968704E+000, 2.66463424E+000, 1.99572766E+001
 2.81666667E+003, 1.11094056E+001, 1.37367175E+000, 1.98891558E+000, 7.30617019E+000, 2.73211714E+000, 1.99613128E+001
 2.85000000E+003, 1.09562214E+001, 1.39364824E+000, 2.01361136E+000, 7.11184700E+000, 2.80626594E+000, 1.99577340E+001
 2.88333333E+003, 1.07991375E+001, 1.41273414E+000, 2.04339183E+000, 6.90960403E+000, 2.88676940E+000, 1.99464335E+001
 2.91666667E+003, 1.06373143E+001, 1.43070208E+000, 2.07807890E+000, 6.70251986E+000, 2.97311179E+000, 1.99273408E+001
 2.95000000E+003, 1.04698950E+001, 1.44734628E+000, 2.11733365E+000, 6.49382393E+000, 3.06451498E+000, 1.99004207E+001
 2.98333333E+003, 1.02960476E+001, 1.46247297E+000, 2.16064121E+000, 6.28684839E+000, 3.15987937E+000, 1.98656825E+001
 3.01666667E+003, 1.01150200E+001, 1.47589091E+000, 2.20729720E+000, 6.08497369E+000, 3.25772987E+000, 1.98232005E+001
 3.05000000E+003, 9.92620572E+000, 1.48740384E+000, 2.25639881E+000, 5.89156880E+000, 3.35617624E+000, 1.97731432E+001
 3.08333333E+003, 9.72921828E+000, 1.49680676E+000, 2.30684447E+000, 5.70992745E+000, 3.45290041E+000, 1.97158108E+001
 3.11666667E+003, 9.52396987E+000, 1.50388765E+000, 2.35734703E+000, 5.54320224E+000, 3.54518510E+000, 1.96516780E+001
 3.15000000E+003, 9.31074378E+000, 1.50843569E+000, 2.40646516E+000, 5.39433845E+000, 3.62999794E+000, 1.95814375E+001
 3.18333333E+003, 9.09024874E+000, 1.51025625E+000, 2.45265685E+000, 5.26600986E+000, 3.70414034E+000, 1.95060395E+001
 3.21666667E+003, 8.86363992E+000, 1.50919121E+000, 2.49435611E+000, 5.16055869E+000, 3.76446032E+000, 1.94267184E+001
 3.25000000E+003, 8.63249306E+000, 1.50514154E+000, 2.53007021E+000, 5.07994203E+000, 3.80811377E+000, 1.93449972E+001
 3.28333333E+003, 8.39872391E+000, 1.49808762E+000, 2.55848973E+000, 5.02568665E+000, 3.83284179E+000, 1.92626618E+001
 3.31666667E+003, 8.16445566E+000, 1.48810230E+000, 2.57859893E+000, 4.99885415E+000, 3.83721901E+000, 1.91816982E+001
 3.35000000E+003, 7.93184980E+000, 1.47535290E+000, 2.58976993E+000, 5.00001775E+000, 3.82082457E+000, 1.91041907E+001
 3.38333333E+003, 7.70292667E+000, 1.46009123E+000, 2.59182352E+000, 5.02925191E+000, 3.78429878E+000, 1.90321919E+001
 3.41666667E+003, 7.47940612E+000, 1.44263420E+000, 2.58504287E+000, 5.08613508E+000, 3.72927126E+000, 1.89675774E+001
 3.45000000E+003, 7.26259440E+000, 1.42334017E+000, 2.57013426E+000, 5.16976585E+000, 3.65817533E+000, 1.89119099E+001
 3.48333333E+003, 7.05333163E+000, 1.40258642E+000, 2.54814041E+000, 5.27879170E+000, 3.57398713E+000, 1.88663336E+001
 3.51666667E+003, 6.85199952E+000, 1.38075129E+000, 2.52032281E+000, 5.41144958E+000, 3.47993897E+000, 1.88315143E+001
 3.55000000E+003, 6.65857679E+000, 1.35820148E+000, 2.48803575E+000, 5.56561661E+000, 3.37925383E+000, 1.88076313E+001
 3.58333333E+003, 6.47272344E+000, 1.33528310E+000, 2.45261379E+000, 5.73886927E+000, 3.27493373E+000, 1.87944166E+001
 3.61666667E+003, 6.29387435E+000, 1.31231456E+000, 2.41528748E+000, 5.92854871E+000, 3.16961693E+000, 1.87912284E+001
 3.65000000E+003, 6.12132734E+000, 1.28958059E+000, 2.37713186E+000, 6.13183004E+000, 3.06550311E+000, 1.87971440E+001
 3.68333333E+003, 5.95431652E+000, 1.26732727E+000, 2.33904471E+000, 6.34579309E+000, 2.96433515E+000, 1.88110575E+001
 3.71666667E+003, 5.79206734E+000, 1.24575911E+000, 2.30174646E+000, 6.56749226E+000, 2.86742163E+000, 1.88317694E+001
 3.75000000E+003, 5.63383419E+000, 1.22503838E+000, 2.26579357E+000, 6.79402333E+000, 2.77568409E+000, 1.88580625E+001
 3.78333333E+003, 5.47892298E+000, 1.20528697E+000, 2.23159806E+000, 7.02258507E+000, 2.68971607E+000, 1.88887599E+001
 3.81666667E+003, 5.32670282E+000, 1.18659018E+000, 2.19944875E+000, 7.25053413E+000, 2.60984429E+000, 1.89227651E+001
 3.85000000E+003, 5.17661001E+000, 1.16900179E+000, 2.16953147E+000, 7.47543173E+000, 2.53618618E+000, 1.89590866E+001
 3.88333333E+003, 5.02814739E+000, 1.15254963E+000, 2.14194714E+000, 7.69508135E+000, 2.46870039E+000, 1.89968503E+001
 3.91666667E+003, 4.88088124E+000, 1.13724099E+000, 2.11672743E+000, 7.90755671E+000, 2.40722920E+000, 1.90353014E+001
 3.95000000E+003, 4.73443710E+000, 1.12306746E+000, 2.09384828E+000, 8.11122016E+000, 2.35153287E+000, 1.90738008E+001
 3.98333333E+003, 4.58849541E+000, 1.11000884E+000, 2.07324167E+000, 8.30473157E+000, 2.30131659E+000, 1.91118165E+001
 4.01666667E+003, 4.44278728E+000, 1.09803627E+000, 2.05480576E+000, 8.48704827E+000, 2.25625125E+000, 1.91489133E+001
 4.05000000E+003, 4.29709062E+000, 1.08711434E+000, 2.03841393E+000, 8.65741713E+000, 2.21598901E+000, 1.91847412E+001
 4.08333333E+003, 4.15122638E+000, 1.07720261E+000, 2.02392269E+000, 8.81535960E+000, 2.18017480E+000, 1.92190248E+001
 4.11666667E+003, 4.00505502E+000, 1.06825654E+000, 2.01117862E+000, 8.96065107E+000, 2.14845471E+000, 1.92515530E+001
 4.15000000E+003, 3.85847278E+000, 1.06022812E+000, 2.00002430E+000, 9.09329588E+000, 2.12048199E+000, 1.92821702E+001
 4.18333333E+003, 3.71140790E+000, 1.05306630E+000, 1.99030327E+000, 9.21349918E+000, 2.09592130E+000, 1.93107692E+001
 4.21666667E+003, 3.56381669E+000, 1.04671746E+000, 1.98186399E+000, 9.32163702E+000, 2.07445163E+000, 1.93372851E+001
 4.25000000E+003, 3.41567939E+000, 1.04112581E+000, 1.97456282E+000, 9.41822580E+000, 2.05576831E+000, 1.93616901E+001
 4.28333333E+003, 3.26699607E+000, 1.03623404E+000, 1.96826609E+000, 9.50389210E+000, 2.03958431E+000, 1.93839893E+001
 4.31666667E+003, 3.11778255E+000, 1.03198398E+000, 1.96285127E+000, 9.57934392E+000, 2.02563106E+000, 1.94042166E+001
 4.35000000E+003, 2.96806656E+000, 1.02831738E+000, 1.95820750E+000, 9.64534379E+000, 2.01365881E+000, 1.94224315E+001
 4.38333333E+003, 2.81788423E+000, 1.02517672E+000, 1.95423550E+000, 9.70268467E+000, 2.00343675E+000, 1.94387150E+001
 4.41666667E+003, 2.66727693E+000, 1.02250605E+000, 1.95084703E+000, 9.75216856E+000, 1.99475289E+000, 1.94531664E+001
 4.45000000E+003, 2.51628868E+000, 1.02025176E+000, 1.94796403E+000, 9.79458846E+000, 1.98741373E+000, 1.94658996E+001
 4.48333333E+003, 2.36496394E+000, 1.01836335E+000, 1.94551757E+000, 9.83071338E+000, 1.98124378E+000, 1.94770398E+001
 4.51666667E+003, 2.21334603E+000, 1.01679411E+000, 1.94344655E+000, 9.86127659E+000, 1.97608500E+000, 1.94867208E+001
 4.55000000E+003, 2.06147582E+000, 1.01550187E+000, 1.94169627E+000, 9.88696674E+000, 1.97179619E+000, 1.94950834E+001
 4.58333333E+003, 1.90939104E+000, 1.01444984E+000, 1.94021657E+000, 9.90842180E+000, 1.96825240E+000, 1.95022750E+001
 4.61666667E+003, 1.75712571E+000, 1.01360794E+000, 1.93895931E+000, 9.92622533E+000, 1.96534455E+000, 1.95084529E+001
 4.65000000E+003, 1.60471001E+000, 1.01295489E+000, 1.93787455E+000, 9.94090486E+000, 1.96297951E+000, 1.95137925E+001
 4.68333333E+003, 1.45217027E+000, 1.01248218E+000, 1.93690412E+000, 9.95293201E+000, 1.96108091E+000, 1.95185049E+001
 4.71666667E+003, 1.29952911E+000, 1.01220121E+000, 1.93597049E+000, 9.96272403E+000, 1.95959167E+000, 1.95228711E+001
 4.75000000E+003, 1.14680578E+000, 1.01215666E+000, 1.93495682E+000, 9.97064639E+000, 1.95847943E+000, 1.95273058E+001
 4.78333333E+003, 9.94016385E-001, 1.01245090E+000, 1.93367116E+000, 9.97701612E+000, 1.95774711E+000, 1.95324745E+001
 4.81666667E+003, 8.41174313E-001, 1.01328841E+000, 1.93178226E+000, 9.98210570E+000, 1.95745258E+000, 1.95394986E+001
 4.85000000E+003, 6.88290552E-001, 1.01505452E+000, 1.92870687E+000, 9.98614727E+000, 1.95774263E+000, 1.95503062E+001
 4.88333333E+003, 5.35374040E-001, 1.01845014E+000, 1.92341935E+000, 9.98933686E+000, 1.95890670E+000, 1.95681789E+001
 4.91666667E+003, 3.82431984E-001, 1.02470623E+000, 1.91415580E+000, 9.99183860E+000, 1.96144738E+000, 1.95984657E+001
 4.95000000E+003, 2.29470143E-001, 1.03587945E+000, 1.89803761E+000, 9.99378883E+000, 1.96613816E+000, 1.96491696E+001
 4.98333333E+003, 7.64930828E-002, 1.05531036E+000, 1.87141470E+000, 9.99529986E+000, 1.97492332E+000, 1.97399508E+001
