   10000.519755004430      ,         150
X,ZB,H,U,L,Q,QL
 1.66666667E+001, 2.48437310E+001, 1.07527988E+000, 1.75400994E+000, 9.99529986E+000, 1.88605161E+000, 1.88516513E+001
 5.00000000E+001, 2.46908096E+001, 1.02688290E+000, 1.91157581E+000, 9.99378883E+000, 1.96296452E+000, 1.96174529E+001
 8.33333333E+001, 2.45379197E+001, 1.01958533E+000, 1.93623183E+000, 9.99183860E+000, 1.97415356E+000, 1.97254237E+001
 1.16666667E+002, 2.43850698E+001, 1.01903060E+000, 1.93916843E+000, 9.98933686E+000, 1.97607196E+000, 1.97396484E+001
 1.50000000E+002, 2.42322708E+001, 1.01946825E+000, 1.93917106E+000, 9.98614727E+000, 1.97692331E+000, 1.97418474E+001
 1.83333333E+002, 2.40795359E+001, 1.02015718E+000, 1.93872104E+000, 9.98210570E+000, 1.97780020E+000, 1.97426106E+001
 2.16666667E+002, 2.39268814E+001, 1.02103079E+000, 1.93811640E+000, 9.97701612E+000, 1.97887651E+000, 1.97432828E+001
 2.50000000E+002, 2.37743267E+001, 1.02211238E+000, 1.93737712E+000, 9.97064639E+000, 1.98021713E+000, 1.97440448E+001
 2.83333333E+002, 2.36218952E+001, 1.02344181E+000, 1.93648616E+000, 9.96272403E+000, 1.98188090E+000, 1.97449325E+001
 3.16666667E+002, 2.34696147E+001, 1.02506683E+000, 1.93541963E+000, 9.95293201E+000, 1.98393446E+000, 1.97459648E+001
 3.50000000E+002, 2.33175180E+001, 1.02704255E+000, 1.93415054E+000, 9.94090486E+000, 1.98645491E+000, 1.97471592E+001
 3.83333333E+002, 2.31656428E+001, 1.02943196E+000, 1.93264946E+000, 9.92622533E+000, 1.98953113E+000, 1.97485343E+001
 4.16666667E+002, 2.30140329E+001, 1.03230644E+000, 1.93088479E+000, 9.90842180E+000, 1.99326481E+000, 1.97501085E+001
 4.50000000E+002, 2.28627375E+001, 1.03574614E+000, 1.92882346E+000, 9.88696674E+000, 1.99777145E+000, 1.97518999E+001
 4.83333333E+002, 2.27118119E+001, 1.03984016E+000, 1.92643187E+000, 9.86127659E+000, 2.00318123E+000, 1.97539241E+001
 5.16666667E+002, 2.25613165E+001, 1.04468633E+000, 1.92367757E+000, 9.83071338E+000, 2.00963965E+000, 1.97561914E+001
 5.50000000E+002, 2.24113166E+001, 1.05039032E+000, 1.92053181E+000, 9.79458846E+000, 2.01730803E+000, 1.97587019E+001
 5.83333333E+002, 2.22618806E+001, 1.05706403E+000, 1.91697331E+000, 9.75216856E+000, 2.02636354E+000, 1.97614388E+001
 6.16666667E+002, 2.21130785E+001, 1.06482269E+000, 1.91299362E+000, 9.70268467E+000, 2.03699901E+000, 1.97643591E+001
 6.50000000E+002, 2.19649789E+001, 1.07378059E+000, 1.90860428E+000, 9.64534379E+000, 2.04942222E+000, 1.97673819E+001
 6.83333333E+002, 2.18176459E+001, 1.08404509E+000, 1.90384599E+000, 9.57934392E+000, 2.06385489E+000, 1.97703758E+001
 7.16666667E+002, 2.16711344E+001, 1.09570896E+000, 1.89879934E+000, 9.50389210E+000, 2.08053146E+000, 1.97731465E+001
 7.50000000E+002, 2.15254847E+001, 1.10884140E+000, 1.89359627E+000, 9.41822580E+000, 2.09969793E+000, 1.97754292E+001
 7.83333333E+002, 2.13807167E+001, 1.12347843E+000, 1.88843069E+000, 9.32163702E+000, 2.12161114E+000, 1.97768890E+001
 8.16666667E+002, 2.12368223E+001, 1.13961416E+000, 1.88356615E+000, 9.21349918E+000, 2.14653866E+000, 1.97771322E+001
 8.50000000E+002, 2.10937577E+001, 1.15719425E+000, 1.87933841E+000, 9.09329588E+000, 2.17475960E+000, 1.97757325E+001
 8.83333333E+002, 2.09514353E+001, 1.17611317E+000, 1.87615104E+000, 8.96065107E+000, 2.20656596E+000, 1.97722676E+001
 9.16666667E+002, 2.08097142E+001, 1.19621632E+000, 1.87446366E+000, 8.81535960E+000, 2.24226402E+000, 1.97663636E+001
 9.50000000E+002, 2.06683926E+001, 1.21730694E+000, 1.87477355E+000, 8.65741713E+000, 2.28217484E+000, 1.97577396E+001
 9.83333333E+002, 2.05271991E+001, 1.23915719E+000, 1.87759289E+000, 8.48704827E+000, 2.32663273E+000, 1.97462443E+001
 1.01666667E+003, 2.03857855E+001, 1.26152166E+000, 1.88342429E+000, 8.30473157E+000, 2.37598054E+000, 1.97318806E+001
 1.05000000E+003, 2.02437215E+001, 1.28415139E+000, 1.89273708E+000, 8.11122016E+000, 2.43056095E+000, 1.97148150E+001
 1.08333333E+003, 2.01004909E+001, 1.30680639E+000, 1.90594625E+000, 7.90755671E+000, 2.49070274E+000, 1.96953731E+001
 1.11666667E+003, 1.99554910E+001, 1.32926527E+000, 1.92339426E+000, 7.69508135E+000, 2.55670119E+000, 1.96740236E+001
 1.15000000E+003, 1.98080354E+001, 1.35133098E+000, 1.94533540E+000, 7.47543173E+000, 2.62879200E+000, 1.96513551E+001
 1.18333333E+003, 1.96573622E+001, 1.37283224E+000, 1.97192162E+000, 7.25053413E+000, 2.70711758E+000, 1.96280484E+001
 1.21666667E+003, 1.95026474E+001, 1.39362086E+000, 2.00318842E+000, 7.02258507E+000, 2.79168517E+000, 1.96048466E+001
 1.25000000E+003, 1.93430270E+001, 1.41356535E+000, 2.03904004E+000, 6.79402333E+000, 2.88231634E+000, 1.95825244E+001
 1.28333333E+003, 1.91776270E+001, 1.43254174E+000, 2.07923334E+000, 6.56749226E+000, 2.97858854E+000, 1.95618572E+001
 1.31666667E+003, 1.90056055E+001, 1.45042251E+000, 2.12336124E+000, 6.34579309E+000, 3.07977094E+000, 1.95435891E+001
 1.35000000E+003, 1.88262051E+001, 1.46706510E+000, 2.17083703E+000, 6.13183004E+000, 3.18475924E+000, 1.95284024E+001
 1.38333333E+003, 1.86388178E+001, 1.48230160E+000, 2.22088248E+000, 5.92854871E+000, 3.29201766E+000, 1.95168871E+001
 1.41666667E+003, 1.84430588E+001, 1.49593152E+000, 2.27252375E+000, 5.73886927E+000, 3.39953993E+000, 1.95095152E+001
 1.45000000E+003, 1.82388433E+001, 1.50771970E+000, 2.32459954E+000, 5.56561661E+000, 3.50484451E+000, 1.95066209E+001
 1.48333333E+003, 1.80264589E+001, 1.51740123E+000, 2.37578641E+000, 5.41144958E+000, 3.60502122E+000, 1.95083906E+001
 1.51666667E+003, 1.78066191E+001, 1.52469461E+000, 2.42464525E+000, 5.27879170E+000, 3.69684354E+000, 1.95148670E+001
 1.55000000E+003, 1.75804838E+001, 1.52932292E+000, 2.46969013E+000, 5.16976585E+000, 3.77695371E+000, 1.95259663E+001
 1.58333333E+003, 1.73496333E+001, 1.53104111E+000, 2.50947765E+000, 5.08613508E+000, 3.84211344E+000, 1.95415080E+001
 1.61666667E+003, 1.71159869E+001, 1.52966540E+000, 2.54270970E+000, 5.02925191E+000, 3.88949504E+000, 1.95612503E+001
 1.65000000E+003, 1.68816704E+001, 1.52509957E+000, 2.56833776E+000, 5.00001775E+000, 3.91697082E+000, 1.95849236E+001
 1.68333333E+003, 1.66488471E+001, 1.51735314E+000, 2.58565338E+000, 4.99885415E+000, 3.92334928E+000, 1.96122508E+001
 1.71666667E+003, 1.64195389E+001, 1.50654791E+000, 2.59434872E+000, 5.02568665E+000, 3.90851065E+000, 1.96429498E+001
 1.75000000E+003, 1.61954671E+001, 1.49291277E+000, 2.59453452E+000, 5.07994203E+000, 3.87341373E+000, 1.96767172E+001
 1.78333333E+003, 1.59779407E+001, 1.47676877E+000, 2.58671087E+000, 5.16055869E+000, 3.81997383E+000, 1.97131992E+001
 1.81666667E+003, 1.57678041E+001, 1.45850843E+000, 2.57169588E+000, 5.26600986E+000, 3.75084012E+000, 1.97519610E+001
 1.85000000E+003, 1.55654457E+001, 1.43857263E+000, 2.55052717E+000, 5.39433845E+000, 3.66911858E+000, 1.97924674E+001
 1.88333333E+003, 1.53708535E+001, 1.41742763E+000, 2.52435528E+000, 5.54320224E+000, 3.57809092E+000, 1.98340816E+001
 1.91666667E+003, 1.51836996E+001, 1.39554355E+000, 2.49434705E+000, 5.70992745E+000, 3.48096994E+000, 1.98760858E+001
 1.95000000E+003, 1.50034336E+001, 1.37337549E+000, 2.46161071E+000, 5.89156880E+000, 3.38071582E+000, 1.99177198E+001
 1.98333333E+003, 1.48293714E+001, 1.35134838E+000, 2.42714644E+000, 6.08497369E+000, 3.27992040E+000, 1.99582293E+001
 2.01666667E+003, 1.46607679E+001, 1.32984633E+000, 2.39182028E+000, 6.28684839E+000, 3.18075343E+000, 1.99969146E+001
 2.05000000E+003, 1.44968733E+001, 1.30920718E+000, 2.35635565E+000, 6.49382393E+000, 3.08495773E+000, 2.00331723E+001
 2.08333333E+003, 1.43369708E+001, 1.28972168E+000, 2.32133638E+000, 6.70251986E+000, 2.99387785E+000, 2.00665258E+001
 2.11666667E+003, 1.41804005E+001, 1.27163678E+000, 2.28721623E+000, 6.90960403E+000, 2.90850827E+000, 2.00966405E+001
 2.15000000E+003, 1.40265714E+001, 1.25516150E+000, 2.25433145E+000, 7.11184700E+000, 2.82955005E+000, 2.01233271E+001
 2.18333333E+003, 1.38749671E+001, 1.24047420E+000, 2.22291464E+000, 7.30617019E+000, 2.75746826E+000, 2.01465324E+001
 2.21666667E+003, 1.37251453E+001, 1.22772982E+000, 2.19310903E+000, 7.48968704E+000, 2.69254536E+000, 2.01663221E+001
 2.25000000E+003, 1.35767360E+001, 1.21706627E+000, 2.16498322E+000, 7.65973705E+000, 2.63492806E+000, 2.01828561E+001
 2.28333333E+003, 1.34294365E+001, 1.20860888E+000, 2.13854675E+000, 7.81391285E+000, 2.58466660E+000, 2.01963595E+001
 2.31666667E+003, 1.32830067E+001, 1.20247237E+000, 2.11376706E+000, 7.95008081E+000, 2.54174647E+000, 2.02070899E+001
 2.35000000E+003, 1.31372626E+001, 1.19875989E+000, 2.09058824E+000, 8.06639589E+000, 2.50611333E+000, 2.02153023E+001
 2.38333333E+003, 1.29920691E+001, 1.19755895E+000, 2.06895183E+000, 8.16131178E+000, 2.47769177E+000, 2.02212151E+001
 2.41666667E+003, 1.28473308E+001, 1.19893413E+000, 2.04881924E+000, 8.23358719E+000, 2.45639932E+000, 2.02249779E+001
 2.45000000E+003, 1.27029820E+001, 1.20291750E+000, 2.03019460E+000, 8.28228944E+000, 2.44215662E+000, 2.02266480E+001
 2.48333333E+003, 1.25589741E+001, 1.20949768E+000, 2.01314583E+000, 8.30679620E+000, 2.43489522E+000, 2.02261784E+001
 2.51666667E+003, 1.24152615E+001, 1.21860962E+000, 1.99782088E+000, 8.30679620E+000, 2.43456374E+000, 2.02234248E+001
 2.55000000E+003, 1.22717863E+001, 1.23012720E+000, 1.98445606E+000, 8.28228944E+000, 2.44113337E+000, 2.02181731E+001
 2.58333333E+003, 1.21284623E+001, 1.24386096E+000, 1.97337372E+000, 8.23358719E+000, 2.45460253E+000, 2.02101840E+001
 2.61666667E+003, 1.19851584E+001, 1.25956223E+000, 1.96496874E+000, 8.16131178E+000, 2.47500040E+000, 2.01992499E+001
 2.65000000E+003, 1.18416838E+001, 1.27693366E+000, 1.95968520E+000, 8.06639589E+000, 2.50238799E+000, 2.01852522E+001
 2.68333333E+003, 1.16977740E+001, 1.29564501E+000, 1.95798664E+000, 7.95008081E+000, 2.53685561E+000, 2.01682071E+001
 2.71666667E+003, 1.15530801E+001, 1.31535148E+000, 1.96032419E+000, 7.81391285E+000, 2.57851533E+000, 2.01482941E+001
 2.75000000E+003, 1.14071609E+001, 1.33571184E+000, 1.96710653E+000, 7.65973705E+000, 2.62748748E+000, 2.01258632E+001
 2.78333333E+003, 1.12594796E+001, 1.35640368E+000, 1.97867370E+000, 7.48968704E+000, 2.68388028E+000, 2.01014233E+001
 2.81666667E+003, 1.11094056E+001, 1.37713402E+000, 1.99527573E+000, 7.30617019E+000, 2.74776209E+000, 2.00756175E+001
 2.85000000E+003, 1.09562214E+001, 1.39764432E+000, 2.01705504E+000, 7.11184700E+000, 2.81912551E+000, 2.00491893E+001
 2.88333333E+003, 1.07991375E+001, 1.41770979E+000, 2.04403110E+000, 6.90960403E+000, 2.89784290E+000, 2.00229470E+001
 2.91666667E+003, 1.06373143E+001, 1.43713380E+000, 2.07608583E+000, 6.70251986E+000, 2.98361313E+000, 1.99977263E+001
 2.95000000E+003, 1.04698950E+001, 1.45573829E+000, 2.11294870E+000, 6.49382393E+000, 3.07590032E+000, 1.99743551E+001
 2.98333333E+003, 1.02960476E+001, 1.47335162E+000, 2.15418153E+000, 6.28684839E+000, 3.17386684E+000, 1.99536196E+001
 3.01666667E+003, 1.01150200E+001, 1.48979562E+000, 2.19916429E+000, 6.08497369E+000, 3.27630533E+000, 1.99362317E+001
 3.05000000E+003, 9.92620572E+000, 1.50487363E+000, 2.24708444E+000, 5.89156880E+000, 3.38157813E+000, 1.99228002E+001
 3.08333333E+003, 9.72921828E+000, 1.51836167E+000, 2.29693355E+000, 5.70992745E+000, 3.48757586E+000, 1.99138051E+001
 3.11666667E+003, 9.52396987E+000, 1.53000493E+000, 2.34751600E+000, 5.54320224E+000, 3.59171104E+000, 1.99095807E+001
 3.15000000E+003, 9.31074378E+000, 1.53952154E+000, 2.39747451E+000, 5.39433845E+000, 3.69096365E+000, 1.99103072E+001
 3.18333333E+003, 9.09024874E+000, 1.54661485E+000, 2.44533656E+000, 5.26600986E+000, 3.78199385E+000, 1.99160169E+001
 3.21666667E+003, 8.86363992E+000, 1.55099403E+000, 2.48958328E+000, 5.16055869E+000, 3.86132881E+000, 1.99266139E+001
 3.25000000E+003, 8.63249306E+000, 1.55240100E+000, 2.52873885E+000, 5.07994203E+000, 3.92561673E+000, 1.99419054E+001
 3.28333333E+003, 8.39872391E+000, 1.55063974E+000, 2.56147356E+000, 5.02568665E+000, 3.97192269E+000, 1.99616389E+001
 3.31666667E+003, 8.16445566E+000, 1.54560252E+000, 2.58670871E+000, 4.99885415E+000, 3.99802351E+000, 1.99855364E+001
 3.35000000E+003, 7.93184980E+000, 1.53728800E+000, 2.60370799E+000, 5.00001775E+000, 4.00264904E+000, 2.00133162E+001
 3.38333333E+003, 7.70292667E+000, 1.52580759E+000, 2.61213909E+000, 5.02925191E+000, 3.98562165E+000, 2.00446953E+001
 3.41666667E+003, 7.47940612E+000, 1.51137985E+000, 2.61209290E+000, 5.08613508E+000, 3.94786456E+000, 2.00793725E+001
 3.45000000E+003, 7.26259440E+000, 1.49431490E+000, 2.60405521E+000, 5.16976585E+000, 3.89127850E+000, 2.01169987E+001
 3.48333333E+003, 7.05333163E+000, 1.47499293E+000, 2.58883618E+000, 5.27879170E+000, 3.81851507E+000, 2.01571457E+001
 3.51666667E+003, 6.85199952E+000, 1.45384004E+000, 2.56747214E+000, 5.41144958E+000, 3.73269380E+000, 2.01992843E+001
 3.55000000E+003, 6.65857679E+000, 1.43130422E+000, 2.54111888E+000, 5.56561661E+000, 3.63711417E+000, 2.02427830E+001
 3.58333333E+003, 6.47272344E+000, 1.40783274E+000, 2.51095471E+000, 5.73886927E+000, 3.53500425E+000, 2.02869273E+001
 3.61666667E+003, 6.29387435E+000, 1.38385231E+000, 2.47810490E+000, 5.92854871E+000, 3.42933119E+000, 2.03309570E+001
 3.65000000E+003, 6.12132734E+000, 1.35975285E+000, 2.44359178E+000, 6.13183004E+000, 3.32268088E+000, 2.03741144E+001
 3.68333333E+003, 5.95431652E+000, 1.33587604E+000, 2.40830809E+000, 6.34579309E+000, 3.21720107E+000, 2.04156923E+001
 3.71666667E+003, 5.79206734E+000, 1.31250893E+000, 2.37300822E+000, 6.56749226E+000, 3.11459449E+000, 2.04550752E+001
 3.75000000E+003, 5.63383419E+000, 1.28988244E+000, 2.33831103E+000, 6.79402333E+000, 3.01614633E+000, 2.04917685E+001
 3.78333333E+003, 5.47892298E+000, 1.26817382E+000, 2.30470917E+000, 7.02258507E+000, 2.92277183E+000, 2.05254138E+001
 3.81666667E+003, 5.32670282E+000, 1.24751205E+000, 2.27258142E+000, 7.25053413E+000, 2.83507271E+000, 2.05557915E+001
 3.85000000E+003, 5.17661001E+000, 1.22798468E+000, 2.24220588E+000, 7.47543173E+000, 2.75339448E+000, 2.05828124E+001
 3.88333333E+003, 5.02814739E+000, 1.20964522E+000, 2.21377291E+000, 7.69508135E+000, 2.67787981E+000, 2.06065030E+001
 3.91666667E+003, 4.88088124E+000, 1.19252012E+000, 2.18739751E+000, 7.90755671E+000, 2.60851553E+000, 2.06269845E+001
 3.95000000E+003, 4.73443710E+000, 1.17661497E+000, 2.16313084E+000, 8.11122016E+000, 2.54517212E+000, 2.06444514E+001
 3.98333333E+003, 4.58849541E+000, 1.16191951E+000, 2.14097108E+000, 8.30473157E+000, 2.48763607E+000, 2.06591498E+001
 4.01666667E+003, 4.44278728E+000, 1.14841152E+000, 2.12087348E+000, 8.48704827E+000, 2.43563554E+000, 2.06713564E+001
 4.05000000E+003, 4.29709062E+000, 1.13605965E+000, 2.10275971E+000, 8.65741713E+000, 2.38886045E+000, 2.06813614E+001
 4.08333333E+003, 4.15122638E+000, 1.12482536E+000, 2.08652644E+000, 8.81535960E+000, 2.34697785E+000, 2.06894537E+001
 4.11666667E+003, 4.00505502E+000, 1.11466426E+000, 2.07205309E+000, 8.96065107E+000, 2.30964352E+000, 2.06959097E+001
 4.15000000E+003, 3.85847278E+000, 1.10552701E+000, 2.05920857E+000, 9.09329588E+000, 2.27651069E+000, 2.07009853E+001
 4.18333333E+003, 3.71140790E+000, 1.09736002E+000, 2.04785710E+000, 9.21349918E+000, 2.24723650E+000, 2.07049116E+001
 4.21666667E+003, 3.56381669E+000, 1.09010603E+000, 2.03786292E+000, 9.32163702E+000, 2.22148665E+000, 2.07078922E+001
 4.25000000E+003, 3.41567939E+000, 1.08370481E+000, 2.02909399E+000, 9.41822580E+000, 2.19893891E+000, 2.07101031E+001
 4.28333333E+003, 3.26699607E+000, 1.07809388E+000, 2.02142463E+000, 9.50389210E+000, 2.17928552E+000, 2.07116945E+001
 4.31666667E+003, 3.11778255E+000, 1.07320936E+000, 2.01473733E+000, 9.57934392E+000, 2.16223496E+000, 2.07127923E+001
 4.35000000E+003, 2.96806656E+000, 1.06898689E+000, 2.00892363E+000, 9.64534379E+000, 2.14751303E+000, 2.07135015E+001
 4.38333333E+003, 2.81788423E+000, 1.06536260E+000, 2.00388455E+000, 9.70268467E+000, 2.13486366E+000, 2.07139089E+001
 4.41666667E+003, 2.66727693E+000, 1.06227403E+000, 1.99953039E+000, 9.75216856E+000, 2.12404920E+000, 2.07140858E+001
 4.45000000E+003, 2.51628868E+000, 1.05966103E+000, 1.99578027E+000, 9.79458846E+000, 2.11485057E+000, 2.07140910E+001
 4.48333333E+003, 2.36496394E+000, 1.05746658E+000, 1.99256140E+000, 9.83071338E+000, 2.10706708E+000, 2.07139725E+001
 4.51666667E+003, 2.21334603E+000, 1.05563746E+000, 1.98980825E+000, 9.86127659E+000, 2.10051613E+000, 2.07137706E+001
 4.55000000E+003, 2.06147582E+000, 1.05412491E+000, 1.98746159E+000, 9.88696674E+000, 2.09503276E+000, 2.07135193E+001
 4.58333333E+003, 1.90939104E+000, 1.05288513E+000, 1.98546739E+000, 9.90842180E+000, 2.09046908E+000, 2.07132495E+001
 4.61666667E+003, 1.75712571E+000, 1.05188002E+000, 1.98377543E+000, 9.92622533E+000, 2.08669373E+000, 2.07129922E+001
 4.65000000E+003, 1.60471001E+000, 1.05107807E+000, 1.98233746E+000, 9.94090486E+000, 2.08359142E+000, 2.07127841E+001
 4.68333333E+003, 1.45217027E+000, 1.05045599E+000, 1.98110418E+000, 9.95293201E+000, 2.08106275E+000, 2.07126760E+001
 4.71666667E+003, 1.29952911E+000, 1.05000160E+000, 1.98002047E+000, 9.96272403E+000, 2.07902466E+000, 2.07127490E+001
 4.75000000E+003, 1.14680578E+000, 1.04971923E+000, 1.97901685E+000, 9.97064639E+000, 2.07741204E+000, 2.07131409E+001
 4.78333333E+003, 9.94016385E-001, 1.04963954E+000, 1.97799465E+000, 9.97701612E+000, 2.07618139E+000, 2.07140952E+001
 4.81666667E+003, 8.41174313E-001, 1.04983759E+000, 1.97679940E+000, 9.98210570E+000, 2.07531833E+000, 2.07160469E+001
 4.85000000E+003, 6.88290552E-001, 1.05046521E+000, 1.97517393E+000, 9.98614727E+000, 2.07485150E+000, 2.07197727E+001
 4.88333333E+003, 5.35374040E-001, 1.05180821E+000, 1.97267625E+000, 9.98933686E+000, 2.07487708E+000, 2.07266460E+001
 4.91666667E+003, 3.82431984E-001, 1.05438459E+000, 1.96854044E+000, 9.99183860E+000, 2.07559870E+000, 2.07390472E+001
 4.95000000E+003, 2.29470143E-001, 1.05910480E+000, 1.96145558E+000, 9.99378883E+000, 2.07738703E+000, 2.07609673E+001
 4.98333333E+003, 7.64930828E-002, 1.06767171E+000, 1.94976668E+000, 9.99529986E+000, 2.08171073E+000, 2.08073230E+001
