   10001.528388256220      ,         150
X,ZB,H,U,L,Q,QL
 1.66666667E+001, 2.48437310E+001, 1.08662614E+000, 1.73758040E+000, 9.99529986E+000, 1.88810028E+000, 1.88721285E+001
 5.00000000E+001, 2.46908096E+001, 1.02201641E+000, 1.93685794E+000, 9.99378883E+000, 1.97950059E+000, 1.97827109E+001
 8.33333333E+001, 2.45379197E+001, 1.02065014E+000, 1.94202792E+000, 9.99183860E+000, 1.98213107E+000, 1.98051338E+001
 1.16666667E+002, 2.43850698E+001, 1.02108634E+000, 1.94181783E+000, 9.98933686E+000, 1.98276366E+000, 1.98064942E+001
 1.50000000E+002, 2.42322708E+001, 1.02169063E+000, 1.94138425E+000, 9.98614727E+000, 1.98349409E+000, 1.98074641E+001
 1.83333333E+002, 2.40795359E+001, 1.02244579E+000, 1.94084950E+000, 9.98210570E+000, 1.98441341E+000, 1.98086244E+001
 2.16666667E+002, 2.39268814E+001, 1.02338254E+000, 1.94019936E+000, 9.97701612E+000, 1.98556614E+000, 1.98100254E+001
 2.50000000E+002, 2.37743267E+001, 1.02453823E+000, 1.93941357E+000, 9.97064639E+000, 1.98700335E+000, 1.98117078E+001
 2.83333333E+002, 2.36218952E+001, 1.02595648E+000, 1.93846920E+000, 9.96272403E+000, 1.98878504E+000, 1.98137165E+001
 3.16666667E+002, 2.34696147E+001, 1.02768783E+000, 1.93734056E+000, 9.95293201E+000, 1.99098131E+000, 1.98161016E+001
 3.50000000E+002, 2.33175180E+001, 1.02979045E+000, 1.93599914E+000, 9.94090486E+000, 1.99367343E+000, 1.98189179E+001
 3.83333333E+002, 2.31656428E+001, 1.03233091E+000, 1.93441363E+000, 9.92622533E+000, 1.99695500E+000, 1.98222253E+001
 4.16666667E+002, 2.30140329E+001, 1.03538479E+000, 1.93255012E+000, 9.90842180E+000, 2.00093300E+000, 1.98260882E+001
 4.50000000E+002, 2.28627375E+001, 1.03903723E+000, 1.93037250E+000, 9.88696674E+000, 2.00572889E+000, 1.98305748E+001
 4.83333333E+002, 2.27118119E+001, 1.04338321E+000, 1.92784341E+000, 9.86127659E+000, 2.01147945E+000, 1.98357552E+001
 5.16666667E+002, 2.25613165E+001, 1.04852746E+000, 1.92492581E+000, 9.83071338E+000, 2.01833758E+000, 1.98416983E+001
 5.50000000E+002, 2.24113166E+001, 1.05458362E+000, 1.92158561E+000, 9.79458846E+000, 2.02647271E+000, 1.98484663E+001
 5.83333333E+002, 2.22618806E+001, 1.06167246E+000, 1.91779579E+000, 9.75216856E+000, 2.03607097E+000, 1.98561073E+001
 6.16666667E+002, 2.21130785E+001, 1.06991866E+000, 1.91354245E+000, 9.70268467E+000, 2.04733478E+000, 1.98646438E+001
 6.50000000E+002, 2.19649789E+001, 1.07944586E+000, 1.90883317E+000, 9.64534379E+000, 2.06048206E+000, 1.98740578E+001
 6.83333333E+002, 2.18176459E+001, 1.09036950E+000, 1.90370776E+000, 9.57934392E+000, 2.07574488E+000, 1.98842741E+001
 7.16666667E+002, 2.16711344E+001, 1.10278774E+000, 1.89825094E+000, 9.50389210E+000, 2.09336786E+000, 1.98951423E+001
 7.50000000E+002, 2.15254847E+001, 1.11677073E+000, 1.89260561E+000, 9.41822580E+000, 2.11360654E+000, 1.99064236E+001
 7.83333333E+002, 2.13807167E+001, 1.13234944E+000, 1.88698472E+000, 9.32163702E+000, 2.13672609E+000, 1.99177850E+001
 8.16666667E+002, 2.12368223E+001, 1.14950573E+000, 1.88167903E+000, 9.21349918E+000, 2.16300083E+000, 1.99288063E+001
 8.50000000E+002, 2.10937577E+001, 1.16816547E+000, 1.87705818E+000, 9.09329588E+000, 2.19271454E+000, 1.99390021E+001
 8.83333333E+002, 2.09514353E+001, 1.18819638E+000, 1.87356363E+000, 8.96065107E+000, 2.22616153E+000, 1.99478567E+001
 9.16666667E+002, 2.08097142E+001, 1.20941161E+000, 1.87169327E+000, 8.81535960E+000, 2.26364757E+000, 1.99548674E+001
 9.50000000E+002, 2.06683926E+001, 1.23157857E+000, 1.87197952E+000, 8.65741713E+000, 2.30548986E+000, 1.99595875E+001
 9.83333333E+002, 2.05271991E+001, 1.25443206E+000, 1.87496379E+000, 8.48704827E+000, 2.35201470E+000, 1.99616623E+001
 1.01666667E+003, 2.03857855E+001, 1.27768944E+000, 1.88117054E+000, 8.30473157E+000, 2.40355175E+000, 1.99608521E+001
 1.05000000E+003, 2.02437215E+001, 1.30106579E+000, 1.89108343E+000, 8.11122016E+000, 2.46042396E+000, 1.99570405E+001
 1.08333333E+003, 2.01004909E+001, 1.32428702E+000, 1.90512491E+000, 7.90755671E+000, 2.52293218E+000, 1.99502293E+001
 1.11666667E+003, 1.99554910E+001, 1.34709956E+000, 1.92363932E+000, 7.69508135E+000, 2.59133369E+000, 1.99405236E+001
 1.15000000E+003, 1.98080354E+001, 1.36927596E+000, 1.94687856E+000, 7.47543173E+000, 2.66581401E+000, 1.99281106E+001
 1.18333333E+003, 1.96573622E+001, 1.39061607E+000, 1.97498863E+000, 7.25053413E+000, 2.74645092E+000, 1.99132362E+001
 1.21666667E+003, 1.95026474E+001, 1.41094432E+000, 2.00799588E+000, 7.02258507E+000, 2.83317037E+000, 1.98961800E+001
 1.25000000E+003, 1.93430270E+001, 1.43010369E+000, 2.04579146E+000, 6.79402333E+000, 2.92569391E+000, 1.98772327E+001
 1.28333333E+003, 1.91776270E+001, 1.44794734E+000, 2.08811376E+000, 6.56749226E+000, 3.02347877E+000, 1.98566734E+001
 1.31666667E+003, 1.90056055E+001, 1.46432916E+000, 2.13452916E+000, 6.34579309E+000, 3.12565330E+000, 1.98347491E+001
 1.35000000E+003, 1.88262051E+001, 1.47909460E+000, 2.18441286E+000, 6.13183004E+000, 3.23095327E+000, 1.98116563E+001
 1.38333333E+003, 1.86388178E+001, 1.49207362E+000, 2.23693258E+000, 5.92854871E+000, 3.33766809E+000, 1.97875279E+001
 1.41666667E+003, 1.84430588E+001, 1.50307750E+000, 2.29103955E+000, 5.73886927E+000, 3.44361000E+000, 1.97624276E+001
 1.45000000E+003, 1.82388433E+001, 1.51190138E+000, 2.34547219E+000, 5.56561661E+000, 3.54612262E+000, 1.97363590E+001
 1.48333333E+003, 1.80264589E+001, 1.51833371E+000, 2.39877875E+000, 5.41144958E+000, 3.64214664E+000, 1.97092929E+001
 1.51666667E+003, 1.78066191E+001, 1.52217293E+000, 2.44936471E+000, 5.27879170E+000, 3.72835667E+000, 1.96812182E+001
 1.55000000E+003, 1.75804838E+001, 1.52324956E+000, 2.49556873E+000, 5.16976585E+000, 3.80137398E+000, 1.96522134E+001
 1.58333333E+003, 1.73496333E+001, 1.52145022E+000, 2.53576682E+000, 5.08613508E+000, 3.85804299E+000, 1.96225278E+001
 1.61666667E+003, 1.71159869E+001, 1.51673803E+000, 2.56849834E+000, 5.02925191E+000, 3.89573911E+000, 1.95926534E+001
 1.65000000E+003, 1.68816704E+001, 1.50916412E+000, 2.59259936E+000, 5.00001775E+000, 3.91265794E+000, 1.95633592E+001
 1.68333333E+003, 1.66488471E+001, 1.49886693E+000, 2.60732225E+000, 4.99885415E+000, 3.90802910E+000, 1.95356675E+001
 1.71666667E+003, 1.64195389E+001, 1.48606018E+000, 2.61241678E+000, 5.02568665E+000, 3.88220855E+000, 1.95107637E+001
 1.75000000E+003, 1.61954671E+001, 1.47101460E+000, 2.60815193E+000, 5.07994203E+000, 3.83662956E+000, 1.94898558E+001
 1.78333333E+003, 1.59779407E+001, 1.45403998E+000, 2.59526952E+000, 5.16055869E+000, 3.77362565E+000, 1.94740166E+001
 1.81666667E+003, 1.57678041E+001, 1.43547223E+000, 2.57487843E+000, 5.26600986E+000, 3.69616648E+000, 1.94640491E+001
 1.85000000E+003, 1.55654457E+001, 1.41566583E+000, 2.54831360E+000, 5.39433845E+000, 3.60756049E+000, 1.94604023E+001
 1.88333333E+003, 1.53708535E+001, 1.39498890E+000, 2.51699092E+000, 5.54320224E+000, 3.51117440E+000, 1.94631498E+001
 1.91666667E+003, 1.51836996E+001, 1.37381705E+000, 2.48228464E+000, 5.70992745E+000, 3.41020496E+000, 1.94720229E+001
 1.95000000E+003, 1.50034336E+001, 1.35252452E+000, 2.44544168E+000, 5.89156880E+000, 3.30751984E+000, 1.94864807E+001
 1.98333333E+003, 1.48293714E+001, 1.33147326E+000, 2.40753471E+000, 6.08497369E+000, 3.20556808E+000, 1.95057974E+001
 2.01666667E+003, 1.46607679E+001, 1.31100229E+000, 2.36944656E+000, 6.28684839E+000, 3.10634987E+000, 1.95291506E+001
 2.05000000E+003, 1.44968733E+001, 1.29141971E+000, 2.33187576E+000, 6.49382393E+000, 3.01143032E+000, 1.95556983E+001
 2.08333333E+003, 1.43369708E+001, 1.27299852E+000, 2.29535338E+000, 6.70251986E+000, 2.92198145E+000, 1.95846387E+001
 2.11666667E+003, 1.41804005E+001, 1.25597651E+000, 2.26026427E+000, 6.90960403E+000, 2.83883882E+000, 1.96152522E+001
 2.15000000E+003, 1.40265714E+001, 1.24055944E+000, 2.22686866E+000, 7.11184700E+000, 2.76256292E+000, 1.96469248E+001
 2.18333333E+003, 1.38749671E+001, 1.22692628E+000, 2.19532211E+000, 7.30617019E+000, 2.69349840E+000, 1.96791577E+001
 2.21666667E+003, 1.37251453E+001, 1.21523521E+000, 2.16569385E+000, 7.48968704E+000, 2.63182742E+000, 1.97115637E+001
 2.25000000E+003, 1.35767360E+001, 1.20562902E+000, 2.13798374E+000, 7.65973705E+000, 2.57761525E+000, 1.97438550E+001
 2.28333333E+003, 1.34294365E+001, 1.19823909E+000, 2.11213919E+000, 7.81391285E+000, 2.53084773E+000, 1.97758236E+001
 2.31666667E+003, 1.32830067E+001, 1.19318678E+000, 2.08807284E+000, 7.95008081E+000, 2.49146091E+000, 1.98073156E+001
 2.35000000E+003, 1.31372626E+001, 1.19058186E+000, 2.06568217E+000, 8.06639589E+000, 2.45936372E+000, 1.98382014E+001
 2.38333333E+003, 1.29920691E+001, 1.19051733E+000, 2.04487129E+000, 8.16131178E+000, 2.43445470E+000, 1.98683438E+001
 2.41666667E+003, 1.28473308E+001, 1.19306089E+000, 2.02557466E+000, 8.23358719E+000, 2.41663392E+000, 1.98975661E+001
 2.45000000E+003, 1.27029820E+001, 1.19824372E+000, 2.00778125E+000, 8.28228944E+000, 2.40581128E+000, 1.99256253E+001
 2.48333333E+003, 1.25589741E+001, 1.20604802E+000, 1.99155624E+000, 8.30679620E+000, 2.40191246E+000, 1.99521973E+001
 2.51666667E+003, 1.24152615E+001, 1.21639567E+000, 1.97705692E+000, 8.30679620E+000, 2.40488348E+000, 1.99768770E+001
 2.55000000E+003, 1.22717863E+001, 1.22914061E+000, 1.96453892E+000, 8.28228944E+000, 2.41469458E+000, 1.99991994E+001
 2.58333333E+003, 1.21284623E+001, 1.24406723E+000, 1.95435051E+000, 8.23358719E+000, 2.43134343E+000, 2.00186781E+001
 2.61666667E+003, 1.19851584E+001, 1.26089602E+000, 1.94691484E+000, 8.16131178E+000, 2.45485716E+000, 2.00348547E+001
 2.65000000E+003, 1.18416838E+001, 1.27929612E+000, 1.94270261E+000, 8.06639589E+000, 2.48529191E+000, 2.00473485E+001
 2.68333333E+003, 1.16977740E+001, 1.29890303E+000, 1.94219940E+000, 7.95008081E+000, 2.52272867E+000, 2.00558968E+001
 2.71666667E+003, 1.15530801E+001, 1.31933839E+000, 1.94587230E+000, 7.81391285E+000, 2.56726404E+000, 2.00603774E+001
 2.75000000E+003, 1.14071609E+001, 1.34022904E+000, 1.95413975E+000, 7.65973705E+000, 2.61899484E+000, 2.00608118E+001
 2.78333333E+003, 1.12594796E+001, 1.36122252E+000, 1.96734622E+000, 7.48968704E+000, 2.67799598E+000, 2.00573518E+001
 2.81666667E+003, 1.11094056E+001, 1.38199764E+000, 1.98574191E+000, 7.30617019E+000, 2.74429063E+000, 2.00502544E+001
 2.85000000E+003, 1.09562214E+001, 1.40226928E+000, 2.00946604E+000, 7.11184700E+000, 2.81781250E+000, 2.00398514E+001
 2.88333333E+003, 1.07991375E+001, 1.42178773E+000, 2.03853181E+000, 6.90960403E+000, 2.89835952E+000, 2.00265166E+001
 2.91666667E+003, 1.06373143E+001, 1.44033338E+000, 2.07281126E+000, 6.70251986E+000, 2.98553924E+000, 2.00106361E+001
 2.95000000E+003, 1.04698950E+001, 1.45770803E+000, 2.11201880E+000, 6.49382393E+000, 3.07870675E+000, 1.99925796E+001
 2.98333333E+003, 1.02960476E+001, 1.47372441E+000, 2.15569350E+000, 6.28684839E+000, 3.17689813E+000, 1.99726769E+001
 3.01666667E+003, 1.01150200E+001, 1.48819561E+000, 2.20318135E+000, 6.08497369E+000, 3.27876480E+000, 1.99511976E+001
 3.05000000E+003, 9.92620572E+000, 1.50092641E+000, 2.25362012E+000, 5.89156880E+000, 3.38251796E+000, 1.99283373E+001
 3.08333333E+003, 9.72921828E+000, 1.51170856E+000, 2.30593121E+000, 5.70992745E+000, 3.48589595E+000, 1.99042129E+001
 3.11666667E+003, 9.52396987E+000, 1.52032179E+000, 2.35882381E+000, 5.54320224E+000, 3.58617123E+000, 1.98788724E+001
 3.15000000E+003, 9.31074378E+000, 1.52654209E+000, 2.41081770E+000, 5.39433845E+000, 3.68021468E+000, 1.98523236E+001
 3.18333333E+003, 9.09024874E+000, 1.53015723E+000, 2.46029060E+000, 5.26600986E+000, 3.76463145E+000, 1.98245863E+001
 3.21666667E+003, 8.86363992E+000, 1.53098805E+000, 2.50555402E+000, 5.16055869E+000, 3.83597327E+000, 1.97957652E+001
 3.25000000E+003, 8.63249306E+000, 1.52891171E+000, 2.54495747E+000, 5.07994203E+000, 3.89101527E+000, 1.97661320E+001
 3.28333333E+003, 8.39872391E+000, 1.52388152E+000, 2.57701464E+000, 5.02568665E+000, 3.92706498E+000, 1.97361981E+001
 3.31666667E+003, 8.16445566E+000, 1.51593795E+000, 2.60053743E+000, 4.99885415E+000, 3.94225337E+000, 1.97067496E+001
 3.35000000E+003, 7.93184980E+000, 1.50520743E+000, 2.61475647E+000, 5.00001775E+000, 3.93575087E+000, 1.96788242E+001
 3.38333333E+003, 7.70292667E+000, 1.49188990E+000, 2.61940350E+000, 5.02925191E+000, 3.90786163E+000, 1.96536205E+001
 3.41666667E+003, 7.47940612E+000, 1.47624012E+000, 2.61473425E+000, 5.08613508E+000, 3.85997561E+000, 1.96323574E+001
 3.45000000E+003, 7.26259440E+000, 1.45854937E+000, 2.60148299E+000, 5.16976585E+000, 3.79439138E+000, 1.96161150E+001
 3.48333333E+003, 7.05333163E+000, 1.43913224E+000, 2.58075692E+000, 5.27879170E+000, 3.71405049E+000, 1.96056989E+001
 3.51666667E+003, 6.85199952E+000, 1.41831892E+000, 2.55389487E+000, 5.41144958E+000, 3.62223742E+000, 1.96015551E+001
 3.55000000E+003, 6.65857679E+000, 1.39644995E+000, 2.52232149E+000, 5.56561661E+000, 3.52229572E+000, 1.96037476E+001
 3.58333333E+003, 6.47272344E+000, 1.37386966E+000, 2.48742388E+000, 5.73886927E+000, 3.41739620E+000, 1.96119900E+001
 3.61666667E+003, 6.29387435E+000, 1.35091664E+000, 2.45046539E+000, 5.92854871E+000, 3.31037448E+000, 1.96257163E+001
 3.65000000E+003, 6.12132734E+000, 1.32791198E+000, 2.41253835E+000, 6.13183004E+000, 3.20363858E+000, 1.96441673E+001
 3.68333333E+003, 5.95431652E+000, 1.30514764E+000, 2.37454856E+000, 6.34579309E+000, 3.09913645E+000, 1.96664786E+001
 3.71666667E+003, 5.79206734E+000, 1.28287735E+000, 2.33722107E+000, 6.56749226E+000, 2.99836797E+000, 1.96917584E+001
 3.75000000E+003, 5.63383419E+000, 1.26131132E+000, 2.30111750E+000, 6.79402333E+000, 2.90242556E+000, 1.97191470E+001
 3.78333333E+003, 5.47892298E+000, 1.24061515E+000, 2.26665764E+000, 7.02258507E+000, 2.81204980E+000, 1.97478589E+001
 3.81666667E+003, 5.32670282E+000, 1.22091199E+000, 2.23414124E+000, 7.25053413E+000, 2.72768982E+000, 1.97772082E+001
 3.85000000E+003, 5.17661001E+000, 1.20228721E+000, 2.20376776E+000, 7.47543173E+000, 2.64956178E+000, 1.98066182E+001
 3.88333333E+003, 5.02814739E+000, 1.18479410E+000, 2.17565356E+000, 7.69508135E+000, 2.57770150E+000, 1.98356227E+001
 3.91666667E+003, 4.88088124E+000, 1.16845989E+000, 2.14984658E+000, 7.90755671E+000, 2.51200951E+000, 1.98638576E+001
 3.95000000E+003, 4.73443710E+000, 1.15329133E+000, 2.12633893E+000, 8.11122016E+000, 2.45228825E+000, 1.98910499E+001
 3.98333333E+003, 4.58849541E+000, 1.13927937E+000, 2.10507784E+000, 8.30473157E+000, 2.39827176E+000, 1.99170032E+001
 4.01666667E+003, 4.44278728E+000, 1.12640302E+000, 2.08597540E+000, 8.48704827E+000, 2.34964898E+000, 1.99415844E+001
 4.05000000E+003, 4.29709062E+000, 1.11463209E+000, 2.06891718E+000, 8.65741713E+000, 2.30608149E+000, 1.99647094E+001
 4.08333333E+003, 4.15122638E+000, 1.10392928E+000, 2.05377008E+000, 8.81535960E+000, 2.26721692E+000, 1.99863325E+001
 4.11666667E+003, 4.00505502E+000, 1.09425151E+000, 2.04038919E+000, 8.96065107E+000, 2.23269896E+000, 2.00064363E+001
 4.15000000E+003, 3.85847278E+000, 1.08555096E+000, 2.02862384E+000, 9.09329588E+000, 2.20217456E+000, 2.00250248E+001
 4.18333333E+003, 3.71140790E+000, 1.07777574E+000, 2.01832274E+000, 9.21349918E+000, 2.17529929E+000, 2.00421182E+001
 4.21666667E+003, 3.56381669E+000, 1.07087059E+000, 2.00933806E+000, 9.32163702E+000, 2.15174105E+000, 2.00577490E+001
 4.25000000E+003, 3.41567939E+000, 1.06477752E+000, 2.00152867E+000, 9.41822580E+000, 2.13118274E+000, 2.00719602E+001
 4.28333333E+003, 3.26699607E+000, 1.05943653E+000, 1.99476229E+000, 9.50389210E+000, 2.11332404E+000, 2.00848037E+001
 4.31666667E+003, 3.11778255E+000, 1.05478642E+000, 1.98891697E+000, 9.57934392E+000, 2.09788262E+000, 2.00963391E+001
 4.35000000E+003, 2.96806656E+000, 1.05076568E+000, 1.98388167E+000, 9.64534379E+000, 2.08459477E+000, 2.01066332E+001
 4.38333333E+003, 2.81788423E+000, 1.04731334E+000, 1.97955637E+000, 9.70268467E+000, 2.07321579E+000, 2.01157591E+001
 4.41666667E+003, 2.66727693E+000, 1.04436990E+000, 1.97585163E+000, 9.75216856E+000, 2.06351998E+000, 2.01237946E+001
 4.45000000E+003, 2.51628868E+000, 1.04187815E+000, 1.97268792E+000, 9.79458846E+000, 2.05530043E+000, 2.01308219E+001
 4.48333333E+003, 2.36496394E+000, 1.03978386E+000, 1.96999468E+000, 9.83071338E+000, 2.04836868E+000, 2.01369254E+001
 4.51666667E+003, 2.21334603E+000, 1.03803652E+000, 1.96770932E+000, 9.86127659E+000, 2.04255415E+000, 2.01421914E+001
 4.55000000E+003, 2.06147582E+000, 1.03658986E+000, 1.96577602E+000, 9.88696674E+000, 2.03770348E+000, 2.01467066E+001
 4.58333333E+003, 1.90939104E+000, 1.03540245E+000, 1.96414441E+000, 9.90842180E+000, 2.03367993E+000, 2.01505585E+001
 4.61666667E+003, 1.75712571E+000, 1.03443849E+000, 1.96276786E+000, 9.92622533E+000, 2.03036262E+000, 2.01538369E+001
 4.65000000E+003, 1.60471001E+000, 1.03366904E+000, 1.96160093E+000, 9.94090486E+000, 2.02764615E+000, 2.01566375E+001
 4.68333333E+003, 1.45217027E+000, 1.03307429E+000, 1.96059518E+000, 9.95293201E+000, 2.02544048E+000, 2.01590714E+001
 4.71666667E+003, 1.29952911E+000, 1.03264806E+000, 1.95969167E+000, 9.96272403E+000, 2.02367180E+000, 2.01612837E+001
 4.75000000E+003, 1.14680578E+000, 1.03240646E+000, 1.95880710E+000, 9.97064639E+000, 2.02228510E+000, 2.01634896E+001
 4.78333333E+003, 9.94016385E-001, 1.03240492E+000, 1.95780748E+000, 9.97701612E+000, 2.02125008E+000, 2.01660446E+001
 4.81666667E+003, 8.41174313E-001, 1.03277074E+000, 1.95645869E+000, 9.98210570E+000, 2.02057329E+000, 2.01695762E+001
 4.85000000E+003, 6.88290552E-001, 1.03376448E+000, 1.95433429E+000, 9.98614727E+000, 2.02032136E+000, 2.01752266E+001
 4.88333333E+003, 5.35374040E-001, 1.03589206E+000, 1.95064940E+000, 9.98933686E+000, 2.02066223E+000, 2.01850757E+001
 4.91666667E+003, 3.82431984E-001, 1.04009738E+000, 1.94398165E+000, 9.99183860E+000, 2.02193021E+000, 2.02028004E+001
 4.95000000E+003, 2.29470143E-001, 1.04805485E+000, 1.93186904E+000, 9.99378883E+000, 2.02470471E+000, 2.02344714E+001
 4.98333333E+003, 7.64930828E-002, 1.06238866E+000, 1.91002291E+000, 9.99529986E+000, 2.02918668E+000, 2.02823294E+001
