   50.001894821559524      ,         500
X,ZB,H,U,ZF,QS
 1.00000000E-002, 1.00000297E-001, 4.00083492E-001, 4.99895218E-001,-1.00000000E-001, 1.24921517E-003
 3.00000000E-002, 1.00000794E-001, 4.00083095E-001, 4.99894487E-001,-1.00000000E-001, 1.24920966E-003
 5.00000000E-002, 1.00000521E-001, 4.00083511E-001, 4.99892716E-001,-1.00000000E-001, 1.24919635E-003
 7.00000000E-002, 1.00000043E-001, 4.00084153E-001, 4.99890598E-001,-1.00000000E-001, 1.24918045E-003
 9.00000000E-002, 9.99996626E-002, 4.00084697E-001, 4.99888557E-001,-1.00000000E-001, 1.24916512E-003
 1.10000000E-001, 9.99995421E-002, 4.00084966E-001, 4.99886830E-001,-1.00000000E-001, 1.24915216E-003
 1.30000000E-001, 9.99997538E-002, 4.00084883E-001, 4.99885534E-001,-1.00000000E-001, 1.24914242E-003
 1.50000000E-001, 1.00000252E-001, 4.00084493E-001, 4.99884630E-001,-1.00000000E-001, 1.24913563E-003
 1.70000000E-001, 1.00000881E-001, 4.00083961E-001, 4.99883935E-001,-1.00000000E-001, 1.24913040E-003
 1.90000000E-001, 1.00001437E-001, 4.00083501E-001, 4.99883187E-001,-1.00000000E-001, 1.24912477E-003
 2.10000000E-001, 1.00001743E-001, 4.00083301E-001, 4.99882149E-001,-1.00000000E-001, 1.24911697E-003
 2.30000000E-001, 1.00001719E-001, 4.00083447E-001, 4.99880697E-001,-1.00000000E-001, 1.24910606E-003
 2.50000000E-001, 1.00001407E-001, 4.00083897E-001, 4.99878863E-001,-1.00000000E-001, 1.24909228E-003
 2.70000000E-001, 1.00000950E-001, 4.00084501E-001, 4.99876815E-001,-1.00000000E-001, 1.24907690E-003
 2.90000000E-001, 1.00000533E-001, 4.00085063E-001, 4.99874791E-001,-1.00000000E-001, 1.24906171E-003
 3.10000000E-001, 1.00000321E-001, 4.00085409E-001, 4.99873009E-001,-1.00000000E-001, 1.24904834E-003
 3.30000000E-001, 1.00000401E-001, 4.00085444E-001, 4.99871601E-001,-1.00000000E-001, 1.24903776E-003
 3.50000000E-001, 1.00000771E-001, 4.00085170E-001, 4.99870579E-001,-1.00000000E-001, 1.24903008E-003
 3.70000000E-001, 1.00001349E-001, 4.00084672E-001, 4.99869849E-001,-1.00000000E-001, 1.24902459E-003
 3.90000000E-001, 1.00002010E-001, 4.00084082E-001, 4.99869257E-001,-1.00000000E-001, 1.24902013E-003
 4.10000000E-001, 1.00002629E-001, 4.00083532E-001, 4.99868637E-001,-1.00000000E-001, 1.24901547E-003
 4.30000000E-001, 1.00003110E-001, 4.00083125E-001, 4.99867859E-001,-1.00000000E-001, 1.24900961E-003
 4.50000000E-001, 1.00003404E-001, 4.00082915E-001, 4.99866848E-001,-1.00000000E-001, 1.24900201E-003
 4.70000000E-001, 1.00003505E-001, 4.00082907E-001, 4.99865592E-001,-1.00000000E-001, 1.24899257E-003
 4.90000000E-001, 1.00003443E-001, 4.00083070E-001, 4.99864120E-001,-1.00000000E-001, 1.24898151E-003
 5.10000000E-001, 1.00003265E-001, 4.00083356E-001, 4.99862493E-001,-1.00000000E-001, 1.24896929E-003
 5.30000000E-001, 1.00003021E-001, 4.00083710E-001, 4.99860775E-001,-1.00000000E-001, 1.24895639E-003
 5.50000000E-001, 1.00002757E-001, 4.00084085E-001, 4.99859026E-001,-1.00000000E-001, 1.24894326E-003
 5.70000000E-001, 1.00002503E-001, 4.00084448E-001, 4.99857289E-001,-1.00000000E-001, 1.24893021E-003
 5.90000000E-001, 1.00002279E-001, 4.00084777E-001, 4.99855591E-001,-1.00000000E-001, 1.24891747E-003
 6.10000000E-001, 1.00002094E-001, 4.00085064E-001, 4.99853947E-001,-1.00000000E-001, 1.24890512E-003
 6.30000000E-001, 1.00001948E-001, 4.00085308E-001, 4.99852358E-001,-1.00000000E-001, 1.24889319E-003
 6.50000000E-001, 1.00001836E-001, 4.00085512E-001, 4.99850819E-001,-1.00000000E-001, 1.24888163E-003
 6.70000000E-001, 1.00001753E-001, 4.00085683E-001, 4.99849324E-001,-1.00000000E-001, 1.24887040E-003
 6.90000000E-001, 1.00001693E-001, 4.00085828E-001, 4.99847864E-001,-1.00000000E-001, 1.24885943E-003
 7.10000000E-001, 1.00001649E-001, 4.00085953E-001, 4.99846430E-001,-1.00000000E-001, 1.24884866E-003
 7.30000000E-001, 1.00001616E-001, 4.00086064E-001, 4.99845018E-001,-1.00000000E-001, 1.24883805E-003
 7.50000000E-001, 1.00001591E-001, 4.00086165E-001, 4.99843621E-001,-1.00000000E-001, 1.24882756E-003
 7.70000000E-001, 1.00001572E-001, 4.00086257E-001, 4.99842236E-001,-1.00000000E-001, 1.24881715E-003
 7.90000000E-001, 1.00001556E-001, 4.00086343E-001, 4.99840861E-001,-1.00000000E-001, 1.24880682E-003
 8.10000000E-001, 1.00001543E-001, 4.00086424E-001, 4.99839494E-001,-1.00000000E-001, 1.24879655E-003
 8.30000000E-001, 1.00001532E-001, 4.00086501E-001, 4.99838135E-001,-1.00000000E-001, 1.24878634E-003
 8.50000000E-001, 1.00001521E-001, 4.00086574E-001, 4.99836783E-001,-1.00000000E-001, 1.24877618E-003
 8.70000000E-001, 1.00001512E-001, 4.00086643E-001, 4.99835437E-001,-1.00000000E-001, 1.24876606E-003
 8.90000000E-001, 1.00001503E-001, 4.00086710E-001, 4.99834098E-001,-1.00000000E-001, 1.24875600E-003
 9.10000000E-001, 1.00001496E-001, 4.00086773E-001, 4.99832765E-001,-1.00000000E-001, 1.24874598E-003
 9.30000000E-001, 1.00001489E-001, 4.00086832E-001, 4.99831439E-001,-1.00000000E-001, 1.24873601E-003
 9.50000000E-001, 1.00001483E-001, 4.00086888E-001, 4.99830120E-001,-1.00000000E-001, 1.24872610E-003
 9.70000000E-001, 1.00001477E-001, 4.00086941E-001, 4.99828807E-001,-1.00000000E-001, 1.24871623E-003
 9.90000000E-001, 1.00001473E-001, 4.00086991E-001, 4.99827502E-001,-1.00000000E-001, 1.24870642E-003
 1.01000000E+000, 1.00001469E-001, 4.00087036E-001, 4.99826203E-001,-1.00000000E-001, 1.24869665E-003
 1.03000000E+000, 1.00001465E-001, 4.00087079E-001, 4.99824912E-001,-1.00000000E-001, 1.24868695E-003
 1.05000000E+000, 1.00001463E-001, 4.00087118E-001, 4.99823628E-001,-1.00000000E-001, 1.24867729E-003
 1.07000000E+000, 1.00001461E-001, 4.00087153E-001, 4.99822352E-001,-1.00000000E-001, 1.24866770E-003
 1.09000000E+000, 1.00001460E-001, 4.00087184E-001, 4.99821084E-001,-1.00000000E-001, 1.24865816E-003
 1.11000000E+000, 1.00001459E-001, 4.00087212E-001, 4.99819823E-001,-1.00000000E-001, 1.24864868E-003
 1.13000000E+000, 1.00001459E-001, 4.00087236E-001, 4.99818570E-001,-1.00000000E-001, 1.24863926E-003
 1.15000000E+000, 1.00001460E-001, 4.00087257E-001, 4.99817326E-001,-1.00000000E-001, 1.24862990E-003
 1.17000000E+000, 1.00001462E-001, 4.00087273E-001, 4.99816089E-001,-1.00000000E-001, 1.24862060E-003
 1.19000000E+000, 1.00001464E-001, 4.00087286E-001, 4.99814862E-001,-1.00000000E-001, 1.24861136E-003
 1.21000000E+000, 1.00001466E-001, 4.00087295E-001, 4.99813643E-001,-1.00000000E-001, 1.24860219E-003
 1.23000000E+000, 1.00001469E-001, 4.00087301E-001, 4.99812432E-001,-1.00000000E-001, 1.24859308E-003
 1.25000000E+000, 1.00001473E-001, 4.00087302E-001, 4.99811231E-001,-1.00000000E-001, 1.24858404E-003
 1.27000000E+000, 1.00001478E-001, 4.00087299E-001, 4.99810038E-001,-1.00000000E-001, 1.24857507E-003
 1.29000000E+000, 1.00001482E-001, 4.00087293E-001, 4.99808856E-001,-1.00000000E-001, 1.24856617E-003
 1.31000000E+000, 1.00001488E-001, 4.00087282E-001, 4.99807682E-001,-1.00000000E-001, 1.24855733E-003
 1.33000000E+000, 1.00001494E-001, 4.00087268E-001, 4.99806518E-001,-1.00000000E-001, 1.24854857E-003
 1.35000000E+000, 1.00001500E-001, 4.00087249E-001, 4.99805364E-001,-1.00000000E-001, 1.24853989E-003
 1.37000000E+000, 1.00001507E-001, 4.00087226E-001, 4.99804220E-001,-1.00000000E-001, 1.24853127E-003
 1.39000000E+000, 1.00001514E-001, 4.00087199E-001, 4.99803086E-001,-1.00000000E-001, 1.24852274E-003
 1.41000000E+000, 1.00001522E-001, 4.00087168E-001, 4.99801963E-001,-1.00000000E-001, 1.24851428E-003
 1.43000000E+000, 1.00001530E-001, 4.00087133E-001, 4.99800850E-001,-1.00000000E-001, 1.24850590E-003
 1.45000000E+000, 1.00001539E-001, 4.00087093E-001, 4.99799747E-001,-1.00000000E-001, 1.24849759E-003
 1.47000000E+000, 1.00001548E-001, 4.00087049E-001, 4.99798656E-001,-1.00000000E-001, 1.24848938E-003
 1.49000000E+000, 1.00001557E-001, 4.00087001E-001, 4.99797576E-001,-1.00000000E-001, 1.24848124E-003
 1.51000000E+000, 1.00001567E-001, 4.00086948E-001, 4.99796507E-001,-1.00000000E-001, 1.24847319E-003
 1.53000000E+000, 1.00001578E-001, 4.00086891E-001, 4.99795450E-001,-1.00000000E-001, 1.24846522E-003
 1.55000000E+000, 1.00001589E-001, 4.00086829E-001, 4.99794405E-001,-1.00000000E-001, 1.24845735E-003
 1.57000000E+000, 1.00001601E-001, 4.00086762E-001, 4.99793372E-001,-1.00000000E-001, 1.24844956E-003
 1.59000000E+000, 1.00001613E-001, 4.00086691E-001, 4.99792351E-001,-1.00000000E-001, 1.24844187E-003
 1.61000000E+000, 1.00001626E-001, 4.00086615E-001, 4.99791343E-001,-1.00000000E-001, 1.24843426E-003
 1.63000000E+000, 1.00001640E-001, 4.00086533E-001, 4.99790347E-001,-1.00000000E-001, 1.24842676E-003
 1.65000000E+000, 1.00001654E-001, 4.00086447E-001, 4.99789365E-001,-1.00000000E-001, 1.24841935E-003
 1.67000000E+000, 1.00001670E-001, 4.00086355E-001, 4.99788396E-001,-1.00000000E-001, 1.24841205E-003
 1.69000000E+000, 1.00001686E-001, 4.00086258E-001, 4.99787442E-001,-1.00000000E-001, 1.24840485E-003
 1.71000000E+000, 1.00001704E-001, 4.00086154E-001, 4.99786501E-001,-1.00000000E-001, 1.24839775E-003
 1.73000000E+000, 1.00001724E-001, 4.00086045E-001, 4.99785575E-001,-1.00000000E-001, 1.24839077E-003
 1.75000000E+000, 1.00001745E-001, 4.00085930E-001, 4.99784664E-001,-1.00000000E-001, 1.24838390E-003
 1.77000000E+000, 1.00001768E-001, 4.00085808E-001, 4.99783769E-001,-1.00000000E-001, 1.24837714E-003
 1.79000000E+000, 1.00001793E-001, 4.00085679E-001, 4.99782890E-001,-1.00000000E-001, 1.24837051E-003
 1.81000000E+000, 1.00001820E-001, 4.00085543E-001, 4.99782028E-001,-1.00000000E-001, 1.24836400E-003
 1.83000000E+000, 1.00001851E-001, 4.00085400E-001, 4.99781183E-001,-1.00000000E-001, 1.24835762E-003
 1.85000000E+000, 1.00001885E-001, 4.00085248E-001, 4.99780357E-001,-1.00000000E-001, 1.24835137E-003
 1.87000000E+000, 1.00001923E-001, 4.00085087E-001, 4.99779549E-001,-1.00000000E-001, 1.24834527E-003
 1.89000000E+000, 1.00001965E-001, 4.00084917E-001, 4.99778760E-001,-1.00000000E-001, 1.24833931E-003
 1.91000000E+000, 1.00002012E-001, 4.00084737E-001, 4.99777993E-001,-1.00000000E-001, 1.24833351E-003
 1.93000000E+000, 1.00002065E-001, 4.00084547E-001, 4.99777247E-001,-1.00000000E-001, 1.24832787E-003
 1.95000000E+000, 1.00002124E-001, 4.00084344E-001, 4.99776524E-001,-1.00000000E-001, 1.24832241E-003
 1.97000000E+000, 1.00002191E-001, 4.00084129E-001, 4.99775826E-001,-1.00000000E-001, 1.24831712E-003
 1.99000000E+000, 1.00002266E-001, 4.00083899E-001, 4.99775153E-001,-1.00000000E-001, 1.24831203E-003
 2.01000000E+000, 1.00002352E-001, 4.00083655E-001, 4.99774507E-001,-1.00000000E-001, 1.24830714E-003
 2.03000000E+000, 1.00002448E-001, 4.00083394E-001, 4.99773891E-001,-1.00000000E-001, 1.24830247E-003
 2.05000000E+000, 1.00002556E-001, 4.00083114E-001, 4.99773306E-001,-1.00000000E-001, 1.24829804E-003
 2.07000000E+000, 1.00002680E-001, 4.00082815E-001, 4.99772754E-001,-1.00000000E-001, 1.24829386E-003
 2.09000000E+000, 1.00002819E-001, 4.00082494E-001, 4.99772239E-001,-1.00000000E-001, 1.24828994E-003
 2.11000000E+000, 1.00002976E-001, 4.00082148E-001, 4.99771763E-001,-1.00000000E-001, 1.24828632E-003
 2.13000000E+000, 1.00003155E-001, 4.00081775E-001, 4.99771328E-001,-1.00000000E-001, 1.24828302E-003
 2.15000000E+000, 1.00003357E-001, 4.00081372E-001, 4.99770940E-001,-1.00000000E-001, 1.24828005E-003
 2.17000000E+000, 1.00003585E-001, 4.00080936E-001, 4.99770601E-001,-1.00000000E-001, 1.24827746E-003
 2.19000000E+000, 1.00003843E-001, 4.00080463E-001, 4.99770316E-001,-1.00000000E-001, 1.24827528E-003
 2.21000000E+000, 1.00004135E-001, 4.00079950E-001, 4.99770090E-001,-1.00000000E-001, 1.24827354E-003
 2.23000000E+000, 1.00004465E-001, 4.00079391E-001, 4.99769929E-001,-1.00000000E-001, 1.24827228E-003
 2.25000000E+000, 1.00004837E-001, 4.00078782E-001, 4.99769838E-001,-1.00000000E-001, 1.24827155E-003
 2.27000000E+000, 1.00005257E-001, 4.00078117E-001, 4.99769825E-001,-1.00000000E-001, 1.24827140E-003
 2.29000000E+000, 1.00005731E-001, 4.00077390E-001, 4.99769897E-001,-1.00000000E-001, 1.24827188E-003
 2.31000000E+000, 1.00006266E-001, 4.00076594E-001, 4.99770062E-001,-1.00000000E-001, 1.24827307E-003
 2.33000000E+000, 1.00006868E-001, 4.00075721E-001, 4.99770330E-001,-1.00000000E-001, 1.24827503E-003
 2.35000000E+000, 1.00007545E-001, 4.00074763E-001, 4.99770711E-001,-1.00000000E-001, 1.24827783E-003
 2.37000000E+000, 1.00008307E-001, 4.00073710E-001, 4.99771216E-001,-1.00000000E-001, 1.24828157E-003
 2.39000000E+000, 1.00009163E-001, 4.00072552E-001, 4.99771859E-001,-1.00000000E-001, 1.24828634E-003
 2.41000000E+000, 1.00010125E-001, 4.00071277E-001, 4.99772653E-001,-1.00000000E-001, 1.24829225E-003
 2.43000000E+000, 1.00011204E-001, 4.00069873E-001, 4.99773614E-001,-1.00000000E-001, 1.24829940E-003
 2.45000000E+000, 1.00012414E-001, 4.00068324E-001, 4.99774760E-001,-1.00000000E-001, 1.24830793E-003
 2.47000000E+000, 1.00013770E-001, 4.00066615E-001, 4.99776108E-001,-1.00000000E-001, 1.24831799E-003
 2.49000000E+000, 1.00015287E-001, 4.00064730E-001, 4.99777680E-001,-1.00000000E-001, 1.24832973E-003
 2.51000000E+000, 1.00016985E-001, 4.00062648E-001, 4.99779500E-001,-1.00000000E-001, 1.24834332E-003
 2.53000000E+000, 1.00018882E-001, 4.00060350E-001, 4.99781591E-001,-1.00000000E-001, 1.24835894E-003
 2.55000000E+000, 1.00021000E-001, 4.00057812E-001, 4.99783983E-001,-1.00000000E-001, 1.24837682E-003
 2.57000000E+000, 1.00023363E-001, 4.00055008E-001, 4.99786706E-001,-1.00000000E-001, 1.24839719E-003
 2.59000000E+000, 1.00025998E-001, 4.00051911E-001, 4.99789793E-001,-1.00000000E-001, 1.24842028E-003
 2.61000000E+000, 1.00028932E-001, 4.00048491E-001, 4.99793282E-001,-1.00000000E-001, 1.24844638E-003
 2.63000000E+000, 1.00032198E-001, 4.00044713E-001, 4.99797212E-001,-1.00000000E-001, 1.24847579E-003
 2.65000000E+000, 1.00035829E-001, 4.00040543E-001, 4.99801627E-001,-1.00000000E-001, 1.24850884E-003
 2.67000000E+000, 1.00039863E-001, 4.00035939E-001, 4.99806576E-001,-1.00000000E-001, 1.24854589E-003
 2.69000000E+000, 1.00044340E-001, 4.00030859E-001, 4.99812111E-001,-1.00000000E-001, 1.24858733E-003
 2.71000000E+000, 1.00049306E-001, 4.00025256E-001, 4.99818290E-001,-1.00000000E-001, 1.24863360E-003
 2.73000000E+000, 1.00054809E-001, 4.00019077E-001, 4.99825174E-001,-1.00000000E-001, 1.24868517E-003
 2.75000000E+000, 1.00060901E-001, 4.00012267E-001, 4.99832832E-001,-1.00000000E-001, 1.24874253E-003
 2.77000000E+000, 1.00067640E-001, 4.00004764E-001, 4.99841337E-001,-1.00000000E-001, 1.24880625E-003
 2.79000000E+000, 1.00075088E-001, 3.99996504E-001, 4.99850770E-001,-1.00000000E-001, 1.24887692E-003
 2.81000000E+000, 1.00083311E-001, 3.99987414E-001, 4.99861217E-001,-1.00000000E-001, 1.24895520E-003
 2.83000000E+000, 1.00092383E-001, 3.99977417E-001, 4.99872771E-001,-1.00000000E-001, 1.24904178E-003
 2.85000000E+000, 1.00102383E-001, 3.99966430E-001, 4.99885535E-001,-1.00000000E-001, 1.24913744E-003
 2.87000000E+000, 1.00113395E-001, 3.99954361E-001, 4.99899618E-001,-1.00000000E-001, 1.24924300E-003
 2.89000000E+000, 1.00125511E-001, 3.99941114E-001, 4.99915138E-001,-1.00000000E-001, 1.24935934E-003
 2.91000000E+000, 1.00138830E-001, 3.99926583E-001, 4.99932223E-001,-1.00000000E-001, 1.24948742E-003
 2.93000000E+000, 1.00153458E-001, 3.99910657E-001, 4.99951010E-001,-1.00000000E-001, 1.24962827E-003
 2.95000000E+000, 1.00169509E-001, 3.99893212E-001, 4.99971646E-001,-1.00000000E-001, 1.24978301E-003
 2.97000000E+000, 1.00187104E-001, 3.99874121E-001, 4.99994289E-001,-1.00000000E-001, 1.24995282E-003
 2.99000000E+000, 1.00206376E-001, 3.99853242E-001, 5.00019110E-001,-1.00000000E-001, 1.25013897E-003
 3.01000000E+000, 1.00227463E-001, 3.99830428E-001, 5.00046290E-001,-1.00000000E-001, 1.25034285E-003
 3.03000000E+000, 1.00250517E-001, 3.99805518E-001, 5.00076022E-001,-1.00000000E-001, 1.25056589E-003
 3.05000000E+000, 1.00275695E-001, 3.99778344E-001, 5.00108514E-001,-1.00000000E-001, 1.25080968E-003
 3.07000000E+000, 1.00303168E-001, 3.99748724E-001, 5.00143987E-001,-1.00000000E-001, 1.25107587E-003
 3.09000000E+000, 1.00333118E-001, 3.99716466E-001, 5.00182676E-001,-1.00000000E-001, 1.25136624E-003
 3.11000000E+000, 1.00365734E-001, 3.99681366E-001, 5.00224830E-001,-1.00000000E-001, 1.25168267E-003
 3.13000000E+000, 1.00401222E-001, 3.99643207E-001, 5.00270714E-001,-1.00000000E-001, 1.25202716E-003
 3.15000000E+000, 1.00439795E-001, 3.99601761E-001, 5.00320610E-001,-1.00000000E-001, 1.25240185E-003
 3.17000000E+000, 1.00481682E-001, 3.99556785E-001, 5.00374814E-001,-1.00000000E-001, 1.25280898E-003
 3.19000000E+000, 1.00527121E-001, 3.99508025E-001, 5.00433639E-001,-1.00000000E-001, 1.25325092E-003
 3.21000000E+000, 1.00576365E-001, 3.99455211E-001, 5.00497417E-001,-1.00000000E-001, 1.25373019E-003
 3.23000000E+000, 1.00629679E-001, 3.99398062E-001, 5.00566495E-001,-1.00000000E-001, 1.25424942E-003
 3.25000000E+000, 1.00687340E-001, 3.99336281E-001, 5.00641240E-001,-1.00000000E-001, 1.25481142E-003
 3.27000000E+000, 1.00749640E-001, 3.99269558E-001, 5.00722033E-001,-1.00000000E-001, 1.25541908E-003
 3.29000000E+000, 1.00816882E-001, 3.99197570E-001, 5.00809277E-001,-1.00000000E-001, 1.25607548E-003
 3.31000000E+000, 1.00889383E-001, 3.99119980E-001, 5.00903391E-001,-1.00000000E-001, 1.25678383E-003
 3.33000000E+000, 1.00967472E-001, 3.99036435E-001, 5.01004811E-001,-1.00000000E-001, 1.25754746E-003
 3.35000000E+000, 1.01051490E-001, 3.98946572E-001, 5.01113993E-001,-1.00000000E-001, 1.25836989E-003
 3.37000000E+000, 1.01141792E-001, 3.98850013E-001, 5.01231409E-001,-1.00000000E-001, 1.25925474E-003
 3.39000000E+000, 1.01238743E-001, 3.98746368E-001, 5.01357549E-001,-1.00000000E-001, 1.26020579E-003
 3.41000000E+000, 1.01342719E-001, 3.98635235E-001, 5.01492917E-001,-1.00000000E-001, 1.26122696E-003
 3.43000000E+000, 1.01454107E-001, 3.98516202E-001, 5.01638037E-001,-1.00000000E-001, 1.26232231E-003
 3.45000000E+000, 1.01573303E-001, 3.98388844E-001, 5.01793446E-001,-1.00000000E-001, 1.26349602E-003
 3.47000000E+000, 1.01700713E-001, 3.98252728E-001, 5.01959695E-001,-1.00000000E-001, 1.26475240E-003
 3.49000000E+000, 1.01836750E-001, 3.98107413E-001, 5.02137350E-001,-1.00000000E-001, 1.26609590E-003
 3.51000000E+000, 1.01981833E-001, 3.97952449E-001, 5.02326987E-001,-1.00000000E-001, 1.26753106E-003
 3.53000000E+000, 1.02136388E-001, 3.97787383E-001, 5.02529196E-001,-1.00000000E-001, 1.26906255E-003
 3.55000000E+000, 1.02300842E-001, 3.97611753E-001, 5.02744573E-001,-1.00000000E-001, 1.27069514E-003
 3.57000000E+000, 1.02475628E-001, 3.97425099E-001, 5.02973723E-001,-1.00000000E-001, 1.27243366E-003
 3.59000000E+000, 1.02661178E-001, 3.97226955E-001, 5.03217260E-001,-1.00000000E-001, 1.27428307E-003
 3.61000000E+000, 1.02857924E-001, 3.97016859E-001, 5.03475799E-001,-1.00000000E-001, 1.27624836E-003
 3.63000000E+000, 1.03066295E-001, 3.96794349E-001, 5.03749957E-001,-1.00000000E-001, 1.27833459E-003
 3.65000000E+000, 1.03286716E-001, 3.96558968E-001, 5.04040356E-001,-1.00000000E-001, 1.28054688E-003
 3.67000000E+000, 1.03519606E-001, 3.96310265E-001, 5.04347610E-001,-1.00000000E-001, 1.28289035E-003
 3.69000000E+000, 1.03765374E-001, 3.96047797E-001, 5.04672334E-001,-1.00000000E-001, 1.28537016E-003
 3.71000000E+000, 1.04024421E-001, 3.95771134E-001, 5.05015133E-001,-1.00000000E-001, 1.28799148E-003
 3.73000000E+000, 1.04297135E-001, 3.95479854E-001, 5.05376606E-001,-1.00000000E-001, 1.29075944E-003
 3.75000000E+000, 1.04583888E-001, 3.95173554E-001, 5.05757339E-001,-1.00000000E-001, 1.29367917E-003
 3.77000000E+000, 1.04885037E-001, 3.94851846E-001, 5.06157905E-001,-1.00000000E-001, 1.29675573E-003
 3.79000000E+000, 1.05200921E-001, 3.94514361E-001, 5.06578860E-001,-1.00000000E-001, 1.29999415E-003
 3.81000000E+000, 1.05531856E-001, 3.94160754E-001, 5.07020743E-001,-1.00000000E-001, 1.30339935E-003
 3.83000000E+000, 1.05878137E-001, 3.93790700E-001, 5.07484070E-001,-1.00000000E-001, 1.30697618E-003
 3.85000000E+000, 1.06240036E-001, 3.93403901E-001, 5.07969334E-001,-1.00000000E-001, 1.31072937E-003
 3.87000000E+000, 1.06617794E-001, 3.93000087E-001, 5.08477003E-001,-1.00000000E-001, 1.31466353E-003
 3.89000000E+000, 1.07011630E-001, 3.92579016E-001, 5.09007517E-001,-1.00000000E-001, 1.31878312E-003
 3.91000000E+000, 1.07421728E-001, 3.92140478E-001, 5.09561285E-001,-1.00000000E-001, 1.32309245E-003
 3.93000000E+000, 1.07848246E-001, 3.91684294E-001, 5.10138684E-001,-1.00000000E-001, 1.32759565E-003
 3.95000000E+000, 1.08291306E-001, 3.91210319E-001, 5.10740058E-001,-1.00000000E-001, 1.33229668E-003
 3.97000000E+000, 1.08750998E-001, 3.90718443E-001, 5.11365714E-001,-1.00000000E-001, 1.33719929E-003
 3.99000000E+000, 1.09227380E-001, 3.90208592E-001, 5.12015922E-001,-1.00000000E-001, 1.34230701E-003
 4.01000000E+000, 1.09720471E-001, 3.89680728E-001, 5.12690913E-001,-1.00000000E-001, 1.34762315E-003
 4.03000000E+000, 1.10230259E-001, 3.89134851E-001, 5.13390881E-001,-1.00000000E-001, 1.35315080E-003
 4.05000000E+000, 1.10756694E-001, 3.88570997E-001, 5.14115975E-001,-1.00000000E-001, 1.35889279E-003
 4.07000000E+000, 1.11299691E-001, 3.87989240E-001, 5.14866307E-001,-1.00000000E-001, 1.36485170E-003
 4.09000000E+000, 1.11859130E-001, 3.87389694E-001, 5.15641942E-001,-1.00000000E-001, 1.37102985E-003
 4.11000000E+000, 1.12434854E-001, 3.86772505E-001, 5.16442908E-001,-1.00000000E-001, 1.37742929E-003
 4.13000000E+000, 1.13026673E-001, 3.86137860E-001, 5.17269187E-001,-1.00000000E-001, 1.38405180E-003
 4.15000000E+000, 1.13634364E-001, 3.85485980E-001, 5.18120719E-001,-1.00000000E-001, 1.39089889E-003
 4.17000000E+000, 1.14257670E-001, 3.84817121E-001, 5.18997404E-001,-1.00000000E-001, 1.39797177E-003
 4.19000000E+000, 1.14896301E-001, 3.84131574E-001, 5.19899100E-001,-1.00000000E-001, 1.40527140E-003
 4.21000000E+000, 1.15549938E-001, 3.83429660E-001, 5.20825622E-001,-1.00000000E-001, 1.41279842E-003
 4.23000000E+000, 1.16218232E-001, 3.82711734E-001, 5.21776748E-001,-1.00000000E-001, 1.42055323E-003
 4.25000000E+000, 1.16900808E-001, 3.81978179E-001, 5.22752216E-001,-1.00000000E-001, 1.42853592E-003
 4.27000000E+000, 1.17597264E-001, 3.81229405E-001, 5.23751728E-001,-1.00000000E-001, 1.43674633E-003
 4.29000000E+000, 1.18307173E-001, 3.80465850E-001, 5.24774947E-001,-1.00000000E-001, 1.44518399E-003
 4.31000000E+000, 1.19030088E-001, 3.79687975E-001, 5.25821504E-001,-1.00000000E-001, 1.45384821E-003
 4.33000000E+000, 1.19765540E-001, 3.78896262E-001, 5.26890998E-001,-1.00000000E-001, 1.46273801E-003
 4.35000000E+000, 1.20513043E-001, 3.78091213E-001, 5.27982993E-001,-1.00000000E-001, 1.47185215E-003
 4.37000000E+000, 1.21272092E-001, 3.77273350E-001, 5.29097028E-001,-1.00000000E-001, 1.48118918E-003
 4.39000000E+000, 1.22042173E-001, 3.76443209E-001, 5.30232613E-001,-1.00000000E-001, 1.49074736E-003
 4.41000000E+000, 1.22822754E-001, 3.75601339E-001, 5.31389232E-001,-1.00000000E-001, 1.50052476E-003
 4.43000000E+000, 1.23613299E-001, 3.74748301E-001, 5.32566347E-001,-1.00000000E-001, 1.51051922E-003
 4.45000000E+000, 1.24413258E-001, 3.73884665E-001, 5.33763399E-001,-1.00000000E-001, 1.52072835E-003
 4.47000000E+000, 1.25222079E-001, 3.73011010E-001, 5.34979809E-001,-1.00000000E-001, 1.53114959E-003
 4.49000000E+000, 1.26039205E-001, 3.72127917E-001, 5.36214982E-001,-1.00000000E-001, 1.54178018E-003
 4.51000000E+000, 1.26864076E-001, 3.71235973E-001, 5.37468306E-001,-1.00000000E-001, 1.55261716E-003
 4.53000000E+000, 1.27696133E-001, 3.70335765E-001, 5.38739160E-001,-1.00000000E-001, 1.56365743E-003
 4.55000000E+000, 1.28534816E-001, 3.69427879E-001, 5.40026908E-001,-1.00000000E-001, 1.57489772E-003
 4.57000000E+000, 1.29379571E-001, 3.68512900E-001, 5.41330908E-001,-1.00000000E-001, 1.58633462E-003
 4.59000000E+000, 1.30229846E-001, 3.67591409E-001, 5.42650509E-001,-1.00000000E-001, 1.59796459E-003
 4.61000000E+000, 1.31085095E-001, 3.66663981E-001, 5.43985058E-001,-1.00000000E-001, 1.60978394E-003
 4.63000000E+000, 1.31944780E-001, 3.65731184E-001, 5.45333894E-001,-1.00000000E-001, 1.62178891E-003
 4.65000000E+000, 1.32808373E-001, 3.64793579E-001, 5.46696359E-001,-1.00000000E-001, 1.63397560E-003
 4.67000000E+000, 1.33675352E-001, 3.63851718E-001, 5.48071792E-001,-1.00000000E-001, 1.64634006E-003
 4.69000000E+000, 1.34545209E-001, 3.62906140E-001, 5.49459534E-001,-1.00000000E-001, 1.65887821E-003
 4.71000000E+000, 1.35417445E-001, 3.61957377E-001, 5.50858930E-001,-1.00000000E-001, 1.67158595E-003
 4.73000000E+000, 1.36291574E-001, 3.61005944E-001, 5.52269327E-001,-1.00000000E-001, 1.68445909E-003
 4.75000000E+000, 1.37167124E-001, 3.60052346E-001, 5.53690081E-001,-1.00000000E-001, 1.69749339E-003
 4.77000000E+000, 1.38043636E-001, 3.59097074E-001, 5.55120551E-001,-1.00000000E-001, 1.71068458E-003
 4.79000000E+000, 1.38920664E-001, 3.58140605E-001, 5.56560105E-001,-1.00000000E-001, 1.72402836E-003
 4.81000000E+000, 1.39797779E-001, 3.57183400E-001, 5.58008122E-001,-1.00000000E-001, 1.73752039E-003
 4.83000000E+000, 1.40674565E-001, 3.56225905E-001, 5.59463987E-001,-1.00000000E-001, 1.75115632E-003
 4.85000000E+000, 1.41550620E-001, 3.55268552E-001, 5.60927097E-001,-1.00000000E-001, 1.76493179E-003
 4.87000000E+000, 1.42425561E-001, 3.54311757E-001, 5.62396861E-001,-1.00000000E-001, 1.77884244E-003
 4.89000000E+000, 1.43299017E-001, 3.53355920E-001, 5.63872697E-001,-1.00000000E-001, 1.79288392E-003
 4.91000000E+000, 1.44170633E-001, 3.52401425E-001, 5.65354037E-001,-1.00000000E-001, 1.80705187E-003
 4.93000000E+000, 1.45040072E-001, 3.51448639E-001, 5.66840327E-001,-1.00000000E-001, 1.82134196E-003
 4.95000000E+000, 1.45907009E-001, 3.50497917E-001, 5.68331022E-001,-1.00000000E-001, 1.83574989E-003
 4.97000000E+000, 1.46771135E-001, 3.49549594E-001, 5.69825595E-001,-1.00000000E-001, 1.85027136E-003
 4.99000000E+000, 1.47632158E-001, 3.48603993E-001, 5.71323529E-001,-1.00000000E-001, 1.86490212E-003
 5.01000000E+000, 1.48489799E-001, 3.47661419E-001, 5.72824323E-001,-1.00000000E-001, 1.87963795E-003
 5.03000000E+000, 1.49343793E-001, 3.46722163E-001, 5.74327487E-001,-1.00000000E-001, 1.89447466E-003
 5.05000000E+000, 1.50193890E-001, 3.45786503E-001, 5.75832549E-001,-1.00000000E-001, 1.90940810E-003
 5.07000000E+000, 1.51039854E-001, 3.44854700E-001, 5.77339048E-001,-1.00000000E-001, 1.92443418E-003
 5.09000000E+000, 1.51881463E-001, 3.43927002E-001, 5.78846538E-001,-1.00000000E-001, 1.93954884E-003
 5.11000000E+000, 1.52718507E-001, 3.43003643E-001, 5.80354586E-001,-1.00000000E-001, 1.95474807E-003
 5.13000000E+000, 1.53550789E-001, 3.42084845E-001, 5.81862774E-001,-1.00000000E-001, 1.97002790E-003
 5.15000000E+000, 1.54378126E-001, 3.41170815E-001, 5.83370696E-001,-1.00000000E-001, 1.98538444E-003
 5.17000000E+000, 1.55200344E-001, 3.40261750E-001, 5.84877961E-001,-1.00000000E-001, 2.00081383E-003
 5.19000000E+000, 1.56017283E-001, 3.39357831E-001, 5.86384190E-001,-1.00000000E-001, 2.01631225E-003
 5.21000000E+000, 1.56828793E-001, 3.38459231E-001, 5.87889018E-001,-1.00000000E-001, 2.03187596E-003
 5.23000000E+000, 1.57634736E-001, 3.37566111E-001, 5.89392091E-001,-1.00000000E-001, 2.04750127E-003
 5.25000000E+000, 1.58434981E-001, 3.36678621E-001, 5.90893068E-001,-1.00000000E-001, 2.06318451E-003
 5.27000000E+000, 1.59229409E-001, 3.35796900E-001, 5.92391622E-001,-1.00000000E-001, 2.07892211E-003
 5.29000000E+000, 1.60017912E-001, 3.34921078E-001, 5.93887435E-001,-1.00000000E-001, 2.09471053E-003
 5.31000000E+000, 1.60800388E-001, 3.34051274E-001, 5.95380201E-001,-1.00000000E-001, 2.11054627E-003
 5.33000000E+000, 1.61576745E-001, 3.33187601E-001, 5.96869626E-001,-1.00000000E-001, 2.12642590E-003
 5.35000000E+000, 1.62346898E-001, 3.32330161E-001, 5.98355425E-001,-1.00000000E-001, 2.14234604E-003
 5.37000000E+000, 1.63110770E-001, 3.31479049E-001, 5.99837326E-001,-1.00000000E-001, 2.15830334E-003
 5.39000000E+000, 1.63868293E-001, 3.30634352E-001, 6.01315063E-001,-1.00000000E-001, 2.17429452E-003
 5.41000000E+000, 1.64619402E-001, 3.29796149E-001, 6.02788383E-001,-1.00000000E-001, 2.19031632E-003
 5.43000000E+000, 1.65364042E-001, 3.28964514E-001, 6.04257040E-001,-1.00000000E-001, 2.20636554E-003
 5.45000000E+000, 1.66102163E-001, 3.28139513E-001, 6.05720798E-001,-1.00000000E-001, 2.22243903E-003
 5.47000000E+000, 1.66833719E-001, 3.27321206E-001, 6.07179426E-001,-1.00000000E-001, 2.23853366E-003
 5.49000000E+000, 1.67558672E-001, 3.26509649E-001, 6.08632705E-001,-1.00000000E-001, 2.25464634E-003
 5.51000000E+000, 1.68276987E-001, 3.25704890E-001, 6.10080421E-001,-1.00000000E-001, 2.27077403E-003
 5.53000000E+000, 1.68988633E-001, 3.24906975E-001, 6.11522368E-001,-1.00000000E-001, 2.28691369E-003
 5.55000000E+000, 1.69693586E-001, 3.24115944E-001, 6.12958344E-001,-1.00000000E-001, 2.30306235E-003
 5.57000000E+000, 1.70391822E-001, 3.23331833E-001, 6.14388156E-001,-1.00000000E-001, 2.31921702E-003
 5.59000000E+000, 1.71083324E-001, 3.22554674E-001, 6.15811614E-001,-1.00000000E-001, 2.33537477E-003
 5.61000000E+000, 1.71768077E-001, 3.21784497E-001, 6.17228536E-001,-1.00000000E-001, 2.35153266E-003
 5.63000000E+000, 1.72446067E-001, 3.21021326E-001, 6.18638742E-001,-1.00000000E-001, 2.36768778E-003
 5.65000000E+000, 1.73117286E-001, 3.20265185E-001, 6.20042057E-001,-1.00000000E-001, 2.38383724E-003
 5.67000000E+000, 1.73781725E-001, 3.19516095E-001, 6.21438310E-001,-1.00000000E-001, 2.39997812E-003
 5.69000000E+000, 1.74439378E-001, 3.18774075E-001, 6.22827333E-001,-1.00000000E-001, 2.41610754E-003
 5.71000000E+000, 1.75090243E-001, 3.18039140E-001, 6.24208959E-001,-1.00000000E-001, 2.43222260E-003
 5.73000000E+000, 1.75734315E-001, 3.17311308E-001, 6.25583027E-001,-1.00000000E-001, 2.44832038E-003
 5.75000000E+000, 1.76371593E-001, 3.16590591E-001, 6.26949373E-001,-1.00000000E-001, 2.46439797E-003
 5.77000000E+000, 1.77002076E-001, 3.15877004E-001, 6.28307837E-001,-1.00000000E-001, 2.48045242E-003
 5.79000000E+000, 1.77625764E-001, 3.15170561E-001, 6.29658259E-001,-1.00000000E-001, 2.49648076E-003
 5.81000000E+000, 1.78242655E-001, 3.14471274E-001, 6.31000477E-001,-1.00000000E-001, 2.51247999E-003
 5.83000000E+000, 1.78852749E-001, 3.13779158E-001, 6.32334330E-001,-1.00000000E-001, 2.52844706E-003
 5.85000000E+000, 1.79456045E-001, 3.13094226E-001, 6.33659654E-001,-1.00000000E-001, 2.54437889E-003
 5.87000000E+000, 1.80052539E-001, 3.12416494E-001, 6.34976285E-001,-1.00000000E-001, 2.56027232E-003
 5.89000000E+000, 1.80642229E-001, 3.11745979E-001, 6.36284054E-001,-1.00000000E-001, 2.57612412E-003
 5.91000000E+000, 1.81225110E-001, 3.11082700E-001, 6.37582788E-001,-1.00000000E-001, 2.59193102E-003
 5.93000000E+000, 1.81801174E-001, 3.10426677E-001, 6.38872309E-001,-1.00000000E-001, 2.60768962E-003
 5.95000000E+000, 1.82370411E-001, 3.09777936E-001, 6.40152436E-001,-1.00000000E-001, 2.62339643E-003
 5.97000000E+000, 1.82932809E-001, 3.09136502E-001, 6.41422978E-001,-1.00000000E-001, 2.63904785E-003
 5.99000000E+000, 1.83488352E-001, 3.08502408E-001, 6.42683737E-001,-1.00000000E-001, 2.65464016E-003
 6.01000000E+000, 1.84037021E-001, 3.07875689E-001, 6.43934507E-001,-1.00000000E-001, 2.67016946E-003
 6.03000000E+000, 1.84578791E-001, 3.07256386E-001, 6.45175070E-001,-1.00000000E-001, 2.68563171E-003
 6.05000000E+000, 1.85113634E-001, 3.06644544E-001, 6.46405196E-001,-1.00000000E-001, 2.70102267E-003
 6.07000000E+000, 1.85641514E-001, 3.06040219E-001, 6.47624641E-001,-1.00000000E-001, 2.71633790E-003
 6.09000000E+000, 1.86162390E-001, 3.05443469E-001, 6.48833147E-001,-1.00000000E-001, 2.73157271E-003
 6.11000000E+000, 1.86676214E-001, 3.04854366E-001, 6.50030435E-001,-1.00000000E-001, 2.74672214E-003
 6.13000000E+000, 1.87182928E-001, 3.04272987E-001, 6.51216207E-001,-1.00000000E-001, 2.76178092E-003
 6.15000000E+000, 1.87682465E-001, 3.03699423E-001, 6.52390141E-001,-1.00000000E-001, 2.77674345E-003
 6.17000000E+000, 1.88174749E-001, 3.03133776E-001, 6.53551890E-001,-1.00000000E-001, 2.79160372E-003
 6.19000000E+000, 1.88659691E-001, 3.02576163E-001, 6.54701074E-001,-1.00000000E-001, 2.80635531E-003
 6.21000000E+000, 1.89137185E-001, 3.02026717E-001, 6.55837281E-001,-1.00000000E-001, 2.82099124E-003
 6.23000000E+000, 1.89607114E-001, 3.01485591E-001, 6.56960055E-001,-1.00000000E-001, 2.83550400E-003
 6.25000000E+000, 1.90069339E-001, 3.00952956E-001, 6.58068897E-001,-1.00000000E-001, 2.84988538E-003
 6.27000000E+000, 1.90523701E-001, 3.00429010E-001, 6.59163254E-001,-1.00000000E-001, 2.86412643E-003
 6.29000000E+000, 1.90970017E-001, 2.99913981E-001, 6.60242511E-001,-1.00000000E-001, 2.87821728E-003
 6.31000000E+000, 1.91408074E-001, 2.99408129E-001, 6.61305979E-001,-1.00000000E-001, 2.89214705E-003
 6.33000000E+000, 1.91837625E-001, 2.98911752E-001, 6.62352887E-001,-1.00000000E-001, 2.90590364E-003
 6.35000000E+000, 1.92258384E-001, 2.98425196E-001, 6.63382360E-001,-1.00000000E-001, 2.91947351E-003
 6.37000000E+000, 1.92670017E-001, 2.97948865E-001, 6.64393405E-001,-1.00000000E-001, 2.93284141E-003
 6.39000000E+000, 1.93072132E-001, 2.97483227E-001, 6.65384884E-001,-1.00000000E-001, 2.94599004E-003
 6.41000000E+000, 1.93464266E-001, 2.97028833E-001, 6.66355483E-001,-1.00000000E-001, 2.95889963E-003
 6.43000000E+000, 1.93845869E-001, 2.96586337E-001, 6.67303670E-001,-1.00000000E-001, 2.97154733E-003
 6.45000000E+000, 1.94216283E-001, 2.96156516E-001, 6.68227647E-001,-1.00000000E-001, 2.98390650E-003
 6.47000000E+000, 1.94574710E-001, 2.95740311E-001, 6.69125272E-001,-1.00000000E-001, 2.99594571E-003
 6.49000000E+000, 1.94920172E-001, 2.95338872E-001, 6.69993961E-001,-1.00000000E-001, 3.00762734E-003
 6.51000000E+000, 1.95251453E-001, 2.94953626E-001, 6.70830552E-001,-1.00000000E-001, 3.01890562E-003
 6.53000000E+000, 1.95567007E-001, 2.94586379E-001, 6.71631095E-001,-1.00000000E-001, 3.02972385E-003
 6.55000000E+000, 1.95864821E-001, 2.94239481E-001, 6.72390523E-001,-1.00000000E-001, 3.04000973E-003
 6.57000000E+000, 1.96142192E-001, 2.93916077E-001, 6.73102137E-001,-1.00000000E-001, 3.04966833E-003
 6.59000000E+000, 1.96395449E-001, 2.93620439E-001, 6.73756986E-001,-1.00000000E-001, 3.05857346E-003
 6.61000000E+000, 1.96619218E-001, 2.93358849E-001, 6.74342509E-001,-1.00000000E-001, 3.06654887E-003
 6.63000000E+000, 1.96803427E-001, 2.93142954E-001, 6.74836031E-001,-1.00000000E-001, 3.07327886E-003
 6.65000000E+000, 1.96928750E-001, 2.92994593E-001, 6.75192051E-001,-1.00000000E-001, 3.07813420E-003
 6.67000000E+000, 1.96976103E-001, 2.92936331E-001, 6.75364374E-001,-1.00000000E-001, 3.08047831E-003
 6.69000000E+000, 1.96918971E-001, 2.93009416E-001, 6.75348980E-001,-1.00000000E-001, 3.08024707E-003
 6.71000000E+000, 1.96330932E-001, 2.93723240E-001, 6.74455004E-001,-1.00000000E-001, 3.06790573E-003
 6.73000000E+000, 1.93144951E-001, 2.97388071E-001, 6.68371485E-001,-1.00000000E-001, 2.98514542E-003
 6.75000000E+000, 1.83662628E-001, 3.07999921E-001, 6.48829106E-001,-1.00000000E-001, 2.73010070E-003
 6.77000000E+000, 1.67577556E-001, 3.25798806E-001, 6.15912452E-001,-1.00000000E-001, 2.33496400E-003
 6.79000000E+000, 1.50853405E-001, 3.44296248E-001, 5.83125761E-001,-1.00000000E-001, 1.98180080E-003
 6.81000000E+000, 1.38599032E-001, 3.57912923E-001, 5.60057252E-001,-1.00000000E-001, 1.75613105E-003
 6.83000000E+000, 1.31003560E-001, 3.66373922E-001, 5.46256237E-001,-1.00000000E-001, 1.62971576E-003
 6.85000000E+000, 1.26350660E-001, 3.71539537E-001, 5.38146429E-001,-1.00000000E-001, 1.55832724E-003
 6.87000000E+000, 1.23265490E-001, 3.74938731E-001, 5.33020262E-001,-1.00000000E-001, 1.51427805E-003
 6.89000000E+000, 1.20993025E-001, 3.77422524E-001, 5.29408593E-001,-1.00000000E-001, 1.48373350E-003
 6.91000000E+000, 1.19165276E-001, 3.79408107E-001, 5.26601126E-001,-1.00000000E-001, 1.46026847E-003
 6.93000000E+000, 1.17607315E-001, 3.81093909E-001, 5.24264138E-001,-1.00000000E-001, 1.44092163E-003
 6.95000000E+000, 1.16233475E-001, 3.82576798E-001, 5.22236899E-001,-1.00000000E-001, 1.42427623E-003
 6.97000000E+000, 1.14998645E-001, 3.83907491E-001, 5.20436548E-001,-1.00000000E-001, 1.40960077E-003
 6.99000000E+000, 1.13876506E-001, 3.85115359E-001, 5.18815879E-001,-1.00000000E-001, 1.39647601E-003
 7.01000000E+000, 1.12849924E-001, 3.86219397E-001, 5.17344851E-001,-1.00000000E-001, 1.38463359E-003
 7.03000000E+000, 1.11906630E-001, 3.87233134E-001, 5.16002372E-001,-1.00000000E-001, 1.37388448E-003
 7.05000000E+000, 1.11037190E-001, 3.88166926E-001, 5.14772496E-001,-1.00000000E-001, 1.36408582E-003
 7.07000000E+000, 1.10233999E-001, 3.89029104E-001, 5.13642541E-001,-1.00000000E-001, 1.35512432E-003
 7.09000000E+000, 1.09490719E-001, 3.89826590E-001, 5.12602069E-001,-1.00000000E-001, 1.34690723E-003
 7.11000000E+000, 1.08801951E-001, 3.90565275E-001, 5.11642291E-001,-1.00000000E-001, 1.33935688E-003
 7.13000000E+000, 1.08163021E-001, 3.91250249E-001, 5.10755680E-001,-1.00000000E-001, 1.33240720E-003
 7.15000000E+000, 1.07569830E-001, 3.91885968E-001, 5.09935706E-001,-1.00000000E-001, 1.32600126E-003
 7.17000000E+000, 1.07018749E-001, 3.92476375E-001, 5.09176646E-001,-1.00000000E-001, 1.32008952E-003
 7.19000000E+000, 1.06506539E-001, 3.93024985E-001, 5.08473443E-001,-1.00000000E-001, 1.31462847E-003
 7.21000000E+000, 1.06030287E-001, 3.93534953E-001, 5.07821592E-001,-1.00000000E-001, 1.30957969E-003
 7.23000000E+000, 1.05587359E-001, 3.94009132E-001, 5.07217059E-001,-1.00000000E-001, 1.30490895E-003
 7.25000000E+000, 1.05175360E-001, 3.94450110E-001, 5.06656211E-001,-1.00000000E-001, 1.30058566E-003
 7.27000000E+000, 1.04792104E-001, 3.94860250E-001, 5.06135757E-001,-1.00000000E-001, 1.29658229E-003
 7.29000000E+000, 1.04435588E-001, 3.95241714E-001, 5.05652709E-001,-1.00000000E-001, 1.29287401E-003
 7.31000000E+000, 1.04103969E-001, 3.95596489E-001, 5.05204339E-001,-1.00000000E-001, 1.28943826E-003
 7.33000000E+000, 1.03795548E-001, 3.95926406E-001, 5.04788152E-001,-1.00000000E-001, 1.28625458E-003
 7.35000000E+000, 1.03508753E-001, 3.96233158E-001, 5.04401856E-001,-1.00000000E-001, 1.28330423E-003
 7.37000000E+000, 1.03242128E-001, 3.96518311E-001, 5.04043342E-001,-1.00000000E-001, 1.28057012E-003
 7.39000000E+000, 1.02994321E-001, 3.96783319E-001, 5.03710666E-001,-1.00000000E-001, 1.27803651E-003
 7.41000000E+000, 1.02764074E-001, 3.97029534E-001, 5.03402029E-001,-1.00000000E-001, 1.27568898E-003
 7.43000000E+000, 1.02550217E-001, 3.97258212E-001, 5.03115767E-001,-1.00000000E-001, 1.27351420E-003
 7.45000000E+000, 1.02351657E-001, 3.97470528E-001, 5.02850336E-001,-1.00000000E-001, 1.27149988E-003
 7.47000000E+000, 1.02167375E-001, 3.97667574E-001, 5.02604301E-001,-1.00000000E-001, 1.26963466E-003
 7.49000000E+000, 1.01996416E-001, 3.97850373E-001, 5.02376329E-001,-1.00000000E-001, 1.26790800E-003
 7.51000000E+000, 1.01837892E-001, 3.98019880E-001, 5.02165179E-001,-1.00000000E-001, 1.26631014E-003
 7.53000000E+000, 1.01690967E-001, 3.98176987E-001, 5.01969693E-001,-1.00000000E-001, 1.26483201E-003
 7.55000000E+000, 1.01554862E-001, 3.98322531E-001, 5.01788794E-001,-1.00000000E-001, 1.26346521E-003
 7.57000000E+000, 1.01428845E-001, 3.98457293E-001, 5.01621475E-001,-1.00000000E-001, 1.26220188E-003
 7.59000000E+000, 1.01312233E-001, 3.98582008E-001, 5.01466797E-001,-1.00000000E-001, 1.26103475E-003
 7.61000000E+000, 1.01204384E-001, 3.98697360E-001, 5.01323882E-001,-1.00000000E-001, 1.25995702E-003
 7.63000000E+000, 1.01104697E-001, 3.98803993E-001, 5.01191911E-001,-1.00000000E-001, 1.25896235E-003
 7.65000000E+000, 1.01012608E-001, 3.98902508E-001, 5.01070117E-001,-1.00000000E-001, 1.25804486E-003
 7.67000000E+000, 1.00927591E-001, 3.98993471E-001, 5.00957786E-001,-1.00000000E-001, 1.25719905E-003
 7.69000000E+000, 1.00849152E-001, 3.99077408E-001, 5.00854248E-001,-1.00000000E-001, 1.25641977E-003
 7.71000000E+000, 1.00776826E-001, 3.99154816E-001, 5.00758877E-001,-1.00000000E-001, 1.25570225E-003
 7.73000000E+000, 1.00710182E-001, 3.99226156E-001, 5.00671089E-001,-1.00000000E-001, 1.25504202E-003
 7.75000000E+000, 1.00648813E-001, 3.99291862E-001, 5.00590338E-001,-1.00000000E-001, 1.25443492E-003
 7.77000000E+000, 1.00592340E-001, 3.99352341E-001, 5.00516114E-001,-1.00000000E-001, 1.25387706E-003
 7.79000000E+000, 1.00540407E-001, 3.99407970E-001, 5.00447941E-001,-1.00000000E-001, 1.25336482E-003
 7.81000000E+000, 1.00492682E-001, 3.99459106E-001, 5.00385372E-001,-1.00000000E-001, 1.25289481E-003
 7.83000000E+000, 1.00448856E-001, 3.99506079E-001, 5.00327993E-001,-1.00000000E-001, 1.25246389E-003
 7.85000000E+000, 1.00408638E-001, 3.99549198E-001, 5.00275417E-001,-1.00000000E-001, 1.25206912E-003
 7.87000000E+000, 1.00371758E-001, 3.99588753E-001, 5.00227281E-001,-1.00000000E-001, 1.25170777E-003
 7.89000000E+000, 1.00337962E-001, 3.99625014E-001, 5.00183249E-001,-1.00000000E-001, 1.25137728E-003
 7.91000000E+000, 1.00307017E-001, 3.99658230E-001, 5.00143007E-001,-1.00000000E-001, 1.25107528E-003
 7.93000000E+000, 1.00278702E-001, 3.99688638E-001, 5.00106262E-001,-1.00000000E-001, 1.25079958E-003
 7.95000000E+000, 1.00252813E-001, 3.99716454E-001, 5.00072743E-001,-1.00000000E-001, 1.25054810E-003
 7.97000000E+000, 1.00229161E-001, 3.99741881E-001, 5.00042195E-001,-1.00000000E-001, 1.25031896E-003
 7.99000000E+000, 1.00207568E-001, 3.99765109E-001, 5.00014385E-001,-1.00000000E-001, 1.25011036E-003
 8.01000000E+000, 1.00187869E-001, 3.99786312E-001, 4.99989094E-001,-1.00000000E-001, 1.24992068E-003
 8.03000000E+000, 1.00169914E-001, 3.99805653E-001, 4.99966118E-001,-1.00000000E-001, 1.24974838E-003
 8.05000000E+000, 1.00153559E-001, 3.99823284E-001, 4.99945270E-001,-1.00000000E-001, 1.24959205E-003
 8.07000000E+000, 1.00138674E-001, 3.99839344E-001, 4.99926375E-001,-1.00000000E-001, 1.24945037E-003
 8.09000000E+000, 1.00125138E-001, 3.99853964E-001, 4.99909271E-001,-1.00000000E-001, 1.24932213E-003
 8.11000000E+000, 1.00112837E-001, 3.99867262E-001, 4.99893810E-001,-1.00000000E-001, 1.24920621E-003
 8.13000000E+000, 1.00101669E-001, 3.99879350E-001, 4.99879852E-001,-1.00000000E-001, 1.24910157E-003
 8.15000000E+000, 1.00091536E-001, 3.99890331E-001, 4.99867271E-001,-1.00000000E-001, 1.24900724E-003
 8.17000000E+000, 1.00082350E-001, 3.99900300E-001, 4.99855947E-001,-1.00000000E-001, 1.24892236E-003
 8.19000000E+000, 1.00074029E-001, 3.99909343E-001, 4.99845773E-001,-1.00000000E-001, 1.24884608E-003
 8.21000000E+000, 1.00066498E-001, 3.99917542E-001, 4.99836648E-001,-1.00000000E-001, 1.24877768E-003
 8.23000000E+000, 1.00059687E-001, 3.99924970E-001, 4.99828479E-001,-1.00000000E-001, 1.24871644E-003
 8.25000000E+000, 1.00053532E-001, 3.99931695E-001, 4.99821182E-001,-1.00000000E-001, 1.24866174E-003
 8.27000000E+000, 1.00047975E-001, 3.99937782E-001, 4.99814678E-001,-1.00000000E-001, 1.24861298E-003
 8.29000000E+000, 1.00042961E-001, 3.99943286E-001, 4.99808895E-001,-1.00000000E-001, 1.24856962E-003
 8.31000000E+000, 1.00038442E-001, 3.99948261E-001, 4.99803767E-001,-1.00000000E-001, 1.24853118E-003
 8.33000000E+000, 1.00034371E-001, 3.99952756E-001, 4.99799235E-001,-1.00000000E-001, 1.24849720E-003
 8.35000000E+000, 1.00030707E-001, 3.99956815E-001, 4.99795242E-001,-1.00000000E-001, 1.24846726E-003
 8.37000000E+000, 1.00027412E-001, 3.99960478E-001, 4.99791738E-001,-1.00000000E-001, 1.24844098E-003
 8.39000000E+000, 1.00024452E-001, 3.99963782E-001, 4.99788675E-001,-1.00000000E-001, 1.24841802E-003
 8.41000000E+000, 1.00021794E-001, 3.99966762E-001, 4.99786013E-001,-1.00000000E-001, 1.24839806E-003
 8.43000000E+000, 1.00019409E-001, 3.99969449E-001, 4.99783712E-001,-1.00000000E-001, 1.24838079E-003
 8.45000000E+000, 1.00017272E-001, 3.99971870E-001, 4.99781736E-001,-1.00000000E-001, 1.24836597E-003
 8.47000000E+000, 1.00015358E-001, 3.99974051E-001, 4.99780054E-001,-1.00000000E-001, 1.24835335E-003
 8.49000000E+000, 1.00013644E-001, 3.99976017E-001, 4.99778636E-001,-1.00000000E-001, 1.24834271E-003
 8.51000000E+000, 1.00012113E-001, 3.99977787E-001, 4.99777455E-001,-1.00000000E-001, 1.24833384E-003
 8.53000000E+000, 1.00010744E-001, 3.99979382E-001, 4.99776487E-001,-1.00000000E-001, 1.24832657E-003
 8.55000000E+000, 1.00009522E-001, 3.99980819E-001, 4.99775710E-001,-1.00000000E-001, 1.24832073E-003
 8.57000000E+000, 1.00008432E-001, 3.99982114E-001, 4.99775104E-001,-1.00000000E-001, 1.24831617E-003
 8.59000000E+000, 1.00007460E-001, 3.99983281E-001, 4.99774650E-001,-1.00000000E-001, 1.24831276E-003
 8.61000000E+000, 1.00006595E-001, 3.99984333E-001, 4.99774333E-001,-1.00000000E-001, 1.24831036E-003
 8.63000000E+000, 1.00005824E-001, 3.99985283E-001, 4.99774137E-001,-1.00000000E-001, 1.24830887E-003
 8.65000000E+000, 1.00005140E-001, 3.99986140E-001, 4.99774048E-001,-1.00000000E-001, 1.24830819E-003
 8.67000000E+000, 1.00004531E-001, 3.99986915E-001, 4.99774055E-001,-1.00000000E-001, 1.24830823E-003
 8.69000000E+000, 1.00003991E-001, 3.99987616E-001, 4.99774146E-001,-1.00000000E-001, 1.24830889E-003
 8.71000000E+000, 1.00003511E-001, 3.99988251E-001, 4.99774311E-001,-1.00000000E-001, 1.24831012E-003
 8.73000000E+000, 1.00003086E-001, 3.99988827E-001, 4.99774542E-001,-1.00000000E-001, 1.24831183E-003
 8.75000000E+000, 1.00002709E-001, 3.99989350E-001, 4.99774829E-001,-1.00000000E-001, 1.24831397E-003
 8.77000000E+000, 1.00002376E-001, 3.99989826E-001, 4.99775167E-001,-1.00000000E-001, 1.24831649E-003
 8.79000000E+000, 1.00002081E-001, 3.99990261E-001, 4.99775548E-001,-1.00000000E-001, 1.24831933E-003
 8.81000000E+000, 1.00001820E-001, 3.99990658E-001, 4.99775966E-001,-1.00000000E-001, 1.24832244E-003
 8.83000000E+000, 1.00001589E-001, 3.99991022E-001, 4.99776416E-001,-1.00000000E-001, 1.24832580E-003
 8.85000000E+000, 1.00001386E-001, 3.99991356E-001, 4.99776893E-001,-1.00000000E-001, 1.24832936E-003
 8.87000000E+000, 1.00001206E-001, 3.99991664E-001, 4.99777393E-001,-1.00000000E-001, 1.24833310E-003
 8.89000000E+000, 1.00001048E-001, 3.99991949E-001, 4.99777912E-001,-1.00000000E-001, 1.24833697E-003
 8.91000000E+000, 1.00000908E-001, 3.99992213E-001, 4.99778446E-001,-1.00000000E-001, 1.24834096E-003
 8.93000000E+000, 1.00000785E-001, 3.99992459E-001, 4.99778992E-001,-1.00000000E-001, 1.24834504E-003
 8.95000000E+000, 1.00000677E-001, 3.99992689E-001, 4.99779547E-001,-1.00000000E-001, 1.24834919E-003
 8.97000000E+000, 1.00000581E-001, 3.99992904E-001, 4.99780109E-001,-1.00000000E-001, 1.24835339E-003
 8.99000000E+000, 1.00000497E-001, 3.99993107E-001, 4.99780675E-001,-1.00000000E-001, 1.24835762E-003
 9.01000000E+000, 1.00000423E-001, 3.99993299E-001, 4.99781244E-001,-1.00000000E-001, 1.24836187E-003
 9.03000000E+000, 1.00000358E-001, 3.99993481E-001, 4.99781814E-001,-1.00000000E-001, 1.24836613E-003
 9.05000000E+000, 1.00000301E-001, 3.99993655E-001, 4.99782382E-001,-1.00000000E-001, 1.24837037E-003
 9.07000000E+000, 1.00000251E-001, 3.99993820E-001, 4.99782947E-001,-1.00000000E-001, 1.24837460E-003
 9.09000000E+000, 1.00000206E-001, 3.99993979E-001, 4.99783508E-001,-1.00000000E-001, 1.24837880E-003
 9.11000000E+000, 1.00000168E-001, 3.99994133E-001, 4.99784064E-001,-1.00000000E-001, 1.24838295E-003
 9.13000000E+000, 1.00000133E-001, 3.99994281E-001, 4.99784614E-001,-1.00000000E-001, 1.24838706E-003
 9.15000000E+000, 1.00000103E-001, 3.99994425E-001, 4.99785156E-001,-1.00000000E-001, 1.24839112E-003
 9.17000000E+000, 1.00000077E-001, 3.99994565E-001, 4.99785689E-001,-1.00000000E-001, 1.24839511E-003
 9.19000000E+000, 1.00000053E-001, 3.99994701E-001, 4.99786214E-001,-1.00000000E-001, 1.24839903E-003
 9.21000000E+000, 1.00000033E-001, 3.99994835E-001, 4.99786728E-001,-1.00000000E-001, 1.24840288E-003
 9.23000000E+000, 1.00000015E-001, 3.99994966E-001, 4.99787232E-001,-1.00000000E-001, 1.24840665E-003
 9.25000000E+000, 9.99999989E-002, 3.99995095E-001, 4.99787725E-001,-1.00000000E-001, 1.24841033E-003
 9.27000000E+000, 9.99999849E-002, 3.99995223E-001, 4.99788205E-001,-1.00000000E-001, 1.24841393E-003
 9.29000000E+000, 9.99999726E-002, 3.99995348E-001, 4.99788673E-001,-1.00000000E-001, 1.24841743E-003
 9.31000000E+000, 9.99999617E-002, 3.99995473E-001, 4.99789129E-001,-1.00000000E-001, 1.24842084E-003
 9.33000000E+000, 9.99999522E-002, 3.99995597E-001, 4.99789570E-001,-1.00000000E-001, 1.24842414E-003
 9.35000000E+000, 9.99999438E-002, 3.99995719E-001, 4.99789998E-001,-1.00000000E-001, 1.24842735E-003
 9.37000000E+000, 9.99999364E-002, 3.99995842E-001, 4.99790412E-001,-1.00000000E-001, 1.24843044E-003
 9.39000000E+000, 9.99999299E-002, 3.99995964E-001, 4.99790811E-001,-1.00000000E-001, 1.24843343E-003
 9.41000000E+000, 9.99999243E-002, 3.99996085E-001, 4.99791195E-001,-1.00000000E-001, 1.24843630E-003
 9.43000000E+000, 9.99999195E-002, 3.99996206E-001, 4.99791563E-001,-1.00000000E-001, 1.24843906E-003
 9.45000000E+000, 9.99999153E-002, 3.99996328E-001, 4.99791916E-001,-1.00000000E-001, 1.24844171E-003
 9.47000000E+000, 9.99999117E-002, 3.99996449E-001, 4.99792253E-001,-1.00000000E-001, 1.24844423E-003
 9.49000000E+000, 9.99999087E-002, 3.99996571E-001, 4.99792574E-001,-1.00000000E-001, 1.24844663E-003
 9.51000000E+000, 9.99999062E-002, 3.99996692E-001, 4.99792878E-001,-1.00000000E-001, 1.24844891E-003
 9.53000000E+000, 9.99999043E-002, 3.99996815E-001, 4.99793166E-001,-1.00000000E-001, 1.24845107E-003
 9.55000000E+000, 9.99999028E-002, 3.99996937E-001, 4.99793436E-001,-1.00000000E-001, 1.24845310E-003
 9.57000000E+000, 9.99999017E-002, 3.99997060E-001, 4.99793689E-001,-1.00000000E-001, 1.24845499E-003
 9.59000000E+000, 9.99999010E-002, 3.99997184E-001, 4.99793925E-001,-1.00000000E-001, 1.24845676E-003
 9.61000000E+000, 9.99999008E-002, 3.99997309E-001, 4.99794142E-001,-1.00000000E-001, 1.24845840E-003
 9.63000000E+000, 9.99999009E-002, 3.99997434E-001, 4.99794342E-001,-1.00000000E-001, 1.24845990E-003
 9.65000000E+000, 9.99999015E-002, 3.99997560E-001, 4.99794524E-001,-1.00000000E-001, 1.24846126E-003
 9.67000000E+000, 9.99999024E-002, 3.99997687E-001, 4.99794687E-001,-1.00000000E-001, 1.24846249E-003
 9.69000000E+000, 9.99999036E-002, 3.99997814E-001, 4.99794831E-001,-1.00000000E-001, 1.24846357E-003
 9.71000000E+000, 9.99999053E-002, 3.99997943E-001, 4.99794957E-001,-1.00000000E-001, 1.24846452E-003
 9.73000000E+000, 9.99999073E-002, 3.99998072E-001, 4.99795064E-001,-1.00000000E-001, 1.24846533E-003
 9.75000000E+000, 9.99999097E-002, 3.99998203E-001, 4.99795151E-001,-1.00000000E-001, 1.24846599E-003
 9.77000000E+000, 9.99999125E-002, 3.99998335E-001, 4.99795220E-001,-1.00000000E-001, 1.24846650E-003
 9.79000000E+000, 9.99999155E-002, 3.99998468E-001, 4.99795268E-001,-1.00000000E-001, 1.24846687E-003
 9.81000000E+000, 9.99999192E-002, 3.99998602E-001, 4.99795297E-001,-1.00000000E-001, 1.24846710E-003
 9.83000000E+000, 9.99999231E-002, 3.99998737E-001, 4.99795305E-001,-1.00000000E-001, 1.24846717E-003
 9.85000000E+000, 9.99999267E-002, 3.99998874E-001, 4.99795293E-001,-1.00000000E-001, 1.24846709E-003
 9.87000000E+000, 9.99999335E-002, 3.99999010E-001, 4.99795264E-001,-1.00000000E-001, 1.24846688E-003
 9.89000000E+000, 9.99999347E-002, 3.99999153E-001, 4.99795207E-001,-1.00000000E-001, 1.24846646E-003
 9.91000000E+000, 9.99999449E-002, 3.99999289E-001, 4.99795140E-001,-1.00000000E-001, 1.24846597E-003
 9.93000000E+000, 9.99999500E-002, 3.99999432E-001, 4.99795047E-001,-1.00000000E-001, 1.24846528E-003
 9.95000000E+000, 9.99999462E-002, 3.99999586E-001, 4.99794918E-001,-1.00000000E-001, 1.24846432E-003
 9.97000000E+000, 9.99999846E-002, 3.99999699E-001, 4.99794824E-001,-1.00000000E-001, 1.24846363E-003
 9.99000000E+000, 9.99999353E-002, 3.99999902E-001, 4.99794591E-001,-1.00000000E-001, 1.24846190E-003
