   50.099999999999703      ,         500
X,ZB,H,U,ZF,QS
 1.00000000E-002, 1.00000000E-001, 4.00000000E-001, 5.00000001E-001,-1.00000000E-001, 1.25000000E-003
 3.00000000E-002, 1.00000000E-001, 4.00000000E-001, 5.00000001E-001,-1.00000000E-001, 1.25000000E-003
 5.00000000E-002, 1.00000000E-001, 4.00000000E-001, 5.00000001E-001,-1.00000000E-001, 1.25000000E-003
 7.00000000E-002, 1.00000000E-001, 4.00000000E-001, 5.00000001E-001,-1.00000000E-001, 1.25000000E-003
 9.00000000E-002, 1.00000000E-001, 4.00000000E-001, 5.00000001E-001,-1.00000000E-001, 1.25000000E-003
 1.10000000E-001, 1.00000000E-001, 4.00000000E-001, 5.00000001E-001,-1.00000000E-001, 1.25000000E-003
 1.30000000E-001, 1.00000000E-001, 4.00000000E-001, 5.00000001E-001,-1.00000000E-001, 1.25000000E-003
 1.50000000E-001, 1.00000000E-001, 4.00000000E-001, 5.00000001E-001,-1.00000000E-001, 1.25000000E-003
 1.70000000E-001, 1.00000000E-001, 4.00000000E-001, 5.00000001E-001,-1.00000000E-001, 1.25000000E-003
 1.90000000E-001, 1.00000000E-001, 4.00000000E-001, 5.00000001E-001,-1.00000000E-001, 1.25000000E-003
 2.10000000E-001, 1.00000000E-001, 4.00000000E-001, 5.00000001E-001,-1.00000000E-001, 1.25000000E-003
 2.30000000E-001, 1.00000000E-001, 4.00000000E-001, 5.00000001E-001,-1.00000000E-001, 1.25000000E-003
 2.50000000E-001, 1.00000000E-001, 4.00000000E-001, 5.00000001E-001,-1.00000000E-001, 1.25000000E-003
 2.70000000E-001, 1.00000000E-001, 4.00000000E-001, 5.00000001E-001,-1.00000000E-001, 1.25000000E-003
 2.90000000E-001, 1.00000000E-001, 4.00000000E-001, 5.00000001E-001,-1.00000000E-001, 1.25000000E-003
 3.10000000E-001, 1.00000000E-001, 4.00000000E-001, 5.00000001E-001,-1.00000000E-001, 1.25000000E-003
 3.30000000E-001, 1.00000000E-001, 4.00000000E-001, 5.00000001E-001,-1.00000000E-001, 1.25000000E-003
 3.50000000E-001, 1.00000000E-001, 4.00000000E-001, 5.00000001E-001,-1.00000000E-001, 1.25000000E-003
 3.70000000E-001, 1.00000000E-001, 4.00000000E-001, 5.00000001E-001,-1.00000000E-001, 1.25000000E-003
 3.90000000E-001, 1.00000000E-001, 4.00000000E-001, 5.00000001E-001,-1.00000000E-001, 1.25000000E-003
 4.10000000E-001, 1.00000000E-001, 4.00000000E-001, 5.00000001E-001,-1.00000000E-001, 1.25000000E-003
 4.30000000E-001, 1.00000000E-001, 4.00000000E-001, 5.00000001E-001,-1.00000000E-001, 1.25000000E-003
 4.50000000E-001, 1.00000000E-001, 4.00000000E-001, 5.00000001E-001,-1.00000000E-001, 1.25000000E-003
 4.70000000E-001, 1.00000000E-001, 4.00000000E-001, 5.00000001E-001,-1.00000000E-001, 1.25000000E-003
 4.90000000E-001, 1.00000000E-001, 4.00000000E-001, 5.00000001E-001,-1.00000000E-001, 1.25000000E-003
 5.10000000E-001, 1.00000000E-001, 4.00000000E-001, 5.00000001E-001,-1.00000000E-001, 1.25000000E-003
 5.30000000E-001, 1.00000000E-001, 4.00000000E-001, 5.00000001E-001,-1.00000000E-001, 1.25000000E-003
 5.50000000E-001, 1.00000000E-001, 4.00000000E-001, 5.00000001E-001,-1.00000000E-001, 1.25000000E-003
 5.70000000E-001, 1.00000000E-001, 4.00000000E-001, 5.00000001E-001,-1.00000000E-001, 1.25000000E-003
 5.90000000E-001, 1.00000000E-001, 4.00000000E-001, 5.00000001E-001,-1.00000000E-001, 1.25000000E-003
 6.10000000E-001, 1.00000000E-001, 4.00000000E-001, 5.00000001E-001,-1.00000000E-001, 1.25000000E-003
 6.30000000E-001, 1.00000000E-001, 4.00000000E-001, 5.00000001E-001,-1.00000000E-001, 1.25000000E-003
 6.50000000E-001, 1.00000000E-001, 4.00000000E-001, 5.00000001E-001,-1.00000000E-001, 1.25000000E-003
 6.70000000E-001, 1.00000000E-001, 4.00000000E-001, 5.00000001E-001,-1.00000000E-001, 1.25000000E-003
 6.90000000E-001, 1.00000000E-001, 4.00000000E-001, 5.00000001E-001,-1.00000000E-001, 1.25000000E-003
 7.10000000E-001, 1.00000000E-001, 4.00000000E-001, 5.00000001E-001,-1.00000000E-001, 1.25000000E-003
 7.30000000E-001, 1.00000000E-001, 4.00000000E-001, 5.00000001E-001,-1.00000000E-001, 1.25000000E-003
 7.50000000E-001, 1.00000000E-001, 4.00000000E-001, 5.00000001E-001,-1.00000000E-001, 1.25000000E-003
 7.70000000E-001, 1.00000000E-001, 4.00000000E-001, 5.00000001E-001,-1.00000000E-001, 1.25000000E-003
 7.90000000E-001, 1.00000000E-001, 4.00000000E-001, 5.00000001E-001,-1.00000000E-001, 1.25000000E-003
 8.10000000E-001, 1.00000000E-001, 4.00000000E-001, 5.00000001E-001,-1.00000000E-001, 1.25000000E-003
 8.30000000E-001, 1.00000000E-001, 4.00000000E-001, 5.00000001E-001,-1.00000000E-001, 1.25000000E-003
 8.50000000E-001, 1.00000000E-001, 4.00000000E-001, 5.00000001E-001,-1.00000000E-001, 1.25000000E-003
 8.70000000E-001, 1.00000000E-001, 4.00000000E-001, 5.00000001E-001,-1.00000000E-001, 1.25000000E-003
 8.90000000E-001, 1.00000000E-001, 4.00000000E-001, 5.00000001E-001,-1.00000000E-001, 1.25000000E-003
 9.10000000E-001, 1.00000000E-001, 3.99999999E-001, 5.00000001E-001,-1.00000000E-001, 1.25000000E-003
 9.30000000E-001, 1.00000000E-001, 3.99999999E-001, 5.00000001E-001,-1.00000000E-001, 1.25000000E-003
 9.50000000E-001, 1.00000000E-001, 3.99999999E-001, 5.00000001E-001,-1.00000000E-001, 1.25000000E-003
 9.70000000E-001, 1.00000000E-001, 3.99999999E-001, 5.00000001E-001,-1.00000000E-001, 1.25000001E-003
 9.90000000E-001, 1.00000000E-001, 3.99999999E-001, 5.00000001E-001,-1.00000000E-001, 1.25000001E-003
 1.01000000E+000, 1.00000000E-001, 3.99999999E-001, 5.00000001E-001,-1.00000000E-001, 1.25000001E-003
 1.03000000E+000, 1.00000000E-001, 3.99999999E-001, 5.00000001E-001,-1.00000000E-001, 1.25000001E-003
 1.05000000E+000, 1.00000000E-001, 3.99999999E-001, 5.00000001E-001,-1.00000000E-001, 1.25000001E-003
 1.07000000E+000, 1.00000000E-001, 3.99999999E-001, 5.00000001E-001,-1.00000000E-001, 1.25000001E-003
 1.09000000E+000, 1.00000000E-001, 3.99999999E-001, 5.00000001E-001,-1.00000000E-001, 1.25000001E-003
 1.11000000E+000, 1.00000001E-001, 3.99999999E-001, 5.00000001E-001,-1.00000000E-001, 1.25000001E-003
 1.13000000E+000, 1.00000001E-001, 3.99999999E-001, 5.00000001E-001,-1.00000000E-001, 1.25000001E-003
 1.15000000E+000, 1.00000001E-001, 3.99999999E-001, 5.00000002E-001,-1.00000000E-001, 1.25000001E-003
 1.17000000E+000, 1.00000001E-001, 3.99999999E-001, 5.00000002E-001,-1.00000000E-001, 1.25000001E-003
 1.19000000E+000, 1.00000001E-001, 3.99999998E-001, 5.00000002E-001,-1.00000000E-001, 1.25000002E-003
 1.21000000E+000, 1.00000001E-001, 3.99999998E-001, 5.00000002E-001,-1.00000000E-001, 1.25000002E-003
 1.23000000E+000, 1.00000002E-001, 3.99999998E-001, 5.00000003E-001,-1.00000000E-001, 1.25000002E-003
 1.25000000E+000, 1.00000002E-001, 3.99999998E-001, 5.00000003E-001,-1.00000000E-001, 1.25000002E-003
 1.27000000E+000, 1.00000002E-001, 3.99999997E-001, 5.00000004E-001,-1.00000000E-001, 1.25000003E-003
 1.29000000E+000, 1.00000003E-001, 3.99999997E-001, 5.00000004E-001,-1.00000000E-001, 1.25000003E-003
 1.31000000E+000, 1.00000003E-001, 3.99999996E-001, 5.00000005E-001,-1.00000000E-001, 1.25000004E-003
 1.33000000E+000, 1.00000004E-001, 3.99999996E-001, 5.00000005E-001,-1.00000000E-001, 1.25000004E-003
 1.35000000E+000, 1.00000004E-001, 3.99999995E-001, 5.00000006E-001,-1.00000000E-001, 1.25000005E-003
 1.37000000E+000, 1.00000005E-001, 3.99999994E-001, 5.00000007E-001,-1.00000000E-001, 1.25000005E-003
 1.39000000E+000, 1.00000006E-001, 3.99999993E-001, 5.00000008E-001,-1.00000000E-001, 1.25000006E-003
 1.41000000E+000, 1.00000007E-001, 3.99999992E-001, 5.00000010E-001,-1.00000000E-001, 1.25000007E-003
 1.43000000E+000, 1.00000008E-001, 3.99999991E-001, 5.00000011E-001,-1.00000000E-001, 1.25000009E-003
 1.45000000E+000, 1.00000009E-001, 3.99999989E-001, 5.00000013E-001,-1.00000000E-001, 1.25000010E-003
 1.47000000E+000, 1.00000011E-001, 3.99999988E-001, 5.00000015E-001,-1.00000000E-001, 1.25000012E-003
 1.49000000E+000, 1.00000013E-001, 3.99999986E-001, 5.00000018E-001,-1.00000000E-001, 1.25000014E-003
 1.51000000E+000, 1.00000015E-001, 3.99999983E-001, 5.00000021E-001,-1.00000000E-001, 1.25000016E-003
 1.53000000E+000, 1.00000018E-001, 3.99999980E-001, 5.00000025E-001,-1.00000000E-001, 1.25000019E-003
 1.55000000E+000, 1.00000021E-001, 3.99999977E-001, 5.00000029E-001,-1.00000000E-001, 1.25000022E-003
 1.57000000E+000, 1.00000024E-001, 3.99999973E-001, 5.00000033E-001,-1.00000000E-001, 1.25000025E-003
 1.59000000E+000, 1.00000028E-001, 3.99999969E-001, 5.00000039E-001,-1.00000000E-001, 1.25000029E-003
 1.61000000E+000, 1.00000033E-001, 3.99999964E-001, 5.00000045E-001,-1.00000000E-001, 1.25000034E-003
 1.63000000E+000, 1.00000038E-001, 3.99999958E-001, 5.00000053E-001,-1.00000000E-001, 1.25000040E-003
 1.65000000E+000, 1.00000045E-001, 3.99999951E-001, 5.00000061E-001,-1.00000000E-001, 1.25000046E-003
 1.67000000E+000, 1.00000052E-001, 3.99999943E-001, 5.00000071E-001,-1.00000000E-001, 1.25000054E-003
 1.69000000E+000, 1.00000061E-001, 3.99999934E-001, 5.00000082E-001,-1.00000000E-001, 1.25000062E-003
 1.71000000E+000, 1.00000070E-001, 3.99999924E-001, 5.00000095E-001,-1.00000000E-001, 1.25000072E-003
 1.73000000E+000, 1.00000082E-001, 3.99999912E-001, 5.00000111E-001,-1.00000000E-001, 1.25000084E-003
 1.75000000E+000, 1.00000095E-001, 3.99999897E-001, 5.00000128E-001,-1.00000000E-001, 1.25000097E-003
 1.77000000E+000, 1.00000110E-001, 3.99999881E-001, 5.00000148E-001,-1.00000000E-001, 1.25000112E-003
 1.79000000E+000, 1.00000127E-001, 3.99999863E-001, 5.00000172E-001,-1.00000000E-001, 1.25000130E-003
 1.81000000E+000, 1.00000147E-001, 3.99999841E-001, 5.00000198E-001,-1.00000000E-001, 1.25000150E-003
 1.83000000E+000, 1.00000170E-001, 3.99999816E-001, 5.00000229E-001,-1.00000000E-001, 1.25000174E-003
 1.85000000E+000, 1.00000196E-001, 3.99999788E-001, 5.00000265E-001,-1.00000000E-001, 1.25000201E-003
 1.87000000E+000, 1.00000226E-001, 3.99999755E-001, 5.00000306E-001,-1.00000000E-001, 1.25000232E-003
 1.89000000E+000, 1.00000261E-001, 3.99999718E-001, 5.00000352E-001,-1.00000000E-001, 1.25000267E-003
 1.91000000E+000, 1.00000301E-001, 3.99999675E-001, 5.00000406E-001,-1.00000000E-001, 1.25000308E-003
 1.93000000E+000, 1.00000346E-001, 3.99999626E-001, 5.00000468E-001,-1.00000000E-001, 1.25000354E-003
 1.95000000E+000, 1.00000398E-001, 3.99999570E-001, 5.00000538E-001,-1.00000000E-001, 1.25000407E-003
 1.97000000E+000, 1.00000458E-001, 3.99999505E-001, 5.00000618E-001,-1.00000000E-001, 1.25000468E-003
 1.99000000E+000, 1.00000526E-001, 3.99999432E-001, 5.00000710E-001,-1.00000000E-001, 1.25000538E-003
 2.01000000E+000, 1.00000604E-001, 3.99999348E-001, 5.00000815E-001,-1.00000000E-001, 1.25000617E-003
 2.03000000E+000, 1.00000693E-001, 3.99999252E-001, 5.00000935E-001,-1.00000000E-001, 1.25000708E-003
 2.05000000E+000, 1.00000794E-001, 3.99999143E-001, 5.00001071E-001,-1.00000000E-001, 1.25000811E-003
 2.07000000E+000, 1.00000910E-001, 3.99999019E-001, 5.00001227E-001,-1.00000000E-001, 1.25000929E-003
 2.09000000E+000, 1.00001041E-001, 3.99998877E-001, 5.00001404E-001,-1.00000000E-001, 1.25001063E-003
 2.11000000E+000, 1.00001190E-001, 3.99998716E-001, 5.00001605E-001,-1.00000000E-001, 1.25001215E-003
 2.13000000E+000, 1.00001360E-001, 3.99998533E-001, 5.00001834E-001,-1.00000000E-001, 1.25001388E-003
 2.15000000E+000, 1.00001553E-001, 3.99998325E-001, 5.00002093E-001,-1.00000000E-001, 1.25001585E-003
 2.17000000E+000, 1.00001771E-001, 3.99998090E-001, 5.00002388E-001,-1.00000000E-001, 1.25001808E-003
 2.19000000E+000, 1.00002019E-001, 3.99997823E-001, 5.00002721E-001,-1.00000000E-001, 1.25002060E-003
 2.21000000E+000, 1.00002299E-001, 3.99997521E-001, 5.00003099E-001,-1.00000000E-001, 1.25002346E-003
 2.23000000E+000, 1.00002617E-001, 3.99997179E-001, 5.00003527E-001,-1.00000000E-001, 1.25002670E-003
 2.25000000E+000, 1.00002976E-001, 3.99996792E-001, 5.00004010E-001,-1.00000000E-001, 1.25003035E-003
 2.27000000E+000, 1.00003381E-001, 3.99996355E-001, 5.00004556E-001,-1.00000000E-001, 1.25003448E-003
 2.29000000E+000, 1.00003839E-001, 3.99995862E-001, 5.00005172E-001,-1.00000000E-001, 1.25003915E-003
 2.31000000E+000, 1.00004355E-001, 3.99995306E-001, 5.00005868E-001,-1.00000000E-001, 1.25004441E-003
 2.33000000E+000, 1.00004937E-001, 3.99994679E-001, 5.00006651E-001,-1.00000000E-001, 1.25005033E-003
 2.35000000E+000, 1.00005591E-001, 3.99993974E-001, 5.00007533E-001,-1.00000000E-001, 1.25005700E-003
 2.37000000E+000, 1.00006328E-001, 3.99993180E-001, 5.00008525E-001,-1.00000000E-001, 1.25006450E-003
 2.39000000E+000, 1.00007156E-001, 3.99992288E-001, 5.00009640E-001,-1.00000000E-001, 1.25007294E-003
 2.41000000E+000, 1.00008086E-001, 3.99991287E-001, 5.00010892E-001,-1.00000000E-001, 1.25008241E-003
 2.43000000E+000, 1.00009130E-001, 3.99990163E-001, 5.00012297E-001,-1.00000000E-001, 1.25009304E-003
 2.45000000E+000, 1.00010301E-001, 3.99988902E-001, 5.00013873E-001,-1.00000000E-001, 1.25010495E-003
 2.47000000E+000, 1.00011612E-001, 3.99987490E-001, 5.00015638E-001,-1.00000000E-001, 1.25011830E-003
 2.49000000E+000, 1.00013079E-001, 3.99985910E-001, 5.00017613E-001,-1.00000000E-001, 1.25013323E-003
 2.51000000E+000, 1.00014721E-001, 3.99984143E-001, 5.00019822E-001,-1.00000000E-001, 1.25014994E-003
 2.53000000E+000, 1.00016555E-001, 3.99982168E-001, 5.00022291E-001,-1.00000000E-001, 1.25016861E-003
 2.55000000E+000, 1.00018603E-001, 3.99979963E-001, 5.00025048E-001,-1.00000000E-001, 1.25018945E-003
 2.57000000E+000, 1.00020888E-001, 3.99977503E-001, 5.00028123E-001,-1.00000000E-001, 1.25021269E-003
 2.59000000E+000, 1.00023435E-001, 3.99974761E-001, 5.00031550E-001,-1.00000000E-001, 1.25023860E-003
 2.61000000E+000, 1.00026272E-001, 3.99971708E-001, 5.00035367E-001,-1.00000000E-001, 1.25026746E-003
 2.63000000E+000, 1.00029428E-001, 3.99968311E-001, 5.00039614E-001,-1.00000000E-001, 1.25029956E-003
 2.65000000E+000, 1.00032937E-001, 3.99964534E-001, 5.00044336E-001,-1.00000000E-001, 1.25033525E-003
 2.67000000E+000, 1.00036835E-001, 3.99960339E-001, 5.00049581E-001,-1.00000000E-001, 1.25037490E-003
 2.69000000E+000, 1.00041162E-001, 3.99955683E-001, 5.00055402E-001,-1.00000000E-001, 1.25041889E-003
 2.71000000E+000, 1.00045960E-001, 3.99950520E-001, 5.00061858E-001,-1.00000000E-001, 1.25046768E-003
 2.73000000E+000, 1.00051276E-001, 3.99944800E-001, 5.00069010E-001,-1.00000000E-001, 1.25052174E-003
 2.75000000E+000, 1.00057160E-001, 3.99938468E-001, 5.00076927E-001,-1.00000000E-001, 1.25058157E-003
 2.77000000E+000, 1.00063669E-001, 3.99931465E-001, 5.00085684E-001,-1.00000000E-001, 1.25064775E-003
 2.79000000E+000, 1.00070862E-001, 3.99923726E-001, 5.00095360E-001,-1.00000000E-001, 1.25072088E-003
 2.81000000E+000, 1.00078804E-001, 3.99915182E-001, 5.00106045E-001,-1.00000000E-001, 1.25080162E-003
 2.83000000E+000, 1.00087566E-001, 3.99905758E-001, 5.00117831E-001,-1.00000000E-001, 1.25089068E-003
 2.85000000E+000, 1.00097222E-001, 3.99895371E-001, 5.00130821E-001,-1.00000000E-001, 1.25098885E-003
 2.87000000E+000, 1.00107855E-001, 3.99883933E-001, 5.00145126E-001,-1.00000000E-001, 1.25109694E-003
 2.89000000E+000, 1.00119554E-001, 3.99871350E-001, 5.00160864E-001,-1.00000000E-001, 1.25121587E-003
 2.91000000E+000, 1.00132414E-001, 3.99857520E-001, 5.00178163E-001,-1.00000000E-001, 1.25134660E-003
 2.93000000E+000, 1.00146536E-001, 3.99842332E-001, 5.00197163E-001,-1.00000000E-001, 1.25149018E-003
 2.95000000E+000, 1.00162032E-001, 3.99825668E-001, 5.00218010E-001,-1.00000000E-001, 1.25164772E-003
 2.97000000E+000, 1.00179019E-001, 3.99807402E-001, 5.00240864E-001,-1.00000000E-001, 1.25182043E-003
 2.99000000E+000, 1.00197623E-001, 3.99787397E-001, 5.00265895E-001,-1.00000000E-001, 1.25200960E-003
 3.01000000E+000, 1.00217980E-001, 3.99765510E-001, 5.00293285E-001,-1.00000000E-001, 1.25221661E-003
 3.03000000E+000, 1.00240233E-001, 3.99741583E-001, 5.00323230E-001,-1.00000000E-001, 1.25244294E-003
 3.05000000E+000, 1.00264538E-001, 3.99715454E-001, 5.00355936E-001,-1.00000000E-001, 1.25269016E-003
 3.07000000E+000, 1.00291057E-001, 3.99686944E-001, 5.00391627E-001,-1.00000000E-001, 1.25295996E-003
 3.09000000E+000, 1.00319965E-001, 3.99655867E-001, 5.00430536E-001,-1.00000000E-001, 1.25325411E-003
 3.11000000E+000, 1.00351448E-001, 3.99622025E-001, 5.00472916E-001,-1.00000000E-001, 1.25357453E-003
 3.13000000E+000, 1.00385701E-001, 3.99585206E-001, 5.00519030E-001,-1.00000000E-001, 1.25392323E-003
 3.15000000E+000, 1.00422932E-001, 3.99545189E-001, 5.00569161E-001,-1.00000000E-001, 1.25430235E-003
 3.17000000E+000, 1.00463359E-001, 3.99501737E-001, 5.00623606E-001,-1.00000000E-001, 1.25471416E-003
 3.19000000E+000, 1.00507215E-001, 3.99454602E-001, 5.00682678E-001,-1.00000000E-001, 1.25516104E-003
 3.21000000E+000, 1.00554743E-001, 3.99403523E-001, 5.00746709E-001,-1.00000000E-001, 1.25564552E-003
 3.23000000E+000, 1.00606197E-001, 3.99348226E-001, 5.00816047E-001,-1.00000000E-001, 1.25617026E-003
 3.25000000E+000, 1.00661846E-001, 3.99288424E-001, 5.00891055E-001,-1.00000000E-001, 1.25673805E-003
 3.27000000E+000, 1.00721970E-001, 3.99223814E-001, 5.00972119E-001,-1.00000000E-001, 1.25735182E-003
 3.29000000E+000, 1.00786862E-001, 3.99154083E-001, 5.01059638E-001,-1.00000000E-001, 1.25801465E-003
 3.31000000E+000, 1.00856827E-001, 3.99078902E-001, 5.01154030E-001,-1.00000000E-001, 1.25872975E-003
 3.33000000E+000, 1.00932183E-001, 3.98997931E-001, 5.01255732E-001,-1.00000000E-001, 1.25950048E-003
 3.35000000E+000, 1.01013258E-001, 3.98910817E-001, 5.01365196E-001,-1.00000000E-001, 1.26033034E-003
 3.37000000E+000, 1.01100393E-001, 3.98817193E-001, 5.01482893E-001,-1.00000000E-001, 1.26122297E-003
 3.39000000E+000, 1.01193940E-001, 3.98716682E-001, 5.01609311E-001,-1.00000000E-001, 1.26218213E-003
 3.41000000E+000, 1.01294261E-001, 3.98608893E-001, 5.01744952E-001,-1.00000000E-001, 1.26321176E-003
 3.43000000E+000, 1.01401729E-001, 3.98493427E-001, 5.01890336E-001,-1.00000000E-001, 1.26431589E-003
 3.45000000E+000, 1.01516725E-001, 3.98369873E-001, 5.02045997E-001,-1.00000000E-001, 1.26549869E-003
 3.47000000E+000, 1.01639638E-001, 3.98237813E-001, 5.02212480E-001,-1.00000000E-001, 1.26676448E-003
 3.49000000E+000, 1.01770866E-001, 3.98096820E-001, 5.02390348E-001,-1.00000000E-001, 1.26811767E-003
 3.51000000E+000, 1.01910810E-001, 3.97946459E-001, 5.02580172E-001,-1.00000000E-001, 1.26956279E-003
 3.53000000E+000, 1.02059880E-001, 3.97786293E-001, 5.02782534E-001,-1.00000000E-001, 1.27110447E-003
 3.55000000E+000, 1.02218486E-001, 3.97615876E-001, 5.02998024E-001,-1.00000000E-001, 1.27274743E-003
 3.57000000E+000, 1.02387043E-001, 3.97434764E-001, 5.03227242E-001,-1.00000000E-001, 1.27449650E-003
 3.59000000E+000, 1.02565964E-001, 3.97242510E-001, 5.03470790E-001,-1.00000000E-001, 1.27635655E-003
 3.61000000E+000, 1.02755663E-001, 3.97038667E-001, 5.03729275E-001,-1.00000000E-001, 1.27833254E-003
 3.63000000E+000, 1.02956551E-001, 3.96822793E-001, 5.04003308E-001,-1.00000000E-001, 1.28042947E-003
 3.65000000E+000, 1.03169033E-001, 3.96594448E-001, 5.04293494E-001,-1.00000000E-001, 1.28265238E-003
 3.67000000E+000, 1.03393508E-001, 3.96353201E-001, 5.04600442E-001,-1.00000000E-001, 1.28500633E-003
 3.69000000E+000, 1.03630368E-001, 3.96098627E-001, 5.04924750E-001,-1.00000000E-001, 1.28749639E-003
 3.71000000E+000, 1.03879994E-001, 3.95830314E-001, 5.05267012E-001,-1.00000000E-001, 1.29012763E-003
 3.73000000E+000, 1.04142754E-001, 3.95547861E-001, 5.05627813E-001,-1.00000000E-001, 1.29290510E-003
 3.75000000E+000, 1.04419002E-001, 3.95250884E-001, 5.06007724E-001,-1.00000000E-001, 1.29583380E-003
 3.77000000E+000, 1.04709075E-001, 3.94939013E-001, 5.06407301E-001,-1.00000000E-001, 1.29891870E-003
 3.79000000E+000, 1.05013293E-001, 3.94611901E-001, 5.06827086E-001,-1.00000000E-001, 1.30216468E-003
 3.81000000E+000, 1.05331954E-001, 3.94269219E-001, 5.07267599E-001,-1.00000000E-001, 1.30557655E-003
 3.83000000E+000, 1.05665336E-001, 3.93910662E-001, 5.07729338E-001,-1.00000000E-001, 1.30915901E-003
 3.85000000E+000, 1.06013691E-001, 3.93535952E-001, 5.08212779E-001,-1.00000000E-001, 1.31291664E-003
 3.87000000E+000, 1.06377246E-001, 3.93144836E-001, 5.08718370E-001,-1.00000000E-001, 1.31685389E-003
 3.89000000E+000, 1.06756200E-001, 3.92737089E-001, 5.09246530E-001,-1.00000000E-001, 1.32097507E-003
 3.91000000E+000, 1.07150725E-001, 3.92312520E-001, 5.09797649E-001,-1.00000000E-001, 1.32528430E-003
 3.93000000E+000, 1.07560962E-001, 3.91870965E-001, 5.10372082E-001,-1.00000000E-001, 1.32978555E-003
 3.95000000E+000, 1.07987019E-001, 3.91412295E-001, 5.10970152E-001,-1.00000000E-001, 1.33448257E-003
 3.97000000E+000, 1.08428974E-001, 3.90936417E-001, 5.11592145E-001,-1.00000000E-001, 1.33937893E-003
 3.99000000E+000, 1.08886871E-001, 3.90443269E-001, 5.12238309E-001,-1.00000000E-001, 1.34447797E-003
 4.01000000E+000, 1.09360721E-001, 3.89932828E-001, 5.12908855E-001,-1.00000000E-001, 1.34978280E-003
 4.03000000E+000, 1.09850500E-001, 3.89405104E-001, 5.13603952E-001,-1.00000000E-001, 1.35529628E-003
 4.05000000E+000, 1.10356151E-001, 3.88860145E-001, 5.14323730E-001,-1.00000000E-001, 1.36102104E-003
 4.07000000E+000, 1.10877581E-001, 3.88298035E-001, 5.15068277E-001,-1.00000000E-001, 1.36695944E-003
 4.09000000E+000, 1.11414664E-001, 3.87718895E-001, 5.15837640E-001,-1.00000000E-001, 1.37311359E-003
 4.11000000E+000, 1.11967241E-001, 3.87122880E-001, 5.16631824E-001,-1.00000000E-001, 1.37948532E-003
 4.13000000E+000, 1.12535117E-001, 3.86510182E-001, 5.17450793E-001,-1.00000000E-001, 1.38607618E-003
 4.15000000E+000, 1.13118067E-001, 3.85881025E-001, 5.18294466E-001,-1.00000000E-001, 1.39288746E-003
 4.17000000E+000, 1.13715835E-001, 3.85235670E-001, 5.19162725E-001,-1.00000000E-001, 1.39992017E-003
 4.19000000E+000, 1.14328133E-001, 3.84574406E-001, 5.20055409E-001,-1.00000000E-001, 1.40717502E-003
 4.21000000E+000, 1.14954646E-001, 3.83897557E-001, 5.20972318E-001,-1.00000000E-001, 1.41465247E-003
 4.23000000E+000, 1.15595029E-001, 3.83205473E-001, 5.21913213E-001,-1.00000000E-001, 1.42235267E-003
 4.25000000E+000, 1.16248912E-001, 3.82498536E-001, 5.22877818E-001,-1.00000000E-001, 1.43027552E-003
 4.27000000E+000, 1.16915903E-001, 3.81777150E-001, 5.23865821E-001,-1.00000000E-001, 1.43842064E-003
 4.29000000E+000, 1.17595583E-001, 3.81041746E-001, 5.24876873E-001,-1.00000000E-001, 1.44678740E-003
 4.31000000E+000, 1.18287515E-001, 3.80292776E-001, 5.25910595E-001,-1.00000000E-001, 1.45537487E-003
 4.33000000E+000, 1.18991244E-001, 3.79530713E-001, 5.26966575E-001,-1.00000000E-001, 1.46418191E-003
 4.35000000E+000, 1.19706296E-001, 3.78756050E-001, 5.28044371E-001,-1.00000000E-001, 1.47320710E-003
 4.37000000E+000, 1.20432183E-001, 3.77969293E-001, 5.29143514E-001,-1.00000000E-001, 1.48244881E-003
 4.39000000E+000, 1.21168405E-001, 3.77170966E-001, 5.30263510E-001,-1.00000000E-001, 1.49190516E-003
 4.41000000E+000, 1.21914449E-001, 3.76361601E-001, 5.31403840E-001,-1.00000000E-001, 1.50157406E-003
 4.43000000E+000, 1.22669795E-001, 3.75541745E-001, 5.32563963E-001,-1.00000000E-001, 1.51145320E-003
 4.45000000E+000, 1.23433916E-001, 3.74711949E-001, 5.33743321E-001,-1.00000000E-001, 1.52154007E-003
 4.47000000E+000, 1.24206278E-001, 3.73872771E-001, 5.34941337E-001,-1.00000000E-001, 1.53183200E-003
 4.49000000E+000, 1.24986346E-001, 3.73024776E-001, 5.36157416E-001,-1.00000000E-001, 1.54232611E-003
 4.51000000E+000, 1.25773583E-001, 3.72168527E-001, 5.37390955E-001,-1.00000000E-001, 1.55301935E-003
 4.53000000E+000, 1.26567451E-001, 3.71304590E-001, 5.38641335E-001,-1.00000000E-001, 1.56390855E-003
 4.55000000E+000, 1.27367416E-001, 3.70433530E-001, 5.39907930E-001,-1.00000000E-001, 1.57499036E-003
 4.57000000E+000, 1.28172946E-001, 3.69555906E-001, 5.41190106E-001,-1.00000000E-001, 1.58626132E-003
 4.59000000E+000, 1.28983515E-001, 3.68672277E-001, 5.42487223E-001,-1.00000000E-001, 1.59771782E-003
 4.61000000E+000, 1.29798602E-001, 3.67783194E-001, 5.43798639E-001,-1.00000000E-001, 1.60935619E-003
 4.63000000E+000, 1.30617694E-001, 3.66889199E-001, 5.45123707E-001,-1.00000000E-001, 1.62117261E-003
 4.65000000E+000, 1.31440288E-001, 3.65990828E-001, 5.46461782E-001,-1.00000000E-001, 1.63316321E-003
 4.67000000E+000, 1.32265888E-001, 3.65088606E-001, 5.47812220E-001,-1.00000000E-001, 1.64532401E-003
 4.69000000E+000, 1.33094012E-001, 3.64183050E-001, 5.49174378E-001,-1.00000000E-001, 1.65765099E-003
 4.71000000E+000, 1.33924187E-001, 3.63274662E-001, 5.50547619E-001,-1.00000000E-001, 1.67014006E-003
 4.73000000E+000, 1.34755952E-001, 3.62363933E-001, 5.51931310E-001,-1.00000000E-001, 1.68278709E-003
 4.75000000E+000, 1.35588862E-001, 3.61451342E-001, 5.53324823E-001,-1.00000000E-001, 1.69558790E-003
 4.77000000E+000, 1.36422482E-001, 3.60537354E-001, 5.54727542E-001,-1.00000000E-001, 1.70853830E-003
 4.79000000E+000, 1.37256392E-001, 3.59622419E-001, 5.56138855E-001,-1.00000000E-001, 1.72163405E-003
 4.81000000E+000, 1.38090188E-001, 3.58706972E-001, 5.57558162E-001,-1.00000000E-001, 1.73487094E-003
 4.83000000E+000, 1.38923478E-001, 3.57791436E-001, 5.58984872E-001,-1.00000000E-001, 1.74824471E-003
 4.85000000E+000, 1.39755886E-001, 3.56876216E-001, 5.60418405E-001,-1.00000000E-001, 1.76175114E-003
 4.87000000E+000, 1.40587051E-001, 3.55961703E-001, 5.61858195E-001,-1.00000000E-001, 1.77538599E-003
 4.89000000E+000, 1.41416627E-001, 3.55048272E-001, 5.63303686E-001,-1.00000000E-001, 1.78914506E-003
 4.91000000E+000, 1.42244283E-001, 3.54136282E-001, 5.64754334E-001,-1.00000000E-001, 1.80302415E-003
 4.93000000E+000, 1.43069702E-001, 3.53226078E-001, 5.66209610E-001,-1.00000000E-001, 1.81701910E-003
 4.95000000E+000, 1.43892583E-001, 3.52317989E-001, 5.67668998E-001,-1.00000000E-001, 1.83112578E-003
 4.97000000E+000, 1.44712639E-001, 3.51412329E-001, 5.69131995E-001,-1.00000000E-001, 1.84534010E-003
 4.99000000E+000, 1.45529600E-001, 3.50509396E-001, 5.70598113E-001,-1.00000000E-001, 1.85965799E-003
 5.01000000E+000, 1.46343205E-001, 3.49609474E-001, 5.72066878E-001,-1.00000000E-001, 1.87407545E-003
 5.03000000E+000, 1.47153213E-001, 3.48712831E-001, 5.73537828E-001,-1.00000000E-001, 1.88858851E-003
 5.05000000E+000, 1.47959392E-001, 3.47819724E-001, 5.75010519E-001,-1.00000000E-001, 1.90319327E-003
 5.07000000E+000, 1.48761527E-001, 3.46930392E-001, 5.76484518E-001,-1.00000000E-001, 1.91788586E-003
 5.09000000E+000, 1.49559413E-001, 3.46045064E-001, 5.77959408E-001,-1.00000000E-001, 1.93266250E-003
 5.11000000E+000, 1.50352860E-001, 3.45163951E-001, 5.79434785E-001,-1.00000000E-001, 1.94751942E-003
 5.13000000E+000, 1.51141690E-001, 3.44287256E-001, 5.80910261E-001,-1.00000000E-001, 1.96245295E-003
 5.15000000E+000, 1.51925735E-001, 3.43415167E-001, 5.82385460E-001,-1.00000000E-001, 1.97745946E-003
 5.17000000E+000, 1.52704842E-001, 3.42547860E-001, 5.83860020E-001,-1.00000000E-001, 1.99253540E-003
 5.19000000E+000, 1.53478865E-001, 3.41685498E-001, 5.85333592E-001,-1.00000000E-001, 2.00767727E-003
 5.21000000E+000, 1.54247673E-001, 3.40828236E-001, 5.86805842E-001,-1.00000000E-001, 2.02288164E-003
 5.23000000E+000, 1.55011143E-001, 3.39976215E-001, 5.88276447E-001,-1.00000000E-001, 2.03814514E-003
 5.25000000E+000, 1.55769162E-001, 3.39129567E-001, 5.89745098E-001,-1.00000000E-001, 2.05346447E-003
 5.27000000E+000, 1.56521626E-001, 3.38288414E-001, 5.91211498E-001,-1.00000000E-001, 2.06883639E-003
 5.29000000E+000, 1.57268442E-001, 3.37452867E-001, 5.92675362E-001,-1.00000000E-001, 2.08425773E-003
 5.31000000E+000, 1.58009524E-001, 3.36623028E-001, 5.94136418E-001,-1.00000000E-001, 2.09972538E-003
 5.33000000E+000, 1.58744795E-001, 3.35798992E-001, 5.95594403E-001,-1.00000000E-001, 2.11523630E-003
 5.35000000E+000, 1.59474186E-001, 3.34980844E-001, 5.97049067E-001,-1.00000000E-001, 2.13078752E-003
 5.37000000E+000, 1.60197635E-001, 3.34168660E-001, 5.98500170E-001,-1.00000000E-001, 2.14637611E-003
 5.39000000E+000, 1.60915089E-001, 3.33362511E-001, 5.99947485E-001,-1.00000000E-001, 2.16199922E-003
 5.41000000E+000, 1.61626499E-001, 3.32562459E-001, 6.01390790E-001,-1.00000000E-001, 2.17765407E-003
 5.43000000E+000, 1.62331824E-001, 3.31768559E-001, 6.02829879E-001,-1.00000000E-001, 2.19333791E-003
 5.45000000E+000, 1.63031030E-001, 3.30980859E-001, 6.04264550E-001,-1.00000000E-001, 2.20904807E-003
 5.47000000E+000, 1.63724087E-001, 3.30199403E-001, 6.05694614E-001,-1.00000000E-001, 2.22478195E-003
 5.49000000E+000, 1.64410970E-001, 3.29424227E-001, 6.07119889E-001,-1.00000000E-001, 2.24053697E-003
 5.51000000E+000, 1.65091663E-001, 3.28655362E-001, 6.08540201E-001,-1.00000000E-001, 2.25631065E-003
 5.53000000E+000, 1.65766149E-001, 3.27892834E-001, 6.09955386E-001,-1.00000000E-001, 2.27210052E-003
 5.55000000E+000, 1.66434421E-001, 3.27136664E-001, 6.11365285E-001,-1.00000000E-001, 2.28790419E-003
 5.57000000E+000, 1.67096473E-001, 3.26386869E-001, 6.12769750E-001,-1.00000000E-001, 2.30371931E-003
 5.59000000E+000, 1.67752304E-001, 3.25643460E-001, 6.14168637E-001,-1.00000000E-001, 2.31954359E-003
 5.61000000E+000, 1.68401916E-001, 3.24906446E-001, 6.15561810E-001,-1.00000000E-001, 2.33537477E-003
 5.63000000E+000, 1.69045315E-001, 3.24175831E-001, 6.16949140E-001,-1.00000000E-001, 2.35121065E-003
 5.65000000E+000, 1.69682511E-001, 3.23451615E-001, 6.18330503E-001,-1.00000000E-001, 2.36704906E-003
 5.67000000E+000, 1.70313516E-001, 3.22733797E-001, 6.19705782E-001,-1.00000000E-001, 2.38288788E-003
 5.69000000E+000, 1.70938343E-001, 3.22022370E-001, 6.21074865E-001,-1.00000000E-001, 2.39872504E-003
 5.71000000E+000, 1.71557012E-001, 3.21317327E-001, 6.22437644E-001,-1.00000000E-001, 2.41455848E-003
 5.73000000E+000, 1.72169541E-001, 3.20618657E-001, 6.23794018E-001,-1.00000000E-001, 2.43038621E-003
 5.75000000E+000, 1.72775953E-001, 3.19926345E-001, 6.25143890E-001,-1.00000000E-001, 2.44620625E-003
 5.77000000E+000, 1.73376271E-001, 3.19240378E-001, 6.26487167E-001,-1.00000000E-001, 2.46201666E-003
 5.79000000E+000, 1.73970520E-001, 3.18560738E-001, 6.27823759E-001,-1.00000000E-001, 2.47781552E-003
 5.81000000E+000, 1.74558727E-001, 3.17887405E-001, 6.29153583E-001,-1.00000000E-001, 2.49360095E-003
 5.83000000E+000, 1.75140922E-001, 3.17220360E-001, 6.30476556E-001,-1.00000000E-001, 2.50937110E-003
 5.85000000E+000, 1.75717132E-001, 3.16559580E-001, 6.31792600E-001,-1.00000000E-001, 2.52512412E-003
 5.87000000E+000, 1.76287390E-001, 3.15905042E-001, 6.33101639E-001,-1.00000000E-001, 2.54085820E-003
 5.89000000E+000, 1.76851727E-001, 3.15256722E-001, 6.34403601E-001,-1.00000000E-001, 2.55657154E-003
 5.91000000E+000, 1.77410174E-001, 3.14614595E-001, 6.35698416E-001,-1.00000000E-001, 2.57226235E-003
 5.93000000E+000, 1.77962765E-001, 3.13978635E-001, 6.36986016E-001,-1.00000000E-001, 2.58792888E-003
 5.95000000E+000, 1.78509533E-001, 3.13348817E-001, 6.38266333E-001,-1.00000000E-001, 2.60356935E-003
 5.97000000E+000, 1.79050513E-001, 3.12725112E-001, 6.39539303E-001,-1.00000000E-001, 2.61918202E-003
 5.99000000E+000, 1.79585737E-001, 3.12107494E-001, 6.40804863E-001,-1.00000000E-001, 2.63476514E-003
 6.01000000E+000, 1.80115240E-001, 3.11495937E-001, 6.42062949E-001,-1.00000000E-001, 2.65031696E-003
 6.03000000E+000, 1.80639056E-001, 3.10890413E-001, 6.43313501E-001,-1.00000000E-001, 2.66583572E-003
 6.05000000E+000, 1.81157218E-001, 3.10290895E-001, 6.44556456E-001,-1.00000000E-001, 2.68131969E-003
 6.07000000E+000, 1.81669760E-001, 3.09697358E-001, 6.45791754E-001,-1.00000000E-001, 2.69676708E-003
 6.09000000E+000, 1.82176715E-001, 3.09109775E-001, 6.47019333E-001,-1.00000000E-001, 2.71217614E-003
 6.11000000E+000, 1.82678116E-001, 3.08528120E-001, 6.48239130E-001,-1.00000000E-001, 2.72754506E-003
 6.13000000E+000, 1.83173993E-001, 3.07952370E-001, 6.49451082E-001,-1.00000000E-001, 2.74287202E-003
 6.15000000E+000, 1.83664378E-001, 3.07382501E-001, 6.50655127E-001,-1.00000000E-001, 2.75815520E-003
 6.17000000E+000, 1.84149301E-001, 3.06818490E-001, 6.51851197E-001,-1.00000000E-001, 2.77339271E-003
 6.19000000E+000, 1.84628791E-001, 3.06260317E-001, 6.53039225E-001,-1.00000000E-001, 2.78858266E-003
 6.21000000E+000, 1.85102874E-001, 3.05707961E-001, 6.54219141E-001,-1.00000000E-001, 2.80372309E-003
 6.23000000E+000, 1.85571578E-001, 3.05161406E-001, 6.55390873E-001,-1.00000000E-001, 2.81881201E-003
 6.25000000E+000, 1.86034926E-001, 3.04620634E-001, 6.56554343E-001,-1.00000000E-001, 2.83384736E-003
 6.27000000E+000, 1.86492942E-001, 3.04085632E-001, 6.57709471E-001,-1.00000000E-001, 2.84882704E-003
 6.29000000E+000, 1.86945647E-001, 3.03556387E-001, 6.58856174E-001,-1.00000000E-001, 2.86374886E-003
 6.31000000E+000, 1.87393058E-001, 3.03032892E-001, 6.59994361E-001,-1.00000000E-001, 2.87861056E-003
 6.33000000E+000, 1.87835194E-001, 3.02515139E-001, 6.61123939E-001,-1.00000000E-001, 2.89340980E-003
 6.35000000E+000, 1.88272067E-001, 3.02003124E-001, 6.62244805E-001,-1.00000000E-001, 2.90814411E-003
 6.37000000E+000, 1.88703689E-001, 3.01496848E-001, 6.63356851E-001,-1.00000000E-001, 2.92281095E-003
 6.39000000E+000, 1.89130068E-001, 3.00996316E-001, 6.64459961E-001,-1.00000000E-001, 2.93740763E-003
 6.41000000E+000, 1.89551208E-001, 3.00501533E-001, 6.65554009E-001,-1.00000000E-001, 2.95193133E-003
 6.43000000E+000, 1.89967111E-001, 3.00012514E-001, 6.66638860E-001,-1.00000000E-001, 2.96637906E-003
 6.45000000E+000, 1.90377773E-001, 2.99529275E-001, 6.67714367E-001,-1.00000000E-001, 2.98074768E-003
 6.47000000E+000, 1.90783187E-001, 2.99051839E-001, 6.68780371E-001,-1.00000000E-001, 2.99503383E-003
 6.49000000E+000, 1.91183340E-001, 2.98580237E-001, 6.69836699E-001,-1.00000000E-001, 3.00923395E-003
 6.51000000E+000, 1.91578214E-001, 2.98114503E-001, 6.70883160E-001,-1.00000000E-001, 3.02334422E-003
 6.53000000E+000, 1.91967784E-001, 2.97654683E-001, 6.71919548E-001,-1.00000000E-001, 3.03736055E-003
 6.55000000E+000, 1.92352018E-001, 2.97200828E-001, 6.72945635E-001,-1.00000000E-001, 3.05127852E-003
 6.57000000E+000, 1.92730879E-001, 2.96753001E-001, 6.73961170E-001,-1.00000000E-001, 3.06509337E-003
 6.59000000E+000, 1.93104317E-001, 2.96311276E-001, 6.74965877E-001,-1.00000000E-001, 3.07879992E-003
 6.61000000E+000, 1.93472274E-001, 2.95875737E-001, 6.75959448E-001,-1.00000000E-001, 3.09239254E-003
 6.63000000E+000, 1.93834683E-001, 2.95446486E-001, 6.76941543E-001,-1.00000000E-001, 3.10586505E-003
 6.65000000E+000, 1.94191460E-001, 2.95023638E-001, 6.77911781E-001,-1.00000000E-001, 3.11921067E-003
 6.67000000E+000, 1.94542509E-001, 2.94607328E-001, 6.78869739E-001,-1.00000000E-001, 3.13242193E-003
 6.69000000E+000, 1.94887717E-001, 2.94197713E-001, 6.79814937E-001,-1.00000000E-001, 3.14549050E-003
 6.71000000E+000, 1.95226950E-001, 2.93794975E-001, 6.80746837E-001,-1.00000000E-001, 3.15840712E-003
 6.73000000E+000, 1.95560051E-001, 2.93399325E-001, 6.81664827E-001,-1.00000000E-001, 3.17116137E-003
 6.75000000E+000, 1.95886836E-001, 2.93011010E-001, 6.82568208E-001,-1.00000000E-001, 3.18374148E-003
 6.77000000E+000, 1.96207102E-001, 2.92630285E-001, 6.83456259E-001,-1.00000000E-001, 3.19613594E-003
 6.79000000E+000, 1.96520458E-001, 2.92258035E-001, 6.84326780E-001,-1.00000000E-001, 3.20828862E-003
 6.81000000E+000, 1.96824902E-001, 2.91890883E-001, 6.85187554E-001,-1.00000000E-001, 3.22078837E-003
 6.83000000E+000, 1.97257782E-001, 2.91389346E-001, 6.86366893E-001,-1.00000000E-001, 3.23144627E-003
 6.85000000E+000, 1.92616737E-001, 3.00964318E-001, 6.64530605E-001,-1.00000000E-001, 2.78478185E-003
 6.87000000E+000, 1.60399427E-001, 3.41555693E-001, 5.85556043E-001,-1.00000000E-001, 1.89271892E-003
 6.89000000E+000, 1.31293619E-001, 3.68910705E-001, 5.42136613E-001,-1.00000000E-001, 1.56695647E-003
 6.91000000E+000, 1.22206653E-001, 3.76748169E-001, 5.30858585E-001,-1.00000000E-001, 1.49005996E-003
 6.93000000E+000, 1.19299531E-001, 3.79502704E-001, 5.27005468E-001,-1.00000000E-001, 1.46121816E-003
 6.95000000E+000, 1.17593916E-001, 3.81269454E-001, 5.24563397E-001,-1.00000000E-001, 1.44168251E-003
 6.97000000E+000, 1.16193542E-001, 3.82755589E-001, 5.22526662E-001,-1.00000000E-001, 1.42521003E-003
 6.99000000E+000, 1.14945667E-001, 3.84085561E-001, 5.20717309E-001,-1.00000000E-001, 1.41062329E-003
 7.01000000E+000, 1.13813094E-001, 3.85293472E-001, 5.19084839E-001,-1.00000000E-001, 1.39753093E-003
 7.03000000E+000, 1.12778314E-001, 3.86397151E-001, 5.17602160E-001,-1.00000000E-001, 1.38570123E-003
 7.05000000E+000, 1.11829080E-001, 3.87409503E-001, 5.16249597E-001,-1.00000000E-001, 1.37496188E-003
 7.07000000E+000, 1.10955730E-001, 3.88340798E-001, 5.15011559E-001,-1.00000000E-001, 1.36517607E-003
 7.09000000E+000, 1.10150326E-001, 3.89199496E-001, 5.13875280E-001,-1.00000000E-001, 1.35623211E-003
 7.11000000E+000, 1.09406208E-001, 3.89992708E-001, 5.12830101E-001,-1.00000000E-001, 1.34803716E-003
 7.13000000E+000, 1.08717695E-001, 3.90726510E-001, 5.11866984E-001,-1.00000000E-001, 1.34051286E-003
 7.15000000E+000, 1.08079874E-001, 3.91406154E-001, 5.10978169E-001,-1.00000000E-001, 1.33359233E-003
 7.17000000E+000, 1.07488454E-001, 3.92036236E-001, 5.10156923E-001,-1.00000000E-001, 1.32721785E-003
 7.19000000E+000, 1.06939646E-001, 3.92620810E-001, 5.09397350E-001,-1.00000000E-001, 1.32133917E-003
 7.21000000E+000, 1.06430083E-001, 3.93163482E-001, 5.08694243E-001,-1.00000000E-001, 1.31591222E-003
 7.23000000E+000, 1.05956747E-001, 3.93667484E-001, 5.08042976E-001,-1.00000000E-001, 1.31089803E-003
 7.25000000E+000, 1.05516919E-001, 3.94135725E-001, 5.07439410E-001,-1.00000000E-001, 1.30626198E-003
 7.27000000E+000, 1.05108136E-001, 3.94570843E-001, 5.06879825E-001,-1.00000000E-001, 1.30197312E-003
 7.29000000E+000, 1.04728158E-001, 3.94975237E-001, 5.06360859E-001,-1.00000000E-001, 1.29800367E-003
 7.31000000E+000, 1.04374935E-001, 3.95351097E-001, 5.05879462E-001,-1.00000000E-001, 1.29432855E-003
 7.33000000E+000, 1.04046590E-001, 3.95700432E-001, 5.05432857E-001,-1.00000000E-001, 1.29092505E-003
 7.35000000E+000, 1.03741396E-001, 3.96025092E-001, 5.05018506E-001,-1.00000000E-001, 1.28777255E-003
 7.37000000E+000, 1.03457757E-001, 3.96326778E-001, 5.04634083E-001,-1.00000000E-001, 1.28485223E-003
 7.39000000E+000, 1.03194202E-001, 3.96607066E-001, 5.04277451E-001,-1.00000000E-001, 1.28214689E-003
 7.41000000E+000, 1.02949365E-001, 3.96867414E-001, 5.03946640E-001,-1.00000000E-001, 1.27964077E-003
 7.43000000E+000, 1.02721979E-001, 3.97109176E-001, 5.03639835E-001,-1.00000000E-001, 1.27731938E-003
 7.45000000E+000, 1.02510865E-001, 3.97333610E-001, 5.03355354E-001,-1.00000000E-001, 1.27516940E-003
 7.47000000E+000, 1.02314928E-001, 3.97541887E-001, 5.03091640E-001,-1.00000000E-001, 1.27317850E-003
 7.49000000E+000, 1.02133144E-001, 3.97735097E-001, 5.02847250E-001,-1.00000000E-001, 1.27133534E-003
 7.51000000E+000, 1.01964560E-001, 3.97914258E-001, 5.02620843E-001,-1.00000000E-001, 1.26962940E-003
 7.53000000E+000, 1.01808286E-001, 3.98080321E-001, 5.02411171E-001,-1.00000000E-001, 1.26805093E-003
 7.55000000E+000, 1.01663489E-001, 3.98234171E-001, 5.02217073E-001,-1.00000000E-001, 1.26659089E-003
 7.57000000E+000, 1.01529391E-001, 3.98376640E-001, 5.02037468E-001,-1.00000000E-001, 1.26524089E-003
 7.59000000E+000, 1.01405264E-001, 3.98508503E-001, 5.01871349E-001,-1.00000000E-001, 1.26399313E-003
 7.61000000E+000, 1.01290428E-001, 3.98630485E-001, 5.01717775E-001,-1.00000000E-001, 1.26284035E-003
 7.63000000E+000, 1.01184244E-001, 3.98743266E-001, 5.01575868E-001,-1.00000000E-001, 1.26177581E-003
 7.65000000E+000, 1.01086117E-001, 3.98847482E-001, 5.01444811E-001,-1.00000000E-001, 1.26079321E-003
 7.67000000E+000, 1.00995486E-001, 3.98943727E-001, 5.01323838E-001,-1.00000000E-001, 1.25988670E-003
 7.69000000E+000, 1.00911830E-001, 3.99032558E-001, 5.01212235E-001,-1.00000000E-001, 1.25905081E-003
 7.71000000E+000, 1.00834658E-001, 3.99114496E-001, 5.01109336E-001,-1.00000000E-001, 1.25828047E-003
 7.73000000E+000, 1.00763513E-001, 3.99190030E-001, 5.01014517E-001,-1.00000000E-001, 1.25757093E-003
 7.75000000E+000, 1.00697966E-001, 3.99259615E-001, 5.00927197E-001,-1.00000000E-001, 1.25691777E-003
 7.77000000E+000, 1.00637614E-001, 3.99323679E-001, 5.00846833E-001,-1.00000000E-001, 1.25631686E-003
 7.79000000E+000, 1.00582084E-001, 3.99382621E-001, 5.00772917E-001,-1.00000000E-001, 1.25576435E-003
 7.81000000E+000, 1.00531025E-001, 3.99436814E-001, 5.00704976E-001,-1.00000000E-001, 1.25525668E-003
 7.83000000E+000, 1.00484108E-001, 3.99486606E-001, 5.00642568E-001,-1.00000000E-001, 1.25479049E-003
 7.85000000E+000, 1.00441027E-001, 3.99532323E-001, 5.00585280E-001,-1.00000000E-001, 1.25436267E-003
 7.87000000E+000, 1.00401497E-001, 3.99574270E-001, 5.00532730E-001,-1.00000000E-001, 1.25397034E-003
 7.89000000E+000, 1.00365250E-001, 3.99612730E-001, 5.00484557E-001,-1.00000000E-001, 1.25361077E-003
 7.91000000E+000, 1.00332037E-001, 3.99647967E-001, 5.00440429E-001,-1.00000000E-001, 1.25328148E-003
 7.93000000E+000, 1.00301628E-001, 3.99680228E-001, 5.00400035E-001,-1.00000000E-001, 1.25298011E-003
 7.95000000E+000, 1.00273805E-001, 3.99709743E-001, 5.00363084E-001,-1.00000000E-001, 1.25270449E-003
 7.97000000E+000, 1.00248367E-001, 3.99736726E-001, 5.00329309E-001,-1.00000000E-001, 1.25245261E-003
 7.99000000E+000, 1.00225128E-001, 3.99761375E-001, 5.00298459E-001,-1.00000000E-001, 1.25222258E-003
 8.01000000E+000, 1.00203913E-001, 3.99783876E-001, 5.00270301E-001,-1.00000000E-001, 1.25201267E-003
 8.03000000E+000, 1.00184561E-001, 3.99804400E-001, 5.00244620E-001,-1.00000000E-001, 1.25182125E-003
 8.05000000E+000, 1.00166921E-001, 3.99823106E-001, 5.00221216E-001,-1.00000000E-001, 1.25164682E-003
 8.07000000E+000, 1.00150855E-001, 3.99840142E-001, 5.00199902E-001,-1.00000000E-001, 1.25148801E-003
 8.09000000E+000, 1.00136233E-001, 3.99855646E-001, 5.00180508E-001,-1.00000000E-001, 1.25134351E-003
 8.11000000E+000, 1.00122936E-001, 3.99869744E-001, 5.00162873E-001,-1.00000000E-001, 1.25121214E-003
 8.13000000E+000, 1.00110853E-001, 3.99882554E-001, 5.00146851E-001,-1.00000000E-001, 1.25109280E-003
 8.15000000E+000, 1.00099882E-001, 3.99894184E-001, 5.00132305E-001,-1.00000000E-001, 1.25098446E-003
 8.17000000E+000, 1.00089928E-001, 3.99904735E-001, 5.00119110E-001,-1.00000000E-001, 1.25088620E-003
 8.19000000E+000, 1.00080905E-001, 3.99914299E-001, 5.00107149E-001,-1.00000000E-001, 1.25079715E-003
 8.21000000E+000, 1.00072732E-001, 3.99922962E-001, 5.00096316E-001,-1.00000000E-001, 1.25071650E-003
 8.23000000E+000, 1.00065334E-001, 3.99930802E-001, 5.00086513E-001,-1.00000000E-001, 1.25064352E-003
 8.25000000E+000, 1.00058644E-001, 3.99937891E-001, 5.00077648E-001,-1.00000000E-001, 1.25057753E-003
 8.27000000E+000, 1.00052599E-001, 3.99944298E-001, 5.00069638E-001,-1.00000000E-001, 1.25051791E-003
 8.29000000E+000, 1.00047140E-001, 3.99950081E-001, 5.00062406E-001,-1.00000000E-001, 1.25046409E-003
 8.31000000E+000, 1.00042216E-001, 3.99955299E-001, 5.00055882E-001,-1.00000000E-001, 1.25041555E-003
 8.33000000E+000, 1.00037776E-001, 3.99960002E-001, 5.00050002E-001,-1.00000000E-001, 1.25037179E-003
 8.35000000E+000, 1.00033778E-001, 3.99964238E-001, 5.00044706E-001,-1.00000000E-001, 1.25033239E-003
 8.37000000E+000, 1.00030179E-001, 3.99968051E-001, 5.00039940E-001,-1.00000000E-001, 1.25029693E-003
 8.39000000E+000, 1.00026943E-001, 3.99971478E-001, 5.00035654E-001,-1.00000000E-001, 1.25026505E-003
 8.41000000E+000, 1.00024035E-001, 3.99974558E-001, 5.00031804E-001,-1.00000000E-001, 1.25023641E-003
 8.43000000E+000, 1.00021424E-001, 3.99977323E-001, 5.00028348E-001,-1.00000000E-001, 1.25021070E-003
 8.45000000E+000, 1.00019082E-001, 3.99979803E-001, 5.00025247E-001,-1.00000000E-001, 1.25018764E-003
 8.47000000E+000, 1.00016983E-001, 3.99982026E-001, 5.00022468E-001,-1.00000000E-001, 1.25016698E-003
 8.49000000E+000, 1.00015103E-001, 3.99984017E-001, 5.00019979E-001,-1.00000000E-001, 1.25014847E-003
 8.51000000E+000, 1.00013421E-001, 3.99985798E-001, 5.00017753E-001,-1.00000000E-001, 1.25013192E-003
 8.53000000E+000, 1.00011916E-001, 3.99987391E-001, 5.00015762E-001,-1.00000000E-001, 1.25011711E-003
 8.55000000E+000, 1.00010572E-001, 3.99988814E-001, 5.00013983E-001,-1.00000000E-001, 1.25010389E-003
 8.57000000E+000, 1.00009373E-001, 3.99990084E-001, 5.00012396E-001,-1.00000000E-001, 1.25009209E-003
 8.59000000E+000, 1.00008303E-001, 3.99991216E-001, 5.00010980E-001,-1.00000000E-001, 1.25008157E-003
 8.61000000E+000, 1.00007349E-001, 3.99992226E-001, 5.00009718E-001,-1.00000000E-001, 1.25007219E-003
 8.63000000E+000, 1.00006500E-001, 3.99993125E-001, 5.00008594E-001,-1.00000000E-001, 1.25006384E-003
 8.65000000E+000, 1.00005744E-001, 3.99993924E-001, 5.00007595E-001,-1.00000000E-001, 1.25005641E-003
 8.67000000E+000, 1.00005072E-001, 3.99994635E-001, 5.00006706E-001,-1.00000000E-001, 1.25004981E-003
 8.69000000E+000, 1.00004476E-001, 3.99995267E-001, 5.00005917E-001,-1.00000000E-001, 1.25004394E-003
 8.71000000E+000, 1.00003946E-001, 3.99995827E-001, 5.00005216E-001,-1.00000000E-001, 1.25003874E-003
 8.73000000E+000, 1.00003477E-001, 3.99996324E-001, 5.00004595E-001,-1.00000000E-001, 1.25003412E-003
 8.75000000E+000, 1.00003060E-001, 3.99996764E-001, 5.00004045E-001,-1.00000000E-001, 1.25003003E-003
 8.77000000E+000, 1.00002692E-001, 3.99997154E-001, 5.00003558E-001,-1.00000000E-001, 1.25002641E-003
 8.79000000E+000, 1.00002366E-001, 3.99997499E-001, 5.00003127E-001,-1.00000000E-001, 1.25002321E-003
 8.81000000E+000, 1.00002078E-001, 3.99997803E-001, 5.00002746E-001,-1.00000000E-001, 1.25002038E-003
 8.83000000E+000, 1.00001823E-001, 3.99998073E-001, 5.00002409E-001,-1.00000000E-001, 1.25001788E-003
 8.85000000E+000, 1.00001599E-001, 3.99998310E-001, 5.00002112E-001,-1.00000000E-001, 1.25001568E-003
 8.87000000E+000, 1.00001401E-001, 3.99998519E-001, 5.00001851E-001,-1.00000000E-001, 1.25001374E-003
 8.89000000E+000, 1.00001226E-001, 3.99998704E-001, 5.00001620E-001,-1.00000000E-001, 1.25001202E-003
 8.91000000E+000, 1.00001073E-001, 3.99998866E-001, 5.00001417E-001,-1.00000000E-001, 1.25001052E-003
 8.93000000E+000, 1.00000938E-001, 3.99999009E-001, 5.00001239E-001,-1.00000000E-001, 1.25000919E-003
 8.95000000E+000, 1.00000819E-001, 3.99999135E-001, 5.00001082E-001,-1.00000000E-001, 1.25000803E-003
 8.97000000E+000, 1.00000715E-001, 3.99999245E-001, 5.00000944E-001,-1.00000000E-001, 1.25000700E-003
 8.99000000E+000, 1.00000623E-001, 3.99999342E-001, 5.00000823E-001,-1.00000000E-001, 1.25000611E-003
 9.01000000E+000, 1.00000543E-001, 3.99999426E-001, 5.00000717E-001,-1.00000000E-001, 1.25000532E-003
 9.03000000E+000, 1.00000473E-001, 3.99999500E-001, 5.00000624E-001,-1.00000000E-001, 1.25000463E-003
 9.05000000E+000, 1.00000411E-001, 3.99999565E-001, 5.00000543E-001,-1.00000000E-001, 1.25000403E-003
 9.07000000E+000, 1.00000358E-001, 3.99999622E-001, 5.00000472E-001,-1.00000000E-001, 1.25000350E-003
 9.09000000E+000, 1.00000311E-001, 3.99999672E-001, 5.00000410E-001,-1.00000000E-001, 1.25000304E-003
 9.11000000E+000, 1.00000270E-001, 3.99999715E-001, 5.00000356E-001,-1.00000000E-001, 1.25000264E-003
 9.13000000E+000, 1.00000234E-001, 3.99999753E-001, 5.00000309E-001,-1.00000000E-001, 1.25000229E-003
 9.15000000E+000, 1.00000203E-001, 3.99999786E-001, 5.00000267E-001,-1.00000000E-001, 1.25000198E-003
 9.17000000E+000, 1.00000175E-001, 3.99999815E-001, 5.00000232E-001,-1.00000000E-001, 1.25000172E-003
 9.19000000E+000, 1.00000152E-001, 3.99999840E-001, 5.00000200E-001,-1.00000000E-001, 1.25000149E-003
 9.21000000E+000, 1.00000131E-001, 3.99999861E-001, 5.00000173E-001,-1.00000000E-001, 1.25000128E-003
 9.23000000E+000, 1.00000113E-001, 3.99999880E-001, 5.00000150E-001,-1.00000000E-001, 1.25000111E-003
 9.25000000E+000, 1.00000098E-001, 3.99999897E-001, 5.00000129E-001,-1.00000000E-001, 1.25000096E-003
 9.27000000E+000, 1.00000084E-001, 3.99999911E-001, 5.00000111E-001,-1.00000000E-001, 1.25000083E-003
 9.29000000E+000, 1.00000073E-001, 3.99999923E-001, 5.00000096E-001,-1.00000000E-001, 1.25000071E-003
 9.31000000E+000, 1.00000063E-001, 3.99999934E-001, 5.00000083E-001,-1.00000000E-001, 1.25000061E-003
 9.33000000E+000, 1.00000054E-001, 3.99999943E-001, 5.00000071E-001,-1.00000000E-001, 1.25000053E-003
 9.35000000E+000, 1.00000046E-001, 3.99999951E-001, 5.00000061E-001,-1.00000000E-001, 1.25000045E-003
 9.37000000E+000, 1.00000040E-001, 3.99999958E-001, 5.00000053E-001,-1.00000000E-001, 1.25000039E-003
 9.39000000E+000, 1.00000034E-001, 3.99999964E-001, 5.00000045E-001,-1.00000000E-001, 1.25000033E-003
 9.41000000E+000, 1.00000029E-001, 3.99999969E-001, 5.00000039E-001,-1.00000000E-001, 1.25000029E-003
 9.43000000E+000, 1.00000025E-001, 3.99999973E-001, 5.00000033E-001,-1.00000000E-001, 1.25000025E-003
 9.45000000E+000, 1.00000022E-001, 3.99999977E-001, 5.00000028E-001,-1.00000000E-001, 1.25000021E-003
 9.47000000E+000, 1.00000018E-001, 3.99999981E-001, 5.00000024E-001,-1.00000000E-001, 1.25000018E-003
 9.49000000E+000, 1.00000016E-001, 3.99999983E-001, 5.00000021E-001,-1.00000000E-001, 1.25000015E-003
 9.51000000E+000, 1.00000013E-001, 3.99999986E-001, 5.00000018E-001,-1.00000000E-001, 1.25000013E-003
 9.53000000E+000, 1.00000011E-001, 3.99999988E-001, 5.00000015E-001,-1.00000000E-001, 1.25000011E-003
 9.55000000E+000, 1.00000010E-001, 3.99999990E-001, 5.00000013E-001,-1.00000000E-001, 1.25000010E-003
 9.57000000E+000, 1.00000008E-001, 3.99999991E-001, 5.00000011E-001,-1.00000000E-001, 1.25000008E-003
 9.59000000E+000, 1.00000007E-001, 3.99999993E-001, 5.00000009E-001,-1.00000000E-001, 1.25000007E-003
 9.61000000E+000, 1.00000006E-001, 3.99999994E-001, 5.00000008E-001,-1.00000000E-001, 1.25000006E-003
 9.63000000E+000, 1.00000005E-001, 3.99999995E-001, 5.00000007E-001,-1.00000000E-001, 1.25000005E-003
 9.65000000E+000, 1.00000004E-001, 3.99999995E-001, 5.00000006E-001,-1.00000000E-001, 1.25000004E-003
 9.67000000E+000, 1.00000004E-001, 3.99999996E-001, 5.00000005E-001,-1.00000000E-001, 1.25000004E-003
 9.69000000E+000, 1.00000003E-001, 3.99999997E-001, 5.00000004E-001,-1.00000000E-001, 1.25000003E-003
 9.71000000E+000, 1.00000003E-001, 3.99999997E-001, 5.00000003E-001,-1.00000000E-001, 1.25000003E-003
 9.73000000E+000, 1.00000002E-001, 3.99999998E-001, 5.00000003E-001,-1.00000000E-001, 1.25000002E-003
 9.75000000E+000, 1.00000002E-001, 3.99999998E-001, 5.00000003E-001,-1.00000000E-001, 1.25000002E-003
 9.77000000E+000, 1.00000002E-001, 3.99999998E-001, 5.00000002E-001,-1.00000000E-001, 1.25000002E-003
 9.79000000E+000, 1.00000001E-001, 3.99999999E-001, 5.00000002E-001,-1.00000000E-001, 1.25000001E-003
 9.81000000E+000, 1.00000001E-001, 3.99999999E-001, 5.00000002E-001,-1.00000000E-001, 1.25000001E-003
 9.83000000E+000, 1.00000001E-001, 3.99999999E-001, 5.00000001E-001,-1.00000000E-001, 1.25000001E-003
 9.85000000E+000, 1.00000001E-001, 3.99999999E-001, 5.00000001E-001,-1.00000000E-001, 1.25000001E-003
 9.87000000E+000, 1.00000001E-001, 3.99999999E-001, 5.00000001E-001,-1.00000000E-001, 1.25000001E-003
 9.89000000E+000, 1.00000001E-001, 3.99999999E-001, 5.00000001E-001,-1.00000000E-001, 1.25000001E-003
 9.91000000E+000, 1.00000000E-001, 4.00000000E-001, 5.00000001E-001,-1.00000000E-001, 1.25000000E-003
 9.93000000E+000, 1.00000000E-001, 4.00000000E-001, 5.00000000E-001,-1.00000000E-001, 1.25000000E-003
 9.95000000E+000, 1.00000000E-001, 4.00000000E-001, 5.00000000E-001,-1.00000000E-001, 1.25000000E-003
 9.97000000E+000, 1.00000000E-001, 4.00000000E-001, 5.00000000E-001,-1.00000000E-001, 1.25000000E-003
 9.99000000E+000, 1.00000000E-001, 4.00000000E-001, 5.00000000E-001,-1.00000000E-001, 1.25000000E-003
