   86401.024760003304      ,         250
X,ZB,H,U,ZF,QS
 2.00000000E+001, 4.99000000E+000, 5.18821296E+000, 1.91808403E+000, 4.99000000E+000, 0.00000000E+000
 6.00000000E+001, 4.97000000E+000, 5.19189199E+000, 1.91531186E+000, 4.97000000E+000, 0.00000000E+000
 1.00000000E+002, 4.95000000E+000, 5.19441576E+000, 1.91415927E+000, 4.95000000E+000, 0.00000000E+000
 1.40000000E+002, 4.93000000E+000, 5.19676634E+000, 1.91326913E+000, 4.93000000E+000, 0.00000000E+000
 1.80000000E+002, 4.91000000E+000, 5.19910682E+000, 1.91241635E+000, 4.91000000E+000, 0.00000000E+000
 2.20000000E+002, 4.89000000E+000, 5.20146434E+000, 1.91156360E+000, 4.89000000E+000, 0.00000000E+000
 2.60000000E+002, 4.87000000E+000, 5.20384356E+000, 1.91070468E+000, 4.87000000E+000, 0.00000000E+000
 3.00000000E+002, 4.85000000E+000, 5.20624538E+000, 1.90983852E+000, 4.85000000E+000, 0.00000000E+000
 3.40000000E+002, 4.83000000E+000, 5.20867009E+000, 1.90896492E+000, 4.83000000E+000, 0.00000000E+000
 3.80000000E+002, 4.81000000E+000, 5.21111790E+000, 1.90808380E+000, 4.81000000E+000, 0.00000000E+000
 4.20000000E+002, 4.79000000E+000, 5.21358898E+000, 1.90719512E+000, 4.79000000E+000, 0.00000000E+000
 4.60000000E+002, 4.77000000E+000, 5.21608350E+000, 1.90629883E+000, 4.77000000E+000, 0.00000000E+000
 5.00000000E+002, 4.75000000E+000, 5.21860164E+000, 1.90539490E+000, 4.75000000E+000, 0.00000000E+000
 5.40000000E+002, 4.73000000E+000, 5.22114358E+000, 1.90448329E+000, 4.73000000E+000, 0.00000000E+000
 5.80000000E+002, 4.71000000E+000, 5.22370949E+000, 1.90356395E+000, 4.71000000E+000, 0.00000000E+000
 6.20000000E+002, 4.69000000E+000, 5.22629955E+000, 1.90263685E+000, 4.69000000E+000, 0.00000000E+000
 6.60000000E+002, 4.67000000E+000, 5.22891393E+000, 1.90170194E+000, 4.67000000E+000, 0.00000000E+000
 7.00000000E+002, 4.65000000E+000, 5.23155282E+000, 1.90075919E+000, 4.65000000E+000, 0.00000000E+000
 7.40000000E+002, 4.63000000E+000, 5.23421639E+000, 1.89980856E+000, 4.63000000E+000, 0.00000000E+000
 7.80000000E+002, 4.61000000E+000, 5.23690482E+000, 1.89885000E+000, 4.61000000E+000, 0.00000000E+000
 8.20000000E+002, 4.59000000E+000, 5.23961829E+000, 1.89788349E+000, 4.59000000E+000, 0.00000000E+000
 8.60000000E+002, 4.57000000E+000, 5.24235697E+000, 1.89690898E+000, 4.57000000E+000, 0.00000000E+000
 9.00000000E+002, 4.55000000E+000, 5.24512105E+000, 1.89592643E+000, 4.55000000E+000, 0.00000000E+000
 9.40000000E+002, 4.53000000E+000, 5.24791070E+000, 1.89493581E+000, 4.53000000E+000, 0.00000000E+000
 9.80000000E+002, 4.51000000E+000, 5.25072611E+000, 1.89393708E+000, 4.51000000E+000, 0.00000000E+000
 1.02000000E+003, 4.49000000E+000, 5.25356746E+000, 1.89293021E+000, 4.49000000E+000, 0.00000000E+000
 1.06000000E+003, 4.47000000E+000, 5.25643492E+000, 1.89191514E+000, 4.47000000E+000, 0.00000000E+000
 1.10000000E+003, 4.45000000E+000, 5.25932867E+000, 1.89089187E+000, 4.45000000E+000, 0.00000000E+000
 1.14000000E+003, 4.43000000E+000, 5.26224891E+000, 1.88986033E+000, 4.43000000E+000, 0.00000000E+000
 1.18000000E+003, 4.41000000E+000, 5.26519579E+000, 1.88882050E+000, 4.41000000E+000, 0.00000000E+000
 1.22000000E+003, 4.39000000E+000, 5.26816952E+000, 1.88777235E+000, 4.39000000E+000, 0.00000000E+000
 1.26000000E+003, 4.37000000E+000, 5.27117026E+000, 1.88671584E+000, 4.37000000E+000, 0.00000000E+000
 1.30000000E+003, 4.35000000E+000, 5.27419821E+000, 1.88565094E+000, 4.35000000E+000, 0.00000000E+000
 1.34000000E+003, 4.33000000E+000, 5.27725353E+000, 1.88457761E+000, 4.33000000E+000, 0.00000000E+000
 1.38000000E+003, 4.31000000E+000, 5.28033642E+000, 1.88349582E+000, 4.31000000E+000, 0.00000000E+000
 1.42000000E+003, 4.29000000E+000, 5.28344705E+000, 1.88240553E+000, 4.29000000E+000, 0.00000000E+000
 1.46000000E+003, 4.27000000E+000, 5.28658561E+000, 1.88130672E+000, 4.27000000E+000, 0.00000000E+000
 1.50000000E+003, 4.25000000E+000, 5.28975227E+000, 1.88019936E+000, 4.25000000E+000, 0.00000000E+000
 1.54000000E+003, 4.23000000E+000, 5.29294722E+000, 1.87908340E+000, 4.23000000E+000, 0.00000000E+000
 1.58000000E+003, 4.21000000E+000, 5.29617064E+000, 1.87795883E+000, 4.21000000E+000, 0.00000000E+000
 1.62000000E+003, 4.19000000E+000, 5.29942271E+000, 1.87682560E+000, 4.19000000E+000, 0.00000000E+000
 1.66000000E+003, 4.17000000E+000, 5.30270361E+000, 1.87568370E+000, 4.17000000E+000, 0.00000000E+000
 1.70000000E+003, 4.15000000E+000, 5.30601353E+000, 1.87453309E+000, 4.15000000E+000, 0.00000000E+000
 1.74000000E+003, 4.13000000E+000, 5.30935264E+000, 1.87337374E+000, 4.13000000E+000, 0.00000000E+000
 1.78000000E+003, 4.11000000E+000, 5.31272112E+000, 1.87220563E+000, 4.11000000E+000, 0.00000000E+000
 1.82000000E+003, 4.09000000E+000, 5.31611916E+000, 1.87102872E+000, 4.09000000E+000, 0.00000000E+000
 1.86000000E+003, 4.07000000E+000, 5.31954694E+000, 1.86984300E+000, 4.07000000E+000, 0.00000000E+000
 1.90000000E+003, 4.05000000E+000, 5.32300464E+000, 1.86864843E+000, 4.05000000E+000, 0.00000000E+000
 1.94000000E+003, 4.03000000E+000, 5.32649243E+000, 1.86744499E+000, 4.03000000E+000, 0.00000000E+000
 1.98000000E+003, 4.01000000E+000, 5.33001050E+000, 1.86623265E+000, 4.01000000E+000, 0.00000000E+000
 2.02000000E+003, 3.99000000E+000, 5.33355902E+000, 1.86501139E+000, 3.99000000E+000, 0.00000000E+000
 2.06000000E+003, 3.97000000E+000, 5.33713818E+000, 1.86378119E+000, 3.97000000E+000, 0.00000000E+000
 2.10000000E+003, 3.95000000E+000, 5.34074816E+000, 1.86254202E+000, 3.95000000E+000, 0.00000000E+000
 2.14000000E+003, 3.93000000E+000, 5.34438913E+000, 1.86129385E+000, 3.93000000E+000, 0.00000000E+000
 2.18000000E+003, 3.91000000E+000, 5.34806127E+000, 1.86003667E+000, 3.91000000E+000, 0.00000000E+000
 2.22000000E+003, 3.89000000E+000, 5.35176476E+000, 1.85877046E+000, 3.89000000E+000, 0.00000000E+000
 2.26000000E+003, 3.87000000E+000, 5.35549978E+000, 1.85749520E+000, 3.87000000E+000, 0.00000000E+000
 2.30000000E+003, 3.85000000E+000, 5.35926651E+000, 1.85621086E+000, 3.85000000E+000, 0.00000000E+000
 2.34000000E+003, 3.83000000E+000, 5.36306511E+000, 1.85491742E+000, 3.83000000E+000, 0.00000000E+000
 2.38000000E+003, 3.81000000E+000, 5.36689577E+000, 1.85361487E+000, 3.81000000E+000, 0.00000000E+000
 2.42000000E+003, 3.79000000E+000, 5.37075866E+000, 1.85230319E+000, 3.79000000E+000, 0.00000000E+000
 2.46000000E+003, 3.77000000E+000, 5.37465396E+000, 1.85098237E+000, 3.77000000E+000, 0.00000000E+000
 2.50000000E+003, 3.75000000E+000, 5.37858184E+000, 1.84965237E+000, 3.75000000E+000, 0.00000000E+000
 2.54000000E+003, 3.73000000E+000, 5.38254248E+000, 1.84831320E+000, 3.73000000E+000, 0.00000000E+000
 2.58000000E+003, 3.71000000E+000, 5.38653605E+000, 1.84696484E+000, 3.71000000E+000, 0.00000000E+000
 2.62000000E+003, 3.69000000E+000, 5.39056271E+000, 1.84560726E+000, 3.69000000E+000, 0.00000000E+000
 2.66000000E+003, 3.67000000E+000, 5.39462266E+000, 1.84424047E+000, 3.67000000E+000, 0.00000000E+000
 2.70000000E+003, 3.65000000E+000, 5.39871604E+000, 1.84286444E+000, 3.65000000E+000, 0.00000000E+000
 2.74000000E+003, 3.63000000E+000, 5.40284304E+000, 1.84147916E+000, 3.63000000E+000, 0.00000000E+000
 2.78000000E+003, 3.61000000E+000, 5.40700382E+000, 1.84008462E+000, 3.61000000E+000, 0.00000000E+000
 2.82000000E+003, 3.59000000E+000, 5.41119856E+000, 1.83868082E+000, 3.59000000E+000, 0.00000000E+000
 2.86000000E+003, 3.57000000E+000, 5.41542742E+000, 1.83726773E+000, 3.57000000E+000, 0.00000000E+000
 2.90000000E+003, 3.55000000E+000, 5.41969057E+000, 1.83584537E+000, 3.55000000E+000, 0.00000000E+000
 2.94000000E+003, 3.53000000E+000, 5.42398817E+000, 1.83441371E+000, 3.53000000E+000, 0.00000000E+000
 2.98000000E+003, 3.51000000E+000, 5.42832040E+000, 1.83297274E+000, 3.51000000E+000, 0.00000000E+000
 3.02000000E+003, 3.49000000E+000, 5.43268741E+000, 1.83152248E+000, 3.49000000E+000, 0.00000000E+000
 3.06000000E+003, 3.47000000E+000, 5.43708937E+000, 1.83006290E+000, 3.47000000E+000, 0.00000000E+000
 3.10000000E+003, 3.45000000E+000, 5.44152644E+000, 1.82859400E+000, 3.45000000E+000, 0.00000000E+000
 3.14000000E+003, 3.43000000E+000, 5.44599878E+000, 1.82711578E+000, 3.43000000E+000, 0.00000000E+000
 3.18000000E+003, 3.41000000E+000, 5.45050657E+000, 1.82562824E+000, 3.41000000E+000, 0.00000000E+000
 3.22000000E+003, 3.39000000E+000, 5.45504994E+000, 1.82413138E+000, 3.39000000E+000, 0.00000000E+000
 3.26000000E+003, 3.37000000E+000, 5.45962907E+000, 1.82262519E+000, 3.37000000E+000, 0.00000000E+000
 3.30000000E+003, 3.35000000E+000, 5.46424411E+000, 1.82110968E+000, 3.35000000E+000, 0.00000000E+000
 3.34000000E+003, 3.33000000E+000, 5.46889522E+000, 1.81958484E+000, 3.33000000E+000, 0.00000000E+000
 3.38000000E+003, 3.31000000E+000, 5.47358255E+000, 1.81805068E+000, 3.31000000E+000, 0.00000000E+000
 3.42000000E+003, 3.29000000E+000, 5.47830626E+000, 1.81650720E+000, 3.29000000E+000, 0.00000000E+000
 3.46000000E+003, 3.27000000E+000, 5.48306650E+000, 1.81495440E+000, 3.27000000E+000, 0.00000000E+000
 3.50000000E+003, 3.25000000E+000, 5.48786342E+000, 1.81339229E+000, 3.25000000E+000, 0.00000000E+000
 3.54000000E+003, 3.23000000E+000, 5.49269718E+000, 1.81182088E+000, 3.23000000E+000, 0.00000000E+000
 3.58000000E+003, 3.21000000E+000, 5.49756792E+000, 1.81024016E+000, 3.21000000E+000, 0.00000000E+000
 3.62000000E+003, 3.19000000E+000, 5.50247579E+000, 1.80865015E+000, 3.19000000E+000, 0.00000000E+000
 3.66000000E+003, 3.17000000E+000, 5.50742093E+000, 1.80705086E+000, 3.17000000E+000, 0.00000000E+000
 3.70000000E+003, 3.15000000E+000, 5.51240350E+000, 1.80544229E+000, 3.15000000E+000, 0.00000000E+000
 3.74000000E+003, 3.13000000E+000, 5.51742364E+000, 1.80382446E+000, 3.13000000E+000, 0.00000000E+000
 3.78000000E+003, 3.11000000E+000, 5.52248149E+000, 1.80219737E+000, 3.11000000E+000, 0.00000000E+000
 3.82000000E+003, 3.09000000E+000, 5.52757719E+000, 1.80056104E+000, 3.09000000E+000, 0.00000000E+000
 3.86000000E+003, 3.07000000E+000, 5.53271084E+000, 1.79891543E+000, 3.07000000E+000, 0.00000000E+000
 3.90000000E+003, 3.05000000E+000, 5.53788127E+000, 1.79725880E+000, 3.05000000E+000, 0.00000000E+000
 3.94000000E+003, 3.03000000E+000, 5.54304186E+000, 1.79552901E+000, 3.03000000E+000, 0.00000000E+000
 3.98000000E+003, 3.01000000E+000, 5.54653846E+000, 1.79152739E+000, 3.01000000E+000, 0.00000000E+000
 4.02000000E+003, 3.13509399E+000, 5.39609605E+000, 1.82931512E+000, 2.99000000E+000, 3.34373884E-004
 4.06000000E+003, 3.60210021E+000, 4.88942294E+000, 2.00889101E+000, 2.97000000E+000, 5.62331397E-004
 4.10000000E+003, 3.76609543E+000, 4.68025780E+000, 2.10608413E+000, 2.95000000E+000, 7.12303804E-004
 4.14000000E+003, 3.83573417E+000, 4.57221199E+000, 2.16110580E+000, 2.93000000E+000, 8.06202162E-004
 4.18000000E+003, 3.85959261E+000, 4.51472741E+000, 2.19179476E+000, 2.91000000E+000, 8.61502365E-004
 4.22000000E+003, 3.85991905E+000, 4.48366018E+000, 2.20877033E+000, 2.89000000E+000, 8.93014258E-004
 4.26000000E+003, 3.84868335E+000, 4.46574986E+000, 2.21854112E+000, 2.87000000E+000, 9.11472878E-004
 4.30000000E+003, 3.83212091E+000, 4.45394538E+000, 2.22482387E+000, 2.85000000E+000, 9.23488775E-004
 4.34000000E+003, 3.81324763E+000, 4.44476248E+000, 2.22955388E+000, 2.83000000E+000, 9.32623399E-004
 4.38000000E+003, 3.79341812E+000, 4.43660197E+000, 2.23365708E+000, 2.81000000E+000, 9.40608856E-004
 4.42000000E+003, 3.77320356E+000, 4.42877431E+000, 2.23754684E+000, 2.79000000E+000, 9.48226042E-004
 4.46000000E+003, 3.75283274E+000, 4.42099621E+000, 2.24139827E+000, 2.77000000E+000, 9.55808726E-004
 4.50000000E+003, 3.73239332E+000, 4.41315502E+000, 2.24528298E+000, 2.75000000E+000, 9.63495407E-004
 4.54000000E+003, 3.71191748E+000, 4.40520633E+000, 2.24923003E+000, 2.73000000E+000, 9.71343949E-004
 4.58000000E+003, 3.69141633E+000, 4.39713202E+000, 2.25325167E+000, 2.71000000E+000, 9.79380404E-004
 4.62000000E+003, 3.67089317E+000, 4.38892374E+000, 2.25735383E+000, 2.69000000E+000, 9.87618808E-004
 4.66000000E+003, 3.65034849E+000, 4.38057666E+000, 2.26154008E+000, 2.67000000E+000, 9.96068903E-004
 4.70000000E+003, 3.62978169E+000, 4.37208715E+000, 2.26581324E+000, 2.65000000E+000, 1.00473907E-003
 4.74000000E+003, 3.60919178E+000, 4.36345198E+000, 2.27017584E+000, 2.63000000E+000, 1.01363740E-003
 4.78000000E+003, 3.58857760E+000, 4.35466800E+000, 2.27463045E+000, 2.61000000E+000, 1.02277214E-003
 4.82000000E+003, 3.56793783E+000, 4.34573207E+000, 2.27917962E+000, 2.59000000E+000, 1.03215180E-003
 4.86000000E+003, 3.54727108E+000, 4.33664097E+000, 2.28382600E+000, 2.57000000E+000, 1.04178523E-003
 4.90000000E+003, 3.52657583E+000, 4.32739146E+000, 2.28857233E+000, 2.55000000E+000, 1.05168169E-003
 4.94000000E+003, 3.50585048E+000, 4.31798021E+000, 2.29342142E+000, 2.53000000E+000, 1.06185081E-003
 4.98000000E+003, 3.48509330E+000, 4.30840384E+000, 2.29837618E+000, 2.51000000E+000, 1.07230266E-003
 5.02000000E+003, 3.46430244E+000, 4.29865894E+000, 2.30343959E+000, 2.49000000E+000, 1.08304776E-003
 5.06000000E+003, 3.44347593E+000, 4.28874202E+000, 2.30861474E+000, 2.47000000E+000, 1.09409709E-003
 5.10000000E+003, 3.42261164E+000, 4.27864954E+000, 2.31390483E+000, 2.45000000E+000, 1.10546211E-003
 5.14000000E+003, 3.40170730E+000, 4.26837795E+000, 2.31931311E+000, 2.43000000E+000, 1.11715477E-003
 5.18000000E+003, 3.38076043E+000, 4.25792361E+000, 2.32484297E+000, 2.41000000E+000, 1.12918757E-003
 5.22000000E+003, 3.35976841E+000, 4.24728292E+000, 2.33049786E+000, 2.39000000E+000, 1.14157353E-003
 5.26000000E+003, 3.33872838E+000, 4.23645222E+000, 2.33628132E+000, 2.37000000E+000, 1.15432621E-003
 5.30000000E+003, 3.31763726E+000, 4.22542786E+000, 2.34219702E+000, 2.35000000E+000, 1.16745977E-003
 5.34000000E+003, 3.29649175E+000, 4.21420618E+000, 2.34824866E+000, 2.33000000E+000, 1.18098895E-003
 5.38000000E+003, 3.27528827E+000, 4.20278357E+000, 2.35444007E+000, 2.31000000E+000, 1.19492910E-003
 5.42000000E+003, 3.25402294E+000, 4.19115643E+000, 2.36077513E+000, 2.29000000E+000, 1.20929620E-003
 5.46000000E+003, 3.23269160E+000, 4.17932121E+000, 2.36725782E+000, 2.27000000E+000, 1.22410685E-003
 5.50000000E+003, 3.21128973E+000, 4.16727444E+000, 2.37389216E+000, 2.25000000E+000, 1.23937831E-003
 5.54000000E+003, 3.18981246E+000, 4.15501274E+000, 2.38068225E+000, 2.23000000E+000, 1.25512851E-003
 5.58000000E+003, 3.16825455E+000, 4.14253280E+000, 2.38763226E+000, 2.21000000E+000, 1.27137609E-003
 5.62000000E+003, 3.14660991E+000, 4.12983188E+000, 2.39474607E+000, 2.19000000E+000, 1.28813959E-003
 5.66000000E+003, 3.12487499E+000, 4.11690457E+000, 2.40202988E+000, 2.17000000E+000, 1.30544353E-003
 5.70000000E+003, 3.10302581E+000, 4.10376456E+000, 2.40947502E+000, 2.15000000E+000, 1.32327834E-003
 5.74000000E+003, 3.08115614E+000, 4.09031285E+000, 2.41715940E+000, 2.13000000E+000, 1.34183939E-003
 5.78000000E+003, 3.05872653E+000, 4.07706069E+000, 2.42470723E+000, 2.11000000E+000, 1.36024070E-003
 5.82000000E+003, 3.03818893E+000, 4.06160558E+000, 2.43384030E+000, 2.09000000E+000, 1.38265510E-003
 5.86000000E+003, 3.00970199E+000, 4.05364606E+000, 2.43789741E+000, 2.07000000E+000, 1.39282663E-003
 5.90000000E+003, 3.00571117E+000, 4.02081546E+000, 2.45814882E+000, 2.05000000E+000, 1.44344561E-003
 5.94000000E+003, 2.94217562E+000, 4.04796821E+000, 2.44215303E+000, 2.03000000E+000, 1.40320937E-003
 5.98000000E+003, 2.96560196E+000, 3.98587616E+000, 2.47419261E+000, 2.01000000E+000, 1.48560593E-003
 6.02000000E+003, 2.96882019E+000, 3.94428560E+000, 2.51116820E+000, 1.99000000E+000, 1.58028717E-003
 6.06000000E+003, 2.73953834E+000, 4.15496897E+000, 2.40943159E+000, 1.97000000E+000, 1.31718116E-003
 6.10000000E+003, 2.36897371E+000, 4.52865365E+000, 2.21857252E+000, 1.95000000E+000, 9.06728589E-004
 6.14000000E+003, 2.13310363E+000, 4.76819734E+000, 2.09768140E+000, 1.93000000E+000, 6.94485737E-004
 6.18000000E+003, 2.03540036E+000, 4.85832490E+000, 2.05011898E+000, 1.91000000E+000, 6.20422586E-004
 6.22000000E+003, 1.99293430E+000, 4.88499350E+000, 2.03505595E+000, 1.89000000E+000, 5.98082123E-004
 6.26000000E+003, 1.96661882E+000, 4.89205118E+000, 2.03082189E+000, 1.87000000E+000, 5.90241111E-004
 6.30000000E+003, 1.94361334E+000, 4.89468398E+000, 2.02937977E+000, 1.85000000E+000, 5.83887962E-004
 6.34000000E+003, 1.92143379E+000, 4.89619181E+000, 2.02865940E+000, 1.83000000E+000, 5.78149426E-004
 6.38000000E+003, 1.89980704E+000, 4.89705760E+000, 2.02825742E+000, 1.81000000E+000, 5.73204156E-004
 6.42000000E+003, 1.87867098E+000, 4.89738594E+000, 2.02808920E+000, 1.79000000E+000, 5.69485291E-004
 6.46000000E+003, 1.85791883E+000, 4.89730692E+000, 2.02812004E+000, 1.77000000E+000, 5.67032653E-004
 6.50000000E+003, 1.83663814E+000, 4.89786290E+000, 2.02809475E+000, 1.75000000E+000, 5.62369552E-004
 6.54000000E+003, 1.80879469E+000, 4.90556968E+000, 2.02573162E+000, 1.73000000E+000, 5.21804243E-004
 6.58000000E+003, 1.76160337E+000, 4.93388313E+000, 2.01532250E+000, 1.71000000E+000, 2.98665972E-004
 6.62000000E+003, 1.70485705E+000, 4.97275338E+000, 1.99977498E+000, 1.69000000E+000, 2.91938456E-005
 6.66000000E+003, 1.67063583E+000, 4.98875102E+000, 1.99244270E+000, 1.67000000E+000, 5.33387156E-008
 6.70000000E+003, 1.65000054E+000, 4.99017712E+000, 1.99127519E+000, 1.65000000E+000, 3.80206611E-014
 6.74000000E+003, 1.63000000E+000, 4.99046939E+000, 1.99103619E+000, 1.63000000E+000, 0.00000000E+000
 6.78000000E+003, 1.61000000E+000, 4.99066188E+000, 1.99093927E+000, 1.61000000E+000, 0.00000000E+000
 6.82000000E+003, 1.59000000E+000, 4.99083882E+000, 1.99086626E+000, 1.59000000E+000, 0.00000000E+000
 6.86000000E+003, 1.57000000E+000, 4.99101471E+000, 1.99079676E+000, 1.57000000E+000, 0.00000000E+000
 6.90000000E+003, 1.55000000E+000, 4.99119207E+000, 1.99072721E+000, 1.55000000E+000, 0.00000000E+000
 6.94000000E+003, 1.53000000E+000, 4.99137137E+000, 1.99065700E+000, 1.53000000E+000, 0.00000000E+000
 6.98000000E+003, 1.51000000E+000, 4.99155270E+000, 1.99058602E+000, 1.51000000E+000, 0.00000000E+000
 7.02000000E+003, 1.49000000E+000, 4.99173609E+000, 1.99051424E+000, 1.49000000E+000, 0.00000000E+000
 7.06000000E+003, 1.47000000E+000, 4.99192157E+000, 1.99044164E+000, 1.47000000E+000, 0.00000000E+000
 7.10000000E+003, 1.45000000E+000, 4.99210916E+000, 1.99036823E+000, 1.45000000E+000, 0.00000000E+000
 7.14000000E+003, 1.43000000E+000, 4.99229889E+000, 1.99029398E+000, 1.43000000E+000, 0.00000000E+000
 7.18000000E+003, 1.41000000E+000, 4.99249079E+000, 1.99021889E+000, 1.41000000E+000, 0.00000000E+000
 7.22000000E+003, 1.39000000E+000, 4.99268487E+000, 1.99014295E+000, 1.39000000E+000, 0.00000000E+000
 7.26000000E+003, 1.37000000E+000, 4.99288116E+000, 1.99006616E+000, 1.37000000E+000, 0.00000000E+000
 7.30000000E+003, 1.35000000E+000, 4.99307969E+000, 1.98998849E+000, 1.35000000E+000, 0.00000000E+000
 7.34000000E+003, 1.33000000E+000, 4.99328048E+000, 1.98990995E+000, 1.33000000E+000, 0.00000000E+000
 7.38000000E+003, 1.31000000E+000, 4.99348355E+000, 1.98983051E+000, 1.31000000E+000, 0.00000000E+000
 7.42000000E+003, 1.29000000E+000, 4.99368894E+000, 1.98975018E+000, 1.29000000E+000, 0.00000000E+000
 7.46000000E+003, 1.27000000E+000, 4.99389666E+000, 1.98966894E+000, 1.27000000E+000, 0.00000000E+000
 7.50000000E+003, 1.25000000E+000, 4.99410675E+000, 1.98958679E+000, 1.25000000E+000, 0.00000000E+000
 7.54000000E+003, 1.23000000E+000, 4.99431923E+000, 1.98950370E+000, 1.23000000E+000, 0.00000000E+000
 7.58000000E+003, 1.21000000E+000, 4.99453412E+000, 1.98941968E+000, 1.21000000E+000, 0.00000000E+000
 7.62000000E+003, 1.19000000E+000, 4.99475146E+000, 1.98933471E+000, 1.19000000E+000, 0.00000000E+000
 7.66000000E+003, 1.17000000E+000, 4.99497127E+000, 1.98924878E+000, 1.17000000E+000, 0.00000000E+000
 7.70000000E+003, 1.15000000E+000, 4.99519358E+000, 1.98916188E+000, 1.15000000E+000, 0.00000000E+000
 7.74000000E+003, 1.13000000E+000, 4.99541842E+000, 1.98907400E+000, 1.13000000E+000, 0.00000000E+000
 7.78000000E+003, 1.11000000E+000, 4.99564581E+000, 1.98898513E+000, 1.11000000E+000, 0.00000000E+000
 7.82000000E+003, 1.09000000E+000, 4.99587579E+000, 1.98889525E+000, 1.09000000E+000, 0.00000000E+000
 7.86000000E+003, 1.07000000E+000, 4.99610838E+000, 1.98880437E+000, 1.07000000E+000, 0.00000000E+000
 7.90000000E+003, 1.05000000E+000, 4.99634361E+000, 1.98871246E+000, 1.05000000E+000, 0.00000000E+000
 7.94000000E+003, 1.03000000E+000, 4.99658151E+000, 1.98861951E+000, 1.03000000E+000, 0.00000000E+000
 7.98000000E+003, 1.01000000E+000, 4.99682211E+000, 1.98852552E+000, 1.01000000E+000, 0.00000000E+000
 8.02000000E+003, 9.90000000E-001, 4.99706545E+000, 1.98843047E+000, 9.90000000E-001, 0.00000000E+000
 8.06000000E+003, 9.70000000E-001, 4.99731154E+000, 1.98833435E+000, 9.70000000E-001, 0.00000000E+000
 8.10000000E+003, 9.50000000E-001, 4.99756043E+000, 1.98823714E+000, 9.50000000E-001, 0.00000000E+000
 8.14000000E+003, 9.30000000E-001, 4.99781214E+000, 1.98813885E+000, 9.30000000E-001, 0.00000000E+000
 8.18000000E+003, 9.10000000E-001, 4.99806671E+000, 1.98803945E+000, 9.10000000E-001, 0.00000000E+000
 8.22000000E+003, 8.90000000E-001, 4.99832416E+000, 1.98793893E+000, 8.90000000E-001, 0.00000000E+000
 8.26000000E+003, 8.70000000E-001, 4.99858453E+000, 1.98783728E+000, 8.70000000E-001, 0.00000000E+000
 8.30000000E+003, 8.50000000E-001, 4.99884786E+000, 1.98773449E+000, 8.50000000E-001, 0.00000000E+000
 8.34000000E+003, 8.30000000E-001, 4.99911416E+000, 1.98763055E+000, 8.30000000E-001, 0.00000000E+000
 8.38000000E+003, 8.10000000E-001, 4.99938349E+000, 1.98752544E+000, 8.10000000E-001, 0.00000000E+000
 8.42000000E+003, 7.90000000E-001, 4.99965586E+000, 1.98741915E+000, 7.90000000E-001, 0.00000000E+000
 8.46000000E+003, 7.70000000E-001, 4.99993132E+000, 1.98731167E+000, 7.70000000E-001, 0.00000000E+000
 8.50000000E+003, 7.50000000E-001, 5.00020990E+000, 1.98720298E+000, 7.50000000E-001, 0.00000000E+000
 8.54000000E+003, 7.30000000E-001, 5.00049163E+000, 1.98709308E+000, 7.30000000E-001, 0.00000000E+000
 8.58000000E+003, 7.10000000E-001, 5.00077655E+000, 1.98698194E+000, 7.10000000E-001, 0.00000000E+000
 8.62000000E+003, 6.90000000E-001, 5.00106469E+000, 1.98686956E+000, 6.90000000E-001, 0.00000000E+000
 8.66000000E+003, 6.70000000E-001, 5.00135609E+000, 1.98675592E+000, 6.70000000E-001, 0.00000000E+000
 8.70000000E+003, 6.50000000E-001, 5.00165079E+000, 1.98664100E+000, 6.50000000E-001, 0.00000000E+000
 8.74000000E+003, 6.30000000E-001, 5.00194882E+000, 1.98652480E+000, 6.30000000E-001, 0.00000000E+000
 8.78000000E+003, 6.10000000E-001, 5.00225022E+000, 1.98640730E+000, 6.10000000E-001, 0.00000000E+000
 8.82000000E+003, 5.90000000E-001, 5.00255502E+000, 1.98628849E+000, 5.90000000E-001, 0.00000000E+000
 8.86000000E+003, 5.70000000E-001, 5.00286327E+000, 1.98616835E+000, 5.70000000E-001, 0.00000000E+000
 8.90000000E+003, 5.50000000E-001, 5.00317499E+000, 1.98604687E+000, 5.50000000E-001, 0.00000000E+000
 8.94000000E+003, 5.30000000E-001, 5.00349024E+000, 1.98592403E+000, 5.30000000E-001, 0.00000000E+000
 8.98000000E+003, 5.10000000E-001, 5.00380905E+000, 1.98579982E+000, 5.10000000E-001, 0.00000000E+000
 9.02000000E+003, 4.90000000E-001, 5.00413145E+000, 1.98567422E+000, 4.90000000E-001, 0.00000000E+000
 9.06000000E+003, 4.70000000E-001, 5.00445749E+000, 1.98554722E+000, 4.70000000E-001, 0.00000000E+000
 9.10000000E+003, 4.50000000E-001, 5.00478721E+000, 1.98541881E+000, 4.50000000E-001, 0.00000000E+000
 9.14000000E+003, 4.30000000E-001, 5.00512064E+000, 1.98528896E+000, 4.30000000E-001, 0.00000000E+000
 9.18000000E+003, 4.10000000E-001, 5.00545784E+000, 1.98515767E+000, 4.10000000E-001, 0.00000000E+000
 9.22000000E+003, 3.90000000E-001, 5.00579883E+000, 1.98502491E+000, 3.90000000E-001, 0.00000000E+000
 9.26000000E+003, 3.70000000E-001, 5.00614366E+000, 1.98489068E+000, 3.70000000E-001, 0.00000000E+000
 9.30000000E+003, 3.50000000E-001, 5.00649238E+000, 1.98475495E+000, 3.50000000E-001, 0.00000000E+000
 9.34000000E+003, 3.30000000E-001, 5.00684503E+000, 1.98461771E+000, 3.30000000E-001, 0.00000000E+000
 9.38000000E+003, 3.10000000E-001, 5.00720164E+000, 1.98447895E+000, 3.10000000E-001, 0.00000000E+000
 9.42000000E+003, 2.90000000E-001, 5.00756227E+000, 1.98433865E+000, 2.90000000E-001, 0.00000000E+000
 9.46000000E+003, 2.70000000E-001, 5.00792695E+000, 1.98419678E+000, 2.70000000E-001, 0.00000000E+000
 9.50000000E+003, 2.50000000E-001, 5.00829574E+000, 1.98405334E+000, 2.50000000E-001, 0.00000000E+000
 9.54000000E+003, 2.30000000E-001, 5.00866867E+000, 1.98390831E+000, 2.30000000E-001, 0.00000000E+000
 9.58000000E+003, 2.10000000E-001, 5.00904579E+000, 1.98376168E+000, 2.10000000E-001, 0.00000000E+000
 9.62000000E+003, 1.90000000E-001, 5.00942715E+000, 1.98361341E+000, 1.90000000E-001, 0.00000000E+000
 9.66000000E+003, 1.70000000E-001, 5.00981279E+000, 1.98346350E+000, 1.70000000E-001, 0.00000000E+000
 9.70000000E+003, 1.50000000E-001, 5.01020277E+000, 1.98331193E+000, 1.50000000E-001, 0.00000000E+000
 9.74000000E+003, 1.30000000E-001, 5.01059711E+000, 1.98315869E+000, 1.30000000E-001, 0.00000000E+000
 9.78000000E+003, 1.10000000E-001, 5.01099589E+000, 1.98300374E+000, 1.10000000E-001, 0.00000000E+000
 9.82000000E+003, 9.00000000E-002, 5.01139913E+000, 1.98284709E+000, 9.00000000E-002, 0.00000000E+000
 9.86000000E+003, 7.00000000E-002, 5.01180690E+000, 1.98268870E+000, 7.00000000E-002, 0.00000000E+000
 9.90000000E+003, 5.00000000E-002, 5.01221919E+000, 1.98252849E+000, 5.00000000E-002, 0.00000000E+000
 9.94000000E+003, 3.00000000E-002, 5.01263396E+000, 1.98236352E+000, 3.00000000E-002, 0.00000000E+000
 9.98000000E+003, 1.00000000E-002, 5.01296310E+000, 1.98207054E+000, 1.00000000E-002, 0.00000000E+000
