   18000.018390811525      ,         200
X,ZB,H,U,ZF,QS,T1,CE
 7.50000000E-002,-1.12455724E-004, 3.84310783E-001, 5.09544035E-001,-3.00113775E-001, 0.00000000E+000, 2.04714253E-001, 2.04714304E-001
 2.25000000E-001,-4.72127650E-004, 3.84388103E-001, 5.09679570E-001,-3.00341325E-001, 0.00000000E+000, 2.04718583E-001, 2.04753457E-001
 3.75000000E-001,-7.77467973E-004, 3.84480764E-001, 5.09521076E-001,-3.00568875E-001, 0.00000000E+000, 2.04720542E-001, 2.04736348E-001
 5.25000000E-001,-1.29404651E-003, 3.84753243E-001, 5.09300388E-001,-3.00796425E-001, 0.00000000E+000, 2.04672563E-001, 2.04286731E-001
 6.75000000E-001,-4.98213138E-003, 3.88093228E-001, 5.08173833E-001,-3.01023975E-001, 0.00000000E+000, 2.04328337E-001, 2.01559898E-001
 8.25000000E-001,-3.17796145E-003, 3.86378747E-001, 5.06823305E-001,-3.01251525E-001, 0.00000000E+000, 2.03880559E-001, 2.00279455E-001
 9.75000000E-001,-3.21491187E-003, 3.86170464E-001, 5.07120434E-001,-3.01479075E-001, 0.00000000E+000, 2.03382837E-001, 1.99380279E-001
 1.12500000E+000,-7.33303287E-003, 3.89628341E-001, 5.05261920E-001,-3.01706625E-001, 0.00000000E+000, 2.02652362E-001, 1.96778087E-001
 1.27500000E+000,-8.95847755E-003, 3.91565373E-001, 5.01162359E-001,-3.01934175E-001, 0.00000000E+000, 2.01403719E-001, 1.91362260E-001
 1.42500000E+000,-1.05535889E-002, 3.93044254E-001, 4.99257902E-001,-3.02161725E-001, 0.00000000E+000, 1.99650312E-001, 1.85549661E-001
 1.57500000E+000,-1.45820526E-002, 3.96706588E-001, 4.96165330E-001,-3.02389275E-001, 0.00000000E+000, 1.97504480E-001, 1.80248329E-001
 1.72500000E+000,-1.93352432E-002, 4.01433945E-001, 4.90748190E-001,-3.02616825E-001, 0.00000000E+000, 1.94707111E-001, 1.72211617E-001
 1.87500000E+000,-2.49269620E-002, 4.07034361E-001, 4.84469023E-001,-3.02844375E-001, 0.00000000E+000, 1.91058113E-001, 1.61714067E-001
 2.02500000E+000,-3.06449880E-002, 4.12878812E-001, 4.77653294E-001,-3.03071925E-001, 0.00000000E+000, 1.86598304E-001, 1.50734126E-001
 2.17500000E+000,-3.08623593E-002, 4.13757346E-001, 4.73484783E-001,-3.03299475E-001, 0.00000000E+000, 1.81768005E-001, 1.42925141E-001
 2.32500000E+000,-3.64555879E-002, 4.18652072E-001, 4.70965843E-001,-3.03527025E-001, 0.00000000E+000, 1.76815145E-001, 1.36987701E-001
 2.47500000E+000,-4.31306707E-002, 4.25350163E-001, 4.64105624E-001,-3.03754575E-001, 0.00000000E+000, 1.71623754E-001, 1.29878884E-001
 2.62500000E+000,-4.79953697E-002, 4.30556716E-001, 4.57501555E-001,-3.03982125E-001, 0.00000000E+000, 1.65992522E-001, 1.20710863E-001
 2.77500000E+000,-5.31199872E-002, 4.35730625E-001, 4.52184520E-001,-3.04209675E-001, 0.00000000E+000, 1.60110956E-001, 1.12816562E-001
 2.92500000E+000,-5.85969495E-002, 4.41258409E-001, 4.46676524E-001,-3.04437225E-001, 0.00000000E+000, 1.54125057E-001, 1.05992089E-001
 3.07500000E+000,-6.39936399E-002, 4.46757239E-001, 4.41116609E-001,-3.04664775E-001, 0.00000000E+000, 1.48073502E-001, 9.94128725E-002
 3.22500000E+000,-6.92866831E-002, 4.52145913E-001, 4.35788626E-001,-3.04892325E-001, 0.00000000E+000, 1.42012055E-001, 9.32721362E-002
 3.37500000E+000,-7.44700011E-002, 4.57416382E-001, 4.30696591E-001,-3.05119875E-001, 0.00000000E+000, 1.36003335E-001, 8.76876073E-002
 3.52500000E+000,-7.95027229E-002, 4.62531060E-001, 4.25847259E-001,-3.05347425E-001, 0.00000000E+000, 1.30098574E-001, 8.26189732E-002
 3.67500000E+000,-8.43538654E-002, 4.67456963E-001, 4.21262551E-001,-3.05574975E-001, 0.00000000E+000, 1.24339779E-001, 7.80340676E-002
 3.82500000E+000,-8.90020659E-002, 4.72171317E-001, 4.16953352E-001,-3.05802525E-001, 0.00000000E+000, 1.18761200E-001, 7.39047393E-002
 3.97500000E+000,-9.34319609E-002, 4.76658107E-001, 4.12922330E-001,-3.06030075E-001, 0.00000000E+000, 1.13389511E-001, 7.01967669E-002
 4.12500000E+000,-9.76336443E-002, 4.80907070E-001, 4.09167021E-001,-3.06257625E-001, 0.00000000E+000, 1.08244416E-001, 6.68738211E-002
 4.27500000E+000,-1.01602024E-001, 4.84913002E-001, 4.05680922E-001,-3.06485175E-001, 0.00000000E+000, 1.03339467E-001, 6.38999530E-002
 4.42500000E+000,-1.05336021E-001, 4.88674914E-001, 4.02454518E-001,-3.06712725E-001, 0.00000000E+000, 9.86828982E-002, 6.12406659E-002
 4.57500000E+000,-1.08837828E-001, 4.92195237E-001, 3.99476214E-001,-3.06940275E-001, 0.00000000E+000, 9.42784554E-002, 5.88636091E-002
 4.72500000E+000,-1.12112229E-001, 4.95479102E-001, 3.96733083E-001,-3.07167825E-001, 0.00000000E+000, 9.01261717E-002, 5.67389644E-002
 4.87500000E+000,-1.15212169E-001, 4.98576401E-001, 3.94196002E-001,-3.07395375E-001, 0.00000000E+000, 8.62221889E-002, 5.48315816E-002
 5.02500000E+000,-1.16860160E-001, 5.00793210E-001, 3.94392068E-001,-3.07622925E-001, 0.00000000E+000, 8.26252825E-002, 5.37040206E-002
 5.17500000E+000,-1.10471031E-001, 4.94093664E-001, 3.98297309E-001,-3.07850475E-001, 0.00000000E+000, 7.96033224E-002, 5.53058443E-002
 5.32500000E+000,-1.06084394E-001, 4.89449395E-001, 4.02202332E-001,-3.08078025E-001, 0.00000000E+000, 7.72345931E-002, 5.81906454E-002
 5.47500000E+000,-1.01421555E-001, 4.84486329E-001, 4.06318444E-001,-3.08305575E-001, 0.00000000E+000, 7.54678133E-002, 6.12649301E-002
 5.62500000E+000,-9.68033141E-002, 4.79556090E-001, 4.10466792E-001,-3.08533125E-001, 0.00000000E+000, 7.42627167E-002, 6.45770314E-002
 5.77500000E+000,-9.22869043E-002, 4.74716906E-001, 4.14590851E-001,-3.08760675E-001, 0.00000000E+000, 7.35741575E-002, 6.80425447E-002
 5.92500000E+000,-8.79408357E-002, 4.70042029E-001, 4.18632517E-001,-3.08988225E-001, 0.00000000E+000, 7.33568472E-002, 7.16150306E-002
 6.07500000E+000,-8.38080236E-002, 4.65570934E-001, 4.22518295E-001,-3.09215775E-001, 0.00000000E+000, 7.35643516E-002, 7.52388329E-002
 6.22500000E+000,-7.99982112E-002, 4.61493735E-001, 4.26478305E-001,-3.09443325E-001, 0.00000000E+000, 7.41539908E-002, 7.89014702E-002
 6.37500000E+000,-7.57164800E-002, 4.56562072E-001, 4.29342475E-001,-3.09670875E-001, 0.00000000E+000, 7.50860354E-002, 8.25869371E-002
 6.52500000E+000,-7.51716293E-002, 4.55995983E-001, 4.30753451E-001,-3.09898425E-001, 0.00000000E+000, 7.61411978E-002, 8.46317307E-002
 6.67500000E+000,-7.27600309E-002, 4.53274012E-001, 4.33074125E-001,-3.10125975E-001, 0.00000000E+000, 7.72940061E-002, 8.65693103E-002
 6.82500000E+000,-7.09117448E-002, 4.51182802E-001, 4.35072454E-001,-3.10353525E-001, 0.00000000E+000, 7.85712955E-002, 8.88472601E-002
 6.97500000E+000,-6.90831688E-002, 4.49105191E-001, 4.37054167E-001,-3.10581075E-001, 0.00000000E+000, 7.99436747E-002, 9.09839200E-002
 7.12500000E+000,-6.73193472E-002, 4.47091623E-001, 4.38987921E-001,-3.10808625E-001, 0.00000000E+000, 8.14014895E-002, 9.31283931E-002
 7.27500000E+000,-6.56267034E-002, 4.45150209E-001, 4.40871351E-001,-3.11036175E-001, 0.00000000E+000, 8.29336431E-002, 9.52579758E-002
 7.42500000E+000,-6.39971205E-002, 4.43272010E-001, 4.42708517E-001,-3.11263725E-001, 0.00000000E+000, 8.45301447E-002, 9.73715726E-002
 7.57500000E+000,-6.24292154E-002, 4.41455822E-001, 4.44499946E-001,-3.11491275E-001, 0.00000000E+000, 8.61821347E-002, 9.94694211E-002
 7.72500000E+000,-6.09202691E-002, 4.39698880E-001, 4.46246916E-001,-3.11718825E-001, 0.00000000E+000, 8.78816004E-002, 1.01550320E-001
 7.87500000E+000,-5.94680223E-002, 4.37998922E-001, 4.47950465E-001,-3.11946375E-001, 0.00000000E+000, 8.96213250E-002, 1.03613452E-001
 8.02500000E+000,-5.80703254E-002, 4.36353796E-001, 4.49611589E-001,-3.12173925E-001, 0.00000000E+000, 9.13947901E-002, 1.05657918E-001
 8.17500000E+000,-5.67251662E-002, 4.34761488E-001, 4.51231230E-001,-3.12401475E-001, 0.00000000E+000, 9.31961015E-002, 1.07682840E-001
 8.32500000E+000,-5.54306476E-002, 4.33220102E-001, 4.52810287E-001,-3.12629025E-001, 0.00000000E+000, 9.50199217E-002, 1.09687360E-001
 8.47500000E+000,-5.41849752E-002, 4.31727845E-001, 4.54349623E-001,-3.12856575E-001, 0.00000000E+000, 9.68614117E-002, 1.11670646E-001
 8.62500000E+000,-5.29864467E-002, 4.30283019E-001, 4.55850071E-001,-3.13084125E-001, 0.00000000E+000, 9.87161789E-002, 1.13631896E-001
 8.77500000E+000,-5.18334435E-002, 4.28884007E-001, 4.57312440E-001,-3.13311675E-001, 0.00000000E+000, 1.00580232E-001, 1.15570343E-001
 8.92500000E+000,-5.07244235E-002, 4.27529271E-001, 4.58737512E-001,-3.13539225E-001, 0.00000000E+000, 1.02449939E-001, 1.17485259E-001
 9.07500000E+000,-4.96579150E-002, 4.26217345E-001, 4.60126052E-001,-3.13766775E-001, 0.00000000E+000, 1.04321996E-001, 1.19375952E-001
 9.22500000E+000,-4.86325116E-002, 4.24946824E-001, 4.61478804E-001,-3.13994325E-001, 0.00000000E+000, 1.06193390E-001, 1.21241773E-001
 9.37500000E+000,-4.76468680E-002, 4.23716369E-001, 4.62796498E-001,-3.14221875E-001, 0.00000000E+000, 1.08061375E-001, 1.23082113E-001
 9.52500000E+000,-4.66996956E-002, 4.22524695E-001, 4.64079844E-001,-3.14449425E-001, 0.00000000E+000, 1.09923447E-001, 1.24896402E-001
 9.67500000E+000,-4.57897595E-002, 4.21370570E-001, 4.65329540E-001,-3.14676975E-001, 0.00000000E+000, 1.11777318E-001, 1.26684113E-001
 9.82500000E+000,-4.49158753E-002, 4.20252815E-001, 4.66546268E-001,-3.14904525E-001, 0.00000000E+000, 1.13620900E-001, 1.28444757E-001
 9.97500000E+000,-4.40769060E-002, 4.19170296E-001, 4.67730697E-001,-3.15132075E-001, 0.00000000E+000, 1.15452289E-001, 1.30177888E-001
 1.01250000E+001,-4.32717597E-002, 4.18121925E-001, 4.68883480E-001,-3.15359625E-001, 0.00000000E+000, 1.17269742E-001, 1.31883096E-001
 1.02750000E+001,-4.24993870E-002, 4.17106656E-001, 4.70005262E-001,-3.15587175E-001, 0.00000000E+000, 1.19071671E-001, 1.33560011E-001
 1.04250000E+001,-4.17587788E-002, 4.16123485E-001, 4.71096672E-001,-3.15814725E-001, 0.00000000E+000, 1.20856626E-001, 1.35208299E-001
 1.05750000E+001,-4.10489646E-002, 4.15171442E-001, 4.72158329E-001,-3.16042275E-001, 0.00000000E+000, 1.22623284E-001, 1.36827665E-001
 1.07250000E+001,-4.03690097E-002, 4.14249597E-001, 4.73190838E-001,-3.16269825E-001, 0.00000000E+000, 1.24370440E-001, 1.38417847E-001
 1.08750000E+001,-3.97180145E-002, 4.13357054E-001, 4.74194796E-001,-3.16497375E-001, 0.00000000E+000, 1.26096998E-001, 1.39978620E-001
 1.10250000E+001,-3.90951117E-002, 4.12492947E-001, 4.75170786E-001,-3.16724925E-001, 0.00000000E+000, 1.27801960E-001, 1.41509791E-001
 1.11750000E+001,-3.84994654E-002, 4.11656444E-001, 4.76119384E-001,-3.16952475E-001, 0.00000000E+000, 1.29484423E-001, 1.43011203E-001
 1.13250000E+001,-3.79302691E-002, 4.10846741E-001, 4.77041152E-001,-3.17180025E-001, 0.00000000E+000, 1.31143569E-001, 1.44482728E-001
 1.14750000E+001,-3.73867448E-002, 4.10063061E-001, 4.77936645E-001,-3.17407575E-001, 0.00000000E+000, 1.32778660E-001, 1.45924270E-001
 1.16250000E+001,-3.68681410E-002, 4.09304655E-001, 4.78806408E-001,-3.17635125E-001, 0.00000000E+000, 1.34389032E-001, 1.47335765E-001
 1.17750000E+001,-3.63737316E-002, 4.08570800E-001, 4.79650977E-001,-3.17862675E-001, 0.00000000E+000, 1.35974091E-001, 1.48717177E-001
 1.19250000E+001,-3.59028151E-002, 4.07860795E-001, 4.80470876E-001,-3.18090225E-001, 0.00000000E+000, 1.37533308E-001, 1.50068499E-001
 1.20750000E+001,-3.54547127E-002, 4.07173964E-001, 4.81266626E-001,-3.18317775E-001, 0.00000000E+000, 1.39066214E-001, 1.51389752E-001
 1.22250000E+001,-3.50287678E-002, 4.06509651E-001, 4.82038735E-001,-3.18545325E-001, 0.00000000E+000, 1.40572399E-001, 1.52680982E-001
 1.23750000E+001,-3.46243446E-002, 4.05867221E-001, 4.82787705E-001,-3.18772875E-001, 0.00000000E+000, 1.42051504E-001, 1.53942264E-001
 1.25250000E+001,-3.42408273E-002, 4.05246060E-001, 4.83514030E-001,-3.19000425E-001, 0.00000000E+000, 1.43503222E-001, 1.55173697E-001
 1.26750000E+001,-3.38776192E-002, 4.04645572E-001, 4.84218197E-001,-3.19227975E-001, 0.00000000E+000, 1.44927295E-001, 1.56375404E-001
 1.28250000E+001,-3.35341416E-002, 4.04065178E-001, 4.84900685E-001,-3.19455525E-001, 0.00000000E+000, 1.46323507E-001, 1.57547531E-001
 1.29750000E+001,-3.32098331E-002, 4.03504318E-001, 4.85561965E-001,-3.19683075E-001, 0.00000000E+000, 1.47691686E-001, 1.58690248E-001
 1.31250000E+001,-3.29041489E-002, 4.02962446E-001, 4.86202504E-001,-3.19910625E-001, 0.00000000E+000, 1.49031701E-001, 1.59803745E-001
 1.32750000E+001,-3.26165601E-002, 4.02439035E-001, 4.86822759E-001,-3.20138175E-001, 0.00000000E+000, 1.50343457E-001, 1.60888236E-001
 1.34250000E+001,-3.23465525E-002, 4.01933569E-001, 4.87423184E-001,-3.20365725E-001, 0.00000000E+000, 1.51626897E-001, 1.61943951E-001
 1.35750000E+001,-3.20936270E-002, 4.01445548E-001, 4.88004223E-001,-3.20593275E-001, 0.00000000E+000, 1.52881998E-001, 1.62971143E-001
 1.37250000E+001,-3.18572977E-002, 4.00974487E-001, 4.88566316E-001,-3.20820825E-001, 0.00000000E+000, 1.54108767E-001, 1.63970082E-001
 1.38750000E+001,-3.16370924E-002, 4.00519912E-001, 4.89109896E-001,-3.21048375E-001, 0.00000000E+000, 1.55307246E-001, 1.64941054E-001
 1.40250000E+001,-3.14325516E-002, 4.00081363E-001, 4.89635391E-001,-3.21275925E-001, 0.00000000E+000, 1.56477503E-001, 1.65884364E-001
 1.41750000E+001,-3.12432280E-002, 3.99658390E-001, 4.90143223E-001,-3.21503475E-001, 0.00000000E+000, 1.57619635E-001, 1.66800331E-001
 1.43250000E+001,-3.10686861E-002, 3.99250556E-001, 4.90633807E-001,-3.21731025E-001, 0.00000000E+000, 1.58733764E-001, 1.67689289E-001
 1.44750000E+001,-3.09085018E-002, 3.98857437E-001, 4.91107553E-001,-3.21958575E-001, 0.00000000E+000, 1.59820039E-001, 1.68551588E-001
 1.46250000E+001,-3.07622619E-002, 3.98478616E-001, 4.91564865E-001,-3.22186125E-001, 0.00000000E+000, 1.60878632E-001, 1.69387589E-001
 1.47750000E+001,-3.06295638E-002, 3.98113689E-001, 4.92006142E-001,-3.22413675E-001, 0.00000000E+000, 1.61909736E-001, 1.70197666E-001
 1.49250000E+001,-3.05100153E-002, 3.97762261E-001, 4.92431777E-001,-3.22641225E-001, 0.00000000E+000, 1.62913567E-001, 1.70982203E-001
 1.50750000E+001,-3.04032340E-002, 3.97423947E-001, 4.92842156E-001,-3.22868775E-001, 0.00000000E+000, 1.63890360E-001, 1.71741596E-001
 1.52250000E+001,-3.03088470E-002, 3.97098372E-001, 4.93237662E-001,-3.23096325E-001, 0.00000000E+000, 1.64840369E-001, 1.72476251E-001
 1.53750000E+001,-3.02264910E-002, 3.96785169E-001, 4.93618669E-001,-3.23323875E-001, 0.00000000E+000, 1.65763865E-001, 1.73186580E-001
 1.55250000E+001,-3.01558117E-002, 3.96483982E-001, 4.93985549E-001,-3.23551425E-001, 0.00000000E+000, 1.66661136E-001, 1.73873005E-001
 1.56750000E+001,-3.00964636E-002, 3.96194460E-001, 4.94338665E-001,-3.23778975E-001, 0.00000000E+000, 1.67532487E-001, 1.74535953E-001
 1.58250000E+001,-3.00481099E-002, 3.95916265E-001, 4.94678377E-001,-3.24006525E-001, 0.00000000E+000, 1.68378235E-001, 1.75175860E-001
 1.59750000E+001,-3.00104222E-002, 3.95649065E-001, 4.95005037E-001,-3.24234075E-001, 0.00000000E+000, 1.69198711E-001, 1.75793163E-001
 1.61250000E+001,-2.99830804E-002, 3.95392535E-001, 4.95318991E-001,-3.24461625E-001, 0.00000000E+000, 1.69994261E-001, 1.76388305E-001
 1.62750000E+001,-2.99657726E-002, 3.95146360E-001, 4.95620582E-001,-3.24689175E-001, 0.00000000E+000, 1.70765238E-001, 1.76961735E-001
 1.64250000E+001,-2.99581928E-002, 3.94910416E-001, 4.95911074E-001,-3.24916725E-001, 0.00000000E+000, 1.71512054E-001, 1.77514315E-001
 1.65750000E+001,-2.99599776E-002, 3.94684574E-001, 4.96195109E-001,-3.25144275E-001, 0.00000000E+000, 1.72235466E-001, 1.78049563E-001
 1.67250000E+001,-2.99705515E-002, 3.94466584E-001, 4.96474014E-001,-3.25371825E-001, 0.00000000E+000, 1.72936786E-001, 1.78573279E-001
 1.68750000E+001,-2.99893331E-002, 3.94257113E-001, 4.96742162E-001,-3.25599375E-001, 0.00000000E+000, 1.73616949E-001, 1.79083358E-001
 1.70250000E+001,-3.00159912E-002, 3.94055780E-001, 4.97000155E-001,-3.25826925E-001, 0.00000000E+000, 1.74276262E-001, 1.79575059E-001
 1.71750000E+001,-3.00502878E-002, 3.93862331E-001, 4.97248341E-001,-3.26054475E-001, 0.00000000E+000, 1.74915081E-001, 1.80049124E-001
 1.73250000E+001,-3.00919825E-002, 3.93676521E-001, 4.97486997E-001,-3.26282025E-001, 0.00000000E+000, 1.75533774E-001, 1.80506021E-001
 1.74750000E+001,-3.01408399E-002, 3.93498111E-001, 4.97716398E-001,-3.26509575E-001, 0.00000000E+000, 1.76132712E-001, 1.80946161E-001
 1.76250000E+001,-3.01966303E-002, 3.93326868E-001, 4.97936818E-001,-3.26737125E-001, 0.00000000E+000, 1.76712274E-001, 1.81369961E-001
 1.77750000E+001,-3.02591295E-002, 3.93162564E-001, 4.98148525E-001,-3.26964675E-001, 0.00000000E+000, 1.77272840E-001, 1.81777834E-001
 1.79250000E+001,-3.03281185E-002, 3.93004974E-001, 4.98351783E-001,-3.27192225E-001, 0.00000000E+000, 1.77814797E-001, 1.82170195E-001
 1.80750000E+001,-3.04033835E-002, 3.92853882E-001, 4.98546848E-001,-3.27419775E-001, 0.00000000E+000, 1.78338532E-001, 1.82547454E-001
 1.82250000E+001,-3.04847161E-002, 3.92709074E-001, 4.98733976E-001,-3.27647325E-001, 0.00000000E+000, 1.78844435E-001, 1.82910020E-001
 1.83750000E+001,-3.05719128E-002, 3.92570342E-001, 4.98913414E-001,-3.27874875E-001, 0.00000000E+000, 1.79332898E-001, 1.83258298E-001
 1.85250000E+001,-3.06647752E-002, 3.92437484E-001, 4.99085406E-001,-3.28102425E-001, 0.00000000E+000, 1.79804315E-001, 1.83592689E-001
 1.86750000E+001,-3.07631100E-002, 3.92310301E-001, 4.99250191E-001,-3.28329975E-001, 0.00000000E+000, 1.80259078E-001, 1.83913590E-001
 1.88250000E+001,-3.08667287E-002, 3.92188602E-001, 4.99408003E-001,-3.28557525E-001, 0.00000000E+000, 1.80697581E-001, 1.84221395E-001
 1.89750000E+001,-3.09754477E-002, 3.92072198E-001, 4.99559070E-001,-3.28785075E-001, 0.00000000E+000, 1.81120217E-001, 1.84516491E-001
 1.91250000E+001,-3.10890883E-002, 3.91960905E-001, 4.99703617E-001,-3.29012625E-001, 0.00000000E+000, 1.81527377E-001, 1.84799263E-001
 1.92750000E+001,-3.12074763E-002, 3.91854545E-001, 4.99841861E-001,-3.29240175E-001, 0.00000000E+000, 1.81919453E-001, 1.85070087E-001
 1.94250000E+001,-3.13304424E-002, 3.91752945E-001, 4.99974017E-001,-3.29467725E-001, 0.00000000E+000, 1.82296831E-001, 1.85329337E-001
 1.95750000E+001,-3.14578217E-002, 3.91655934E-001, 5.00100294E-001,-3.29695275E-001, 0.00000000E+000, 1.82659898E-001, 1.85577377E-001
 1.97250000E+001,-3.15894539E-002, 3.91563349E-001, 5.00220895E-001,-3.29922825E-001, 0.00000000E+000, 1.83009038E-001, 1.85814569E-001
 1.98750000E+001,-3.17251834E-002, 3.91475029E-001, 5.00336019E-001,-3.30150375E-001, 0.00000000E+000, 1.83344629E-001, 1.86041265E-001
 2.00250000E+001,-3.18648586E-002, 3.91390819E-001, 5.00445860E-001,-3.30377925E-001, 0.00000000E+000, 1.83667048E-001, 1.86257814E-001
 2.01750000E+001,-3.20083325E-002, 3.91310566E-001, 5.00550607E-001,-3.30605475E-001, 0.00000000E+000, 1.83976666E-001, 1.86464556E-001
 2.03250000E+001,-3.21554623E-002, 3.91234124E-001, 5.00650443E-001,-3.30833025E-001, 0.00000000E+000, 1.84273853E-001, 1.86661823E-001
 2.04750000E+001,-3.23061095E-002, 3.91161350E-001, 5.00745549E-001,-3.31060575E-001, 0.00000000E+000, 1.84558971E-001, 1.86849943E-001
 2.06250000E+001,-3.24601395E-002, 3.91092106E-001, 5.00836098E-001,-3.31288125E-001, 0.00000000E+000, 1.84832379E-001, 1.87029234E-001
 2.07750000E+001,-3.26174220E-002, 3.91026256E-001, 5.00922260E-001,-3.31515675E-001, 0.00000000E+000, 1.85094431E-001, 1.87200010E-001
 2.09250000E+001,-3.27778306E-002, 3.90963671E-001, 5.01004200E-001,-3.31743225E-001, 0.00000000E+000, 1.85345473E-001, 1.87362575E-001
 2.10750000E+001,-3.29412427E-002, 3.90904223E-001, 5.01082077E-001,-3.31970775E-001, 0.00000000E+000, 1.85585849E-001, 1.87517226E-001
 2.12250000E+001,-3.31075398E-002, 3.90847791E-001, 5.01156048E-001,-3.32198325E-001, 0.00000000E+000, 1.85815895E-001, 1.87664253E-001
 2.13750000E+001,-3.32766069E-002, 3.90794256E-001, 5.01226262E-001,-3.32425875E-001, 0.00000000E+000, 1.86035942E-001, 1.87803939E-001
 2.15250000E+001,-3.34483329E-002, 3.90743501E-001, 5.01292867E-001,-3.32653425E-001, 0.00000000E+000, 1.86246315E-001, 1.87936560E-001
 2.16750000E+001,-3.36226101E-002, 3.90695417E-001, 5.01356004E-001,-3.32880975E-001, 0.00000000E+000, 1.86447331E-001, 1.88062384E-001
 2.18250000E+001,-3.37993347E-002, 3.90649896E-001, 5.01415811E-001,-3.33108525E-001, 0.00000000E+000, 1.86639303E-001, 1.88181670E-001
 2.19750000E+001,-3.39784061E-002, 3.90606833E-001, 5.01472421E-001,-3.33336075E-001, 0.00000000E+000, 1.86822536E-001, 1.88294672E-001
 2.21250000E+001,-3.41597272E-002, 3.90566128E-001, 5.01525962E-001,-3.33563625E-001, 0.00000000E+000, 1.86997329E-001, 1.88401635E-001
 2.22750000E+001,-3.43432041E-002, 3.90527683E-001, 5.01576560E-001,-3.33791175E-001, 0.00000000E+000, 1.87163974E-001, 1.88502799E-001
 2.24250000E+001,-3.45287462E-002, 3.90491404E-001, 5.01624335E-001,-3.34018725E-001, 0.00000000E+000, 1.87322756E-001, 1.88598394E-001
 2.25750000E+001,-3.47162663E-002, 3.90457202E-001, 5.01669404E-001,-3.34246275E-001, 0.00000000E+000, 1.87473955E-001, 1.88688645E-001
 2.27250000E+001,-3.49056800E-002, 3.90424988E-001, 5.01711879E-001,-3.34473825E-001, 0.00000000E+000, 1.87617841E-001, 1.88773769E-001
 2.28750000E+001,-3.50969059E-002, 3.90394678E-001, 5.01751868E-001,-3.34701375E-001, 0.00000000E+000, 1.87754680E-001, 1.88853975E-001
 2.30250000E+001,-3.52898659E-002, 3.90366191E-001, 5.01789479E-001,-3.34928925E-001, 0.00000000E+000, 1.87884730E-001, 1.88929468E-001
 2.31750000E+001,-3.54844843E-002, 3.90339448E-001, 5.01824810E-001,-3.35156475E-001, 0.00000000E+000, 1.88008242E-001, 1.89000445E-001
 2.33250000E+001,-3.56806886E-002, 3.90314374E-001, 5.01857961E-001,-3.35384025E-001, 0.00000000E+000, 1.88125462E-001, 1.89067094E-001
 2.34750000E+001,-3.58784087E-002, 3.90290896E-001, 5.01889024E-001,-3.35611575E-001, 0.00000000E+000, 1.88236626E-001, 1.89129600E-001
 2.36250000E+001,-3.60775774E-002, 3.90268943E-001, 5.01918092E-001,-3.35839125E-001, 0.00000000E+000, 1.88341967E-001, 1.89188140E-001
 2.37750000E+001,-3.62781298E-002, 3.90248449E-001, 5.01945251E-001,-3.36066675E-001, 0.00000000E+000, 1.88441708E-001, 1.89242884E-001
 2.39250000E+001,-3.64800037E-002, 3.90229349E-001, 5.01970586E-001,-3.36294225E-001, 0.00000000E+000, 1.88536067E-001, 1.89293998E-001
 2.40750000E+001,-3.66831393E-002, 3.90211580E-001, 5.01994177E-001,-3.36521775E-001, 0.00000000E+000, 1.88625257E-001, 1.89341640E-001
 2.42250000E+001,-3.68874790E-002, 3.90195083E-001, 5.02016102E-001,-3.36749325E-001, 0.00000000E+000, 1.88709480E-001, 1.89385963E-001
 2.43750000E+001,-3.70929677E-002, 3.90179799E-001, 5.02036437E-001,-3.36976875E-001, 0.00000000E+000, 1.88788937E-001, 1.89427115E-001
 2.45250000E+001,-3.72995523E-002, 3.90165675E-001, 5.02055252E-001,-3.37204425E-001, 0.00000000E+000, 1.88863820E-001, 1.89465237E-001
 2.46750000E+001,-3.75071819E-002, 3.90152656E-001, 5.02072618E-001,-3.37431975E-001, 0.00000000E+000, 1.88934313E-001, 1.89500466E-001
 2.48250000E+001,-3.77158079E-002, 3.90140692E-001, 5.02088600E-001,-3.37659525E-001, 0.00000000E+000, 1.89000598E-001, 1.89532932E-001
 2.49750000E+001,-3.79253833E-002, 3.90129734E-001, 5.02103262E-001,-3.37887075E-001, 0.00000000E+000, 1.89062849E-001, 1.89562761E-001
 2.51250000E+001,-3.81358634E-002, 3.90119735E-001, 5.02116665E-001,-3.38114625E-001, 0.00000000E+000, 1.89121232E-001, 1.89590075E-001
 2.52750000E+001,-3.83472051E-002, 3.90110651E-001, 5.02128868E-001,-3.38342175E-001, 0.00000000E+000, 1.89175912E-001, 1.89614989E-001
 2.54250000E+001,-3.85593673E-002, 3.90102438E-001, 5.02139927E-001,-3.38569725E-001, 0.00000000E+000, 1.89227044E-001, 1.89637615E-001
 2.55750000E+001,-3.87723105E-002, 3.90095055E-001, 5.02149895E-001,-3.38797275E-001, 0.00000000E+000, 1.89274779E-001, 1.89658059E-001
 2.57250000E+001,-3.89859971E-002, 3.90088463E-001, 5.02158825E-001,-3.39024825E-001, 0.00000000E+000, 1.89319264E-001, 1.89676425E-001
 2.58750000E+001,-3.92003908E-002, 3.90082624E-001, 5.02166765E-001,-3.39252375E-001, 0.00000000E+000, 1.89360639E-001, 1.89692809E-001
 2.60250000E+001,-3.94154573E-002, 3.90077503E-001, 5.02173762E-001,-3.39479925E-001, 0.00000000E+000, 1.89399039E-001, 1.89707307E-001
 2.61750000E+001,-3.96311635E-002, 3.90073063E-001, 5.02179863E-001,-3.39707475E-001, 0.00000000E+000, 1.89434595E-001, 1.89720008E-001
 2.63250000E+001,-3.98474777E-002, 3.90069274E-001, 5.02185110E-001,-3.39935025E-001, 0.00000000E+000, 1.89467432E-001, 1.89730998E-001
 2.64750000E+001,-4.00643699E-002, 3.90066102E-001, 5.02189545E-001,-3.40162575E-001, 0.00000000E+000, 1.89497670E-001, 1.89740360E-001
 2.66250000E+001,-4.02818113E-002, 3.90063518E-001, 5.02193206E-001,-3.40390125E-001, 0.00000000E+000, 1.89525427E-001, 1.89748172E-001
 2.67750000E+001,-4.04997743E-002, 3.90061494E-001, 5.02196132E-001,-3.40617675E-001, 0.00000000E+000, 1.89550813E-001, 1.89754511E-001
 2.69250000E+001,-4.07182327E-002, 3.90060001E-001, 5.02198359E-001,-3.40845225E-001, 0.00000000E+000, 1.89573935E-001, 1.89759447E-001
 2.70750000E+001,-4.09371614E-002, 3.90059014E-001, 5.02199921E-001,-3.41072775E-001, 0.00000000E+000, 1.89594897E-001, 1.89763050E-001
 2.72250000E+001,-4.11565366E-002, 3.90058507E-001, 5.02200851E-001,-3.41300325E-001, 0.00000000E+000, 1.89613797E-001, 1.89765385E-001
 2.73750000E+001,-4.13763353E-002, 3.90058456E-001, 5.02201180E-001,-3.41527875E-001, 0.00000000E+000, 1.89630731E-001, 1.89766516E-001
 2.75250000E+001,-4.15965360E-002, 3.90058840E-001, 5.02200938E-001,-3.41755425E-001, 0.00000000E+000, 1.89645789E-001, 1.89766501E-001
 2.76750000E+001,-4.18171178E-002, 3.90059635E-001, 5.02200155E-001,-3.41982975E-001, 0.00000000E+000, 1.89659058E-001, 1.89765399E-001
 2.78250000E+001,-4.20380611E-002, 3.90060822E-001, 5.02198855E-001,-3.42210525E-001, 0.00000000E+000, 1.89670622E-001, 1.89763263E-001
 2.79750000E+001,-4.22593471E-002, 3.90062381E-001, 5.02197067E-001,-3.42438075E-001, 0.00000000E+000, 1.89680560E-001, 1.89760145E-001
 2.81250000E+001,-4.24809578E-002, 3.90064293E-001, 5.02194814E-001,-3.42665625E-001, 0.00000000E+000, 1.89688951E-001, 1.89756095E-001
 2.82750000E+001,-4.27028762E-002, 3.90066540E-001, 5.02192120E-001,-3.42893175E-001, 0.00000000E+000, 1.89695866E-001, 1.89751160E-001
 2.84250000E+001,-4.29250862E-002, 3.90069105E-001, 5.02189007E-001,-3.43120725E-001, 0.00000000E+000, 1.89701377E-001, 1.89745384E-001
 2.85750000E+001,-4.31475722E-002, 3.90071972E-001, 5.02185497E-001,-3.43348275E-001, 0.00000000E+000, 1.89705551E-001, 1.89738811E-001
 2.87250000E+001,-4.33703197E-002, 3.90075126E-001, 5.02181609E-001,-3.43575825E-001, 0.00000000E+000, 1.89708451E-001, 1.89731481E-001
 2.88750000E+001,-4.35933146E-002, 3.90078552E-001, 5.02177364E-001,-3.43803375E-001, 0.00000000E+000, 1.89710139E-001, 1.89723433E-001
 2.90250000E+001,-4.38165437E-002, 3.90082236E-001, 5.02172778E-001,-3.44030925E-001, 0.00000000E+000, 1.89710674E-001, 1.89714703E-001
 2.91750000E+001,-4.40399945E-002, 3.90086166E-001, 5.02167870E-001,-3.44258475E-001, 0.00000000E+000, 1.89710112E-001, 1.89705326E-001
 2.93250000E+001,-4.42636549E-002, 3.90090327E-001, 5.02162657E-001,-3.44486025E-001, 0.00000000E+000, 1.89708506E-001, 1.89695336E-001
 2.94750000E+001,-4.44875136E-002, 3.90094709E-001, 5.02157153E-001,-3.44713575E-001, 0.00000000E+000, 1.89705908E-001, 1.89684764E-001
 2.96250000E+001,-4.47115597E-002, 3.90099300E-001, 5.02151374E-001,-3.44941125E-001, 0.00000000E+000, 1.89702366E-001, 1.89673641E-001
 2.97750000E+001,-4.49357832E-002, 3.90104090E-001, 5.02145334E-001,-3.45168675E-001, 0.00000000E+000, 1.89697927E-001, 1.89661994E-001
 2.99250000E+001,-4.51601690E-002, 3.90109061E-001, 5.02139037E-001,-3.45396225E-001, 0.00000000E+000, 1.89692635E-001, 1.89649849E-001
