   238.78151661247378      ,         200
X,ZB,H,U,ZF,QS,T1,CE
 7.50000000E-002,-1.60000747E-002, 4.02444792E-001, 5.09494342E-001,-3.00113775E-001, 0.00000000E+000, 2.21437609E-001, 2.45362024E+000
 2.25000000E-001,-1.61281525E-002, 4.02287793E-001, 5.09759862E-001,-3.00341325E-001, 0.00000000E+000, 2.32785854E-001, 2.44733173E+000
 3.75000000E-001,-1.63002037E-002, 4.02192048E-001, 5.09895160E-001,-3.00568875E-001, 0.00000000E+000, 2.44102307E-001, 2.45225133E+000
 5.25000000E-001,-1.80523847E-002, 4.03522680E-001, 5.09197146E-001,-3.00796425E-001, 0.00000000E+000, 2.55302677E-001, 2.44060913E+000
 6.75000000E-001,-3.19257118E-002, 4.16020740E-001, 5.01111001E-001,-3.01023975E-001, 0.00000000E+000, 2.65733634E-001, 2.30070855E+000
 8.25000000E-001,-4.47833933E-002, 4.29632035E-001, 4.84440831E-001,-3.01251525E-001, 0.00000000E+000, 2.74707171E-001, 2.02514820E+000
 9.75000000E-001,-5.73764528E-002, 4.42777714E-001, 4.69733551E-001,-3.01479075E-001, 0.00000000E+000, 2.82045996E-001, 1.71344413E+000
 1.12500000E+000,-7.04581780E-002, 4.56277571E-001, 4.55911684E-001,-3.01706625E-001, 0.00000000E+000, 2.88074530E-001, 1.46381293E+000
 1.27500000E+000,-8.38864238E-002, 4.70117725E-001, 4.42490386E-001,-3.01934175E-001, 0.00000000E+000, 2.93002137E-001, 1.25398413E+000
 1.42500000E+000,-9.75838639E-002, 4.84208307E-001, 4.29578592E-001,-3.02161725E-001, 0.00000000E+000, 2.96992171E-001, 1.07512171E+000
 1.57500000E+000,-1.11502843E-001, 4.98497262E-001, 4.17211932E-001,-3.02389275E-001, 0.00000000E+000, 3.00188226E-001, 9.23499444E-001
 1.72500000E+000,-1.25603267E-001, 5.12944062E-001, 4.05396116E-001,-3.02616825E-001, 0.00000000E+000, 3.02713118E-001, 7.95176650E-001
 1.87500000E+000,-1.39852294E-001, 5.27516164E-001, 3.94125124E-001,-3.02844375E-001, 0.00000000E+000, 3.04670735E-001, 6.86558777E-001
 2.02500000E+000,-1.51752101E-001, 5.39920248E-001, 3.84261538E-001,-3.03071925E-001, 0.00000000E+000, 3.06171512E-001, 5.99031546E-001
 2.17500000E+000,-1.51405026E-001, 5.40602223E-001, 3.79501989E-001,-3.03299475E-001, 0.00000000E+000, 3.07409193E-001, 5.49046990E-001
 2.32500000E+000,-1.51283922E-001, 5.40341692E-001, 3.79649883E-001,-3.03527025E-001, 0.00000000E+000, 3.08556029E-001, 5.32584492E-001
 2.47500000E+000,-1.51280721E-001, 5.40210606E-001, 3.79748725E-001,-3.03754575E-001, 0.00000000E+000, 3.09700967E-001, 5.33478343E-001
 2.62500000E+000,-1.51276943E-001, 5.40078799E-001, 3.79847916E-001,-3.03982125E-001, 0.00000000E+000, 3.10843067E-001, 5.34185653E-001
 2.77500000E+000,-1.51273209E-001, 5.39946954E-001, 3.79947198E-001,-3.04209675E-001, 0.00000000E+000, 3.11982358E-001, 5.34895349E-001
 2.92500000E+000,-1.51269515E-001, 5.39815066E-001, 3.80046573E-001,-3.04437225E-001, 0.00000000E+000, 3.13118863E-001, 5.35606446E-001
 3.07500000E+000,-1.51265862E-001, 5.39683137E-001, 3.80146040E-001,-3.04664775E-001, 0.00000000E+000, 3.14252604E-001, 5.36318952E-001
 3.22500000E+000,-1.51262250E-001, 5.39551165E-001, 3.80245599E-001,-3.04892325E-001, 0.00000000E+000, 3.15383606E-001, 5.37032870E-001
 3.37500000E+000,-1.51258678E-001, 5.39419150E-001, 3.80345252E-001,-3.05119875E-001, 0.00000000E+000, 3.16511892E-001, 5.37748207E-001
 3.52500000E+000,-1.51255145E-001, 5.39287091E-001, 3.80444997E-001,-3.05347425E-001, 0.00000000E+000, 3.17637483E-001, 5.38464968E-001
 3.67500000E+000,-1.51251653E-001, 5.39154990E-001, 3.80544837E-001,-3.05574975E-001, 0.00000000E+000, 3.18760402E-001, 5.39183156E-001
 3.82500000E+000,-1.51248201E-001, 5.39022844E-001, 3.80644770E-001,-3.05802525E-001, 0.00000000E+000, 3.19880673E-001, 5.39902778E-001
 3.97500000E+000,-1.51244788E-001, 5.38890655E-001, 3.80744798E-001,-3.06030075E-001, 0.00000000E+000, 3.20998317E-001, 5.40623838E-001
 4.12500000E+000,-1.51241414E-001, 5.38758421E-001, 3.80844920E-001,-3.06257625E-001, 0.00000000E+000, 3.22113358E-001, 5.41346341E-001
 4.27500000E+000,-1.51238079E-001, 5.38626142E-001, 3.80945138E-001,-3.06485175E-001, 0.00000000E+000, 3.23225817E-001, 5.42070293E-001
 4.42500000E+000,-1.51234783E-001, 5.38493818E-001, 3.81045450E-001,-3.06712725E-001, 0.00000000E+000, 3.24335717E-001, 5.42795699E-001
 4.57500000E+000,-1.51231525E-001, 5.38361449E-001, 3.81145860E-001,-3.06940275E-001, 0.00000000E+000, 3.25443080E-001, 5.43522567E-001
 4.72500000E+000,-1.51228299E-001, 5.38228797E-001, 3.81245394E-001,-3.07167825E-001, 0.00000000E+000, 3.26547918E-001, 5.44249070E-001
 4.87500000E+000,-1.51234232E-001, 5.38275384E-001, 3.82068714E-001,-3.07395375E-001, 0.00000000E+000, 3.27657206E-001, 5.46341932E-001
 5.02500000E+000,-1.48838777E-001, 5.36555219E-001, 3.87663021E-001,-3.07622925E-001, 0.00000000E+000, 3.28847191E-001, 5.63394861E-001
 5.17500000E+000,-1.34262276E-001, 5.21384170E-001, 3.99001039E-001,-3.07850475E-001, 0.00000000E+000, 3.30365748E-001, 6.29116875E-001
 5.32500000E+000,-1.19924130E-001, 5.06415010E-001, 4.10896353E-001,-3.08078025E-001, 0.00000000E+000, 3.32394870E-001, 7.30887205E-001
 5.47500000E+000,-1.05717216E-001, 4.91521076E-001, 4.23441152E-001,-3.08305575E-001, 0.00000000E+000, 3.35030237E-001, 8.51949736E-001
 5.62500000E+000,-9.16738665E-002, 4.76728850E-001, 4.36661175E-001,-3.08533125E-001, 0.00000000E+000, 3.38389521E-001, 9.96712851E-001
 5.77500000E+000,-7.78338598E-002, 4.62071804E-001, 4.50572572E-001,-3.08760675E-001, 0.00000000E+000, 3.42615179E-001, 1.17015185E+000
 5.92500000E+000,-6.42475072E-002, 4.47593823E-001, 4.65174987E-001,-3.08988225E-001, 0.00000000E+000, 3.47878879E-001, 1.37813166E+000
 6.07500000E+000,-5.09782923E-002, 4.33352092E-001, 4.80441464E-001,-3.09215775E-001, 0.00000000E+000, 3.54385695E-001, 1.62736274E+000
 6.22500000E+000,-3.81078717E-002, 4.19445432E-001, 4.96412116E-001,-3.09443325E-001, 0.00000000E+000, 3.62379764E-001, 1.92569130E+000
 6.37500000E+000,-2.55150427E-002, 4.04615571E-001, 5.07764911E-001,-3.09670875E-001, 0.00000000E+000, 3.72002994E-001, 2.25326211E+000
 6.52500000E+000,-2.41599866E-002, 4.02756680E-001, 5.09241980E-001,-3.09898425E-001, 0.00000000E+000, 3.82417048E-001, 2.41795824E+000
 6.67500000E+000,-2.45065574E-002, 4.02796006E-001, 5.09399660E-001,-3.10125975E-001, 0.00000000E+000, 3.92881958E-001, 2.43822574E+000
 6.82500000E+000,-2.46753296E-002, 4.02735364E-001, 5.09352774E-001,-3.10353525E-001, 0.00000000E+000, 4.03303828E-001, 2.44011756E+000
 6.97500000E+000,-2.48329705E-002, 4.02634056E-001, 5.09462381E-001,-3.10581075E-001, 0.00000000E+000, 4.13677907E-001, 2.44103594E+000
 7.12500000E+000,-2.49986254E-002, 4.02537851E-001, 5.09577787E-001,-3.10808625E-001, 0.00000000E+000, 4.24014232E-001, 2.44387978E+000
 7.27500000E+000,-2.51648873E-002, 4.02443402E-001, 5.09686444E-001,-3.11036175E-001, 0.00000000E+000, 4.34313018E-001, 2.44673166E+000
 7.42500000E+000,-2.53313399E-002, 4.02349067E-001, 5.09794833E-001,-3.11263725E-001, 0.00000000E+000, 4.44574019E-001, 2.44950117E+000
 7.57500000E+000,-2.54981816E-002, 4.02254952E-001, 5.09903209E-001,-3.11491275E-001, 0.00000000E+000, 4.54797401E-001, 2.45226873E+000
 7.72500000E+000,-2.56654164E-002, 4.02161093E-001, 5.10011401E-001,-3.11718825E-001, 0.00000000E+000, 4.64983335E-001, 2.45503583E+000
 7.87500000E+000,-2.58330382E-002, 4.02067487E-001, 5.10119406E-001,-3.11946375E-001, 0.00000000E+000, 4.75131982E-001, 2.45780036E+000
 8.02500000E+000,-2.60010449E-002, 4.01974132E-001, 5.10227231E-001,-3.12173925E-001, 0.00000000E+000, 4.85243502E-001, 2.46056237E+000
 8.17500000E+000,-2.61694344E-002, 4.01881024E-001, 5.10334877E-001,-3.12401475E-001, 0.00000000E+000, 4.95318055E-001, 2.46332193E+000
 8.32500000E+000,-2.63382049E-002, 4.01788163E-001, 5.10442347E-001,-3.12629025E-001, 0.00000000E+000, 5.05355800E-001, 2.46607908E+000
 8.47500000E+000,-2.65073541E-002, 4.01695546E-001, 5.10549641E-001,-3.12856575E-001, 0.00000000E+000, 5.15356896E-001, 2.46883385E+000
 8.62500000E+000,-2.66768801E-002, 4.01603172E-001, 5.10656763E-001,-3.13084125E-001, 0.00000000E+000, 5.25321501E-001, 2.47158627E+000
 8.77500000E+000,-2.68467809E-002, 4.01511038E-001, 5.10763713E-001,-3.13311675E-001, 0.00000000E+000, 5.35249773E-001, 2.47433639E+000
 8.92500000E+000,-2.70170545E-002, 4.01419142E-001, 5.10870494E-001,-3.13539225E-001, 0.00000000E+000, 5.45141870E-001, 2.47708425E+000
 9.07500000E+000,-2.71876988E-002, 4.01327484E-001, 5.10977107E-001,-3.13766775E-001, 0.00000000E+000, 5.54997948E-001, 2.47982987E+000
 9.22500000E+000,-2.73587119E-002, 4.01236060E-001, 5.11083555E-001,-3.13994325E-001, 0.00000000E+000, 5.64818162E-001, 2.48257330E+000
 9.37500000E+000,-2.75300918E-002, 4.01144869E-001, 5.11189839E-001,-3.14221875E-001, 0.00000000E+000, 5.74602670E-001, 2.48531457E+000
 9.52500000E+000,-2.77018366E-002, 4.01053910E-001, 5.11295961E-001,-3.14449425E-001, 0.00000000E+000, 5.84351626E-001, 2.48805372E+000
 9.67500000E+000,-2.78739443E-002, 4.00963179E-001, 5.11401923E-001,-3.14676975E-001, 0.00000000E+000, 5.94065185E-001, 2.49079078E+000
 9.82500000E+000,-2.80464129E-002, 4.00872676E-001, 5.11507726E-001,-3.14904525E-001, 0.00000000E+000, 6.03743501E-001, 2.49352580E+000
 9.97500000E+000,-2.82192406E-002, 4.00782399E-001, 5.11613374E-001,-3.15132075E-001, 0.00000000E+000, 6.13386727E-001, 2.49625881E+000
 1.01250000E+001,-2.83924254E-002, 4.00692345E-001, 5.11718866E-001,-3.15359625E-001, 0.00000000E+000, 6.22995019E-001, 2.49898984E+000
 1.02750000E+001,-2.85659654E-002, 4.00602513E-001, 5.11824206E-001,-3.15587175E-001, 0.00000000E+000, 6.32568527E-001, 2.50171894E+000
 1.04250000E+001,-2.87398587E-002, 4.00512901E-001, 5.11929394E-001,-3.15814725E-001, 0.00000000E+000, 6.42107404E-001, 2.50444614E+000
 1.05750000E+001,-2.89141035E-002, 4.00423508E-001, 5.12034434E-001,-3.16042275E-001, 0.00000000E+000, 6.51611803E-001, 2.50717147E+000
 1.07250000E+001,-2.90886978E-002, 4.00334331E-001, 5.12139326E-001,-3.16269825E-001, 0.00000000E+000, 6.61081874E-001, 2.50989498E+000
 1.08750000E+001,-2.92636398E-002, 4.00245369E-001, 5.12244072E-001,-3.16497375E-001, 0.00000000E+000, 6.70517768E-001, 2.51261670E+000
 1.10250000E+001,-2.94389276E-002, 4.00156620E-001, 5.12348674E-001,-3.16724925E-001, 0.00000000E+000, 6.79919636E-001, 2.51533667E+000
 1.11750000E+001,-2.96145594E-002, 4.00068082E-001, 5.12453135E-001,-3.16952475E-001, 0.00000000E+000, 6.89287627E-001, 2.51805492E+000
 1.13250000E+001,-2.97905334E-002, 3.99979753E-001, 5.12557455E-001,-3.17180025E-001, 0.00000000E+000, 6.98621892E-001, 2.52077150E+000
 1.14750000E+001,-2.99668477E-002, 3.99891632E-001, 5.12661636E-001,-3.17407575E-001, 0.00000000E+000, 7.07922578E-001, 2.52348643E+000
 1.16250000E+001,-3.01435006E-002, 3.99803717E-001, 5.12765681E-001,-3.17635125E-001, 0.00000000E+000, 7.17189835E-001, 2.52619976E+000
 1.17750000E+001,-3.03204901E-002, 3.99716006E-001, 5.12869590E-001,-3.17862675E-001, 0.00000000E+000, 7.26423810E-001, 2.52891152E+000
 1.19250000E+001,-3.04978145E-002, 3.99628498E-001, 5.12973366E-001,-3.18090225E-001, 0.00000000E+000, 7.35624651E-001, 2.53162175E+000
 1.20750000E+001,-3.06754721E-002, 3.99541190E-001, 5.13077011E-001,-3.18317775E-001, 0.00000000E+000, 7.44792505E-001, 2.53433049E+000
 1.22250000E+001,-3.08534610E-002, 3.99454082E-001, 5.13180525E-001,-3.18545325E-001, 0.00000000E+000, 7.53927519E-001, 2.53703777E+000
 1.23750000E+001,-3.10317795E-002, 3.99367170E-001, 5.13283912E-001,-3.18772875E-001, 0.00000000E+000, 7.63029839E-001, 2.53974364E+000
 1.25250000E+001,-3.12104258E-002, 3.99280455E-001, 5.13387172E-001,-3.19000425E-001, 0.00000000E+000, 7.72099610E-001, 2.54244812E+000
 1.26750000E+001,-3.13893983E-002, 3.99193933E-001, 5.13490308E-001,-3.19227975E-001, 0.00000000E+000, 7.81136977E-001, 2.54515126E+000
 1.28250000E+001,-3.15686950E-002, 3.99107603E-001, 5.13593320E-001,-3.19455525E-001, 0.00000000E+000, 7.90142087E-001, 2.54785309E+000
 1.29750000E+001,-3.17483143E-002, 3.99021464E-001, 5.13696212E-001,-3.19683075E-001, 0.00000000E+000, 7.99115082E-001, 2.55055365E+000
 1.31250000E+001,-3.19282546E-002, 3.98935514E-001, 5.13798983E-001,-3.19910625E-001, 0.00000000E+000, 8.08056107E-001, 2.55325298E+000
 1.32750000E+001,-3.21085140E-002, 3.98849752E-001, 5.13901637E-001,-3.20138175E-001, 0.00000000E+000, 8.16965305E-001, 2.55595111E+000
 1.34250000E+001,-3.22890909E-002, 3.98764174E-001, 5.14004175E-001,-3.20365725E-001, 0.00000000E+000, 8.25842819E-001, 2.55864809E+000
 1.35750000E+001,-3.24699836E-002, 3.98678781E-001, 5.14106598E-001,-3.20593275E-001, 0.00000000E+000, 8.34688792E-001, 2.56134395E+000
 1.37250000E+001,-3.26511905E-002, 3.98593570E-001, 5.14208909E-001,-3.20820825E-001, 0.00000000E+000, 8.43503366E-001, 2.56403872E+000
 1.38750000E+001,-3.28327097E-002, 3.98508540E-001, 5.14311109E-001,-3.21048375E-001, 0.00000000E+000, 8.52286682E-001, 2.56673244E+000
 1.40250000E+001,-3.30145398E-002, 3.98423688E-001, 5.14413199E-001,-3.21275925E-001, 0.00000000E+000, 8.61038882E-001, 2.56942516E+000
 1.41750000E+001,-3.31966790E-002, 3.98339015E-001, 5.14515181E-001,-3.21503475E-001, 0.00000000E+000, 8.69760106E-001, 2.57211690E+000
 1.43250000E+001,-3.33791257E-002, 3.98254517E-001, 5.14617057E-001,-3.21731025E-001, 0.00000000E+000, 8.78450495E-001, 2.57480771E+000
 1.44750000E+001,-3.35618782E-002, 3.98170193E-001, 5.14718829E-001,-3.21958575E-001, 0.00000000E+000, 8.87110188E-001, 2.57749763E+000
 1.46250000E+001,-3.37449350E-002, 3.98086042E-001, 5.14820498E-001,-3.22186125E-001, 0.00000000E+000, 8.95739326E-001, 2.58018668E+000
 1.47750000E+001,-3.39282944E-002, 3.98002062E-001, 5.14922066E-001,-3.22413675E-001, 0.00000000E+000, 9.04338047E-001, 2.58287491E+000
 1.49250000E+001,-3.41119548E-002, 3.97918251E-001, 5.15023534E-001,-3.22641225E-001, 0.00000000E+000, 9.12906490E-001, 2.58556236E+000
 1.50750000E+001,-3.42959146E-002, 3.97834609E-001, 5.15124904E-001,-3.22868775E-001, 0.00000000E+000, 9.21444792E-001, 2.58824906E+000
 1.52250000E+001,-3.44801722E-002, 3.97751133E-001, 5.15226179E-001,-3.23096325E-001, 0.00000000E+000, 9.29953093E-001, 2.59093504E+000
 1.53750000E+001,-3.46647261E-002, 3.97667821E-001, 5.15327358E-001,-3.23323875E-001, 0.00000000E+000, 9.38431528E-001, 2.59362036E+000
 1.55250000E+001,-3.48495747E-002, 3.97584673E-001, 5.15428445E-001,-3.23551425E-001, 0.00000000E+000, 9.46880236E-001, 2.59630504E+000
 1.56750000E+001,-3.50347164E-002, 3.97501686E-001, 5.15529440E-001,-3.23778975E-001, 0.00000000E+000, 9.55299351E-001, 2.59898912E+000
 1.58250000E+001,-3.52201496E-002, 3.97418860E-001, 5.15630345E-001,-3.24006525E-001, 0.00000000E+000, 9.63689012E-001, 2.60167264E+000
 1.59750000E+001,-3.54058729E-002, 3.97336193E-001, 5.15731163E-001,-3.24234075E-001, 0.00000000E+000, 9.72049352E-001, 2.60435563E+000
 1.61250000E+001,-3.55918847E-002, 3.97253682E-001, 5.15831893E-001,-3.24461625E-001, 0.00000000E+000, 9.80380508E-001, 2.60703814E+000
 1.62750000E+001,-3.57781834E-002, 3.97171327E-001, 5.15932539E-001,-3.24689175E-001, 0.00000000E+000, 9.88682614E-001, 2.60972021E+000
 1.64250000E+001,-3.59647675E-002, 3.97089126E-001, 5.16033101E-001,-3.24916725E-001, 0.00000000E+000, 9.96955804E-001, 2.61240186E+000
 1.65750000E+001,-3.61516356E-002, 3.97007078E-001, 5.16133582E-001,-3.25144275E-001, 0.00000000E+000, 1.00520021E+000, 2.61508313E+000
 1.67250000E+001,-3.63387861E-002, 3.96925181E-001, 5.16233982E-001,-3.25371825E-001, 0.00000000E+000, 1.01341597E+000, 2.61776408E+000
 1.68750000E+001,-3.65262175E-002, 3.96843434E-001, 5.16334304E-001,-3.25599375E-001, 0.00000000E+000, 1.02160322E+000, 2.62044472E+000
 1.70250000E+001,-3.67139283E-002, 3.96761834E-001, 5.16434549E-001,-3.25826925E-001, 0.00000000E+000, 1.02976209E+000, 2.62312510E+000
 1.71750000E+001,-3.69019171E-002, 3.96680382E-001, 5.16534718E-001,-3.26054475E-001, 0.00000000E+000, 1.03789270E+000, 2.62580526E+000
 1.73250000E+001,-3.70901824E-002, 3.96599074E-001, 5.16634813E-001,-3.26282025E-001, 0.00000000E+000, 1.04599520E+000, 2.62848523E+000
 1.74750000E+001,-3.72787228E-002, 3.96517911E-001, 5.16734836E-001,-3.26509575E-001, 0.00000000E+000, 1.05406971E+000, 2.63116506E+000
 1.76250000E+001,-3.74675367E-002, 3.96436889E-001, 5.16834789E-001,-3.26737125E-001, 0.00000000E+000, 1.06211637E+000, 2.63384478E+000
 1.77750000E+001,-3.76566227E-002, 3.96356008E-001, 5.16934671E-001,-3.26964675E-001, 0.00000000E+000, 1.07013530E+000, 2.63652442E+000
 1.79250000E+001,-3.78459794E-002, 3.96275267E-001, 5.17034487E-001,-3.27192225E-001, 0.00000000E+000, 1.07812664E+000, 2.63920403E+000
 1.80750000E+001,-3.80356054E-002, 3.96194664E-001, 5.17134236E-001,-3.27419775E-001, 0.00000000E+000, 1.08609051E+000, 2.64188364E+000
 1.82250000E+001,-3.82254992E-002, 3.96114197E-001, 5.17233920E-001,-3.27647325E-001, 0.00000000E+000, 1.09402705E+000, 2.64456329E+000
 1.83750000E+001,-3.84156594E-002, 3.96033865E-001, 5.17333542E-001,-3.27874875E-001, 0.00000000E+000, 1.10193639E+000, 2.64724302E+000
 1.85250000E+001,-3.86060847E-002, 3.95953667E-001, 5.17433102E-001,-3.28102425E-001, 0.00000000E+000, 1.10981865E+000, 2.64992286E+000
 1.86750000E+001,-3.87967735E-002, 3.95873601E-001, 5.17532602E-001,-3.28329975E-001, 0.00000000E+000, 1.11767396E+000, 2.65260286E+000
 1.88250000E+001,-3.89877247E-002, 3.95793666E-001, 5.17632043E-001,-3.28557525E-001, 0.00000000E+000, 1.12550245E+000, 2.65528305E+000
 1.89750000E+001,-3.91789366E-002, 3.95713860E-001, 5.17731427E-001,-3.28785075E-001, 0.00000000E+000, 1.13330424E+000, 2.65796347E+000
 1.91250000E+001,-3.93704081E-002, 3.95634183E-001, 5.17830756E-001,-3.29012625E-001, 0.00000000E+000, 1.14107948E+000, 2.66064416E+000
 1.92750000E+001,-3.95621376E-002, 3.95554632E-001, 5.17930031E-001,-3.29240175E-001, 0.00000000E+000, 1.14882827E+000, 2.66332515E+000
 1.94250000E+001,-3.97541239E-002, 3.95475206E-001, 5.18029254E-001,-3.29467725E-001, 0.00000000E+000, 1.15655075E+000, 2.66600648E+000
 1.95750000E+001,-3.99463657E-002, 3.95395905E-001, 5.18128425E-001,-3.29695275E-001, 0.00000000E+000, 1.16424705E+000, 2.66868819E+000
 1.97250000E+001,-4.01388614E-002, 3.95316725E-001, 5.18227547E-001,-3.29922825E-001, 0.00000000E+000, 1.17191728E+000, 2.67137033E+000
 1.98750000E+001,-4.03316100E-002, 3.95237667E-001, 5.18326621E-001,-3.30150375E-001, 0.00000000E+000, 1.17956158E+000, 2.67405291E+000
 2.00250000E+001,-4.05246099E-002, 3.95158729E-001, 5.18425649E-001,-3.30377925E-001, 0.00000000E+000, 1.18718008E+000, 2.67673599E+000
 2.01750000E+001,-4.07178599E-002, 3.95079909E-001, 5.18524632E-001,-3.30605475E-001, 0.00000000E+000, 1.19477288E+000, 2.67941961E+000
 2.03250000E+001,-4.09113588E-002, 3.95001207E-001, 5.18623571E-001,-3.30833025E-001, 0.00000000E+000, 1.20234012E+000, 2.68210379E+000
 2.04750000E+001,-4.11051050E-002, 3.94922620E-001, 5.18722468E-001,-3.31060575E-001, 0.00000000E+000, 1.20988193E+000, 2.68478858E+000
 2.06250000E+001,-4.12990975E-002, 3.94844147E-001, 5.18821324E-001,-3.31288125E-001, 0.00000000E+000, 1.21739842E+000, 2.68747401E+000
 2.07750000E+001,-4.14933349E-002, 3.94765788E-001, 5.18920141E-001,-3.31515675E-001, 0.00000000E+000, 1.22488972E+000, 2.69016013E+000
 2.09250000E+001,-4.16878158E-002, 3.94687541E-001, 5.19018921E-001,-3.31743225E-001, 0.00000000E+000, 1.23235595E+000, 2.69284696E+000
 2.10750000E+001,-4.18825392E-002, 3.94609403E-001, 5.19117664E-001,-3.31970775E-001, 0.00000000E+000, 1.23979724E+000, 2.69553456E+000
 2.12250000E+001,-4.20775035E-002, 3.94531376E-001, 5.19216373E-001,-3.32198325E-001, 0.00000000E+000, 1.24721370E+000, 2.69822295E+000
 2.13750000E+001,-4.22727078E-002, 3.94453455E-001, 5.19315048E-001,-3.32425875E-001, 0.00000000E+000, 1.25460546E+000, 2.70091218E+000
 2.15250000E+001,-4.24681505E-002, 3.94375642E-001, 5.19413692E-001,-3.32653425E-001, 0.00000000E+000, 1.26197264E+000, 2.70360228E+000
 2.16750000E+001,-4.26638306E-002, 3.94297934E-001, 5.19512305E-001,-3.32880975E-001, 0.00000000E+000, 1.26931536E+000, 2.70629329E+000
 2.18250000E+001,-4.28597468E-002, 3.94220329E-001, 5.19610889E-001,-3.33108525E-001, 0.00000000E+000, 1.27663374E+000, 2.70898524E+000
 2.19750000E+001,-4.30558978E-002, 3.94142828E-001, 5.19709445E-001,-3.33336075E-001, 0.00000000E+000, 1.28392789E+000, 2.71167819E+000
 2.21250000E+001,-4.32522825E-002, 3.94065428E-001, 5.19807975E-001,-3.33563625E-001, 0.00000000E+000, 1.29119795E+000, 2.71437216E+000
 2.22750000E+001,-4.34488996E-002, 3.93988127E-001, 5.19906481E-001,-3.33791175E-001, 0.00000000E+000, 1.29844403E+000, 2.71706719E+000
 2.24250000E+001,-4.36457478E-002, 3.93910926E-001, 5.20004963E-001,-3.34018725E-001, 0.00000000E+000, 1.30566624E+000, 2.71976332E+000
 2.25750000E+001,-4.38428261E-002, 3.93833823E-001, 5.20103424E-001,-3.34246275E-001, 0.00000000E+000, 1.31286472E+000, 2.72246059E+000
 2.27250000E+001,-4.40401332E-002, 3.93756815E-001, 5.20201864E-001,-3.34473825E-001, 0.00000000E+000, 1.32003957E+000, 2.72515904E+000
 2.28750000E+001,-4.42376680E-002, 3.93679903E-001, 5.20300285E-001,-3.34701375E-001, 0.00000000E+000, 1.32719091E+000, 2.72785870E+000
 2.30250000E+001,-4.44354291E-002, 3.93603085E-001, 5.20398688E-001,-3.34928925E-001, 0.00000000E+000, 1.33431886E+000, 2.73055962E+000
 2.31750000E+001,-4.46334156E-002, 3.93526359E-001, 5.20497075E-001,-3.35156475E-001, 0.00000000E+000, 1.34142354E+000, 2.73326182E+000
 2.33250000E+001,-4.48316261E-002, 3.93449725E-001, 5.20595447E-001,-3.35384025E-001, 0.00000000E+000, 1.34850507E+000, 2.73596536E+000
 2.34750000E+001,-4.50300596E-002, 3.93373181E-001, 5.20693806E-001,-3.35611575E-001, 0.00000000E+000, 1.35556356E+000, 2.73867026E+000
 2.36250000E+001,-4.52287149E-002, 3.93296725E-001, 5.20792153E-001,-3.35839125E-001, 0.00000000E+000, 1.36259913E+000, 2.74137657E+000
 2.37750000E+001,-4.54275908E-002, 3.93220358E-001, 5.20890489E-001,-3.36066675E-001, 0.00000000E+000, 1.36961190E+000, 2.74408432E+000
 2.39250000E+001,-4.56266863E-002, 3.93144076E-001, 5.20988815E-001,-3.36294225E-001, 0.00000000E+000, 1.37660197E+000, 2.74679356E+000
 2.40750000E+001,-4.58260001E-002, 3.93067881E-001, 5.21087134E-001,-3.36521775E-001, 0.00000000E+000, 1.38356947E+000, 2.74950431E+000
 2.42250000E+001,-4.60255311E-002, 3.92991769E-001, 5.21185446E-001,-3.36749325E-001, 0.00000000E+000, 1.39051451E+000, 2.75221662E+000
 2.43750000E+001,-4.62252783E-002, 3.92915740E-001, 5.21283754E-001,-3.36976875E-001, 0.00000000E+000, 1.39743721E+000, 2.75493054E+000
 2.45250000E+001,-4.64252406E-002, 3.92839792E-001, 5.21382057E-001,-3.37204425E-001, 0.00000000E+000, 1.40433767E+000, 2.75764608E+000
 2.46750000E+001,-4.66254167E-002, 3.92763926E-001, 5.21480358E-001,-3.37431975E-001, 0.00000000E+000, 1.41121602E+000, 2.76036330E+000
 2.48250000E+001,-4.68258056E-002, 3.92688138E-001, 5.21578658E-001,-3.37659525E-001, 0.00000000E+000, 1.41807237E+000, 2.76308223E+000
 2.49750000E+001,-4.70264063E-002, 3.92612429E-001, 5.21676958E-001,-3.37887075E-001, 0.00000000E+000, 1.42490682E+000, 2.76580292E+000
 2.51250000E+001,-4.72272176E-002, 3.92536796E-001, 5.21775260E-001,-3.38114625E-001, 0.00000000E+000, 1.43171950E+000, 2.76852539E+000
 2.52750000E+001,-4.74282384E-002, 3.92461239E-001, 5.21873564E-001,-3.38342175E-001, 0.00000000E+000, 1.43851052E+000, 2.77124969E+000
 2.54250000E+001,-4.76294677E-002, 3.92385757E-001, 5.21971874E-001,-3.38569725E-001, 0.00000000E+000, 1.44527998E+000, 2.77397585E+000
 2.55750000E+001,-4.78309044E-002, 3.92310348E-001, 5.22070188E-001,-3.38797275E-001, 0.00000000E+000, 1.45202801E+000, 2.77670392E+000
 2.57250000E+001,-4.80325475E-002, 3.92235012E-001, 5.22168510E-001,-3.39024825E-001, 0.00000000E+000, 1.45875470E+000, 2.77943394E+000
 2.58750000E+001,-4.82343959E-002, 3.92159746E-001, 5.22266841E-001,-3.39252375E-001, 0.00000000E+000, 1.46546019E+000, 2.78216593E+000
 2.60250000E+001,-4.84364485E-002, 3.92084551E-001, 5.22365181E-001,-3.39479925E-001, 0.00000000E+000, 1.47214456E+000, 2.78489994E+000
 2.61750000E+001,-4.86387044E-002, 3.92009424E-001, 5.22463532E-001,-3.39707475E-001, 0.00000000E+000, 1.47880794E+000, 2.78763602E+000
 2.63250000E+001,-4.88411624E-002, 3.91934365E-001, 5.22561895E-001,-3.39935025E-001, 0.00000000E+000, 1.48545044E+000, 2.79037419E+000
 2.64750000E+001,-4.90438215E-002, 3.91859373E-001, 5.22660273E-001,-3.40162575E-001, 0.00000000E+000, 1.49207216E+000, 2.79311450E+000
 2.66250000E+001,-4.92466808E-002, 3.91784446E-001, 5.22758665E-001,-3.40390125E-001, 0.00000000E+000, 1.49867321E+000, 2.79585698E+000
 2.67750000E+001,-4.94497391E-002, 3.91709583E-001, 5.22857073E-001,-3.40617675E-001, 0.00000000E+000, 1.50525372E+000, 2.79860167E+000
 2.69250000E+001,-4.96529956E-002, 3.91634784E-001, 5.22955500E-001,-3.40845225E-001, 0.00000000E+000, 1.51181377E+000, 2.80134862E+000
 2.70750000E+001,-4.98564491E-002, 3.91560046E-001, 5.23053945E-001,-3.41072775E-001, 0.00000000E+000, 1.51835349E+000, 2.80409786E+000
 2.72250000E+001,-5.00600987E-002, 3.91485370E-001, 5.23152411E-001,-3.41300325E-001, 0.00000000E+000, 1.52487298E+000, 2.80684943E+000
 2.73750000E+001,-5.02639434E-002, 3.91410753E-001, 5.23250898E-001,-3.41527875E-001, 0.00000000E+000, 1.53137235E+000, 2.80960337E+000
 2.75250000E+001,-5.04679822E-002, 3.91336195E-001, 5.23349408E-001,-3.41755425E-001, 0.00000000E+000, 1.53785171E+000, 2.81235971E+000
 2.76750000E+001,-5.06722142E-002, 3.91261695E-001, 5.23447943E-001,-3.41982975E-001, 0.00000000E+000, 1.54431117E+000, 2.81511851E+000
 2.78250000E+001,-5.08766382E-002, 3.91187251E-001, 5.23546502E-001,-3.42210525E-001, 0.00000000E+000, 1.55075082E+000, 2.81787978E+000
 2.79750000E+001,-5.10812535E-002, 3.91112862E-001, 5.23645089E-001,-3.42438075E-001, 0.00000000E+000, 1.55717079E+000, 2.82064359E+000
 2.81250000E+001,-5.12860590E-002, 3.91038528E-001, 5.23743704E-001,-3.42665625E-001, 0.00000000E+000, 1.56357117E+000, 2.82340996E+000
 2.82750000E+001,-5.14910537E-002, 3.90964247E-001, 5.23842348E-001,-3.42893175E-001, 0.00000000E+000, 1.56995208E+000, 2.82617893E+000
 2.84250000E+001,-5.16962367E-002, 3.90890019E-001, 5.23941023E-001,-3.43120725E-001, 0.00000000E+000, 1.57631361E+000, 2.82895054E+000
 2.85750000E+001,-5.19016071E-002, 3.90815841E-001, 5.24039730E-001,-3.43348275E-001, 0.00000000E+000, 1.58265588E+000, 2.83172483E+000
 2.87250000E+001,-5.21071639E-002, 3.90741714E-001, 5.24138470E-001,-3.43575825E-001, 0.00000000E+000, 1.58897899E+000, 2.83450185E+000
 2.88750000E+001,-5.23129062E-002, 3.90667635E-001, 5.24237245E-001,-3.43803375E-001, 0.00000000E+000, 1.59528305E+000, 2.83728162E+000
 2.90250000E+001,-5.25188331E-002, 3.90593605E-001, 5.24336056E-001,-3.44030925E-001, 0.00000000E+000, 1.60156816E+000, 2.84006419E+000
 2.91750000E+001,-5.27249436E-002, 3.90519621E-001, 5.24434904E-001,-3.44258475E-001, 0.00000000E+000, 1.60783442E+000, 2.84284960E+000
 2.93250000E+001,-5.29312368E-002, 3.90445683E-001, 5.24533790E-001,-3.44486025E-001, 0.00000000E+000, 1.61408194E+000, 2.84563789E+000
 2.94750000E+001,-5.31377118E-002, 3.90371790E-001, 5.24632715E-001,-3.44713575E-001, 0.00000000E+000, 1.62031083E+000, 2.84842909E+000
 2.96250000E+001,-5.33443677E-002, 3.90297940E-001, 5.24731682E-001,-3.44941125E-001, 0.00000000E+000, 1.62652118E+000, 2.85122326E+000
 2.97750000E+001,-5.35512037E-002, 3.90224133E-001, 5.24830691E-001,-3.45168675E-001, 0.00000000E+000, 1.63271310E+000, 2.85402041E+000
 2.99250000E+001,-5.37582179E-002, 3.90150364E-001, 5.24929725E-001,-3.45396225E-001, 0.00000000E+000, 1.63888670E+000, 2.85682049E+000
