   180.01943422951294      ,         200
X,ZB,H,U,ZF,QS,T1,CE
 7.50000000E-002, 3.96358886E-005, 3.86354430E-001, 5.09361542E-001,-3.00113775E-001, 0.00000000E+000, 0.00000000E+000, 1.95664385E+002
 2.25000000E-001,-5.49943364E-003, 3.90948491E-001, 5.08750576E-001,-3.00341325E-001, 0.00000000E+000, 2.10323819E+000, 1.95148121E+002
 3.75000000E-001,-2.03074148E-003, 3.87965839E-001, 5.10007157E-001,-3.00568875E-001, 0.00000000E+000, 1.95994406E+000, 1.95163407E+002
 5.25000000E-001, 1.85852509E-003, 3.83114578E-001, 5.13787208E-001,-3.00796425E-001, 0.00000000E+000, 2.01793775E+000, 1.98425586E+002
 6.75000000E-001,-1.45299184E-002, 3.97519480E-001, 5.05636374E-001,-3.01023975E-001, 0.00000000E+000, 1.91230531E+000, 1.95108807E+002
 8.25000000E-001,-2.06076709E-002, 4.06009119E-001, 4.89137320E-001,-3.01251525E-001, 0.00000000E+000, 0.00000000E+000, 1.78711349E+002
 9.75000000E-001,-2.35216920E-002, 4.09419239E-001, 4.82529270E-001,-3.01479075E-001, 0.00000000E+000, 0.00000000E+000, 1.64883281E+002
 1.12500000E+000,-4.72192160E-002, 4.31082434E-001, 4.69510876E-001,-3.01706625E-001, 0.00000000E+000, 0.00000000E+000, 1.53207442E+002
 1.27500000E+000,-6.20867038E-002, 4.47848304E-001, 4.47016182E-001,-3.01934175E-001, 0.00000000E+000, 0.00000000E+000, 1.33142604E+002
 1.42500000E+000,-8.30937699E-002, 4.68549803E-001, 4.29586379E-001,-3.02161725E-001, 0.00000000E+000, 1.01461387E+000, 1.12665580E+002
 1.57500000E+000,-9.39087994E-002, 4.80921693E-001, 4.14390074E-001,-3.02389275E-001, 0.00000000E+000, 7.85997425E-001, 9.70189829E+001
 1.72500000E+000,-1.16281221E-001, 5.02893295E-001, 4.00791582E-001,-3.02616825E-001, 0.00000000E+000, 0.00000000E+000, 8.42426177E+001
 1.87500000E+000,-1.27996516E-001, 5.16022971E-001, 3.86154565E-001,-3.02844375E-001, 0.00000000E+000, 0.00000000E+000, 7.30788802E+001
 2.02500000E+000,-1.44366197E-001, 5.32293329E-001, 3.75940439E-001,-3.03071925E-001, 0.00000000E+000, 0.00000000E+000, 6.40334763E+001
 2.17500000E+000,-1.46807332E-001, 5.36058781E-001, 3.68395126E-001,-3.03299475E-001, 0.00000000E+000, 0.00000000E+000, 5.80085219E+001
 2.32500000E+000,-1.50168816E-001, 5.39161053E-001, 3.66676666E-001,-3.03527025E-001, 0.00000000E+000, 4.22463636E-001, 5.50550725E+001
 2.47500000E+000,-1.49719914E-001, 5.39088588E-001, 3.65632457E-001,-3.03754575E-001, 0.00000000E+000,-5.14861123E-017, 5.41140496E+001
 2.62500000E+000,-1.49978534E-001, 5.39035029E-001, 3.65576695E-001,-3.03982125E-001, 0.00000000E+000, 4.13205784E-001, 5.38053062E+001
 2.77500000E+000,-1.49976000E-001, 5.39199711E-001, 3.66072443E-001,-3.04209675E-001, 0.00000000E+000, 5.14755017E-017, 5.38996185E+001
 2.92500000E+000,-1.48742763E-001, 5.37735033E-001, 3.66466349E-001,-3.04437225E-001, 0.00000000E+000, 5.16157102E-017, 5.41664417E+001
 3.07500000E+000,-1.49931713E-001, 5.38747489E-001, 3.66228287E-001,-3.04664775E-001, 0.00000000E+000, 0.00000000E+000, 5.42751260E+001
 3.22500000E+000,-1.49910223E-001, 5.38732282E-001, 3.65817707E-001,-3.04892325E-001, 0.00000000E+000, 0.00000000E+000, 5.40556711E+001
 3.37500000E+000,-1.49936184E-001, 5.38651529E-001, 3.65896049E-001,-3.05119875E-001, 0.00000000E+000, 0.00000000E+000, 5.39533668E+001
 3.52500000E+000,-1.49936174E-001, 5.38568547E-001, 3.65882810E-001,-3.05347425E-001, 0.00000000E+000, 0.00000000E+000, 5.40097090E+001
 3.67500000E+000,-1.51326169E-001, 5.39669478E-001, 3.65943936E-001,-3.05574975E-001, 0.00000000E+000, 4.12900363E-001, 5.40345440E+001
 3.82500000E+000,-1.50083829E-001, 5.38616321E-001, 3.66466017E-001,-3.05802525E-001, 0.00000000E+000, 0.00000000E+000, 5.41149940E+001
 3.97500000E+000,-1.48743129E-001, 5.37017671E-001, 3.66957052E-001,-3.06030075E-001, 0.00000000E+000, 0.00000000E+000, 5.44526061E+001
 4.12500000E+000,-1.49939101E-001, 5.38037789E-001, 3.66717609E-001,-3.06257625E-001, 0.00000000E+000, 5.15866658E-017, 5.45898220E+001
 4.27500000E+000,-1.49910728E-001, 5.38015159E-001, 3.66306480E-001,-3.06485175E-001, 0.00000000E+000, 0.00000000E+000, 5.43665102E+001
 4.42500000E+000,-1.49930524E-001, 5.37932107E-001, 3.66370732E-001,-3.06712725E-001, 0.00000000E+000, 0.00000000E+000, 5.42673741E+001
 4.57500000E+000,-1.49966243E-001, 5.37863417E-001, 3.66443739E-001,-3.06940275E-001, 0.00000000E+000,-5.16033899E-017, 5.43027632E+001
 4.72500000E+000,-1.49936560E-001, 5.37748608E-001, 3.66439243E-001,-3.07167825E-001, 0.00000000E+000, 0.00000000E+000, 5.43620820E+001
 4.87500000E+000,-1.51430317E-001, 5.39054192E-001, 3.66942706E-001,-3.07395375E-001, 0.00000000E+000, 4.17077235E-001, 5.45218379E+001
 5.02500000E+000,-1.48580474E-001, 5.37110349E-001, 3.71752383E-001,-3.07622925E-001, 0.00000000E+000,-5.16757416E-017, 5.60642302E+001
 5.17500000E+000,-1.34835192E-001, 5.22734383E-001, 3.81337814E-001,-3.07850475E-001, 0.00000000E+000, 0.00000000E+000, 6.08413958E+001
 5.32500000E+000,-1.22778643E-001, 5.10352168E-001, 3.91411768E-001,-3.08078025E-001, 0.00000000E+000, 0.00000000E+000, 6.78584014E+001
 5.47500000E+000,-1.08918333E-001, 4.95917280E-001, 4.02874879E-001,-3.08305575E-001, 0.00000000E+000, 0.00000000E+000, 7.59932773E+001
 5.62500000E+000,-9.51924847E-002, 4.81571789E-001, 4.14957282E-001,-3.08533125E-001, 0.00000000E+000, 0.00000000E+000, 8.55664492E+001
 5.77500000E+000,-8.16166422E-002, 4.67313093E-001, 4.27629369E-001,-3.08760675E-001, 0.00000000E+000, 0.00000000E+000, 9.63659300E+001
 5.92500000E+000,-6.83366292E-002, 4.53324909E-001, 4.41041206E-001,-3.08988225E-001, 0.00000000E+000, 0.00000000E+000, 1.08539872E+002
 6.07500000E+000,-5.49733661E-002, 4.38802752E-001, 4.53266087E-001,-3.09215775E-001, 0.00000000E+000, 0.00000000E+000, 1.21524888E+002
 6.22500000E+000,-4.66722150E-002, 4.30015276E-001, 4.65840989E-001,-3.09443325E-001, 0.00000000E+000, 1.30000406E+000, 1.34775659E+002
 6.37500000E+000,-3.14476887E-002, 4.14105159E-001, 4.83722903E-001,-3.09670875E-001, 0.00000000E+000, 0.00000000E+000, 1.51469848E+002
 6.52500000E+000,-1.79034554E-002, 3.98326534E-001, 4.95756265E-001,-3.09898425E-001, 0.00000000E+000, 0.00000000E+000, 1.69540437E+002
 6.67500000E+000,-1.55252975E-002, 3.95640340E-001, 4.99517472E-001,-3.10125975E-001, 0.00000000E+000, 0.00000000E+000, 1.79895841E+002
 6.82500000E+000,-1.26424493E-002, 3.92131272E-001, 5.02723727E-001,-3.10353525E-001, 0.00000000E+000, 0.00000000E+000, 1.84321099E+002
 6.97500000E+000,-1.16822596E-002, 3.90817016E-001, 5.04042346E-001,-3.10581075E-001, 0.00000000E+000, 0.00000000E+000, 1.87327734E+002
 7.12500000E+000,-1.12848080E-002, 3.90138527E-001, 5.04803448E-001,-3.10808625E-001, 0.00000000E+000, 0.00000000E+000, 1.88675887E+002
 7.27500000E+000,-1.10527685E-002, 3.89668202E-001, 5.05113030E-001,-3.11036175E-001, 0.00000000E+000, 0.00000000E+000, 1.89569677E+002
 7.42500000E+000,-1.91518711E-002, 3.97138876E-001, 5.05866133E-001,-3.11263725E-001, 0.00000000E+000, 2.01645263E+000, 1.90244882E+002
 7.57500000E+000,-1.02603886E-002, 3.87792956E-001, 5.07796382E-001,-3.11491275E-001, 0.00000000E+000, 1.92424133E+000, 1.91522888E+002
 7.72500000E+000,-1.34603389E-002, 3.91157390E-001, 5.07192901E-001,-3.11718825E-001, 0.00000000E+000, 0.00000000E+000, 1.92135495E+002
 7.87500000E+000,-1.18616152E-002, 3.88968435E-001, 5.05643546E-001,-3.11946375E-001, 0.00000000E+000, 2.08513818E+000, 1.91461015E+002
 8.02500000E+000,-1.39337978E-002, 3.90865985E-001, 5.06333156E-001,-3.12173925E-001, 0.00000000E+000, 1.90372345E+000, 1.90982232E+002
 8.17500000E+000,-1.20508872E-002, 3.88753895E-001, 5.06378592E-001,-3.12401475E-001, 0.00000000E+000, 1.91493345E+000, 1.91068752E+002
 8.32500000E+000,-1.22206384E-002, 3.88640625E-001, 5.06830769E-001,-3.12629025E-001, 0.00000000E+000, 1.91892055E+000, 1.91410791E+002
 8.47500000E+000,-1.20940338E-002, 3.88787269E-001, 5.06967731E-001,-3.12856575E-001, 0.00000000E+000, 0.00000000E+000, 1.91377366E+002
 8.62500000E+000,-1.62028245E-002, 3.93046596E-001, 5.08382131E-001,-3.13084125E-001, 0.00000000E+000, 0.00000000E+000, 1.92364199E+002
 8.77500000E+000,-8.59364066E-003, 3.84581432E-001, 5.11951784E-001,-3.13311675E-001, 0.00000000E+000, 0.00000000E+000, 1.95979275E+002
 8.92500000E+000,-1.25513064E-002, 3.87914252E-001, 5.10008123E-001,-3.13539225E-001, 0.00000000E+000, 2.86203206E-016, 1.97373709E+002
 9.07500000E+000,-2.03820356E-002, 3.95589351E-001, 5.06291401E-001,-3.13766775E-001, 0.00000000E+000, 2.06537567E+000, 1.93706788E+002
 9.22500000E+000,-1.37251741E-002, 3.89096687E-001, 5.07975168E-001,-3.13994325E-001, 0.00000000E+000, 1.92195338E+000, 1.91938285E+002
 9.37500000E+000,-1.03982415E-002, 3.85585221E-001, 5.10922903E-001,-3.14221875E-001, 0.00000000E+000, 0.00000000E+000, 1.94586319E+002
 9.52500000E+000,-1.28773437E-002, 3.87497672E-001, 5.09546317E-001,-3.14449425E-001, 0.00000000E+000, 0.00000000E+000, 1.95987088E+002
 9.67500000E+000,-1.30775713E-002, 3.87884224E-001, 5.07653625E-001,-3.14676975E-001, 0.00000000E+000, 0.00000000E+000, 1.94181157E+002
 9.82500000E+000,-1.38795579E-002, 3.88390325E-001, 5.07373718E-001,-3.14904525E-001, 0.00000000E+000, 0.00000000E+000, 1.92716473E+002
 9.97500000E+000,-1.48614739E-002, 3.89172146E-001, 5.06492231E-001,-3.15132075E-001, 0.00000000E+000, 0.00000000E+000, 1.91954695E+002
 1.01250000E+001,-1.50629811E-002, 3.89284738E-001, 5.05849508E-001,-3.15359625E-001, 0.00000000E+000, 0.00000000E+000, 1.90966935E+002
 1.02750000E+001,-1.54305774E-002, 3.89410796E-001, 5.05803088E-001,-3.15587175E-001, 0.00000000E+000, 0.00000000E+000, 1.90531352E+002
 1.04250000E+001,-1.57414375E-002, 3.89515118E-001, 5.05636180E-001,-3.15814725E-001, 0.00000000E+000, 0.00000000E+000, 1.90386654E+002
 1.05750000E+001,-1.59712957E-002, 3.89536937E-001, 5.05558281E-001,-3.16042275E-001, 0.00000000E+000, 0.00000000E+000, 1.90229502E+002
 1.07250000E+001,-1.62157163E-002, 3.89557774E-001, 5.05542808E-001,-3.16269825E-001, 0.00000000E+000, 0.00000000E+000, 1.90169720E+002
 1.08750000E+001,-1.64497608E-002, 3.89571897E-001, 5.05519358E-001,-3.16497375E-001, 0.00000000E+000, 0.00000000E+000, 1.90143855E+002
 1.10250000E+001,-1.66779621E-002, 3.89578990E-001, 5.05507669E-001,-3.16724925E-001, 0.00000000E+000, 0.00000000E+000, 1.90121165E+002
 1.11750000E+001,-1.69068467E-002, 3.89585681E-001, 5.05500544E-001,-3.16952475E-001, 0.00000000E+000, 0.00000000E+000, 1.90108861E+002
 1.13250000E+001,-1.71347419E-002, 3.89591591E-001, 5.05493137E-001,-3.17180025E-001, 0.00000000E+000, 0.00000000E+000, 1.90099236E+002
 1.14750000E+001,-1.73622934E-002, 3.89597000E-001, 5.05486591E-001,-3.17407575E-001, 0.00000000E+000, 0.00000000E+000, 1.90090033E+002
 1.16250000E+001,-1.75898534E-002, 3.89602331E-001, 5.05480166E-001,-3.17635125E-001, 0.00000000E+000, 0.00000000E+000, 1.90081455E+002
 1.17750000E+001,-1.78173452E-002, 3.89607576E-001, 5.05473595E-001,-3.17862675E-001, 0.00000000E+000, 0.00000000E+000, 1.90072870E+002
 1.19250000E+001,-1.80448189E-002, 3.89612766E-001, 5.05466928E-001,-3.18090225E-001, 0.00000000E+000, 0.00000000E+000, 1.90064147E+002
 1.20750000E+001,-1.82722909E-002, 3.89617927E-001, 5.05460126E-001,-3.18317775E-001, 0.00000000E+000, 0.00000000E+000, 1.90055293E+002
 1.22250000E+001,-1.84997587E-002, 3.89623065E-001, 5.05453193E-001,-3.18545325E-001, 0.00000000E+000, 0.00000000E+000, 1.90046288E+002
 1.23750000E+001,-1.87272254E-002, 3.89628187E-001, 5.05446149E-001,-3.18772875E-001, 0.00000000E+000, 0.00000000E+000, 1.90037149E+002
 1.25250000E+001,-1.89546914E-002, 3.89633300E-001, 5.05439010E-001,-3.19000425E-001, 0.00000000E+000, 0.00000000E+000, 1.90027898E+002
 1.26750000E+001,-1.91821569E-002, 3.89638407E-001, 5.05431794E-001,-3.19227975E-001, 0.00000000E+000, 0.00000000E+000, 1.90018552E+002
 1.28250000E+001,-1.94096218E-002, 3.89643511E-001, 5.05424512E-001,-3.19455525E-001, 0.00000000E+000, 0.00000000E+000, 1.90009122E+002
 1.29750000E+001,-1.96370864E-002, 3.89648605E-001, 5.05417166E-001,-3.19683075E-001, 0.00000000E+000, 0.00000000E+000, 1.89999604E+002
 1.31250000E+001,-1.98645505E-002, 3.89653680E-001, 5.05409745E-001,-3.19910625E-001, 0.00000000E+000, 0.00000000E+000, 1.89989981E+002
 1.32750000E+001,-2.00920142E-002, 3.89658720E-001, 5.05402228E-001,-3.20138175E-001, 0.00000000E+000, 0.00000000E+000, 1.89980226E+002
 1.34250000E+001,-2.03194775E-002, 3.89663704E-001, 5.05394589E-001,-3.20365725E-001, 0.00000000E+000, 0.00000000E+000, 1.89970302E+002
 1.35750000E+001,-2.05469405E-002, 3.89668616E-001, 5.05386800E-001,-3.20593275E-001, 0.00000000E+000, 0.00000000E+000, 1.89960182E+002
 1.37250000E+001,-2.07744033E-002, 3.89673444E-001, 5.05378852E-001,-3.20820825E-001, 0.00000000E+000, 0.00000000E+000, 1.89949861E+002
 1.38750000E+001,-2.10018658E-002, 3.89678192E-001, 5.05370762E-001,-3.21048375E-001, 0.00000000E+000, 0.00000000E+000, 1.89939367E+002
 1.40250000E+001,-2.12293275E-002, 3.89682875E-001, 5.05362586E-001,-3.21275925E-001, 0.00000000E+000, 0.00000000E+000, 1.89928778E+002
 1.41750000E+001,-2.14567937E-002, 3.89687532E-001, 5.05354419E-001,-3.21503475E-001, 0.00000000E+000, 0.00000000E+000, 1.89918218E+002
 1.43250000E+001,-2.16842223E-002, 3.89692170E-001, 5.05346414E-001,-3.21731025E-001, 0.00000000E+000, 0.00000000E+000, 1.89907852E+002
 1.44750000E+001,-2.19119343E-002, 3.89697139E-001, 5.05338498E-001,-3.21958575E-001, 0.00000000E+000, 0.00000000E+000, 1.89897819E+002
 1.46250000E+001,-2.21374729E-002, 3.89700211E-001, 5.05332429E-001,-3.22186125E-001, 0.00000000E+000, 0.00000000E+000, 1.89888534E+002
 1.47750000E+001,-2.23796447E-002, 3.89718873E-001, 5.05315744E-001,-3.22413675E-001, 0.00000000E+000, 0.00000000E+000, 1.89878073E+002
 1.49250000E+001,-2.24944968E-002, 3.89619614E-001, 5.05384551E-001,-3.22641225E-001, 0.00000000E+000, 0.00000000E+000, 1.89881907E+002
 1.50750000E+001,-2.71453860E-002, 3.93972909E-001, 5.04735856E-001,-3.22868775E-001, 0.00000000E+000, 0.00000000E+000, 1.89490362E+002
 1.52250000E+001,-2.42941163E-002, 3.90538596E-001, 5.03731352E-001,-3.23096325E-001, 0.00000000E+000, 2.03442401E+000, 1.88823085E+002
 1.53750000E+001,-2.54502585E-002, 3.91425444E-001, 5.03778998E-001,-3.23323875E-001, 0.00000000E+000, 1.87258527E+000, 1.88127326E+002
 1.55250000E+001,-2.54450149E-002, 3.91326801E-001, 5.03207333E-001,-3.23551425E-001, 0.00000000E+000, 1.86400808E+000, 1.87218435E+002
 1.56750000E+001,-2.55670065E-002, 3.92222830E-001, 5.05576581E-001,-3.23778975E-001, 0.00000000E+000, 0.00000000E+000, 1.88200187E+002
 1.58250000E+001,-2.13136701E-002, 3.86345254E-001, 5.09209791E-001,-3.24006525E-001, 0.00000000E+000, 2.10650820E+000, 1.92584181E+002
 1.59750000E+001,-2.38930846E-002, 3.89384849E-001, 5.10469923E-001,-3.24234075E-001, 0.00000000E+000, 0.00000000E+000, 1.95428543E+002
 1.61250000E+001,-2.01153693E-002, 3.85171275E-001, 5.11000242E-001,-3.24461625E-001, 0.00000000E+000,-2.88241387E-016, 1.96446961E+002
 1.62750000E+001,-2.36382461E-002, 3.88096618E-001, 5.09593649E-001,-3.24689175E-001, 0.00000000E+000, 0.00000000E+000, 1.96405148E+002
 1.64250000E+001,-2.43161224E-002, 3.89074345E-001, 5.06439498E-001,-3.24916725E-001, 0.00000000E+000, 0.00000000E+000, 1.93293184E+002
 1.65750000E+001,-2.46701037E-002, 3.89268900E-001, 5.05993811E-001,-3.25144275E-001, 0.00000000E+000, 0.00000000E+000, 1.91035120E+002
 1.67250000E+001,-2.51941458E-002, 3.89560506E-001, 5.05733754E-001,-3.25371825E-001, 0.00000000E+000, 0.00000000E+000, 1.90568773E+002
 1.68750000E+001,-2.54928249E-002, 3.89681095E-001, 5.05437188E-001,-3.25599375E-001, 0.00000000E+000, 0.00000000E+000, 1.90206443E+002
 1.70250000E+001,-2.57417432E-002, 3.89718199E-001, 5.05361435E-001,-3.25826925E-001, 0.00000000E+000, 0.00000000E+000, 1.89969944E+002
 1.71750000E+001,-2.59935764E-002, 3.89749533E-001, 5.05326873E-001,-3.26054475E-001, 0.00000000E+000, 0.00000000E+000, 1.89898572E+002
 1.73250000E+001,-2.62279835E-002, 3.89765840E-001, 5.05297880E-001,-3.26282025E-001, 0.00000000E+000, 0.00000000E+000, 1.89856984E+002
 1.74750000E+001,-2.64580480E-002, 3.89775233E-001, 5.05285801E-001,-3.26509575E-001, 0.00000000E+000, 0.00000000E+000, 1.89830384E+002
 1.76250000E+001,-2.66873716E-002, 3.89783177E-001, 5.05277378E-001,-3.26737125E-001, 0.00000000E+000, 0.00000000E+000, 1.89816765E+002
 1.77750000E+001,-2.69153802E-002, 3.89789760E-001, 5.05269728E-001,-3.26964675E-001, 0.00000000E+000, 0.00000000E+000, 1.89805994E+002
 1.79250000E+001,-2.71430769E-002, 3.89795768E-001, 5.05262827E-001,-3.27192225E-001, 0.00000000E+000, 0.00000000E+000, 1.89796241E+002
 1.80750000E+001,-2.73706522E-002, 3.89801539E-001, 5.05255691E-001,-3.27419775E-001, 0.00000000E+000, 0.00000000E+000, 1.89786835E+002
 1.82250000E+001,-2.75981389E-002, 3.89807132E-001, 5.05248145E-001,-3.27647325E-001, 0.00000000E+000, 0.00000000E+000, 1.89777052E+002
 1.83750000E+001,-2.78256039E-002, 3.89812613E-001, 5.05240148E-001,-3.27874875E-001, 0.00000000E+000, 0.00000000E+000, 1.89766760E+002
 1.85250000E+001,-2.80530573E-002, 3.89818007E-001, 5.05231670E-001,-3.28102425E-001, 0.00000000E+000, 0.00000000E+000, 1.89755919E+002
 1.86750000E+001,-2.82805052E-002, 3.89823328E-001, 5.05222744E-001,-3.28329975E-001, 0.00000000E+000, 0.00000000E+000, 1.89744534E+002
 1.88250000E+001,-2.85079512E-002, 3.89828589E-001, 5.05213418E-001,-3.28557525E-001, 0.00000000E+000, 0.00000000E+000, 1.89732657E+002
 1.89750000E+001,-2.87353960E-002, 3.89833801E-001, 5.05203746E-001,-3.28785075E-001, 0.00000000E+000, 0.00000000E+000, 1.89720355E+002
 1.91250000E+001,-2.89628401E-002, 3.89838978E-001, 5.05193794E-001,-3.29012625E-001, 0.00000000E+000, 0.00000000E+000, 1.89707702E+002
 1.92750000E+001,-2.91902835E-002, 3.89844131E-001, 5.05183629E-001,-3.29240175E-001, 0.00000000E+000, 0.00000000E+000, 1.89694780E+002
 1.94250000E+001,-2.94177264E-002, 3.89849274E-001, 5.05173321E-001,-3.29467725E-001, 0.00000000E+000, 0.00000000E+000, 1.89681674E+002
 1.95750000E+001,-2.96451687E-002, 3.89854421E-001, 5.05162943E-001,-3.29695275E-001, 0.00000000E+000, 0.00000000E+000, 1.89668470E+002
 1.97250000E+001,-2.98726104E-002, 3.89859584E-001, 5.05152565E-001,-3.29922825E-001, 0.00000000E+000, 0.00000000E+000, 1.89655254E+002
 1.98750000E+001,-3.01000515E-002, 3.89864776E-001, 5.05142256E-001,-3.30150375E-001, 0.00000000E+000, 0.00000000E+000, 1.89642108E+002
 2.00250000E+001,-3.03274919E-002, 3.89870009E-001, 5.05132080E-001,-3.30377925E-001, 0.00000000E+000, 0.00000000E+000, 1.89629110E+002
 2.01750000E+001,-3.05549317E-002, 3.89875292E-001, 5.05122092E-001,-3.30605475E-001, 0.00000000E+000, 0.00000000E+000, 1.89616328E+002
 2.03250000E+001,-3.07823708E-002, 3.89880632E-001, 5.05112341E-001,-3.30833025E-001, 0.00000000E+000, 0.00000000E+000, 1.89603820E+002
 2.04750000E+001,-3.10098092E-002, 3.89886035E-001, 5.05102864E-001,-3.31060575E-001, 0.00000000E+000, 0.00000000E+000, 1.89591633E+002
 2.06250000E+001,-3.12372469E-002, 3.89891504E-001, 5.05093686E-001,-3.31288125E-001, 0.00000000E+000, 0.00000000E+000, 1.89579799E+002
 2.07750000E+001,-3.14646839E-002, 3.89897038E-001, 5.05084822E-001,-3.31515675E-001, 0.00000000E+000, 0.00000000E+000, 1.89568335E+002
 2.09250000E+001,-3.16921202E-002, 3.89902636E-001, 5.05076271E-001,-3.31743225E-001, 0.00000000E+000, 0.00000000E+000, 1.89557245E+002
 2.10750000E+001,-3.19195558E-002, 3.89908291E-001, 5.05068027E-001,-3.31970775E-001, 0.00000000E+000, 0.00000000E+000, 1.89546518E+002
 2.12250000E+001,-3.21469907E-002, 3.89913996E-001, 5.05060072E-001,-3.32198325E-001, 0.00000000E+000, 0.00000000E+000, 1.89536136E+002
 2.13750000E+001,-3.23744250E-002, 3.89919744E-001, 5.05052381E-001,-3.32425875E-001, 0.00000000E+000, 0.00000000E+000, 1.89526070E+002
 2.15250000E+001,-3.26018581E-002, 3.89925525E-001, 5.05044926E-001,-3.32653425E-001, 0.00000000E+000, 0.00000000E+000, 1.89516288E+002
 2.16750000E+001,-3.28292946E-002, 3.89931332E-001, 5.05037682E-001,-3.32880975E-001, 0.00000000E+000, 0.00000000E+000, 1.89506747E+002
 2.18250000E+001,-3.30566996E-002, 3.89937139E-001, 5.05030556E-001,-3.33108525E-001, 0.00000000E+000, 0.00000000E+000, 1.89497457E+002
 2.19750000E+001,-3.32843395E-002, 3.89943058E-001, 5.05023975E-001,-3.33336075E-001, 0.00000000E+000, 0.00000000E+000, 1.89488005E+002
 2.21250000E+001,-3.35101842E-002, 3.89948171E-001, 5.05014388E-001,-3.33563625E-001, 0.00000000E+000, 0.00000000E+000, 1.89481209E+002
 2.22750000E+001,-3.37497095E-002, 3.89959398E-001, 5.05028655E-001,-3.33791175E-001, 0.00000000E+000, 0.00000000E+000, 1.89455230E+002
 2.24250000E+001,-3.38849918E-002, 3.89924069E-001, 5.04860958E-001,-3.34018725E-001, 0.00000000E+000, 0.00000000E+000, 1.89576534E+002
 2.25750000E+001,-3.83163140E-002, 3.93289779E-001, 5.03806494E-001,-3.34246275E-001, 0.00000000E+000, 2.02180861E+000, 1.88810473E+002
 2.27250000E+001,-3.64265143E-002, 3.92260723E-001, 5.02196408E-001,-3.34473825E-001, 0.00000000E+000, 0.00000000E+000, 1.86648230E+002
 2.28750000E+001,-3.77257289E-002, 3.93122500E-001, 5.04460976E-001,-3.34701375E-001, 0.00000000E+000, 2.01618757E+000, 1.87163581E+002
 2.30250000E+001,-3.18261247E-002, 3.86849373E-001, 5.09253441E-001,-3.34928925E-001, 0.00000000E+000, 0.00000000E+000, 1.91697155E+002
 2.31750000E+001,-3.71558221E-002, 3.91022704E-001, 5.07479284E-001,-3.35156475E-001, 0.00000000E+000, 2.10046353E+000, 1.93900026E+002
 2.33250000E+001,-3.50947824E-002, 3.89251810E-001, 5.05956761E-001,-3.35384025E-001, 0.00000000E+000, 1.91917804E+000, 1.91737532E+002
 2.34750000E+001,-3.90681032E-002, 3.93960386E-001, 5.08716550E-001,-3.35611575E-001, 0.00000000E+000, 0.00000000E+000, 1.91524654E+002
 2.36250000E+001,-3.00114220E-002, 3.83844452E-001, 5.12674919E-001,-3.35839125E-001, 0.00000000E+000, 0.00000000E+000, 1.96532017E+002
 2.37750000E+001,-4.32645906E-002, 3.95581462E-001, 5.09731943E-001,-3.36066675E-001, 0.00000000E+000, 2.10455108E+000, 1.97567555E+002
 2.39250000E+001,-3.64120040E-002, 3.90946357E-001, 5.08408907E-001,-3.36294225E-001, 0.00000000E+000, 0.00000000E+000, 1.93814049E+002
 2.40750000E+001,-2.95870638E-002, 3.82571600E-001, 5.14453549E-001,-3.36521775E-001, 0.00000000E+000, 0.00000000E+000, 1.97411270E+002
 2.42250000E+001,-3.63532311E-002, 3.88509301E-001, 5.11869551E-001,-3.36749325E-001, 0.00000000E+000,-2.85764851E-016, 2.00107464E+002
 2.43750000E+001,-3.53128987E-002, 3.88224458E-001, 5.07087999E-001,-3.36976875E-001, 0.00000000E+000, 0.00000000E+000, 1.95124754E+002
 2.45250000E+001,-3.61312776E-002, 3.88715140E-001, 5.06997643E-001,-3.37204425E-001, 0.00000000E+000, 0.00000000E+000, 1.92124985E+002
 2.46750000E+001,-3.71747651E-002, 3.89551867E-001, 5.06060690E-001,-3.37431975E-001, 0.00000000E+000, 0.00000000E+000, 1.91413695E+002
 2.48250000E+001,-3.73776721E-002, 3.89675541E-001, 5.05358095E-001,-3.37659525E-001, 0.00000000E+000, 0.00000000E+000, 1.90358893E+002
 2.49750000E+001,-3.77330011E-002, 3.89790441E-001, 5.05309842E-001,-3.37887075E-001, 0.00000000E+000, 0.00000000E+000, 1.89885963E+002
 2.51250000E+001,-3.80368191E-002, 3.89886411E-001, 5.05153058E-001,-3.38114625E-001, 0.00000000E+000, 0.00000000E+000, 1.89748890E+002
 2.52750000E+001,-3.82664900E-002, 3.89907199E-001, 5.05077952E-001,-3.38342175E-001, 0.00000000E+000, 0.00000000E+000, 1.89600930E+002
 2.54250000E+001,-3.85078742E-002, 3.89925796E-001, 5.05061117E-001,-3.38569725E-001, 0.00000000E+000, 0.00000000E+000, 1.89542637E+002
 2.55750000E+001,-3.87407702E-002, 3.89938927E-001, 5.05038011E-001,-3.38797275E-001, 0.00000000E+000, 0.00000000E+000, 1.89516509E+002
 2.57250000E+001,-3.89687759E-002, 3.89946260E-001, 5.05024554E-001,-3.39024825E-001, 0.00000000E+000, 0.00000000E+000, 1.89493121E+002
 2.58750000E+001,-3.91972608E-002, 3.89953219E-001, 5.05014940E-001,-3.39252375E-001, 0.00000000E+000, 0.00000000E+000, 1.89478297E+002
 2.60250000E+001,-3.94250035E-002, 3.89959628E-001, 5.05005116E-001,-3.39479925E-001, 0.00000000E+000, 0.00000000E+000, 1.89465738E+002
 2.61750000E+001,-3.96524789E-002, 3.89965694E-001, 5.04995927E-001,-3.39707475E-001, 0.00000000E+000, 0.00000000E+000, 1.89453483E+002
 2.63250000E+001,-3.98799566E-002, 3.89971732E-001, 5.04986850E-001,-3.39935025E-001, 0.00000000E+000, 0.00000000E+000, 1.89441690E+002
 2.64750000E+001,-4.01073866E-002, 3.89977732E-001, 5.04977713E-001,-3.40162575E-001, 0.00000000E+000, 0.00000000E+000, 1.89429916E+002
 2.66250000E+001,-4.03348032E-002, 3.89983705E-001, 5.04968599E-001,-3.40390125E-001, 0.00000000E+000, 0.00000000E+000, 1.89418105E+002
 2.67750000E+001,-4.05622180E-002, 3.89989651E-001, 5.04959535E-001,-3.40617675E-001, 0.00000000E+000, 0.00000000E+000, 1.89406320E+002
 2.69250000E+001,-4.07896298E-002, 3.89995561E-001, 5.04950577E-001,-3.40845225E-001, 0.00000000E+000, 0.00000000E+000, 1.89394616E+002
 2.70750000E+001,-4.10170405E-002, 3.90001424E-001, 5.04941779E-001,-3.41072775E-001, 0.00000000E+000, 0.00000000E+000, 1.89383066E+002
 2.72250000E+001,-4.12444506E-002, 3.90007238E-001, 5.04933171E-001,-3.41300325E-001, 0.00000000E+000, 0.00000000E+000, 1.89371731E+002
 2.73750000E+001,-4.14718600E-002, 3.90013002E-001, 5.04924759E-001,-3.41527875E-001, 0.00000000E+000, 0.00000000E+000, 1.89360643E+002
 2.75250000E+001,-4.16992689E-002, 3.90018726E-001, 5.04916520E-001,-3.41755425E-001, 0.00000000E+000, 0.00000000E+000, 1.89349800E+002
 2.76750000E+001,-4.19266772E-002, 3.90024421E-001, 5.04908411E-001,-3.41982975E-001, 0.00000000E+000, 0.00000000E+000, 1.89339167E+002
 2.78250000E+001,-4.21540850E-002, 3.90030101E-001, 5.04900381E-001,-3.42210525E-001, 0.00000000E+000, 0.00000000E+000, 1.89328686E+002
 2.79750000E+001,-4.23814922E-002, 3.90035780E-001, 5.04892384E-001,-3.42438075E-001, 0.00000000E+000, 0.00000000E+000, 1.89318296E+002
 2.81250000E+001,-4.26088987E-002, 3.90041467E-001, 5.04884394E-001,-3.42665625E-001, 0.00000000E+000, 0.00000000E+000, 1.89307943E+002
 2.82750000E+001,-4.28363046E-002, 3.90047166E-001, 5.04876410E-001,-3.42893175E-001, 0.00000000E+000, 0.00000000E+000, 1.89297604E+002
 2.84250000E+001,-4.30637098E-002, 3.90052876E-001, 5.04868456E-001,-3.43120725E-001, 0.00000000E+000, 0.00000000E+000, 1.89287284E+002
 2.85750000E+001,-4.32911143E-002, 3.90058592E-001, 5.04860569E-001,-3.43348275E-001, 0.00000000E+000, 0.00000000E+000, 1.89277017E+002
 2.87250000E+001,-4.35185182E-002, 3.90064308E-001, 5.04852790E-001,-3.43575825E-001, 0.00000000E+000, 0.00000000E+000, 1.89266849E+002
 2.88750000E+001,-4.37459214E-002, 3.90070019E-001, 5.04845147E-001,-3.43803375E-001, 0.00000000E+000, 0.00000000E+000, 1.89256826E+002
 2.90250000E+001,-4.39733239E-002, 3.90075724E-001, 5.04837648E-001,-3.44030925E-001, 0.00000000E+000, 0.00000000E+000, 1.89246974E+002
 2.91750000E+001,-4.42007259E-002, 3.90081425E-001, 5.04830275E-001,-3.44258475E-001, 0.00000000E+000, 0.00000000E+000, 1.89237293E+002
 2.93250000E+001,-4.44281273E-002, 3.90087127E-001, 5.04822993E-001,-3.44486025E-001, 0.00000000E+000, 0.00000000E+000, 1.89227752E+002
 2.94750000E+001,-4.46555281E-002, 3.90092838E-001, 5.04815752E-001,-3.44713575E-001, 0.00000000E+000, 0.00000000E+000, 1.89218301E+002
 2.96250000E+001,-4.48829283E-002, 3.90098563E-001, 5.04808503E-001,-3.44941125E-001, 0.00000000E+000, 0.00000000E+000, 1.89208878E+002
 2.97750000E+001,-4.51103270E-002, 3.90104307E-001, 5.04801204E-001,-3.45168675E-001, 0.00000000E+000, 0.00000000E+000, 1.89199422E+002
 2.99250000E+001,-4.53377285E-002, 3.90110072E-001, 5.04793822E-001,-3.45396225E-001, 0.00000000E+000, 0.00000000E+000, 1.89189877E+002
