   40.002454993841823      ,         100
X,ZB,H,U
 5.00000000E-002, 1.00000000E-001, 4.36055855E-001, 9.17313789E-001
 1.50000000E-001, 1.00000000E-001, 4.36055762E-001, 9.17314416E-001
 2.50000000E-001, 1.00000000E-001, 4.36055659E-001, 9.17315091E-001
 3.50000000E-001, 1.00000000E-001, 4.36055559E-001, 9.17315756E-001
 4.50000000E-001, 1.00000000E-001, 4.36055462E-001, 9.17316405E-001
 5.50000000E-001, 1.00000000E-001, 4.36055369E-001, 9.17317038E-001
 6.50000000E-001, 1.00000001E-001, 4.36055279E-001, 9.17317656E-001
 7.50000000E-001, 1.00000001E-001, 4.36055193E-001, 9.17318260E-001
 8.50000000E-001, 1.00000003E-001, 4.36055109E-001, 9.17318854E-001
 9.50000000E-001, 1.00000008E-001, 4.36055027E-001, 9.17319441E-001
 1.05000000E+000, 1.00000017E-001, 4.36054942E-001, 9.17320031E-001
 1.15000000E+000, 1.00000037E-001, 4.36054851E-001, 9.17320642E-001
 1.25000000E+000, 1.00000078E-001, 4.36054740E-001, 9.17321311E-001
 1.35000000E+000, 1.00000164E-001, 4.36054587E-001, 9.17322108E-001
 1.45000000E+000, 1.00000336E-001, 4.36054346E-001, 9.17323169E-001
 1.55000000E+000, 1.00000677E-001, 4.36053932E-001, 9.17324747E-001
 1.65000000E+000, 1.00001337E-001, 4.36053183E-001, 9.17327305E-001
 1.75000000E+000, 1.00002587E-001, 4.36051808E-001, 9.17331672E-001
 1.85000000E+000, 1.00004906E-001, 4.36049288E-001, 9.17339299E-001
 1.95000000E+000, 1.00009120E-001, 4.36044720E-001, 9.17352663E-001
 2.05000000E+000, 1.00016617E-001, 4.36036575E-001, 9.17375897E-001
 2.15000000E+000, 1.00029679E-001, 4.36022324E-001, 9.17415731E-001
 2.25000000E+000, 1.00051957E-001, 4.35997882E-001, 9.17482858E-001
 2.35000000E+000, 1.00089159E-001, 4.35956822E-001, 9.17593851E-001
 2.45000000E+000, 1.00149969E-001, 4.35889285E-001, 9.17773747E-001
 2.55000000E+000, 1.00247256E-001, 4.35780544E-001, 9.18059410E-001
 2.65000000E+000, 1.00399585E-001, 4.35609184E-001, 9.18503710E-001
 2.75000000E+000, 1.00632972E-001, 4.35344923E-001, 9.19180467E-001
 2.85000000E+000, 1.00982819E-001, 4.34946160E-001, 9.20190007E-001
 2.95000000E+000, 1.01495813E-001, 4.34357435E-001, 9.21664992E-001
 3.05000000E+000, 1.02231491E-001, 4.33507107E-001, 9.23776085E-001
 3.15000000E+000, 1.03263076E-001, 4.32305663E-001, 9.26736865E-001
 3.25000000E+000, 1.04677062E-001, 4.30645187E-001, 9.30807405E-001
 3.35000000E+000, 1.06571027E-001, 4.28400540E-001, 9.36295942E-001
 3.45000000E+000, 1.09049144E-001, 4.25432777E-001, 9.43558198E-001
 3.55000000E+000, 1.12215067E-001, 4.21595170E-001, 9.52994095E-001
 3.65000000E+000, 1.16162119E-001, 4.16741916E-001, 9.65041718E-001
 3.75000000E+000, 1.20961139E-001, 4.10739239E-001, 9.80168482E-001
 3.85000000E+000, 1.26646830E-001, 4.03478124E-001, 9.98859395E-001
 3.95000000E+000, 1.33203995E-001, 3.94887483E-001, 1.02160214E+000
 4.05000000E+000, 1.40555451E-001, 3.84946223E-001, 1.04886848E+000
 4.15000000E+000, 1.48553690E-001, 3.73692565E-001, 1.08109111E+000
 4.25000000E+000, 1.56978282E-001, 3.61229184E-001, 1.11863509E+000
 4.35000000E+000, 1.65540625E-001, 3.47723329E-001, 1.16176236E+000
 4.45000000E+000, 1.73896849E-001, 3.33402081E-001, 1.21058722E+000
 4.55000000E+000, 1.81668648E-001, 3.18544450E-001, 1.26501757E+000
 4.65000000E+000, 1.88470590E-001, 3.03474565E-001, 1.32466686E+000
 4.75000000E+000, 1.93941306E-001, 2.88565967E-001, 1.38868920E+000
 4.85000000E+000, 1.97775124E-001, 2.74284787E-001, 1.45537664E+000
 4.95000000E+000, 1.99750312E-001, 2.61365177E-001, 1.52092842E+000
 5.05000000E+000, 1.99750312E-001, 2.52083694E-001, 1.57791552E+000
 5.15000000E+000, 1.97775124E-001, 2.41970170E-001, 1.64706842E+000
 5.25000000E+000, 1.93941306E-001, 2.31964771E-001, 1.72232320E+000
 5.35000000E+000, 1.88470590E-001, 2.20904795E-001, 1.81077143E+000
 5.45000000E+000, 1.81668648E-001, 2.10486904E-001, 1.90039475E+000
 5.55000000E+000, 1.73896849E-001, 2.01838561E-001, 1.98182309E+000
 5.65000000E+000, 1.65540625E-001, 1.94522038E-001, 2.05636563E+000
 5.75000000E+000, 1.56978282E-001, 1.88317916E-001, 2.12411305E+000
 5.85000000E+000, 1.48553690E-001, 1.83077659E-001, 2.18491242E+000
 5.95000000E+000, 1.40555451E-001, 1.78682614E-001, 2.23865518E+000
 6.05000000E+000, 1.33203995E-001, 2.09749130E-001, 2.00268119E+000
 6.15000000E+000, 1.26646830E-001, 3.11363888E-001, 1.37194026E+000
 6.25000000E+000, 1.20961139E-001, 3.56480064E-001, 1.15040069E+000
 6.35000000E+000, 1.16162119E-001, 3.72108228E-001, 1.08684771E+000
 6.45000000E+000, 1.12215067E-001, 3.79970133E-001, 1.06015036E+000
 6.55000000E+000, 1.09049144E-001, 3.85341267E-001, 1.04357019E+000
 6.65000000E+000, 1.06571027E-001, 3.89374673E-001, 1.03156535E+000
 6.75000000E+000, 1.04677062E-001, 3.92428362E-001, 1.02261426E+000
 6.85000000E+000, 1.03263076E-001, 3.94708375E-001, 1.01597860E+000
 6.95000000E+000, 1.02231491E-001, 3.96378545E-001, 1.01113164E+000
 7.05000000E+000, 1.01495813E-001, 3.97577141E-001, 1.00765346E+000
 7.15000000E+000, 1.00982819E-001, 3.98419292E-001, 1.00520535E+000
 7.25000000E+000, 1.00632972E-001, 3.98998287E-001, 1.00351756E+000
 7.35000000E+000, 1.00399585E-001, 3.99387544E-001, 1.00237943E+000
 7.45000000E+000, 1.00247256E-001, 3.99643202E-001, 1.00163016E+000
 7.55000000E+000, 1.00149969E-001, 3.99806990E-001, 1.00114986E+000
 7.65000000E+000, 1.00089159E-001, 3.99909079E-001, 1.00085138E+000
 7.75000000E+000, 1.00051957E-001, 3.99970704E-001, 1.00067295E+000
 7.85000000E+000, 1.00029679E-001, 4.00006418E-001, 1.00057187E+000
 7.95000000E+000, 1.00016617E-001, 4.00025942E-001, 1.00051935E+000
 8.05000000E+000, 1.00009120E-001, 4.00035603E-001, 1.00049651E+000
 8.15000000E+000, 1.00004906E-001, 4.00039421E-001, 1.00049122E+000
 8.25000000E+000, 1.00002587E-001, 4.00039883E-001, 1.00049591E+000
 8.35000000E+000, 1.00001337E-001, 4.00038494E-001, 1.00050597E+000
 8.45000000E+000, 1.00000677E-001, 4.00036140E-001, 1.00051866E+000
 8.55000000E+000, 1.00000336E-001, 4.00033332E-001, 1.00053238E+000
 8.65000000E+000, 1.00000164E-001, 4.00030357E-001, 1.00054623E+000
 8.75000000E+000, 1.00000078E-001, 4.00027369E-001, 1.00055973E+000
 8.85000000E+000, 1.00000037E-001, 4.00024452E-001, 1.00057262E+000
 8.95000000E+000, 1.00000017E-001, 4.00021647E-001, 1.00058476E+000
 9.05000000E+000, 1.00000008E-001, 4.00018972E-001, 1.00059611E+000
 9.15000000E+000, 1.00000003E-001, 4.00016437E-001, 1.00060663E+000
 9.25000000E+000, 1.00000001E-001, 4.00014042E-001, 1.00061633E+000
 9.35000000E+000, 1.00000001E-001, 4.00011788E-001, 1.00062522E+000
 9.45000000E+000, 1.00000000E-001, 4.00009670E-001, 1.00063330E+000
 9.55000000E+000, 1.00000000E-001, 4.00007686E-001, 1.00064060E+000
 9.65000000E+000, 1.00000000E-001, 4.00005832E-001, 1.00064714E+000
 9.75000000E+000, 1.00000000E-001, 4.00004105E-001, 1.00065293E+000
 9.85000000E+000, 1.00000000E-001, 4.00002499E-001, 1.00065798E+000
 9.95000000E+000, 1.00000000E-001, 4.00001014E-001, 1.00066233E+000
