   40.004167596228655      ,         100
X,ZB,H,U
 5.00000000E-002, 1.00000000E-001, 4.37614823E-001, 9.14045889E-001
 1.50000000E-001, 1.00000000E-001, 4.37614718E-001, 9.14046416E-001
 2.50000000E-001, 1.00000000E-001, 4.37614654E-001, 9.14046832E-001
 3.50000000E-001, 1.00000000E-001, 4.37614600E-001, 9.14047205E-001
 4.50000000E-001, 1.00000000E-001, 4.37614549E-001, 9.14047565E-001
 5.50000000E-001, 1.00000000E-001, 4.37614501E-001, 9.14047911E-001
 6.50000000E-001, 1.00000001E-001, 4.37614456E-001, 9.14048247E-001
 7.50000000E-001, 1.00000001E-001, 4.37614413E-001, 9.14048574E-001
 8.50000000E-001, 1.00000003E-001, 4.37614372E-001, 9.14048895E-001
 9.50000000E-001, 1.00000008E-001, 4.37614330E-001, 9.14049210E-001
 1.05000000E+000, 1.00000017E-001, 4.37614285E-001, 9.14049529E-001
 1.15000000E+000, 1.00000037E-001, 4.37614229E-001, 9.14049871E-001
 1.25000000E+000, 1.00000078E-001, 4.37614150E-001, 9.14050265E-001
 1.35000000E+000, 1.00000164E-001, 4.37614019E-001, 9.14050771E-001
 1.45000000E+000, 1.00000336E-001, 4.37613786E-001, 9.14051507E-001
 1.55000000E+000, 1.00000677E-001, 4.37613351E-001, 9.14052688E-001
 1.65000000E+000, 1.00001337E-001, 4.37612535E-001, 9.14054716E-001
 1.75000000E+000, 1.00002587E-001, 4.37611007E-001, 9.14058314E-001
 1.85000000E+000, 1.00004906E-001, 4.37608187E-001, 9.14064750E-001
 1.95000000E+000, 1.00009120E-001, 4.37603072E-001, 9.14076212E-001
 2.05000000E+000, 1.00016617E-001, 4.37593970E-001, 9.14096367E-001
 2.15000000E+000, 1.00029679E-001, 4.37578101E-001, 9.14131231E-001
 2.25000000E+000, 1.00051957E-001, 4.37550998E-001, 9.14190422E-001
 2.35000000E+000, 1.00089159E-001, 4.37505672E-001, 9.14288949E-001
 2.45000000E+000, 1.00149969E-001, 4.37431467E-001, 9.14449637E-001
 2.55000000E+000, 1.00247256E-001, 4.37312550E-001, 9.14706325E-001
 2.65000000E+000, 1.00399585E-001, 4.37126033E-001, 9.15107869E-001
 2.75000000E+000, 1.00632972E-001, 4.36839745E-001, 9.15722972E-001
 2.85000000E+000, 1.00982819E-001, 4.36409752E-001, 9.16645662E-001
 2.95000000E+000, 1.01495813E-001, 4.35777857E-001, 9.18001187E-001
 3.05000000E+000, 1.02231491E-001, 4.34869373E-001, 9.19951892E-001
 3.15000000E+000, 1.03263076E-001, 4.33591635E-001, 9.22702550E-001
 3.25000000E+000, 1.04677062E-001, 4.31833773E-001, 9.26504588E-001
 3.35000000E+000, 1.06571027E-001, 4.29468306E-001, 9.31658643E-001
 3.45000000E+000, 1.09049144E-001, 4.26355070E-001, 9.38515020E-001
 3.55000000E+000, 1.12215067E-001, 4.22347801E-001, 9.47471742E-001
 3.65000000E+000, 1.16162119E-001, 4.17303419E-001, 9.58970060E-001
 3.75000000E+000, 1.20961139E-001, 4.11093621E-001, 9.73487336E-001
 3.85000000E+000, 1.26646830E-001, 4.03617950E-001, 9.91527186E-001
 3.95000000E+000, 1.33203995E-001, 3.94817019E-001, 1.01360662E+000
 4.05000000E+000, 1.40555451E-001, 3.84684232E-001, 1.04023972E+000
 4.15000000E+000, 1.48553690E-001, 3.73274223E-001, 1.07191721E+000
 4.25000000E+000, 1.56978282E-001, 3.60722585E-001, 1.10914497E+000
 4.35000000E+000, 1.65540625E-001, 3.47030760E-001, 1.15362007E+000
 4.45000000E+000, 1.73896849E-001, 3.32480794E-001, 1.20541419E+000
 4.55000000E+000, 1.81668648E-001, 3.17425182E-001, 1.26396950E+000
 4.65000000E+000, 1.88470590E-001, 3.02045640E-001, 1.32968801E+000
 4.75000000E+000, 1.93941306E-001, 2.86600418E-001, 1.40120049E+000
 4.85000000E+000, 1.97775124E-001, 2.71769064E-001, 1.47858502E+000
 4.95000000E+000, 1.99750312E-001, 2.57928105E-001, 1.55007895E+000
 5.05000000E+000, 1.99750312E-001, 2.49113712E-001, 1.60551854E+000
 5.15000000E+000, 1.97775124E-001, 2.37757621E-001, 1.68397918E+000
 5.25000000E+000, 1.93941306E-001, 2.25929667E-001, 1.76969284E+000
 5.35000000E+000, 1.88470590E-001, 2.15443336E-001, 1.85585862E+000
 5.45000000E+000, 1.81668648E-001, 2.05849614E-001, 1.94225610E+000
 5.55000000E+000, 1.73896849E-001, 1.98069027E-001, 2.01899134E+000
 5.65000000E+000, 1.65540625E-001, 1.90784366E-001, 2.09580633E+000
 5.75000000E+000, 1.56978282E-001, 1.85135821E-001, 2.16047578E+000
 5.85000000E+000, 1.48553690E-001, 1.79823452E-001, 2.22363724E+000
 5.95000000E+000, 1.40555451E-001, 1.75973802E-001, 2.27337057E+000
 6.05000000E+000, 1.33203995E-001, 1.70971147E-001, 2.34000900E+000
 6.15000000E+000, 1.26646830E-001, 2.73996938E-001, 1.56346628E+000
 6.25000000E+000, 1.20961139E-001, 3.63874960E-001, 1.11265841E+000
 6.35000000E+000, 1.16162119E-001, 3.76867477E-001, 1.06327598E+000
 6.45000000E+000, 1.12215067E-001, 3.82905452E-001, 1.04568370E+000
 6.55000000E+000, 1.09049144E-001, 3.87410017E-001, 1.03338245E+000
 6.65000000E+000, 1.06571027E-001, 3.90886464E-001, 1.02411183E+000
 6.75000000E+000, 1.04677062E-001, 3.93523660E-001, 1.01717315E+000
 6.85000000E+000, 1.03263076E-001, 3.95481760E-001, 1.01205479E+000
 6.95000000E+000, 1.02231491E-001, 3.96906876E-001, 1.00835317E+000
 7.05000000E+000, 1.01495813E-001, 3.97924646E-001, 1.00573699E+000
 7.15000000E+000, 1.00982819E-001, 3.98635536E-001, 1.00391891E+000
 7.25000000E+000, 1.00632972E-001, 3.99118009E-001, 1.00265782E+000
 7.35000000E+000, 1.00399585E-001, 3.99441289E-001, 1.00180016E+000
 7.45000000E+000, 1.00247256E-001, 3.99659216E-001, 1.00123790E+000
 7.55000000E+000, 1.00149969E-001, 3.99804452E-001, 1.00086258E+000
 7.65000000E+000, 1.00089159E-001, 3.99896218E-001, 1.00058406E+000
 7.75000000E+000, 1.00051957E-001, 3.99955323E-001, 1.00038147E+000
 7.85000000E+000, 1.00029679E-001, 3.99996550E-001, 1.00025282E+000
 7.95000000E+000, 1.00016617E-001, 4.00023842E-001, 1.00017176E+000
 8.05000000E+000, 1.00009120E-001, 4.00040443E-001, 1.00012029E+000
 8.15000000E+000, 1.00004906E-001, 4.00047100E-001, 1.00007846E+000
 8.25000000E+000, 1.00002587E-001, 4.00048772E-001, 1.00005011E+000
 8.35000000E+000, 1.00001337E-001, 4.00050256E-001, 1.00004445E+000
 8.45000000E+000, 1.00000677E-001, 4.00050239E-001, 1.00004506E+000
 8.55000000E+000, 1.00000336E-001, 4.00048361E-001, 1.00005330E+000
 8.65000000E+000, 1.00000164E-001, 4.00044298E-001, 1.00006908E+000
 8.75000000E+000, 1.00000078E-001, 4.00039400E-001, 1.00008633E+000
 8.85000000E+000, 1.00000037E-001, 4.00034292E-001, 1.00009719E+000
 8.95000000E+000, 1.00000017E-001, 4.00029918E-001, 1.00010711E+000
 9.05000000E+000, 1.00000008E-001, 4.00026188E-001, 1.00011822E+000
 9.15000000E+000, 1.00000003E-001, 4.00022945E-001, 1.00013032E+000
 9.25000000E+000, 1.00000001E-001, 4.00019819E-001, 1.00014164E+000
 9.35000000E+000, 1.00000001E-001, 4.00016654E-001, 1.00015138E+000
 9.45000000E+000, 1.00000000E-001, 4.00013748E-001, 1.00016076E+000
 9.55000000E+000, 1.00000000E-001, 4.00010888E-001, 1.00016915E+000
 9.65000000E+000, 1.00000000E-001, 4.00008168E-001, 1.00017702E+000
 9.75000000E+000, 1.00000000E-001, 4.00005349E-001, 1.00018321E+000
 9.85000000E+000, 1.00000000E-001, 4.00003217E-001, 1.00018890E+000
 9.95000000E+000, 1.00000000E-001, 4.00001190E-001, 1.00018952E+000
