   5000.1580152670695      ,          30
X,ZB,H,U,Q
 0.00000000E+000, 0.00000000E+000, 1.20000000E+001, 0.00000000E+000, 0.00000000E+000
 5.00000000E+001, 0.00000000E+000, 1.20000000E+001, 2.94748602E-016, 3.53698322E-015
 1.00000000E+002, 2.50000000E+000, 9.50000000E+000,-3.72314023E-016,-3.53698322E-015
 1.50000000E+002, 5.00000000E+000, 7.00000000E+000, 0.00000000E+000, 0.00000000E+000
 2.00000000E+002, 5.00000000E+000, 7.00000000E+000, 0.00000000E+000, 0.00000000E+000
 2.50000000E+002, 5.00000000E+000, 7.00000000E+000, 0.00000000E+000, 0.00000000E+000
 3.00000000E+002, 3.00000000E+000, 9.00000000E+000, 0.00000000E+000, 0.00000000E+000
 3.50000000E+002, 5.00000000E+000, 7.00000000E+000, 0.00000000E+000, 0.00000000E+000
 4.00000000E+002, 5.00000000E+000, 7.00000000E+000, 0.00000000E+000, 0.00000000E+000
 4.25000000E+002, 7.50000000E+000, 4.50000000E+000, 0.00000000E+000, 0.00000000E+000
 4.35000000E+002, 8.00000000E+000, 4.00000000E+000, 0.00000000E+000, 0.00000000E+000
 4.50000000E+002, 9.00000000E+000, 3.00000000E+000, 0.00000000E+000, 0.00000000E+000
 4.70000000E+002, 9.00000000E+000, 3.00000000E+000,-8.84245805E-016,-2.65273741E-015
 4.75000000E+002, 9.00000000E+000, 3.00000000E+000,-1.29464229E-015,-3.88392688E-015
 5.00000000E+002, 9.10000038E+000, 2.89999962E+000,-4.23489425E-016,-1.22811917E-015
 5.05000000E+002, 9.00000000E+000, 3.00000000E+000, 1.48397733E-016, 4.45193200E-016
 5.30000000E+002, 7.00000000E+000, 5.00000000E+000,-1.96499068E-016,-9.82495338E-016
 5.50000000E+002, 6.00000000E+000, 6.00000000E+000, 2.10534715E-016, 1.26320829E-015
 5.65000000E+002, 5.50000000E+000, 6.50000000E+000, 0.00000000E+000, 0.00000000E+000
 5.75000000E+002, 5.50000000E+000, 6.50000000E+000, 0.00000000E+000, 0.00000000E+000
 6.00000000E+002, 5.00000000E+000, 7.00000000E+000, 0.00000000E+000, 0.00000000E+000
 6.50000000E+002, 4.00000000E+000, 8.00000000E+000, 0.00000000E+000, 0.00000000E+000
 7.00000000E+002, 3.00000000E+000, 9.00000000E+000, 0.00000000E+000, 0.00000000E+000
 7.50000000E+002, 3.00000000E+000, 9.00000000E+000, 6.54996892E-017, 5.89497203E-016
 8.00000000E+002, 2.29999995E+000, 9.70000005E+000, 6.94547511E-016, 6.73711089E-015
 8.20000000E+002, 2.00000000E+000, 1.00000000E+001, 1.28215642E-015, 1.28215642E-014
 9.00000000E+002, 1.20000005E+000, 1.08000000E+001, 6.50798197E-016, 7.02862050E-015
 9.50000000E+002, 4.00000010E-001, 1.16000000E+001, 1.82947408E-015, 2.12218993E-014
 1.00000000E+003, 0.00000000E+000, 1.20000000E+001, 2.64827153E-015, 3.17792583E-014
 1.50000000E+003, 0.00000000E+000, 1.20000000E+001, 4.32297949E-016, 5.18757539E-015
