   3111.1633403444212      ,         149
X,ZB,H,U,Q
 0.00000000E+000, 0.00000000E+000, 1.20000000E+001, 1.53269313E-014, 1.83923175E-013
 1.00000000E+001, 0.00000000E+000, 1.20000000E+001, 4.56860451E-014, 5.48232541E-013
 2.00000000E+001, 0.00000000E+000, 1.20000000E+001, 7.60451586E-014, 9.12541903E-013
 3.00000000E+001, 0.00000000E+000, 1.20000000E+001, 1.07878015E-013, 1.29453618E-012
 4.00000000E+001, 0.00000000E+000, 1.20000000E+001, 1.38531875E-013, 1.66238250E-012
 5.00000000E+001, 0.00000000E+000, 1.20000000E+001, 1.75080708E-013, 2.10096850E-012
 6.00000000E+001, 5.00000000E-001, 1.15000000E+001, 2.24021815E-013, 2.57625087E-012
 7.00000000E+001, 1.00000000E+000, 1.10000000E+001, 2.82134779E-013, 3.10348257E-012
 8.00000000E+001, 1.50000000E+000, 1.05000000E+001, 3.50919359E-013, 3.68465326E-012
 9.00000000E+001, 2.00000000E+000, 1.00000000E+001, 4.32175252E-013, 4.32175252E-012
 1.00000000E+002, 2.50000000E+000, 9.50000000E+000, 5.18424142E-013, 4.92502935E-012
 1.10000000E+002, 3.00000000E+000, 9.00000000E+000, 6.00722281E-013, 5.40650053E-012
 1.20000000E+002, 3.50000000E+000, 8.50000000E+000, 6.86200816E-013, 5.83270693E-012
 1.30000000E+002, 4.00000000E+000, 8.00000000E+000, 7.85072168E-013, 6.28057735E-012
 1.40000000E+002, 4.50000000E+000, 7.50000000E+000, 8.98806435E-013, 6.74104826E-012
 1.50000000E+002, 5.00000000E+000, 7.00000000E+000, 1.01549331E-012, 7.10845320E-012
 1.60000000E+002, 5.00000000E+000, 7.00000000E+000, 1.13928790E-012, 7.97501530E-012
 1.70000000E+002, 5.00000000E+000, 7.00000000E+000, 1.29718902E-012, 9.08032313E-012
 1.80000000E+002, 5.00000000E+000, 7.00000000E+000, 1.47909113E-012, 1.03536379E-011
 1.90000000E+002, 5.00000000E+000, 7.00000000E+000, 1.68979444E-012, 1.18285610E-011
 2.00000000E+002, 5.00000000E+000, 7.00000000E+000, 1.84820014E-012, 1.29374010E-011
 2.10000000E+002, 5.00000000E+000, 7.00000000E+000, 1.86398964E-012, 1.30479275E-011
 2.20000000E+002, 5.00000000E+000, 7.00000000E+000, 1.81409308E-012, 1.26986516E-011
 2.30000000E+002, 5.00000000E+000, 7.00000000E+000, 1.78440780E-012, 1.24908546E-011
 2.40000000E+002, 5.00000000E+000, 7.00000000E+000, 1.76937569E-012, 1.23856298E-011
 2.50000000E+002, 5.00000000E+000, 7.00000000E+000, 1.79375578E-012, 1.25562905E-011
 2.60000000E+002, 4.59999990E+000, 7.40000010E+000, 1.82938817E-012, 1.35374726E-011
 2.70000000E+002, 4.19999981E+000, 7.80000019E+000, 1.84720932E-012, 1.44082331E-011
 2.80000000E+002, 3.79999995E+000, 8.20000005E+000, 1.86544824E-012, 1.52966756E-011
 2.90000000E+002, 3.40000010E+000, 8.59999990E+000, 1.88570559E-012, 1.62170679E-011
 3.00000000E+002, 3.00000000E+000, 9.00000000E+000, 1.96793813E-012, 1.77114432E-011
 3.10000000E+002, 3.40000010E+000, 8.59999990E+000, 2.18051420E-012, 1.87524219E-011
 3.20000000E+002, 3.79999995E+000, 8.20000005E+000, 2.49245476E-012, 2.04381291E-011
 3.30000000E+002, 4.19999981E+000, 7.80000019E+000, 2.85210357E-012, 2.22464084E-011
 3.40000000E+002, 4.59999990E+000, 7.40000010E+000, 3.27023061E-012, 2.41997068E-011
 3.50000000E+002, 5.00000000E+000, 7.00000000E+000, 3.62275495E-012, 2.53592847E-011
 3.60000000E+002, 5.00000000E+000, 7.00000000E+000, 3.82234174E-012, 2.67563922E-011
 3.70000000E+002, 5.00000000E+000, 7.00000000E+000, 3.99274855E-012, 2.79492399E-011
 3.80000000E+002, 5.00000000E+000, 7.00000000E+000, 4.16985038E-012, 2.91889527E-011
 3.90000000E+002, 5.00000000E+000, 7.00000000E+000, 4.35276298E-012, 3.04693408E-011
 4.00000000E+002, 5.00000000E+000, 7.00000000E+000, 4.82371513E-012, 3.37660059E-011
 4.12500000E+002, 6.25000000E+000, 5.75000000E+000, 5.82399611E-012, 3.34879776E-011
 4.25000000E+002, 7.50000000E+000, 4.50000000E+000, 6.68996309E-012, 3.01048339E-011
 4.35000000E+002, 8.00000000E+000, 4.00000000E+000, 7.69806632E-012, 3.07922653E-011
 4.50000000E+002, 9.00000000E+000, 3.00000000E+000, 9.23577001E-012, 2.77073100E-011
 4.60000000E+002, 9.00000000E+000, 3.00000000E+000, 9.44742857E-012, 2.83422857E-011
 4.70000000E+002, 9.00000000E+000, 3.00000000E+000, 9.53924312E-012, 2.86177294E-011
 4.75000000E+002, 9.00000000E+000, 3.00000000E+000, 9.95779184E-012, 2.98733755E-011
 4.87500000E+002, 9.05000019E+000, 2.94999981E+000, 1.07818363E-011, 3.18064151E-011
 5.00000000E+002, 9.10000038E+000, 2.89999962E+000, 1.12682543E-011, 3.26779333E-011
 5.05000000E+002, 9.00000000E+000, 3.00000000E+000, 1.08617596E-011, 3.25852788E-011
 5.17500000E+002, 8.00000000E+000, 4.00000000E+000, 9.02209258E-012, 3.60883703E-011
 5.30000000E+002, 7.00000000E+000, 5.00000000E+000, 7.29388823E-012, 3.64694412E-011
 5.40000000E+002, 6.50000000E+000, 5.50000000E+000, 6.61866029E-012, 3.64026316E-011
 5.50000000E+002, 6.00000000E+000, 6.00000000E+000, 6.62615495E-012, 3.97569297E-011
 5.65000000E+002, 5.50000000E+000, 6.50000000E+000, 7.08612828E-012, 4.60598339E-011
 5.75000000E+002, 5.50000000E+000, 6.50000000E+000, 7.82550006E-012, 5.08657504E-011
 5.87500000E+002, 5.25000000E+000, 6.75000000E+000, 8.28909052E-012, 5.59513610E-011
 6.00000000E+002, 5.00000000E+000, 7.00000000E+000, 8.45035822E-012, 5.91525075E-011
 6.10000000E+002, 4.80000019E+000, 7.19999981E+000, 8.82666161E-012, 6.35519619E-011
 6.20000000E+002, 4.59999990E+000, 7.40000010E+000, 9.35457366E-012, 6.92238460E-011
 6.30000000E+002, 4.40000010E+000, 7.59999990E+000, 9.92355774E-012, 7.54190379E-011
 6.40000000E+002, 4.19999981E+000, 7.80000019E+000, 1.05430509E-011, 8.22357994E-011
 6.50000000E+002, 4.00000000E+000, 8.00000000E+000, 1.08446946E-011, 8.67575566E-011
 6.60000000E+002, 3.79999995E+000, 8.20000005E+000, 1.04762845E-011, 8.59055333E-011
 6.70000000E+002, 3.59999990E+000, 8.40000010E+000, 9.83148383E-012, 8.25844652E-011
 6.80000000E+002, 3.40000010E+000, 8.59999990E+000, 9.26657447E-012, 7.96925395E-011
 6.90000000E+002, 3.20000005E+000, 8.79999995E+000, 8.77008604E-012, 7.71767567E-011
 7.00000000E+002, 3.00000000E+000, 9.00000000E+000, 8.43585249E-012, 7.59226724E-011
 7.10000000E+002, 3.00000000E+000, 9.00000000E+000, 8.42863111E-012, 7.58576800E-011
 7.20000000E+002, 3.00000000E+000, 9.00000000E+000, 8.61707372E-012, 7.75536634E-011
 7.30000000E+002, 3.00000000E+000, 9.00000000E+000, 8.80080034E-012, 7.92072031E-011
 7.40000000E+002, 3.00000000E+000, 9.00000000E+000, 8.98020392E-012, 8.08218352E-011
 7.50000000E+002, 3.00000000E+000, 9.00000000E+000, 9.57559594E-012, 8.61803634E-011
 7.60000000E+002, 2.85999990E+000, 9.14000010E+000, 1.13035987E-011, 1.03314893E-010
 7.70000000E+002, 2.72000003E+000, 9.27999997E+000, 1.44545906E-011, 1.34138601E-010
 7.80000000E+002, 2.57999992E+000, 9.42000008E+000, 2.00690062E-011, 1.89050040E-010
 7.90000000E+002, 2.44000006E+000, 9.55999994E+000, 3.34787915E-011, 3.20057244E-010
 8.00000000E+002, 2.29999995E+000, 9.70000005E+000, 2.79239349E-011, 2.70862170E-010
 8.10000000E+002, 2.15000010E+000, 9.84999990E+000, 9.36480276E-012, 9.22433063E-011
 8.20000000E+002, 2.00000000E+000, 1.00000000E+001, 5.14594622E-012, 5.14594622E-011
 8.30000000E+002, 1.89999998E+000, 1.01000000E+001, 4.66172091E-012, 4.70833813E-011
 8.40000000E+002, 1.79999995E+000, 1.02000001E+001, 4.77238073E-012, 4.86782837E-011
 8.50000000E+002, 1.70000005E+000, 1.03000000E+001, 4.88069877E-012, 5.02711971E-011
 8.60000000E+002, 1.60000002E+000, 1.04000000E+001, 4.98784241E-012, 5.18735610E-011
 8.70000000E+002, 1.50000000E+000, 1.05000000E+001, 5.09377158E-012, 5.34846016E-011
 8.80000000E+002, 1.39999998E+000, 1.06000000E+001, 5.19676883E-012, 5.50857497E-011
 8.90000000E+002, 1.29999995E+000, 1.07000001E+001, 5.29948853E-012, 5.67045275E-011
 9.00000000E+002, 1.20000005E+000, 1.08000000E+001, 5.45313055E-012, 5.88938097E-011
 9.10000000E+002, 1.03999996E+000, 1.09600000E+001, 5.71455948E-012, 6.26315721E-011
 9.20000000E+002, 8.80000000E-001, 1.11200000E+001, 6.04718368E-012, 6.72446826E-011
 9.30000000E+002, 7.20000030E-001, 1.12800000E+001, 6.41882692E-012, 7.24043675E-011
 9.40000000E+002, 5.60000000E-001, 1.14400000E+001, 6.83858623E-012, 7.82334264E-011
 9.50000000E+002, 4.00000010E-001, 1.16000000E+001, 6.95157272E-012, 8.06382435E-011
 9.60000000E+002, 3.19999990E-001, 1.16800000E+001, 6.48074859E-012, 7.56951436E-011
 9.70000000E+002, 2.39999990E-001, 1.17600000E+001, 5.82217307E-012, 6.84687553E-011
 9.80000000E+002, 1.60000000E-001, 1.18400000E+001, 5.27810353E-012, 6.24927458E-011
 9.90000000E+002, 8.00000000E-002, 1.19200000E+001, 4.81946417E-012, 5.74480129E-011
 1.00000000E+003, 0.00000000E+000, 1.20000000E+001, 4.51096614E-012, 5.41315937E-011
 1.01000000E+003, 0.00000000E+000, 1.20000000E+001, 4.41179705E-012, 5.29415646E-011
 1.02000000E+003, 0.00000000E+000, 1.20000000E+001, 4.40708106E-012, 5.28849728E-011
 1.03000000E+003, 0.00000000E+000, 1.20000000E+001, 4.39941759E-012, 5.27930111E-011
 1.04000000E+003, 0.00000000E+000, 1.20000000E+001, 4.38762764E-012, 5.26515317E-011
 1.05000000E+003, 0.00000000E+000, 1.20000000E+001, 4.37259546E-012, 5.24711455E-011
 1.06000000E+003, 0.00000000E+000, 1.20000000E+001, 4.35255255E-012, 5.22306306E-011
 1.07000000E+003, 0.00000000E+000, 1.20000000E+001, 4.33015166E-012, 5.19618199E-011
 1.08000000E+003, 0.00000000E+000, 1.20000000E+001, 4.30156104E-012, 5.16187325E-011
 1.09000000E+003, 0.00000000E+000, 1.20000000E+001, 4.27002295E-012, 5.12402754E-011
 1.10000000E+003, 0.00000000E+000, 1.20000000E+001, 4.23406362E-012, 5.08087635E-011
 1.11000000E+003, 0.00000000E+000, 1.20000000E+001, 4.19545156E-012, 5.03454187E-011
 1.12000000E+003, 0.00000000E+000, 1.20000000E+001, 4.15271302E-012, 4.98325562E-011
 1.13000000E+003, 0.00000000E+000, 1.20000000E+001, 4.10702699E-012, 4.92843239E-011
 1.14000000E+003, 0.00000000E+000, 1.20000000E+001, 4.05485650E-012, 4.86582780E-011
 1.15000000E+003, 0.00000000E+000, 1.20000000E+001, 3.99885427E-012, 4.79862512E-011
 1.16000000E+003, 0.00000000E+000, 1.20000000E+001, 3.93902031E-012, 4.72682437E-011
 1.17000000E+003, 0.00000000E+000, 1.20000000E+001, 3.87594411E-012, 4.65113293E-011
 1.18000000E+003, 0.00000000E+000, 1.20000000E+001, 3.80962568E-012, 4.57155081E-011
 1.19000000E+003, 0.00000000E+000, 1.20000000E+001, 3.73859126E-012, 4.48630952E-011
 1.20000000E+003, 0.00000000E+000, 1.20000000E+001, 3.66431462E-012, 4.39717754E-011
 1.21000000E+003, 0.00000000E+000, 1.20000000E+001, 3.58591149E-012, 4.30309379E-011
 1.22000000E+003, 0.00000000E+000, 1.20000000E+001, 3.50338188E-012, 4.20405826E-011
 1.23000000E+003, 0.00000000E+000, 1.20000000E+001, 3.41761004E-012, 4.10113205E-011
 1.24000000E+003, 0.00000000E+000, 1.20000000E+001, 3.32771172E-012, 3.99325406E-011
 1.25000000E+003, 0.00000000E+000, 1.20000000E+001, 3.23457116E-012, 3.88148539E-011
 1.26000000E+003, 0.00000000E+000, 1.20000000E+001, 3.13877787E-012, 3.76653344E-011
 1.27000000E+003, 0.00000000E+000, 1.20000000E+001, 3.03856335E-012, 3.64627601E-011
 1.28000000E+003, 0.00000000E+000, 1.20000000E+001, 2.93569609E-012, 3.52283530E-011
 1.29000000E+003, 0.00000000E+000, 1.20000000E+001, 2.82929184E-012, 3.39515021E-011
 1.30000000E+003, 0.00000000E+000, 1.20000000E+001, 2.71964537E-012, 3.26357444E-011
 1.31000000E+003, 0.00000000E+000, 1.20000000E+001, 2.60646191E-012, 3.12775429E-011
 1.32000000E+003, 0.00000000E+000, 1.20000000E+001, 2.49092046E-012, 2.98910455E-011
 1.33000000E+003, 0.00000000E+000, 1.20000000E+001, 2.37184203E-012, 2.84621043E-011
 1.34000000E+003, 0.00000000E+000, 1.20000000E+001, 2.25011086E-012, 2.70013303E-011
 1.35000000E+003, 0.00000000E+000, 1.20000000E+001, 2.12631645E-012, 2.55157973E-011
 1.36000000E+003, 0.00000000E+000, 1.20000000E+001, 2.00075354E-012, 2.40090425E-011
 1.37000000E+003, 0.00000000E+000, 1.20000000E+001, 1.87253790E-012, 2.24704548E-011
 1.38000000E+003, 0.00000000E+000, 1.20000000E+001, 1.74166953E-012, 2.09000343E-011
 1.39000000E+003, 0.00000000E+000, 1.20000000E+001, 1.60873791E-012, 1.93048549E-011
 1.40000000E+003, 0.00000000E+000, 1.20000000E+001, 1.47433255E-012, 1.76919906E-011
 1.41000000E+003, 0.00000000E+000, 1.20000000E+001, 1.33815869E-012, 1.60579043E-011
 1.42000000E+003, 0.00000000E+000, 1.20000000E+001, 1.20139534E-012, 1.44167441E-011
 1.43000000E+003, 0.00000000E+000, 1.20000000E+001, 1.06227400E-012, 1.27472880E-011
 1.44000000E+003, 0.00000000E+000, 1.20000000E+001, 9.22563161E-013, 1.10707579E-011
 1.45000000E+003, 0.00000000E+000, 1.20000000E+001, 7.82557572E-013, 9.39069086E-012
 1.46000000E+003, 0.00000000E+000, 1.20000000E+001, 6.42551981E-013, 7.71062377E-012
 1.47000000E+003, 0.00000000E+000, 1.20000000E+001, 5.02251641E-013, 6.02701970E-012
 1.48000000E+003, 0.00000000E+000, 1.20000000E+001, 3.60477558E-013, 4.32573069E-012
 1.49000000E+003, 0.00000000E+000, 1.20000000E+001, 2.16640233E-013, 2.59968280E-012
 1.50000000E+003, 0.00000000E+000, 1.20000000E+001, 7.25081597E-014, 8.70097916E-013
