   3111.1633403444212      ,         149
X,ZB,H,U,Q
 0.00000000E+000, 0.00000000E+000, 1.20000000E+001, 1.44426855E-014, 1.73312226E-013
 1.00000000E+001, 0.00000000E+000, 1.20000000E+001, 4.50965479E-014, 5.41158575E-013
 2.00000000E+001, 0.00000000E+000, 1.20000000E+001, 7.66346558E-014, 9.19615870E-013
 3.00000000E+001, 0.00000000E+000, 1.20000000E+001, 1.06699020E-013, 1.28038824E-012
 4.00000000E+001, 0.00000000E+000, 1.20000000E+001, 1.37942378E-013, 1.65530854E-012
 5.00000000E+001, 0.00000000E+000, 1.20000000E+001, 1.73699074E-013, 2.08438889E-012
 6.00000000E+001, 5.00000000E-001, 1.15000000E+001, 2.22926119E-013, 2.56365037E-012
 7.00000000E+001, 1.00000000E+000, 1.10000000E+001, 2.80848603E-013, 3.08933464E-012
 8.00000000E+001, 1.50000000E+000, 1.05000000E+001, 3.48687691E-013, 3.66122075E-012
 9.00000000E+001, 2.00000000E+000, 1.00000000E+001, 4.29036179E-013, 4.29036179E-012
 1.00000000E+002, 2.50000000E+000, 9.50000000E+000, 5.16236797E-013, 4.90424957E-012
 1.10000000E+002, 3.00000000E+000, 9.00000000E+000, 6.00574907E-013, 5.40517416E-012
 1.20000000E+002, 3.50000000E+000, 8.50000000E+000, 6.88177365E-013, 5.84950760E-012
 1.30000000E+002, 4.00000000E+000, 8.00000000E+000, 7.86978823E-013, 6.29583059E-012
 1.40000000E+002, 4.50000000E+000, 7.50000000E+000, 9.01960245E-013, 6.76470184E-012
 1.50000000E+002, 5.00000000E+000, 7.00000000E+000, 1.01890398E-012, 7.13232784E-012
 1.60000000E+002, 5.00000000E+000, 7.00000000E+000, 1.14320385E-012, 8.00242692E-012
 1.70000000E+002, 5.00000000E+000, 7.00000000E+000, 1.30097864E-012, 9.10685050E-012
 1.80000000E+002, 5.00000000E+000, 7.00000000E+000, 1.48149122E-012, 1.03704386E-011
 1.90000000E+002, 5.00000000E+000, 7.00000000E+000, 1.69257349E-012, 1.18480145E-011
 2.00000000E+002, 5.00000000E+000, 7.00000000E+000, 1.85198977E-012, 1.29639284E-011
 2.10000000E+002, 5.00000000E+000, 7.00000000E+000, 1.86727398E-012, 1.30709179E-011
 2.20000000E+002, 5.00000000E+000, 7.00000000E+000, 1.81826167E-012, 1.27278317E-011
 2.30000000E+002, 5.00000000E+000, 7.00000000E+000, 1.78769214E-012, 1.25138450E-011
 2.40000000E+002, 5.00000000E+000, 7.00000000E+000, 1.77202842E-012, 1.24041990E-011
 2.50000000E+002, 5.00000000E+000, 7.00000000E+000, 1.79666116E-012, 1.25766281E-011
 2.60000000E+002, 4.59999990E+000, 7.40000010E+000, 1.83319699E-012, 1.35656579E-011
 2.70000000E+002, 4.19999981E+000, 7.80000019E+000, 1.85133297E-012, 1.44403975E-011
 2.80000000E+002, 3.79999995E+000, 8.20000005E+000, 1.87105565E-012, 1.53426564E-011
 2.90000000E+002, 3.40000010E+000, 8.59999990E+000, 1.89190045E-012, 1.62703437E-011
 3.00000000E+002, 3.00000000E+000, 9.00000000E+000, 1.97245761E-012, 1.77521185E-011
 3.10000000E+002, 3.40000010E+000, 8.59999990E+000, 2.18570657E-012, 1.87970763E-011
 3.20000000E+002, 3.79999995E+000, 8.20000005E+000, 2.49753647E-012, 2.04797992E-011
 3.30000000E+002, 4.19999981E+000, 7.80000019E+000, 2.85761594E-012, 2.22894048E-011
 3.40000000E+002, 4.59999990E+000, 7.40000010E+000, 3.27509993E-012, 2.42357398E-011
 3.50000000E+002, 5.00000000E+000, 7.00000000E+000, 3.62730250E-012, 2.53911175E-011
 3.60000000E+002, 5.00000000E+000, 7.00000000E+000, 3.82587872E-012, 2.67811511E-011
 3.70000000E+002, 5.00000000E+000, 7.00000000E+000, 3.99565393E-012, 2.79695775E-011
 3.80000000E+002, 5.00000000E+000, 7.00000000E+000, 4.17199784E-012, 2.92039849E-011
 3.90000000E+002, 5.00000000E+000, 7.00000000E+000, 4.35491043E-012, 3.04843730E-011
 4.00000000E+002, 5.00000000E+000, 7.00000000E+000, 4.82556783E-012, 3.37789748E-011
 4.12500000E+002, 6.25000000E+000, 5.75000000E+000, 5.82670267E-012, 3.35035404E-011
 4.25000000E+002, 7.50000000E+000, 4.50000000E+000, 6.69168792E-012, 3.01125956E-011
 4.35000000E+002, 8.00000000E+000, 4.00000000E+000, 7.70036536E-012, 3.08014614E-011
 4.50000000E+002, 9.00000000E+000, 3.00000000E+000, 9.23936595E-012, 2.77180978E-011
 4.60000000E+002, 9.00000000E+000, 3.00000000E+000, 9.45081817E-012, 2.83524545E-011
 4.70000000E+002, 9.00000000E+000, 3.00000000E+000, 9.54189586E-012, 2.86256876E-011
 4.75000000E+002, 9.00000000E+000, 3.00000000E+000, 9.95920769E-012, 2.98776231E-011
 4.87500000E+002, 9.05000019E+000, 2.94999981E+000, 1.07823028E-011, 3.18077912E-011
 5.00000000E+002, 9.10000038E+000, 2.89999962E+000, 1.12679059E-011, 3.26769227E-011
 5.05000000E+002, 9.00000000E+000, 3.00000000E+000, 1.08601964E-011, 3.25805891E-011
 5.17500000E+002, 8.00000000E+000, 4.00000000E+000, 9.02072200E-012, 3.60828880E-011
 5.30000000E+002, 7.00000000E+000, 5.00000000E+000, 7.29329874E-012, 3.64664937E-011
 5.40000000E+002, 6.50000000E+000, 5.50000000E+000, 6.61870048E-012, 3.64028527E-011
 5.50000000E+002, 6.00000000E+000, 6.00000000E+000, 6.62575704E-012, 3.97545422E-011
 5.65000000E+002, 5.50000000E+000, 6.50000000E+000, 7.08498557E-012, 4.60524062E-011
 5.75000000E+002, 5.50000000E+000, 6.50000000E+000, 7.82332346E-012, 5.08516025E-011
 5.87500000E+002, 5.25000000E+000, 6.75000000E+000, 8.28708623E-012, 5.59378320E-011
 6.00000000E+002, 5.00000000E+000, 7.00000000E+000, 8.44734056E-012, 5.91313839E-011
 6.10000000E+002, 4.80000019E+000, 7.19999981E+000, 8.82423607E-012, 6.35344980E-011
 6.20000000E+002, 4.59999990E+000, 7.40000010E+000, 9.35072002E-012, 6.91953291E-011
 6.30000000E+002, 4.40000010E+000, 7.59999990E+000, 9.91927468E-012, 7.53864866E-011
 6.40000000E+002, 4.19999981E+000, 7.80000019E+000, 1.05391753E-011, 8.22055692E-011
 6.50000000E+002, 4.00000000E+000, 8.00000000E+000, 1.08408122E-011, 8.67264975E-011
 6.60000000E+002, 3.79999995E+000, 8.20000005E+000, 1.04732584E-011, 8.58807192E-011
 6.70000000E+002, 3.59999990E+000, 8.40000010E+000, 9.82970744E-012, 8.25695435E-011
 6.80000000E+002, 3.40000010E+000, 8.59999990E+000, 9.26630457E-012, 7.96902184E-011
 6.90000000E+002, 3.20000005E+000, 8.79999995E+000, 8.77163095E-012, 7.71903520E-011
 7.00000000E+002, 3.00000000E+000, 9.00000000E+000, 8.43760870E-012, 7.59384783E-011
 7.10000000E+002, 3.00000000E+000, 9.00000000E+000, 8.43098909E-012, 7.58789019E-011
 7.20000000E+002, 3.00000000E+000, 9.00000000E+000, 8.61982470E-012, 7.75784223E-011
 7.30000000E+002, 3.00000000E+000, 9.00000000E+000, 8.80335483E-012, 7.92301935E-011
 7.40000000E+002, 3.00000000E+000, 9.00000000E+000, 8.98275840E-012, 8.08448256E-011
 7.50000000E+002, 3.00000000E+000, 9.00000000E+000, 9.57815042E-012, 8.62033538E-011
 7.60000000E+002, 2.85999990E+000, 9.14000010E+000, 1.13063257E-011, 1.03339818E-010
 7.70000000E+002, 2.72000003E+000, 9.27999997E+000, 1.44565142E-011, 1.34156451E-010
 7.80000000E+002, 2.57999992E+000, 9.42000008E+000, 2.00694815E-011, 1.89054517E-010
 7.90000000E+002, 2.44000006E+000, 9.55999994E+000, 3.34787799E-011, 3.20057134E-010
 8.00000000E+002, 2.29999995E+000, 9.70000005E+000, 2.79250858E-011, 2.70873334E-010
 8.10000000E+002, 2.15000010E+000, 9.84999990E+000, 9.36412387E-012, 9.22366192E-011
 8.20000000E+002, 2.00000000E+000, 1.00000000E+001, 5.14500671E-012, 5.14500671E-011
 8.30000000E+002, 1.89999998E+000, 1.01000000E+001, 4.66152393E-012, 4.70813918E-011
 8.40000000E+002, 1.79999995E+000, 1.02000001E+001, 4.76983960E-012, 4.86523642E-011
 8.50000000E+002, 1.70000005E+000, 1.03000000E+001, 4.87675508E-012, 5.02305770E-011
 8.60000000E+002, 1.60000002E+000, 1.04000000E+001, 4.98359654E-012, 5.18294040E-011
 8.70000000E+002, 1.50000000E+000, 1.05000000E+001, 5.08905560E-012, 5.34350838E-011
 8.80000000E+002, 1.39999998E+000, 1.06000000E+001, 5.19294718E-012, 5.50452402E-011
 8.90000000E+002, 1.29999995E+000, 1.07000001E+001, 5.29442168E-012, 5.66503122E-011
 9.00000000E+002, 1.20000005E+000, 1.08000000E+001, 5.44901124E-012, 5.88493211E-011
 9.10000000E+002, 1.03999996E+000, 1.09600000E+001, 5.70974897E-012, 6.25788489E-011
 9.20000000E+002, 8.80000000E-001, 1.11200000E+001, 6.04370475E-012, 6.72059968E-011
 9.30000000E+002, 7.20000030E-001, 1.12800000E+001, 6.41310441E-012, 7.23398175E-011
 9.40000000E+002, 5.60000000E-001, 1.14400000E+001, 6.83428673E-012, 7.81842402E-011
 9.50000000E+002, 4.00000010E-001, 1.16000000E+001, 6.94718960E-012, 8.05873993E-011
 9.60000000E+002, 3.19999990E-001, 1.16800000E+001, 6.47846795E-012, 7.56685057E-011
 9.70000000E+002, 2.39999990E-001, 1.17600000E+001, 5.81921242E-012, 6.84339381E-011
 9.80000000E+002, 1.60000000E-001, 1.18400000E+001, 5.27570901E-012, 6.24643947E-011
 9.90000000E+002, 8.00000000E-002, 1.19200000E+001, 4.81784145E-012, 5.74286700E-011
 1.00000000E+003, 0.00000000E+000, 1.20000000E+001, 4.51051941E-012, 5.41262330E-011
 1.01000000E+003, 0.00000000E+000, 1.20000000E+001, 4.41002856E-012, 5.29203427E-011
 1.02000000E+003, 0.00000000E+000, 1.20000000E+001, 4.40560732E-012, 5.28672878E-011
 1.03000000E+003, 0.00000000E+000, 1.20000000E+001, 4.39764910E-012, 5.27717892E-011
 1.04000000E+003, 0.00000000E+000, 1.20000000E+001, 4.38703815E-012, 5.26444577E-011
 1.05000000E+003, 0.00000000E+000, 1.20000000E+001, 4.37230071E-012, 5.24676085E-011
 1.06000000E+003, 0.00000000E+000, 1.20000000E+001, 4.35255255E-012, 5.22306306E-011
 1.07000000E+003, 0.00000000E+000, 1.20000000E+001, 4.32926741E-012, 5.19512089E-011
 1.08000000E+003, 0.00000000E+000, 1.20000000E+001, 4.30097155E-012, 5.16116586E-011
 1.09000000E+003, 0.00000000E+000, 1.20000000E+001, 4.27031770E-012, 5.12438123E-011
 1.10000000E+003, 0.00000000E+000, 1.20000000E+001, 4.23612686E-012, 5.08335223E-011
 1.11000000E+003, 0.00000000E+000, 1.20000000E+001, 4.19780955E-012, 5.03737146E-011
 1.12000000E+003, 0.00000000E+000, 1.20000000E+001, 4.15536576E-012, 4.98643891E-011
 1.13000000E+003, 0.00000000E+000, 1.20000000E+001, 4.10791124E-012, 4.92949349E-011
 1.14000000E+003, 0.00000000E+000, 1.20000000E+001, 4.05633024E-012, 4.86759629E-011
 1.15000000E+003, 0.00000000E+000, 1.20000000E+001, 4.00062276E-012, 4.80074731E-011
 1.16000000E+003, 0.00000000E+000, 1.20000000E+001, 3.94108355E-012, 4.72930026E-011
 1.17000000E+003, 0.00000000E+000, 1.20000000E+001, 3.87712310E-012, 4.65254772E-011
 1.18000000E+003, 0.00000000E+000, 1.20000000E+001, 3.81109942E-012, 4.57331930E-011
 1.19000000E+003, 0.00000000E+000, 1.20000000E+001, 3.73977026E-012, 4.48772431E-011
 1.20000000E+003, 0.00000000E+000, 1.20000000E+001, 3.66401987E-012, 4.39682384E-011
 1.21000000E+003, 0.00000000E+000, 1.20000000E+001, 3.58502724E-012, 4.30203269E-011
 1.22000000E+003, 0.00000000E+000, 1.20000000E+001, 3.50279239E-012, 4.20335086E-011
 1.23000000E+003, 0.00000000E+000, 1.20000000E+001, 3.41672579E-012, 4.10007095E-011
 1.24000000E+003, 0.00000000E+000, 1.20000000E+001, 3.32800647E-012, 3.99360776E-011
 1.25000000E+003, 0.00000000E+000, 1.20000000E+001, 3.23368692E-012, 3.88042430E-011
 1.26000000E+003, 0.00000000E+000, 1.20000000E+001, 3.13759887E-012, 3.76511865E-011
 1.27000000E+003, 0.00000000E+000, 1.20000000E+001, 3.03767910E-012, 3.64521492E-011
 1.28000000E+003, 0.00000000E+000, 1.20000000E+001, 2.93392759E-012, 3.52071311E-011
 1.29000000E+003, 0.00000000E+000, 1.20000000E+001, 2.82663911E-012, 3.39196693E-011
 1.30000000E+003, 0.00000000E+000, 1.20000000E+001, 2.71758213E-012, 3.26109855E-011
 1.31000000E+003, 0.00000000E+000, 1.20000000E+001, 2.60410392E-012, 3.12492470E-011
 1.32000000E+003, 0.00000000E+000, 1.20000000E+001, 2.48826772E-012, 2.98592126E-011
 1.33000000E+003, 0.00000000E+000, 1.20000000E+001, 2.36948404E-012, 2.84338084E-011
 1.34000000E+003, 0.00000000E+000, 1.20000000E+001, 2.24804762E-012, 2.69765714E-011
 1.35000000E+003, 0.00000000E+000, 1.20000000E+001, 2.12572695E-012, 2.55087234E-011
 1.36000000E+003, 0.00000000E+000, 1.20000000E+001, 2.00045879E-012, 2.40055055E-011
 1.37000000E+003, 0.00000000E+000, 1.20000000E+001, 1.87194841E-012, 2.24633809E-011
 1.38000000E+003, 0.00000000E+000, 1.20000000E+001, 1.74108003E-012, 2.08929604E-011
 1.39000000E+003, 0.00000000E+000, 1.20000000E+001, 1.60962215E-012, 1.93154659E-011
 1.40000000E+003, 0.00000000E+000, 1.20000000E+001, 1.47433255E-012, 1.76919906E-011
 1.41000000E+003, 0.00000000E+000, 1.20000000E+001, 1.33904294E-012, 1.60685153E-011
 1.42000000E+003, 0.00000000E+000, 1.20000000E+001, 1.20169009E-012, 1.44202811E-011
 1.43000000E+003, 0.00000000E+000, 1.20000000E+001, 1.06256875E-012, 1.27508250E-011
 1.44000000E+003, 0.00000000E+000, 1.20000000E+001, 9.22268412E-013, 1.10672209E-011
 1.45000000E+003, 0.00000000E+000, 1.20000000E+001, 7.82557572E-013, 9.39069086E-012
 1.46000000E+003, 0.00000000E+000, 1.20000000E+001, 6.42846730E-013, 7.71416076E-012
 1.47000000E+003, 0.00000000E+000, 1.20000000E+001, 5.01367396E-013, 6.01640875E-012
 1.48000000E+003, 0.00000000E+000, 1.20000000E+001, 3.59593312E-013, 4.31511974E-012
 1.49000000E+003, 0.00000000E+000, 1.20000000E+001, 2.16050736E-013, 2.59260883E-012
 1.50000000E+003, 0.00000000E+000, 1.20000000E+001, 7.28029083E-014, 8.73634900E-013
