   5000.1580152670695      ,          30
X,ZB,H,U,Q
 0.00000000E+000, 0.00000000E+000, 1.20000000E+001, 0.00000000E+000, 0.00000000E+000
 5.00000000E+001, 0.00000000E+000, 1.20000000E+001, 2.94748602E-016, 3.53698322E-015
 1.00000000E+002, 2.50000000E+000, 9.50000000E+000,-3.72314023E-016,-3.53698322E-015
 1.50000000E+002, 5.00000000E+000, 7.00000000E+000, 0.00000000E+000, 0.00000000E+000
 2.00000000E+002, 5.00000000E+000, 7.00000000E+000, 0.00000000E+000, 0.00000000E+000
 2.50000000E+002, 5.00000000E+000, 7.00000000E+000, 0.00000000E+000, 0.00000000E+000
 3.00000000E+002, 3.00000000E+000, 9.00000000E+000, 0.00000000E+000, 0.00000000E+000
 3.50000000E+002, 5.00000000E+000, 7.00000000E+000, 0.00000000E+000, 0.00000000E+000
 4.00000000E+002, 5.00000000E+000, 7.00000000E+000, 0.00000000E+000, 0.00000000E+000
 4.25000000E+002, 7.50000000E+000, 4.50000000E+000, 0.00000000E+000, 0.00000000E+000
 4.35000000E+002, 8.00000000E+000, 4.00000000E+000, 0.00000000E+000, 0.00000000E+000
 4.50000000E+002, 9.00000000E+000, 3.00000000E+000,-4.91247669E-016,-1.47374301E-015
 4.70000000E+002, 9.00000000E+000, 3.00000000E+000,-1.76849161E-015,-5.30547483E-015
 4.75000000E+002, 9.00000000E+000, 3.00000000E+000,-2.52276147E-015,-7.56828440E-015
 5.00000000E+002, 9.10000038E+000, 2.89999962E+000,-1.10107251E-015,-3.19310985E-015
 5.05000000E+002, 9.00000000E+000, 3.00000000E+000, 1.48397733E-016, 4.45193200E-016
 5.30000000E+002, 7.00000000E+000, 5.00000000E+000,-1.96499068E-016,-9.82495338E-016
 5.50000000E+002, 6.00000000E+000, 6.00000000E+000, 2.10534715E-016, 1.26320829E-015
 5.65000000E+002, 5.50000000E+000, 6.50000000E+000, 0.00000000E+000, 0.00000000E+000
 5.75000000E+002, 5.50000000E+000, 6.50000000E+000, 0.00000000E+000, 0.00000000E+000
 6.00000000E+002, 5.00000000E+000, 7.00000000E+000, 0.00000000E+000, 0.00000000E+000
 6.50000000E+002, 4.00000000E+000, 8.00000000E+000, 0.00000000E+000, 0.00000000E+000
 7.00000000E+002, 3.00000000E+000, 9.00000000E+000, 0.00000000E+000, 0.00000000E+000
 7.50000000E+002, 3.00000000E+000, 9.00000000E+000, 1.30999378E-016, 1.17899441E-015
 8.00000000E+002, 2.29999995E+000, 9.70000005E+000, 7.81365950E-016, 7.57924975E-015
 8.20000000E+002, 2.00000000E+000, 1.00000000E+001, 1.34110614E-015, 1.34110614E-014
 9.00000000E+002, 1.20000005E+000, 1.08000000E+001, 7.55765648E-016, 8.16226896E-015
 9.50000000E+002, 4.00000010E-001, 1.16000000E+001, 1.84217876E-015, 2.13692736E-014
 1.00000000E+003, 0.00000000E+000, 1.20000000E+001, 2.65050447E-015, 3.18060536E-014
 1.50000000E+003, 0.00000000E+000, 1.20000000E+001, 4.42122902E-016, 5.30547483E-015
