   1555.5816700812247      ,         149
X,ZB,H,U,Q
 0.00000000E+000, 0.00000000E+000, 1.20000000E+001,-1.98225804E-012,-2.37870965E-011
 1.00000000E+001, 0.00000000E+000, 1.20000000E+001,-7.40659024E-012,-8.88790829E-011
 2.00000000E+001, 0.00000000E+000, 1.20000000E+001,-1.15516398E-011,-1.38619678E-010
 3.00000000E+001, 0.00000000E+000, 1.20000000E+001,-1.58405267E-011,-1.90086320E-010
 4.00000000E+001, 0.00000000E+000, 1.20000000E+001,-1.98211802E-011,-2.37854163E-010
 5.00000000E+001, 0.00000000E+000, 1.20000000E+001,-2.20766000E-011,-2.64919200E-010
 6.00000000E+001, 5.00000000E-001, 1.15000000E+001,-3.24563479E-011,-3.73248001E-010
 7.00000000E+001, 1.00000000E+000, 1.10000000E+001,-4.01212415E-011,-4.41333657E-010
 8.00000000E+001, 1.50000000E+000, 1.05000000E+001,-4.88690549E-011,-5.13125076E-010
 9.00000000E+001, 2.00000000E+000, 1.00000000E+001,-5.85927023E-011,-5.85927023E-010
 1.00000000E+002, 2.50000000E+000, 9.50000000E+000,-6.85418539E-011,-6.51147612E-010
 1.10000000E+002, 3.00000000E+000, 9.00000000E+000,-7.61515495E-011,-6.85363946E-010
 1.20000000E+002, 3.50000000E+000, 8.50000000E+000,-8.38074552E-011,-7.12363369E-010
 1.30000000E+002, 4.00000000E+000, 8.00000000E+000,-9.06448249E-011,-7.25158600E-010
 1.40000000E+002, 4.50000000E+000, 7.50000000E+000,-9.96542995E-011,-7.47407247E-010
 1.50000000E+002, 5.00000000E+000, 7.00000000E+000,-9.32593563E-011,-6.52815494E-010
 1.60000000E+002, 5.00000000E+000, 7.00000000E+000,-1.11897200E-010,-7.83280399E-010
 1.70000000E+002, 5.00000000E+000, 7.00000000E+000,-1.18248611E-010,-8.27740276E-010
 1.80000000E+002, 5.00000000E+000, 7.00000000E+000,-1.23563717E-010,-8.64946021E-010
 1.90000000E+002, 5.00000000E+000, 7.00000000E+000,-1.29928518E-010,-9.09499625E-010
 2.00000000E+002, 5.00000000E+000, 7.00000000E+000,-1.31106083E-010,-9.17742582E-010
 2.10000000E+002, 5.00000000E+000, 7.00000000E+000,-1.19168830E-010,-8.34181812E-010
 2.20000000E+002, 5.00000000E+000, 7.00000000E+000,-1.03075745E-010,-7.21530217E-010
 2.30000000E+002, 5.00000000E+000, 7.00000000E+000,-8.69533857E-011,-6.08673700E-010
 2.40000000E+002, 5.00000000E+000, 7.00000000E+000,-6.95292903E-011,-4.86705032E-010
 2.50000000E+002, 5.00000000E+000, 7.00000000E+000,-5.56479640E-011,-3.89535748E-010
 2.60000000E+002, 4.59999990E+000, 7.40000010E+000,-3.73095261E-011,-2.76090497E-010
 2.70000000E+002, 4.19999981E+000, 7.80000019E+000,-2.29783857E-011,-1.79231413E-010
 2.80000000E+002, 3.79999995E+000, 8.20000005E+000,-9.37710344E-012,-7.68922487E-011
 2.90000000E+002, 3.40000010E+000, 8.59999990E+000, 3.01255023E-012, 2.59079317E-011
 3.00000000E+002, 3.00000000E+000, 9.00000000E+000, 1.26153475E-011, 1.13538128E-010
 3.10000000E+002, 3.40000010E+000, 8.59999990E+000, 3.33929456E-011, 2.87179328E-010
 3.20000000E+002, 3.79999995E+000, 8.20000005E+000, 5.02713418E-011, 4.12225006E-010
 3.30000000E+002, 4.19999981E+000, 7.80000019E+000, 7.37385361E-011, 5.75160596E-010
 3.40000000E+002, 4.59999990E+000, 7.40000010E+000, 9.80674080E-011, 7.25698829E-010
 3.50000000E+002, 5.00000000E+000, 7.00000000E+000, 1.27074458E-010, 8.89521205E-010
 3.60000000E+002, 5.00000000E+000, 7.00000000E+000, 1.44030851E-010, 1.00821596E-009
 3.70000000E+002, 5.00000000E+000, 7.00000000E+000, 1.59706413E-010, 1.11794489E-009
 3.80000000E+002, 5.00000000E+000, 7.00000000E+000, 1.73298787E-010, 1.21309151E-009
 3.90000000E+002, 5.00000000E+000, 7.00000000E+000, 1.86230409E-010, 1.30361286E-009
 4.00000000E+002, 5.00000000E+000, 7.00000000E+000, 1.95416495E-010, 1.36791546E-009
 4.12500000E+002, 6.25000000E+000, 5.75000000E+000, 2.28333304E-010, 1.31291650E-009
 4.25000000E+002, 7.50000000E+000, 4.50000000E+000, 2.75314003E-010, 1.23891302E-009
 4.35000000E+002, 8.00000000E+000, 4.00000000E+000, 2.85262082E-010, 1.14104833E-009
 4.50000000E+002, 9.00000000E+000, 3.00000000E+000, 3.60892840E-010, 1.08267852E-009
 4.60000000E+002, 9.00000000E+000, 3.00000000E+000, 3.35676210E-010, 1.00702863E-009
 4.70000000E+002, 9.00000000E+000, 3.00000000E+000, 3.07729770E-010, 9.23189309E-010
 4.75000000E+002, 9.00000000E+000, 3.00000000E+000, 2.87960401E-010, 8.63881204E-010
 4.87500000E+002, 9.05000019E+000, 2.94999981E+000, 2.63276519E-010, 7.76665680E-010
 5.00000000E+002, 9.10000038E+000, 2.89999962E+000, 2.33230422E-010, 6.76368134E-010
 5.05000000E+002, 9.00000000E+000, 3.00000000E+000, 1.69561055E-010, 5.08683166E-010
 5.17500000E+002, 8.00000000E+000, 4.00000000E+000, 1.02596366E-010, 4.10385463E-010
 5.30000000E+002, 7.00000000E+000, 5.00000000E+000, 5.08067107E-011, 2.54033553E-010
 5.40000000E+002, 6.50000000E+000, 5.50000000E+000, 2.90002481E-011, 1.59501364E-010
 5.50000000E+002, 6.00000000E+000, 6.00000000E+000, 1.45067250E-011, 8.70403498E-011
 5.65000000E+002, 5.50000000E+000, 6.50000000E+000, 3.78071296E-013, 2.45746343E-012
 5.75000000E+002, 5.50000000E+000, 6.50000000E+000,-4.71108597E-012,-3.06220588E-011
 5.87500000E+002, 5.25000000E+000, 6.75000000E+000,-6.42525595E-012,-4.33704776E-011
 6.00000000E+002, 5.00000000E+000, 7.00000000E+000,-5.70754532E-012,-3.99528173E-011
 6.10000000E+002, 4.80000019E+000, 7.19999981E+000,-3.37944541E-012,-2.43320063E-011
 6.20000000E+002, 4.59999990E+000, 7.40000010E+000, 3.55463354E-012, 2.63042886E-011
 6.30000000E+002, 4.40000010E+000, 7.59999990E+000, 1.27077586E-011, 9.65789639E-011
 6.40000000E+002, 4.19999981E+000, 7.80000019E+000, 2.53645600E-011, 1.97843573E-010
 6.50000000E+002, 4.00000000E+000, 8.00000000E+000, 3.88004915E-011, 3.10403932E-010
 6.60000000E+002, 3.79999995E+000, 8.20000005E+000, 5.34072180E-011, 4.37939190E-010
 6.70000000E+002, 3.59999990E+000, 8.40000010E+000, 6.76870345E-011, 5.68571097E-010
 6.80000000E+002, 3.40000010E+000, 8.59999990E+000, 8.12694899E-011, 6.98917605E-010
 6.90000000E+002, 3.20000005E+000, 8.79999995E+000, 9.76002352E-011, 8.58882065E-010
 7.00000000E+002, 3.00000000E+000, 9.00000000E+000, 1.13670725E-010, 1.02303653E-009
 7.10000000E+002, 3.00000000E+000, 9.00000000E+000, 1.34741474E-010, 1.21267327E-009
 7.20000000E+002, 3.00000000E+000, 9.00000000E+000, 1.57575157E-010, 1.41817641E-009
 7.30000000E+002, 3.00000000E+000, 9.00000000E+000, 1.81469002E-010, 1.63322101E-009
 7.40000000E+002, 3.00000000E+000, 9.00000000E+000, 2.04962430E-010, 1.84466187E-009
 7.50000000E+002, 3.00000000E+000, 9.00000000E+000, 2.36687992E-010, 2.13019192E-009
 7.60000000E+002, 2.85999990E+000, 9.14000010E+000, 3.00838054E-010, 2.74965985E-009
 7.70000000E+002, 2.72000003E+000, 9.27999997E+000, 4.03214856E-010, 3.74183385E-009
 7.80000000E+002, 2.57999992E+000, 9.42000008E+000, 5.00236855E-010, 4.71223121E-009
 7.90000000E+002, 2.44000006E+000, 9.55999994E+000, 8.47682660E-010, 8.10384618E-009
 8.00000000E+002, 2.29999995E+000, 9.70000005E+000, 9.86179456E-010, 9.56594078E-009
 8.10000000E+002, 2.15000010E+000, 9.84999990E+000,-1.12952919E-010,-1.11258625E-009
 8.20000000E+002, 2.00000000E+000, 1.00000000E+001, 1.91078622E-010, 1.91078622E-009
 8.30000000E+002, 1.89999998E+000, 1.01000000E+001, 1.83778886E-010, 1.85616676E-009
 8.40000000E+002, 1.79999995E+000, 1.02000001E+001, 2.07832121E-010, 2.11988765E-009
 8.50000000E+002, 1.70000005E+000, 1.03000000E+001, 2.20595699E-010, 2.27213569E-009
 8.60000000E+002, 1.60000002E+000, 1.04000000E+001, 2.32680042E-010, 2.41987243E-009
 8.70000000E+002, 1.50000000E+000, 1.05000000E+001, 2.43790468E-010, 2.55979992E-009
 8.80000000E+002, 1.39999998E+000, 1.06000000E+001, 2.53960030E-010, 2.69197632E-009
 8.90000000E+002, 1.29999995E+000, 1.07000001E+001, 2.62803155E-010, 2.81199377E-009
 9.00000000E+002, 1.20000005E+000, 1.08000000E+001, 2.73771695E-010, 2.95673429E-009
 9.10000000E+002, 1.03999996E+000, 1.09600000E+001, 2.89589593E-010, 3.17390196E-009
 9.20000000E+002, 8.80000000E-001, 1.11200000E+001, 3.07481836E-010, 3.41919801E-009
 9.30000000E+002, 7.20000030E-001, 1.12800000E+001, 3.26406959E-010, 3.68187048E-009
 9.40000000E+002, 5.60000000E-001, 1.14400000E+001, 3.55083545E-010, 4.06215576E-009
 9.50000000E+002, 4.00000010E-001, 1.16000000E+001, 3.52979554E-010, 4.09456282E-009
 9.60000000E+002, 3.19999990E-001, 1.16800000E+001, 3.25420460E-010, 3.80091097E-009
 9.70000000E+002, 2.39999990E-001, 1.17600000E+001, 2.91574152E-010, 3.42891203E-009
 9.80000000E+002, 1.60000000E-001, 1.18400000E+001, 2.60726131E-010, 3.08699739E-009
 9.90000000E+002, 8.00000000E-002, 1.19200000E+001, 2.34293971E-010, 2.79278414E-009
 1.00000000E+003, 0.00000000E+000, 1.20000000E+001, 2.11591430E-010, 2.53909716E-009
 1.01000000E+003, 0.00000000E+000, 1.20000000E+001, 2.02662654E-010, 2.43195185E-009
 1.02000000E+003, 0.00000000E+000, 1.20000000E+001, 1.96951015E-010, 2.36341219E-009
 1.03000000E+003, 0.00000000E+000, 1.20000000E+001, 1.90008286E-010, 2.28009943E-009
 1.04000000E+003, 0.00000000E+000, 1.20000000E+001, 1.82451153E-010, 2.18941383E-009
 1.05000000E+003, 0.00000000E+000, 1.20000000E+001, 1.74303049E-010, 2.09163658E-009
 1.06000000E+003, 0.00000000E+000, 1.20000000E+001, 1.65647240E-010, 1.98776688E-009
 1.07000000E+003, 0.00000000E+000, 1.20000000E+001, 1.56542456E-010, 1.87850947E-009
 1.08000000E+003, 0.00000000E+000, 1.20000000E+001, 1.47036519E-010, 1.76443823E-009
 1.09000000E+003, 0.00000000E+000, 1.20000000E+001, 1.37162735E-010, 1.64595282E-009
 1.10000000E+003, 0.00000000E+000, 1.20000000E+001, 1.26945791E-010, 1.52334949E-009
 1.11000000E+003, 0.00000000E+000, 1.20000000E+001, 1.16401233E-010, 1.39681480E-009
 1.12000000E+003, 0.00000000E+000, 1.20000000E+001, 1.05548664E-010, 1.26658396E-009
 1.13000000E+003, 0.00000000E+000, 1.20000000E+001, 9.44020084E-011, 1.13282410E-009
 1.14000000E+003, 0.00000000E+000, 1.20000000E+001, 8.29707734E-011, 9.95649281E-010
 1.15000000E+003, 0.00000000E+000, 1.20000000E+001, 7.12763279E-011, 8.55315935E-010
 1.16000000E+003, 0.00000000E+000, 1.20000000E+001, 5.93828534E-011, 7.12594241E-010
 1.17000000E+003, 0.00000000E+000, 1.20000000E+001, 4.72934448E-011, 5.67521337E-010
 1.18000000E+003, 0.00000000E+000, 1.20000000E+001, 3.48175470E-011, 4.17810564E-010
 1.19000000E+003, 0.00000000E+000, 1.20000000E+001, 2.18217864E-011, 2.61861437E-010
 1.20000000E+003, 0.00000000E+000, 1.20000000E+001, 8.71814780E-012, 1.04617774E-010
 1.21000000E+003, 0.00000000E+000, 1.20000000E+001,-4.20945219E-012,-5.05134262E-011
 1.22000000E+003, 0.00000000E+000, 1.20000000E+001,-1.69325703E-011,-2.03190844E-010
 1.23000000E+003, 0.00000000E+000, 1.20000000E+001,-2.92855579E-011,-3.51426695E-010
 1.24000000E+003, 0.00000000E+000, 1.20000000E+001,-4.11773376E-011,-4.94128051E-010
 1.25000000E+003, 0.00000000E+000, 1.20000000E+001,-5.26087937E-011,-6.31305524E-010
 1.26000000E+003, 0.00000000E+000, 1.20000000E+001,-6.36277490E-011,-7.63532989E-010
 1.27000000E+003, 0.00000000E+000, 1.20000000E+001,-7.40140266E-011,-8.88168319E-010
 1.28000000E+003, 0.00000000E+000, 1.20000000E+001,-8.37238561E-011,-1.00468627E-009
 1.29000000E+003, 0.00000000E+000, 1.20000000E+001,-9.26623284E-011,-1.11194794E-009
 1.30000000E+003, 0.00000000E+000, 1.20000000E+001,-1.00736303E-010,-1.20883564E-009
 1.31000000E+003, 0.00000000E+000, 1.20000000E+001,-1.07863545E-010,-1.29436255E-009
 1.32000000E+003, 0.00000000E+000, 1.20000000E+001,-1.13987316E-010,-1.36784779E-009
 1.33000000E+003, 0.00000000E+000, 1.20000000E+001,-1.19064213E-010,-1.42877056E-009
 1.34000000E+003, 0.00000000E+000, 1.20000000E+001,-1.23037203E-010,-1.47644644E-009
 1.35000000E+003, 0.00000000E+000, 1.20000000E+001,-1.25833557E-010,-1.51000268E-009
 1.36000000E+003, 0.00000000E+000, 1.20000000E+001,-1.27445463E-010,-1.52934556E-009
 1.37000000E+003, 0.00000000E+000, 1.20000000E+001,-1.27641471E-010,-1.53169766E-009
 1.38000000E+003, 0.00000000E+000, 1.20000000E+001,-1.25893833E-010,-1.51072600E-009
 1.39000000E+003, 0.00000000E+000, 1.20000000E+001,-1.22958137E-010,-1.47549764E-009
 1.40000000E+003, 0.00000000E+000, 1.20000000E+001,-1.18662692E-010,-1.42395230E-009
 1.41000000E+003, 0.00000000E+000, 1.20000000E+001,-1.13004035E-010,-1.35604842E-009
 1.42000000E+003, 0.00000000E+000, 1.20000000E+001,-1.05975017E-010,-1.27170021E-009
 1.43000000E+003, 0.00000000E+000, 1.20000000E+001,-9.75429967E-011,-1.17051596E-009
 1.44000000E+003, 0.00000000E+000, 1.20000000E+001,-8.76866771E-011,-1.05224013E-009
 1.45000000E+003, 0.00000000E+000, 1.20000000E+001,-7.64591134E-011,-9.17509361E-010
 1.46000000E+003, 0.00000000E+000, 1.20000000E+001,-6.40538817E-011,-7.68646580E-010
 1.47000000E+003, 0.00000000E+000, 1.20000000E+001,-5.07724360E-011,-6.09269232E-010
 1.48000000E+003, 0.00000000E+000, 1.20000000E+001,-3.69494635E-011,-4.43393562E-010
 1.49000000E+003, 0.00000000E+000, 1.20000000E+001,-2.30298135E-011,-2.76357762E-010
 1.50000000E+003, 0.00000000E+000, 1.20000000E+001,-7.78946864E-012,-9.34736237E-011
