   5000.1580152670695      ,          30
X,ZB,H,U,Q
 0.00000000E+000, 0.00000000E+000, 1.20000000E+001, 0.00000000E+000, 0.00000000E+000
 5.00000000E+001, 0.00000000E+000, 1.20000000E+001, 0.00000000E+000, 0.00000000E+000
 1.00000000E+002, 2.50000000E+000, 9.50000000E+000, 0.00000000E+000, 0.00000000E+000
 1.50000000E+002, 5.00000000E+000, 7.00000000E+000, 0.00000000E+000, 0.00000000E+000
 2.00000000E+002, 5.00000000E+000, 7.00000000E+000, 0.00000000E+000, 0.00000000E+000
 2.50000000E+002, 5.00000000E+000, 7.00000000E+000, 0.00000000E+000, 0.00000000E+000
 3.00000000E+002, 3.00000000E+000, 9.00000000E+000, 0.00000000E+000, 0.00000000E+000
 3.50000000E+002, 5.00000000E+000, 7.00000000E+000, 0.00000000E+000, 0.00000000E+000
 4.00000000E+002, 5.00000000E+000, 7.00000000E+000, 0.00000000E+000, 0.00000000E+000
 4.25000000E+002, 7.50000000E+000, 4.50000000E+000, 0.00000000E+000, 0.00000000E+000
 4.35000000E+002, 8.00000000E+000, 4.00000000E+000,-2.94748602E-016,-1.17899441E-015
 4.50000000E+002, 9.00000000E+000, 3.00000000E+000,-7.01782385E-016,-2.10534715E-015
 4.70000000E+002, 9.00000000E+000, 3.00000000E+000,-1.08074487E-015,-3.24223462E-015
 4.75000000E+002, 9.00000000E+000, 3.00000000E+000,-1.37651691E-015,-4.12955072E-015
 5.00000000E+002, 9.10000038E+000, 2.89999962E+000,-8.46978851E-017,-2.45623835E-016
 5.05000000E+002, 9.00000000E+000, 3.00000000E+000, 3.94021568E-016, 1.18206470E-015
 5.30000000E+002, 7.00000000E+000, 5.00000000E+000, 0.00000000E+000, 0.00000000E+000
 5.50000000E+002, 6.00000000E+000, 6.00000000E+000, 0.00000000E+000, 0.00000000E+000
 5.65000000E+002, 5.50000000E+000, 6.50000000E+000, 0.00000000E+000, 0.00000000E+000
 5.75000000E+002, 5.50000000E+000, 6.50000000E+000, 0.00000000E+000, 0.00000000E+000
 6.00000000E+002, 5.00000000E+000, 7.00000000E+000, 0.00000000E+000, 0.00000000E+000
 6.50000000E+002, 4.00000000E+000, 8.00000000E+000, 0.00000000E+000, 0.00000000E+000
 7.00000000E+002, 3.00000000E+000, 9.00000000E+000, 0.00000000E+000, 0.00000000E+000
 7.50000000E+002, 3.00000000E+000, 9.00000000E+000, 0.00000000E+000, 0.00000000E+000
 8.00000000E+002, 2.29999995E+000, 9.70000005E+000, 0.00000000E+000, 0.00000000E+000
 8.20000000E+002, 2.00000000E+000, 1.00000000E+001, 4.42122902E-017, 4.42122902E-016
 9.00000000E+002, 1.20000005E+000, 1.08000000E+001,-4.61856785E-016,-4.98805326E-015
 9.50000000E+002, 4.00000010E-001, 1.16000000E+001, 5.20891926E-016, 6.04234633E-015
 1.00000000E+003, 0.00000000E+000, 1.20000000E+001, 1.29287455E-015, 1.55144946E-014
 1.50000000E+003, 0.00000000E+000, 1.20000000E+001, 4.32297949E-016, 5.18757539E-015
