   1555.5816700997377      ,         149
X,ZB,H,U,Q
 0.00000000E+000, 0.00000000E+000, 1.20000000E+001,-6.26635533E-013,-7.51962640E-012
 1.00000000E+001, 0.00000000E+000, 1.20000000E+001,-2.74801491E-012,-3.29761789E-011
 2.00000000E+001, 0.00000000E+000, 1.20000000E+001,-4.47126260E-012,-5.36551512E-011
 3.00000000E+001, 0.00000000E+000, 1.20000000E+001,-6.28234537E-012,-7.53881445E-011
 4.00000000E+001, 0.00000000E+000, 1.20000000E+001,-7.72513977E-012,-9.27016772E-011
 5.00000000E+001, 0.00000000E+000, 1.20000000E+001,-7.85428340E-012,-9.42514008E-011
 6.00000000E+001, 5.00000000E-001, 1.15000000E+001,-1.25000951E-011,-1.43751094E-010
 7.00000000E+001, 1.00000000E+000, 1.10000000E+001,-1.59423188E-011,-1.75365506E-010
 8.00000000E+001, 1.50000000E+000, 1.05000000E+001,-1.98849275E-011,-2.08791739E-010
 9.00000000E+001, 2.00000000E+000, 1.00000000E+001,-2.45737297E-011,-2.45737297E-010
 1.00000000E+002, 2.50000000E+000, 9.50000000E+000,-2.95844591E-011,-2.81052361E-010
 1.10000000E+002, 3.00000000E+000, 9.00000000E+000,-3.45149599E-011,-3.10634639E-010
 1.20000000E+002, 3.50000000E+000, 8.50000000E+000,-3.97649987E-011,-3.38002489E-010
 1.30000000E+002, 4.00000000E+000, 8.00000000E+000,-4.53659616E-011,-3.62927693E-010
 1.40000000E+002, 4.50000000E+000, 7.50000000E+000,-5.35220685E-011,-4.01415514E-010
 1.50000000E+002, 5.00000000E+000, 7.00000000E+000,-5.25373378E-011,-3.67761364E-010
 1.60000000E+002, 5.00000000E+000, 7.00000000E+000,-6.76001171E-011,-4.73200820E-010
 1.70000000E+002, 5.00000000E+000, 7.00000000E+000,-7.67434396E-011,-5.37204077E-010
 1.80000000E+002, 5.00000000E+000, 7.00000000E+000,-8.61046969E-011,-6.02732878E-010
 1.90000000E+002, 5.00000000E+000, 7.00000000E+000,-9.72377932E-011,-6.80664553E-010
 2.00000000E+002, 5.00000000E+000, 7.00000000E+000,-1.05162943E-010,-7.36140600E-010
 2.10000000E+002, 5.00000000E+000, 7.00000000E+000,-1.01025779E-010,-7.07180456E-010
 2.20000000E+002, 5.00000000E+000, 7.00000000E+000,-9.43404700E-011,-6.60383290E-010
 2.30000000E+002, 5.00000000E+000, 7.00000000E+000,-8.75372719E-011,-6.12760903E-010
 2.40000000E+002, 5.00000000E+000, 7.00000000E+000,-7.90219530E-011,-5.53153671E-010
 2.50000000E+002, 5.00000000E+000, 7.00000000E+000,-7.34850581E-011,-5.14395407E-010
 2.60000000E+002, 4.59999990E+000, 7.40000010E+000,-6.49901722E-011,-4.80927281E-010
 2.70000000E+002, 4.19999981E+000, 7.80000019E+000,-5.67491369E-011,-4.42643278E-010
 2.80000000E+002, 3.79999995E+000, 8.20000005E+000,-4.93844727E-011,-4.04952679E-010
 2.90000000E+002, 3.40000010E+000, 8.59999990E+000,-4.17985761E-011,-3.59467750E-010
 3.00000000E+002, 3.00000000E+000, 9.00000000E+000,-3.75586354E-011,-3.38027718E-010
 3.10000000E+002, 3.40000010E+000, 8.59999990E+000,-2.76303747E-011,-2.37621220E-010
 3.20000000E+002, 3.79999995E+000, 8.20000005E+000,-2.26303840E-011,-1.85569150E-010
 3.30000000E+002, 4.19999981E+000, 7.80000019E+000,-1.40878602E-011,-1.09885312E-010
 3.40000000E+002, 4.59999990E+000, 7.40000010E+000,-5.34153210E-012,-3.95273381E-011
 3.50000000E+002, 5.00000000E+000, 7.00000000E+000, 7.25811053E-012, 5.08067737E-011
 3.60000000E+002, 5.00000000E+000, 7.00000000E+000, 1.96687211E-011, 1.37681047E-010
 3.70000000E+002, 5.00000000E+000, 7.00000000E+000, 3.26917670E-011, 2.28842369E-010
 3.80000000E+002, 5.00000000E+000, 7.00000000E+000, 4.42026264E-011, 3.09418385E-010
 3.90000000E+002, 5.00000000E+000, 7.00000000E+000, 5.46804024E-011, 3.82762817E-010
 4.00000000E+002, 5.00000000E+000, 7.00000000E+000, 6.43715787E-011, 4.50601051E-010
 4.12500000E+002, 6.25000000E+000, 5.75000000E+000, 8.25519044E-011, 4.74673450E-010
 4.25000000E+002, 7.50000000E+000, 4.50000000E+000, 1.02709547E-010, 4.62192962E-010
 4.35000000E+002, 8.00000000E+000, 4.00000000E+000, 1.26031439E-010, 5.04125754E-010
 4.50000000E+002, 9.00000000E+000, 3.00000000E+000, 1.59771278E-010, 4.79313835E-010
 4.60000000E+002, 9.00000000E+000, 3.00000000E+000, 1.59747900E-010, 4.79243699E-010
 4.70000000E+002, 9.00000000E+000, 3.00000000E+000, 1.57302193E-010, 4.71906580E-010
 4.75000000E+002, 9.00000000E+000, 3.00000000E+000, 1.58113930E-010, 4.74341791E-010
 4.87500000E+002, 9.05000019E+000, 2.94999981E+000, 1.57941783E-010, 4.65928231E-010
 5.00000000E+002, 9.10000038E+000, 2.89999962E+000, 1.54435813E-010, 4.47863800E-010
 5.05000000E+002, 9.00000000E+000, 3.00000000E+000, 1.19824225E-010, 3.59472675E-010
 5.17500000E+002, 8.00000000E+000, 4.00000000E+000, 7.77419737E-011, 3.10967895E-010
 5.30000000E+002, 7.00000000E+000, 5.00000000E+000, 3.86800065E-011, 1.93400032E-010
 5.40000000E+002, 6.50000000E+000, 5.50000000E+000, 2.12586434E-011, 1.16922539E-010
 5.50000000E+002, 6.00000000E+000, 6.00000000E+000, 1.09420906E-011, 6.56525437E-011
 5.65000000E+002, 5.50000000E+000, 6.50000000E+000,-8.41613171E-013,-5.47048561E-012
 5.75000000E+002, 5.50000000E+000, 6.50000000E+000,-7.37696730E-012,-4.79502874E-011
 5.87500000E+002, 5.25000000E+000, 6.75000000E+000,-1.14565278E-011,-7.73315626E-011
 6.00000000E+002, 5.00000000E+000, 7.00000000E+000,-1.45613810E-011,-1.01929667E-010
 6.10000000E+002, 4.80000019E+000, 7.19999981E+000,-1.68723977E-011,-1.21481260E-010
 6.20000000E+002, 4.59999990E+000, 7.40000010E+000,-1.52514503E-011,-1.12860734E-010
 6.30000000E+002, 4.40000010E+000, 7.59999990E+000,-1.25154778E-011,-9.51176303E-011
 6.40000000E+002, 4.19999981E+000, 7.80000019E+000,-7.26135492E-012,-5.66385698E-011
 6.50000000E+002, 4.00000000E+000, 8.00000000E+000,-1.53476333E-012,-1.22781067E-011
 6.60000000E+002, 3.79999995E+000, 8.20000005E+000, 5.90072999E-012, 4.83859862E-011
 6.70000000E+002, 3.59999990E+000, 8.40000010E+000, 1.39342936E-011, 1.17048068E-010
 6.80000000E+002, 3.40000010E+000, 8.59999990E+000, 2.12466977E-011, 1.82721598E-010
 6.90000000E+002, 3.20000005E+000, 8.79999995E+000, 3.16519707E-011, 2.78537341E-010
 7.00000000E+002, 3.00000000E+000, 9.00000000E+000, 4.22796498E-011, 3.80516848E-010
 7.10000000E+002, 3.00000000E+000, 9.00000000E+000, 5.46771430E-011, 4.92094287E-010
 7.20000000E+002, 3.00000000E+000, 9.00000000E+000, 6.79786071E-011, 6.11807464E-010
 7.30000000E+002, 3.00000000E+000, 9.00000000E+000, 8.18251596E-011, 7.36426436E-010
 7.40000000E+002, 3.00000000E+000, 9.00000000E+000, 9.50978855E-011, 8.55880969E-010
 7.50000000E+002, 3.00000000E+000, 9.00000000E+000, 1.13025724E-010, 1.01723151E-009
 7.60000000E+002, 2.85999990E+000, 9.14000010E+000, 1.47308677E-010, 1.34640133E-009
 7.70000000E+002, 2.72000003E+000, 9.27999997E+000, 1.99442795E-010, 1.85082914E-009
 7.80000000E+002, 2.57999992E+000, 9.42000008E+000, 2.51429096E-010, 2.36846211E-009
 7.90000000E+002, 2.44000006E+000, 9.55999994E+000, 4.26290010E-010, 4.07533247E-009
 8.00000000E+002, 2.29999995E+000, 9.70000005E+000, 4.98221576E-010, 4.83274931E-009
 8.10000000E+002, 2.15000010E+000, 9.84999990E+000,-4.76317364E-011,-4.69172599E-010
 8.20000000E+002, 2.00000000E+000, 1.00000000E+001, 9.87522533E-011, 9.87522533E-010
 8.30000000E+002, 1.89999998E+000, 1.01000000E+001, 9.71216760E-011, 9.80928929E-010
 8.40000000E+002, 1.79999995E+000, 1.02000001E+001, 1.11603440E-010, 1.13835510E-009
 8.50000000E+002, 1.70000005E+000, 1.03000000E+001, 1.20212474E-010, 1.23818848E-009
 8.60000000E+002, 1.60000002E+000, 1.04000000E+001, 1.28482263E-010, 1.33621554E-009
 8.70000000E+002, 1.50000000E+000, 1.05000000E+001, 1.36287883E-010, 1.43102277E-009
 8.80000000E+002, 1.39999998E+000, 1.06000000E+001, 1.43324111E-010, 1.51923558E-009
 8.90000000E+002, 1.29999995E+000, 1.07000001E+001, 1.49683094E-010, 1.60160911E-009
 9.00000000E+002, 1.20000005E+000, 1.08000000E+001, 1.57035633E-010, 1.69598483E-009
 9.10000000E+002, 1.03999996E+000, 1.09600000E+001, 1.67293205E-010, 1.83353354E-009
 9.20000000E+002, 8.80000000E-001, 1.11200000E+001, 1.78105735E-010, 1.98053577E-009
 9.30000000E+002, 7.20000030E-001, 1.12800000E+001, 1.90082460E-010, 2.14413014E-009
 9.40000000E+002, 5.60000000E-001, 1.14400000E+001, 2.07219588E-010, 2.37059208E-009
 9.50000000E+002, 4.00000010E-001, 1.16000000E+001, 2.06179222E-010, 2.39167897E-009
 9.60000000E+002, 3.19999990E-001, 1.16800000E+001, 1.90314697E-010, 2.22287566E-009
 9.70000000E+002, 2.39999990E-001, 1.17600000E+001, 1.70893605E-010, 2.00970879E-009
 9.80000000E+002, 1.60000000E-001, 1.18400000E+001, 1.53440899E-010, 1.81674024E-009
 9.90000000E+002, 8.00000000E-002, 1.19200000E+001, 1.38877467E-010, 1.65541940E-009
 1.00000000E+003, 0.00000000E+000, 1.20000000E+001, 1.24515952E-010, 1.49419142E-009
 1.01000000E+003, 0.00000000E+000, 1.20000000E+001, 1.20619897E-010, 1.44743876E-009
 1.02000000E+003, 0.00000000E+000, 1.20000000E+001, 1.18074300E-010, 1.41689160E-009
 1.03000000E+003, 0.00000000E+000, 1.20000000E+001, 1.14510790E-010, 1.37412948E-009
 1.04000000E+003, 0.00000000E+000, 1.20000000E+001, 1.10539715E-010, 1.32647658E-009
 1.05000000E+003, 0.00000000E+000, 1.20000000E+001, 1.06030283E-010, 1.27236339E-009
 1.06000000E+003, 0.00000000E+000, 1.20000000E+001, 1.01038347E-010, 1.21246016E-009
 1.07000000E+003, 0.00000000E+000, 1.20000000E+001, 9.55849082E-011, 1.14701890E-009
 1.08000000E+003, 0.00000000E+000, 1.20000000E+001, 8.96964943E-011, 1.07635793E-009
 1.09000000E+003, 0.00000000E+000, 1.20000000E+001, 8.34155490E-011, 1.00098659E-009
 1.10000000E+003, 0.00000000E+000, 1.20000000E+001, 7.67959375E-011, 9.21551250E-010
 1.11000000E+003, 0.00000000E+000, 1.20000000E+001, 6.98772299E-011, 8.38526759E-010
 1.12000000E+003, 0.00000000E+000, 1.20000000E+001, 6.26675318E-011, 7.52010381E-010
 1.13000000E+003, 0.00000000E+000, 1.20000000E+001, 5.51494529E-011, 6.61793435E-010
 1.14000000E+003, 0.00000000E+000, 1.20000000E+001, 4.72981607E-011, 5.67577929E-010
 1.15000000E+003, 0.00000000E+000, 1.20000000E+001, 3.91182976E-011, 4.69419571E-010
 1.16000000E+003, 0.00000000E+000, 1.20000000E+001, 3.06535598E-011, 3.67842718E-010
 1.17000000E+003, 0.00000000E+000, 1.20000000E+001, 2.19813928E-011, 2.63776713E-010
 1.18000000E+003, 0.00000000E+000, 1.20000000E+001, 1.32317069E-011, 1.58780482E-010
 1.19000000E+003, 0.00000000E+000, 1.20000000E+001, 4.16803997E-012, 5.00164796E-011
 1.20000000E+003, 0.00000000E+000, 1.20000000E+001,-5.46508122E-012,-6.55809746E-011
 1.21000000E+003, 0.00000000E+000, 1.20000000E+001,-1.52135965E-011,-1.82563158E-010
 1.22000000E+003, 0.00000000E+000, 1.20000000E+001,-2.49708805E-011,-2.99650566E-010
 1.23000000E+003, 0.00000000E+000, 1.20000000E+001,-3.48637489E-011,-4.18364986E-010
 1.24000000E+003, 0.00000000E+000, 1.20000000E+001,-4.45259765E-011,-5.34311717E-010
 1.25000000E+003, 0.00000000E+000, 1.20000000E+001,-5.39053928E-011,-6.46864713E-010
 1.26000000E+003, 0.00000000E+000, 1.20000000E+001,-6.28784244E-011,-7.54541093E-010
 1.27000000E+003, 0.00000000E+000, 1.20000000E+001,-7.13826584E-011,-8.56591901E-010
 1.28000000E+003, 0.00000000E+000, 1.20000000E+001,-7.93104379E-011,-9.51725255E-010
 1.29000000E+003, 0.00000000E+000, 1.20000000E+001,-8.65818859E-011,-1.03898263E-009
 1.30000000E+003, 0.00000000E+000, 1.20000000E+001,-9.31293576E-011,-1.11755229E-009
 1.31000000E+003, 0.00000000E+000, 1.20000000E+001,-9.88699551E-011,-1.18643946E-009
 1.32000000E+003, 0.00000000E+000, 1.20000000E+001,-1.03781867E-010,-1.24538240E-009
 1.33000000E+003, 0.00000000E+000, 1.20000000E+001,-1.07742846E-010,-1.29291415E-009
 1.34000000E+003, 0.00000000E+000, 1.20000000E+001,-1.10689521E-010,-1.32827426E-009
 1.35000000E+003, 0.00000000E+000, 1.20000000E+001,-1.12566112E-010,-1.35079334E-009
 1.36000000E+003, 0.00000000E+000, 1.20000000E+001,-1.13432599E-010,-1.36119119E-009
 1.37000000E+003, 0.00000000E+000, 1.20000000E+001,-1.13085975E-010,-1.35703170E-009
 1.38000000E+003, 0.00000000E+000, 1.20000000E+001,-1.11251165E-010,-1.33501398E-009
 1.39000000E+003, 0.00000000E+000, 1.20000000E+001,-1.08369629E-010,-1.30043554E-009
 1.40000000E+003, 0.00000000E+000, 1.20000000E+001,-1.04290898E-010,-1.25149077E-009
 1.41000000E+003, 0.00000000E+000, 1.20000000E+001,-9.90378142E-011,-1.18845377E-009
 1.42000000E+003, 0.00000000E+000, 1.20000000E+001,-9.26417696E-011,-1.11170124E-009
 1.43000000E+003, 0.00000000E+000, 1.20000000E+001,-8.51555235E-011,-1.02186628E-009
 1.44000000E+003, 0.00000000E+000, 1.20000000E+001,-7.66110563E-011,-9.19332676E-010
 1.45000000E+003, 0.00000000E+000, 1.20000000E+001,-6.70370323E-011,-8.04444387E-010
 1.46000000E+003, 0.00000000E+000, 1.20000000E+001,-5.64290301E-011,-6.77148361E-010
 1.47000000E+003, 0.00000000E+000, 1.20000000E+001,-4.49018544E-011,-5.38822253E-010
 1.48000000E+003, 0.00000000E+000, 1.20000000E+001,-3.26948411E-011,-3.92338094E-010
 1.49000000E+003, 0.00000000E+000, 1.20000000E+001,-2.01678046E-011,-2.42013655E-010
 1.50000000E+003, 0.00000000E+000, 1.20000000E+001,-6.79528161E-012,-8.15433793E-011
