   3111.1633402926695      ,         149
X,ZB,H,U,Q
 0.00000000E+000, 0.00000000E+000, 1.20000000E+001, 1.36321229E-012, 1.63585474E-011
 1.00000000E+001, 0.00000000E+000, 1.20000000E+001, 4.08993161E-012, 4.90791793E-011
 2.00000000E+001, 0.00000000E+000, 1.20000000E+001, 6.81399819E-012, 8.17679783E-011
 3.00000000E+001, 0.00000000E+000, 1.20000000E+001, 9.53482254E-012, 1.14417870E-010
 4.00000000E+001, 0.00000000E+000, 1.20000000E+001, 1.22518152E-011, 1.47021782E-010
 5.00000000E+001, 0.00000000E+000, 1.20000000E+001, 1.51440727E-011, 1.81728872E-010
 6.00000000E+001, 5.00000000E-001, 1.15000000E+001, 1.93222222E-011, 2.22205555E-010
 7.00000000E+001, 1.00000000E+000, 1.10000000E+001, 2.43519386E-011, 2.67871325E-010
 8.00000000E+001, 1.50000000E+000, 1.05000000E+001, 3.01800252E-011, 3.16890265E-010
 9.00000000E+001, 2.00000000E+000, 1.00000000E+001, 3.69867973E-011, 3.69867973E-010
 1.00000000E+002, 2.50000000E+000, 9.50000000E+000, 4.42556533E-011, 4.20428706E-010
 1.10000000E+002, 3.00000000E+000, 9.00000000E+000, 5.10200865E-011, 4.59180778E-010
 1.20000000E+002, 3.50000000E+000, 8.50000000E+000, 5.77074157E-011, 4.90513033E-010
 1.30000000E+002, 4.00000000E+000, 8.00000000E+000, 6.51932326E-011, 5.21545861E-010
 1.40000000E+002, 4.50000000E+000, 7.50000000E+000, 7.36313692E-011, 5.52235269E-010
 1.50000000E+002, 5.00000000E+000, 7.00000000E+000, 8.46441928E-011, 5.92509350E-010
 1.60000000E+002, 5.00000000E+000, 7.00000000E+000, 9.37208344E-011, 6.56045841E-010
 1.70000000E+002, 5.00000000E+000, 7.00000000E+000, 1.05349551E-010, 7.37446858E-010
 1.80000000E+002, 5.00000000E+000, 7.00000000E+000, 1.18497276E-010, 8.29480931E-010
 1.90000000E+002, 5.00000000E+000, 7.00000000E+000, 1.33587941E-010, 9.35115590E-010
 2.00000000E+002, 5.00000000E+000, 7.00000000E+000, 1.43615035E-010, 1.00530525E-009
 2.10000000E+002, 5.00000000E+000, 7.00000000E+000, 1.40984529E-010, 9.86891703E-010
 2.20000000E+002, 5.00000000E+000, 7.00000000E+000, 1.32686893E-010, 9.28808251E-010
 2.30000000E+002, 5.00000000E+000, 7.00000000E+000, 1.25865063E-010, 8.81055442E-010
 2.40000000E+002, 5.00000000E+000, 7.00000000E+000, 1.20193005E-010, 8.41351037E-010
 2.50000000E+002, 5.00000000E+000, 7.00000000E+000, 1.17329691E-010, 8.21307840E-010
 2.60000000E+002, 4.59999990E+000, 7.40000010E+000, 1.12305549E-010, 8.31061073E-010
 2.70000000E+002, 4.19999981E+000, 7.80000019E+000, 1.09464888E-010, 8.53826146E-010
 2.80000000E+002, 3.79999995E+000, 8.20000005E+000, 1.06834975E-010, 8.76046798E-010
 2.90000000E+002, 3.40000010E+000, 8.59999990E+000, 1.04387365E-010, 8.97731326E-010
 3.00000000E+002, 3.00000000E+000, 9.00000000E+000, 1.02954986E-010, 9.26594878E-010
 3.10000000E+002, 3.40000010E+000, 8.59999990E+000, 1.12989277E-010, 9.71707772E-010
 3.20000000E+002, 3.79999995E+000, 8.20000005E+000, 1.25281293E-010, 1.02730661E-009
 3.30000000E+002, 4.19999981E+000, 7.80000019E+000, 1.39191530E-010, 1.08569396E-009
 3.40000000E+002, 4.59999990E+000, 7.40000010E+000, 1.55024337E-010, 1.14718011E-009
 3.50000000E+002, 5.00000000E+000, 7.00000000E+000, 1.71438295E-010, 1.20006806E-009
 3.60000000E+002, 5.00000000E+000, 7.00000000E+000, 1.75674756E-010, 1.22972329E-009
 3.70000000E+002, 5.00000000E+000, 7.00000000E+000, 1.78040366E-010, 1.24628256E-009
 3.80000000E+002, 5.00000000E+000, 7.00000000E+000, 1.80288372E-010, 1.26201860E-009
 3.90000000E+002, 5.00000000E+000, 7.00000000E+000, 1.82419151E-010, 1.27693406E-009
 4.00000000E+002, 5.00000000E+000, 7.00000000E+000, 1.80218474E-010, 1.26152932E-009
 4.12500000E+002, 6.25000000E+000, 5.75000000E+000, 2.07612611E-010, 1.19377251E-009
 4.25000000E+002, 7.50000000E+000, 4.50000000E+000, 2.41091583E-010, 1.08491213E-009
 4.35000000E+002, 8.00000000E+000, 4.00000000E+000, 2.48377495E-010, 9.93509980E-010
 4.50000000E+002, 9.00000000E+000, 3.00000000E+000, 3.17465200E-010, 9.52395601E-010
 4.60000000E+002, 9.00000000E+000, 3.00000000E+000, 3.03888016E-010, 9.11664048E-010
 4.70000000E+002, 9.00000000E+000, 3.00000000E+000, 2.90378559E-010, 8.71135676E-010
 4.75000000E+002, 9.00000000E+000, 3.00000000E+000, 2.87776815E-010, 8.63330446E-010
 4.87500000E+002, 9.05000019E+000, 2.94999981E+000, 2.95634230E-010, 8.72120923E-010
 5.00000000E+002, 9.10000038E+000, 2.89999962E+000, 2.91767674E-010, 8.46126145E-010
 5.05000000E+002, 9.00000000E+000, 3.00000000E+000, 2.62197108E-010, 7.86591324E-010
 5.17500000E+002, 8.00000000E+000, 4.00000000E+000, 1.84423323E-010, 7.37693292E-010
 5.30000000E+002, 7.00000000E+000, 5.00000000E+000, 1.41886829E-010, 7.09434143E-010
 5.40000000E+002, 6.50000000E+000, 5.50000000E+000, 1.27292539E-010, 7.00108966E-010
 5.50000000E+002, 6.00000000E+000, 6.00000000E+000, 1.20088236E-010, 7.20529418E-010
 5.65000000E+002, 5.50000000E+000, 6.50000000E+000, 1.20484334E-010, 7.83148169E-010
 5.75000000E+002, 5.50000000E+000, 6.50000000E+000, 1.31201763E-010, 8.52811459E-010
 5.87500000E+002, 5.25000000E+000, 6.75000000E+000, 1.30324607E-010, 8.79691099E-010
 6.00000000E+002, 5.00000000E+000, 7.00000000E+000, 1.26881118E-010, 8.88167828E-010
 6.10000000E+002, 4.80000019E+000, 7.19999981E+000, 1.27930875E-010, 9.21102275E-010
 6.20000000E+002, 4.59999990E+000, 7.40000010E+000, 1.31230477E-010, 9.71105546E-010
 6.30000000E+002, 4.40000010E+000, 7.59999990E+000, 1.35119869E-010, 1.02691099E-009
 6.40000000E+002, 4.19999981E+000, 7.80000019E+000, 1.39699933E-010, 1.08965950E-009
 6.50000000E+002, 4.00000000E+000, 8.00000000E+000, 1.40125490E-010, 1.12100392E-009
 6.60000000E+002, 3.79999995E+000, 8.20000005E+000, 1.32037177E-010, 1.08270486E-009
 6.70000000E+002, 3.59999990E+000, 8.40000010E+000, 1.20702722E-010, 1.01390287E-009
 6.80000000E+002, 3.40000010E+000, 8.59999990E+000, 1.10743010E-010, 9.52389873E-010
 6.90000000E+002, 3.20000005E+000, 8.79999995E+000, 1.01931869E-010, 8.97000446E-010
 7.00000000E+002, 3.00000000E+000, 9.00000000E+000, 9.52927204E-011, 8.57634483E-010
 7.10000000E+002, 3.00000000E+000, 9.00000000E+000, 9.35801266E-011, 8.42221139E-010
 7.20000000E+002, 3.00000000E+000, 9.00000000E+000, 9.30672640E-011, 8.37605376E-010
 7.30000000E+002, 3.00000000E+000, 9.00000000E+000, 9.25376990E-011, 8.32839291E-010
 7.40000000E+002, 3.00000000E+000, 9.00000000E+000, 9.19933965E-011, 8.27940569E-010
 7.50000000E+002, 3.00000000E+000, 9.00000000E+000, 9.57348274E-011, 8.61613447E-010
 7.60000000E+002, 2.85999990E+000, 9.14000010E+000, 1.09917457E-010, 1.00464557E-009
 7.70000000E+002, 2.72000003E+000, 9.27999997E+000, 1.38614875E-010, 1.28634603E-009
 7.80000000E+002, 2.57999992E+000, 9.42000008E+000, 1.90935356E-010, 1.79861107E-009
 7.90000000E+002, 2.44000006E+000, 9.55999994E+000, 3.18456296E-010, 3.04444217E-009
 8.00000000E+002, 2.29999995E+000, 9.70000005E+000, 2.64098353E-010, 2.56175404E-009
 8.10000000E+002, 2.15000010E+000, 9.84999990E+000, 8.57410552E-011, 8.44549385E-010
 8.20000000E+002, 2.00000000E+000, 1.00000000E+001, 4.53220633E-011, 4.53220633E-010
 8.30000000E+002, 1.89999998E+000, 1.01000000E+001, 3.97013589E-011, 4.00983726E-010
 8.40000000E+002, 1.79999995E+000, 1.02000001E+001, 3.93074809E-011, 4.00936307E-010
 8.50000000E+002, 1.70000005E+000, 1.03000000E+001, 3.89281678E-011, 4.00960126E-010
 8.60000000E+002, 1.60000002E+000, 1.04000000E+001, 3.85674011E-011, 4.01100970E-010
 8.70000000E+002, 1.50000000E+000, 1.05000000E+001, 3.82242723E-011, 4.01354859E-010
 8.80000000E+002, 1.39999998E+000, 1.06000000E+001, 3.78978027E-011, 4.01716709E-010
 8.90000000E+002, 1.29999995E+000, 1.07000001E+001, 3.75890772E-011, 4.02203127E-010
 9.00000000E+002, 1.20000005E+000, 1.08000000E+001, 3.76835397E-011, 4.06982227E-010
 9.10000000E+002, 1.03999996E+000, 1.09600000E+001, 3.84388447E-011, 4.21289739E-010
 9.20000000E+002, 8.80000000E-001, 1.11200000E+001, 3.97885464E-011, 4.42448636E-010
 9.30000000E+002, 7.20000030E-001, 1.12800000E+001, 4.14042073E-011, 4.67039457E-010
 9.40000000E+002, 5.60000000E-001, 1.14400000E+001, 4.33465032E-011, 4.95883997E-010
 9.50000000E+002, 4.00000010E-001, 1.16000000E+001, 4.33501030E-011, 5.02861194E-010
 9.60000000E+002, 3.19999990E-001, 1.16800000E+001, 3.98349919E-011, 4.65272706E-010
 9.70000000E+002, 2.39999990E-001, 1.17600000E+001, 3.50607432E-011, 4.12314341E-010
 9.80000000E+002, 1.60000000E-001, 1.18400000E+001, 3.11081866E-011, 3.68320929E-010
 9.90000000E+002, 8.00000000E-002, 1.19200000E+001, 2.77742386E-011, 3.31068924E-010
 1.00000000E+003, 0.00000000E+000, 1.20000000E+001, 2.53930779E-011, 3.04716935E-010
 1.01000000E+003, 0.00000000E+000, 1.20000000E+001, 2.43538979E-011, 2.92246775E-010
 1.02000000E+003, 0.00000000E+000, 1.20000000E+001, 2.38080235E-011, 2.85696282E-010
 1.03000000E+003, 0.00000000E+000, 1.20000000E+001, 2.32636228E-011, 2.79163474E-010
 1.04000000E+003, 0.00000000E+000, 1.20000000E+001, 2.27212854E-011, 2.72655425E-010
 1.05000000E+003, 0.00000000E+000, 1.20000000E+001, 2.21818955E-011, 2.66182745E-010
 1.06000000E+003, 0.00000000E+000, 1.20000000E+001, 2.16422108E-011, 2.59706529E-010
 1.07000000E+003, 0.00000000E+000, 1.20000000E+001, 2.11063578E-011, 2.53276294E-010
 1.08000000E+003, 0.00000000E+000, 1.20000000E+001, 2.05719786E-011, 2.46863743E-010
 1.09000000E+003, 0.00000000E+000, 1.20000000E+001, 2.00396626E-011, 2.40475952E-010
 1.10000000E+003, 0.00000000E+000, 1.20000000E+001, 1.95102941E-011, 2.34123530E-010
 1.11000000E+003, 0.00000000E+000, 1.20000000E+001, 1.89803362E-011, 2.27764034E-010
 1.12000000E+003, 0.00000000E+000, 1.20000000E+001, 1.84553889E-011, 2.21464667E-010
 1.13000000E+003, 0.00000000E+000, 1.20000000E+001, 1.79327996E-011, 2.15193596E-010
 1.14000000E+003, 0.00000000E+000, 1.20000000E+001, 1.74137474E-011, 2.08964968E-010
 1.15000000E+003, 0.00000000E+000, 1.20000000E+001, 1.68967583E-011, 2.02761100E-010
 1.16000000E+003, 0.00000000E+000, 1.20000000E+001, 1.63830115E-011, 1.96596138E-010
 1.17000000E+003, 0.00000000E+000, 1.20000000E+001, 1.58713279E-011, 1.90455935E-010
 1.18000000E+003, 0.00000000E+000, 1.20000000E+001, 1.53620024E-011, 1.84344028E-010
 1.19000000E+003, 0.00000000E+000, 1.20000000E+001, 1.48556243E-011, 1.78267491E-010
 1.20000000E+003, 0.00000000E+000, 1.20000000E+001, 1.43510147E-011, 1.72212176E-010
 1.21000000E+003, 0.00000000E+000, 1.20000000E+001, 1.38508263E-011, 1.66209915E-010
 1.22000000E+003, 0.00000000E+000, 1.20000000E+001, 1.33524064E-011, 1.60228877E-010
 1.23000000E+003, 0.00000000E+000, 1.20000000E+001, 1.28560498E-011, 1.54272597E-010
 1.24000000E+003, 0.00000000E+000, 1.20000000E+001, 1.23626406E-011, 1.48351687E-010
 1.25000000E+003, 0.00000000E+000, 1.20000000E+001, 1.18712947E-011, 1.42455536E-010
 1.26000000E+003, 0.00000000E+000, 1.20000000E+001, 1.13837805E-011, 1.36605366E-010
 1.27000000E+003, 0.00000000E+000, 1.20000000E+001, 1.08983295E-011, 1.30779955E-010
 1.28000000E+003, 0.00000000E+000, 1.20000000E+001, 1.04152366E-011, 1.24982839E-010
 1.29000000E+003, 0.00000000E+000, 1.20000000E+001, 9.93568062E-012, 1.19228167E-010
 1.30000000E+003, 0.00000000E+000, 1.20000000E+001, 9.45730364E-012, 1.13487644E-010
 1.31000000E+003, 0.00000000E+000, 1.20000000E+001, 8.98098991E-012, 1.07771879E-010
 1.32000000E+003, 0.00000000E+000, 1.20000000E+001, 8.50556042E-012, 1.02066725E-010
 1.33000000E+003, 0.00000000E+000, 1.20000000E+001, 8.03425741E-012, 9.64110889E-011
 1.34000000E+003, 0.00000000E+000, 1.20000000E+001, 7.56560713E-012, 9.07872856E-011
 1.35000000E+003, 0.00000000E+000, 1.20000000E+001, 7.09725161E-012, 8.51670193E-011
 1.36000000E+003, 0.00000000E+000, 1.20000000E+001, 6.63154882E-012, 7.95785859E-011
 1.37000000E+003, 0.00000000E+000, 1.20000000E+001, 6.16673028E-012, 7.40007634E-011
 1.38000000E+003, 0.00000000E+000, 1.20000000E+001, 5.70338548E-012, 6.84406258E-011
 1.39000000E+003, 0.00000000E+000, 1.20000000E+001, 5.24121968E-012, 6.28946361E-011
 1.40000000E+003, 0.00000000E+000, 1.20000000E+001, 4.78082236E-012, 5.73698684E-011
 1.41000000E+003, 0.00000000E+000, 1.20000000E+001, 4.32248829E-012, 5.18698595E-011
 1.42000000E+003, 0.00000000E+000, 1.20000000E+001, 3.86385947E-012, 4.63663136E-011
 1.43000000E+003, 0.00000000E+000, 1.20000000E+001, 3.40758863E-012, 4.08910636E-011
 1.44000000E+003, 0.00000000E+000, 1.20000000E+001, 2.95220204E-012, 3.54264244E-011
 1.45000000E+003, 0.00000000E+000, 1.20000000E+001, 2.49622595E-012, 2.99547114E-011
 1.46000000E+003, 0.00000000E+000, 1.20000000E+001, 2.04172360E-012, 2.45006832E-011
 1.47000000E+003, 0.00000000E+000, 1.20000000E+001, 1.58751600E-012, 1.90501920E-011
 1.48000000E+003, 0.00000000E+000, 1.20000000E+001, 1.13301365E-012, 1.35961637E-011
 1.49000000E+003, 0.00000000E+000, 1.20000000E+001, 6.80869283E-013, 8.17043139E-012
 1.50000000E+003, 0.00000000E+000, 1.20000000E+001, 2.26661679E-013, 2.71994015E-012
