   3111.1633403436299      ,         149
X,ZB,H,U,Q
 0.00000000E+000, 0.00000000E+000, 1.20000000E+001, 1.53269313E-014, 1.83923175E-013
 1.00000000E+001, 0.00000000E+000, 1.20000000E+001, 4.56860451E-014, 5.48232541E-013
 2.00000000E+001, 0.00000000E+000, 1.20000000E+001, 7.69294043E-014, 9.23152852E-013
 3.00000000E+001, 0.00000000E+000, 1.20000000E+001, 1.08762260E-013, 1.30514712E-012
 4.00000000E+001, 0.00000000E+000, 1.20000000E+001, 1.40889864E-013, 1.69067837E-012
 5.00000000E+001, 0.00000000E+000, 1.20000000E+001, 1.77254479E-013, 2.12705375E-012
 6.00000000E+001, 5.00000000E-001, 1.15000000E+001, 2.26117093E-013, 2.60034657E-012
 7.00000000E+001, 1.00000000E+000, 1.10000000E+001, 2.84244911E-013, 3.12669402E-012
 8.00000000E+001, 1.50000000E+000, 1.05000000E+001, 3.52982598E-013, 3.70631728E-012
 9.00000000E+001, 2.00000000E+000, 1.00000000E+001, 4.32705799E-013, 4.32705799E-012
 1.00000000E+002, 2.50000000E+000, 9.50000000E+000, 5.18936073E-013, 4.92989270E-012
 1.10000000E+002, 3.00000000E+000, 9.00000000E+000, 6.01655651E-013, 5.41490086E-012
 1.20000000E+002, 3.50000000E+000, 8.50000000E+000, 6.88411429E-013, 5.85149715E-012
 1.30000000E+002, 4.00000000E+000, 8.00000000E+000, 7.86647231E-013, 6.29317784E-012
 1.40000000E+002, 4.50000000E+000, 7.50000000E+000, 9.00751775E-013, 6.75563831E-012
 1.50000000E+002, 5.00000000E+000, 7.00000000E+000, 1.01852501E-012, 7.12967509E-012
 1.60000000E+002, 5.00000000E+000, 7.00000000E+000, 1.14282488E-012, 7.99977418E-012
 1.70000000E+002, 5.00000000E+000, 7.00000000E+000, 1.30072600E-012, 9.10508201E-012
 1.80000000E+002, 5.00000000E+000, 7.00000000E+000, 1.48136490E-012, 1.03695543E-011
 1.90000000E+002, 5.00000000E+000, 7.00000000E+000, 1.69206821E-012, 1.18444775E-011
 2.00000000E+002, 5.00000000E+000, 7.00000000E+000, 1.85072656E-012, 1.29550859E-011
 2.10000000E+002, 5.00000000E+000, 7.00000000E+000, 1.86651606E-012, 1.30656124E-011
 2.20000000E+002, 5.00000000E+000, 7.00000000E+000, 1.81737742E-012, 1.27216419E-011
 2.30000000E+002, 5.00000000E+000, 7.00000000E+000, 1.78655525E-012, 1.25058867E-011
 2.40000000E+002, 5.00000000E+000, 7.00000000E+000, 1.77076522E-012, 1.23953565E-011
 2.50000000E+002, 5.00000000E+000, 7.00000000E+000, 1.79527163E-012, 1.25669014E-011
 2.60000000E+002, 4.59999990E+000, 7.40000010E+000, 1.83177802E-012, 1.35551575E-011
 2.70000000E+002, 4.19999981E+000, 7.80000019E+000, 1.84946245E-012, 1.44258075E-011
 2.80000000E+002, 3.79999995E+000, 8.20000005E+000, 1.86904723E-012, 1.53261873E-011
 2.90000000E+002, 3.40000010E+000, 8.59999990E+000, 1.88999829E-012, 1.62539851E-011
 3.00000000E+002, 3.00000000E+000, 9.00000000E+000, 1.97108212E-012, 1.77397391E-011
 3.10000000E+002, 3.40000010E+000, 8.59999990E+000, 2.18424140E-012, 1.87844758E-011
 3.20000000E+002, 3.79999995E+000, 8.20000005E+000, 2.49542022E-012, 2.04624459E-011
 3.30000000E+002, 4.19999981E+000, 7.80000019E+000, 2.85539115E-012, 2.22720515E-011
 3.40000000E+002, 4.59999990E+000, 7.40000010E+000, 3.27342704E-012, 2.42233604E-011
 3.50000000E+002, 5.00000000E+000, 7.00000000E+000, 3.62578666E-012, 2.53805066E-011
 3.60000000E+002, 5.00000000E+000, 7.00000000E+000, 3.82499448E-012, 2.67749613E-011
 3.70000000E+002, 5.00000000E+000, 7.00000000E+000, 3.99439073E-012, 2.79607351E-011
 3.80000000E+002, 5.00000000E+000, 7.00000000E+000, 4.17123992E-012, 2.91986794E-011
 3.90000000E+002, 5.00000000E+000, 7.00000000E+000, 4.35389987E-012, 3.04772991E-011
 4.00000000E+002, 5.00000000E+000, 7.00000000E+000, 4.82461341E-012, 3.37722939E-011
 4.12500000E+002, 6.25000000E+000, 5.75000000E+000, 5.82531864E-012, 3.34955822E-011
 4.25000000E+002, 7.50000000E+000, 4.50000000E+000, 6.68991943E-012, 3.01046374E-011
 4.35000000E+002, 8.00000000E+000, 4.00000000E+000, 7.69766841E-012, 3.07906736E-011
 4.50000000E+002, 9.00000000E+000, 3.00000000E+000, 9.23470892E-012, 2.77041268E-011
 4.60000000E+002, 9.00000000E+000, 3.00000000E+000, 9.44558639E-012, 2.83367592E-011
 4.70000000E+002, 9.00000000E+000, 3.00000000E+000, 9.53757289E-012, 2.86127187E-011
 4.75000000E+002, 9.00000000E+000, 3.00000000E+000, 9.95663917E-012, 2.98699175E-011
 4.87500000E+002, 9.05000019E+000, 2.94999981E+000, 1.07808284E-011, 3.18034418E-011
 5.00000000E+002, 9.10000038E+000, 2.89999962E+000, 1.12661635E-011, 3.26718699E-011
 5.05000000E+002, 9.00000000E+000, 3.00000000E+000, 1.08582542E-011, 3.25747626E-011
 5.17500000E+002, 8.00000000E+000, 4.00000000E+000, 9.01793663E-012, 3.60717465E-011
 5.30000000E+002, 7.00000000E+000, 5.00000000E+000, 7.28940805E-012, 3.64470403E-011
 5.40000000E+002, 6.50000000E+000, 5.50000000E+000, 6.61399790E-012, 3.63769885E-011
 5.50000000E+002, 6.00000000E+000, 6.00000000E+000, 6.62132107E-012, 3.97279264E-011
 5.65000000E+002, 5.50000000E+000, 6.50000000E+000, 7.08049632E-012, 4.60232261E-011
 5.75000000E+002, 5.50000000E+000, 6.50000000E+000, 7.81884933E-012, 5.08225206E-011
 5.87500000E+002, 5.25000000E+000, 6.75000000E+000, 8.28227855E-012, 5.59053802E-011
 6.00000000E+002, 5.00000000E+000, 7.00000000E+000, 8.44312986E-012, 5.91019090E-011
 6.10000000E+002, 4.80000019E+000, 7.19999981E+000, 8.82001441E-012, 6.35041021E-011
 6.20000000E+002, 4.59999990E+000, 7.40000010E+000, 9.34679170E-012, 6.91662595E-011
 6.30000000E+002, 4.40000010E+000, 7.59999990E+000, 9.91520976E-012, 7.53555932E-011
 6.40000000E+002, 4.19999981E+000, 7.80000019E+000, 1.05345344E-011, 8.21693704E-011
 6.50000000E+002, 4.00000000E+000, 8.00000000E+000, 1.08357899E-011, 8.66863196E-011
 6.60000000E+002, 3.79999995E+000, 8.20000005E+000, 1.04673679E-011, 8.58324172E-011
 6.70000000E+002, 3.59999990E+000, 8.40000010E+000, 9.82281243E-012, 8.25116254E-011
 6.80000000E+002, 3.40000010E+000, 8.59999990E+000, 9.26111220E-012, 7.96455640E-011
 6.90000000E+002, 3.20000005E+000, 8.79999995E+000, 8.76661939E-012, 7.71462502E-011
 7.00000000E+002, 3.00000000E+000, 9.00000000E+000, 8.43322432E-012, 7.58990189E-011
 7.10000000E+002, 3.00000000E+000, 9.00000000E+000, 8.42666611E-012, 7.58399950E-011
 7.20000000E+002, 3.00000000E+000, 9.00000000E+000, 8.61609122E-012, 7.75448210E-011
 7.30000000E+002, 3.00000000E+000, 9.00000000E+000, 8.79962135E-012, 7.91965921E-011
 7.40000000E+002, 3.00000000E+000, 9.00000000E+000, 8.97981092E-012, 8.08182983E-011
 7.50000000E+002, 3.00000000E+000, 9.00000000E+000, 9.57579244E-012, 8.61821319E-011
 7.60000000E+002, 2.85999990E+000, 9.14000010E+000, 1.13041248E-011, 1.03319702E-010
 7.70000000E+002, 2.72000003E+000, 9.27999997E+000, 1.44551564E-011, 1.34143851E-010
 7.80000000E+002, 2.57999992E+000, 9.42000008E+000, 2.00687305E-011, 1.89047443E-010
 7.90000000E+002, 2.44000006E+000, 9.55999994E+000, 3.34781729E-011, 3.20051331E-010
 8.00000000E+002, 2.29999995E+000, 9.70000005E+000, 2.79243337E-011, 2.70866039E-010
 8.10000000E+002, 2.15000010E+000, 9.84999990E+000, 9.36632887E-012, 9.22583384E-011
 8.20000000E+002, 2.00000000E+000, 1.00000000E+001, 5.14577490E-012, 5.14577490E-011
 8.30000000E+002, 1.89999998E+000, 1.01000000E+001, 4.66255263E-012, 4.70917817E-011
 8.40000000E+002, 1.79999995E+000, 1.02000001E+001, 4.77218026E-012, 4.86762388E-011
 8.50000000E+002, 1.70000005E+000, 1.03000000E+001, 4.88096168E-012, 5.02739051E-011
 8.60000000E+002, 1.60000002E+000, 1.04000000E+001, 4.98736415E-012, 5.18685871E-011
 8.70000000E+002, 1.50000000E+000, 1.05000000E+001, 5.09261364E-012, 5.34724432E-011
 8.80000000E+002, 1.39999998E+000, 1.06000000E+001, 5.19708687E-012, 5.50891209E-011
 8.90000000E+002, 1.29999995E+000, 1.07000001E+001, 5.29837289E-012, 5.66925902E-011
 9.00000000E+002, 1.20000005E+000, 1.08000000E+001, 5.45364227E-012, 5.88993362E-011
 9.10000000E+002, 1.03999996E+000, 1.09600000E+001, 5.71539652E-012, 6.26407461E-011
 9.20000000E+002, 8.80000000E-001, 1.11200000E+001, 6.04777013E-012, 6.72512039E-011
 9.30000000E+002, 7.20000030E-001, 1.12800000E+001, 6.42021835E-012, 7.24200628E-011
 9.40000000E+002, 5.60000000E-001, 1.14400000E+001, 6.84060554E-012, 7.82565273E-011
 9.50000000E+002, 4.00000010E-001, 1.16000000E+001, 6.95389768E-012, 8.06652130E-011
 9.60000000E+002, 3.19999990E-001, 1.16800000E+001, 6.48419795E-012, 7.57354321E-011
 9.70000000E+002, 2.39999990E-001, 1.17600000E+001, 5.82510551E-012, 6.85032409E-011
 9.80000000E+002, 1.60000000E-001, 1.18400000E+001, 5.28019932E-012, 6.25175600E-011
 9.90000000E+002, 8.00000000E-002, 1.19200000E+001, 4.82246389E-012, 5.74837696E-011
 1.00000000E+003, 0.00000000E+000, 1.20000000E+001, 4.51284056E-012, 5.41540867E-011
 1.01000000E+003, 0.00000000E+000, 1.20000000E+001, 4.41327079E-012, 5.29592495E-011
 1.02000000E+003, 0.00000000E+000, 1.20000000E+001, 4.41002855E-012, 5.29203426E-011
 1.03000000E+003, 0.00000000E+000, 1.20000000E+001, 4.40148083E-012, 5.28177700E-011
 1.04000000E+003, 0.00000000E+000, 1.20000000E+001, 4.39057513E-012, 5.26869015E-011
 1.05000000E+003, 0.00000000E+000, 1.20000000E+001, 4.37613244E-012, 5.25135893E-011
 1.06000000E+003, 0.00000000E+000, 1.20000000E+001, 4.35608954E-012, 5.22730744E-011
 1.07000000E+003, 0.00000000E+000, 1.20000000E+001, 4.33339389E-012, 5.20007267E-011
 1.08000000E+003, 0.00000000E+000, 1.20000000E+001, 4.30598227E-012, 5.16717873E-011
 1.09000000E+003, 0.00000000E+000, 1.20000000E+001, 4.27355993E-012, 5.12827192E-011
 1.10000000E+003, 0.00000000E+000, 1.20000000E+001, 4.23789535E-012, 5.08547442E-011
 1.11000000E+003, 0.00000000E+000, 1.20000000E+001, 4.19928329E-012, 5.03913995E-011
 1.12000000E+003, 0.00000000E+000, 1.20000000E+001, 4.15713425E-012, 4.98856110E-011
 1.13000000E+003, 0.00000000E+000, 1.20000000E+001, 4.10938498E-012, 4.93126198E-011
 1.14000000E+003, 0.00000000E+000, 1.20000000E+001, 4.05809873E-012, 4.86971848E-011
 1.15000000E+003, 0.00000000E+000, 1.20000000E+001, 4.00150701E-012, 4.80180841E-011
 1.16000000E+003, 0.00000000E+000, 1.20000000E+001, 3.94167304E-012, 4.73000765E-011
 1.17000000E+003, 0.00000000E+000, 1.20000000E+001, 3.87859685E-012, 4.65431622E-011
 1.18000000E+003, 0.00000000E+000, 1.20000000E+001, 3.81168892E-012, 4.57402670E-011
 1.19000000E+003, 0.00000000E+000, 1.20000000E+001, 3.74124400E-012, 4.48949280E-011
 1.20000000E+003, 0.00000000E+000, 1.20000000E+001, 3.66490411E-012, 4.39788494E-011
 1.21000000E+003, 0.00000000E+000, 1.20000000E+001, 3.58473250E-012, 4.30167900E-011
 1.22000000E+003, 0.00000000E+000, 1.20000000E+001, 3.50220289E-012, 4.20264347E-011
 1.23000000E+003, 0.00000000E+000, 1.20000000E+001, 3.41613630E-012, 4.09936356E-011
 1.24000000E+003, 0.00000000E+000, 1.20000000E+001, 3.32623797E-012, 3.99148557E-011
 1.25000000E+003, 0.00000000E+000, 1.20000000E+001, 3.23191842E-012, 3.87830211E-011
 1.26000000E+003, 0.00000000E+000, 1.20000000E+001, 3.13612513E-012, 3.76335016E-011
 1.27000000E+003, 0.00000000E+000, 1.20000000E+001, 3.03591061E-012, 3.64309273E-011
 1.28000000E+003, 0.00000000E+000, 1.20000000E+001, 2.93274860E-012, 3.51929832E-011
 1.29000000E+003, 0.00000000E+000, 1.20000000E+001, 2.82722860E-012, 3.39267432E-011
 1.30000000E+003, 0.00000000E+000, 1.20000000E+001, 2.71758213E-012, 3.26109855E-011
 1.31000000E+003, 0.00000000E+000, 1.20000000E+001, 2.60439867E-012, 3.12527840E-011
 1.32000000E+003, 0.00000000E+000, 1.20000000E+001, 2.48944671E-012, 2.98733606E-011
 1.33000000E+003, 0.00000000E+000, 1.20000000E+001, 2.37095778E-012, 2.84514933E-011
 1.34000000E+003, 0.00000000E+000, 1.20000000E+001, 2.24981611E-012, 2.69977933E-011
 1.35000000E+003, 0.00000000E+000, 1.20000000E+001, 2.12602170E-012, 2.55122604E-011
 1.36000000E+003, 0.00000000E+000, 1.20000000E+001, 2.00016405E-012, 2.40019685E-011
 1.37000000E+003, 0.00000000E+000, 1.20000000E+001, 1.87312740E-012, 2.24775288E-011
 1.38000000E+003, 0.00000000E+000, 1.20000000E+001, 1.74255377E-012, 2.09106453E-011
 1.39000000E+003, 0.00000000E+000, 1.20000000E+001, 1.61021165E-012, 1.93225398E-011
 1.40000000E+003, 0.00000000E+000, 1.20000000E+001, 1.47551154E-012, 1.77061385E-011
 1.41000000E+003, 0.00000000E+000, 1.20000000E+001, 1.33992719E-012, 1.60791262E-011
 1.42000000E+003, 0.00000000E+000, 1.20000000E+001, 1.20345858E-012, 1.44415030E-011
 1.43000000E+003, 0.00000000E+000, 1.20000000E+001, 1.06492674E-012, 1.27791209E-011
 1.44000000E+003, 0.00000000E+000, 1.20000000E+001, 9.25805395E-013, 1.11096647E-011
 1.45000000E+003, 0.00000000E+000, 1.20000000E+001, 7.86094554E-013, 9.43313465E-012
 1.46000000E+003, 0.00000000E+000, 1.20000000E+001, 6.45794216E-013, 7.74953059E-012
 1.47000000E+003, 0.00000000E+000, 1.20000000E+001, 5.05199127E-013, 6.06238953E-012
 1.48000000E+003, 0.00000000E+000, 1.20000000E+001, 3.61067055E-013, 4.33280466E-012
 1.49000000E+003, 0.00000000E+000, 1.20000000E+001, 2.17229730E-013, 2.60675676E-012
 1.50000000E+003, 0.00000000E+000, 1.20000000E+001, 7.25081597E-014, 8.70097916E-013
