   10001.572031649988      ,         100
X,ZB,H,U
 5.00000000E+001, 4.97500000E+000, 4.84935369E+000, 2.03414217E+000
 1.50000000E+002, 4.92500000E+000, 4.84425734E+000, 2.03807474E+000
 2.50000000E+002, 4.87500000E+000, 4.84087114E+000, 2.03946604E+000
 3.50000000E+002, 4.82500000E+000, 4.83739071E+000, 2.04088342E+000
 4.50000000E+002, 4.77500000E+000, 4.83379851E+000, 2.04234821E+000
 5.50000000E+002, 4.72500000E+000, 4.83009048E+000, 2.04386235E+000
 6.50000000E+002, 4.67500000E+000, 4.82626249E+000, 2.04542774E+000
 7.50000000E+002, 4.62500000E+000, 4.82231024E+000, 2.04704637E+000
 8.50000000E+002, 4.57500000E+000, 4.81822924E+000, 2.04872031E+000
 9.50000000E+002, 4.52500000E+000, 4.81401482E+000, 2.05045174E+000
 1.05000000E+003, 4.47500000E+000, 4.80966211E+000, 2.05224295E+000
 1.15000000E+003, 4.42500000E+000, 4.80516600E+000, 2.05409632E+000
 1.25000000E+003, 4.37500000E+000, 4.80052118E+000, 2.05601438E+000
 1.35000000E+003, 4.32500000E+000, 4.79572209E+000, 2.05799976E+000
 1.45000000E+003, 4.27500000E+000, 4.79076293E+000, 2.06005523E+000
 1.55000000E+003, 4.22500000E+000, 4.78563762E+000, 2.06218373E+000
 1.65000000E+003, 4.17500000E+000, 4.78033980E+000, 2.06438831E+000
 1.75000000E+003, 4.12500000E+000, 4.77486281E+000, 2.06667222E+000
 1.85000000E+003, 4.07500000E+000, 4.76919969E+000, 2.06903886E+000
 1.95000000E+003, 4.02500000E+000, 4.76334312E+000, 2.07149183E+000
 2.05000000E+003, 3.97500000E+000, 4.75728543E+000, 2.07403493E+000
 2.15000000E+003, 3.92500000E+000, 4.75101857E+000, 2.07667217E+000
 2.25000000E+003, 3.87500000E+000, 4.74453408E+000, 2.07940778E+000
 2.35000000E+003, 3.82500000E+000, 4.73782309E+000, 2.08224627E+000
 2.45000000E+003, 3.77500000E+000, 4.73087624E+000, 2.08519239E+000
 2.55000000E+003, 3.72500000E+000, 4.72368368E+000, 2.08825117E+000
 2.65000000E+003, 3.67500000E+000, 4.71623505E+000, 2.09142796E+000
 2.75000000E+003, 3.62500000E+000, 4.70851942E+000, 2.09472847E+000
 2.85000000E+003, 3.57500000E+000, 4.70052523E+000, 2.09815872E+000
 2.95000000E+003, 3.52500000E+000, 4.69224031E+000, 2.10172516E+000
 3.05000000E+003, 3.47500000E+000, 4.68365176E+000, 2.10543466E+000
 3.15000000E+003, 3.42500000E+000, 4.67474594E+000, 2.10929453E+000
 3.25000000E+003, 3.37500000E+000, 4.66550840E+000, 2.11331262E+000
 3.35000000E+003, 3.32500000E+000, 4.65592379E+000, 2.11749729E+000
 3.45000000E+003, 3.27500000E+000, 4.64597585E+000, 2.12185752E+000
 3.55000000E+003, 3.22500000E+000, 4.63564724E+000, 2.12640294E+000
 3.65000000E+003, 3.17500000E+000, 4.62491956E+000, 2.13114392E+000
 3.75000000E+003, 3.12500000E+000, 4.61377315E+000, 2.13609158E+000
 3.85000000E+003, 3.07500000E+000, 4.60218705E+000, 2.14125795E+000
 3.95000000E+003, 3.02500000E+000, 4.59013883E+000, 2.14665600E+000
 4.05000000E+003, 2.97500000E+000, 4.57760450E+000, 2.15229976E+000
 4.15000000E+003, 2.92500000E+000, 4.56455833E+000, 2.15820447E+000
 4.25000000E+003, 2.87500000E+000, 4.55097266E+000, 2.16438665E+000
 4.35000000E+003, 2.82500000E+000, 4.53681775E+000, 2.17086430E+000
 4.45000000E+003, 2.77500000E+000, 4.52206150E+000, 2.17765705E+000
 4.55000000E+003, 2.72500000E+000, 4.50666927E+000, 2.18478638E+000
 4.65000000E+003, 2.67500000E+000, 4.49060351E+000, 2.19227582E+000
 4.75000000E+003, 2.62500000E+000, 4.47382349E+000, 2.20015125E+000
 4.85000000E+003, 2.57500000E+000, 4.45628491E+000, 2.20844120E+000
 4.95000000E+003, 2.52500000E+000, 4.43793571E+000, 2.21717170E+000
 5.05000000E+003, 2.47500000E+000, 4.42726690E+000, 2.23906732E+000
 5.15000000E+003, 2.42500000E+000, 4.43328626E+000, 2.23624997E+000
 5.25000000E+003, 2.37500000E+000, 4.43962645E+000, 2.23314652E+000
 5.35000000E+003, 2.32500000E+000, 4.44615488E+000, 2.22995985E+000
 5.45000000E+003, 2.27500000E+000, 4.45287610E+000, 2.22668825E+000
 5.55000000E+003, 2.22500000E+000, 4.45979444E+000, 2.22333041E+000
 5.65000000E+003, 2.17500000E+000, 4.46691428E+000, 2.21988500E+000
 5.75000000E+003, 2.12500000E+000, 4.47423999E+000, 2.21635076E+000
 5.85000000E+003, 2.07500000E+000, 4.48177597E+000, 2.21272645E+000
 5.95000000E+003, 2.02500000E+000, 4.48952662E+000, 2.20901090E+000
 6.05000000E+003, 1.97500000E+000, 4.49749634E+000, 2.20520295E+000
 6.15000000E+003, 1.92500000E+000, 4.50568953E+000, 2.20130151E+000
 6.25000000E+003, 1.87500000E+000, 4.51411060E+000, 2.19730553E+000
 6.35000000E+003, 1.82500000E+000, 4.52276393E+000, 2.19321403E+000
 6.45000000E+003, 1.77500000E+000, 4.53165387E+000, 2.18902607E+000
 6.55000000E+003, 1.72500000E+000, 4.54078478E+000, 2.18474080E+000
 6.65000000E+003, 1.67500000E+000, 4.55016096E+000, 2.18035740E+000
 6.75000000E+003, 1.62500000E+000, 4.55978670E+000, 2.17587515E+000
 6.85000000E+003, 1.57500000E+000, 4.56966622E+000, 2.17129339E+000
 6.95000000E+003, 1.52500000E+000, 4.57980372E+000, 2.16661153E+000
 7.05000000E+003, 1.47500000E+000, 4.59020334E+000, 2.16182906E+000
 7.15000000E+003, 1.42500000E+000, 4.60086915E+000, 2.15694556E+000
 7.25000000E+003, 1.37500000E+000, 4.61180516E+000, 2.15196069E+000
 7.35000000E+003, 1.32500000E+000, 4.62301533E+000, 2.14687419E+000
 7.45000000E+003, 1.27500000E+000, 4.63450350E+000, 2.14168590E+000
 7.55000000E+003, 1.22500000E+000, 4.64627348E+000, 2.13639572E+000
 7.65000000E+003, 1.17500000E+000, 4.65832894E+000, 2.13100369E+000
 7.75000000E+003, 1.12500000E+000, 4.67067349E+000, 2.12550991E+000
 7.85000000E+003, 1.07500000E+000, 4.68331064E+000, 2.11991459E+000
 7.95000000E+003, 1.02500000E+000, 4.69624377E+000, 2.11421802E+000
 8.05000000E+003, 9.75000000E-001, 4.70947616E+000, 2.10842062E+000
 8.15000000E+003, 9.25000000E-001, 4.72301099E+000, 2.10252288E+000
 8.25000000E+003, 8.75000000E-001, 4.73685131E+000, 2.09652540E+000
 8.35000000E+003, 8.25000000E-001, 4.75100003E+000, 2.09042887E+000
 8.45000000E+003, 7.75000000E-001, 4.76545995E+000, 2.08423411E+000
 8.55000000E+003, 7.25000000E-001, 4.78023372E+000, 2.07794200E+000
 8.65000000E+003, 6.75000000E-001, 4.79532387E+000, 2.07155354E+000
 8.75000000E+003, 6.25000000E-001, 4.81073277E+000, 2.06506983E+000
 8.85000000E+003, 5.75000000E-001, 4.82646265E+000, 2.05849205E+000
 8.95000000E+003, 5.25000000E-001, 4.84251560E+000, 2.05182150E+000
 9.05000000E+003, 4.75000000E-001, 4.85889356E+000, 2.04505955E+000
 9.15000000E+003, 4.25000000E-001, 4.87559829E+000, 2.03820766E+000
 9.25000000E+003, 3.75000000E-001, 4.89263144E+000, 2.03126741E+000
 9.35000000E+003, 3.25000000E-001, 4.90999447E+000, 2.02424043E+000
 9.45000000E+003, 2.75000000E-001, 4.92768867E+000, 2.01712846E+000
 9.55000000E+003, 2.25000000E-001, 4.94571522E+000, 2.00993331E+000
 9.65000000E+003, 1.75000000E-001, 4.96407509E+000, 2.00265685E+000
 9.75000000E+003, 1.25000000E-001, 4.98276912E+000, 1.99530106E+000
 9.85000000E+003, 7.50000000E-002, 5.00179819E+000, 1.98786826E+000
 9.95000000E+003, 2.50000000E-002, 5.02059115E+000, 1.97956047E+000
