   10001.395269026440      ,         100
X,ZB,H,U
 5.00000000E+001, 4.97500000E+000, 4.87794416E+000, 2.02163483E+000
 1.50000000E+002, 4.92500000E+000, 4.86493999E+000, 2.03669679E+000
 2.50000000E+002, 4.87500000E+000, 4.86142435E+000, 2.03820536E+000
 3.50000000E+002, 4.82500000E+000, 4.85788115E+000, 2.03964357E+000
 4.50000000E+002, 4.77500000E+000, 4.85422477E+000, 2.04112914E+000
 5.50000000E+002, 4.72500000E+000, 4.85045057E+000, 2.04266475E+000
 6.50000000E+002, 4.67500000E+000, 4.84655434E+000, 2.04425234E+000
 7.50000000E+002, 4.62500000E+000, 4.84253172E+000, 2.04589392E+000
 8.50000000E+002, 4.57500000E+000, 4.83837812E+000, 2.04759160E+000
 9.50000000E+002, 4.52500000E+000, 4.83408880E+000, 2.04934760E+000
 1.05000000E+003, 4.47500000E+000, 4.82965879E+000, 2.05116422E+000
 1.15000000E+003, 4.42500000E+000, 4.82508289E+000, 2.05304392E+000
 1.25000000E+003, 4.37500000E+000, 4.82035569E+000, 2.05498924E+000
 1.35000000E+003, 4.32500000E+000, 4.81547154E+000, 2.05700287E+000
 1.45000000E+003, 4.27500000E+000, 4.81042450E+000, 2.05908763E+000
 1.55000000E+003, 4.22500000E+000, 4.80520839E+000, 2.06124649E+000
 1.65000000E+003, 4.17500000E+000, 4.79981673E+000, 2.06348257E+000
 1.75000000E+003, 4.12500000E+000, 4.79424273E+000, 2.06579918E+000
 1.85000000E+003, 4.07500000E+000, 4.78847929E+000, 2.06819977E+000
 1.95000000E+003, 4.02500000E+000, 4.78251895E+000, 2.07068800E+000
 2.05000000E+003, 3.97500000E+000, 4.77635388E+000, 2.07326776E+000
 2.15000000E+003, 3.92500000E+000, 4.76997587E+000, 2.07594312E+000
 2.25000000E+003, 3.87500000E+000, 4.76337630E+000, 2.07871840E+000
 2.35000000E+003, 3.82500000E+000, 4.75654610E+000, 2.08159818E+000
 2.45000000E+003, 3.77500000E+000, 4.74947571E+000, 2.08458730E+000
 2.55000000E+003, 3.72500000E+000, 4.74215509E+000, 2.08769091E+000
 2.65000000E+003, 3.67500000E+000, 4.73457365E+000, 2.09091446E+000
 2.75000000E+003, 3.62500000E+000, 4.72672022E+000, 2.09426376E+000
 2.85000000E+003, 3.57500000E+000, 4.71858301E+000, 2.09774497E+000
 2.95000000E+003, 3.52500000E+000, 4.71014955E+000, 2.10136468E+000
 3.05000000E+003, 3.47500000E+000, 4.70140666E+000, 2.10512988E+000
 3.15000000E+003, 3.42500000E+000, 4.69234039E+000, 2.10904807E+000
 3.25000000E+003, 3.37500000E+000, 4.68293595E+000, 2.11312725E+000
 3.35000000E+003, 3.32500000E+000, 4.67317765E+000, 2.11737598E+000
 3.45000000E+003, 3.27500000E+000, 4.66304881E+000, 2.12180344E+000
 3.55000000E+003, 3.22500000E+000, 4.65253170E+000, 2.12641950E+000
 3.65000000E+003, 3.17500000E+000, 4.64160744E+000, 2.13123475E+000
 3.75000000E+003, 3.12500000E+000, 4.63025590E+000, 2.13626060E+000
 3.85000000E+003, 3.07500000E+000, 4.61845556E+000, 2.14150937E+000
 3.95000000E+003, 3.02500000E+000, 4.60618343E+000, 2.14699436E+000
 4.05000000E+003, 2.97500000E+000, 4.59341487E+000, 2.15272998E+000
 4.15000000E+003, 2.92500000E+000, 4.58012345E+000, 2.15873185E+000
 4.25000000E+003, 2.87500000E+000, 4.56628076E+000, 2.16501695E+000
 4.35000000E+003, 2.82500000E+000, 4.55185621E+000, 2.17160378E+000
 4.45000000E+003, 2.77500000E+000, 4.53681678E+000, 2.17851254E+000
 4.55000000E+003, 2.72500000E+000, 4.52112679E+000, 2.18576532E+000
 4.65000000E+003, 2.67500000E+000, 4.50474759E+000, 2.19338637E+000
 4.75000000E+003, 2.62500000E+000, 4.48763717E+000, 2.20140237E+000
 4.85000000E+003, 2.57500000E+000, 4.46974983E+000, 2.20984277E+000
 4.95000000E+003, 2.52500000E+000, 4.45104578E+000, 2.21875524E+000
 5.05000000E+003, 2.47500000E+000, 4.43996512E+000, 2.24088078E+000
 5.15000000E+003, 2.42500000E+000, 4.44568916E+000, 2.23823788E+000
 5.25000000E+003, 2.37500000E+000, 4.45175187E+000, 2.23527585E+000
 5.35000000E+003, 2.32500000E+000, 4.45799712E+000, 2.23223135E+000
 5.45000000E+003, 2.27500000E+000, 4.46442806E+000, 2.22910466E+000
 5.55000000E+003, 2.22500000E+000, 4.47104895E+000, 2.22589440E+000
 5.65000000E+003, 2.17500000E+000, 4.47786411E+000, 2.22259924E+000
 5.75000000E+003, 2.12500000E+000, 4.48487786E+000, 2.21921787E+000
 5.85000000E+003, 2.07500000E+000, 4.49209456E+000, 2.21574899E+000
 5.95000000E+003, 2.02500000E+000, 4.49951857E+000, 2.21219138E+000
 6.05000000E+003, 1.97500000E+000, 4.50715427E+000, 2.20854381E+000
 6.15000000E+003, 1.92500000E+000, 4.51500605E+000, 2.20480513E+000
 6.25000000E+003, 1.87500000E+000, 4.52307828E+000, 2.20097422E+000
 6.35000000E+003, 1.82500000E+000, 4.53137535E+000, 2.19705002E+000
 6.45000000E+003, 1.77500000E+000, 4.53990164E+000, 2.19303150E+000
 6.55000000E+003, 1.72500000E+000, 4.54866149E+000, 2.18891771E+000
 6.65000000E+003, 1.67500000E+000, 4.55765924E+000, 2.18470774E+000
 6.75000000E+003, 1.62500000E+000, 4.56689921E+000, 2.18040077E+000
 6.85000000E+003, 1.57500000E+000, 4.57638568E+000, 2.17599601E+000
 6.95000000E+003, 1.52500000E+000, 4.58612288E+000, 2.17149277E+000
 7.05000000E+003, 1.47500000E+000, 4.59611503E+000, 2.16689041E+000
 7.15000000E+003, 1.42500000E+000, 4.60636628E+000, 2.16218839E+000
 7.25000000E+003, 1.37500000E+000, 4.61688071E+000, 2.15738621E+000
 7.35000000E+003, 1.32500000E+000, 4.62766237E+000, 2.15248349E+000
 7.45000000E+003, 1.27500000E+000, 4.63871524E+000, 2.14747992E+000
 7.55000000E+003, 1.22500000E+000, 4.65004320E+000, 2.14237527E+000
 7.65000000E+003, 1.17500000E+000, 4.66165008E+000, 2.13716939E+000
 7.75000000E+003, 1.12500000E+000, 4.67353961E+000, 2.13186224E+000
 7.85000000E+003, 1.07500000E+000, 4.68571545E+000, 2.12645387E+000
 7.95000000E+003, 1.02500000E+000, 4.69818113E+000, 2.12094441E+000
 8.05000000E+003, 9.75000000E-001, 4.71094012E+000, 2.11533410E+000
 8.15000000E+003, 9.25000000E-001, 4.72399574E+000, 2.10962326E+000
 8.25000000E+003, 8.75000000E-001, 4.73735125E+000, 2.10381232E+000
 8.35000000E+003, 8.25000000E-001, 4.75100973E+000, 2.09790181E+000
 8.45000000E+003, 7.75000000E-001, 4.76497420E+000, 2.09189234E+000
 8.55000000E+003, 7.25000000E-001, 4.77924752E+000, 2.08578464E+000
 8.65000000E+003, 6.75000000E-001, 4.79383242E+000, 2.07957954E+000
 8.75000000E+003, 6.25000000E-001, 4.80873151E+000, 2.07327794E+000
 8.85000000E+003, 5.75000000E-001, 4.82394724E+000, 2.06688086E+000
 8.95000000E+003, 5.25000000E-001, 4.83948195E+000, 2.06038942E+000
 9.05000000E+003, 4.75000000E-001, 4.85533780E+000, 2.05380482E+000
 9.15000000E+003, 4.25000000E-001, 4.87151682E+000, 2.04712836E+000
 9.25000000E+003, 3.75000000E-001, 4.88802089E+000, 2.04036143E+000
 9.35000000E+003, 3.25000000E-001, 4.90485174E+000, 2.03350552E+000
 9.45000000E+003, 2.75000000E-001, 4.92201093E+000, 2.02656219E+000
 9.55000000E+003, 2.25000000E-001, 4.93949987E+000, 2.01953311E+000
 9.65000000E+003, 1.75000000E-001, 4.95731983E+000, 2.01241999E+000
 9.75000000E+003, 1.25000000E-001, 4.97547189E+000, 2.00522467E+000
 9.85000000E+003, 7.50000000E-002, 4.99395700E+000, 1.99794904E+000
 9.95000000E+003, 2.50000000E-002, 5.01278299E+000, 1.99060498E+000
