   10002.054378766121      ,         100
X,ZB,H,U
 5.00000000E+001, 4.97500000E+000, 4.81753434E+000, 2.00556306E+000
 1.50000000E+002, 4.92500000E+000, 4.81298025E+000, 2.00619527E+000
 2.50000000E+002, 4.87500000E+000, 4.80744917E+000, 2.00801518E+000
 3.50000000E+002, 4.82500000E+000, 4.80147541E+000, 2.01023193E+000
 4.50000000E+002, 4.77500000E+000, 4.79519748E+000, 2.01263192E+000
 5.50000000E+002, 4.72500000E+000, 4.78864482E+000, 2.01516023E+000
 6.50000000E+002, 4.67500000E+000, 4.78181641E+000, 2.01780582E+000
 7.50000000E+002, 4.62500000E+000, 4.77470233E+000, 2.02056993E+000
 8.50000000E+002, 4.57500000E+000, 4.76728961E+000, 2.02345753E+000
 9.50000000E+002, 4.52500000E+000, 4.75956384E+000, 2.02647489E+000
 1.05000000E+003, 4.47500000E+000, 4.75150951E+000, 2.02962899E+000
 1.15000000E+003, 4.42500000E+000, 4.74311006E+000, 2.03292741E+000
 1.25000000E+003, 4.37500000E+000, 4.73434790E+000, 2.03637826E+000
 1.35000000E+003, 4.32500000E+000, 4.72520423E+000, 2.03999029E+000
 1.45000000E+003, 4.27500000E+000, 4.71565900E+000, 2.04377287E+000
 1.55000000E+003, 4.22500000E+000, 4.70569082E+000, 2.04773612E+000
 1.65000000E+003, 4.17500000E+000, 4.69527677E+000, 2.05189094E+000
 1.75000000E+003, 4.12500000E+000, 4.68439230E+000, 2.05624913E+000
 1.85000000E+003, 4.07500000E+000, 4.67301109E+000, 2.06082341E+000
 1.95000000E+003, 4.02500000E+000, 4.66110482E+000, 2.06562763E+000
 2.05000000E+003, 3.97500000E+000, 4.64864305E+000, 2.07067678E+000
 2.15000000E+003, 3.92500000E+000, 4.63559291E+000, 2.07598722E+000
 2.25000000E+003, 3.87500000E+000, 4.62191891E+000, 2.08157676E+000
 2.35000000E+003, 3.82500000E+000, 4.60758263E+000, 2.08746490E+000
 2.45000000E+003, 3.77500000E+000, 4.59254239E+000, 2.09367298E+000
 2.55000000E+003, 3.72500000E+000, 4.57675287E+000, 2.10022448E+000
 2.65000000E+003, 3.67500000E+000, 4.56016469E+000, 2.10714522E+000
 2.75000000E+003, 3.62500000E+000, 4.54272389E+000, 2.11446375E+000
 2.85000000E+003, 3.57500000E+000, 4.52437138E+000, 2.12221170E+000
 2.95000000E+003, 3.52500000E+000, 4.50504222E+000, 2.13042421E+000
 3.05000000E+003, 3.47500000E+000, 4.48466487E+000, 2.13914049E+000
 3.15000000E+003, 3.42500000E+000, 4.46316022E+000, 2.14840443E+000
 3.25000000E+003, 3.37500000E+000, 4.44044051E+000, 2.15826531E+000
 3.35000000E+003, 3.32500000E+000, 4.41640800E+000, 2.16877879E+000
 3.45000000E+003, 3.27500000E+000, 4.39095339E+000, 2.18000791E+000
 3.55000000E+003, 3.22500000E+000, 4.36395391E+000, 2.19202450E+000
 3.65000000E+003, 3.17500000E+000, 4.33527100E+000, 2.20491077E+000
 3.75000000E+003, 3.12500000E+000, 4.30474745E+000, 2.21876140E+000
 3.85000000E+003, 3.07500000E+000, 4.27220388E+000, 2.23368605E+000
 3.95000000E+003, 3.02500000E+000, 4.23743433E+000, 2.24981262E+000
 4.05000000E+003, 2.97500000E+000, 4.20020067E+000, 2.26729136E+000
 4.15000000E+003, 2.92500000E+000, 4.16022545E+000, 2.28630026E+000
 4.25000000E+003, 2.87500000E+000, 4.11718271E+000, 2.30705197E+000
 4.35000000E+003, 2.82500000E+000, 4.07068580E+000, 2.32980319E+000
 4.45000000E+003, 2.77500000E+000, 4.02027122E+000, 2.35486717E+000
 4.55000000E+003, 2.72500000E+000, 3.96537650E+000, 2.38263099E+000
 4.65000000E+003, 2.67500000E+000, 3.90530972E+000, 2.41357976E+000
 4.75000000E+003, 2.62500000E+000, 3.83920595E+000, 2.44833128E+000
 4.85000000E+003, 2.57500000E+000, 3.76596392E+000, 2.48768716E+000
 4.95000000E+003, 2.52500000E+000, 3.68416817E+000, 2.53273930E+000
 5.05000000E+003, 2.47500000E+000, 3.62695496E+000, 2.64258348E+000
 5.15000000E+003, 2.42500000E+000, 3.61173205E+000, 2.68292934E+000
 5.25000000E+003, 2.37500000E+000, 3.61425254E+000, 2.69390921E+000
 5.35000000E+003, 2.32500000E+000, 3.62471417E+000, 2.69206885E+000
 5.45000000E+003, 2.27500000E+000, 3.63897584E+000, 2.68446594E+000
 5.55000000E+003, 2.22500000E+000, 3.65524940E+000, 2.67416432E+000
 5.65000000E+003, 2.17500000E+000, 3.67275907E+000, 2.66250174E+000
 5.75000000E+003, 2.12500000E+000, 3.69116975E+000, 2.65006389E+000
 5.85000000E+003, 2.07500000E+000, 3.71033830E+000, 2.63710891E+000
 5.95000000E+003, 2.02500000E+000, 3.73020465E+000, 2.62375300E+000
 6.05000000E+003, 1.97500000E+000, 3.75074416E+000, 2.61005146E+000
 6.15000000E+003, 1.92500000E+000, 3.77194687E+000, 2.59603386E+000
 6.25000000E+003, 1.87500000E+000, 3.79380852E+000, 2.58171926E+000
 6.35000000E+003, 1.82500000E+000, 3.81632664E+000, 2.56712265E+000
 6.45000000E+003, 1.77500000E+000, 3.83949892E+000, 2.55225777E+000
 6.55000000E+003, 1.72500000E+000, 3.86332254E+000, 2.53713814E+000
 6.65000000E+003, 1.67500000E+000, 3.88779388E+000, 2.52177755E+000
 6.75000000E+003, 1.62500000E+000, 3.91290844E+000, 2.50619014E+000
 6.85000000E+003, 1.57500000E+000, 3.93866083E+000, 2.49039045E+000
 6.95000000E+003, 1.52500000E+000, 3.96504480E+000, 2.47439333E+000
 7.05000000E+003, 1.47500000E+000, 3.99205328E+000, 2.45821390E+000
 7.15000000E+003, 1.42500000E+000, 4.01967844E+000, 2.44186746E+000
 7.25000000E+003, 1.37500000E+000, 4.04791173E+000, 2.42536940E+000
 7.35000000E+003, 1.32500000E+000, 4.07674395E+000, 2.40873516E+000
 7.45000000E+003, 1.27500000E+000, 4.10616533E+000, 2.39198009E+000
 7.55000000E+003, 1.22500000E+000, 4.13616555E+000, 2.37511945E+000
 7.65000000E+003, 1.17500000E+000, 4.16673385E+000, 2.35816831E+000
 7.75000000E+003, 1.12500000E+000, 4.19785904E+000, 2.34114147E+000
 7.85000000E+003, 1.07500000E+000, 4.22952961E+000, 2.32405343E+000
 7.95000000E+003, 1.02500000E+000, 4.26173373E+000, 2.30691836E+000
 8.05000000E+003, 9.75000000E-001, 4.29445936E+000, 2.28975000E+000
 8.15000000E+003, 9.25000000E-001, 4.32769429E+000, 2.27256166E+000
 8.25000000E+003, 8.75000000E-001, 4.36142614E+000, 2.25536620E+000
 8.35000000E+003, 8.25000000E-001, 4.39564249E+000, 2.23817595E+000
 8.45000000E+003, 7.75000000E-001, 4.43033084E+000, 2.22100276E+000
 8.55000000E+003, 7.25000000E-001, 4.46547872E+000, 2.20385791E+000
 8.65000000E+003, 6.75000000E-001, 4.50107367E+000, 2.18675216E+000
 8.75000000E+003, 6.25000000E-001, 4.53710333E+000, 2.16969570E+000
 8.85000000E+003, 5.75000000E-001, 4.57355540E+000, 2.15269818E+000
 8.95000000E+003, 5.25000000E-001, 4.61041775E+000, 2.13576869E+000
 9.05000000E+003, 4.75000000E-001, 4.64767837E+000, 2.11891575E+000
 9.15000000E+003, 4.25000000E-001, 4.68532544E+000, 2.10214736E+000
 9.25000000E+003, 3.75000000E-001, 4.72334732E+000, 2.08547096E+000
 9.35000000E+003, 3.25000000E-001, 4.76173260E+000, 2.06889349E+000
 9.45000000E+003, 2.75000000E-001, 4.80047006E+000, 2.05242137E+000
 9.55000000E+003, 2.25000000E-001, 4.83954875E+000, 2.03606052E+000
 9.65000000E+003, 1.75000000E-001, 4.87895794E+000, 2.01981638E+000
 9.75000000E+003, 1.25000000E-001, 4.91868715E+000, 2.00369394E+000
 9.85000000E+003, 7.50000000E-002, 4.95872617E+000, 1.98769774E+000
 9.95000000E+003, 2.50000000E-002, 4.99907158E+000, 1.97184106E+000
