   3600.3250117300508      ,         500
X,ZB,H,U,ZF,QS,TS
 1.00000000E+001, 2.67223832E+001, 5.48356779E+000, 8.99284780E-001, 2.36931675E+001, 7.27263395E-004, 2.59489699E-001
 3.00000000E+001, 2.66828167E+001, 5.47519901E+000, 9.15125909E-001, 2.36417771E+001, 7.66377158E-004, 2.68723611E-001
 5.00000000E+001, 2.66139146E+001, 5.50494543E+000, 9.11044721E-001, 2.35923209E+001, 7.56169379E-004, 2.66291954E-001
 7.00000000E+001, 2.65327109E+001, 5.54966891E+000, 9.01817506E-001, 2.35453760E+001, 7.33425461E-004, 2.60866796E-001
 9.00000000E+001, 2.64636084E+001, 5.58260742E+000, 8.96171570E-001, 2.35014537E+001, 7.19736431E-004, 2.57568764E-001
 1.10000000E+002, 2.64061069E+001, 5.60350079E+000, 8.92025984E-001, 2.34609789E+001, 7.09794310E-004, 2.55165234E-001
 1.30000000E+002, 2.63587272E+001, 5.61505939E+000, 8.89909809E-001, 2.34242722E+001, 7.04754699E-004, 2.53941726E-001
 1.50000000E+002, 2.63195657E+001, 5.61837882E+000, 8.84702268E-001, 2.33915366E+001, 6.92454784E-004, 2.50974366E-001
 1.70000000E+002, 2.62907998E+001, 5.61110363E+000, 8.83068482E-001, 2.33628480E+001, 6.88625581E-004, 2.50057101E-001
 1.90000000E+002, 2.62730053E+001, 5.59216707E+000, 8.86038610E-001, 2.33381517E+001, 6.95597384E-004, 2.51765270E-001
 2.10000000E+002, 2.62658460E+001, 5.56167995E+000, 8.92779882E-001, 2.33172627E+001, 7.11595485E-004, 2.55649195E-001
 2.30000000E+002, 2.62670313E+001, 5.52315861E+000, 9.02509468E-001, 2.32998718E+001, 7.35115024E-004, 2.61301818E-001
 2.50000000E+002, 2.62731174E+001, 5.47898227E+000, 9.09597851E-001, 2.32855567E+001, 7.52572380E-004, 2.65481713E-001
 2.70000000E+002, 2.62864804E+001, 5.42615142E+000, 9.18315624E-001, 2.32737969E+001, 7.74418857E-004, 2.70668383E-001
 2.90000000E+002, 2.63056747E+001, 5.36676036E+000, 9.27852709E-001, 2.32639926E+001, 7.98798277E-004, 2.76405554E-001
 3.10000000E+002, 2.63286896E+001, 5.30218354E+000, 9.38811839E-001, 2.32554871E+001, 8.27438399E-004, 2.83071396E-001
 3.30000000E+002, 2.63534867E+001, 5.23501662E+000, 9.50260798E-001, 2.32475905E+001, 8.58081301E-004, 2.90124542E-001
 3.50000000E+002, 2.63788028E+001, 5.16574689E+000, 9.63452157E-001, 2.32396055E+001, 8.94314882E-004, 2.98351545E-001
 3.70000000E+002, 2.64020717E+001, 5.09754896E+000, 9.75835333E-001, 2.32308529E+001, 9.29243678E-004, 3.06190618E-001
 3.90000000E+002, 2.64220092E+001, 5.03175178E+000, 9.88626510E-001, 2.32206965E+001, 9.66266122E-004, 3.14392588E-001
 4.10000000E+002, 2.64359559E+001, 4.97018075E+000, 9.99494798E-001, 2.32085660E+001, 9.98485155E-004, 3.21462914E-001
 4.30000000E+002, 2.64432236E+001, 4.91547302E+000, 1.01051253E+000, 2.31939778E+001, 1.03187030E-003, 3.28700532E-001
 4.50000000E+002, 2.64440020E+001, 4.86557361E+000, 1.01749006E+000, 2.31765516E+001, 1.05339324E-003, 3.33360670E-001
 4.70000000E+002, 2.64396647E+001, 4.81972552E+000, 1.02457423E+000, 2.31560233E+001, 1.07554921E-003, 3.38118657E-001
 4.90000000E+002, 2.64277985E+001, 4.78073285E+000, 1.03146645E+000, 2.31322529E+001, 1.09740091E-003, 3.42770487E-001
 5.10000000E+002, 2.64073763E+001, 4.75016981E+000, 1.03789839E+000, 2.31052283E+001, 1.11805847E-003, 3.47129125E-001
 5.30000000E+002, 2.63787469E+001, 4.72730130E+000, 1.04270919E+000, 2.30750626E+001, 1.13367769E-003, 3.50408357E-001
 5.50000000E+002, 2.63426907E+001, 4.71178193E+000, 1.04635893E+000, 2.30419879E+001, 1.14562388E-003, 3.52902737E-001
 5.70000000E+002, 2.63001430E+001, 4.70235056E+000, 1.04844752E+000, 2.30063433E+001, 1.15249776E-003, 3.54335694E-001
 5.90000000E+002, 2.62518685E+001, 4.69841958E+000, 1.04989183E+000, 2.29685595E+001, 1.15726725E-003, 3.55322131E-001
 6.10000000E+002, 2.61995639E+001, 4.69914187E+000, 1.05143972E+000, 2.29291389E+001, 1.16239339E-003, 3.56368872E-001
 6.30000000E+002, 2.61440998E+001, 4.70308239E+000, 1.05007314E+000, 2.28886340E+001, 1.15786693E-003, 3.55433570E-001
 6.50000000E+002, 2.60864140E+001, 4.70924420E+000, 1.04821095E+000, 2.28476227E+001, 1.15171779E-003, 3.54159197E-001
 6.70000000E+002, 2.60283655E+001, 4.71605178E+000, 1.04588055E+000, 2.28066840E+001, 1.14405329E-003, 3.52569916E-001
 6.90000000E+002, 2.59721804E+001, 4.72120989E+000, 1.04408564E+000, 2.27663723E+001, 1.13817323E-003, 3.51348548E-001
 7.10000000E+002, 2.59185772E+001, 4.72400473E+000, 1.04245031E+000, 2.27271941E+001, 1.13283352E-003, 3.50242178E-001
 7.30000000E+002, 2.58685210E+001, 4.72307977E+000, 1.03955704E+000, 2.26895859E+001, 1.12342729E-003, 3.48302890E-001
 7.50000000E+002, 2.58230236E+001, 4.71795846E+000, 1.03902531E+000, 2.26538951E+001, 1.12170427E-003, 3.47958718E-001
 7.70000000E+002, 2.57831643E+001, 4.70656924E+000, 1.04132521E+000, 2.26203654E+001, 1.12916952E-003, 3.49527863E-001
 7.90000000E+002, 2.57484530E+001, 4.69032959E+000, 1.04316066E+000, 2.25891249E+001, 1.13515091E-003, 3.50799982E-001
 8.10000000E+002, 2.57199587E+001, 4.66640263E+000, 1.04923690E+000, 2.25601808E+001, 1.15510287E-003, 3.54957012E-001
 8.30000000E+002, 2.56961358E+001, 4.63799701E+000, 1.05377138E+000, 2.25334174E+001, 1.17014370E-003, 3.58102400E-001
 8.50000000E+002, 2.56779822E+001, 4.60206273E+000, 1.06336626E+000, 2.25086006E+001, 1.20239904E-003, 3.64745665E-001
 8.70000000E+002, 2.56629619E+001, 4.56283131E+000, 1.07070033E+000, 2.24853860E+001, 1.22745001E-003, 3.69898180E-001
 8.90000000E+002, 2.56519232E+001, 4.51742616E+000, 1.08344176E+000, 2.24633325E+001, 1.27179383E-003, 3.78879485E-001
 9.10000000E+002, 2.56413477E+001, 4.47099185E+000, 1.09355127E+000, 2.24419195E+001, 1.30772807E-003, 3.86116173E-001
 9.30000000E+002, 2.56310894E+001, 4.42282405E+000, 1.10489067E+000, 2.24205673E+001, 1.34883216E-003, 3.94309098E-001
 9.50000000E+002, 2.56200037E+001, 4.37430739E+000, 1.11545560E+000, 2.23986608E+001, 1.38789580E-003, 4.02036749E-001
 9.70000000E+002, 2.56065636E+001, 4.32692632E+000, 1.12576409E+000, 2.23755735E+001, 1.42673124E-003, 4.09655203E-001
 9.90000000E+002, 2.55890970E+001, 4.28223254E+000, 1.13535044E+000, 2.23506933E+001, 1.46349012E-003, 4.16811779E-001
 1.01000000E+003, 2.55661447E+001, 4.24226159E+000, 1.14439938E+000, 2.23234472E+001, 1.49876257E-003, 4.23621394E-001
 1.03000000E+003, 2.55365331E+001, 4.20791984E+000, 1.15180121E+000, 2.22933252E+001, 1.52803249E-003, 4.29242023E-001
 1.05000000E+003, 2.54991929E+001, 4.18085194E+000, 1.15781270E+000, 2.22599009E+001, 1.55208294E-003, 4.33833711E-001
 1.07000000E+003, 2.54534483E+001, 4.16168983E+000, 1.16162656E+000, 2.22228500E+001, 1.56747131E-003, 4.36768117E-001
 1.09000000E+003, 2.53980215E+001, 4.15135914E+000, 1.16348600E+000, 2.21819640E+001, 1.57501062E-003, 4.38206504E-001
 1.11000000E+003, 2.53338486E+001, 4.15052035E+000, 1.16836183E+000, 2.21371602E+001, 1.59489495E-003, 4.41890191E-001
 1.13000000E+003, 2.52611491E+001, 4.15849244E+000, 1.16585319E+000, 2.20884861E+001, 1.58464358E-003, 4.39964392E-001
 1.15000000E+003, 2.51792732E+001, 4.17674145E+000, 1.15968207E+000, 2.20361191E+001, 1.55961293E-003, 4.35251002E-001
 1.17000000E+003, 2.50892413E+001, 4.20406043E+000, 1.15116890E+000, 2.19803614E+001, 1.52551731E-003, 4.28784799E-001
 1.19000000E+003, 2.49913566E+001, 4.24074247E+000, 1.14005354E+000, 2.19216294E+001, 1.48175274E-003, 4.20415404E-001
 1.21000000E+003, 2.48870996E+001, 4.28542892E+000, 1.12693465E+000, 2.18604393E+001, 1.43118636E-003, 4.10644764E-001
 1.23000000E+003, 2.47774327E+001, 4.33719833E+000, 1.11230840E+000, 2.17973883E+001, 1.37618130E-003, 3.99888221E-001
 1.25000000E+003, 2.46640311E+001, 4.39464462E+000, 1.09640755E+000, 2.17331329E+001, 1.31800195E-003, 3.88361775E-001
 1.27000000E+003, 2.45479412E+001, 4.45643400E+000, 1.08003480E+000, 2.16683651E+001, 1.25983376E-003, 3.76671491E-001
 1.29000000E+003, 2.44309017E+001, 4.52110093E+000, 1.06229810E+000, 2.16037870E+001, 1.19877923E-003, 3.64226071E-001
 1.31000000E+003, 2.43161752E+001, 4.58487212E+000, 1.04599590E+000, 2.15400847E+001, 1.14443188E-003, 3.52969793E-001
 1.33000000E+003, 2.42050357E+001, 4.64697872E+000, 1.03123474E+000, 2.14779040E+001, 1.09666151E-003, 3.42927465E-001
 1.35000000E+003, 2.40985485E+001, 4.70532470E+000, 1.01692350E+000, 2.14178263E+001, 1.05163456E-003, 3.33341420E-001
 1.37000000E+003, 2.39981309E+001, 4.75929315E+000, 1.00464060E+000, 2.13603484E+001, 1.01398649E-003, 3.25219361E-001
 1.39000000E+003, 2.39049514E+001, 4.80653035E+000, 9.93172669E-001, 2.13058646E+001, 9.79657518E-004, 3.17737990E-001
 1.41000000E+003, 2.38199470E+001, 4.84698495E+000, 9.84125931E-001, 2.12546539E+001, 9.53129745E-004, 3.11894046E-001
 1.43000000E+003, 2.37435391E+001, 4.87893308E+000, 9.75991073E-001, 2.12068706E+001, 9.29688660E-004, 3.06696454E-001
 1.45000000E+003, 2.36759249E+001, 4.90320267E+000, 9.70381805E-001, 2.11625413E+001, 9.13751139E-004, 3.03134754E-001
 1.47000000E+003, 2.36168423E+001, 4.91866840E+000, 9.65489480E-001, 2.11215654E+001, 9.00000262E-004, 3.00056753E-001
 1.49000000E+003, 2.35657840E+001, 4.92707428E+000, 9.62923171E-001, 2.10837220E+001, 8.92842613E-004, 2.98448085E-001
 1.51000000E+003, 2.35214070E+001, 4.92839822E+000, 9.58068590E-001, 2.10486804E+001, 8.79406769E-004, 2.95443979E-001
 1.53000000E+003, 2.34832514E+001, 4.92377602E+000, 9.56986728E-001, 2.10160158E+001, 8.76431023E-004, 2.94785614E-001
 1.55000000E+003, 2.34505734E+001, 4.91322055E+000, 9.59214868E-001, 2.09852282E+001, 8.82567036E-004, 2.96179454E-001
 1.57000000E+003, 2.34211518E+001, 4.89963172E+000, 9.60909365E-001, 2.09557643E+001, 8.87252588E-004, 2.97252185E-001
 1.59000000E+003, 2.33939640E+001, 4.88337881E+000, 9.63997220E-001, 2.09270413E+001, 8.95833588E-004, 2.99196408E-001
 1.61000000E+003, 2.33672025E+001, 4.86667969E+000, 9.65881526E-001, 2.08984721E+001, 9.01097066E-004, 3.00399122E-001
 1.63000000E+003, 2.33397417E+001, 4.85030620E+000, 9.67017878E-001, 2.08694901E+001, 9.04281211E-004, 3.01137937E-001
 1.65000000E+003, 2.33105270E+001, 4.83558030E+000, 9.67769947E-001, 2.08395737E+001, 9.06392684E-004, 3.01635129E-001
 1.67000000E+003, 2.32782344E+001, 4.82370302E+000, 9.67973156E-001, 2.08082681E+001, 9.06963769E-004, 3.01785024E-001
 1.69000000E+003, 2.32417075E+001, 4.81599312E+000, 9.67529367E-001, 2.07752047E+001, 9.05716888E-004, 3.01523477E-001
 1.71000000E+003, 2.32001604E+001, 4.81335144E+000, 9.68250888E-001, 2.07401172E+001, 9.07744675E-004, 3.01978554E-001
 1.73000000E+003, 2.31538718E+001, 4.81565496E+000, 9.68038224E-001, 2.07028529E+001, 9.07146681E-004, 3.01841388E-001
 1.75000000E+003, 2.31018543E+001, 4.82498192E+000, 9.64264913E-001, 2.06633795E+001, 8.96580092E-004, 2.99474729E-001
 1.77000000E+003, 2.30444772E+001, 4.83901680E+000, 9.60627959E-001, 2.06217874E+001, 8.86473313E-004, 2.97192926E-001
 1.79000000E+003, 2.29817702E+001, 4.85976752E+000, 9.54575535E-001, 2.05782861E+001, 8.69823019E-004, 2.93420682E-001
 1.81000000E+003, 2.29148313E+001, 4.88469084E+000, 9.48549891E-001, 2.05331964E+001, 8.53454815E-004, 2.89682031E-001
 1.83000000E+003, 2.28444486E+001, 4.91431413E+000, 9.40960527E-001, 2.04869378E+001, 8.33132763E-004, 2.85011877E-001
 1.85000000E+003, 2.27717149E+001, 4.94660752E+000, 9.33477508E-001, 2.04400115E+001, 8.13413869E-004, 2.80440390E-001
 1.87000000E+003, 2.26977892E+001, 4.98111315E+000, 9.25057333E-001, 2.03929803E+001, 7.91600299E-004, 2.75345547E-001
 1.89000000E+003, 2.26253149E+001, 5.01454981E+000, 9.17146700E-001, 2.03464461E+001, 7.71465346E-004, 2.70601556E-001
 1.91000000E+003, 2.25558357E+001, 5.04590262E+000, 9.10240004E-001, 2.03010249E+001, 7.54167398E-004, 2.66491236E-001
 1.93000000E+003, 2.24908422E+001, 5.07295851E+000, 9.03637628E-001, 2.02573218E+001, 7.37875210E-004, 2.62597195E-001
 1.95000000E+003, 2.24317719E+001, 5.09490535E+000, 8.98517572E-001, 2.02159059E+001, 7.25403629E-004, 2.59596397E-001
 1.97000000E+003, 2.23799771E+001, 5.10957891E+000, 8.94011527E-001, 2.01772869E+001, 7.14544624E-004, 2.56977199E-001
 1.99000000E+003, 2.23358115E+001, 5.11741743E+000, 8.91095257E-001, 2.01418930E+001, 7.07574863E-004, 2.55291792E-001
 2.01000000E+003, 2.22997341E+001, 5.11662065E+000, 8.83696598E-001, 2.01100534E+001, 6.90096062E-004, 2.51071236E-001
 2.03000000E+003, 2.22735760E+001, 5.10689649E+000, 8.83247879E-001, 2.00819828E+001, 6.89045355E-004, 2.50830496E-001
 2.05000000E+003, 2.22571120E+001, 5.08712106E+000, 8.84269546E-001, 2.00577721E+001, 6.91439214E-004, 2.51440159E-001
 2.07000000E+003, 2.22517863E+001, 5.05359436E+000, 8.93315450E-001, 2.00373824E+001, 7.12876890E-004, 2.56661613E-001
 2.09000000E+003, 2.22540967E+001, 5.01394990E+000, 9.00940676E-001, 2.00206451E+001, 7.31288234E-004, 2.61123907E-001
 2.11000000E+003, 2.22631680E+001, 4.96662017E+000, 9.08132697E-001, 2.00072668E+001, 7.48941574E-004, 2.65385941E-001
 2.13000000E+003, 2.22806199E+001, 4.90930702E+000, 9.17368325E-001, 1.99968387E+001, 7.72024749E-004, 2.70907647E-001
 2.15000000E+003, 2.23046087E+001, 4.84469024E+000, 9.27601596E-001, 1.99888510E+001, 7.98149897E-004, 2.77099103E-001
 2.17000000E+003, 2.23334471E+001, 4.77363309E+000, 9.39743300E-001, 1.99827110E+001, 8.29903727E-004, 2.84532625E-001
 2.19000000E+003, 2.23650767E+001, 4.69880944E+000, 9.52611705E-001, 1.99777644E+001, 8.64465652E-004, 2.92525560E-001
 2.21000000E+003, 2.23984529E+001, 4.62053744E+000, 9.67054094E-001, 1.99733191E+001, 9.04382823E-004, 3.01626288E-001
 2.23000000E+003, 2.24318391E+001, 4.54052674E+000, 9.83145258E-001, 1.99686708E+001, 9.50283234E-004, 3.11926239E-001
 2.25000000E+003, 2.24626190E+001, 4.46193312E+000, 9.98766435E-001, 1.99631283E+001, 9.96303869E-004, 3.22104751E-001
 2.27000000E+003, 2.24897607E+001, 4.38518670E+000, 1.01408980E+000, 1.99560386E+001, 1.04286778E-003, 3.32259312E-001
 2.29000000E+003, 2.25117310E+001, 4.31243580E+000, 1.02959884E+000, 1.99468112E+001, 1.09145072E-003, 3.42696887E-001
 2.31000000E+003, 2.25257954E+001, 4.24558997E+000, 1.04273067E+000, 1.99349383E+001, 1.13374776E-003, 3.51685921E-001
 2.33000000E+003, 2.25316516E+001, 4.18671851E+000, 1.05487159E+000, 1.99200136E+001, 1.17381266E-003, 3.60100890E-001
 2.35000000E+003, 2.25307753E+001, 4.13277500E+000, 1.06301689E+000, 1.99017454E+001, 1.20121431E-003, 3.65853134E-001
 2.37000000E+003, 2.25239549E+001, 4.08328268E+000, 1.07155443E+000, 1.98799664E+001, 1.23038976E-003, 3.71915408E-001
 2.39000000E+003, 2.25085397E+001, 4.04190577E+000, 1.07970328E+000, 1.98546379E+001, 1.25867401E-003, 3.77734040E-001
 2.41000000E+003, 2.24839849E+001, 4.00925752E+000, 1.08658462E+000, 1.98258492E+001, 1.28289366E-003, 3.82678536E-001
 2.43000000E+003, 2.24510142E+001, 3.98468917E+000, 1.09160162E+000, 1.97938120E+001, 1.30074603E-003, 3.86308513E-001
 2.45000000E+003, 2.24106218E+001, 3.96723450E+000, 1.09468279E+000, 1.97588496E+001, 1.31179167E-003, 3.88555904E-001
 2.47000000E+003, 2.23639807E+001, 3.95604271E+000, 1.09622712E+000, 1.97213823E+001, 1.31735137E-003, 3.89694115E-001
 2.49000000E+003, 2.23120261E+001, 3.94983521E+000, 1.09612693E+000, 1.96819091E+001, 1.31699018E-003, 3.89645782E-001
 2.51000000E+003, 2.22559747E+001, 3.94801675E+000, 1.09585050E+000, 1.96409852E+001, 1.31599408E-003, 3.89456002E-001
 2.53000000E+003, 2.21971937E+001, 3.94974950E+000, 1.09383726E+000, 1.95991992E+001, 1.30875437E-003, 3.88019960E-001
 2.55000000E+003, 2.21366524E+001, 3.95367034E+000, 1.09010883E+000, 1.95571474E+001, 1.29541696E-003, 3.85364961E-001
 2.57000000E+003, 2.20763946E+001, 3.95747155E+000, 1.08644244E+000, 1.95154093E+001, 1.28239012E-003, 3.82763342E-001
 2.59000000E+003, 2.20184574E+001, 3.95937445E+000, 1.08264242E+000, 1.94745226E+001, 1.26898101E-003, 3.80083636E-001
 2.61000000E+003, 2.19637183E+001, 3.95788870E+000, 1.07853352E+000, 1.94349614E+001, 1.25458745E-003, 3.77209373E-001
 2.63000000E+003, 2.19131356E+001, 3.95267847E+000, 1.07646749E+000, 1.93971157E+001, 1.24739143E-003, 3.75784118E-001
 2.65000000E+003, 2.18673851E+001, 3.94287854E+000, 1.07572037E+000, 1.93612757E+001, 1.24479597E-003, 3.75297581E-001
 2.67000000E+003, 2.18271191E+001, 3.92721346E+000, 1.07714725E+000, 1.93276190E+001, 1.24975600E-003, 3.76350161E-001
 2.69000000E+003, 2.17925015E+001, 3.90521761E+000, 1.08109945E+000, 1.92962038E+001, 1.26356313E-003, 3.79197362E-001
 2.71000000E+003, 2.17625552E+001, 3.87857624E+000, 1.08453897E+000, 1.92669656E+001, 1.27566162E-003, 3.81713180E-001
 2.73000000E+003, 2.17383192E+001, 3.84430988E+000, 1.09334363E+000, 1.92397203E+001, 1.30698331E-003, 3.88067672E-001
 2.75000000E+003, 2.17175503E+001, 3.80645437E+000, 1.10009424E+000, 1.92141711E+001, 1.33134214E-003, 3.93024382E-001
 2.77000000E+003, 2.17010210E+001, 3.76183668E+000, 1.11285625E+000, 1.91899208E+001, 1.37821575E-003, 4.02380625E-001
 2.79000000E+003, 2.16856045E+001, 3.71560370E+000, 1.12347070E+000, 1.91664880E+001, 1.41802950E-003, 4.10292525E-001
 2.81000000E+003, 2.16705185E+001, 3.66721772E+000, 1.13546066E+000, 1.91433268E+001, 1.46391642E-003, 4.19315247E-001
 2.83000000E+003, 2.16549623E+001, 3.61827713E+000, 1.14719635E+000, 1.91198495E+001, 1.50977863E-003, 4.28259229E-001
 2.85000000E+003, 2.16376774E+001, 3.56920213E+000, 1.15814230E+000, 1.90954506E+001, 1.55340889E-003, 4.36713408E-001
 2.87000000E+003, 2.16170311E+001, 3.52234821E+000, 1.16909523E+000, 1.90695322E+001, 1.59790028E-003, 4.45255068E-001
 2.89000000E+003, 2.15914966E+001, 3.47880878E+000, 1.17869839E+000, 1.90415287E+001, 1.63760093E-003, 4.52834514E-001
 2.91000000E+003, 2.15598753E+001, 3.44073750E+000, 1.18755451E+000, 1.90109313E+001, 1.67479117E-003, 4.59877749E-001
 2.93000000E+003, 2.15212695E+001, 3.40846793E+000, 1.19383959E+000, 1.89773091E+001, 1.70152335E-003, 4.64944420E-001
 2.95000000E+003, 2.14748923E+001, 3.38384369E+000, 1.19853276E+000, 1.89403281E+001, 1.72166919E-003, 4.68752507E-001
 2.97000000E+003, 2.14204056E+001, 3.36675374E+000, 1.20016571E+000, 1.88997664E+001, 1.72871589E-003, 4.70133053E-001
 2.99000000E+003, 2.13571727E+001, 3.35811716E+000, 1.19932274E+000, 1.88555247E+001, 1.72507588E-003, 4.69524904E-001
 3.01000000E+003, 2.12859203E+001, 3.35798606E+000, 1.20146736E+000, 1.88076322E+001, 1.73434676E-003, 4.71206398E-001
 3.03000000E+003, 2.12068302E+001, 3.36895539E+000, 1.19235557E+000, 1.87562475E+001, 1.69518605E-003, 4.64021063E-001
 3.05000000E+003, 2.11202332E+001, 3.38642673E+000, 1.18345966E+000, 1.87016544E+001, 1.65752611E-003, 4.57021347E-001
 3.07000000E+003, 2.10268365E+001, 3.41442451E+000, 1.16820970E+000, 1.86442526E+001, 1.59427203E-003, 4.45162313E-001
 3.09000000E+003, 2.09275815E+001, 3.44874299E+000, 1.15305319E+000, 1.85845443E+001, 1.53302065E-003, 4.33502223E-001
 3.11000000E+003, 2.08237714E+001, 3.49124560E+000, 1.13358152E+000, 1.85231164E+001, 1.45666022E-003, 4.18769303E-001
 3.13000000E+003, 2.07168720E+001, 3.53826099E+000, 1.11442231E+000, 1.84606191E+001, 1.38404238E-003, 4.04508579E-001
 3.15000000E+003, 2.06079061E+001, 3.59040129E+000, 1.09316382E+000, 1.83977431E+001, 1.30633860E-003, 3.88989711E-001
 3.17000000E+003, 2.04971080E+001, 3.64625677E+000, 1.07212414E+000, 1.83351935E+001, 1.23235335E-003, 3.73926665E-001
 3.19000000E+003, 2.03855266E+001, 3.70551019E+000, 1.04868906E+000, 1.82736649E+001, 1.15329449E-003, 3.57528228E-001
 3.21000000E+003, 2.02775415E+001, 3.76329575E+000, 1.02800734E+000, 1.82138156E+001, 1.08639718E-003, 3.43356104E-001
 3.23000000E+003, 2.01749425E+001, 3.81769660E+000, 1.00905999E+000, 1.81562442E+001, 1.02742693E-003, 3.30631461E-001
 3.25000000E+003, 2.00798120E+001, 3.86616178E+000, 9.91823694E-001, 1.81014675E+001, 9.75671098E-004, 3.19277902E-001
 3.27000000E+003, 1.99930447E+001, 3.90779998E+000, 9.76937143E-001, 1.80499027E+001, 9.32394854E-004, 3.09639529E-001
 3.29000000E+003, 1.99158006E+001, 3.94091190E+000, 9.64052561E-001, 1.80018527E+001, 8.95987887E-004, 3.01430046E-001
 3.31000000E+003, 1.98482516E+001, 3.96544280E+000, 9.53660966E-001, 1.79574965E+001, 8.67325307E-004, 2.94898297E-001
 3.33000000E+003, 1.97907420E+001, 3.98055252E+000, 9.45032332E-001, 1.79168839E+001, 8.43995242E-004, 2.89544982E-001
 3.35000000E+003, 1.97416776E+001, 3.98824028E+000, 9.38163817E-001, 1.78799358E+001, 8.25726145E-004, 2.85330976E-001
 3.37000000E+003, 1.97014894E+001, 3.98608029E+000, 9.29348991E-001, 1.78464492E+001, 8.02669011E-004, 2.79999959E-001
 3.39000000E+003, 1.96697352E+001, 3.97659154E+000, 9.27082700E-001, 1.78161071E+001, 7.96811206E-004, 2.78660718E-001
 3.41000000E+003, 1.96449223E+001, 3.96057363E+000, 9.26855646E-001, 1.77884929E+001, 7.96225906E-004, 2.78566173E-001
 3.43000000E+003, 1.96255320E+001, 3.93857332E+000, 9.28000269E-001, 1.77631087E+001, 7.99179456E-004, 2.79312901E-001
 3.45000000E+003, 1.96108659E+001, 3.91117967E+000, 9.31180195E-001, 1.77393965E+001, 8.07423145E-004, 2.81304335E-001
 3.47000000E+003, 1.95990076E+001, 3.88106271E+000, 9.34266917E-001, 1.77167617E+001, 8.15479244E-004, 2.83255389E-001
 3.49000000E+003, 1.95884427E+001, 3.84941611E+000, 9.37849218E-001, 1.76945985E+001, 8.24895739E-004, 2.85520992E-001
 3.51000000E+003, 1.95776057E+001, 3.81760220E+000, 9.40102484E-001, 1.76723146E+001, 8.30855691E-004, 2.86986205E-001
 3.53000000E+003, 1.95653643E+001, 3.78666917E+000, 9.41559422E-001, 1.76493558E+001, 8.34724582E-004, 2.87967166E-001
 3.55000000E+003, 1.95504883E+001, 3.75839317E+000, 9.42817755E-001, 1.76252290E+001, 8.38075721E-004, 2.88821813E-001
 3.57000000E+003, 1.95318416E+001, 3.73353302E+000, 9.43081980E-001, 1.75995225E+001, 8.38780533E-004, 2.89059012E-001
 3.59000000E+003, 1.95086921E+001, 3.71339365E+000, 9.42257132E-001, 1.75719225E+001, 8.36581588E-004, 2.88615191E-001
 3.61000000E+003, 1.94803601E+001, 3.69867139E+000, 9.40367905E-001, 1.75422263E+001, 8.31559623E-004, 2.87504256E-001
 3.63000000E+003, 1.94463913E+001, 3.68973792E+000, 9.37301068E-001, 1.75103501E+001, 8.23450188E-004, 2.85659479E-001
 3.65000000E+003, 1.94067902E+001, 3.68668313E+000, 9.34883860E-001, 1.74763324E+001, 8.17095813E-004, 2.84197370E-001
 3.67000000E+003, 1.93628126E+001, 3.68907812E+000, 9.30766909E-001, 1.74403324E+001, 8.06348545E-004, 2.81692559E-001
 3.69000000E+003, 1.93139557E+001, 3.69745038E+000, 9.23129748E-001, 1.74026228E+001, 7.86662151E-004, 2.77063852E-001
 3.71000000E+003, 1.92615444E+001, 3.70938484E+000, 9.15182705E-001, 1.73635789E+001, 7.66519886E-004, 2.72279216E-001
 3.73000000E+003, 1.92064792E+001, 3.72536746E+000, 9.05418602E-001, 1.73236625E+001, 7.42246633E-004, 2.66455027E-001
 3.75000000E+003, 1.91501366E+001, 3.74319461E+000, 8.95450762E-001, 1.72834026E+001, 7.18001141E-004, 2.60571495E-001
 3.77000000E+003, 1.90942782E+001, 3.76126831E+000, 8.85296297E-001, 1.72433735E+001, 6.93850570E-004, 2.54647131E-001
 3.79000000E+003, 1.90408464E+001, 3.77798305E+000, 8.76218055E-001, 1.72041707E+001, 6.72723503E-004, 2.49408194E-001
 3.81000000E+003, 1.89909906E+001, 3.79159422E+000, 8.67348721E-001, 1.71663854E+001, 6.52501079E-004, 2.44350400E-001
 3.83000000E+003, 1.89462428E+001, 3.80118450E+000, 8.59724757E-001, 1.71305800E+001, 6.35445497E-004, 2.40050092E-001
 3.85000000E+003, 1.89078258E+001, 3.80515416E+000, 8.51692946E-001, 1.70972638E+001, 6.17801785E-004, 2.35576277E-001
 3.87000000E+003, 1.88762082E+001, 3.80154334E+000, 8.43532575E-001, 1.70668709E+001, 6.00213259E-004, 2.31092121E-001
 3.89000000E+003, 1.88529989E+001, 3.79045799E+000, 8.39508780E-001, 1.70397412E+001, 5.91664809E-004, 2.28918615E-001
 3.91000000E+003, 1.88386773E+001, 3.77078762E+000, 8.37855541E-001, 1.70161049E+001, 5.88176205E-004, 2.28064084E-001
 3.93000000E+003, 1.88336138E+001, 3.74050971E+000, 8.42869282E-001, 1.69960713E+001, 5.98798485E-004, 2.30874613E-001
 3.95000000E+003, 1.88370300E+001, 3.70250351E+000, 8.48951675E-001, 1.69796222E+001, 6.11855577E-004, 2.34313212E-001
 3.97000000E+003, 1.88479605E+001, 3.65635655E+000, 8.54183285E-001, 1.69666106E+001, 6.23236987E-004, 2.37328663E-001
 3.99000000E+003, 1.88676161E+001, 3.59979131E+000, 8.62326464E-001, 1.69567640E+001, 6.41231955E-004, 2.42027589E-001
 4.01000000E+003, 1.88942532E+001, 3.53565529E+000, 8.71703584E-001, 1.69496936E+001, 6.62378927E-004, 2.47502173E-001
 4.03000000E+003, 1.89267144E+001, 3.46391075E+000, 8.83981341E-001, 1.69449066E+001, 6.90763381E-004, 2.54740829E-001
 4.05000000E+003, 1.89631703E+001, 3.38716582E+000, 8.97459956E-001, 1.69418242E+001, 7.22845118E-004, 2.62818339E-001
 4.07000000E+003, 1.90023622E+001, 3.30561360E+000, 9.13503227E-001, 1.69398020E+001, 7.62307637E-004, 2.72586500E-001
 4.09000000E+003, 1.90427456E+001, 3.22109780E+000, 9.31507563E-001, 1.69381530E+001, 8.08275044E-004, 2.83762585E-001
 4.11000000E+003, 1.90824494E+001, 3.13487207E+000, 9.51636534E-001, 1.69361732E+001, 8.61813583E-004, 2.96523160E-001
 4.13000000E+003, 1.91192428E+001, 3.04981097E+000, 9.71719427E-001, 1.69331668E+001, 9.17535067E-004, 3.09565468E-001
 4.15000000E+003, 1.91519887E+001, 2.96633633E+000, 9.92085663E-001, 1.69284719E+001, 9.76444437E-004, 3.23103567E-001
 4.17000000E+003, 1.91793890E+001, 2.88609637E+000, 1.01309990E+000, 1.69214845E+001, 1.03981681E-003, 3.37386223E-001
 4.19000000E+003, 1.91988806E+001, 2.81095209E+000, 1.03162321E+000, 1.69116800E+001, 1.09790137E-003, 3.50296122E-001
 4.21000000E+003, 1.92090160E+001, 2.74415541E+000, 1.04916152E+000, 1.68986326E+001, 1.15485397E-003, 3.62751311E-001
 4.23000000E+003, 1.92107244E+001, 2.68346100E+000, 1.06101330E+000, 1.68820296E+001, 1.19443493E-003, 3.71423782E-001
 4.25000000E+003, 1.92062657E+001, 2.62699619E+000, 1.07254404E+000, 1.68616820E+001, 1.23380184E-003, 3.79967286E-001
 4.27000000E+003, 1.91936515E+001, 2.57734193E+000, 1.08366390E+000, 1.68375302E+001, 1.27257631E-003, 3.88284829E-001
 4.29000000E+003, 1.91716419E+001, 2.53634019E+000, 1.09304959E+000, 1.68096445E+001, 1.30592912E-003, 3.95385440E-001
 4.31000000E+003, 1.91404494E+001, 2.50372433E+000, 1.09928344E+000, 1.67782205E+001, 1.32840063E-003, 4.00193960E-001
 4.33000000E+003, 1.91011934E+001, 2.47916851E+000, 1.10284558E+000, 1.67435697E+001, 1.34135624E-003, 4.03013002E-001
 4.35000000E+003, 1.90547971E+001, 2.46105812E+000, 1.10237988E+000, 1.67061060E+001, 1.33965772E-003, 4.02838419E-001
 4.37000000E+003, 1.90026840E+001, 2.44977451E+000, 1.09938554E+000, 1.66663271E+001, 1.32877080E-003, 4.00756811E-001
 4.39000000E+003, 1.89459642E+001, 2.44377946E+000, 1.09421129E+000, 1.66247944E+001, 1.31009742E-003, 3.97048392E-001
 4.41000000E+003, 1.88856316E+001, 2.44194893E+000, 1.08837673E+000, 1.65821086E+001, 1.28925182E-003, 3.92842060E-001
 4.43000000E+003, 1.88230681E+001, 2.44402763E+000, 1.07968212E+000, 1.65388858E+001, 1.25860005E-003, 3.86571985E-001
 4.45000000E+003, 1.87589887E+001, 2.44888187E+000, 1.06787518E+000, 1.64957317E+001, 1.21775941E-003, 3.78121003E-001
 4.47000000E+003, 1.86966010E+001, 2.45302637E+000, 1.05687681E+000, 1.64532167E+001, 1.18051938E-003, 3.70336974E-001
 4.49000000E+003, 1.86375155E+001, 2.45510831E+000, 1.04641318E+000, 1.64118534E+001, 1.14580212E-003, 3.63022844E-001
 4.51000000E+003, 1.85821100E+001, 2.45404909E+000, 1.03502712E+000, 1.63720754E+001, 1.10880509E-003, 3.55174342E-001
 4.53000000E+003, 1.85315224E+001, 2.44912680E+000, 1.02691022E+000, 1.63342200E+001, 1.08292267E-003, 3.49665118E-001
 4.55000000E+003, 1.84864207E+001, 2.43920451E+000, 1.02133156E+000, 1.62985152E+001, 1.06536957E-003, 3.45955847E-001
 4.57000000E+003, 1.84470942E+001, 2.42384987E+000, 1.01857133E+000, 1.62650706E+001, 1.05675515E-003, 3.44211983E-001
 4.59000000E+003, 1.84130604E+001, 2.40339362E+000, 1.01791979E+000, 1.62338732E+001, 1.05472854E-003, 3.43938470E-001
 4.61000000E+003, 1.83839036E+001, 2.37742992E+000, 1.01953838E+000, 1.62047893E+001, 1.05976792E-003, 3.45249300E-001
 4.63000000E+003, 1.83597918E+001, 2.34495254E+000, 1.02557783E+000, 1.61775699E+001, 1.07871298E-003, 3.49631759E-001
 4.65000000E+003, 1.83392821E+001, 2.30874882E+000, 1.03144770E+000, 1.61518615E+001, 1.09734114E-003, 3.53970005E-001
 4.67000000E+003, 1.83220357E+001, 2.26678772E+000, 1.04365982E+000, 1.61272221E+001, 1.13678130E-003, 3.62799120E-001
 4.69000000E+003, 1.83052600E+001, 2.22346638E+000, 1.05361847E+000, 1.61031389E+001, 1.16963446E-003, 3.70189305E-001
 4.71000000E+003, 1.82885783E+001, 2.17795599E+000, 1.06554077E+000, 1.60790509E+001, 1.20979073E-003, 3.79098058E-001
 4.73000000E+003, 1.82710781E+001, 2.13191844E+000, 1.07735394E+000, 1.60543727E+001, 1.25047568E-003, 3.88070586E-001
 4.75000000E+003, 1.82511943E+001, 2.08616655E+000, 1.08842983E+000, 1.60285189E+001, 1.28944063E-003, 3.96640157E-001
 4.77000000E+003, 1.82274350E+001, 2.04282596E+000, 1.09928327E+000, 1.60009299E+001, 1.32840009E-003, 4.05142337E-001
 4.79000000E+003, 1.81987514E+001, 2.00299897E+000, 1.10845750E+000, 1.59710954E+001, 1.36193751E-003, 4.12469061E-001
 4.81000000E+003, 1.81638765E+001, 1.96811089E+000, 1.11527368E+000, 1.59385774E+001, 1.38721700E-003, 4.18049695E-001
 4.83000000E+003, 1.81222204E+001, 1.93966848E+000, 1.11951539E+000, 1.59030289E+001, 1.40310525E-003, 4.21652367E-001
 4.85000000E+003, 1.80729637E+001, 1.91786199E+000, 1.11868031E+000, 1.58642106E+001, 1.39996775E-003, 4.21350337E-001
 4.87000000E+003, 1.80161924E+001, 1.90492174E+000, 1.11421458E+000, 1.58220021E+001, 1.38326871E-003, 4.18188652E-001
 4.89000000E+003, 1.79521025E+001, 1.89999252E+000, 1.10817833E+000, 1.57764095E+001, 1.36090876E-003, 4.13744225E-001
 4.91000000E+003, 1.78805531E+001, 1.90451297E+000, 1.09819334E+000, 1.57275667E+001, 1.32445276E-003, 4.06254933E-001
 4.93000000E+003, 1.77988725E+001, 1.92335221E+000, 1.07536881E+000, 1.56757334E+001, 1.24357609E-003, 3.89278798E-001
 4.95000000E+003, 1.77082392E+001, 1.95392111E+000, 1.04736452E+000, 1.56212860E+001, 1.14893016E-003, 3.68870175E-001
 4.97000000E+003, 1.76098675E+001, 1.99742055E+000, 1.01203033E+000, 1.55647061E+001, 1.03652707E-003, 3.43891219E-001
 4.99000000E+003, 1.75067466E+001, 2.04978473E+000, 9.74410048E-001, 1.55065629E+001, 9.25178043E-004, 3.18254997E-001
 5.01000000E+003, 1.74010448E+001, 2.10939475E+000, 9.34919429E-001, 1.54474932E+001, 8.17189180E-004, 2.92439241E-001
 5.03000000E+003, 1.72950376E+001, 2.17324051E+000, 8.94325263E-001, 1.53881783E+001, 7.15297245E-004, 2.67092104E-001
 5.05000000E+003, 1.71910025E+001, 2.23838650E+000, 8.55982948E-001, 1.53293195E+001, 6.27184621E-004, 2.44236229E-001
 5.07000000E+003, 1.70905710E+001, 2.30379934E+000, 8.21681319E-001, 1.52716119E+001, 5.54766603E-004, 2.24664381E-001
 5.09000000E+003, 1.69949565E+001, 2.36677847E+000, 7.89349647E-001, 1.52157193E+001, 4.91822431E-004, 2.07003482E-001
 5.11000000E+003, 1.69056332E+001, 2.42643213E+000, 7.61029720E-001, 1.51622498E+001, 4.40762787E-004, 1.92140968E-001
 5.13000000E+003, 1.68237983E+001, 2.48004806E+000, 7.34611177E-001, 1.51117336E+001, 3.96435615E-004, 1.78811765E-001
 5.15000000E+003, 1.67505849E+001, 2.52738822E+000, 7.12505829E-001, 1.50646042E+001, 3.61714004E-004, 1.68035948E-001
 5.17000000E+003, 1.66866841E+001, 2.56615618E+000, 6.92128775E-001, 1.50211825E+001, 3.31558950E-004, 1.58430032E-001
 5.19000000E+003, 1.66326588E+001, 2.59693252E+000, 6.76002187E-001, 1.49816662E+001, 3.08918799E-004, 1.51035787E-001
 5.21000000E+003, 1.65885756E+001, 2.61796620E+000, 6.61094840E-001, 1.49461237E+001, 2.88929136E-004, 1.44385405E-001
 5.23000000E+003, 1.65543794E+001, 2.63077918E+000, 6.50016629E-001, 1.49144926E+001, 2.74646107E-004, 1.39550560E-001
 5.25000000E+003, 1.65295378E+001, 2.63432378E+000, 6.36677803E-001, 1.48865839E+001, 2.58082864E-004, 1.33872371E-001
 5.27000000E+003, 1.65132297E+001, 2.62921965E+000, 6.27565150E-001, 1.48620908E+001, 2.47159044E-004, 1.30081040E-001
 5.29000000E+003, 1.65043907E+001, 2.61712268E+000, 6.22925356E-001, 1.48406020E+001, 2.41717497E-004, 1.28196232E-001
 5.31000000E+003, 1.65018465E+001, 2.59945533E+000, 6.21860354E-001, 1.48216193E+001, 2.40479849E-004, 1.27804668E-001
 5.33000000E+003, 1.65040650E+001, 2.57704711E+000, 6.21507068E-001, 1.48045780E+001, 2.40070235E-004, 1.27719157E-001
 5.35000000E+003, 1.65095455E+001, 2.55142040E+000, 6.19644645E-001, 1.47888707E+001, 2.37918472E-004, 1.27023881E-001
 5.37000000E+003, 1.65171256E+001, 2.52344657E+000, 6.18647303E-001, 1.47738714E+001, 2.36771466E-004, 1.26691928E-001
 5.39000000E+003, 1.65249932E+001, 2.49506706E+000, 6.17796866E-001, 1.47589611E+001, 2.35796348E-004, 1.26423016E-001
 5.41000000E+003, 1.65315534E+001, 2.46801515E+000, 6.16478973E-001, 1.47435531E+001, 2.34290565E-004, 1.25960953E-001
 5.43000000E+003, 1.65353040E+001, 2.44395616E+000, 6.13638248E-001, 1.47271156E+001, 2.31066663E-004, 1.24871728E-001
 5.45000000E+003, 1.65351626E+001, 2.42456873E+000, 6.07814965E-001, 1.47091936E+001, 2.24550607E-004, 1.22568402E-001
 5.47000000E+003, 1.65310725E+001, 2.40858592E+000, 6.02737828E-001, 1.46894262E+001, 2.18970378E-004, 1.20574865E-001
 5.49000000E+003, 1.65215941E+001, 2.39833839E+000, 5.97432291E-001, 1.46675608E+001, 2.13238732E-004, 1.18490509E-001
 5.51000000E+003, 1.65064764E+001, 2.39395323E+000, 5.92446732E-001, 1.46434625E+001, 2.07944750E-004, 1.16533432E-001
 5.53000000E+003, 1.64857251E+001, 2.39582748E+000, 5.88512307E-001, 1.46171187E+001, 2.03829341E-004, 1.14985598E-001
 5.55000000E+003, 1.64595760E+001, 2.40494088E+000, 5.78051666E-001, 1.45886384E+001, 1.93152352E-004, 1.10910054E-001
 5.57000000E+003, 1.64286457E+001, 2.41827250E+000, 5.68763456E-001, 1.45582474E+001, 1.83990332E-004, 1.07340482E-001
 5.59000000E+003, 1.63937254E+001, 2.43688618E+000, 5.56909847E-001, 1.45262775E+001, 1.72724782E-004, 1.02868022E-001
 5.61000000E+003, 1.63559021E+001, 2.45869065E+000, 5.45458491E-001, 1.44931519E+001, 1.62287507E-004, 9.86314172E-002
 5.63000000E+003, 1.63163503E+001, 2.48324492E+000, 5.33093659E-001, 1.44593674E+001, 1.51499278E-004, 9.41579051E-002
 5.65000000E+003, 1.62764815E+001, 2.50835544E+000, 5.20606687E-001, 1.44254721E+001, 1.41100765E-004, 8.97482822E-002
 5.67000000E+003, 1.62378510E+001, 2.53327024E+000, 5.09662994E-001, 1.43920427E+001, 1.32388249E-004, 8.59678436E-002
 5.69000000E+003, 1.62018614E+001, 2.55568910E+000, 4.98564728E-001, 1.43596587E+001, 1.23926633E-004, 8.22249186E-002
 5.71000000E+003, 1.61698695E+001, 2.57513436E+000, 4.89479653E-001, 1.43288784E+001, 1.17274568E-004, 7.92228858E-002
 5.73000000E+003, 1.61431739E+001, 2.58909327E+000, 4.80319421E-001, 1.43002135E+001, 1.10812906E-004, 7.62631441E-002
 5.75000000E+003, 1.61229223E+001, 2.59764034E+000, 4.73796455E-001, 1.42741073E+001, 1.06359274E-004, 7.41926540E-002
 5.77000000E+003, 1.61101073E+001, 2.59825159E+000, 4.61570632E-001, 1.42509146E+001, 9.83364394E-005, 7.04122355E-002
 5.79000000E+003, 1.61049833E+001, 2.59164519E+000, 4.58596505E-001, 1.42308853E+001, 9.64477721E-005, 6.95172875E-002
 5.81000000E+003, 1.61081034E+001, 2.57753038E+000, 4.59772644E-001, 1.42141521E+001, 9.71917417E-005, 6.98949411E-002
 5.83000000E+003, 1.61192325E+001, 2.55531437E+000, 4.58405793E-001, 1.42007226E+001, 9.63274974E-005, 6.95126779E-002
 5.85000000E+003, 1.61385570E+001, 2.52481284E+000, 4.58475757E-001, 1.41904773E+001, 9.63716097E-005, 6.95796908E-002
 5.87000000E+003, 1.61652260E+001, 2.48631623E+000, 4.60494573E-001, 1.41831712E+001, 9.76502863E-005, 7.02536370E-002
 5.89000000E+003, 1.61983498E+001, 2.44144535E+000, 4.63143043E-001, 1.41784417E+001, 9.93448588E-005, 7.11368861E-002
 5.91000000E+003, 1.62367232E+001, 2.39067877E+000, 4.67719340E-001, 1.41758203E+001, 1.02318918E-004, 7.26368211E-002
 5.93000000E+003, 1.62789950E+001, 2.33596181E+000, 4.72795107E-001, 1.41747493E+001, 1.05686340E-004, 7.43220128E-002
 5.95000000E+003, 1.63236117E+001, 2.27818968E+000, 4.79473059E-001, 1.41746014E+001, 1.10228162E-004, 7.65500937E-002
 5.97000000E+003, 1.63689469E+001, 2.21932158E+000, 4.86957788E-001, 1.41747023E+001, 1.15471256E-004, 7.90841370E-002
 5.99000000E+003, 1.64131165E+001, 2.16123785E+000, 4.94728638E-001, 1.41743559E+001, 1.21088000E-004, 8.17625536E-002
 6.01000000E+003, 1.64544140E+001, 2.10537578E+000, 5.02015583E-001, 1.41728692E+001, 1.26517778E-004, 8.43285466E-002
 6.03000000E+003, 1.64912155E+001, 2.05383920E+000, 5.09686991E-001, 1.41695785E+001, 1.32406899E-004, 8.70648331E-002
 6.05000000E+003, 1.65220150E+001, 2.00734873E+000, 5.15136363E-001, 1.41638732E+001, 1.36699393E-004, 8.90707324E-002
 6.07000000E+003, 1.65454692E+001, 1.96860614E+000, 5.20646401E-001, 1.41552187E+001, 1.41133000E-004, 9.11052423E-002
 6.09000000E+003, 1.65602811E+001, 1.93758256E+000, 5.22367904E-001, 1.41431757E+001, 1.42537586E-004, 9.18077430E-002
 6.11000000E+003, 1.65652699E+001, 1.91707301E+000, 5.19174870E-001, 1.41274163E+001, 1.39939697E-004, 9.07550920E-002
 6.13000000E+003, 1.65612355E+001, 1.90462666E+000, 5.11341148E-001, 1.41077348E+001, 1.33700228E-004, 8.80766363E-002
 6.15000000E+003, 1.65479616E+001, 1.90206730E+000, 5.14773457E-001, 1.40840555E+001, 1.36410673E-004, 8.92713341E-002
 6.17000000E+003, 1.65240400E+001, 1.91155600E+000, 5.09475100E-001, 1.40564335E+001, 1.32241806E-004, 8.74129959E-002
 6.19000000E+003, 1.64907306E+001, 1.93087960E+000, 5.00112925E-001, 1.40250519E+001, 1.25084683E-004, 8.41715929E-002
 6.21000000E+003, 1.64486437E+001, 1.95929975E+000, 4.88913063E-001, 1.39902133E+001, 1.16867801E-004, 8.03637351E-002
 6.23000000E+003, 1.63989747E+001, 1.99626080E+000, 4.75595124E-001, 1.39523268E+001, 1.07575221E-004, 7.59496277E-002
 6.25000000E+003, 1.63428478E+001, 2.04035277E+000, 4.61481494E-001, 1.39118913E+001, 9.82794727E-005, 7.14054685E-002
 6.27000000E+003, 1.62817701E+001, 2.09029621E+000, 4.46627296E-001, 1.38694747E+001, 8.90913303E-005, 6.67776338E-002
 6.29000000E+003, 1.62172523E+001, 2.14437783E+000, 4.31850950E-001, 1.38256912E+001, 8.05381777E-005, 6.23306701E-002
 6.31000000E+003, 1.61508514E+001, 2.20114628E+000, 4.17246709E-001, 1.37811765E+001, 7.26404762E-005, 5.80914489E-002
 6.33000000E+003, 1.60841889E+001, 2.25861499E+000, 4.02859149E-001, 1.37365624E+001, 6.53821858E-005, 5.40691315E-002
 6.35000000E+003, 1.60188694E+001, 2.31552209E+000, 3.90113608E-001, 1.36924518E+001, 5.93708345E-005, 5.06266092E-002
 6.37000000E+003, 1.59561973E+001, 2.37025738E+000, 3.78313408E-001, 1.36493951E+001, 5.41445937E-005, 4.75450398E-002
 6.39000000E+003, 1.58973552E+001, 2.42166165E+000, 3.67710343E-001, 1.36078683E+001, 4.97184354E-005, 4.48618466E-002
 6.41000000E+003, 1.58432982E+001, 2.46862441E+000, 3.58151916E-001, 1.35682553E+001, 4.59411390E-005, 4.25136056E-002
 6.43000000E+003, 1.57947223E+001, 2.51048535E+000, 3.49813302E-001, 1.35308326E+001, 4.28064164E-005, 4.05190155E-002
 6.45000000E+003, 1.57520229E+001, 2.54669985E+000, 3.42454476E-001, 1.34957602E+001, 4.01613621E-005, 3.88015998E-002
 6.47000000E+003, 1.57152974E+001, 2.57722644E+000, 3.36196318E-001, 1.34630753E+001, 3.79995738E-005, 3.73721573E-002
 6.49000000E+003, 1.56843288E+001, 2.60213925E+000, 3.30736562E-001, 1.34326929E+001, 3.61781602E-005, 3.61494174E-002
 6.51000000E+003, 1.56586136E+001, 2.62201833E+000, 3.26164390E-001, 1.34044101E+001, 3.46984043E-005, 3.51425252E-002
 6.53000000E+003, 1.56373703E+001, 2.63750725E+000, 3.22128361E-001, 1.33779158E+001, 3.34261824E-005, 3.42674342E-002
 6.55000000E+003, 1.56195894E+001, 2.64971120E+000, 3.18700920E-001, 1.33528048E+001, 3.23705330E-005, 3.35338952E-002
 6.57000000E+003, 1.56040503E+001, 2.65971482E+000, 3.15499473E-001, 1.33285960E+001, 3.14047839E-005, 3.28570210E-002
 6.59000000E+003, 1.55894063E+001, 2.66897092E+000, 3.12612789E-001, 1.33047528E+001, 3.05506258E-005, 3.22526143E-002
 6.61000000E+003, 1.55742722E+001, 2.67878680E+000, 3.09704548E-001, 1.32807069E+001, 2.97058942E-005, 3.16492109E-002
 6.63000000E+003, 1.55572206E+001, 2.69060251E+000, 3.06658829E-001, 1.32558833E+001, 2.88380768E-005, 3.10226317E-002
 6.65000000E+003, 1.55368351E+001, 2.70589161E+000, 3.03258655E-001, 1.32297246E+001, 2.78894201E-005, 3.03295424E-002
 6.67000000E+003, 1.55118280E+001, 2.72592582E+000, 2.99444322E-001, 1.32017161E+001, 2.68502368E-005, 2.95600785E-002
 6.69000000E+003, 1.54810736E+001, 2.75188305E+000, 2.95059248E-001, 1.31714082E+001, 2.56878387E-005, 2.86866663E-002
 6.71000000E+003, 1.54436614E+001, 2.78466207E+000, 2.90104846E-001, 1.31384371E+001, 2.44154549E-005, 2.77146459E-002
 6.73000000E+003, 1.53989352E+001, 2.82496645E+000, 2.84511832E-001, 1.31025411E+001, 2.30303676E-005, 2.66369988E-002
 6.75000000E+003, 1.53465282E+001, 2.87314837E+000, 2.78362614E-001, 1.30635736E+001, 2.15691284E-005, 2.54765674E-002
 6.77000000E+003, 1.52863816E+001, 2.92930379E+000, 2.71677007E-001, 1.30215117E+001, 2.00520386E-005, 2.42444826E-002
 6.79000000E+003, 1.52187545E+001, 2.99315141E+000, 2.64604896E-001, 1.29764591E+001, 1.85265054E-005, 2.29748118E-002
 6.81000000E+003, 1.51442181E+001, 3.06414435E+000, 2.57226930E-001, 1.29286443E+001, 1.70195936E-005, 2.16874352E-002
 6.83000000E+003, 1.50636403E+001, 3.14138335E+000, 2.49724380E-001, 1.28784143E+001, 1.55733737E-005, 2.04172390E-002
 6.85000000E+003, 1.49781559E+001, 3.22371065E+000, 2.42225198E-001, 1.28262226E+001, 1.42120861E-005, 1.91869186E-002
 6.87000000E+003, 1.48891263E+001, 3.30977508E+000, 2.34831705E-001, 1.27726138E+001, 1.29500088E-005, 1.80124886E-002
 6.89000000E+003, 1.47980765E+001, 3.39803994E+000, 2.27679483E-001, 1.27182037E+001, 1.18024332E-005, 1.69127293E-002
 6.91000000E+003, 1.47066854E+001, 3.48688218E+000, 2.20878181E-001, 1.26636574E+001, 1.07760181E-005, 1.59000191E-002
 6.93000000E+003, 1.46166930E+001, 3.57427449E+000, 2.14326306E-001, 1.26096644E+001, 9.84523998E-006, 1.49554123E-002
 6.95000000E+003, 1.45298139E+001, 3.65896520E+000, 2.08730326E-001, 1.25569135E+001, 9.09403322E-006, 1.41712038E-002
 6.97000000E+003, 1.44476922E+001, 3.73873067E+000, 2.03191762E-001, 1.25060668E+001, 8.38915416E-006, 1.34176371E-002
 6.99000000E+003, 1.43718631E+001, 3.81259365E+000, 1.98676942E-001, 1.24577357E+001, 7.84227908E-006, 1.28182157E-002
 7.01000000E+003, 1.43036633E+001, 3.87862104E+000, 1.94256780E-001, 1.24124575E+001, 7.33041311E-006, 1.22461341E-002
 7.03000000E+003, 1.42442088E+001, 3.93627254E+000, 1.90878345E-001, 1.23706760E+001, 6.95456332E-006, 1.18172832E-002
 7.05000000E+003, 1.41943278E+001, 3.98410880E+000, 1.87583174E-001, 1.23327252E+001, 6.60057119E-006, 1.14076464E-002
 7.07000000E+003, 1.41545567E+001, 4.02218773E+000, 1.85311535E-001, 1.22988168E+001, 6.36366377E-006, 1.11291063E-002
 7.09000000E+003, 1.41250955E+001, 4.04968077E+000, 1.83078913E-001, 1.22690337E+001, 6.13641664E-006, 1.08598377E-002
 7.11000000E+003, 1.41058306E+001, 4.06731014E+000, 1.81836825E-001, 1.22433269E+001, 6.01236553E-006, 1.07112804E-002
 7.13000000E+003, 1.40963597E+001, 4.07481676E+000, 1.79692332E-001, 1.22215186E+001, 5.80214387E-006, 1.04594199E-002
 7.15000000E+003, 1.40958284E+001, 4.07366880E+000, 1.79514781E-001, 1.22033101E+001, 5.78496184E-006, 1.04388677E-002
 7.17000000E+003, 1.41032280E+001, 4.06462025E+000, 1.79603118E-001, 1.21882941E+001, 5.79350623E-006, 1.04499916E-002
 7.19000000E+003, 1.41174121E+001, 4.04876965E+000, 1.79621920E-001, 1.21759711E+001, 5.79532589E-006, 1.04536734E-002
 7.21000000E+003, 1.41369072E+001, 4.02747243E+000, 1.79975451E-001, 1.21657695E+001, 5.82961236E-006, 1.04968967E-002
 7.23000000E+003, 1.41601532E+001, 4.00249323E+000, 1.80350431E-001, 1.21570689E+001, 5.86612649E-006, 1.05431041E-002
 7.25000000E+003, 1.41855482E+001, 3.97527586E+000, 1.80971797E-001, 1.21492240E+001, 5.92696770E-006, 1.06185678E-002
 7.27000000E+003, 1.42114755E+001, 3.94755631E+000, 1.81564963E-001, 1.21415903E+001, 5.98543894E-006, 1.06910846E-002
 7.29000000E+003, 1.42363766E+001, 3.92085692E+000, 1.82167054E-001, 1.21335495E+001, 6.04518191E-006, 1.07648536E-002
 7.31000000E+003, 1.42588352E+001, 3.89658185E+000, 1.82660607E-001, 1.21245329E+001, 6.09445062E-006, 1.08258054E-002
 7.33000000E+003, 1.42776124E+001, 3.87598787E+000, 1.83020928E-001, 1.21140441E+001, 6.13058788E-006, 1.08707467E-002
 7.35000000E+003, 1.42916943E+001, 3.86005683E+000, 1.83172833E-001, 1.21016769E+001, 6.14586551E-006, 1.08905107E-002
 7.37000000E+003, 1.43003097E+001, 3.84956134E+000, 1.83024719E-001, 1.20871311E+001, 6.13096886E-006, 1.08740387E-002
 7.39000000E+003, 1.43030035E+001, 3.84497261E+000, 1.81110809E-001, 1.20702228E+001, 5.94063648E-006, 1.06482925E-002
 7.41000000E+003, 1.42997105E+001, 3.84641993E+000, 1.81936731E-001, 1.20508904E+001, 6.02228120E-006, 1.07454780E-002
 7.43000000E+003, 1.42904989E+001, 3.85406705E+000, 1.80820320E-001, 1.20291957E+001, 5.91209720E-006, 1.06132009E-002
 7.45000000E+003, 1.42758136E+001, 3.86693933E+000, 1.79842076E-001, 1.20053195E+001, 5.81666146E-006, 1.04973380E-002
 7.47000000E+003, 1.42563983E+001, 3.88473378E+000, 1.78316017E-001, 1.19795527E+001, 5.66984166E-006, 1.03181380E-002
 7.49000000E+003, 1.42332267E+001, 3.90618603E+000, 1.76865428E-001, 1.19522830E+001, 5.53259291E-006, 1.01488267E-002
 7.51000000E+003, 1.42074613E+001, 3.93035737E+000, 1.75147347E-001, 1.19239770E+001, 5.37292225E-006, 9.95029604E-003
 7.53000000E+003, 1.41804082E+001, 3.95575896E+000, 1.73465190E-001, 1.18951601E+001, 5.21959584E-006, 9.75772557E-003
 7.55000000E+003, 1.41534818E+001, 3.98113087E+000, 1.71904750E-001, 1.18663930E+001, 5.07999747E-006, 9.58067514E-003
 7.57000000E+003, 1.41281160E+001, 4.00488423E+000, 1.70298250E-001, 1.18382471E+001, 4.93890215E-006, 9.40036889E-003
 7.59000000E+003, 1.41056991E+001, 4.02582499E+000, 1.69036881E-001, 1.18112799E+001, 4.82996825E-006, 9.25984814E-003
 7.61000000E+003, 1.40875222E+001, 4.04240240E+000, 1.67728358E-001, 1.17860098E+001, 4.71866728E-006, 9.11566415E-003
 7.63000000E+003, 1.40747411E+001, 4.05376993E+000, 1.66962308E-001, 1.17628935E+001, 4.65430872E-006, 9.03165860E-003
 7.65000000E+003, 1.40683063E+001, 4.05857444E+000, 1.65043512E-001, 1.17423053E+001, 4.49567841E-006, 8.82487836E-003
 7.67000000E+003, 1.40688438E+001, 4.05666541E+000, 1.65714152E-001, 1.17245196E+001, 4.55070478E-006, 8.89689539E-003
 7.69000000E+003, 1.40767420E+001, 4.04738974E+000, 1.65638974E-001, 1.17096980E+001, 4.54451412E-006, 8.88956988E-003
 7.71000000E+003, 1.40921936E+001, 4.03045477E+000, 1.65949160E-001, 1.16978800E+001, 4.57009302E-006, 8.92426934E-003
 7.73000000E+003, 1.41149370E+001, 4.00624533E+000, 1.66468921E-001, 1.16889794E+001, 4.61316892E-006, 8.98225529E-003
 7.75000000E+003, 1.41444482E+001, 3.97519545E+000, 1.67351746E-001, 1.16827851E+001, 4.68695315E-006, 9.08039987E-003
 7.77000000E+003, 1.41798995E+001, 3.93822873E+000, 1.68427874E-001, 1.16789676E+001, 4.77795183E-006, 9.20076954E-003
 7.79000000E+003, 1.42202016E+001, 3.89633299E+000, 1.69819585E-001, 1.16770895E+001, 4.89737311E-006, 9.35722399E-003
 7.81000000E+003, 1.42640265E+001, 3.85093265E+000, 1.71324936E-001, 1.16766212E+001, 5.02876802E-006, 9.52810655E-003
 7.83000000E+003, 1.43098808E+001, 3.80342446E+000, 1.73057370E-001, 1.16769596E+001, 5.18286821E-006, 9.72642627E-003
 7.85000000E+003, 1.43561210E+001, 3.75552657E+000, 1.74827408E-001, 1.16774505E+001, 5.34353213E-006, 9.93130909E-003
 7.87000000E+003, 1.44010284E+001, 3.70895004E+000, 1.76639744E-001, 1.16774122E+001, 5.51144080E-006, 1.01432646E-002
 7.89000000E+003, 1.44429039E+001, 3.66533345E+000, 1.78280168E-001, 1.16761617E+001, 5.66642273E-006, 1.03374035E-002
 7.91000000E+003, 1.44800990E+001, 3.62642778E+000, 1.79833579E-001, 1.16730397E+001, 5.81583704E-006, 1.05228477E-002
 7.93000000E+003, 1.45110905E+001, 3.59363935E+000, 1.81016839E-001, 1.16674354E+001, 5.93139432E-006, 1.06657063E-002
 7.95000000E+003, 1.45345264E+001, 3.56844928E+000, 1.81955483E-001, 1.16588097E+001, 6.02414351E-006, 1.07797012E-002
 7.97000000E+003, 1.45492568E+001, 3.55187599E+000, 1.82379073E-001, 1.16467152E+001, 6.06631387E-006, 1.08320193E-002
 7.99000000E+003, 1.45544333E+001, 3.54481003E+000, 1.80733274E-001, 1.16308131E+001, 5.90356317E-006, 1.06382761E-002
 8.01000000E+003, 1.45496708E+001, 3.54770714E+000, 1.81790727E-001, 1.16108854E+001, 6.00779414E-006, 1.07627651E-002
 8.03000000E+003, 1.45346213E+001, 3.56117040E+000, 1.80602358E-001, 1.15868432E+001, 5.89074355E-006, 1.06208585E-002
 8.05000000E+003, 1.45093455E+001, 3.58463359E+000, 1.79262178E-001, 1.15587294E+001, 5.76057545E-006, 1.04610052E-002
 8.07000000E+003, 1.44743181E+001, 3.61812217E+000, 1.77065915E-001, 1.15267165E+001, 5.55142870E-006, 1.02023896E-002
 8.09000000E+003, 1.44302804E+001, 3.66043946E+000, 1.74848196E-001, 1.14910993E+001, 5.34543845E-006, 9.94376704E-003
 8.11000000E+003, 1.43782421E+001, 3.71101521E+000, 1.71967699E-001, 1.14522832E+001, 5.08558019E-006, 9.61357876E-003
 8.13000000E+003, 1.43194556E+001, 3.76823817E+000, 1.69144849E-001, 1.14107679E+001, 4.83922924E-006, 9.29496209E-003
 8.15000000E+003, 1.42553545E+001, 3.83094596E+000, 1.65967823E-001, 1.13671277E+001, 4.57163511E-006, 8.94334554E-003
 8.17000000E+003, 1.41875063E+001, 3.89739840E+000, 1.62869979E-001, 1.13219890E+001, 4.32039037E-006, 8.60694552E-003
 8.19000000E+003, 1.41175384E+001, 3.96603270E+000, 1.59742604E-001, 1.12760057E+001, 4.07626253E-006, 8.27414940E-003
 8.21000000E+003, 1.40470971E+001, 4.03517353E+000, 1.56693676E-001, 1.12298339E+001, 3.84728424E-006, 7.95622038E-003
 8.23000000E+003, 1.39777758E+001, 4.10324925E+000, 1.53834779E-001, 1.11841067E+001, 3.64052036E-006, 7.66386592E-003
 8.25000000E+003, 1.39110330E+001, 4.16879379E+000, 1.51174663E-001, 1.11394096E+001, 3.45491124E-006, 7.39689433E-003
 8.27000000E+003, 1.38481556E+001, 4.23050773E+000, 1.48726211E-001, 1.10962586E+001, 3.28974632E-006, 7.15550165E-003
 8.29000000E+003, 1.37902114E+001, 4.28732854E+000, 1.46525300E-001, 1.10550809E+001, 3.14584792E-006, 6.94204404E-003
 8.31000000E+003, 1.37380069E+001, 4.33843514E+000, 1.44566325E-001, 1.10161992E+001, 3.02135176E-006, 6.75488861E-003
 8.33000000E+003, 1.36920594E+001, 4.38331621E+000, 1.42865448E-001, 1.09798202E+001, 2.91595950E-006, 6.59454852E-003
 8.35000000E+003, 1.36525799E+001, 4.42174617E+000, 1.41399010E-001, 1.09460284E+001, 2.82708566E-006, 6.45794746E-003
 8.37000000E+003, 1.36194698E+001, 4.45383066E+000, 1.40167247E-001, 1.09147844E+001, 2.75384500E-006, 6.34437544E-003
 8.39000000E+003, 1.35923291E+001, 4.47995578E+000, 1.39131913E-001, 1.08859281E+001, 2.69327147E-006, 6.24977049E-003
 8.41000000E+003, 1.35704776E+001, 4.50080979E+000, 1.38280831E-001, 1.08591875E+001, 2.64414826E-006, 6.17258609E-003
 8.43000000E+003, 1.35529872E+001, 4.51730766E+000, 1.37564494E-001, 1.08341914E+001, 2.60326827E-006, 6.10805633E-003
 8.45000000E+003, 1.35387243E+001, 4.53059228E+000, 1.36962151E-001, 1.08104862E+001, 2.56922159E-006, 6.05409386E-003
 8.47000000E+003, 1.35263962E+001, 4.54194321E+000, 1.36417761E-001, 1.07875566E+001, 2.53870718E-006, 6.00556521E-003
 8.49000000E+003, 1.35146186E+001, 4.55275353E+000, 1.35909400E-001, 1.07648482E+001, 2.51043131E-006, 5.96042119E-003
 8.51000000E+003, 1.35019757E+001, 4.56442228E+000, 1.35397172E-001, 1.07417919E+001, 2.48215355E-006, 5.91507866E-003
 8.53000000E+003, 1.34870693E+001, 4.57837044E+000, 1.34812894E-001, 1.07178290E+001, 2.45015837E-006, 5.86355024E-003
 8.55000000E+003, 1.34685879E+001, 4.59589809E+000, 1.34139851E-001, 1.06924358E+001, 2.41364460E-006, 5.80442308E-003
 8.57000000E+003, 1.34453678E+001, 4.61818490E+000, 1.33326957E-001, 1.06651470E+001, 2.37002956E-006, 5.73338083E-003
 8.59000000E+003, 1.34164441E+001, 4.64618492E+000, 1.32370248E-001, 1.06355766E+001, 2.31937522E-006, 5.65028521E-003
 8.61000000E+003, 1.33810939E+001, 4.68063683E+000, 1.31235994E-001, 1.06034357E+001, 2.26026188E-006, 5.55254350E-003
 8.63000000E+003, 1.33388720E+001, 4.72197491E+000, 1.29938928E-001, 1.05685460E+001, 2.19390444E-006, 5.44179571E-003
 8.65000000E+003, 1.32896337E+001, 4.77035890E+000, 1.28466293E-001, 1.05308500E+001, 2.12015417E-006, 5.31742533E-003
 8.67000000E+003, 1.32335472E+001, 4.82560937E+000, 1.26852167E-001, 1.04904146E+001, 2.04123751E-006, 5.18276440E-003
 8.69000000E+003, 1.31710909E+001, 4.88726145E+000, 1.25102606E-001, 1.04474316E+001, 1.95793801E-006, 5.03879679E-003
 8.71000000E+003, 1.31030412E+001, 4.95452654E+000, 1.23266157E-001, 1.04022114E+001, 1.87297265E-006, 4.88989256E-003
 8.73000000E+003, 1.30304457E+001, 5.02636924E+000, 1.21360857E-001, 1.03551731E+001, 1.78745768E-006, 4.73782566E-003
 8.75000000E+003, 1.29545874E+001, 5.10149021E+000, 1.19443958E-001, 1.03068297E+001, 1.70408958E-006, 4.58730042E-003
 8.77000000E+003, 1.28769319E+001, 5.17843516E+000, 1.17534229E-001, 1.02577696E+001, 1.62365198E-006, 4.43982040E-003
 8.79000000E+003, 1.27990885E+001, 5.25554643E+000, 1.15649394E-001, 1.02086346E+001, 1.54678498E-006, 4.29671209E-003
 8.81000000E+003, 1.27227423E+001, 5.33125915E+000, 1.13962195E-001, 1.01600963E+001, 1.48007006E-006, 4.17054130E-003
 8.83000000E+003, 1.26495774E+001, 5.40371688E+000, 1.12254055E-001, 1.01128305E+001, 1.41450983E-006, 4.04490527E-003
 8.85000000E+003, 1.25812318E+001, 5.47148305E+000, 1.10843866E-001, 1.00674921E+001, 1.36186749E-006, 3.94253611E-003
 8.87000000E+003, 1.25192256E+001, 5.53280349E+000, 1.09430784E-001, 1.00246898E+001, 1.31044378E-006, 3.84146578E-003
 8.89000000E+003, 1.24649091E+001, 5.58657227E+000, 1.08363828E-001, 9.98496300E+000, 1.27248559E-006, 3.76592008E-003
 8.91000000E+003, 1.24194050E+001, 5.63141264E+000, 1.07318022E-001, 9.94876151E+000, 1.23599821E-006, 3.69277648E-003
 8.93000000E+003, 1.23835719E+001, 5.66671890E+000, 1.06637364E-001, 9.91642811E+000, 1.21262931E-006, 3.64546497E-003
 8.95000000E+003, 1.23579655E+001, 5.69167823E+000, 1.05984953E-001, 9.88818566E+000, 1.19050849E-006, 3.60056846E-003
 8.97000000E+003, 1.23428374E+001, 5.70629855E+000, 1.05693574E-001, 9.86412864E+000, 1.18071644E-006, 3.58055095E-003
 8.99000000E+003, 1.23380739E+001, 5.71044348E+000, 1.05119403E-001, 9.84421967E+000, 1.16157839E-006, 3.54168557E-003
 9.01000000E+003, 1.23432377E+001, 5.70470998E+000, 1.05501642E-001, 9.82829115E+000, 1.17429583E-006, 3.56758540E-003
 9.03000000E+003, 1.23576257E+001, 5.68979961E+000, 1.05652356E-001, 9.81605190E+000, 1.17933564E-006, 3.57803746E-003
 9.05000000E+003, 1.23802415E+001, 5.66655220E+000, 1.06059929E-001, 9.80709855E+000, 1.19303686E-006, 3.60609482E-003
 9.07000000E+003, 1.24098220E+001, 5.63641930E+000, 1.06478372E-001, 9.80093126E+000, 1.20721345E-006, 3.63513059E-003
 9.09000000E+003, 1.24449261E+001, 5.60067181E+000, 1.07119976E-001, 9.79697312E+000, 1.22916803E-006, 3.67970847E-003
 9.11000000E+003, 1.24839737E+001, 5.56104118E+000, 1.07746597E-001, 9.79459244E+000, 1.25086531E-006, 3.72360953E-003
 9.13000000E+003, 1.25253129E+001, 5.51905732E+000, 1.08514913E-001, 9.79312706E+000, 1.27781548E-006, 3.77769318E-003
 9.15000000E+003, 1.25672738E+001, 5.47647517E+000, 1.09263341E-001, 9.79190978E+000, 1.30443755E-006, 3.83080683E-003
 9.17000000E+003, 1.26082355E+001, 5.43488715E+000, 1.10039127E-001, 9.79029375E+000, 1.33242038E-006, 3.88622747E-003
 9.19000000E+003, 1.26466930E+001, 5.39577502E+000, 1.10740488E-001, 9.78767698E+000, 1.35806064E-006, 3.93672602E-003
 9.21000000E+003, 1.26813127E+001, 5.36052656E+000, 1.11418457E-001, 9.78352489E+000, 1.38315637E-006, 3.98581659E-003
 9.23000000E+003, 1.27109750E+001, 5.33019488E+000, 1.11956314E-001, 9.77739004E+000, 1.40328422E-006, 4.02504261E-003
 9.25000000E+003, 1.27348205E+001, 5.30570794E+000, 1.12423574E-001, 9.76892830E+000, 1.42092786E-006, 4.05924592E-003
 9.27000000E+003, 1.27522758E+001, 5.28757258E+000, 1.12714357E-001, 9.75791072E+000, 1.43198206E-006, 4.08067318E-003
 9.29000000E+003, 1.27630703E+001, 5.27612714E+000, 1.12913923E-001, 9.74423075E+000, 1.43960170E-006, 4.09539183E-003
 9.31000000E+003, 1.27672455E+001, 5.27124334E+000, 1.12447614E-001, 9.72790649E+000, 1.42183958E-006, 4.06174420E-003
 9.33000000E+003, 1.27651842E+001, 5.27262286E+000, 1.12823836E-001, 9.70907787E+000, 1.43615876E-006, 4.08893797E-003
 9.35000000E+003, 1.27575012E+001, 5.27967416E+000, 1.12596615E-001, 9.68799888E+000, 1.42749917E-006, 4.07232770E-003
 9.37000000E+003, 1.27450679E+001, 5.29144689E+000, 1.12300820E-001, 9.66502518E+000, 1.41627842E-006, 4.05069958E-003
 9.39000000E+003, 1.27289999E+001, 5.30688685E+000, 1.11889511E-001, 9.64059770E+000, 1.40077373E-006, 4.02074535E-003
 9.41000000E+003, 1.27105612E+001, 5.32467479E+000, 1.11468910E-001, 9.61522264E+000, 1.38503618E-006, 3.99019092E-003
 9.43000000E+003, 1.26911228E+001, 5.34348709E+000, 1.11020544E-001, 9.58944895E+000, 1.36839007E-006, 3.95775691E-003
 9.45000000E+003, 1.26721076E+001, 5.36184868E+000, 1.10559183E-001, 9.56384408E+000, 1.35140127E-006, 3.92454787E-003
 9.47000000E+003, 1.26549200E+001, 5.37842883E+000, 1.10207678E-001, 9.53896889E+000, 1.33855252E-006, 3.89929076E-003
 9.49000000E+003, 1.26408803E+001, 5.39181289E+000, 1.09843057E-001, 9.51535298E+000, 1.32531066E-006, 3.87325927E-003
 9.51000000E+003, 1.26311821E+001, 5.40092637E+000, 1.09655823E-001, 9.49347111E+000, 1.31854500E-006, 3.85988188E-003
 9.53000000E+003, 1.26268217E+001, 5.40464201E+000, 1.09105761E-001, 9.47372196E+000, 1.29880189E-006, 3.82118048E-003
 9.55000000E+003, 1.26285386E+001, 5.40231305E+000, 1.09518805E-001, 9.45640992E+000, 1.31360852E-006, 3.85021396E-003
 9.57000000E+003, 1.26368261E+001, 5.39345285E+000, 1.09629033E-001, 9.44173067E+000, 1.31757884E-006, 3.85814708E-003
 9.59000000E+003, 1.26519011E+001, 5.37772000E+000, 1.09961034E-001, 9.42976116E+000, 1.32958563E-006, 3.88187166E-003
 9.61000000E+003, 1.26736326E+001, 5.35539114E+000, 1.10333188E-001, 9.42045443E+000, 1.34313097E-006, 3.90865384E-003
 9.63000000E+003, 1.27015940E+001, 5.32675366E+000, 1.10931921E-001, 9.41363943E+000, 1.36511571E-006, 3.95179482E-003
 9.65000000E+003, 1.27350584E+001, 5.29267268E+000, 1.11558617E-001, 9.40902583E+000, 1.38838280E-006, 3.99730723E-003
 9.67000000E+003, 1.27730273E+001, 5.25400983E+000, 1.12383340E-001, 9.40621379E+000, 1.41940282E-006, 4.05748645E-003
 9.69000000E+003, 1.28142617E+001, 5.21213248E+000, 1.13203461E-001, 9.40470808E+000, 1.45070455E-006, 4.11787967E-003
 9.71000000E+003, 1.28573361E+001, 5.16835577E+000, 1.14162150E-001, 9.40393626E+000, 1.48787443E-006, 4.18895616E-003
 9.73000000E+003, 1.29006755E+001, 5.12432829E+000, 1.15099999E-001, 9.40326996E+000, 1.52484545E-006, 4.25913938E-003
 9.75000000E+003, 1.29426233E+001, 5.08169707E+000, 1.16075840E-001, 9.40204854E+000, 1.56395900E-006, 4.33274171E-003
 9.77000000E+003, 1.29815125E+001, 5.04207142E+000, 1.16927119E-001, 9.39960423E+000, 1.59862137E-006, 4.39755735E-003
 9.79000000E+003, 1.30157214E+001, 5.00717806E+000, 1.17768957E-001, 9.39528765E+000, 1.63339926E-006, 4.46204205E-003
 9.81000000E+003, 1.30437340E+001, 4.97841089E+000, 1.18389028E-001, 9.38849278E+000, 1.65933558E-006, 4.50994073E-003
 9.83000000E+003, 1.30642030E+001, 4.95724465E+000, 1.18923649E-001, 9.37868032E+000, 1.68191692E-006, 4.55135571E-003
 9.85000000E+003, 1.30759712E+001, 4.94471299E+000, 1.19160882E-001, 9.36539859E+000, 1.69200244E-006, 4.56988587E-003
 9.87000000E+003, 1.30782145E+001, 4.94170931E+000, 1.18672876E-001, 9.34830111E+000, 1.67129943E-006, 4.53261627E-003
 9.89000000E+003, 1.30703934E+001, 4.94870105E+000, 1.19118259E-001, 9.32716007E+000, 1.69018745E-006, 4.56650460E-003
 9.91000000E+003, 1.30521919E+001, 4.96627212E+000, 1.18571262E-001, 9.30187535E+000, 1.66700992E-006, 4.52417190E-003
 9.93000000E+003, 1.30237027E+001, 4.99396129E+000, 1.18027573E-001, 9.27247853E+000, 1.64418351E-006, 4.48201939E-003
 9.95000000E+003, 1.29853372E+001, 5.03170539E+000, 1.17021943E-001, 9.23913186E+000, 1.60251378E-006, 4.40496563E-003
 9.97000000E+003, 1.29376283E+001, 5.07865666E+000, 1.16034801E-001, 9.20212218E+000, 1.56230076E-006, 4.32975597E-003
 9.99000000E+003, 1.28823398E+001, 5.13303412E+000, 1.14651704E-001, 9.16185002E+000, 1.50709766E-006, 4.22581426E-003
