   3600.4656497921278      ,         500
X,ZB,H,U,ZF,QS,TS
 1.00000000E+001, 2.67437506E+001, 5.45916588E+000, 8.97082744E-001, 2.36931675E+001, 7.21934019E-004, 2.58252601E-001
 3.00000000E+001, 2.66897072E+001, 5.46950529E+000, 9.19146641E-001, 2.36417771E+001, 7.76523159E-004, 2.71098019E-001
 5.00000000E+001, 2.66042440E+001, 5.51843660E+000, 9.07616732E-001, 2.35923209E+001, 7.47665737E-004, 2.64273835E-001
 7.00000000E+001, 2.65303425E+001, 5.55489689E+000, 9.00892227E-001, 2.35453760E+001, 7.31170258E-004, 2.60325013E-001
 9.00000000E+001, 2.64637561E+001, 5.58509822E+000, 8.96171075E-001, 2.35014537E+001, 7.19735239E-004, 2.57565332E-001
 1.10000000E+002, 2.64062710E+001, 5.60583554E+000, 8.91952708E-001, 2.34609789E+001, 7.09619405E-004, 2.55120413E-001
 1.30000000E+002, 2.63578222E+001, 5.61856499E+000, 8.89830843E-001, 2.34242722E+001, 7.04567107E-004, 2.53892343E-001
 1.50000000E+002, 2.63199364E+001, 5.62055534E+000, 8.84586536E-001, 2.33915366E+001, 6.92183072E-004, 2.50906062E-001
 1.70000000E+002, 2.62913581E+001, 5.61316224E+000, 8.83086891E-001, 2.33628480E+001, 6.88668649E-004, 2.50065026E-001
 1.90000000E+002, 2.62736654E+001, 5.59375453E+000, 8.87329894E-001, 2.33381517E+001, 6.98643041E-004, 2.52497673E-001
 2.10000000E+002, 2.62650144E+001, 5.56615129E+000, 8.90873935E-001, 2.33172627E+001, 7.07047769E-004, 2.54553195E-001
 2.30000000E+002, 2.62659257E+001, 5.52667144E+000, 9.03321570E-001, 2.32998718E+001, 7.37101239E-004, 2.61767678E-001
 2.50000000E+002, 2.62727866E+001, 5.48166638E+000, 9.09693991E-001, 2.32855567E+001, 7.52811035E-004, 2.65534212E-001
 2.70000000E+002, 2.62878853E+001, 5.42669867E+000, 9.18956674E-001, 2.32737969E+001, 7.76041787E-004, 2.71045638E-001
 2.90000000E+002, 2.63067519E+001, 5.36782506E+000, 9.28162044E-001, 2.32639926E+001, 7.99597472E-004, 2.76588327E-001
 3.10000000E+002, 2.63300255E+001, 5.30284047E+000, 9.39461078E-001, 2.32554871E+001, 8.29156243E-004, 2.83462042E-001
 3.30000000E+002, 2.63540145E+001, 5.23653158E+000, 9.50634307E-001, 2.32475905E+001, 8.59093530E-004, 2.90350218E-001
 3.50000000E+002, 2.63788815E+001, 5.16769211E+000, 9.63821542E-001, 2.32396055E+001, 8.95343911E-004, 2.98577057E-001
 3.70000000E+002, 2.64014537E+001, 5.10008392E+000, 9.75860624E-001, 2.32308529E+001, 9.29315929E-004, 3.06201958E-001
 3.90000000E+002, 2.64204589E+001, 5.03528749E+000, 9.88539312E-001, 2.32206965E+001, 9.66010470E-004, 3.14330481E-001
 4.10000000E+002, 2.64361245E+001, 4.97186295E+000, 9.99395138E-001, 2.32085660E+001, 9.98186509E-004, 3.21395498E-001
 4.30000000E+002, 2.64434545E+001, 4.91749756E+000, 1.01100398E+000, 2.31939778E+001, 1.03337652E-003, 3.29016153E-001
 4.50000000E+002, 2.64456463E+001, 4.86604165E+000, 1.01758039E+000, 2.31765516E+001, 1.05367382E-003, 3.33418867E-001
 4.70000000E+002, 2.64406216E+001, 4.82117185E+000, 1.02499541E+000, 2.31560233E+001, 1.07687617E-003, 3.38393521E-001
 4.90000000E+002, 2.64281349E+001, 4.78279276E+000, 1.03101477E+000, 2.31322529E+001, 1.09595989E-003, 3.42465701E-001
 5.10000000E+002, 2.64064144E+001, 4.75361159E+000, 1.03851804E+000, 2.31052283E+001, 1.12006219E-003, 3.47535750E-001
 5.30000000E+002, 2.63779471E+001, 4.73071632E+000, 1.04276455E+000, 2.30750626E+001, 1.13385827E-003, 3.50437499E-001
 5.50000000E+002, 2.63419420E+001, 4.71459521E+000, 1.04564561E+000, 2.30419879E+001, 1.14328249E-003, 3.52415015E-001
 5.70000000E+002, 2.62991623E+001, 4.70588626E+000, 1.04873740E+000, 2.30063433E+001, 1.15345395E-003, 3.54523119E-001
 5.90000000E+002, 2.62513909E+001, 4.70147028E+000, 1.04949682E+000, 2.29685595E+001, 1.15596151E-003, 3.55047421E-001
 6.10000000E+002, 2.61988529E+001, 4.70207822E+000, 1.05167650E+000, 2.29291389E+001, 1.16317889E-003, 3.56522263E-001
 6.30000000E+002, 2.61433878E+001, 4.70605237E+000, 1.05010376E+000, 2.28886340E+001, 1.15796821E-003, 3.55447111E-001
 6.50000000E+002, 2.60861883E+001, 4.71152794E+000, 1.04855248E+000, 2.28476227E+001, 1.15284393E-003, 3.54384526E-001
 6.70000000E+002, 2.60285300E+001, 4.71798170E+000, 1.04615553E+000, 2.28066840E+001, 1.14495591E-003, 3.52750724E-001
 6.90000000E+002, 2.59724471E+001, 4.72307930E+000, 1.04437193E+000, 2.27663723E+001, 1.13910975E-003, 3.51536813E-001
 7.10000000E+002, 2.59189329E+001, 4.72581558E+000, 1.04258799E+000, 2.27271941E+001, 1.13328240E-003, 3.50330411E-001
 7.30000000E+002, 2.58690707E+001, 4.72474372E+000, 1.03993215E+000, 2.26895859E+001, 1.12464386E-003, 3.48550381E-001
 7.50000000E+002, 2.58235424E+001, 4.71959732E+000, 1.03912369E+000, 2.26538951E+001, 1.12202295E-003, 3.48020759E-001
 7.70000000E+002, 2.57838396E+001, 4.70825516E+000, 1.04176538E+000, 2.26203654E+001, 1.13060204E-003, 3.49819409E-001
 7.90000000E+002, 2.57488158E+001, 4.69242934E+000, 1.04276955E+000, 2.25891249E+001, 1.13387460E-003, 3.50531948E-001
 8.10000000E+002, 2.57206618E+001, 4.66813646E+000, 1.05001743E+000, 2.25601808E+001, 1.15768265E-003, 3.55481059E-001
 8.30000000E+002, 2.56964884E+001, 4.64016423E+000, 1.05338250E+000, 2.25334174E+001, 1.16884868E-003, 3.57832717E-001
 8.50000000E+002, 2.56786922E+001, 4.60378960E+000, 1.06444245E+000, 2.25086006E+001, 1.20605344E-003, 3.65479850E-001
 8.70000000E+002, 2.56631202E+001, 4.56519704E+000, 1.07019492E+000, 2.24853860E+001, 1.22571259E-003, 3.69542741E-001
 8.90000000E+002, 2.56524938E+001, 4.51893822E+000, 1.08460808E+000, 2.24633325E+001, 1.27590547E-003, 3.79691423E-001
 9.10000000E+002, 2.56418432E+001, 4.47253848E+000, 1.09372949E+000, 2.24419195E+001, 1.30836756E-003, 3.86237561E-001
 9.30000000E+002, 2.56320841E+001, 4.42374428E+000, 1.10567646E+000, 2.24205673E+001, 1.35171206E-003, 3.94867378E-001
 9.50000000E+002, 2.56212327E+001, 4.37486791E+000, 1.11539783E+000, 2.23986608E+001, 1.38768016E-003, 4.01993341E-001
 9.70000000E+002, 2.56072842E+001, 4.32837253E+000, 1.12682353E+000, 2.23755735E+001, 1.43076308E-003, 4.10421876E-001
 9.90000000E+002, 2.55900197E+001, 4.28339993E+000, 1.13462810E+000, 2.23506933E+001, 1.46069856E-003, 4.16277619E-001
 1.01000000E+003, 2.55661089E+001, 4.24488579E+000, 1.14585191E+000, 2.23234472E+001, 1.50447672E-003, 4.24688210E-001
 1.03000000E+003, 2.55371488E+001, 4.20958875E+000, 1.15044317E+000, 2.22933252E+001, 1.52263394E-003, 4.28224405E-001
 1.05000000E+003, 2.54985129E+001, 4.18402586E+000, 1.15936320E+000, 2.22599009E+001, 1.55832678E-003, 4.34984688E-001
 1.07000000E+003, 2.54534894E+001, 4.16364024E+000, 1.16095277E+000, 2.22228500E+001, 1.56474527E-003, 4.36254264E-001
 1.09000000E+003, 2.53977143E+001, 4.15336603E+000, 1.16354863E+000, 2.21819640E+001, 1.57526499E-003, 4.38246095E-001
 1.11000000E+003, 2.53339944E+001, 4.15235147E+000, 1.16788872E+000, 2.21371602E+001, 1.59295822E-003, 4.41525406E-001
 1.13000000E+003, 2.52606457E+001, 4.16084335E+000, 1.16564567E+000, 2.20884861E+001, 1.58379753E-003, 4.39798888E-001
 1.15000000E+003, 2.51778108E+001, 4.18047160E+000, 1.15877773E+000, 2.20361191E+001, 1.55596710E-003, 4.34558610E-001
 1.17000000E+003, 2.50875147E+001, 4.20777611E+000, 1.15073886E+000, 2.19803614E+001, 1.52380828E-003, 4.28451093E-001
 1.19000000E+003, 2.49888768E+001, 4.24563362E+000, 1.13896893E+000, 2.19216294E+001, 1.47752769E-003, 4.19598852E-001
 1.21000000E+003, 2.48846788E+001, 4.28992435E+000, 1.12648402E+000, 2.18604393E+001, 1.42947020E-003, 4.10301445E-001
 1.23000000E+003, 2.47747483E+001, 4.34233195E+000, 1.11138250E+000, 2.17973883E+001, 1.37274751E-003, 3.99206488E-001
 1.25000000E+003, 2.46617250E+001, 4.39903168E+000, 1.09619547E+000, 2.17331329E+001, 1.31723722E-003, 3.88198357E-001
 1.27000000E+003, 2.45464855E+001, 4.46026973E+000, 1.07963671E+000, 2.16683651E+001, 1.25844118E-003, 3.76382983E-001
 1.29000000E+003, 2.44308501E+001, 4.52342936E+000, 1.06241936E+000, 2.16037870E+001, 1.19918980E-003, 3.64303005E-001
 1.31000000E+003, 2.43172920E+001, 4.58598823E+000, 1.04633364E+000, 2.15400847E+001, 1.14554080E-003, 3.53194949E-001
 1.33000000E+003, 2.42063490E+001, 4.64792768E+000, 1.03157325E+000, 2.14779040E+001, 1.09774185E-003, 3.43150373E-001
 1.35000000E+003, 2.40999323E+001, 4.70621217E+000, 1.01718028E+000, 2.14178263E+001, 1.05243138E-003, 3.33507765E-001
 1.37000000E+003, 2.39994207E+001, 4.76031668E+000, 1.00484744E+000, 2.13603484E+001, 1.01461292E-003, 3.25351074E-001
 1.39000000E+003, 2.39059854E+001, 4.80781116E+000, 9.93261777E-001, 2.13058646E+001, 9.79921227E-004, 3.17792349E-001
 1.41000000E+003, 2.38206636E+001, 4.84861711E+000, 9.84169363E-001, 2.12546539E+001, 9.53255939E-004, 3.11918303E-001
 1.43000000E+003, 2.37439090E+001, 4.88089617E+000, 9.75937366E-001, 2.12068706E+001, 9.29535186E-004, 3.06658879E-001
 1.45000000E+003, 2.36760565E+001, 4.90542399E+000, 9.70342238E-001, 2.11625413E+001, 9.13639369E-004, 3.03105800E-001
 1.47000000E+003, 2.36167146E+001, 4.92110613E+000, 9.65400798E-001, 2.11215654E+001, 8.99752281E-004, 2.99997063E-001
 1.49000000E+003, 2.35654961E+001, 4.92967262E+000, 9.62901484E-001, 2.10837220E+001, 8.92782285E-004, 2.98429811E-001
 1.51000000E+003, 2.35215846E+001, 4.93048073E+000, 9.58149974E-001, 2.10486804E+001, 8.79630894E-004, 2.95490343E-001
 1.53000000E+003, 2.34834044E+001, 4.92585939E+000, 9.57102585E-001, 2.10160158E+001, 8.76749374E-004, 2.94853162E-001
 1.55000000E+003, 2.34507044E+001, 4.91516155E+000, 9.59513683E-001, 2.09852282E+001, 8.83392106E-004, 2.96360411E-001
 1.57000000E+003, 2.34213011E+001, 4.90146758E+000, 9.61387547E-001, 2.09557643E+001, 8.88577832E-004, 2.97544665E-001
 1.59000000E+003, 2.33939208E+001, 4.88541776E+000, 9.64190161E-001, 2.09270413E+001, 8.96371590E-004, 2.99312319E-001
 1.61000000E+003, 2.33671801E+001, 4.86849118E+000, 9.65985539E-001, 2.08984721E+001, 9.01388209E-004, 3.00460352E-001
 1.63000000E+003, 2.33396316E+001, 4.85249660E+000, 9.67538586E-001, 2.08694901E+001, 9.05742777E-004, 3.01458091E-001
 1.65000000E+003, 2.33104578E+001, 4.83755867E+000, 9.67876221E-001, 2.08395737E+001, 9.06691318E-004, 3.01697526E-001
 1.67000000E+003, 2.32780299E+001, 4.82589354E+000, 9.68263367E-001, 2.08082681E+001, 9.07779771E-004, 3.01961717E-001
 1.69000000E+003, 2.32415659E+001, 4.81815738E+000, 9.67828982E-001, 2.07752047E+001, 9.06558569E-004, 3.01706003E-001
 1.71000000E+003, 2.32003454E+001, 4.81520520E+000, 9.68180812E-001, 2.07401172E+001, 9.07547598E-004, 3.01931199E-001
 1.73000000E+003, 2.31538370E+001, 4.81762649E+000, 9.68233051E-001, 2.07028529E+001, 9.07694509E-004, 3.01959023E-001
 1.75000000E+003, 2.31015368E+001, 4.82732679E+000, 9.64229245E-001, 2.06633795E+001, 8.96480600E-004, 2.99448022E-001
 1.77000000E+003, 2.30440077E+001, 4.84151449E+000, 9.60643288E-001, 2.06217874E+001, 8.86515752E-004, 2.97197625E-001
 1.79000000E+003, 2.29812202E+001, 4.86234284E+000, 9.54581409E-001, 2.05782861E+001, 8.69839076E-004, 2.93419460E-001
 1.81000000E+003, 2.29142321E+001, 4.88727254E+000, 9.48634809E-001, 2.05331964E+001, 8.53684051E-004, 2.89729163E-001
 1.83000000E+003, 2.28437579E+001, 4.91694471E+000, 9.41074540E-001, 2.04869378E+001, 8.33435645E-004, 2.85076254E-001
 1.85000000E+003, 2.27712109E+001, 4.94901204E+000, 9.33681212E-001, 2.04400115E+001, 8.13946496E-004, 2.80558628E-001
 1.87000000E+003, 2.26981548E+001, 4.98260150E+000, 9.25308326E-001, 2.03929803E+001, 7.92244819E-004, 2.75492482E-001
 1.89000000E+003, 2.26261182E+001, 5.01570483E+000, 9.17600368E-001, 2.03464461E+001, 7.72610733E-004, 2.70867444E-001
 1.91000000E+003, 2.25569815E+001, 5.04661435E+000, 9.10519852E-001, 2.03010249E+001, 7.54863206E-004, 2.66653994E-001
 1.93000000E+003, 2.24916395E+001, 5.07418029E+000, 9.03948515E-001, 2.02573218E+001, 7.38637045E-004, 2.62776022E-001
 1.95000000E+003, 2.24324242E+001, 5.09619418E+000, 8.98543806E-001, 2.02159059E+001, 7.25467170E-004, 2.59609601E-001
 1.97000000E+003, 2.23797282E+001, 5.11200697E+000, 8.93936937E-001, 2.01772869E+001, 7.14365790E-004, 2.56930694E-001
 1.99000000E+003, 2.23352326E+001, 5.12030420E+000, 8.90446742E-001, 2.01418930E+001, 7.06031128E-004, 2.54916074E-001
 2.01000000E+003, 2.23000204E+001, 5.11856396E+000, 8.84308777E-001, 2.01100534E+001, 6.91531244E-004, 2.51416382E-001
 2.03000000E+003, 2.22738506E+001, 5.10867029E+000, 8.83519274E-001, 2.00819828E+001, 6.89680719E-004, 2.50982075E-001
 2.05000000E+003, 2.22571526E+001, 5.08913165E+000, 8.84538291E-001, 2.00577721E+001, 6.92069825E-004, 2.51590052E-001
 2.07000000E+003, 2.22510402E+001, 5.05603444E+000, 8.92981779E-001, 2.00373824E+001, 7.12078368E-004, 2.56466198E-001
 2.09000000E+003, 2.22530767E+001, 5.01650782E+000, 9.01019553E-001, 2.00206451E+001, 7.31480323E-004, 2.61165606E-001
 2.11000000E+003, 2.22631719E+001, 4.96817279E+000, 9.08191024E-001, 2.00072668E+001, 7.49085892E-004, 2.65417503E-001
 2.13000000E+003, 2.22816086E+001, 4.90977094E+000, 9.17753831E-001, 1.99968387E+001, 7.72998445E-004, 2.71134593E-001
 2.15000000E+003, 2.23053772E+001, 4.84546035E+000, 9.27904720E-001, 1.99888510E+001, 7.98932619E-004, 2.77278861E-001
 2.17000000E+003, 2.23344819E+001, 4.77408256E+000, 9.40276919E-001, 1.99827110E+001, 8.31318275E-004, 2.84855005E-001
 2.19000000E+003, 2.23658063E+001, 4.69962045E+000, 9.53073790E-001, 1.99777644E+001, 8.65724242E-004, 2.92807800E-001
 2.21000000E+003, 2.23992848E+001, 4.62086949E+000, 9.68490757E-001, 1.99733191E+001, 9.08419483E-004, 3.02522443E-001
 2.23000000E+003, 2.24317890E+001, 4.54206599E+000, 9.83522829E-001, 1.99686708E+001, 9.51378503E-004, 3.12162374E-001
 2.25000000E+003, 2.24621462E+001, 4.46377602E+000, 9.99003589E-001, 1.99631283E+001, 9.97013744E-004, 3.22253266E-001
 2.27000000E+003, 2.24890745E+001, 4.38709694E+000, 1.01391298E+000, 1.99560386E+001, 1.04232236E-003, 3.32138520E-001
 2.29000000E+003, 2.25101906E+001, 4.31540148E+000, 1.02960943E+000, 1.99468112E+001, 1.09148442E-003, 3.42695783E-001
 2.31000000E+003, 2.25265756E+001, 4.24577022E+000, 1.04254936E+000, 1.99349383E+001, 1.13315645E-003, 3.51563105E-001
 2.33000000E+003, 2.25326126E+001, 4.18748426E+000, 1.05605106E+000, 1.99200136E+001, 1.17775446E-003, 3.60904268E-001
 2.35000000E+003, 2.25324044E+001, 4.13286895E+000, 1.06311085E+000, 1.99017454E+001, 1.20153287E-003, 3.65917517E-001
 2.37000000E+003, 2.25254237E+001, 4.08372581E+000, 1.07029292E+000, 1.98799664E+001, 1.22604938E-003, 3.71038772E-001
 2.39000000E+003, 2.25080081E+001, 4.04487239E+000, 1.08117141E+000, 1.98546379E+001, 1.26381548E-003, 3.78751797E-001
 2.41000000E+003, 2.24833754E+001, 4.01186020E+000, 1.08560936E+000, 1.98258492E+001, 1.27944241E-003, 3.81982743E-001
 2.43000000E+003, 2.24496796E+001, 3.98825986E+000, 1.09233328E+000, 1.97938120E+001, 1.30336333E-003, 3.86813670E-001
 2.45000000E+003, 2.24097729E+001, 3.96986670E+000, 1.09397365E+000, 1.97588496E+001, 1.30924397E-003, 3.88043048E-001
 2.47000000E+003, 2.23630403E+001, 3.95874795E+000, 1.09608660E+000, 1.97213823E+001, 1.31684484E-003, 3.89584259E-001
 2.49000000E+003, 2.23111386E+001, 3.95248603E+000, 1.09595187E+000, 1.96819091E+001, 1.31635926E-003, 3.89511548E-001
 2.51000000E+003, 2.22550432E+001, 3.95061626E+000, 1.09578425E+000, 1.96409852E+001, 1.31575538E-003, 3.89399309E-001
 2.53000000E+003, 2.21964097E+001, 3.95213496E+000, 1.09392377E+000, 1.95991992E+001, 1.30906488E-003, 3.88072561E-001
 2.55000000E+003, 2.21363898E+001, 3.95551971E+000, 1.09036567E+000, 1.95571474E+001, 1.29633280E-003, 3.85539826E-001
 2.57000000E+003, 2.20766698E+001, 3.95873567E+000, 1.08678483E+000, 1.95154093E+001, 1.28360295E-003, 3.83000064E-001
 2.59000000E+003, 2.20190103E+001, 3.96038000E+000, 1.08296441E+000, 1.94745226E+001, 1.27011357E-003, 3.80306142E-001
 2.61000000E+003, 2.19643447E+001, 3.95883228E+000, 1.07892223E+000, 1.94349614E+001, 1.25594446E-003, 3.77477960E-001
 2.63000000E+003, 2.19137484E+001, 3.95362084E+000, 1.07681398E+000, 1.93971157E+001, 1.24859637E-003, 3.76022719E-001
 2.65000000E+003, 2.18679242E+001, 3.94388148E+000, 1.07604717E+000, 1.93612757E+001, 1.24593084E-003, 3.75522065E-001
 2.67000000E+003, 2.18274717E+001, 3.92839283E+000, 1.07742425E+000, 1.93276190E+001, 1.25072042E-003, 3.76539496E-001
 2.69000000E+003, 2.17925504E+001, 3.90685497E+000, 1.08048906E+000, 1.92962038E+001, 1.26142410E-003, 3.78763286E-001
 2.71000000E+003, 2.17631894E+001, 3.87869181E+000, 1.08627187E+000, 1.92669656E+001, 1.28178623E-003, 3.82933537E-001
 2.73000000E+003, 2.17384676E+001, 3.84590242E+000, 1.09202755E+000, 1.92397203E+001, 1.30226926E-003, 3.87127832E-001
 2.75000000E+003, 2.17183956E+001, 3.80641361E+000, 1.10254866E+000, 1.92141711E+001, 1.34027311E-003, 3.94780253E-001
 2.77000000E+003, 2.17007988E+001, 3.76404749E+000, 1.11079850E+000, 1.91899208E+001, 1.37058466E-003, 4.00884734E-001
 2.79000000E+003, 2.16864067E+001, 3.71600134E+000, 1.12502591E+000, 1.91664880E+001, 1.42392652E-003, 4.11427494E-001
 2.81000000E+003, 2.16711972E+001, 3.66791651E+000, 1.13570685E+000, 1.91433268E+001, 1.46486882E-003, 4.19493902E-001
 2.83000000E+003, 2.16564900E+001, 3.61774245E+000, 1.14697093E+000, 1.91198495E+001, 1.50888877E-003, 4.28093503E-001
 2.85000000E+003, 2.16388693E+001, 3.56953656E+000, 1.15946594E+000, 1.90954506E+001, 1.55874107E-003, 4.37710539E-001
 2.87000000E+003, 2.16182225E+001, 3.52232922E+000, 1.16870127E+000, 1.90695322E+001, 1.59628537E-003, 4.44955133E-001
 2.89000000E+003, 2.15920823E+001, 3.48019764E+000, 1.18035391E+000, 1.90415287E+001, 1.64451080E-003, 4.54099859E-001
 2.91000000E+003, 2.15608791E+001, 3.44104909E+000, 1.18616259E+000, 1.90109313E+001, 1.66890904E-003, 4.58798586E-001
 2.93000000E+003, 2.15211764E+001, 3.41067084E+000, 1.19577729E+000, 1.89773091E+001, 1.70982204E-003, 4.66442083E-001
 2.95000000E+003, 2.14754907E+001, 3.38459199E+000, 1.19714715E+000, 1.89403281E+001, 1.71570497E-003, 4.67664858E-001
 2.97000000E+003, 2.14196313E+001, 3.36871793E+000, 1.20122845E+000, 1.88997664E+001, 1.73331233E-003, 4.70954185E-001
 2.99000000E+003, 2.13570598E+001, 3.35962166E+000, 1.19843218E+000, 1.88555247E+001, 1.72123586E-003, 4.68818794E-001
 3.01000000E+003, 2.12850983E+001, 3.36012038E+000, 1.20123566E+000, 1.88076322E+001, 1.73334357E-003, 4.71011752E-001
 3.03000000E+003, 2.12054273E+001, 3.37182307E+000, 1.19162056E+000, 1.87562475E+001, 1.69205302E-003, 4.63432183E-001
 3.05000000E+003, 2.11182867E+001, 3.38994932E+000, 1.18258922E+000, 1.87016544E+001, 1.65387142E-003, 4.56328976E-001
 3.07000000E+003, 2.10245107E+001, 3.41837902E+000, 1.16730899E+000, 1.86442526E+001, 1.59058721E-003, 4.44454225E-001
 3.09000000E+003, 2.09252957E+001, 3.45274994E+000, 1.15220577E+000, 1.85845443E+001, 1.52964318E-003, 4.32844064E-001
 3.11000000E+003, 2.08215159E+001, 3.49520271E+000, 1.13295022E+000, 1.85231164E+001, 1.45422792E-003, 4.18283219E-001
 3.13000000E+003, 2.07147130E+001, 3.54210432E+000, 1.11395708E+000, 1.84606191E+001, 1.38230975E-003, 4.04152817E-001
 3.15000000E+003, 2.06058435E+001, 3.59424460E+000, 1.09274138E+000, 1.83977431E+001, 1.30482469E-003, 3.88672193E-001
 3.17000000E+003, 2.04953752E+001, 3.65012531E+000, 1.07065251E+000, 1.83351935E+001, 1.22728552E-003, 3.72884953E-001
 3.19000000E+003, 2.03861410E+001, 3.70688065E+000, 1.04897661E+000, 1.82736649E+001, 1.15424342E-003, 3.57719083E-001
 3.21000000E+003, 2.02790400E+001, 3.76380676E+000, 1.02840728E+000, 1.82138156E+001, 1.08766566E-003, 3.43621491E-001
 3.23000000E+003, 2.01772659E+001, 3.81732102E+000, 1.00943764E+000, 1.81562442E+001, 1.02858100E-003, 3.30880251E-001
 3.25000000E+003, 2.00815525E+001, 3.86647106E+000, 9.92114512E-001, 1.81014675E+001, 9.76529632E-004, 3.19464189E-001
 3.27000000E+003, 1.99946664E+001, 3.90816850E+000, 9.77022099E-001, 1.80499027E+001, 9.32638126E-004, 3.09692280E-001
 3.29000000E+003, 1.99165756E+001, 3.94223123E+000, 9.64048963E-001, 1.80018527E+001, 8.95977835E-004, 3.01424009E-001
 3.31000000E+003, 1.98488187E+001, 3.96690473E+000, 9.53477402E-001, 1.79574965E+001, 8.66824560E-004, 2.94780727E-001
 3.33000000E+003, 1.97900443E+001, 3.98339846E+000, 9.44698546E-001, 1.79168839E+001, 8.43101262E-004, 2.89332793E-001
 3.35000000E+003, 1.97414578E+001, 3.99064536E+000, 9.37676893E-001, 1.78799358E+001, 8.24441112E-004, 2.85028491E-001
 3.37000000E+003, 1.97016253E+001, 3.98811402E+000, 9.29623420E-001, 1.78464492E+001, 8.03380280E-004, 2.80160038E-001
 3.39000000E+003, 1.96697192E+001, 3.97868469E+000, 9.27096425E-001, 1.78161071E+001, 7.96846587E-004, 2.78663511E-001
 3.41000000E+003, 1.96447714E+001, 3.96271328E+000, 9.26666791E-001, 1.77884929E+001, 7.95739279E-004, 2.78447046E-001
 3.43000000E+003, 1.96256131E+001, 3.94019584E+000, 9.28519465E-001, 1.77631087E+001, 8.00521572E-004, 2.79621204E-001
 3.45000000E+003, 1.96109191E+001, 3.91306425E+000, 9.31231850E-001, 1.77393965E+001, 8.07557523E-004, 2.81330426E-001
 3.47000000E+003, 1.95990500E+001, 3.88267433E+000, 9.34969455E-001, 1.77167617E+001, 8.17320270E-004, 2.83677067E-001
 3.49000000E+003, 1.95882691E+001, 3.85119567E+000, 9.38241643E-001, 1.76945985E+001, 8.25931664E-004, 2.85754924E-001
 3.51000000E+003, 1.95775284E+001, 3.81934497E+000, 9.40516613E-001, 1.76723146E+001, 8.31954199E-004, 2.87234045E-001
 3.53000000E+003, 1.95653693E+001, 3.78828732E+000, 9.41791157E-001, 1.76493558E+001, 8.35341059E-004, 2.88104146E-001
 3.55000000E+003, 1.95505325E+001, 3.76008095E+000, 9.43146112E-001, 1.76252290E+001, 8.38951661E-004, 2.89017948E-001
 3.57000000E+003, 1.95319523E+001, 3.73511329E+000, 9.43167929E-001, 1.75995225E+001, 8.39009886E-004, 2.89106887E-001
 3.59000000E+003, 1.95087124E+001, 3.71508473E+000, 9.42339884E-001, 1.75719225E+001, 8.36802024E-004, 2.88660689E-001
 3.61000000E+003, 1.94802035E+001, 3.70054375E+000, 9.40508134E-001, 1.75422263E+001, 8.31931699E-004, 2.87584233E-001
 3.63000000E+003, 1.94462884E+001, 3.69168798E+000, 9.37495422E-001, 1.75103501E+001, 8.23962540E-004, 2.85771952E-001
 3.65000000E+003, 1.94069425E+001, 3.68838462E+000, 9.34795950E-001, 1.74763324E+001, 8.16865334E-004, 2.84138706E-001
 3.67000000E+003, 1.93627115E+001, 3.69069971E+000, 9.31162264E-001, 1.74403324E+001, 8.07376495E-004, 2.81926986E-001
 3.69000000E+003, 1.93133154E+001, 3.69976169E+000, 9.23004236E-001, 1.74026228E+001, 7.86341297E-004, 2.76981645E-001
 3.71000000E+003, 1.92610823E+001, 3.71142033E+000, 9.15361510E-001, 1.73635789E+001, 7.66969237E-004, 2.72379705E-001
 3.73000000E+003, 1.92060847E+001, 3.72734364E+000, 9.05609201E-001, 1.73236625E+001, 7.42715495E-004, 2.66561646E-001
 3.75000000E+003, 1.91502140E+001, 3.74459365E+000, 8.95899575E-001, 1.72834026E+001, 7.19081304E-004, 2.60828937E-001
 3.77000000E+003, 1.90948165E+001, 3.76225143E+000, 8.85732394E-001, 1.72433735E+001, 6.94876450E-004, 2.54895466E-001
 3.79000000E+003, 1.90414327E+001, 3.77893044E+000, 8.76592679E-001, 1.72041707E+001, 6.73586736E-004, 2.49619068E-001
 3.81000000E+003, 1.89914753E+001, 3.79267018E+000, 8.67630022E-001, 1.71663854E+001, 6.53136151E-004, 2.44506229E-001
 3.83000000E+003, 1.89465548E+001, 3.80244067E+000, 8.59932591E-001, 1.71305800E+001, 6.35906459E-004, 2.40163093E-001
 3.85000000E+003, 1.89076057E+001, 3.80691560E+000, 8.51498593E-001, 1.70972638E+001, 6.17378942E-004, 2.35464556E-001
 3.87000000E+003, 1.88762971E+001, 3.80318569E+000, 8.43764227E-001, 1.70668709E+001, 6.00707889E-004, 2.31215196E-001
 3.89000000E+003, 1.88529271E+001, 3.79215489E+000, 8.39517364E-001, 1.70397412E+001, 5.91682958E-004, 2.28919318E-001
 3.91000000E+003, 1.88384936E+001, 3.77263759E+000, 8.38037330E-001, 1.70161049E+001, 5.88559134E-004, 2.28158694E-001
 3.93000000E+003, 1.88329389E+001, 3.74282845E+000, 8.42415293E-001, 1.69960713E+001, 5.97831424E-004, 2.30620356E-001
 3.95000000E+003, 1.88364245E+001, 3.70431852E+000, 8.49302361E-001, 1.69796222E+001, 6.12614124E-004, 2.34502276E-001
 3.97000000E+003, 1.88480073E+001, 3.65749226E+000, 8.54297988E-001, 1.69666106E+001, 6.23488092E-004, 2.37389450E-001
 3.99000000E+003, 1.88681440E+001, 3.60030043E+000, 8.62731069E-001, 1.69567640E+001, 6.42134979E-004, 2.42253369E-001
 4.01000000E+003, 1.88946482E+001, 3.53639402E+000, 8.71961896E-001, 1.69496936E+001, 6.62967953E-004, 2.47646743E-001
 4.03000000E+003, 1.89273145E+001, 3.46436391E+000, 8.84526392E-001, 1.69449066E+001, 6.92041918E-004, 2.55053662E-001
 4.05000000E+003, 1.89637054E+001, 3.38776104E+000, 8.97950660E-001, 1.69418242E+001, 7.24031461E-004, 2.63103838E-001
 4.07000000E+003, 1.90030892E+001, 3.30591726E+000, 9.14250920E-001, 1.69398020E+001, 7.64180999E-004, 2.73031803E-001
 4.09000000E+003, 1.90430891E+001, 3.22187722E+000, 9.31795837E-001, 1.69381530E+001, 8.09025691E-004, 2.83935168E-001
 4.11000000E+003, 1.90826185E+001, 3.13564262E+000, 9.52125989E-001, 1.69361732E+001, 8.63144038E-004, 2.96824915E-001
 4.13000000E+003, 1.91190521E+001, 3.05087260E+000, 9.72066407E-001, 1.69331668E+001, 9.18518310E-004, 3.09781524E-001
 4.15000000E+003, 1.91516056E+001, 2.96747365E+000, 9.92102606E-001, 1.69284719E+001, 9.76494458E-004, 3.23108649E-001
 4.17000000E+003, 1.91782772E+001, 2.88798174E+000, 1.01277085E+000, 1.69214845E+001, 1.03880395E-003, 3.37156262E-001
 4.19000000E+003, 1.91988316E+001, 2.81171485E+000, 1.03145712E+000, 1.69116800E+001, 1.09737117E-003, 3.50178555E-001
 4.21000000E+003, 1.92097485E+001, 2.74434258E+000, 1.04942099E+000, 1.68986326E+001, 1.15571103E-003, 3.62929492E-001
 4.23000000E+003, 1.92129136E+001, 2.68274614E+000, 1.06216923E+000, 1.68820296E+001, 1.19834307E-003, 3.72238720E-001
 4.25000000E+003, 1.92081778E+001, 2.62665579E+000, 1.07165746E+000, 1.68616820E+001, 1.23074476E-003, 3.79341997E-001
 4.27000000E+003, 1.91937217E+001, 2.57937304E+000, 1.08542660E+000, 1.68375302E+001, 1.27879638E-003, 3.89532419E-001
 4.29000000E+003, 1.91714457E+001, 2.53805066E+000, 1.09164062E+000, 1.68096445E+001, 1.30088553E-003, 3.94352190E-001
 4.31000000E+003, 1.91391824E+001, 2.50679707E+000, 1.09962233E+000, 1.67782205E+001, 1.32962957E-003, 4.00413505E-001
 4.33000000E+003, 1.91000755E+001, 2.48193874E+000, 1.10224579E+000, 1.67435697E+001, 1.33916890E-003, 4.02549617E-001
 4.35000000E+003, 1.90541174E+001, 2.46349805E+000, 1.10155072E+000, 1.67061060E+001, 1.33663711E-003, 4.02210229E-001
 4.37000000E+003, 1.90019514E+001, 2.45211595E+000, 1.09874865E+000, 1.66663271E+001, 1.32646282E-003, 4.00271023E-001
 4.39000000E+003, 1.89448387E+001, 2.44644858E+000, 1.09394164E+000, 1.66247944E+001, 1.30912910E-003, 3.96828208E-001
 4.41000000E+003, 1.88843950E+001, 2.44483846E+000, 1.08810553E+000, 1.65821086E+001, 1.28828831E-003, 3.92620020E-001
 4.43000000E+003, 1.88221733E+001, 2.44647856E+000, 1.07968775E+000, 1.65388858E+001, 1.25861975E-003, 3.86554095E-001
 4.45000000E+003, 1.87587507E+001, 2.45077295E+000, 1.06799169E+000, 1.64957317E+001, 1.21815805E-003, 3.78187023E-001
 4.47000000E+003, 1.86974142E+001, 2.45378329E+000, 1.05737514E+000, 1.64532167E+001, 1.18219006E-003, 3.70679841E-001
 4.49000000E+003, 1.86381236E+001, 2.45610683E+000, 1.04672181E+000, 1.64118534E+001, 1.14681627E-003, 3.63228690E-001
 4.51000000E+003, 1.85828329E+001, 2.45496568E+000, 1.03565661E+000, 1.63720754E+001, 1.11082939E-003, 3.55599003E-001
 4.53000000E+003, 1.85320288E+001, 2.45016062E+000, 1.02717364E+000, 1.63342200E+001, 1.08375626E-003, 3.49836192E-001
 4.55000000E+003, 1.84867668E+001, 2.44052758E+000, 1.02165851E+000, 1.62985152E+001, 1.06639303E-003, 3.46166734E-001
 4.57000000E+003, 1.84469653E+001, 2.42555391E+000, 1.01830384E+000, 1.62650706E+001, 1.05592281E-003, 3.44017439E-001
 4.59000000E+003, 1.84128666E+001, 2.40520033E+000, 1.01756100E+000, 1.62338732E+001, 1.05361364E-003, 3.43681233E-001
 4.61000000E+003, 1.83840165E+001, 2.37883398E+000, 1.01969054E+000, 1.62047893E+001, 1.06024248E-003, 3.45340552E-001
 4.63000000E+003, 1.83602561E+001, 2.34631475E+000, 1.02662011E+000, 1.61775699E+001, 1.08200517E-003, 3.50330857E-001
 4.65000000E+003, 1.83391747E+001, 2.31076741E+000, 1.03064974E+000, 1.61518615E+001, 1.09479631E-003, 3.53404213E-001
 4.67000000E+003, 1.83224017E+001, 2.26797723E+000, 1.04526629E+000, 1.61272221E+001, 1.14203882E-003, 3.63905373E-001
 4.69000000E+003, 1.83054820E+001, 2.22474699E+000, 1.05367173E+000, 1.61031389E+001, 1.16981187E-003, 3.70213695E-001
 4.71000000E+003, 1.82895483E+001, 2.17818878E+000, 1.06678588E+000, 1.60790509E+001, 1.21403670E-003, 3.79982019E-001
 4.73000000E+003, 1.82719512E+001, 2.13191654E+000, 1.07784675E+000, 1.60543727E+001, 1.25219246E-003, 3.88425714E-001
 4.75000000E+003, 1.82516085E+001, 2.08699792E+000, 1.08991456E+000, 1.60285189E+001, 1.29472459E-003, 3.97712794E-001
 4.77000000E+003, 1.82277589E+001, 2.04342217E+000, 1.09908559E+000, 1.60009299E+001, 1.32768356E-003, 4.04988892E-001
 4.79000000E+003, 1.81985105E+001, 2.00450384E+000, 1.10945482E+000, 1.59710954E+001, 1.36561698E-003, 4.13190965E-001
 4.81000000E+003, 1.81635982E+001, 1.96933181E+000, 1.11490311E+000, 1.59385774E+001, 1.38583466E-003, 4.17754439E-001
 4.83000000E+003, 1.81218221E+001, 1.94123995E+000, 1.11977760E+000, 1.59030289E+001, 1.40409138E-003, 4.21826575E-001
 4.85000000E+003, 1.80732147E+001, 1.91902755E+000, 1.11847472E+000, 1.58642106E+001, 1.39919603E-003, 4.21177843E-001
 4.87000000E+003, 1.80169767E+001, 1.90553114E+000, 1.11365307E+000, 1.58220021E+001, 1.38117850E-003, 4.17758013E-001
 4.89000000E+003, 1.79522871E+001, 1.90079178E+000, 1.10869483E+000, 1.57764095E+001, 1.36281249E-003, 4.14117893E-001
 4.91000000E+003, 1.78787830E+001, 1.90807775E+000, 1.09630406E+000, 1.57275667E+001, 1.31762892E-003, 4.04805894E-001
 4.93000000E+003, 1.77964334E+001, 1.92792460E+000, 1.07296393E+000, 1.56757334E+001, 1.23525157E-003, 3.87476406E-001
 4.95000000E+003, 1.77060564E+001, 1.95832810E+000, 1.04541620E+000, 1.56212860E+001, 1.14253033E-003, 3.67442921E-001
 4.97000000E+003, 1.76084357E+001, 2.00121439E+000, 1.01055882E+000, 1.55647061E+001, 1.03201223E-003, 3.42848506E-001
 4.99000000E+003, 1.75063045E+001, 2.05223450E+000, 9.74320238E-001, 1.55065629E+001, 9.24922258E-004, 3.18171504E-001
 5.01000000E+003, 1.74012185E+001, 2.11125690E+000, 9.35087765E-001, 1.54474932E+001, 8.17630677E-004, 2.92528079E-001
 5.03000000E+003, 1.72958636E+001, 2.17435208E+000, 8.95313970E-001, 1.53881783E+001, 7.17672223E-004, 2.67674457E-001
 5.05000000E+003, 1.71921252E+001, 2.23931210E+000, 8.57072809E-001, 1.53293195E+001, 6.29583309E-004, 2.44852401E-001
 5.07000000E+003, 1.70913606E+001, 2.30494620E+000, 8.22015161E-001, 1.52716119E+001, 5.55443058E-004, 2.24840326E-001
 5.09000000E+003, 1.69955729E+001, 2.36814703E+000, 7.89519010E-001, 1.52157193E+001, 4.92139066E-004, 2.07085362E-001
 5.11000000E+003, 1.69060030E+001, 2.42809799E+000, 7.61054895E-001, 1.51622498E+001, 4.40806538E-004, 1.92146172E-001
 5.13000000E+003, 1.68241077E+001, 2.48181519E+000, 7.34572562E-001, 1.51117336E+001, 3.96373113E-004, 1.78785847E-001
 5.15000000E+003, 1.67507342E+001, 2.52934622E+000, 7.12406592E-001, 1.50646042E+001, 3.61562891E-004, 1.67981984E-001
 5.17000000E+003, 1.66868263E+001, 2.56814209E+000, 6.92031371E-001, 1.50211825E+001, 3.31418997E-004, 1.58378785E-001
 5.19000000E+003, 1.66326852E+001, 2.59904169E+000, 6.75898943E-001, 1.49816662E+001, 3.08777288E-004, 1.50983062E-001
 5.21000000E+003, 1.65886216E+001, 2.62005384E+000, 6.61031647E-001, 1.49461237E+001, 2.88846289E-004, 1.44351654E-001
 5.23000000E+003, 1.65543115E+001, 2.63296906E+000, 6.49970541E-001, 1.49144926E+001, 2.74587685E-004, 1.39524594E-001
 5.25000000E+003, 1.65293888E+001, 2.63658603E+000, 6.36747111E-001, 1.48865839E+001, 2.58167149E-004, 1.33895410E-001
 5.27000000E+003, 1.65130030E+001, 2.63145025E+000, 6.27579634E-001, 1.48620908E+001, 2.47176152E-004, 1.30081171E-001
 5.29000000E+003, 1.65042446E+001, 2.61924525E+000, 6.23201880E-001, 1.48406020E+001, 2.42039536E-004, 1.28304513E-001
 5.31000000E+003, 1.65016768E+001, 2.60140642E+000, 6.22297786E-001, 1.48216193E+001, 2.40987667E-004, 1.27979372E-001
 5.33000000E+003, 1.65040146E+001, 2.57873961E+000, 6.22057590E-001, 1.48045780E+001, 2.40708731E-004, 1.27940972E-001
 5.35000000E+003, 1.65096650E+001, 2.55296000E+000, 6.20160751E-001, 1.47888707E+001, 2.38513485E-004, 1.27231376E-001
 5.37000000E+003, 1.65171655E+001, 2.52505863E+000, 6.19209923E-001, 1.47738714E+001, 2.37418098E-004, 1.26918002E-001
 5.39000000E+003, 1.65248986E+001, 2.49675211E+000, 6.18297383E-001, 1.47589611E+001, 2.36369927E-004, 1.26623190E-001
 5.41000000E+003, 1.65314033E+001, 2.46972350E+000, 6.16913466E-001, 1.47435531E+001, 2.34786261E-004, 1.26133670E-001
 5.43000000E+003, 1.65353427E+001, 2.44544482E+000, 6.14422070E-001, 1.47271156E+001, 2.31953209E-004, 1.25186623E-001
 5.45000000E+003, 1.65355422E+001, 2.42571572E+000, 6.08129725E-001, 1.47091936E+001, 2.24899601E-004, 1.22692074E-001
 5.47000000E+003, 1.65312430E+001, 2.41003607E+000, 6.03257212E-001, 1.46894262E+001, 2.19536942E-004, 1.20778591E-001
 5.49000000E+003, 1.65216831E+001, 2.39992279E+000, 5.97698288E-001, 1.46675608E+001, 2.13523743E-004, 1.18591542E-001
 5.51000000E+003, 1.65064564E+001, 2.39569655E+000, 5.92851448E-001, 1.46434625E+001, 2.08371205E-004, 1.16687810E-001
 5.53000000E+003, 1.64856710E+001, 2.39759186E+000, 5.88817925E-001, 1.46171187E+001, 2.04147005E-004, 1.15100179E-001
 5.55000000E+003, 1.64594949E+001, 2.40667515E+000, 5.78415615E-001, 1.45886384E+001, 1.93517388E-004, 1.11045167E-001
 5.57000000E+003, 1.64285652E+001, 2.41996606E+000, 5.69165398E-001, 1.45582474E+001, 1.84380688E-004, 1.07487953E-001
 5.59000000E+003, 1.63936365E+001, 2.43853071E+000, 5.57385551E-001, 1.45262775E+001, 1.73167788E-004, 1.03039890E-001
 5.61000000E+003, 1.63558229E+001, 2.46026262E+000, 5.46012657E-001, 1.44931519E+001, 1.62782715E-004, 9.88283736E-002
 5.63000000E+003, 1.63163325E+001, 2.48468178E+000, 5.33738757E-001, 1.44593674E+001, 1.52049993E-004, 9.43828752E-002
 5.65000000E+003, 1.62765590E+001, 2.50969058E+000, 5.21209004E-001, 1.44254721E+001, 1.41591045E-004, 8.99534198E-002
 5.67000000E+003, 1.62379520E+001, 2.53458024E+000, 5.10198456E-001, 1.43920427E+001, 1.32805887E-004, 8.61461308E-002
 5.69000000E+003, 1.62019374E+001, 2.55703524E+000, 4.99029502E-001, 1.43596587E+001, 1.24273505E-004, 8.23759286E-002
 5.71000000E+003, 1.61699492E+001, 2.57649098E+000, 4.89900288E-001, 1.43288784E+001, 1.17577177E-004, 7.93568402E-002
 5.73000000E+003, 1.61432279E+001, 2.59047653E+000, 4.80687000E-001, 1.43002135E+001, 1.11067531E-004, 7.63777134E-002
 5.75000000E+003, 1.61229256E+001, 2.59907533E+000, 4.74157498E-001, 1.42741073E+001, 1.06602615E-004, 7.43035625E-002
 5.77000000E+003, 1.61098711E+001, 2.59988156E+000, 4.61800859E-001, 1.42509146E+001, 9.84836626E-005, 7.04801179E-002
 5.79000000E+003, 1.61047953E+001, 2.59312936E+000, 4.59014464E-001, 1.42308853E+001, 9.67117165E-005, 6.96419107E-002
 5.81000000E+003, 1.61079057E+001, 2.57877402E+000, 4.60331135E-001, 1.42141521E+001, 9.75463511E-005, 7.00630186E-002
 5.83000000E+003, 1.61192502E+001, 2.55632859E+000, 4.58772876E-001, 1.42007226E+001, 9.65590926E-005, 6.96225445E-002
 5.85000000E+003, 1.61386089E+001, 2.52577443E+000, 4.58889761E-001, 1.41904773E+001, 9.66329126E-005, 6.97039464E-002
 5.87000000E+003, 1.61652775E+001, 2.48728437E+000, 4.60923073E-001, 1.41831712E+001, 9.79231372E-005, 7.03829139E-002
 5.89000000E+003, 1.61984217E+001, 2.44238369E+000, 4.63644845E-001, 1.41784417E+001, 9.96681244E-005, 7.12895673E-002
 5.91000000E+003, 1.62368006E+001, 2.39162263E+000, 4.68265347E-001, 1.41758203E+001, 1.02677677E-004, 7.28048533E-002
 5.93000000E+003, 1.62790930E+001, 2.33687973E+000, 4.73437600E-001, 1.41747493E+001, 1.06117793E-004, 7.45224259E-002
 5.95000000E+003, 1.63236606E+001, 2.27915024E+000, 4.80137907E-001, 1.41746014E+001, 1.10687336E-004, 7.67605923E-002
 5.97000000E+003, 1.63689010E+001, 2.22032229E+000, 4.87638459E-001, 1.41747023E+001, 1.15956149E-004, 7.93031887E-002
 5.99000000E+003, 1.64130095E+001, 2.16221966E+000, 4.95280583E-001, 1.41743559E+001, 1.21493724E-004, 8.19427621E-002
 6.01000000E+003, 1.64542777E+001, 2.10635224E+000, 5.02632728E-001, 1.41728692E+001, 1.26984941E-004, 8.45335030E-002
 6.03000000E+003, 1.64910950E+001, 2.05461924E+000, 5.09850554E-001, 1.41695785E+001, 1.32534400E-004, 8.71185631E-002
 6.05000000E+003, 1.65218390E+001, 2.00838786E+000, 5.15757131E-001, 1.41638732E+001, 1.37194178E-004, 8.92824613E-002
 6.07000000E+003, 1.65453375E+001, 1.96927011E+000, 5.20562121E-001, 1.41552187E+001, 1.41064471E-004, 9.10736759E-002
 6.09000000E+003, 1.65602525E+001, 1.93844073E+000, 5.22902478E-001, 1.41431757E+001, 1.42975641E-004, 9.19929605E-002
 6.11000000E+003, 1.65659665E+001, 1.91718440E+000, 5.20006355E-001, 1.41274163E+001, 1.40613139E-004, 9.10456577E-002
 6.13000000E+003, 1.65619365E+001, 1.90491131E+000, 5.11184713E-001, 1.41077348E+001, 1.33577564E-004, 8.80218422E-002
 6.15000000E+003, 1.65479511E+001, 1.90319161E+000, 5.15727022E-001, 1.40840555E+001, 1.37170152E-004, 8.95986995E-002
 6.17000000E+003, 1.65238719E+001, 1.91318859E+000, 5.09149562E-001, 1.40564335E+001, 1.31988502E-004, 8.72961747E-002
 6.19000000E+003, 1.64906199E+001, 1.93190852E+000, 5.00828906E-001, 1.40250519E+001, 1.25622687E-004, 8.44096893E-002
 6.21000000E+003, 1.64484967E+001, 1.96077786E+000, 4.88658581E-001, 1.39902133E+001, 1.16685336E-004, 8.02759959E-002
 6.23000000E+003, 1.63988604E+001, 1.99721710E+000, 4.76357212E-001, 1.39523268E+001, 1.08093193E-004, 7.61907883E-002
 6.25000000E+003, 1.63427326E+001, 2.04151751E+000, 4.61622496E-001, 1.39118913E+001, 9.83695820E-005, 7.14464352E-002
 6.27000000E+003, 1.62816801E+001, 2.09122215E+000, 4.47270718E-001, 1.38694747E+001, 8.94769737E-005, 6.69682672E-002
 6.29000000E+003, 1.62171800E+001, 2.14528176E+000, 4.32378232E-001, 1.38256912E+001, 8.08334885E-005, 6.24813126E-002
 6.31000000E+003, 1.61508386E+001, 2.20195810E+000, 4.17895880E-001, 1.37811765E+001, 7.29800468E-005, 5.82710264E-002
 6.33000000E+003, 1.60842618E+001, 2.25931712E+000, 4.03501448E-001, 1.37365624E+001, 6.56954353E-005, 5.42406609E-002
 6.35000000E+003, 1.60189319E+001, 2.31623343E+000, 3.90695439E-001, 1.36924518E+001, 5.96368794E-005, 5.07768117E-002
 6.37000000E+003, 1.59562465E+001, 2.37098320E+000, 3.78839607E-001, 1.36493951E+001, 5.43708381E-005, 4.76765458E-002
 6.39000000E+003, 1.58973874E+001, 2.42240178E+000, 3.68194473E-001, 1.36078683E+001, 4.99150732E-005, 4.49792712E-002
 6.41000000E+003, 1.58433197E+001, 2.46936817E+000, 3.58609288E-001, 1.35682553E+001, 4.61173693E-005, 4.26215367E-002
 6.43000000E+003, 1.57947302E+001, 2.51123042E+000, 3.50255927E-001, 1.35308326E+001, 4.29691129E-005, 4.06209521E-002
 6.45000000E+003, 1.57520231E+001, 2.54743530E+000, 3.42895152E-001, 1.34957602E+001, 4.03166012E-005, 3.89009109E-002
 6.47000000E+003, 1.57152868E+001, 2.57795039E+000, 3.36645613E-001, 1.34630753E+001, 3.81521264E-005, 3.74715429E-002
 6.49000000E+003, 1.56843130E+001, 2.60284165E+000, 3.31204917E-001, 1.34326929E+001, 3.63320754E-005, 3.62513464E-002
 6.51000000E+003, 1.56585896E+001, 2.62269687E+000, 3.26657393E-001, 1.34044101E+001, 3.48559859E-005, 3.52483558E-002
 6.53000000E+003, 1.56373432E+001, 2.63815320E+000, 3.22653120E-001, 1.33779158E+001, 3.35898069E-005, 3.43787238E-002
 6.55000000E+003, 1.56195565E+001, 2.65032387E+000, 3.19259359E-001, 1.33528048E+001, 3.25409920E-005, 3.36511049E-002
 6.57000000E+003, 1.56040304E+001, 2.66027570E+000, 3.16094131E-001, 1.33285960E+001, 3.15826929E-005, 3.29806297E-002
 6.59000000E+003, 1.55894195E+001, 2.66946449E+000, 3.13236364E-001, 1.33047528E+001, 3.07338088E-005, 3.23810977E-002
 6.61000000E+003, 1.55743054E+001, 2.67927148E+000, 3.10271696E-001, 1.32807069E+001, 2.98693895E-005, 3.17649312E-002
 6.63000000E+003, 1.55572509E+001, 2.69108937E+000, 3.07192203E-001, 1.32558833E+001, 2.89888140E-005, 3.11303471E-002
 6.65000000E+003, 1.55368598E+001, 2.70639689E+000, 3.03735191E-001, 1.32297246E+001, 2.80211031E-005, 3.04246407E-002
 6.67000000E+003, 1.55118468E+001, 2.72643460E+000, 2.99894134E-001, 1.32017161E+001, 2.69714198E-005, 2.96486670E-002
 6.69000000E+003, 1.54810851E+001, 2.75240775E+000, 2.95463232E-001, 1.31714082E+001, 2.57934971E-005, 2.87649923E-002
 6.71000000E+003, 1.54436660E+001, 2.78518626E+000, 2.90493942E-001, 1.31384371E+001, 2.45138279E-005, 2.77887737E-002
 6.73000000E+003, 1.53989325E+001, 2.82549923E+000, 2.84871017E-001, 1.31025411E+001, 2.31177029E-005, 2.67040452E-002
 6.75000000E+003, 1.53465197E+001, 2.87367231E+000, 2.78722211E-001, 1.30635736E+001, 2.16528271E-005, 2.55422026E-002
 6.77000000E+003, 1.52863677E+001, 2.92982598E+000, 2.72023880E-001, 1.30215117E+001, 2.01289425E-005, 2.43062215E-002
 6.79000000E+003, 1.52187373E+001, 2.99365488E+000, 2.64966431E-001, 1.29764591E+001, 1.86025478E-005, 2.30374517E-002
 6.81000000E+003, 1.51441984E+001, 3.06463576E+000, 2.57589513E-001, 1.29286443E+001, 1.70916660E-005, 2.17484557E-002
 6.83000000E+003, 1.50636199E+001, 3.14184890E+000, 2.50109752E-001, 1.28784143E+001, 1.56455827E-005, 2.04801640E-002
 6.85000000E+003, 1.49781357E+001, 3.22415227E+000, 2.42623672E-001, 1.28262226E+001, 1.42823406E-005, 1.92499796E-002
 6.87000000E+003, 1.48891074E+001, 3.31019109E+000, 2.35247991E-001, 1.27726138E+001, 1.30190006E-005, 1.80763072E-002
 6.89000000E+003, 1.47980753E+001, 3.39842117E+000, 2.28108237E-001, 1.27182037E+001, 1.18692364E-005, 1.69764061E-002
 6.91000000E+003, 1.47067011E+001, 3.48724048E+000, 2.21288095E-001, 1.26636574E+001, 1.08361256E-005, 1.59590210E-002
 6.93000000E+003, 1.46167134E+001, 3.57462816E+000, 2.14695866E-001, 1.26096644E+001, 9.89625607E-006, 1.50069708E-002
 6.95000000E+003, 1.45298271E+001, 3.65933727E+000, 2.09075582E-001, 1.25569135E+001, 9.13923439E-006, 1.42180651E-002
 6.97000000E+003, 1.44477062E+001, 3.73910218E+000, 2.03501976E-001, 1.25060668E+001, 8.42763590E-006, 1.34585854E-002
 6.99000000E+003, 1.43718704E+001, 3.81298053E+000, 1.98973186E-001, 1.24577357E+001, 7.87741148E-006, 1.28564199E-002
 7.01000000E+003, 1.43036713E+001, 3.87900369E+000, 1.94528247E-001, 1.24124575E+001, 7.36118770E-006, 1.22803390E-002
 7.03000000E+003, 1.42442108E+001, 3.93666633E+000, 1.91146468E-001, 1.23706760E+001, 6.98391110E-006, 1.18504610E-002
 7.05000000E+003, 1.41943308E+001, 3.98449347E+000, 1.87836334E-001, 1.23327252E+001, 6.62733127E-006, 1.14384173E-002
 7.07000000E+003, 1.41545542E+001, 4.02257834E+000, 1.85571702E-001, 1.22988168E+001, 6.39050416E-006, 1.11603376E-002
 7.09000000E+003, 1.41250943E+001, 4.05005541E+000, 1.83334627E-001, 1.22690337E+001, 6.16216559E-006, 1.08901586E-002
 7.11000000E+003, 1.41058223E+001, 4.06768347E+000, 1.82114784E-001, 1.22433269E+001, 6.03997966E-006, 1.07440163E-002
 7.13000000E+003, 1.40962998E+001, 4.07520780E+000, 1.79945172E-001, 1.22215186E+001, 5.82667056E-006, 1.04888382E-002
 7.15000000E+003, 1.40957767E+001, 4.07396418E+000, 1.79862080E-001, 1.22033101E+001, 5.81860273E-006, 1.04792704E-002
 7.17000000E+003, 1.41032335E+001, 4.06485183E+000, 1.79896586E-001, 1.21882941E+001, 5.82195215E-006, 1.04841478E-002
 7.19000000E+003, 1.41174228E+001, 4.04900036E+000, 1.79922787E-001, 1.21759711E+001, 5.82449634E-006, 1.04887008E-002
 7.21000000E+003, 1.41369186E+001, 4.02770400E+000, 1.80295430E-001, 1.21657695E+001, 5.86076111E-006, 1.05342325E-002
 7.23000000E+003, 1.41601650E+001, 4.00273151E+000, 1.80684075E-001, 1.21570689E+001, 5.89874329E-006, 1.05821258E-002
 7.25000000E+003, 1.41855527E+001, 3.97552413E+000, 1.81315892E-001, 1.21492240E+001, 5.96084023E-006, 1.06589612E-002
 7.27000000E+003, 1.42114685E+001, 3.94780351E+000, 1.81907734E-001, 1.21415903E+001, 6.01940215E-006, 1.07314643E-002
 7.29000000E+003, 1.42363666E+001, 3.92109965E+000, 1.82508595E-001, 1.21335495E+001, 6.07924769E-006, 1.08052319E-002
 7.31000000E+003, 1.42588264E+001, 3.89680085E+000, 1.82976236E-001, 1.21245329E+001, 6.12609801E-006, 1.08632275E-002
 7.33000000E+003, 1.42776054E+001, 3.87620229E+000, 1.83339238E-001, 1.21140441E+001, 6.16263059E-006, 1.09085695E-002
 7.35000000E+003, 1.42916894E+001, 3.86025232E+000, 1.83465952E-001, 1.21016769E+001, 6.17541715E-006, 1.09253721E-002
 7.37000000E+003, 1.43003262E+001, 3.84974451E+000, 1.83345901E-001, 1.20871311E+001, 6.16330237E-006, 1.09122169E-002
 7.39000000E+003, 1.43030576E+001, 3.84513960E+000, 1.81480721E-001, 1.20702228E+001, 5.97711150E-006, 1.06918167E-002
 7.41000000E+003, 1.42997303E+001, 3.84663958E+000, 1.82249913E-001, 1.20508904E+001, 6.05343457E-006, 1.07824803E-002
 7.43000000E+003, 1.42904936E+001, 3.85432077E+000, 1.81106781E-001, 1.20291957E+001, 5.94024011E-006, 1.06468282E-002
 7.45000000E+003, 1.42758068E+001, 3.86718589E+000, 1.80145954E-001, 1.20053195E+001, 5.84619650E-006, 1.05328170E-002
 7.47000000E+003, 1.42563896E+001, 3.88497257E+000, 1.78627465E-001, 1.19795527E+001, 5.69960260E-006, 1.03541889E-002
 7.49000000E+003, 1.42332173E+001, 3.90641244E+000, 1.77188645E-001, 1.19522830E+001, 5.56298037E-006, 1.01859317E-002
 7.51000000E+003, 1.42074517E+001, 3.93057143E+000, 1.75480849E-001, 1.19239770E+001, 5.40367287E-006, 9.98820488E-003
 7.53000000E+003, 1.41804101E+001, 3.95595243E+000, 1.73803839E-001, 1.18951601E+001, 5.25022558E-006, 9.79584407E-003
 7.55000000E+003, 1.41534910E+001, 3.98131223E+000, 1.72231980E-001, 1.18663930E+001, 5.10906289E-006, 9.61716824E-003
 7.57000000E+003, 1.41281264E+001, 4.00506915E+000, 1.70608714E-001, 1.18382471E+001, 4.96596316E-006, 9.43465887E-003
 7.59000000E+003, 1.41057059E+001, 4.02601748E+000, 1.69334319E-001, 1.18112799E+001, 4.85550967E-006, 9.29244781E-003
 7.61000000E+003, 1.40875306E+001, 4.04259323E+000, 1.68010867E-001, 1.17860098E+001, 4.74255073E-006, 9.14638159E-003
 7.63000000E+003, 1.40747365E+001, 4.05397543E+000, 1.67240729E-001, 1.17628935E+001, 4.67763171E-006, 9.06178871E-003
 7.65000000E+003, 1.40682654E+001, 4.05880762E+000, 1.65307554E-001, 1.17423053E+001, 4.51728998E-006, 8.85311904E-003
 7.67000000E+003, 1.40687997E+001, 4.05681020E+000, 1.66046952E-001, 1.17245196E+001, 4.57817708E-006, 8.93265444E-003
 7.69000000E+003, 1.40767416E+001, 4.04748541E+000, 1.65905285E-001, 1.17096980E+001, 4.56646914E-006, 8.91817010E-003
 7.71000000E+003, 1.40921960E+001, 4.03054388E+000, 1.66217209E-001, 1.16978800E+001, 4.59227435E-006, 8.95311518E-003
 7.73000000E+003, 1.41149407E+001, 4.00633110E+000, 1.66741616E-001, 1.16889794E+001, 4.63587679E-006, 9.01170017E-003
 7.75000000E+003, 1.41444543E+001, 3.97527842E+000, 1.67632665E-001, 1.16827851E+001, 4.71059551E-006, 9.11090328E-003
 7.77000000E+003, 1.41799070E+001, 3.93831147E+000, 1.68720301E-001, 1.16789676E+001, 4.80288174E-006, 9.23273904E-003
 7.79000000E+003, 1.42202113E+001, 3.89641621E+000, 1.70126934E-001, 1.16770895E+001, 4.92401189E-006, 9.39111750E-003
 7.81000000E+003, 1.42640376E+001, 3.85101817E+000, 1.71650030E-001, 1.16766212E+001, 5.05744904E-006, 9.56429242E-003
 7.83000000E+003, 1.43098837E+001, 3.80351673E+000, 1.73392786E-001, 1.16769596E+001, 5.21306257E-006, 9.76415666E-003
 7.85000000E+003, 1.43561096E+001, 3.75563280E+000, 1.75189037E-001, 1.16774505E+001, 5.37675987E-006, 9.97242614E-003
 7.87000000E+003, 1.44010147E+001, 3.70900912E+000, 1.76920585E-001, 1.16774122E+001, 5.53777071E-006, 1.01755375E-002
 7.89000000E+003, 1.44428881E+001, 3.66542717E+000, 1.78624747E-001, 1.16761617E+001, 5.69934234E-006, 1.03773916E-002
 7.91000000E+003, 1.44800865E+001, 3.62645146E+000, 1.80080621E-001, 1.16730397E+001, 5.83983807E-006, 1.05517758E-002
 7.93000000E+003, 1.45110760E+001, 3.59370270E+000, 1.81332847E-001, 1.16674354E+001, 5.96251261E-006, 1.07029702E-002
 7.95000000E+003, 1.45345176E+001, 3.56844358E+000, 1.82170455E-001, 1.16588097E+001, 6.04552050E-006, 1.08051884E-002
 7.97000000E+003, 1.45492822E+001, 3.55188619E+000, 1.82664911E-001, 1.16467152E+001, 6.09488130E-006, 1.08659982E-002
 7.99000000E+003, 1.45545318E+001, 3.54477865E+000, 1.81112835E-001, 1.16308131E+001, 5.94083587E-006, 1.06830102E-002
 8.01000000E+003, 1.45497192E+001, 3.54775688E+000, 1.82079729E-001, 1.16108854E+001, 6.03649245E-006, 1.07970064E-002
 8.03000000E+003, 1.45346159E+001, 3.56133235E+000, 1.80793793E-001, 1.15868432E+001, 5.90949557E-006, 1.06433663E-002
 8.05000000E+003, 1.45093386E+001, 3.58474646E+000, 1.79541905E-001, 1.15587294E+001, 5.78758460E-006, 1.04936646E-002
 8.07000000E+003, 1.44743070E+001, 3.61825356E+000, 1.77297351E-001, 1.15267165E+001, 5.57322539E-006, 1.02290623E-002
 8.09000000E+003, 1.44302691E+001, 3.66055346E+000, 1.75112831E-001, 1.14910993E+001, 5.36974643E-006, 9.97387742E-003
 8.11000000E+003, 1.43782286E+001, 3.71112359E+000, 1.72233814E-001, 1.14522832E+001, 5.10922613E-006, 9.64334410E-003
 8.13000000E+003, 1.43194427E+001, 3.76833135E+000, 1.69427772E-001, 1.14107679E+001, 4.86355314E-006, 9.32607384E-003
 8.15000000E+003, 1.42553414E+001, 3.83102443E+000, 1.66263234E-001, 1.13671277E+001, 4.59609013E-006, 8.97520385E-003
 8.17000000E+003, 1.41874944E+001, 3.89745938E+000, 1.63179192E-001, 1.13219890E+001, 4.34504424E-006, 8.63965251E-003
 8.19000000E+003, 1.41175347E+001, 3.96607608E+000, 1.60058805E-001, 1.12760057E+001, 4.10051660E-006, 8.30693482E-003
 8.21000000E+003, 1.40471039E+001, 4.03520034E+000, 1.57001879E-001, 1.12298339E+001, 3.87003073E-006, 7.98754764E-003
 8.23000000E+003, 1.39777840E+001, 4.10327657E+000, 1.54128034E-001, 1.11841067E+001, 3.66137981E-006, 7.69311115E-003
 8.25000000E+003, 1.39110393E+001, 4.16882573E+000, 1.51452681E-001, 1.11394096E+001, 3.47400759E-006, 7.42412386E-003
 8.27000000E+003, 1.38481601E+001, 4.23054285E+000, 1.48992166E-001, 1.10962586E+001, 3.30742627E-006, 7.18111365E-003
 8.29000000E+003, 1.37902141E+001, 4.28736537E+000, 1.46782381E-001, 1.10550809E+001, 3.16243529E-006, 6.96642314E-003
 8.31000000E+003, 1.37380080E+001, 4.33847186E+000, 1.44817699E-001, 1.10161992E+001, 3.03713987E-006, 6.77839801E-003
 8.33000000E+003, 1.36920588E+001, 4.38335117E+000, 1.43114121E-001, 1.09798202E+001, 2.93121268E-006, 6.61752378E-003
 8.35000000E+003, 1.36525780E+001, 4.42177751E+000, 1.41647803E-001, 1.09460284E+001, 2.84203482E-006, 6.48069157E-003
 8.37000000E+003, 1.36194665E+001, 4.45385682E+000, 1.40418714E-001, 1.09147844E+001, 2.76869320E-006, 6.36715882E-003
 8.39000000E+003, 1.35923247E+001, 4.47997510E+000, 1.39388284E-001, 1.08859281E+001, 2.70818716E-006, 6.27282302E-003
 8.41000000E+003, 1.35704723E+001, 4.50082102E+000, 1.38543950E-001, 1.08591875E+001, 2.65927079E-006, 6.19609822E-003
 8.43000000E+003, 1.35529812E+001, 4.51730963E+000, 1.37835698E-001, 1.08341914E+001, 2.61869543E-006, 6.13216366E-003
 8.45000000E+003, 1.35387178E+001, 4.53058442E+000, 1.37241999E-001, 1.08104862E+001, 2.58500248E-006, 6.07885957E-003
 8.47000000E+003, 1.35263937E+001, 4.54192171E+000, 1.36705451E-001, 1.07875566E+001, 2.55480263E-006, 6.03092300E-003
 8.49000000E+003, 1.35146226E+001, 4.55271863E+000, 1.36200742E-001, 1.07648482E+001, 2.52661038E-006, 5.98600418E-003
 8.51000000E+003, 1.35019820E+001, 4.56439311E+000, 1.35670631E-001, 1.07417919E+001, 2.49722341E-006, 5.93899716E-003
 8.53000000E+003, 1.34870750E+001, 4.57834085E+000, 1.35081520E-001, 1.07178290E+001, 2.46483400E-006, 5.88694198E-003
 8.55000000E+003, 1.34685926E+001, 4.59587659E+000, 1.34391928E-001, 1.06924358E+001, 2.42727740E-006, 5.82625987E-003
 8.57000000E+003, 1.34453715E+001, 4.61816225E+000, 1.33576115E-001, 1.06651470E+001, 2.38334157E-006, 5.75483057E-003
 8.59000000E+003, 1.34164464E+001, 4.64616877E+000, 1.32605801E-001, 1.06355766E+001, 2.33177924E-006, 5.67041308E-003
 8.61000000E+003, 1.33810948E+001, 4.68061755E+000, 1.31471774E-001, 1.06034357E+001, 2.27246622E-006, 5.57251369E-003
 8.63000000E+003, 1.33388715E+001, 4.72195945E+000, 1.30165021E-001, 1.05685460E+001, 2.20537650E-006, 5.46075010E-003
 8.65000000E+003, 1.32896320E+001, 4.77033747E+000, 1.28696309E-001, 1.05308500E+001, 2.13156285E-006, 5.33648461E-003
 8.67000000E+003, 1.32335442E+001, 4.82558850E+000, 1.27076555E-001, 1.04904146E+001, 2.05208886E-006, 5.20111681E-003
 8.69000000E+003, 1.31710870E+001, 4.88723154E+000, 1.25334285E-001, 1.04474316E+001, 1.96883595E-006, 5.05747783E-003
 8.71000000E+003, 1.31030365E+001, 4.95449407E+000, 1.23495563E-001, 1.04022114E+001, 1.88344930E-006, 4.90811129E-003
 8.73000000E+003, 1.30304407E+001, 5.02632511E+000, 1.21599894E-001, 1.03551731E+001, 1.79804043E-006, 4.75650888E-003
 8.75000000E+003, 1.29545822E+001, 5.10143957E+000, 1.19683864E-001, 1.03068297E+001, 1.71437833E-006, 4.60574766E-003
 8.77000000E+003, 1.28769314E+001, 5.17837508E+000, 1.17778127E-001, 1.02577696E+001, 1.63378081E-006, 4.45826738E-003
 8.79000000E+003, 1.27990936E+001, 5.25547832E+000, 1.15884979E-001, 1.02086346E+001, 1.55625696E-006, 4.31423690E-003
 8.81000000E+003, 1.27227469E+001, 5.33119522E+000, 1.14186950E-001, 1.01600963E+001, 1.48884429E-006, 4.18700916E-003
 8.83000000E+003, 1.26495822E+001, 5.40365550E+000, 1.12466763E-001, 1.01128305E+001, 1.42256608E-006, 4.06025035E-003
 8.85000000E+003, 1.25812351E+001, 5.47142686E+000, 1.11049398E-001, 1.00674921E+001, 1.36945728E-006, 3.95717169E-003
 8.87000000E+003, 1.25192290E+001, 5.53274616E+000, 1.09621264E-001, 1.00246898E+001, 1.31729874E-006, 3.85485177E-003
 8.89000000E+003, 1.24649108E+001, 5.58652519E+000, 1.08557581E-001, 9.98496300E+000, 1.27932338E-006, 3.77939984E-003
 8.91000000E+003, 1.24194068E+001, 5.63135829E+000, 1.07497819E-001, 9.94876151E+000, 1.24222086E-006, 3.70516130E-003
 8.93000000E+003, 1.23835721E+001, 5.66667213E+000, 1.06825019E-001, 9.91642811E+000, 1.21904236E-006, 3.65830732E-003
 8.95000000E+003, 1.23579657E+001, 5.69161987E+000, 1.06164855E-001, 9.88818566E+000, 1.19658118E-006, 3.61280322E-003
 8.97000000E+003, 1.23428221E+001, 5.70625330E+000, 1.05892928E-001, 9.86412864E+000, 1.18741007E-006, 3.59407139E-003
 8.99000000E+003, 1.23380494E+001, 5.71037500E+000, 1.05300276E-001, 9.84421967E+000, 1.16758468E-006, 3.55388512E-003
 9.01000000E+003, 1.23432275E+001, 5.70459942E+000, 1.05704563E-001, 9.82829115E+000, 1.18108478E-006, 3.58132423E-003
 9.03000000E+003, 1.23576283E+001, 5.68967766E+000, 1.05841501E-001, 9.81605190E+000, 1.18568092E-006, 3.59086219E-003
 9.05000000E+003, 1.23802448E+001, 5.66642294E+000, 1.06260793E-001, 9.80709855E+000, 1.19982807E-006, 3.61976891E-003
 9.07000000E+003, 1.24098258E+001, 5.63629669E+000, 1.06677930E-001, 9.80093126E+000, 1.21401374E-006, 3.64877119E-003
 9.09000000E+003, 1.24449303E+001, 5.60054895E+000, 1.07332566E-001, 9.79697312E+000, 1.23650081E-006, 3.69433069E-003
 9.11000000E+003, 1.24839781E+001, 5.56092164E+000, 1.07966252E-001, 9.79459244E+000, 1.25853108E-006, 3.73880936E-003
 9.13000000E+003, 1.25253147E+001, 5.51894297E+000, 1.08740009E-001, 9.79312706E+000, 1.28578381E-006, 3.79338396E-003
 9.15000000E+003, 1.25672713E+001, 5.47635935E+000, 1.09488518E-001, 9.79190978E+000, 1.31251899E-006, 3.84661492E-003
 9.17000000E+003, 1.26082313E+001, 5.43477145E+000, 1.10268460E-001, 9.79029375E+000, 1.34076848E-006, 3.90244530E-003
 9.19000000E+003, 1.26466896E+001, 5.39564290E+000, 1.10953615E-001, 9.78767698E+000, 1.36591675E-006, 3.95189628E-003
 9.21000000E+003, 1.26813094E+001, 5.36039708E+000, 1.11640689E-001, 9.78352489E+000, 1.39144929E-006, 4.00173516E-003
 9.23000000E+003, 1.27109731E+001, 5.33004865E+000, 1.12162183E-001, 9.77739004E+000, 1.41103966E-006, 4.03986211E-003
 9.25000000E+003, 1.27348189E+001, 5.30556775E+000, 1.12641582E-001, 9.76892830E+000, 1.42921015E-006, 4.07500738E-003
 9.27000000E+003, 1.27522758E+001, 5.28741836E+000, 1.12917278E-001, 9.75791072E+000, 1.43973003E-006, 4.09538283E-003
 9.29000000E+003, 1.27630760E+001, 5.27597855E+000, 1.13128940E-001, 9.74423075E+000, 1.44784149E-006, 4.11100739E-003
 9.31000000E+003, 1.27672660E+001, 5.27109328E+000, 1.12694173E-001, 9.72790649E+000, 1.43121290E-006, 4.07957908E-003
 9.33000000E+003, 1.27651952E+001, 5.27248773E+000, 1.13055495E-001, 9.70907787E+000, 1.44502343E-006, 4.10574970E-003
 9.35000000E+003, 1.27574980E+001, 5.27957515E+000, 1.12797472E-001, 9.68799888E+000, 1.43515218E-006, 4.08687180E-003
 9.37000000E+003, 1.27450644E+001, 5.29131709E+000, 1.12541977E-001, 9.66502518E+000, 1.42542208E-006, 4.06811828E-003
 9.39000000E+003, 1.27289957E+001, 5.30676249E+000, 1.12111801E-001, 9.64059770E+000, 1.40913902E-006, 4.03673986E-003
 9.41000000E+003, 1.27105583E+001, 5.32453804E+000, 1.11708214E-001, 9.61522264E+000, 1.39397564E-006, 4.00734474E-003
 9.43000000E+003, 1.26911239E+001, 5.34334741E+000, 1.11256953E-001, 9.58944895E+000, 1.37715032E-006, 3.97463325E-003
 9.45000000E+003, 1.26721118E+001, 5.36170565E+000, 1.10791037E-001, 9.56384408E+000, 1.35992120E-006, 3.94102847E-003
 9.47000000E+003, 1.26549233E+001, 5.37828926E+000, 1.10434512E-001, 9.53896889E+000, 1.34683473E-006, 3.91536151E-003
 9.49000000E+003, 1.26408836E+001, 5.39167252E+000, 1.10061902E-001, 9.51535298E+000, 1.33324786E-006, 3.88871120E-003
 9.51000000E+003, 1.26311782E+001, 5.40079457E+000, 1.09877701E-001, 9.49347111E+000, 1.32656507E-006, 3.87552057E-003
 9.53000000E+003, 1.26268051E+001, 5.40451174E+000, 1.09316541E-001, 9.47372196E+000, 1.30634384E-006, 3.83596149E-003
 9.55000000E+003, 1.26285247E+001, 5.40214999E+000, 1.09748089E-001, 9.45640992E+000, 1.32187614E-006, 3.86635540E-003
 9.57000000E+003, 1.26368256E+001, 5.39327329E+000, 1.09839920E-001, 9.44173067E+000, 1.32519713E-006, 3.87300839E-003
 9.59000000E+003, 1.26519016E+001, 5.37752809E+000, 1.10178828E-001, 9.42976116E+000, 1.33750160E-006, 3.89726805E-003
 9.61000000E+003, 1.26736339E+001, 5.35520308E+000, 1.10543434E-001, 9.42045443E+000, 1.35082383E-006, 3.92356823E-003
 9.63000000E+003, 1.27015962E+001, 5.32655741E+000, 1.11155014E-001, 9.41363943E+000, 1.37336836E-006, 3.96770973E-003
 9.65000000E+003, 1.27350613E+001, 5.29248285E+000, 1.11778624E-001, 9.40902583E+000, 1.39661320E-006, 4.01309328E-003
 9.67000000E+003, 1.27730311E+001, 5.25381772E+000, 1.12617363E-001, 9.40621379E+000, 1.42828844E-006, 4.07440669E-003
 9.69000000E+003, 1.28142662E+001, 5.21194255E+000, 1.13444180E-001, 9.40470808E+000, 1.45997872E-006, 4.13541548E-003
 9.71000000E+003, 1.28573367E+001, 5.16816347E+000, 1.14412238E-001, 9.40393626E+000, 1.49767406E-006, 4.20733386E-003
 9.73000000E+003, 1.29006707E+001, 5.12414882E+000, 1.15368112E-001, 9.40326996E+000, 1.53552615E-006, 4.27900930E-003
 9.75000000E+003, 1.29426174E+001, 5.08147798E+000, 1.16279382E-001, 9.40204854E+000, 1.57220079E-006, 4.34795585E-003
 9.77000000E+003, 1.29815067E+001, 5.04189568E+000, 1.17199645E-001, 9.39960423E+000, 1.60982531E-006, 4.41808493E-003
 9.79000000E+003, 1.30157160E+001, 5.00693543E+000, 1.17954745E-001, 9.39528765E+000, 1.64114183E-006, 4.47613803E-003
 9.81000000E+003, 1.30437291E+001, 4.97821813E+000, 1.18649861E-001, 9.38849278E+000, 1.67032724E-006, 4.52984045E-003
 9.83000000E+003, 1.30641992E+001, 4.95698537E+000, 1.19096459E-001, 9.37868032E+000, 1.68925966E-006, 4.56459996E-003
 9.85000000E+003, 1.30759953E+001, 4.94448152E+000, 1.19412561E-001, 9.36539859E+000, 1.70274613E-006, 4.58921695E-003
 9.87000000E+003, 1.30782526E+001, 4.94147002E+000, 1.18943035E-001, 9.34830111E+000, 1.68273958E-006, 4.55328353E-003
 9.89000000E+003, 1.30704020E+001, 4.94852222E+000, 1.19318636E-001, 9.32716007E+000, 1.69873136E-006, 4.58188587E-003
 9.91000000E+003, 1.30521904E+001, 4.96610965E+000, 1.18772830E-001, 9.30187535E+000, 1.67552600E-006, 4.53957145E-003
 9.93000000E+003, 1.30237003E+001, 4.99379678E+000, 1.18235652E-001, 9.27247853E+000, 1.65289478E-006, 4.49784113E-003
 9.95000000E+003, 1.29853338E+001, 5.03153759E+000, 1.17232530E-001, 9.23913186E+000, 1.61118080E-006, 4.42083831E-003
 9.97000000E+003, 1.29378096E+001, 5.07830062E+000, 1.16251098E-001, 9.20212218E+000, 1.57105379E-006, 4.34592209E-003
 9.99000000E+003, 1.28821298E+001, 5.13334312E+000, 1.14482806E-001, 9.16185002E+000, 1.50044701E-006, 4.21336556E-003
