 # Probe file
 Time H 0 0 0 0 0 0 0
   0.0000000000000000        0.0000000000000000     
   0.0000000000000000        0.0000000000000000     
   1.2658692862701418E-002   0.0000000000000000     
   2.1099318792912273E-002   0.0000000000000000     
   2.8453480349448040E-002   0.0000000000000000     
   3.5647379807205740E-002   0.0000000000000000     
   4.2744688825777366E-002   0.0000000000000000     
   4.9730289339456564E-002   0.0000000000000000     
   5.6599256685400418E-002   0.0000000000000000     
   6.3380844491560923E-002   0.0000000000000000     
   7.0097806738514873E-002   0.0000000000000000     
   7.6768375598588665E-002   0.0000000000000000     
   8.3378706966299482E-002   0.0000000000000000     
   8.9924065986317595E-002   0.0000000000000000     
   9.6420559271939099E-002   0.0000000000000000     
  0.10288146618904864        0.0000000000000000     
  0.10931779872659564        0.0000000000000000     
  0.11570563715798170        0.0000000000000000     
  0.12205400684373859        0.0000000000000000     
  0.12837343402693074        0.0000000000000000     
  0.13467275154039293        0.0000000000000000     
  0.14094676387832178        0.0000000000000000     
  0.14718742663531298        0.0000000000000000     
  0.15340351455533133        0.0000000000000000     
  0.15960244760931289        0.0000000000000000     
  0.16579000888254850        0.0000000000000000     
  0.17194847022916271        0.0000000000000000     
  0.17808539538979493        0.0000000000000000     
  0.18420721576605142        0.0000000000000000     
  0.19031941020548160        0.0000000000000000     
  0.19641313502098565        0.0000000000000000     
  0.20248752422947588        0.0000000000000000     
  0.20854827880577209        0.0000000000000000     
  0.21460027636425605        0.0000000000000000     
  0.22064188055969783        0.0000000000000000     
  0.22666579785340996        0.0000000000000000     
  0.23267716631007965        0.0000000000000000     
  0.23868039711785294        0.0000000000000000     
  0.24467927886665725        0.0000000000000000     
  0.25066183818969140        0.0000000000000000     
  0.25663267021601438        0.0000000000000000     
  0.26259581285205141        0.0000000000000000     
  0.26855474458224760        0.0000000000000000     
  0.27450305715523221        0.0000000000000000     
  0.28044027389506565        0.0000000000000000     
  0.28637012675267198        0.0000000000000000     
  0.29229583889060268        0.0000000000000000     
  0.29821557889992811        0.0000000000000000     
  0.30412471709052336        0.0000000000000000     
  0.31002672941116516        0.0000000000000000     
  0.31592462460298332        0.0000000000000000     
  0.32182040885104590        0.0000000000000000     
  0.32770598397870881        0.0000000000000000     
  0.33358460803307644        0.0000000000000000     
  0.33945910667107432        0.0000000000000000     
  0.34533193057217587        0.0000000000000000     
  0.35119768835377113        0.0000000000000000     
  0.35705662237368724        0.0000000000000000     
  0.36291139992727695        0.0000000000000000     
  0.36876433865116420        0.0000000000000000     
  0.37461342416120086        0.0000000000000000     
  0.38045577817408810        0.0000000000000000     
  0.38629392938694124        0.0000000000000000     
  0.39213007865663740        0.0000000000000000     
  0.39796516140703386        0.0000000000000000     
  0.40379357917119929        0.0000000000000000     
  0.40961773809561242        0.0000000000000000     
  0.41543973549556407        0.0000000000000000     
  0.42126139921295752        0.0000000000000000     
  0.42707815107831326        0.0000000000000000     
  0.43289058174847483        0.0000000000000000     
  0.43870069601292944        0.0000000000000000     
  0.44451024362171393        0.0000000000000000     
  0.45031729431927042        0.0000000000000000     
  0.45611995790751730        0.0000000000000000     
  0.46192015590614061        0.0000000000000000     
  0.46771956758492078        0.0000000000000000     
  0.47351862839795511        0.0000000000000000     
  0.47931323492500516        0.0000000000000000     
  0.48510523325388721        0.0000000000000000     
  0.49089623863085374        0.0000000000000000     
  0.49668766412404780        0.0000000000000000     
  0.50247571441926764        0.0000000000000000     
  0.50826102067615064        0.0000000000000000     
  0.51404513969656351        0.0000000000000000     
  0.51982943501059553        0.0000000000000000     
  0.52561225319391724        0.0000000000000000     
  0.53139219834628670        0.0000000000000000     
  0.53717077368880739        0.0000000000000000     
  0.54294929719959639        0.0000000000000000     
  0.54872805625228260        0.0000000000000000     
  0.55450382032377554        0.0000000000000000     
  0.56027804330440412        0.0000000000000000     
  0.56605200110978382        0.0000000000000000     
  0.57182681342453967        0.0000000000000000     
  0.57759944726902279        0.0000000000000000     
  0.58337037934652802        0.0000000000000000     
  0.58914084661856436        0.0000000000000000     
  0.59491193559776245        0.0000000000000000     
  0.60068237836859317        0.0000000000000000     
  0.60645096865998782        0.0000000000000000     
  0.61221890726744876        0.0000000000000000     
  0.61798724980716879        0.0000000000000000     
  0.62375634308377714        0.0000000000000000     
  0.62952344267816462        0.0000000000000000     
  0.63528971571915727        0.0000000000000000     
  0.64105618897142169        0.0000000000000000     
  0.64682376582205192        0.0000000000000000     
  0.65259014028823881        0.0000000000000000     
  0.65835552444699275        0.0000000000000000     
  0.66412091808378271        0.0000000000000000     
  0.66988720148752889        0.0000000000000000     
  0.67565354105669539        0.0000000000000000     
  0.68141873691849830        0.0000000000000000     
  0.68718376359631494        0.0000000000000000     
  0.69294947967770071        0.0000000000000000     
  0.69871640779569111        0.0000000000000000     
  0.70448204853646312        0.0000000000000000     
  0.71024735273461259        0.0000000000000000     
  0.71601315856075254        0.0000000000000000     
  0.72178020509091900        0.0000000000000000     
  0.72754686423453607        0.0000000000000000     
  0.73331302989021530        0.0000000000000000     
  0.73907952101911178        0.0000000000000000     
  0.74484706014867519        0.0000000000000000     
  0.75061525788644756        0.0000000000000000     
  0.75638281490530368        0.0000000000000000     
  0.76215053208296879        0.0000000000000000     
  0.76791911631336851        0.0000000000000000     
  0.77368919179210294        0.0000000000000000     
  0.77945862168617575        0.0000000000000000     
  0.78522805654346961        0.0000000000000000     
  0.79099818848534642        0.0000000000000000     
  0.79676962893830150        0.0000000000000000     
  0.80254136987323788        0.0000000000000000     
  0.80831296990759616        0.0000000000000000     
  0.81408510721652350        0.0000000000000000     
  0.81985838112639531        0.0000000000000000     
  0.82563283211789773        0.0000000000000000     
  0.83140700506593201        0.0000000000000000     
  0.83718156498106078        0.0000000000000000     
  0.84295709972624833        0.0000000000000000     
  0.84873412928597880        0.0000000000000000     
  0.85451124696529979        0.0000000000000000     
  0.86028861013192770        0.0000000000000000     
  0.86606679580024648        0.0000000000000000     
  0.87184631450248495        0.0000000000000000     
  0.87762671621279043        0.0000000000000000     
  0.88340723012861755        0.0000000000000000     
  0.88918842301065248        0.0000000000000000     
  0.89497079642288135        0.0000000000000000     
  0.90075479191227548        0.0000000000000000     
  0.90653877397909677        0.0000000000000000     
  0.91232329970174642        0.0000000000000000     
  0.91810886214434817        0.0000000000000000     
  0.92389589806612471        0.0000000000000000     
  0.92968363829508782        0.0000000000000000     
  0.93547179447798423        0.0000000000000000     
  0.94126085164243412        0.0000000000000000     
  0.94705123948244330        0.0000000000000000     
  0.95284300292119561        0.0000000000000000     
  0.95863506171797286        0.0000000000000000     
  0.96442789331371304        0.0000000000000000     
  0.97022192070651636        0.0000000000000000     
  0.97601751901610279        0.0000000000000000     
  0.98181372927686994        0.0000000000000000     
  0.98761059118500072        0.0000000000000000     
  0.99340852140875435        0.0000000000000000     
  0.99920788946984285        0.0000000000000000     
   1.0050084787343250        0.0000000000000000     
   1.0108096050381066        0.0000000000000000     
   1.0166116790814812        0.0000000000000000     
   1.0224150650862631        0.0000000000000000     
   1.0282200864098696        0.0000000000000000     
   1.0340256912207897        0.0000000000000000     
   1.0398321296451489        0.0000000000000000     
   1.0456397609011789        0.0000000000000000     
   1.0514489038907877        0.0000000000000000     
   1.0572591829619182        0.0000000000000000     
   1.0630701875125388        0.0000000000000000     
   1.0688822720545137        0.0000000000000000     
   1.0746957512803397        0.0000000000000000     
   1.0805108835324795        0.0000000000000000     
   1.0863266387225079        0.0000000000000000     
   1.0921433669497973        0.0000000000000000     
   1.0979613789430351        0.0000000000000000     
   1.1037809508380150        0.0000000000000000     
   1.1096016252546972        0.0000000000000000     
   1.1154231712217169        0.0000000000000000     
   1.1212458957527032        0.0000000000000000     
   1.1270700716332689        0.0000000000000000     
   1.1328958192563405        0.0000000000000000     
   1.1387223420443078        0.0000000000000000     
   1.1445499435434301        0.0000000000000000     
   1.1503788933975585        0.0000000000000000     
   1.1562094314723321        0.0000000000000000     
   1.1620410762923037        0.0000000000000000     
   1.1678737049484276        0.0000000000000000     
   1.1737075841542637        0.0000000000000000     
   1.1795429511077662        0.0000000000000000     
   1.1853798504125557        0.0000000000000000     
   1.1912176433179293        0.0000000000000000     
   1.1970565938194075        0.0000000000000000     
   1.2028969366272571        0.0000000000000000     
   1.2087388807379600        0.0000000000000000     
   1.2145819628477768        0.0000000000000000     
   1.2204261141191535        0.0000000000000000     
   1.2262715669576427        0.0000000000000000     
   1.2321185282382821        0.0000000000000000     
   1.2379670133162108        0.0000000000000000     
   1.2438164833300915        0.0000000000000000     
   1.2496671685653600        0.0000000000000000     
   1.2555192739334839        0.0000000000000000     
   1.2613729820741053        0.0000000000000000     
   1.2672278781377495        0.0000000000000000     
   1.2730839071702147        0.0000000000000000     
   1.2789412722801541        0.0000000000000000     
   1.2848001544260974        0.0000000000000000     
   1.2906605739970403        0.0000000000000000     
   1.2965220480947595        0.0000000000000000     
   1.3023847781877294        0.0000000000000000     
   1.3082489436936842        0.0000000000000000     
   1.3141147046818005        0.0000000000000000     
   1.3199817157059348        0.0000000000000000     
   1.3258499063433316        0.0000000000000000     
   1.3317194546140023        0.0000000000000000     
   1.3375905192633792        0.0000000000000000     
   1.3434631503850447        0.0000000000000000     
   1.3493368881814451        0.0000000000000000     
   1.3552119094197494        0.0000000000000000     
   1.3610883716477455        0.0000000000000000     
   1.3669664155540602        0.0000000000000000     
   1.3728457788004447        0.0000000000000000     
   1.3787263546366149        0.0000000000000000     
   1.3846082995414175        0.0000000000000000     
   1.3904917531716234        0.0000000000000000     
   1.3963768124788853        0.0000000000000000     
   1.4022630166301393        0.0000000000000000     
   1.4081505211655563        0.0000000000000000     
   1.4140394648244088        0.0000000000000000     
   1.4199299716120395        0.0000000000000000     
   1.4258218704104741        0.0000000000000000     
   1.4317150039171389        0.0000000000000000     
   1.4376095100705866        0.0000000000000000     
   1.4435055120841416        0.0000000000000000     
   1.4494031202567812        0.0000000000000000     
   1.4553019450604765        0.0000000000000000     
   1.4612020789486315        0.0000000000000000     
   1.4671036444471253        0.0000000000000000     
   1.4730067511665288        0.0000000000000000     
   1.4789113230437185        0.0000000000000000     
   1.4848171431502244        0.0000000000000000     
   1.4907243334310527        0.0000000000000000     
   1.4966330029029202        0.0000000000000000     
   1.5025432492460316        0.0000000000000000     
   1.5084548078135456        0.0000000000000000     
   1.5143676777390809        0.0000000000000000     
   1.5202819675417292        0.0000000000000000     
   1.5261977743850326        0.0000000000000000     
   1.5321151178552110        0.0000000000000000     
   1.5380337162996369        0.0000000000000000     
   1.5439536778374869        0.0000000000000000     
   1.5498750992030108        0.0000000000000000     
   1.5557980671482274        0.0000000000000000     
   1.5617224374190337        0.0000000000000000     
   1.5676481163507610        0.0000000000000000     
   1.5735752003372869        0.0000000000000000     
   1.5795037757576036        0.0000000000000000     
   1.5854339202081187        0.0000000000000000     
   1.5913653568783304        0.0000000000000000     
   1.5972981461016573        0.0000000000000000     
   1.6032323739651335        0.0000000000000000     
   1.6091681177384409        0.0000000000000000     
   1.6151053475356800        0.0000000000000000     
   1.6210438794915123        0.0000000000000000     
   1.6269837994833698        0.0000000000000000     
   1.6329251845285835        0.0000000000000000     
   1.6388681038742843        0.0000000000000000     
   1.6448124113219658        0.0000000000000000     
   1.6507580582358332        0.0000000000000000     
   1.6567051214563591        0.0000000000000000     
   1.6626536700107146        0.0000000000000000     
   1.6686037660719064        0.0000000000000000     
   1.6745551701633608        0.0000000000000000     
   1.6805079437767636        0.0000000000000000     
   1.6864621557887389        0.0000000000000000     
   1.6924178681788977        0.0000000000000000     
   1.6983750554733408        0.0000000000000000     
   1.7043335673239541        0.0000000000000000     
   1.7102934725271817        0.0000000000000000     
   1.7162548329333838        0.0000000000000000     
   1.7222177042982936        0.0000000000000000     
   1.7281819781890537        0.0000000000000000     
   1.7341476021401854        0.0000000000000000     
   1.7401146379377417        0.0000000000000000     
   1.7460831412254312        0.0000000000000000     
   1.7520531622552986        0.0000000000000000     
   1.7580245266350936        0.0000000000000000     
   1.7639972611940438        0.0000000000000000     
   1.7699714215239422        0.0000000000000000     
   1.7759470577788128        0.0000000000000000     
   1.7819241806651451        0.0000000000000000     
   1.7879026336280712        0.0000000000000000     
   1.7938824722681990        0.0000000000000000     
   1.7998637466973637        0.0000000000000000     
   1.8058465022075745        0.0000000000000000     
   1.8118306897625651        0.0000000000000000     
   1.8178162244075740        0.0000000000000000     
   1.8238031562686297        0.0000000000000000     
   1.8297915306032155        0.0000000000000000     
   1.8357813883912277        0.0000000000000000     
   1.8417726334283575        0.0000000000000000     
   1.8477652385581786        0.0000000000000000     
   1.8537592490561001        0.0000000000000000     
   1.8597547058735577        0.0000000000000000     
   1.8657516461604731        0.0000000000000000     
   1.8717499372226085        0.0000000000000000     
   1.8777495979411776        0.0000000000000000     
   1.8837506692880714        0.0000000000000000     
   1.8897531883896177        0.0000000000000000     
   1.8957571751046396        0.0000000000000000     
   1.9017624970542109        0.0000000000000000     
   1.9077691952799047        0.0000000000000000     
   1.9137773069301849        0.0000000000000000     
   1.9197868657284827        0.0000000000000000     
   1.9257978570962002        0.0000000000000000     
   1.9318101916274226        0.0000000000000000     
   1.9378239065387404        0.0000000000000000     
   1.9438390355768207        0.0000000000000000     
   1.9498556094331849        0.0000000000000000     
   1.9558735869952943        0.0000000000000000     
   1.9618929130836775        0.0000000000000000     
   1.9679136215112754        0.0000000000000000     
   1.9739357429935540        0.0000000000000000     
   1.9799593055163922        0.0000000000000000     
   1.9859842481082912        0.0000000000000000     
   1.9920105423947885        0.0000000000000000     
   1.9980382191556456        0.0000000000000000     
   2.0040673064011627        0.0000000000000000     
   2.0100978296988021        0.0000000000000000     
   2.0161297138319956        0.0000000000000000     
   2.0221629509556678        0.0000000000000000     
   2.0281975691424372        0.0000000000000000     
   2.0342335939845495        0.0000000000000000     
   2.0402710488841720        0.0000000000000000     
   2.0463098490776170        0.0000000000000000     
   2.0523500019638381        0.0000000000000000     
   2.0583915331955156        0.0000000000000000     
   2.0644344661999345        0.0000000000000000     
   2.0704788224372797        0.0000000000000000     
   2.0765245115046125        0.0000000000000000     
   2.0825715516148819        0.0000000000000000     
   2.0886199662540790        0.0000000000000000     
   2.0946697769078733        0.0000000000000000     
   2.1007210015344246        0.0000000000000000     
   2.1067735508326737        0.0000000000000000     
   2.1128274483808629        0.0000000000000000     
   2.1188827157218357        0.0000000000000000     
   2.1249393725969661        0.0000000000000000     
   2.1309974293791765        0.0000000000000000     
   2.1370568090243505        0.0000000000000000     
   2.1431175331641179        0.0000000000000000     
   2.1491796215957164        0.0000000000000000     
   2.1552430924907582        0.0000000000000000     
   2.1613079514965907        0.0000000000000000     
   2.1673741305527900        0.0000000000000000     
   2.1734416495422830        0.0000000000000000     
   2.1795105266914634        0.0000000000000000     
   2.1855807787567532        0.0000000000000000     
   2.1916524090071259        0.0000000000000000     
   2.1977253556493674        0.0000000000000000     
   2.2037996369928265        0.0000000000000000     
   2.2098752698478554        0.0000000000000000     
   2.2159522696927554        0.0000000000000000     
   2.2220306393242439        0.0000000000000000     
   2.2281103209799373        0.0000000000000000     
   2.2341913315507589        0.0000000000000000     
   2.2402736865683139        0.0000000000000000     
   2.2463574003544995        0.0000000000000000     
   2.2524424767607725        0.0000000000000000     
   2.2585288602327234        0.0000000000000000     
   2.2646165663804769        0.0000000000000000     
   2.2707056095788221        0.0000000000000000     
   2.2767960031014876        0.0000000000000000     
   2.2828877530563254        0.0000000000000000     
   2.2889808046297371        0.0000000000000000     
   2.2950751722732901        0.0000000000000000     
   2.3011708693133914        0.0000000000000000     
   2.3072679080719909        0.0000000000000000     
   2.3133662978363407        0.0000000000000000     
   2.3194659833719542        0.0000000000000000     
   2.3255669780805639        0.0000000000000000     
   2.3316692943367658        0.0000000000000000     
   2.3377729435967018        0.0000000000000000     
   2.3438779364941014        0.0000000000000000     
   2.3499842215087972        0.0000000000000000     
   2.3560918085722462        0.0000000000000000     
   2.3622007091933677        0.0000000000000000     
   2.3683109340392918        0.0000000000000000     
   2.3744224930221010        0.0000000000000000     
   2.3805353427596145        0.0000000000000000     
   2.3866494872498460        0.0000000000000000     
   2.3927649372129789        0.0000000000000000     
   2.3988817025958458        0.0000000000000000     
   2.4049997926504103        0.0000000000000000     
   2.4111191721434975        0.0000000000000000     
   2.4172398389688992        0.0000000000000000     
   2.4233618031269004        0.0000000000000000     
   2.4294850739056173        0.0000000000000000     
   2.4356096599521377        0.0000000000000000     
   2.4417355340764400        0.0000000000000000     
   2.4478626880288625        0.0000000000000000     
   2.4539911311514793        0.0000000000000000     
   2.4601208721289689        0.0000000000000000     
   2.4662519190532284        0.0000000000000000     
   2.4723842525743254        0.0000000000000000     
   2.4785178583701901        0.0000000000000000     
   2.4846527451800529        0.0000000000000000     
   2.4907889211348655        0.0000000000000000     
   2.4969263938160982        0.0000000000000000     
   2.5030651514306377        0.0000000000000000     
   2.5092051737469054        0.0000000000000000     
   2.5153464689510674        0.0000000000000000     
   2.5214890446651252        0.0000000000000000     
   2.5276329080005238        0.0000000000000000     
   2.5337780543722053        0.0000000000000000     
   2.5399244578778797        0.0000000000000000     
   2.5460721261954795        0.0000000000000000     
   2.5522210664784581        0.0000000000000000     
   2.5583712854047649        0.0000000000000000     
   2.5645227851958423        0.0000000000000000     
   2.5706755345795860        0.0000000000000000     
   2.5768295407661364        0.0000000000000000     
   2.5829848104769164        0.0000000000000000     
   2.5891413499894687        0.0000000000000000     
   2.5952991651776514        0.0000000000000000     
   2.6014582251714740        0.0000000000000000     
   2.6076185340396645        0.0000000000000000     
   2.6137800981046837        0.0000000000000000     
   2.6199429232736868        0.0000000000000000     
   2.6261070150754655        0.0000000000000000     
   2.6322723504758585        0.0000000000000000     
   2.6384389269141977        0.0000000000000000     
   2.6446067503439736        0.0000000000000000     
   2.6507758263292427        0.0000000000000000     
   2.6569461600786473        0.0000000000000000     
   2.6631177357661042        0.0000000000000000     
   2.6692905447562887        0.0000000000000000     
   2.6754645926609717        0.0000000000000000     
   2.6816398847259575        0.0000000000000000     
   2.6878164258624753        0.0000000000000000     
   2.6939942068179490        0.0000000000000000     
   2.7001732134494580        0.0000000000000000     
   2.7063534510518554        7.6209564277191544E-219
   2.7125349245753543        8.1119225124723435E-193
   2.7187176386545540        1.6540176455967399E-170
   2.7249015899739484        1.2912296090436763E-150
   2.7310867594569266        1.5658936676868522E-132
   2.7372731521040361        4.1784653557291939E-117
   2.7434607725906028        1.0583595886786107E-103
   2.7496496252936238        4.1444065537318195E-091
   2.7558397122005625        2.0020655219630541E-080
   2.7620310098772065        3.4386229252947716E-071
   2.7682235230504455        1.2546851436731338E-062
   2.7744172561396638        3.2223363321358953E-055
   2.7806122132817079        7.7378794134681612E-049
   2.7868083983535672        4.8708362232980093E-043
   2.7930057897076592        6.8850283785419702E-038
   2.7992043890314067        1.7858443796831556E-033
   2.8054042005056208        1.4785906580637962E-029
   2.8116052280430242        5.7221922138679771E-026
   2.8178074753093911        6.5545176841504827E-023
   2.8240109259754811        2.9448965912325889E-020
   2.8302155772254194        9.1495348063176907E-018
   2.8364214330173851        1.2129173075842011E-015
   2.8426284970547258        8.2165273092736838E-014
   2.8488367728056905        3.9190642407085650E-012
   2.8550462485774109        1.0713691673241902E-010
   2.8612569176881215        1.6505937513236124E-009
   2.8674687838880315        1.5885524906060977E-008
   2.8736818506846977        1.0421557545972640E-007
   2.8798961213614858        5.0084414623328249E-007
   2.8861115881985606        1.8702144938074382E-006
   2.8923282412699307        5.6955546727947745E-006
   2.8985460841313335        1.4712397259321493E-005
   2.9047651201070730        3.3256921944878718E-005
   2.9109853523073173        6.7416284604092280E-005
   2.9172067763417884        1.2492986380386318E-004
   2.9234293796447242        2.1485980322269395E-004
   2.9296531655898419        3.4708379260854410E-004
   2.9358781373297758        5.3166123912852721E-004
   2.9421042978123162        7.7812211496086398E-004
   2.9483316453540769        1.0947479895236480E-003
   2.9545601653356135        1.4879350622317650E-003
   2.9607898609601206        1.9617129707112826E-003
   2.9670207352192830        2.5174661091814684E-003
   2.9732527909085431        3.1538671961300084E-003
   2.9794860284502627        3.8670053979108195E-003
   2.9857204317381365        4.6506821307016515E-003
   2.9919560038154711        5.4968209371177960E-003
   2.9981927475229320        6.3959512511318900E-003
   3.0044306655129254        7.3377194083158554E-003
   3.0106697597344354        8.3113843913770226E-003
   3.0169100131411799        9.3062779307567286E-003
   3.0231514286264258        1.0312188829975411E-002
   3.0293940088890343        1.1319669595446174E-002
   3.0356377564470267        1.2320258014005405E-002
   3.0418826736501092        1.3306613339335516E-002
   3.0481287441766249        1.4272586950520971E-002
   3.0543759702099202        1.5213220920608799E-002
   3.0606243543156109        1.6124699466947681E-002
   3.0668738988853854        1.7004263892875564E-002
   3.0731246061488573        1.7850101075983116E-002
   3.0793764609878203        1.8661225925755063E-002
   3.0856294648976443        1.9437352235690413E-002
   3.0918836203186593        2.0178768326170084E-002
   3.0981389295237207        2.0886220341753105E-002
   3.1043953946294414        2.1560804468457012E-002
   3.1106530011683597        2.2203877130555744E-002
   3.1169117504745021        2.2816972689745144E-002
   3.1231716448703231        2.3401735829803004E-002
   3.1294326865168403        2.3959866288518664E-002
   3.1356948774242897        2.4493073322728529E-002
   3.1419582032481634        2.5003044320410527E-002
   3.1482226656643282        2.5491417430417204E-002
   3.1544882668842726        2.5959762824808996E-002
   3.1607550089637044        2.6409569937197678E-002
   3.1670228935827227        2.6842238451885561E-002
   3.1732919064763969        2.7259076542566093E-002
   3.1795620499125259        2.7661298423239399E-002
   3.1858333259980789        2.8050025450704320E-002
   3.1921057366895540        2.8426288783657831E-002
   3.1983792821894061        2.8791032691714142E-002
   3.2046539501395594        2.9145120886305088E-002
   3.2109297427038137        2.9489340749945452E-002
   3.2172066618906396        2.9824408736873420E-002
   3.2234847095630319        3.0150975643698792E-002
   3.2297638840223746        3.0469631750500999E-002
   3.2360441752195901        3.0780913060862166E-002
   3.2423255852204322        3.1085305563113730E-002
   3.2486081159405020        3.1383249873739187E-002
   3.2548917691546340        3.1675145303571219E-002
   3.2611765408609599        3.1961353996577208E-002
   3.2674624237014704        3.2242205185382629E-002
   3.2737494196494383        3.2517998093778297E-002
   3.2800375305328622        3.2789004994153353E-002
   3.2863267580434208        3.3055473627140647E-002
   3.2926170954946121        3.3317630177567087E-002
   3.2989085385818666        3.3575681668470726E-002
   3.3052010891911801        3.3829817702603057E-002
   3.3114947490678848        3.4080212271210684E-002
   3.3177895198251961        3.4327024931127811E-002
   3.3240853917309052        3.4570403058342331E-002
   3.3303823638769732        3.4810482875204461E-002
   3.3366804380669937        3.5047390481412526E-002
   3.3429796159682583        3.5281242838917481E-002
   3.3492798981732843        3.5512148287345738E-002
   3.3555812734559867        3.5740208278252861E-002
   3.3618837436826490        3.5965517587588855E-002
   3.3681873105790316        3.6188164953234264E-002
   3.3744919757387244        3.6408233465497881E-002
   3.3807977355790593        3.6625801151306682E-002
   3.3871045833747457        3.6840941825454290E-002
   3.3934125209142354        3.7053725180917166E-002
   3.3997215498497391        3.7264217145201062E-002
   3.4060316717052173        3.7472479886743307E-002
   3.4123428784428067        3.7678572625817364E-002
   3.4186551681024167        3.7882551799335223E-002
   3.4249685423989056        3.8084471159955204E-002
   3.4312830029149568        3.8284381940166853E-002
   3.4375985498363595        3.8482332755672130E-002
   3.4439151729513777        3.8678370481046928E-002
   3.4502328740413928        3.8872540006931827E-002
   3.4565516547516486        3.9064884375007276E-002
   3.4628715165990789        3.9255444701568762E-002
   3.4691924543899644        3.9444260517369982E-002
   3.4755144635809923        3.9631370032715885E-002
   3.4818375458836632        3.9816810033080345E-002
   3.4881617028773433        4.0000615963266539E-002
   3.4944869360167665        4.0182821655352335E-002
   3.5008132345179228        4.0363460109523068E-002
   3.5071405997031309        4.0542563209683344E-002
   3.5134690332177136        4.0720161770041147E-002
   3.5197985365786733        4.0896285433147099E-002
   3.5261291055238981        4.1070962859633797E-002
   3.5324607347974828        4.1244221994278046E-002
   3.5387934261141063        4.1416089909103025E-002
   3.5451271810563987        4.1586592844654574E-002
   3.5514620010822990        4.1755755929640898E-002
   3.5577978755896096        4.1923603865189035E-002
   3.5641348059202720        4.2090160639584914E-002
   3.5704727937257865        4.2255449547847788E-002
   3.5768118405293627        4.2419493056958385E-002
   3.5831519413755415        4.2582313021017962E-002
   3.5894930918839214        4.2743930847400198E-002
   3.5958352937780100        4.2904367357586556E-002
   3.6021785486493827        4.3063642784438978E-002
   3.6085228569198309        4.3221776568451074E-002
   3.6148682087422608        4.3378787929935422E-002
   3.6212146059152288        4.3534695588615627E-002
   3.6275620501016692        4.3689517782598081E-002
   3.6339105428362948        4.3843272082175956E-002
   3.6402600770996445        4.3995975736294025E-002
   3.6466106507251093        4.4147645661629160E-002
   3.6529622654498874        4.4298298358841449E-002
   3.6593149228793900        4.4447949838459344E-002
   3.6656686207187534        4.4596615619099778E-002
   3.6720233519717747        4.4744311058264034E-002
   3.6783791184527419        4.4891051151461886E-002
   3.6847359218405407        4.5036850544553766E-002
   3.6910937636859336        4.5181723279918207E-002
   3.6974526337593376        4.5325683340731539E-002
   3.7038125332256726        4.5468744410010170E-002
   3.7101734638400012        4.5610919864170985E-002
   3.7165354272257662        4.5752222615600621E-002
   3.7228984173447262        4.5892665360192444E-002
   3.7292624310519003        4.6032260629866220E-002
   3.7356274701811660        4.6171020686205433E-002
   3.7419935364312322        4.6308957452983954E-002
   3.7483606278677737        4.6446082487434065E-002
   3.7547287371124165        4.6582407306715798E-002
   3.7610978660804375        4.6717943188428299E-002
   3.7674680165483352        4.6852701177859564E-002
   3.7738391901611719        4.6986691839562729E-002
   3.7802113762941629        4.7119925781854935E-002
   3.7865845764735946        4.7252413409838989E-002
   3.7929587925562331        4.7384164921592573E-002
   3.7993340262639155        4.7515190139747678E-002
   3.8057102707020714        4.7645498791085233E-002
   3.8120875235264049        4.7775100503756961E-002
   3.8184657866763843        4.7904004720633594E-002
   3.8248450619529950        4.8032220607352294E-002
   3.8312253461908496        4.8159757097998399E-002
   3.8376066331664762        4.8286623126068656E-002
   3.8439889249044468        4.8412827458558808E-002
   3.8503722232872328        4.8538378677795785E-002
   3.8567565289073968        4.8663285001558282E-002
   3.8631418316242234        4.8787554739892505E-002
   3.8695281335497711        4.8911196052629613E-002
   3.8759154366503030        4.9034216953378500E-002
   3.8823037427538911        4.9156625109082995E-002
   3.8886930428947419        4.9278428218264267E-002
   3.8950833366960280        4.9399633893327598E-002
   3.9014746262100939        4.9520249614154160E-002
   3.9078669133475166        4.9640282596553745E-002
   3.9142601926973879        4.9759739960029137E-002
   3.9206544601606295        4.9878628821674251E-002
   3.9270497178779413        4.9996956178036442E-002
   3.9334459678446065        5.0114728841488265E-002
   3.9398432082991848        5.0231953400505444E-002
   3.9462414313173722        5.0348636522482816E-002
   3.9526406391304931        5.0464784764770523E-002
   3.9590408338207270        5.0580404577328861E-002
   3.9654420173288032        5.0695502061659639E-002
   3.9718441779095666        5.0810083474312845E-002
   3.9782473178219662        5.0924154972204816E-002
   3.9846514392372652        5.1037722613803807E-002
   3.9910565441816628        5.1150792183324384E-002
   3.9974626244539850        5.1263369494847860E-002
   4.0038696785869190        5.1375460339006508E-002
   4.0102777088430024        5.1487070415863812E-002
   4.0166867173360146        5.1598205224595822E-002
   4.0230966995574899        5.1708870167582854E-002
   4.0295076501574103        5.1819070699320673E-002
   4.0359195714917915        5.1928812190708398E-002
   4.0423324657641073        5.2038099884777603E-002
   4.0487463323271298        5.2146938799030075E-002
   4.0551611617720100        5.2255334078517630E-002
   4.0615769565504625        5.2363290790876621E-002
   4.0679937189577826        5.2470813927975646E-002
   4.0744114511408611        5.2577908187948622E-002
   4.0808301419458486        5.2684578408994626E-002
   4.0872497926681799        5.2790829378484214E-002
   4.0936704056971216        5.2896665813351895E-002
   4.1000919832697766        5.3002092207462034E-002
   4.1065145180923421        5.3107113065800605E-002
   4.1129380073976582        5.3211732915951229E-002
   4.1193624536711342        5.3315956219810501E-002
   4.1257878592421626        5.3419787287582232E-002
   4.1322142208874881        5.3523230308435539E-002
   4.1386415315596770        5.3626289568449337E-002
   4.1450697938424828        5.3728969292258968E-002
   4.1514990101596920        5.3831273625194791E-002
   4.1579291815852750        5.3933206455798757E-002
   4.1643602965576942        5.4034771845003882E-002
   4.1707923577612869        5.4135973796104978E-002
   4.1772253677163667        5.4236816255852027E-002
   4.1836593287875834        5.4337302927415544E-002
   4.1900942311469294        5.4437437610174916E-002
   4.1965300743333707        5.4537224100385563E-002
   4.2029668609659199        5.4636666141084811E-002
   4.2094045935039919        5.4735767303615838E-002
   4.2158432664945851        5.4834531117998492E-002
   4.2222828748808920        5.4932961186338600E-002
   4.2287234213828402        5.5031061060527214E-002
   4.2351649085567153        5.5128834194282793E-002
   4.2416073355843942        5.5226283858136264E-002
   4.2480506925464905        5.5323413471699417E-002
   4.2544949822661087        5.5420226407083453E-002
   4.2609402073985549        5.5516725989735533E-002
   4.2673863704398531        5.5612915287099329E-002
   4.2738334595158438        5.5708797522925096E-002
   4.2802814759610657        5.5804375899872097E-002
   4.2867304225320462        5.5899653576343973E-002
   4.2931803018219945        5.5994633526570907E-002
   4.2996311067151449        5.6089318736792418E-002
   4.3060828335565899        5.6183712249630063E-002
   4.3125354852063262        5.6277817065648619E-002
   4.3189890643568853        5.6371636077159164E-002
   4.3254435689391135        5.6465172039290704E-002
   4.3318989900136025        5.6558427843247175E-002
   4.3383553305461300        5.6651406340189656E-002
   4.3448125933307393        5.6744110341897455E-002
   4.3512707809984210        5.6836542396549075E-002
   4.3577298803117213        5.6928705242536529E-002
   4.3641898936976586        5.7020601589372236E-002
   4.3706508240540352        5.7112186602772605E-002
   4.3771093240107328        5.7203419488279547E-002
   4.3835622941824868        5.7294305145121502E-002
   4.3900098428411027        5.7384786635110860E-002
   4.3964476832850803        5.7474895090448633E-002
   4.4028777666935861        5.7564658146710558E-002
   4.4093018209191683        5.7654100350962613E-002
   4.4157213758747700        5.7743206177211390E-002
   4.4221350980155485        5.7831945706559119E-002
   4.4285406028334133        5.7920346110489893E-002
   4.4349396148339677        5.8008431521344814E-002
   4.4413336608944887        5.8096223387117021E-002
   4.4477240927847204        5.8183688507598696E-002
   4.4541082913611900        5.8270820328045272E-002
   4.4604855617990395        5.8357642612157076E-002
   4.4668574299617037        5.8444176478904736E-002
   4.4732252467796512        5.8530440711270823E-002
   4.4795902082283758        5.8616387209333883E-002
   4.4859485776568384        5.8702029238950279E-002
   4.4923011333209910        5.8787387625583658E-002
   4.4986492268632228        5.8872480890374349E-002
   4.5049940550287335        5.8957316317357608E-002
   4.5113359895078258        5.9041851970943859E-002
   4.5176717193366942        5.9126108415666914E-002
   4.5240025983222880        5.9210103938612577E-002
   4.5303298251911439        5.9293854816678260E-002
   4.5366544614577595        5.9377350352940915E-002
   4.5429755395108886        5.9460570789560074E-002
   4.5492913966746960        5.9543534205432368E-002
   4.5556032348157283        5.9626256690444746E-002
   4.5619121183385065        5.9708752578736909E-002
   4.5682189900452821        5.9790996406791710E-002
   4.5745217540604921        5.9872986831426792E-002
   4.5808201493011858        5.9954739776083010E-002
   4.5871152439829332        6.0036269424975253E-002
   4.5934079844134921        6.0117588426953264E-002
   4.5996992090785200        6.0198659350459358E-002
   4.6059858827201694        6.0279495994454202E-002
   4.6122689256352958        6.0360112409821781E-002
   4.6185492883812875        6.0440521124793214E-002
   4.6248278133431624        6.0520721182001844E-002
   4.6311042970658765        6.0600689918266476E-002
   4.6373768334690659        6.0680441267610088E-002
   4.6436463781420381        6.0759987651480989E-002
   4.6499137779971313        6.0839340156665783E-002
   4.6561797839058237        6.0918485100215830E-002
   4.6624431948438945        6.0997415282113887E-002
   4.6687033150369528        6.1076143030764848E-002
   4.6749609965848160        6.1154679347272478E-002
   4.6812169950240712        6.1233034061472361E-002
   4.6874719805701499        6.1311183206184762E-002
   4.6937239269866708        6.1389132255186003E-002
   4.6999731525539570        6.1466892135434513E-002
   4.7062204180319380        6.1544472607812276E-002
   4.7124663983285169        6.1621877516312207E-002
   4.7187112981664621        6.1699084478374557E-002
   4.7249532050945868        6.1776104358440970E-002
   4.7311928856921961        6.1852946858265666E-002
   4.7374310200382448        6.1929620654020044E-002
   4.7436682118367095        6.2006119178678168E-002
   4.7499038285955928        6.2082432537441695E-002
   4.7561369622183882        6.2158570382893109E-002
   4.7623682984695295        6.2234541343978420E-002
   4.7685984461039350        6.2310353146645764E-002
   4.7748279458919889        6.2385990798183022E-002
   4.7810554736754529        6.2461454649081136E-002
   4.7872809618229786        6.2536753289552299E-002
   4.7935050245791802        6.2611894407655813E-002
   4.7997282075893422        6.2686884767756662E-002
   4.8059509853426245        6.2761685502410042E-002
   4.8121700432869883        6.2836279487788374E-002
   4.8183838537595278        6.2910656488573982E-002
   4.8245914537110437        6.2984791311441982E-002
   4.8307906234653437        6.3058699115552896E-002
   4.8369825087715137        6.3132393380378349E-002
   4.8431681247411547        6.3205886107914083E-002
   4.8493483714393921        6.3279187999640385E-002
   4.8555240475575596        6.3352308611552000E-002
   4.8616958624164228        6.3425256490082238E-002
   4.8678644465120442        6.3497996457380024E-002
   4.8740267320358051        6.3570538031280321E-002
   4.8801834233492363        6.3642890946290165E-002
   4.8863352497434009        6.3715063919870640E-002
   4.8924828604666351        6.3787064772347996E-002
   4.8986268341274695        6.3858900531910345E-002
   4.9047676869419714        6.3930577526679688E-002
   4.9109058799779080        6.4002101465537170E-002
   4.9170418255244019        6.4073477509129173E-002
   4.9231758926969071        6.4144710332285221E-002
   4.9293084123720270        6.4215804178918229E-002
   4.9354396815341133        6.4286744185419367E-002
   4.9415683494173939        6.4357530055233217E-002
   4.9476943174338421        6.4428166702540701E-002
   4.9538179390038684        6.4498658593619057E-002
   4.9599395320399342        6.4569009796779556E-002
   4.9660593829362281        6.4639224026324715E-002
   4.9721777500848177        6.4709304681232635E-002
   4.9782948669734717        6.4779254879221870E-002
   4.9844109449155312        6.4849077486749784E-002
   4.9905261754568562        6.4918775145475671E-002
   4.9966407324995732        6.4988350295602765E-002
   5.0027547741774541        6.5057805196512164E-002
   5.0088684445133573        6.5127141944997580E-002
   5.0149818748852955        6.5196362491399429E-002
   5.0210951853243273        6.5265468653918607E-002
   5.0272084856645387        6.5334462131284243E-002
   5.0333218765628418        6.5403344514022160E-002
   5.0394354504041265        6.5472108133505874E-002
   5.0455484777048882        6.5540753659586753E-002
   5.0516609673565167        6.5609282926047674E-002
   5.0577730327887389        6.5677697649712596E-002
   5.0638847783799825        6.5745999441212080E-002
   5.0699963003286035        6.5814189814584811E-002
   5.0761076874302065        6.5882270195852674E-002
   5.0822190217712366        6.5950241930676001E-002
   5.0883303793477763        6.6018106291188539E-002
   5.0944418306176660        6.6085864482110693E-002
   5.1005534409933624        6.6153517646220933E-002
   5.1066652712822789        6.6221066869251693E-002
   5.1127773780806827        6.6288513184289785E-002
   5.1188898141265682        6.6355857575733562E-002
   5.1250026286163006        6.6423100982858960E-002
   5.1311158674892567        6.6490244303036877E-002
   5.1372295736841505        6.6557288394645309E-002
   5.1433437873702976        6.6624234079712297E-002
   5.1494585461566365        6.6691082146306854E-002
   5.1555738852810018        6.6757833350729295E-002
   5.1616898377818288        6.6824488419495801E-002
   5.1678064346542296        6.6891048051160751E-002
   5.1739237049921627        6.6957512917990042E-002
   5.1800416761182433        6.7023883667486461E-002
   5.1861603737026023        6.7090160923808109E-002
   5.1922798218720780        6.7156345289071592E-002
   5.1984000433109330        6.7222437344576211E-002
   5.2045210593541915        6.7288437651928087E-002
   5.2106428900746415        6.7354346754117195E-002
   5.2167655543644491        6.7420165176524049E-002
   5.2228890700122799        6.7485893427873755E-002
   5.2290134537767408        6.7551532001160833E-002
   5.2351387214568756        6.7617081374527280E-002
   5.2412648879603472        6.7682542012122218E-002
   5.2473919673698557        6.7747914364938502E-002
   5.2535199730082294        6.7813198871631453E-002
   5.2596489175025152        6.7878395959318244E-002
   5.2657788128472953        6.7943506044358781E-002
   5.2719096704673634        6.8008529533134909E-002
   5.2780415012797874        6.8073466822805795E-002
   5.2841743157553402        6.8138318302053344E-002
   5.2903081239791936        6.8203084351808871E-002
   5.2964429357107630        6.8267765345962794E-002
   5.3025787604425414        6.8332361652057666E-002
   5.3087156074577777        6.8396873631960425E-002
   5.3148534858868430        6.8461301642509298E-002
   5.3209924047621451        6.8525646036144597E-002
   5.3271323730714562        6.8589907161509728E-002
   5.3332733998095279        6.8654085364025758E-002
   5.3394154940278522        6.8718180986454991E-002
   5.3455586648824074        6.8782194369414712E-002
   5.3517029216792080        6.8846125851876189E-002
   5.3578482739174023        6.8909974943977034E-002
   5.3639946516570216        6.8973740934932401E-002
   5.3701419635404513        6.9037424187216534E-002
   5.3762902215813915        6.9101025061177435E-002
   5.3824394379399765        6.9164543915476398E-002
   5.3885896249618765        6.9227981107498907E-002
   5.3947407952137238        6.9291336993713065E-002
   5.4008929615144847        6.9354611929980950E-002
   5.4070461369622880        6.9417806271812044E-002
   5.4132003349561240        6.9480920374553889E-002
   5.4193555692118167        6.9543954593520071E-002
   5.4255118537716926        6.9606909284050597E-002
   5.4316692030074520        6.9669784801486778E-002
   5.4378276316158516        6.9732581501079277E-002
   5.4439871546069289        6.9795299737813205E-002
   5.4501477872846644        6.9857939866169477E-002
   5.4563095452201180        6.9920502239796845E-002
   5.4624724442172559        6.9982987211126654E-002
   5.4686365002718595        7.0045395130925892E-002
   5.4748017295240849        7.0107726347796731E-002
   5.4809681482054238        7.0169981207627338E-002
   5.4871357725809853        7.0232160053024628E-002
   5.4933046188881915        7.0294263222710762E-002
   5.4994747032731306        7.0356291050925779E-002
   5.5056460417259538        7.0418243866835262E-002
   5.5118186500168234        7.0480121993968359E-002
   5.5179925436340138        7.0541925749696616E-002
   5.5241677377258522        7.0603655444774399E-002
   5.5303442470482080        7.0665311382947196E-002
   5.5365220859192599        7.0726893860667217E-002
   5.5427012681832126        7.0788403166903574E-002
   5.5488818071845625        7.0849839583078500E-002
   5.5550637157543541        7.0911203383133309E-002
   5.5612470062096788        7.0972494833738659E-002
   5.5674316903674095        7.1033714194638817E-002
   5.5736177795728414        7.1094861719166208E-002
   5.5798052847435464        7.1155937654871312E-002
   5.5859942164283192        7.1216942244312506E-002
   5.5921845848806475        7.1277875725963752E-002
   5.5983764001456562        7.1338738335228219E-002
   5.6045696721589868        7.1399530305547382E-002
   5.6107644108555981        7.1460251869570640E-002
   5.6169606262860325        7.1520903260357260E-002
   5.6231583287373095        7.1581484712590099E-002
   5.6293575288552749        7.1641996463750413E-002
   5.6355582377650171        7.1702438755240461E-002
   5.6417604671858257        7.1762811833397333E-002
   5.6479642295371590        7.1823115950381267E-002
   5.6541695380321757        7.1883351364911793E-002
   5.6603764067556268        7.1943518342807780E-002
   5.6665848507232104        7.2003617157327504E-002
   5.6727948859199371        7.2063648089275290E-002
   5.6790065293155791        7.2123611426878176E-002
   5.6852197988558544        7.2183507465423541E-002
   5.6914347134286514        7.2243336506654737E-002
   5.6976512928052703        7.2303098857942491E-002
   5.7038695575573506        7.2362794831242236E-002
   5.7100895289508165        7.2422424741852245E-002
   5.7163112288188378        7.2481988907012129E-002
   5.7225346794163938        7.2541487644361594E-002
   5.7287599032595784        7.2600921270305485E-002
   5.7349869229532624        7.2660290098315025E-002
   5.7412157610111008        7.2719594437220259E-002
   5.7474464396721761        7.2778834589513564E-002
   5.7536789807187692        7.2838010849728671E-002
   5.7599134052998204        7.2897123502924460E-002
   5.7661497337646130        7.2956172823331472E-002
   5.7723879855110871        7.3015159073176683E-002
   5.7786281788528973        7.3074082501727228E-002
   5.7848703309089693        7.3132943344598828E-002
   5.7911144575187921        7.3191741823322679E-002
   5.7973605731860793        7.3250478145206938E-002
   5.8036086910527285        7.3309152503495831E-002
   5.8098588229042063        7.3367765077826871E-002
   5.8161109792066217        7.3426316034959749E-002
   5.8223651691748586        7.3484805529798039E-002
   5.8286214008702011        7.3543233706641120E-002
   5.8348796813249777        7.3601600700642492E-002
   5.8411400166908782        7.3659906639451073E-002
   5.8474024124068134        7.3718151644965396E-002
   5.8536668733814734        7.3776335835166268E-002
   5.8599334041852043        7.3834459325960347E-002
   5.8662020092454101        7.3892522232992350E-002
   5.8724726930394562        7.3950524673357818E-002
   5.8787454602790365        7.4008466767167463E-002
   5.8850203160800945        7.4066348638924653E-002
   5.8912972661127672        7.4124170418648050E-002
   5.8975763167263313        7.4181932242724707E-002
   5.9038574750448563        7.4239634254448267E-002
   5.9101407490300977        7.4297276604230036E-002
   5.9164261475091360        7.4354859449473676E-002
   5.9227136801653222        7.4412382954114467E-002
   5.9290033574921850        7.4469847287831681E-002
   5.9352951907110869        7.4527252624942253E-002
   5.9415891916545114        7.4584599143029465E-002
   5.9478853726179164        7.4641887021332259E-002
   5.9541837461840617        7.4699116438931179E-002
   5.9604843250245638        7.4756287572794067E-002
   5.9667871216841624        7.4813400595750368E-002
   5.9730921483537154        7.4870455674414138E-002
   5.9793994166383513        7.4927452967156138E-002
   5.9857089373273702        7.4984392622163637E-002
   5.9920207201724960        7.5041274775654657E-002
   5.9983347736808810        7.5098099550284111E-002
   6.0046511049288567        7.5154867053808652E-002
   6.0109697194018610        7.5211577378027444E-002
   6.0172906208651948        7.5268230598048352E-002
   6.0236138112693816        7.5324826771897391E-002
   6.0299392906928571        7.5381365940473954E-002
   6.0362670573235899        7.5437848127862195E-002
   6.0425971074800415        7.5494273341978946E-002
   6.0489294356706553        7.5550641575547264E-002
   6.0552640346898512        7.5606952807355826E-002
   6.0616008957473495        7.5663207003757074E-002
   6.0679400086265707        7.5719404120385317E-002
   6.0742813618669276        7.5775544104005721E-002
   6.0806249429640431        7.5831626894449139E-002
   6.0869707385813347        7.5887652426569252E-002
   6.0933187347660391        7.5943620632171180E-002
   6.0996689171626093        7.5999531441826945E-002
   6.1060212712164859        7.6055384786536923E-002
   6.1123757823615987        7.6111180599190739E-002
   6.1187324361854785        7.6166918815758336E-002
   6.1250912185666353        7.6222599376196076E-002
   6.1314521157797852        7.6278222225039383E-002
   6.1378151145656021        7.6333787311655091E-002
   6.1441802021628602        7.6389294590157225E-002
   6.1505473663021109        7.6444744019000241E-002
   6.1569165951613245        7.6500135560250135E-002
   6.1632878772852031        7.6555469178572685E-002
   6.1696612014710936        7.6610744839982689E-002
   6.1760365566255349        7.6665962510382768E-002
   6.1824139315964581        7.6721122153958377E-002
   6.1887933149868628        7.6776223731483073E-002
   6.1951746949564042        7.6831267198587794E-002
   6.2015580590177253        7.6886252504066888E-002
   6.2079433938345394        7.6941179588263270E-002
   6.2143306850284050        7.6996048381611865E-002
   6.2207199170008494        7.7050858803358532E-002
   6.2271110727769816        7.7105610760547505E-002
   6.2335041338760320        7.7160304147258982E-002
   6.2398990802133465        7.7214938844172631E-002
   6.2462958900373380        7.7269514718441901E-002
   6.2526945399037199        7.7324031623905512E-002
   6.2590950046881204        7.7378489401607908E-002
   6.2654972576368824        7.7432887880641108E-002
   6.2719012704546007        7.7487226879266402E-002
   6.2783070134257128        7.7541506206275423E-002
   6.2847144555663332        7.7595725662564632E-002
   6.2911235648015209        7.7649885042863756E-002
   6.2975343081623496        7.7703984137557761E-002
   6.3039466519964957        7.7758022734551929E-002
   6.3103605621856760        7.7812000621131944E-002
   6.3167760043630699        7.7865917585741559E-002
   6.3231929441239441        7.7919773419638474E-002
   6.3296113472230022        7.7973567918375286E-002
   6.3360311797525330        7.8027300883062672E-002
   6.3424524082961762        7.8080972121384512E-002
   6.3488750000540533        7.8134581448338999E-002
   6.3552989229361110        7.8188128686690769E-002
   6.3617241456216842        7.8241613667131754E-002
   6.3681506375845496        7.8295036228160170E-002
   6.3745783690839959        7.8348396215691202E-002
   6.3810073111236632        7.8401693482425733E-002
   6.3874374353810506        7.8454927887019896E-002
   6.3938687141116235        7.8508099293086914E-002
   6.4003011200323190        7.8561207568077773E-002
   6.4067346261899436        7.8614252582102154E-002
   6.4131692058204131        7.8667234206731107E-002
   6.4196048322050494        7.8720152313841316E-002
   6.4260414785301592        7.8773006774537246E-002
   6.4324791177558991        7.8825797458199814E-002
   6.4389177225000100        7.8878524231728184E-002
   6.4453572649413529        7.8931186958954916E-002
   6.4517977167473761        7.8983785500304507E-002
   6.4582390490286707        7.9036319712692316E-002
   6.4646812323227190        7.9088789449657332E-002
   6.4711242366077872        7.9141194561753669E-002
   6.4775680313467561        7.9193534897161577E-002
   6.4840125855595439        7.9245810302500330E-002
   6.4904578679216778        7.9298020623831289E-002
   6.4969038468855960        7.9350165707793130E-002
   6.5033504908204112        7.9402245402839453E-002
   6.5097977681651944        7.9454259560536727E-002
   6.5162456475903596        7.9506208036868961E-002
   6.5226940981614501        7.9558090693490527E-002
   6.5291430894996028        7.9609907398919419E-002
   6.5355925919331188        7.9661658029591825E-002
   6.5420425766349810        7.9713342470769374E-002
   6.5484930157417311        7.9764960617245223E-002
   6.5549438824498862        7.9816512373858090E-002
   6.5613951510869652        7.9867997655776332E-002
   6.5678467971552026        7.9919416388552461E-002
   6.5742987973470912        7.9970768507953510E-002
   6.5807511295329650        8.0022053959589418E-002
   6.5872037727219031        8.0073272698340109E-002
   6.5936567069982157        8.0124424687626594E-002
   6.6001099134366674        8.0175509898540581E-002
   6.6065633740003262        8.0226528308889211E-002
   6.6130170714255252        8.0277479902176763E-002
   6.6194709890988062        8.0328364666583288E-002
   6.6259251109309281        8.0379182593948661E-002
   6.6323794212329954        8.0429933678828142E-002
   6.6388339045995890        8.0480617917654623E-002
   6.6452885458033615        8.0531235308021087E-002
   6.6517433297050204        8.0581785848111542E-002
   6.6581982411819087        8.0632269536306131E-002
   6.6646532650775736        8.0682686370953688E-002
   6.6711083861738167        8.0733036350342263E-002
   6.6775635891857679        8.0783319472837942E-002
   6.6840188587795906        8.0833535737183743E-002
   6.6904741796114866        8.0883685142953549E-002
   6.6969295363858343        8.0933767691125869E-002
   6.7033849139295381        8.0983783384743185E-002
   6.7098402972790385        8.1033732229641886E-002
   6.7162956717759865        8.1083614235207865E-002
   6.7227510231672589        8.1133429415121069E-002
   6.7292063377049001        8.1183177788063082E-002
   6.7356616022416196        8.1232859378363095E-002
   6.7421168043177326        8.1282474216523154E-002
   6.7485719322358264        8.1332022339638724E-002
   6.7550269751199918        8.1381503791666476E-002
   6.7614819229571292        8.1430918623551368E-002
   6.7679367666186110        8.1480266893181968E-002
   6.7743914978613953        8.1529548665194518E-002
   6.7808461093085386        8.1578764010633506E-002
   6.7873005944098876        8.1627913006467975E-002
   6.7937549473845209        8.1676995734993735E-002
   6.8002091631472172        8.1726012283142094E-002
   6.8066632372218434        8.1774962741709506E-002
   6.8131171656450187        8.1823847204565092E-002
   6.8195709448637585        8.1872665767834182E-002
   6.8260245716309651        8.1921418529107448E-002
   6.8324780429026593        8.1970105586696596E-002
   6.8389313557406988        8.2018727038965261E-002
   6.8453845072244350        8.2067282983754236E-002
   6.8518374943743492        8.2115773517911619E-002
   6.8582903140901452        8.2164198736961180E-002
   6.8647429631051660        8.2212558734899605E-002
   6.8711954379582885        8.2260853604133544E-002
   6.8776477349837375        8.2309083435536473E-002
   6.8840998503185062        8.2357248318644383E-002
   6.8905517799263780        8.2405348341951901E-002
   6.8970035196368782        8.2453383593295126E-002
   6.9034550651969200        8.2501354160327167E-002
   6.9099064123324263        8.2549260131018334E-002
   6.9163575568168634        8.2597101594191411E-002
   6.9228084945434043        8.2644878640051350E-002
   6.9292592215973601        8.2692591360690307E-002
   6.9357097343255711        8.2740239850538286E-002
   6.9421600293996679        8.2787824206746768E-002
   6.9486101038704096        8.2835344529487376E-002
   6.9550599552107659        8.2882800922158287E-002
   6.9615095813459140        8.2930193491472390E-002
   6.9679589806689197        8.2977522347435995E-002
   6.9744081520415016        8.3024787603227679E-002
   6.9808570947799096        8.3071989374968430E-002
   6.9873058086265969        8.3119127781402916E-002
   6.9937542937089194        8.3166202943487713E-002
   7.0002025504866596        8.3213214983932693E-002
   7.0066505796905663        8.3260164026700056E-002
   7.0130983822544710        8.3307050196460619E-002
   7.0195459592437457        8.3353873618071991E-002
   7.0259933117829707        8.3400634416061784E-002
   7.0324404409856580        8.3447332714159550E-002
   7.0388873478887444        8.3493968634868854E-002
   7.0453340333943055        8.3540542299124207E-002
   7.0517804982205972        8.3587053826030766E-002
   7.0582267428641048        8.3633503332682643E-002
   7.0646727675737830        8.3679890934082415E-002
   7.0711185723381433        8.3726216743153781E-002
   7.0775641568852894        8.3772480870840646E-002
   7.0840095206954681        8.3818683426293519E-002
   7.0904546630251888        8.3864824517120837E-002
   7.0968995829414965        8.3910904249705848E-002
   7.1033442793646033        8.3956922729554781E-002
   7.1097887511167599        8.4002880061686644E-002
   7.1162329969750528        8.4048776351013751E-002
   7.1226770157256887        8.4094611702713429E-002
   7.1291208062173386        8.4140386222590527E-002
   7.1355643674112033        8.4186100017385510E-002
   7.1420076984256742        8.4231753195020076E-002
   7.1484507985737356        8.4277345864802594E-002
   7.1548936673916215        8.4322878137538471E-002
   7.1613363046576630        8.4368350125578667E-002
   7.1677787104006931        8.4413761942794124E-002
   7.1742208848978670        8.4459113704475314E-002
   7.1806628286622072        8.4504405527154297E-002
   7.1871045424206290        8.4549637528383043E-002
   7.1935460270835874        8.4594809826463113E-002
   7.1999872837078449        8.4639922540140605E-002
   7.2064283134541007        8.4684975788272512E-002
   7.2128691175414232        8.4729969689501569E-002
   7.2193096972005124        8.4774904361922546E-002
   7.2257500536278219        8.4819779922782959E-002
   7.2321901879424866        8.4864596488207100E-002
   7.2386301011478373        8.4909354172979762E-002
   7.2450697940990336        8.4954053090365231E-002
   7.2515092674780481        8.4998693351988827E-002
   7.2579485217768873        8.5043275067789414E-002
   7.2643875572895427        8.5087798346024993E-002
   7.2708263741127821        8.5132263293325822E-002
   7.2772649721555025        8.5176670014821293E-002
   7.2837033511559843        8.5221018614296776E-002
   7.2901415107060741        8.5265309194402228E-002
   7.2965794502810235        8.5309541856866247E-002
   7.3030171692735184        8.5353716702748550E-002
   7.3094546670302600        8.5397833832675879E-002
   7.3158919428894116        8.5441893347076137E-002
   7.3223289962172089        8.5485895346397597E-002
   7.3287658264421358        8.5529839931292942E-002
   7.3352024330851986        8.5573727202761379E-002
   7.3416388157850605        8.5617557262261557E-002
   7.3480749743170461        8.5661330211752637E-002
   7.3545109086053415        8.5705046153706430E-002
   7.3609466187280290        8.5748705191060204E-002
   7.3673821049149311        8.5792307427116035E-002
   7.3738173675385639        8.5835852965396905E-002
   7.3802524070988005        8.5879341909480322E-002
   7.3866872242021184        8.5922774362773985E-002
   7.3931218195365123        8.5966150428300900E-002
   7.3995561938433463        8.6009470208437855E-002
   7.4059903478874922        8.6052733804684978E-002
   7.4124242824271711        8.6095941317424568E-002
   7.4188579981848672        8.6139092845682191E-002
   7.4252914958206189        8.6182188486929961E-002
   7.4317247759088234        8.6225228336914247E-002
   7.4381578389195253        8.6268212489504323E-002
   7.4445906852049131        8.6311141036581732E-002
   7.4510233149914855        8.6354014067967305E-002
   7.4574557283780996        8.6396831671389757E-002
   7.4638879253398089        8.6439593932461978E-002
   7.4703199057371572        8.6482300934715817E-002
   7.4767516693303442        8.6524952759626655E-002
   7.4831832157974674        8.6567549486676415E-002
   7.4896145447558879        8.6610091193415895E-002
   7.4960456557856414        8.6652577955526749E-002
   7.5024765484537523        8.6695009846868995E-002
   7.5089072223383058        8.6737386939512343E-002
   7.5153376770511677        8.6779709303758848E-002
   7.5217679122583414        8.6821977008122220E-002
   7.5281979276970867        8.6864190119283022E-002
   7.5346277231891055        8.6906348701985048E-002
   7.5410572986492994        8.6948452818923938E-002
   7.5474866540898287        8.6990502530574568E-002
   7.5539157896194258        8.7032497894987279E-002
   7.5603447054381467        8.7074438967548864E-002
   7.5667734018279518        8.7116325800710603E-002
   7.5732018791396847        8.7158158443679024E-002
   7.5796301377771851        8.7199936942102832E-002
   7.5860581781793739        8.7241661337734450E-002
   7.5924860008012240        8.7283331668071604E-002
   7.5989136060945572        8.7324947966008315E-002
   7.6053409944895911        8.7366510259475449E-002
   7.6117681663780896        8.7408018571092497E-002
   7.6181951220988733        8.7449472917814644E-002
   7.6246218619263146        8.7490873310605524E-002
   7.6310483860622762        8.7532219754109464E-002
   7.6374746946317726        8.7573512246338303E-002
   7.6439007876824565        8.7614750778375869E-002
   7.6503266651878308        8.7655935334076923E-002
   7.6567523270539297        8.7697065889773412E-002
   7.6631777731290303        8.7738142413985781E-002
   7.6696030032158493        8.7779164867131609E-002
   7.6760280170855459        8.7820133201212125E-002
   7.6824528144928150        8.7861047359496111E-002
   7.6888773951912963        8.7901907276172489E-002
   7.6953017589485553        8.7942712875990564E-002
   7.7017259055599183        8.7983464073856960E-002
   7.7081498348605262        8.8024160774411969E-002
   7.7145735467350853        8.8064802871559739E-002
   7.7209970411249103        8.8105390247966875E-002
   7.7274203180319985        8.8145922774511054E-002
   7.7338433775200430        8.8186400309707758E-002
   7.7402662197124243        8.8226822699088533E-002
   7.7466888447873821        8.8267189774553889E-002
   7.7531112529706929        8.8307501353674947E-002
   7.7595334445262969        8.8347757238990424E-002
   7.7659554197454028        8.8387957217264973E-002
   7.7723771789346525        8.8428101058711739E-002
   7.7787987224039696        8.8468188516222526E-002
   7.7852200504546998        8.8508219324569551E-002
   7.7916411633686193        8.8548193199594546E-002
   7.7980620613983369        8.8588109837401466E-002
   7.8044827447595146        8.8627968913526450E-002
   7.8109032136252416        8.8667770082110534E-002
   7.8173234681227708        8.8707512975064032E-002
   7.8237435083327060        8.8747197201235514E-002
   7.8301633342906030        8.8786822345557820E-002
   7.8365829459908269        8.8826387968207243E-002
   7.8430023433924001        8.8865893603734689E-002
   7.8494215264264824        8.8905338760202166E-002
   7.8558404950050615        8.8944722918287103E-002
   7.8622592490303758        8.8984045530392936E-002
   7.8686777884045673        8.9023306019719362E-002
   7.8750961130390813        8.9062503779327062E-002
   7.8815142228633404        8.9101638171164357E-002
   7.8879321178322801        8.9140708525092607E-002
   7.8943497979324073        8.9179714137859287E-002
   7.9007672631861183        8.9218654272074954E-002
   7.9071845136541183        8.9257528155147037E-002
   7.9136015494358789        8.9296334978202635E-002
   7.9200183706681804        8.9335073894990014E-002
   7.9264349775218701        8.9373744020754889E-002
   7.9328513701970644        8.9412344431116814E-002
   7.9392675489170887        8.9450874160925217E-002
   7.9456835139215034        8.9489332203120428E-002
   7.9520992654586076        8.9527717507583232E-002
   7.9585148037778142        8.9566028979988596E-002
   7.9649301291222896        8.9604265480676057E-002
   7.9713452417222310        8.9642425823515309E-002
   7.9777601417890907        8.9680508774801881E-002
   7.9841748295110273        8.9718513052157015E-002
   7.9905893050497525        8.9756437323452981E-002
   7.9970035685389078        8.9794280205752447E-002
   8.0034176200839777        8.9832040264288537E-002
   8.0098314597637064        8.9869716011460377E-002
   8.0162450876328837        8.9907305905844448E-002
   8.0226585037263014        8.9944808351261174E-002
   8.0290717080636380        8.9982221695836473E-002
   8.0354847006549850        9.0019544231119672E-002
   8.0418974815066893        9.0056774191209721E-002
   8.0483100506272187        9.0093909751930740E-002
   8.0547224080327187        9.0130949030017032E-002
   8.0611345537519963        9.0167890082352931E-002
   8.0675464878306773        9.0204730905228403E-002
   8.0739582103343679        9.0241469433652022E-002
   8.0803697213506620        9.0278103540670618E-002
   8.0867810209899655        9.0314631036764625E-002
   8.0931921093851056        9.0351049669271405E-002
   8.0996029866898134        9.0387357121856277E-002
   8.1060136530761948        9.0423551014031212E-002
   8.1124241087313642        9.0459628900750308E-002
   8.1188343538534493        9.0495588272042238E-002
   8.1252443886472161        9.0531426552721617E-002
   8.1316542133195444        9.0567141102159854E-002
   8.1380638280750333        9.0602729214141087E-002
   8.1444732331119347        9.0638188116767715E-002
   8.1508824286186599        9.0673514972471780E-002
   8.1572914147710023        9.0708706878100204E-002
   8.1637001917302232        9.0743760865081013E-002
   8.1701087596420567        9.0778673899664847E-002
   8.1765171186366761        9.0813442883274254E-002
   8.1829252688295746        9.0848064652931826E-002
   8.1893332103233032        9.0882535981785223E-002
   8.1957409432099233        9.0916853579695769E-002
   8.2021484675740322        9.0951014093958532E-002
   8.2085557834961680        9.0985014110084722E-002
   8.2149628910564072        9.1018850152684599E-002
   8.2213697903379526        9.1052518686430717E-002
   8.2277764814305030        9.1086016117129742E-002
   8.2341829644332503        9.1119338792866045E-002
   8.2405892394573410        9.1152483005242646E-002
   8.2469953066276869        9.1185444990712697E-002
   8.2534011660840516        9.1218220931992999E-002
   8.2598068179813779        9.1250806959577671E-002
   8.2662122624893630        9.1283199153340544E-002
   8.2726174997913198        9.1315393544207424E-002
   8.2790225300824343        9.1347386115940135E-002
   8.2854273535674974        9.1379172806998754E-002
   8.2918319704582863        9.1410749512497988E-002
   8.2982363809707280        9.1442112086236219E-002
   8.3046405853220016        9.1473256342826395E-002
   8.3110445837277602        9.1504178059912178E-002
   8.3174483763995859        9.1534872980455734E-002
   8.3238519635428343        9.1565336815115403E-002
   8.3302553453549510        9.1595565244707550E-002
   8.3366585220243312        9.1625553922729613E-002
   8.3430614937297811        9.1655298477976835E-002
   8.3494642606405609        9.1684794517214133E-002
   8.3558668229169903        9.1714037627916939E-002
   8.3622691807115714        9.1743023381082422E-002
   8.3686713341705232        9.1771747334098222E-002
   8.3750732834356416        9.1800205033645402E-002
   8.3814750286463546        9.1828392018674598E-002
   8.3878765699418558        9.1856303823422497E-002
   8.3942779074631915        9.1883935980451720E-002
   8.4006790413551808        9.1911284023744183E-002
   8.4070799717680682        9.1938343491814761E-002
   8.4134806988588338        9.1965109930855243E-002
   8.4198812227920818        9.1991578897894971E-002
   8.4262815437404921        9.2017745963970998E-002
   8.4326816618848106        9.2043606717335996E-002
   8.4390815774134111        9.2069156766630661E-002
   8.4454812905214549        9.2094391744100168E-002
   8.4518808014097182        9.2119307308790616E-002
   8.4582801102831713        9.2143899149724276E-002
   8.4646792173493939        9.2168162989090086E-002
   8.4710781228169179        9.2192094585395318E-002
   8.4774768268936072        9.2215689736627096E-002
   8.4838753297851550        9.2238944283349167E-002
   8.4902736316937837        9.2261854111801017E-002
   8.4966717328172123        9.2284415156957372E-002
   8.5030696333479430        9.2306623405530697E-002
   8.5094673334728839        9.2328474898950783E-002
   8.5158648333733336        9.2349965736293102E-002
   8.5222621332252988        9.2371092077143835E-002
   8.5286592332001234        9.2391850144417073E-002
   8.5350561334653712        9.2412236227101527E-002
   8.5414528341859075        9.2432246682961919E-002
   8.5478493355251128        9.2451877941142166E-002
   8.5542456376461473        9.2471126504715340E-002
   8.5606417407131836        9.2489988953149804E-002
   8.5670376448925634        9.2508461944692560E-002
   8.5734333503537847        9.2526542218672625E-002
   8.5798288572702912        9.2544226597707446E-002
   8.5862241658200169        9.2561511989843692E-002
   8.5926192761856637        9.2578395390570667E-002
   8.5990141885547136        9.2594873884765005E-002
   8.6054089031191889        9.2610944648535171E-002
   8.6118034200751676        9.2626604950957717E-002
   8.6181977396221203        9.2641852155728149E-002
   8.6245918619620898        9.2656683722691702E-002
   8.6309857872987923        9.2671097209300848E-002
   8.6373795158366793        9.2685090271941079E-002
   8.6437730477800265        9.2698660667167254E-002
   8.6501663833321043        9.2711806252833540E-002
   8.6565595226944776        9.2724524989118720E-002
   8.6629524660664607        9.2736814939447465E-002
   8.6693452136447728        9.2748674271304288E-002
   8.6757377656233992        9.2760101256945157E-002
   8.6821301221936462        9.2771094274008814E-002
   8.6885222835444047        9.2781651806007115E-002
   8.6949142498625775        9.2791772442729126E-002
   8.7013060213336555        9.2801454880535789E-002
   8.7076975981423885        9.2810697922553892E-002
   8.7140889804735160        9.2819500478764166E-002
   8.7204801685125179        9.2827861565998232E-002
   8.7268711624463222        9.2835780307835708E-002
   8.7332619624639509        9.2843255934391883E-002
   8.7396525687570534        9.2850287782040547E-002
   8.7460429815203042        9.2856875293011232E-002
   8.7524332009516552        9.2863018014913312E-002
   8.7588232272524156        9.2868715600175941E-002
   8.7652130606271825        9.2873967805390534E-002
   8.7716027012836175        9.2878774490583224E-002
   8.7779921494320998        9.2883135618386681E-002
   8.7843814052852682        9.2887051253167902E-002
   8.7907704690575041        9.2890521560055075E-002
   8.7971593409643667        9.2893546803883370E-002
   8.8035480212220385        9.2896127348106455E-002
   8.8099365100467928        9.2898263653606206E-002
   8.8163248076545369        9.2899956277461476E-002
   8.8227129142604337        9.2901205871644660E-002
   8.8291008300786356        9.2902013181671267E-002
   8.8354885553221454        9.2902379045176481E-002
   8.8418760902027866        9.2902304390452106E-002
   8.8482634349313116        9.2901790234936124E-002
   8.8546505897176022        9.2900837683655271E-002
   8.8610375547709754        9.2899447927606321E-002
   8.8674243303005529        9.2897622242130079E-002
   8.8738109165156818        9.2895361985214586E-002
   8.8801973136263683        9.2892668595788999E-002
   8.8865835218437059        9.2889543591967050E-002
   8.8929695413802694        9.2885988569272160E-002
   8.8993553724504562        9.2882005198838602E-002
   8.9057410152707472        9.2877595225578632E-002
   8.9121264700598957        9.2872760466332693E-002
   8.9185117370390081        9.2867502808013411E-002
   8.9248968164315485        9.2861824205724100E-002
   8.9312817084632474        9.2855726680859757E-002
   8.9376664133619368        9.2849212319213448E-002
   8.9440509313573227        9.2842283269057066E-002
   8.9504352626807258        9.2834941739229251E-002
   8.9568194075647831        9.2827189997221601E-002
   8.9632033662431638        9.2819030367248562E-002
   8.9695871389502955        9.2810465228337871E-002
   8.9759707259211368        9.2801497012418452E-002
   8.9823541273909946        9.2792128202399571E-002
   8.9887373435954085        9.2782361330276897E-002
   8.9951203747701172        9.2772198975236836E-002
   9.0015032211510864        9.2761643761776966E-002
   9.0078858829746231        9.2750698357825415E-002
   9.0142683604775478        9.2739365472896323E-002
   9.0206506538974303        9.2727647856242726E-002
   9.0270327634728709        9.2715548295027803E-002
   9.0334146894438092        9.2703069612525571E-002
   9.0397964320518511        9.2690214666329401E-002
   9.0461779915405938        9.2676986346587706E-002
   9.0525593681559346        9.2663387574262207E-002
   9.0589405621463577        9.2649421299401041E-002
   9.0653215737631818        9.2635090499452594E-002
   9.0717024032607565        9.2620398177581137E-002
   9.0780830508966268        9.2605347361033069E-002
   9.0844635169316383        9.2589941099505718E-002
   9.0908438016300082        9.2574182463572019E-002
   9.0972239052593533        9.2558074543101679E-002
   9.1036038280907015        9.2541620445730541E-002
   9.1099835703984748        9.2524823295367764E-002
   9.1163631324604850        9.2507686230704683E-002
   9.1227425145579257        9.2490212403775668E-002
   9.1291217169753853        9.2472404978543254E-002
   9.1355007400008983        9.2454267129510673E-002
   9.1418795839260305        9.2435802040378059E-002
   9.1482582490460089        9.2417012902707624E-002
   9.1546367356598992        9.2397902914640451E-002
   9.1610150440708367        9.2378475279639966E-002
   9.1673931745862962        9.2358733205260640E-002
   9.1737711275184139        9.2338679901944110E-002
   9.1801489031843317        9.2318318581860404E-002
   9.1865265019065827        9.2297652457772966E-002
   9.1929039240134873        9.2276684741937010E-002
   9.1992811698395567        9.2255418645026482E-002
   9.2056582397259064        9.2233857375099995E-002
   9.2120351340206490        9.2212004136580483E-002
   9.2184118530792833        9.2189862129286093E-002
   9.2247883972650584        9.2167434547486965E-002
   9.2311647669493162        9.2144724578971438E-002
   9.2375409625118117        9.2121735404174288E-002
   9.2439169843410109        9.2098470195311893E-002
   9.2502928328343703        9.2074932115557589E-002
   9.2566685083986009        9.2051124318240751E-002
   9.2630440114499297        9.2027049946070749E-002
   9.2694193424143574        9.2002712130403064E-002
   9.2757945017279209        9.1978113990529464E-002
   9.2821694898369760        9.1953258632970020E-002
   9.2885443071984959        9.1928149150829114E-002
   9.2949189542803996        9.1902788623161369E-002
   9.3012934315619127        9.1877180114358289E-002
   9.3076677395339615        9.1851326673557276E-002
   9.3140418786995998        9.1825231334103169E-002
   9.3204158495744824        9.1798897112999989E-002
   9.3267896526873599        9.1772327010404359E-002
   9.3331632885806144        9.1745524009143153E-002
   9.3395367578108246        9.1718491074246317E-002
   9.3459100609493451        9.1691231152506686E-002
   9.3522831985829153        9.1663747172064686E-002
   9.3586561713142711        9.1636042042008342E-002
   9.3650289797627781        9.1608118651994253E-002
   9.3714016245650598        9.1579979871900086E-002
   9.3777741063756341        9.1551628551478345E-002
   9.3841464258675504        9.1523067520046228E-002
   9.3905185837330247        9.1494299586199146E-002
   9.3968905806840723        9.1465327537520902E-002
   9.4032624174531509        9.1436154140319165E-002
   9.4096340947938000        9.1406782139393045E-002
   9.4160056134812820        9.1377214257800168E-002
   9.4223769743132504        9.1347453196659684E-002
   9.4287481781104123        9.1317501634947867E-002
   9.4351192257172212        9.1287362229322266E-002
   9.4414901180025801        9.1257037613963643E-002
   9.4478608558605739        9.1226530400428829E-002
   9.4542314402112186        9.1195843177521135E-002
   9.4606018720012433        9.1164978511160649E-002
   9.4669721522048818        9.1133938944282580E-002
   9.4733422818247011        9.1102726996752148E-002
   9.4797122618924448        9.1071345165270767E-002
   9.4860820934698893        9.1039795923313765E-002
   9.4924517776497179        9.1008081721076578E-002
   9.4988213155564072        9.0976204985421666E-002
   9.5051907083471132        9.0944168119853286E-002
   9.5115599572125653        9.0911973504486668E-002
   9.5179290633779559        9.0879623496036593E-002
   9.5242980281038232        9.0847120427808264E-002
   9.5306668526869291        9.0814466609710168E-002
   9.5370355384611276        9.0781664328266787E-002
   9.5434040867982173        9.0748715846636824E-002
   9.5497724991087924        9.0715623404647658E-002
   9.5561407768430726        9.0682389218834855E-002
   9.5625089214917303        9.0649015482495932E-002
   9.5688769345867062        9.0615504365737218E-002
   9.5752448177020142        9.0581858015533950E-002
   9.5816125724545511        9.0548078555806849E-002
   9.5879802005048891        9.0514168087496003E-002
   9.5943477035580820        9.0480128688638042E-002
   9.6007150833644559        9.0445962414458680E-002
   9.6070823417204174        9.0411671297467008E-002
   9.6134494804692459        9.0377257347547701E-002
   9.6198165015018997        9.0342722552067475E-002
   9.6261834067578196        9.0308068875988662E-002
   9.6325501982257311        9.0273298261974166E-002
   9.6389168779444461        9.0238412630508774E-002
   9.6452834480036600        9.0203413880025535E-002
   9.6516499105447462        9.0168303887022530E-002
   9.6580162677615444        9.0133084506200251E-002
   9.6643825219011337        9.0097757570593420E-002
   9.6707486752645977        9.0062324891701573E-002
   9.6771147302077765        9.0026788259631771E-002
   9.6834806891420033        8.9991149443253163E-002
   9.6898465545348191        8.9955410190329335E-002
   9.6962123289106810        8.9919572227667582E-002
   9.7025780148516407        8.9883637261276877E-002
   9.7089436149980060        8.9847606976516059E-002
   9.7153091320489917        8.9811483038246279E-002
   9.7216745687633388        8.9775267090991984E-002
   9.7280399279599266        8.9738960759104772E-002
   9.7344052125183538        8.9702565646919558E-002
   9.7407704253795089        8.9666083338914765E-002
   9.7471355695461153        8.9629515399881649E-002
   9.7535006480832642        8.9592863375087373E-002
   9.7598656641189159        8.9556128790444445E-002
   9.7662306208443894        8.9519313152676500E-002
   9.7725955215148286        8.9482417949487553E-002
   9.7789603694496368        8.9445444649724148E-002
   9.7853251680328928        8.9408394703556743E-002
   9.7916899207137416        8.9371269542651191E-002
   9.7980546310067442        8.9334070580328301E-002
   9.8044193024922119        8.9296799211748268E-002
   9.8107839388164955        8.9259456814082205E-002
   9.8171485436922410        8.9222044746679746E-002
   9.8235131208986193        8.9184564351245083E-002
   9.8298776742814979        8.9147016952006289E-002
   9.8362422077535943        8.9109403855901437E-002
   9.8426067252945764        8.9071726352740507E-002
   9.8489712309511201        8.9033985715388203E-002
   9.8553357288369376        8.8996183199932688E-002
   9.8617002231327504        8.8958320045857839E-002
   9.8680647180862309        8.8920397476217772E-002
   9.8744292180118993        8.8882416697813132E-002
   9.8807937272909765        8.8844378901363957E-002
   9.8871582503712041        8.8806285261680731E-002
   9.8935227917666158        8.8768136937835321E-002
   9.8998873560572811        8.8729935073340996E-002
   9.9062519478890003        8.8691680796312497E-002
   9.9126165719729702        8.8653375219644323E-002
   9.9189812330854021        8.8615019441174031E-002
   9.9253459360671172        8.8576614543862661E-002
   9.9317106858230950        8.8538161595955733E-002
   9.9380754873219868        8.8499661651154304E-002
   9.9444403455955950        8.8461115748777214E-002
   9.9508052657383210        8.8422524913933931E-002
   9.9571702529065664        8.8383890157690687E-002
   9.9635353123181112        8.8345212477230331E-002
   9.9699004492514476        8.8306492856023475E-002
   9.9762656690450857        8.8267732263984905E-002
   9.9826309770968180        8.8228931657642340E-002
   9.9889963788629554        8.8190091980287738E-002
   9.9953618798575334        8.8151214162146968E-002
   10.001727485651472        8.8151214162146968E-002
