 # Probe file
 Time H 0 0 0 0 0 0 0
   0.0000000000000000        0.0000000000000000     
   0.0000000000000000        0.0000000000000000     
   1.2658692862701418E-002   0.0000000000000000     
   2.1099318792912273E-002   0.0000000000000000     
   2.8453480349448040E-002   0.0000000000000000     
   3.5647379807205740E-002   0.0000000000000000     
   4.2744688825777366E-002   0.0000000000000000     
   4.9730289339456564E-002   0.0000000000000000     
   5.6599256685400418E-002   0.0000000000000000     
   6.3380844491560923E-002   0.0000000000000000     
   7.0097806738514873E-002   0.0000000000000000     
   7.6768375598588665E-002   0.0000000000000000     
   8.3378706966299482E-002   0.0000000000000000     
   8.9924065986317595E-002   0.0000000000000000     
   9.6420559271939099E-002   0.0000000000000000     
  0.10288146618904864        0.0000000000000000     
  0.10931779872659564        0.0000000000000000     
  0.11570563715798170        0.0000000000000000     
  0.12205400684373859        0.0000000000000000     
  0.12837343402693074        0.0000000000000000     
  0.13467275154039293        0.0000000000000000     
  0.14094676387832178        0.0000000000000000     
  0.14718742663531298        0.0000000000000000     
  0.15340351455533133        0.0000000000000000     
  0.15960244760931289        0.0000000000000000     
  0.16579000888254850        0.0000000000000000     
  0.17194847022916271        0.0000000000000000     
  0.17808539538979493        0.0000000000000000     
  0.18420721576605142        0.0000000000000000     
  0.19031941020548160        0.0000000000000000     
  0.19641313502098565        0.0000000000000000     
  0.20248752422947588        0.0000000000000000     
  0.20854827880577209        0.0000000000000000     
  0.21460027636425605        0.0000000000000000     
  0.22064188055969783        0.0000000000000000     
  0.22666579785340996        0.0000000000000000     
  0.23267716631007965        0.0000000000000000     
  0.23868039711785294        0.0000000000000000     
  0.24467927886665725        0.0000000000000000     
  0.25066183818969140        0.0000000000000000     
  0.25663267021601438        0.0000000000000000     
  0.26259581285205141        0.0000000000000000     
  0.26855474458224760        0.0000000000000000     
  0.27450305715523221        0.0000000000000000     
  0.28044027389506565        0.0000000000000000     
  0.28637012675267198        0.0000000000000000     
  0.29229583889060268        0.0000000000000000     
  0.29821557889992811        0.0000000000000000     
  0.30412471709052336        0.0000000000000000     
  0.31002672941116516        0.0000000000000000     
  0.31592462460298332        0.0000000000000000     
  0.32182040885104590        0.0000000000000000     
  0.32770598397870881        0.0000000000000000     
  0.33358460803307644        0.0000000000000000     
  0.33945910667107432        0.0000000000000000     
  0.34533193057217587        0.0000000000000000     
  0.35119768835377113        0.0000000000000000     
  0.35705662237368724        0.0000000000000000     
  0.36291139992727695        0.0000000000000000     
  0.36876433865116420        0.0000000000000000     
  0.37461342416120086        0.0000000000000000     
  0.38045577817408810        0.0000000000000000     
  0.38629392938694124        0.0000000000000000     
  0.39213007865663740        0.0000000000000000     
  0.39796516140703386        0.0000000000000000     
  0.40379357917119929        0.0000000000000000     
  0.40961773809561242        0.0000000000000000     
  0.41543973549556407        0.0000000000000000     
  0.42126139921295752        0.0000000000000000     
  0.42707815107831326        0.0000000000000000     
  0.43289058174847483        0.0000000000000000     
  0.43870069601292944        0.0000000000000000     
  0.44451024362171393        0.0000000000000000     
  0.45031729431927042        0.0000000000000000     
  0.45611995790751730        0.0000000000000000     
  0.46192015590614061        0.0000000000000000     
  0.46771956758492078        0.0000000000000000     
  0.47351862839795511        0.0000000000000000     
  0.47931323492500516        0.0000000000000000     
  0.48510523325388721        0.0000000000000000     
  0.49089623863085374        0.0000000000000000     
  0.49668766412404780        0.0000000000000000     
  0.50247571441926764        0.0000000000000000     
  0.50826102067615064        0.0000000000000000     
  0.51404513969656351        0.0000000000000000     
  0.51982943501059553        0.0000000000000000     
  0.52561225319391724        0.0000000000000000     
  0.53139219834628670        0.0000000000000000     
  0.53717077368880739        0.0000000000000000     
  0.54294929719959639        0.0000000000000000     
  0.54872805625228260        0.0000000000000000     
  0.55450382032377554        0.0000000000000000     
  0.56027804330440412        0.0000000000000000     
  0.56605200110978382        0.0000000000000000     
  0.57182681342453967        0.0000000000000000     
  0.57759944726902279        0.0000000000000000     
  0.58337037934652802        0.0000000000000000     
  0.58914084661856436        0.0000000000000000     
  0.59491193559776245        0.0000000000000000     
  0.60068237836859317        0.0000000000000000     
  0.60645096865998782        0.0000000000000000     
  0.61221890726744876        0.0000000000000000     
  0.61798724980716879        0.0000000000000000     
  0.62375634308377714        0.0000000000000000     
  0.62952344267816462        0.0000000000000000     
  0.63528971571915727        0.0000000000000000     
  0.64105618897142169        0.0000000000000000     
  0.64682376582205192        0.0000000000000000     
  0.65259014028823881        0.0000000000000000     
  0.65835552444699275        0.0000000000000000     
  0.66412091808378271        0.0000000000000000     
  0.66988720148752889        0.0000000000000000     
  0.67565354105669539        0.0000000000000000     
  0.68141873691849830        0.0000000000000000     
  0.68718376359631494        0.0000000000000000     
  0.69294947967770071        0.0000000000000000     
  0.69871640779569111        0.0000000000000000     
  0.70448204853646312        0.0000000000000000     
  0.71024735273461259        0.0000000000000000     
  0.71601315856075254        0.0000000000000000     
  0.72178020509091900        0.0000000000000000     
  0.72754686423453607        0.0000000000000000     
  0.73331302989021530        0.0000000000000000     
  0.73907952101911178        0.0000000000000000     
  0.74484706014867519        0.0000000000000000     
  0.75061525788644756        0.0000000000000000     
  0.75638281490530368        0.0000000000000000     
  0.76215053208296879        0.0000000000000000     
  0.76791911631336851        0.0000000000000000     
  0.77368919179210294        0.0000000000000000     
  0.77945862168617575        0.0000000000000000     
  0.78522805654346961        0.0000000000000000     
  0.79099818848534642        0.0000000000000000     
  0.79676962893830150        0.0000000000000000     
  0.80254136987323788        0.0000000000000000     
  0.80831296990759616        0.0000000000000000     
  0.81408510721652350        0.0000000000000000     
  0.81985838112639531        0.0000000000000000     
  0.82563283211789773        0.0000000000000000     
  0.83140700506593201        0.0000000000000000     
  0.83718156498106078        0.0000000000000000     
  0.84295709972624833        0.0000000000000000     
  0.84873412928597880        0.0000000000000000     
  0.85451124696529979        0.0000000000000000     
  0.86028861013192770        0.0000000000000000     
  0.86606679580024648        0.0000000000000000     
  0.87184631450248495        0.0000000000000000     
  0.87762671621279043        0.0000000000000000     
  0.88340723012861755        0.0000000000000000     
  0.88918842301065248        0.0000000000000000     
  0.89497079642288135        0.0000000000000000     
  0.90075479191227548        0.0000000000000000     
  0.90653877397909677        0.0000000000000000     
  0.91232329970174642        0.0000000000000000     
  0.91810886214434817        0.0000000000000000     
  0.92389589806612471        0.0000000000000000     
  0.92968363829508782        0.0000000000000000     
  0.93547179447798423        0.0000000000000000     
  0.94126085164243412        0.0000000000000000     
  0.94705123948244330        0.0000000000000000     
  0.95284300292119561        0.0000000000000000     
  0.95863506171797286        0.0000000000000000     
  0.96442789331371304        0.0000000000000000     
  0.97022192070651636        0.0000000000000000     
  0.97601751901610279        0.0000000000000000     
  0.98181372927686994        0.0000000000000000     
  0.98761059118500072        0.0000000000000000     
  0.99340852140875435        0.0000000000000000     
  0.99920788946984285        0.0000000000000000     
   1.0050084787343250        0.0000000000000000     
   1.0108096050381066        0.0000000000000000     
   1.0166116790814812        0.0000000000000000     
   1.0224150650862631        0.0000000000000000     
   1.0282200864098696        0.0000000000000000     
   1.0340256912207897        0.0000000000000000     
   1.0398321296451489        0.0000000000000000     
   1.0456397609011789        0.0000000000000000     
   1.0514489038907877        0.0000000000000000     
   1.0572591829619182        0.0000000000000000     
   1.0630701875125388        0.0000000000000000     
   1.0688822720545137        0.0000000000000000     
   1.0746957512803397        0.0000000000000000     
   1.0805108835324795        0.0000000000000000     
   1.0863266387225079        0.0000000000000000     
   1.0921433669497973        0.0000000000000000     
   1.0979613789430351        0.0000000000000000     
   1.1037809508380150        0.0000000000000000     
   1.1096016252546972        0.0000000000000000     
   1.1154231712217169        0.0000000000000000     
   1.1212458957527032        0.0000000000000000     
   1.1270700716332689        0.0000000000000000     
   1.1328958192563405        0.0000000000000000     
   1.1387223420443078        0.0000000000000000     
   1.1445499435434301        0.0000000000000000     
   1.1503788933975585        0.0000000000000000     
   1.1562094314723321        0.0000000000000000     
   1.1620410762923037        0.0000000000000000     
   1.1678737049484276        0.0000000000000000     
   1.1737075841542637        0.0000000000000000     
   1.1795429511077662        0.0000000000000000     
   1.1853798504125557        0.0000000000000000     
   1.1912176433179293        0.0000000000000000     
   1.1970565938194075        0.0000000000000000     
   1.2028969366272571        0.0000000000000000     
   1.2087388807379600        0.0000000000000000     
   1.2145819628477768        0.0000000000000000     
   1.2204261141191535        0.0000000000000000     
   1.2262715669576427        0.0000000000000000     
   1.2321185282382821        0.0000000000000000     
   1.2379670133162108        0.0000000000000000     
   1.2438164833300915        0.0000000000000000     
   1.2496671685653600        0.0000000000000000     
   1.2555192739334839        0.0000000000000000     
   1.2613729820741053        0.0000000000000000     
   1.2672278781377495        0.0000000000000000     
   1.2730839071702147        0.0000000000000000     
   1.2789412722801541        0.0000000000000000     
   1.2848001544260974        0.0000000000000000     
   1.2906605739970403        0.0000000000000000     
   1.2965220480947595        0.0000000000000000     
   1.3023847781877294        0.0000000000000000     
   1.3082489436936842        0.0000000000000000     
   1.3141147046818005        0.0000000000000000     
   1.3199817157059348        0.0000000000000000     
   1.3258499063433316        0.0000000000000000     
   1.3317194546140023        0.0000000000000000     
   1.3375905192633792        0.0000000000000000     
   1.3434631503850447        0.0000000000000000     
   1.3493368881814451        0.0000000000000000     
   1.3552119094197494        0.0000000000000000     
   1.3610883716477455        0.0000000000000000     
   1.3669664155540602        0.0000000000000000     
   1.3728457788004447        0.0000000000000000     
   1.3787263546366149        0.0000000000000000     
   1.3846082995414175        0.0000000000000000     
   1.3904917531716234        0.0000000000000000     
   1.3963768124788853        0.0000000000000000     
   1.4022630166301393        0.0000000000000000     
   1.4081505211655563        0.0000000000000000     
   1.4140394648244088        0.0000000000000000     
   1.4199299716120395        0.0000000000000000     
   1.4258218704104741        0.0000000000000000     
   1.4317150039171389        0.0000000000000000     
   1.4376095100705866        0.0000000000000000     
   1.4435055120841416        0.0000000000000000     
   1.4494031202567812        0.0000000000000000     
   1.4553019450604765        0.0000000000000000     
   1.4612020789486315        0.0000000000000000     
   1.4671036444471253        0.0000000000000000     
   1.4730067511665288        0.0000000000000000     
   1.4789113230437185        0.0000000000000000     
   1.4848171431502244        0.0000000000000000     
   1.4907243334310527        0.0000000000000000     
   1.4966330029029202        0.0000000000000000     
   1.5025432492460316        0.0000000000000000     
   1.5084548078135456        0.0000000000000000     
   1.5143676777390809        0.0000000000000000     
   1.5202819675417292        0.0000000000000000     
   1.5261977743850326        0.0000000000000000     
   1.5321151178552110        0.0000000000000000     
   1.5380337162996369        0.0000000000000000     
   1.5439536778374869        0.0000000000000000     
   1.5498750992030108        0.0000000000000000     
   1.5557980671482274        0.0000000000000000     
   1.5617224374190337        0.0000000000000000     
   1.5676481163507610        0.0000000000000000     
   1.5735752003372869        0.0000000000000000     
   1.5795037757576036        0.0000000000000000     
   1.5854339202081187        0.0000000000000000     
   1.5913653568783304        0.0000000000000000     
   1.5972981461016573        0.0000000000000000     
   1.6032323739651335        0.0000000000000000     
   1.6091681177384409        0.0000000000000000     
   1.6151053475356800        0.0000000000000000     
   1.6210438794915123        0.0000000000000000     
   1.6269837994833698        0.0000000000000000     
   1.6329251845285835        0.0000000000000000     
   1.6388681038742843        0.0000000000000000     
   1.6448124113219658        0.0000000000000000     
   1.6507580582358332        0.0000000000000000     
   1.6567051214563591        0.0000000000000000     
   1.6626536700107146        0.0000000000000000     
   1.6686037660719064        0.0000000000000000     
   1.6745551701633608        0.0000000000000000     
   1.6805079437767636        0.0000000000000000     
   1.6864621557887389        0.0000000000000000     
   1.6924178681788977        0.0000000000000000     
   1.6983750554733408        0.0000000000000000     
   1.7043335673239541        0.0000000000000000     
   1.7102934725271817        0.0000000000000000     
   1.7162548329333838        0.0000000000000000     
   1.7222177042982936        0.0000000000000000     
   1.7281819781890537        0.0000000000000000     
   1.7341476021401854        0.0000000000000000     
   1.7401146379377417        0.0000000000000000     
   1.7460831412254312        0.0000000000000000     
   1.7520531622552986        0.0000000000000000     
   1.7580245266350936        0.0000000000000000     
   1.7639972611940438        0.0000000000000000     
   1.7699714215239422        0.0000000000000000     
   1.7759470577788128        0.0000000000000000     
   1.7819241806651451        0.0000000000000000     
   1.7879026336280712        0.0000000000000000     
   1.7938824722681990        0.0000000000000000     
   1.7998637466973637        0.0000000000000000     
   1.8058465022075745        0.0000000000000000     
   1.8118306897625651        0.0000000000000000     
   1.8178162244075740        0.0000000000000000     
   1.8238031562686297        0.0000000000000000     
   1.8297915306032155        0.0000000000000000     
   1.8357813883912277        0.0000000000000000     
   1.8417726334283575        0.0000000000000000     
   1.8477652385581786        0.0000000000000000     
   1.8537592490561001        0.0000000000000000     
   1.8597547058735577        0.0000000000000000     
   1.8657516461604731        0.0000000000000000     
   1.8717499372226085        0.0000000000000000     
   1.8777495979411776        0.0000000000000000     
   1.8837506692880714        0.0000000000000000     
   1.8897531883896177        0.0000000000000000     
   1.8957571751046396        0.0000000000000000     
   1.9017624970542109        0.0000000000000000     
   1.9077691952799047        0.0000000000000000     
   1.9137773069301849        0.0000000000000000     
   1.9197868657284827        0.0000000000000000     
   1.9257978570962002        0.0000000000000000     
   1.9318101916274226        0.0000000000000000     
   1.9378239065387404        0.0000000000000000     
   1.9438390355768207        0.0000000000000000     
   1.9498556094331849        0.0000000000000000     
   1.9558735869952943        0.0000000000000000     
   1.9618929130836775        0.0000000000000000     
   1.9679136215112754        0.0000000000000000     
   1.9739357429935540        0.0000000000000000     
   1.9799593055163922        0.0000000000000000     
   1.9859842481082912        0.0000000000000000     
   1.9920105423947885        0.0000000000000000     
   1.9980382191556456        0.0000000000000000     
   2.0040673064011627        0.0000000000000000     
   2.0100978296988021        0.0000000000000000     
   2.0161297138319956        0.0000000000000000     
   2.0221629509556678        0.0000000000000000     
   2.0281975691424372        0.0000000000000000     
   2.0342335939845495        0.0000000000000000     
   2.0402710488841720        0.0000000000000000     
   2.0463098490776170        0.0000000000000000     
   2.0523500019638381        0.0000000000000000     
   2.0583915331955156        0.0000000000000000     
   2.0644344661999345        0.0000000000000000     
   2.0704788224372797        0.0000000000000000     
   2.0765245115046125        0.0000000000000000     
   2.0825715516148819        0.0000000000000000     
   2.0886199662540790        0.0000000000000000     
   2.0946697769078733        0.0000000000000000     
   2.1007210015344246        0.0000000000000000     
   2.1067735508326737        0.0000000000000000     
   2.1128274483808629        0.0000000000000000     
   2.1188827157218357        0.0000000000000000     
   2.1249393725969661        0.0000000000000000     
   2.1309974293791765        0.0000000000000000     
   2.1370568090243505        0.0000000000000000     
   2.1431175331641179        0.0000000000000000     
   2.1491796215957164        0.0000000000000000     
   2.1552430924907582        0.0000000000000000     
   2.1613079514965907        0.0000000000000000     
   2.1673741305527900        0.0000000000000000     
   2.1734416495422830        0.0000000000000000     
   2.1795105266914634        0.0000000000000000     
   2.1855807787567532        0.0000000000000000     
   2.1916524090071259        0.0000000000000000     
   2.1977253556493674        0.0000000000000000     
   2.2037996369928265        0.0000000000000000     
   2.2098752698478554        0.0000000000000000     
   2.2159522696927554        0.0000000000000000     
   2.2220306393242439        0.0000000000000000     
   2.2281103209799373        0.0000000000000000     
   2.2341913315507589        0.0000000000000000     
   2.2402736865683139        0.0000000000000000     
   2.2463574003544995        0.0000000000000000     
   2.2524424767607725        0.0000000000000000     
   2.2585288602327234        0.0000000000000000     
   2.2646165663804769        0.0000000000000000     
   2.2707056095788221        0.0000000000000000     
   2.2767960031014876        0.0000000000000000     
   2.2828877530563254        0.0000000000000000     
   2.2889808046297371        0.0000000000000000     
   2.2950751722732901        0.0000000000000000     
   2.3011708693133914        0.0000000000000000     
   2.3072679080719909        0.0000000000000000     
   2.3133662978363407        0.0000000000000000     
   2.3194659833719542        0.0000000000000000     
   2.3255669780805639        0.0000000000000000     
   2.3316692943367658        0.0000000000000000     
   2.3377729435967018        0.0000000000000000     
   2.3438779364941014        0.0000000000000000     
   2.3499842215087972        0.0000000000000000     
   2.3560918085722462        0.0000000000000000     
   2.3622007091933677        0.0000000000000000     
   2.3683109340392918        0.0000000000000000     
   2.3744224930221010        0.0000000000000000     
   2.3805353427596145        0.0000000000000000     
   2.3866494872498460        0.0000000000000000     
   2.3927649372129789        0.0000000000000000     
   2.3988817025958458        0.0000000000000000     
   2.4049997926504103        0.0000000000000000     
   2.4111191721434975        0.0000000000000000     
   2.4172398389688992        0.0000000000000000     
   2.4233618031269004        0.0000000000000000     
   2.4294850739056173        0.0000000000000000     
   2.4356096599521377        0.0000000000000000     
   2.4417355340764400        0.0000000000000000     
   2.4478626880288625        0.0000000000000000     
   2.4539911311514793        0.0000000000000000     
   2.4601208721289689        0.0000000000000000     
   2.4662519190532284        0.0000000000000000     
   2.4723842525743254        0.0000000000000000     
   2.4785178583701901        0.0000000000000000     
   2.4846527451800529        0.0000000000000000     
   2.4907889211348655        0.0000000000000000     
   2.4969263938160982        0.0000000000000000     
   2.5030651514306377        0.0000000000000000     
   2.5092051737469054        0.0000000000000000     
   2.5153464689510674        0.0000000000000000     
   2.5214890446651252        0.0000000000000000     
   2.5276329080005238        0.0000000000000000     
   2.5337780543722053        0.0000000000000000     
   2.5399244578778797        0.0000000000000000     
   2.5460721261954795        0.0000000000000000     
   2.5522210664784581        0.0000000000000000     
   2.5583712854047649        0.0000000000000000     
   2.5645227851958423        0.0000000000000000     
   2.5706755345795860        0.0000000000000000     
   2.5768295407661364        0.0000000000000000     
   2.5829848104769164        0.0000000000000000     
   2.5891413499894687        0.0000000000000000     
   2.5952991651776514        0.0000000000000000     
   2.6014582251714740        0.0000000000000000     
   2.6076185340396645        0.0000000000000000     
   2.6137800981046837        0.0000000000000000     
   2.6199429232736868        0.0000000000000000     
   2.6261070150754655        0.0000000000000000     
   2.6322723504758585        0.0000000000000000     
   2.6384389269141977        0.0000000000000000     
   2.6446067503439736        0.0000000000000000     
   2.6507758263292427        0.0000000000000000     
   2.6569461600786473        0.0000000000000000     
   2.6631177357661042        0.0000000000000000     
   2.6692905447562887        0.0000000000000000     
   2.6754645926609717        0.0000000000000000     
   2.6816398847259575        0.0000000000000000     
   2.6878164258624753        0.0000000000000000     
   2.6939942068179490        0.0000000000000000     
   2.7001732134494580        0.0000000000000000     
   2.7063534510518554        0.0000000000000000     
   2.7125349245753543        0.0000000000000000     
   2.7187176386545540        0.0000000000000000     
   2.7249015899739484        0.0000000000000000     
   2.7310867594569266        0.0000000000000000     
   2.7372731521040361        0.0000000000000000     
   2.7434607725906028        0.0000000000000000     
   2.7496496252936238        0.0000000000000000     
   2.7558397122005625        0.0000000000000000     
   2.7620310098772065        0.0000000000000000     
   2.7682235230504455        0.0000000000000000     
   2.7744172561396638        0.0000000000000000     
   2.7806122132817079        0.0000000000000000     
   2.7868083983535672        0.0000000000000000     
   2.7930057897076592        0.0000000000000000     
   2.7992043890314067        0.0000000000000000     
   2.8054042005056208        0.0000000000000000     
   2.8116052280430242        0.0000000000000000     
   2.8178074753093911        0.0000000000000000     
   2.8240109259754811        0.0000000000000000     
   2.8302155772254194        0.0000000000000000     
   2.8364214330173851        0.0000000000000000     
   2.8426284970547258        0.0000000000000000     
   2.8488367728056905        0.0000000000000000     
   2.8550462485774109        0.0000000000000000     
   2.8612569176881215        0.0000000000000000     
   2.8674687838880315        0.0000000000000000     
   2.8736818506846977        0.0000000000000000     
   2.8798961213614858        0.0000000000000000     
   2.8861115881985606        0.0000000000000000     
   2.8923282412699307        0.0000000000000000     
   2.8985460841313335        0.0000000000000000     
   2.9047651201070730        0.0000000000000000     
   2.9109853523073173        0.0000000000000000     
   2.9172067763417884        0.0000000000000000     
   2.9234293796447242        0.0000000000000000     
   2.9296531655898419        0.0000000000000000     
   2.9358781373297758        0.0000000000000000     
   2.9421042978123162        0.0000000000000000     
   2.9483316453540769        0.0000000000000000     
   2.9545601653356135        0.0000000000000000     
   2.9607898609601206        0.0000000000000000     
   2.9670207352192830        0.0000000000000000     
   2.9732527909085431        0.0000000000000000     
   2.9794860284502627        0.0000000000000000     
   2.9857204317381365        0.0000000000000000     
   2.9919560038154711        0.0000000000000000     
   2.9981927475229320        0.0000000000000000     
   3.0044306655129254        0.0000000000000000     
   3.0106697597344354        0.0000000000000000     
   3.0169100131411799        0.0000000000000000     
   3.0231514286264258        0.0000000000000000     
   3.0293940088890343        0.0000000000000000     
   3.0356377564470267        0.0000000000000000     
   3.0418826736501092        0.0000000000000000     
   3.0481287441766249        0.0000000000000000     
   3.0543759702099202        0.0000000000000000     
   3.0606243543156109        0.0000000000000000     
   3.0668738988853854        0.0000000000000000     
   3.0731246061488573        0.0000000000000000     
   3.0793764609878203        0.0000000000000000     
   3.0856294648976443        0.0000000000000000     
   3.0918836203186593        0.0000000000000000     
   3.0981389295237207        0.0000000000000000     
   3.1043953946294414        0.0000000000000000     
   3.1106530011683597        0.0000000000000000     
   3.1169117504745021        0.0000000000000000     
   3.1231716448703231        0.0000000000000000     
   3.1294326865168403        0.0000000000000000     
   3.1356948774242897        0.0000000000000000     
   3.1419582032481634        0.0000000000000000     
   3.1482226656643282        0.0000000000000000     
   3.1544882668842726        0.0000000000000000     
   3.1607550089637044        0.0000000000000000     
   3.1670228935827227        0.0000000000000000     
   3.1732919064763969        0.0000000000000000     
   3.1795620499125259        0.0000000000000000     
   3.1858333259980789        0.0000000000000000     
   3.1921057366895540        0.0000000000000000     
   3.1983792821894061        0.0000000000000000     
   3.2046539501395594        0.0000000000000000     
   3.2109297427038137        0.0000000000000000     
   3.2172066618906396        0.0000000000000000     
   3.2234847095630319        0.0000000000000000     
   3.2297638840223746        0.0000000000000000     
   3.2360441752195901        0.0000000000000000     
   3.2423255852204322        0.0000000000000000     
   3.2486081159405020        0.0000000000000000     
   3.2548917691546340        0.0000000000000000     
   3.2611765408609599        0.0000000000000000     
   3.2674624237014704        0.0000000000000000     
   3.2737494196494383        0.0000000000000000     
   3.2800375305328622        0.0000000000000000     
   3.2863267580434208        0.0000000000000000     
   3.2926170954946121        0.0000000000000000     
   3.2989085385818666        0.0000000000000000     
   3.3052010891911801        0.0000000000000000     
   3.3114947490678848        0.0000000000000000     
   3.3177895198251961        0.0000000000000000     
   3.3240853917309052        0.0000000000000000     
   3.3303823638769732        0.0000000000000000     
   3.3366804380669937        0.0000000000000000     
   3.3429796159682583        0.0000000000000000     
   3.3492798981732843        0.0000000000000000     
   3.3555812734559867        0.0000000000000000     
   3.3618837436826490        0.0000000000000000     
   3.3681873105790316        0.0000000000000000     
   3.3744919757387244        0.0000000000000000     
   3.3807977355790593        0.0000000000000000     
   3.3871045833747457        0.0000000000000000     
   3.3934125209142354        0.0000000000000000     
   3.3997215498497391        0.0000000000000000     
   3.4060316717052173        0.0000000000000000     
   3.4123428784428067        0.0000000000000000     
   3.4186551681024167        0.0000000000000000     
   3.4249685423989056        0.0000000000000000     
   3.4312830029149568        0.0000000000000000     
   3.4375985498363595        0.0000000000000000     
   3.4439151729513777        0.0000000000000000     
   3.4502328740413928        0.0000000000000000     
   3.4565516547516486        0.0000000000000000     
   3.4628715165990789        0.0000000000000000     
   3.4691924543899644        0.0000000000000000     
   3.4755144635809923        0.0000000000000000     
   3.4818375458836632        0.0000000000000000     
   3.4881617028773433        0.0000000000000000     
   3.4944869360167665        0.0000000000000000     
   3.5008132345179228        0.0000000000000000     
   3.5071405997031309        0.0000000000000000     
   3.5134690332177136        0.0000000000000000     
   3.5197985365786733        0.0000000000000000     
   3.5261291055238981        0.0000000000000000     
   3.5324607347974828        0.0000000000000000     
   3.5387934261141063        0.0000000000000000     
   3.5451271810563987        0.0000000000000000     
   3.5514620010822990        0.0000000000000000     
   3.5577978755896096        0.0000000000000000     
   3.5641348059202720        0.0000000000000000     
   3.5704727937257865        0.0000000000000000     
   3.5768118405293627        0.0000000000000000     
   3.5831519413755415        0.0000000000000000     
   3.5894930918839214        0.0000000000000000     
   3.5958352937780100        0.0000000000000000     
   3.6021785486493827        0.0000000000000000     
   3.6085228569198309        0.0000000000000000     
   3.6148682087422608        0.0000000000000000     
   3.6212146059152288        0.0000000000000000     
   3.6275620501016692        0.0000000000000000     
   3.6339105428362948        0.0000000000000000     
   3.6402600770996445        0.0000000000000000     
   3.6466106507251093        0.0000000000000000     
   3.6529622654498874        0.0000000000000000     
   3.6593149228793900        0.0000000000000000     
   3.6656686207187534        0.0000000000000000     
   3.6720233519717747        0.0000000000000000     
   3.6783791184527419        0.0000000000000000     
   3.6847359218405407        0.0000000000000000     
   3.6910937636859336        0.0000000000000000     
   3.6974526337593376        0.0000000000000000     
   3.7038125332256726        0.0000000000000000     
   3.7101734638400012        0.0000000000000000     
   3.7165354272257662        0.0000000000000000     
   3.7228984173447262        0.0000000000000000     
   3.7292624310519003        0.0000000000000000     
   3.7356274701811660        0.0000000000000000     
   3.7419935364312322        0.0000000000000000     
   3.7483606278677737        0.0000000000000000     
   3.7547287371124165        0.0000000000000000     
   3.7610978660804375        0.0000000000000000     
   3.7674680165483352        0.0000000000000000     
   3.7738391901611719        0.0000000000000000     
   3.7802113762941629        0.0000000000000000     
   3.7865845764735946        0.0000000000000000     
   3.7929587925562331        0.0000000000000000     
   3.7993340262639155        0.0000000000000000     
   3.8057102707020714        0.0000000000000000     
   3.8120875235264049        0.0000000000000000     
   3.8184657866763843        0.0000000000000000     
   3.8248450619529950        0.0000000000000000     
   3.8312253461908496        0.0000000000000000     
   3.8376066331664762        0.0000000000000000     
   3.8439889249044468        0.0000000000000000     
   3.8503722232872328        0.0000000000000000     
   3.8567565289073968        0.0000000000000000     
   3.8631418316242234        0.0000000000000000     
   3.8695281335497711        0.0000000000000000     
   3.8759154366503030        0.0000000000000000     
   3.8823037427538911        0.0000000000000000     
   3.8886930428947419        0.0000000000000000     
   3.8950833366960280        0.0000000000000000     
   3.9014746262100939        0.0000000000000000     
   3.9078669133475166        0.0000000000000000     
   3.9142601926973879        0.0000000000000000     
   3.9206544601606295        0.0000000000000000     
   3.9270497178779413        0.0000000000000000     
   3.9334459678446065        0.0000000000000000     
   3.9398432082991848        0.0000000000000000     
   3.9462414313173722        0.0000000000000000     
   3.9526406391304931        0.0000000000000000     
   3.9590408338207270        0.0000000000000000     
   3.9654420173288032        0.0000000000000000     
   3.9718441779095666        0.0000000000000000     
   3.9782473178219662        0.0000000000000000     
   3.9846514392372652        0.0000000000000000     
   3.9910565441816628        0.0000000000000000     
   3.9974626244539850        0.0000000000000000     
   4.0038696785869190        0.0000000000000000     
   4.0102777088430024        0.0000000000000000     
   4.0166867173360146        0.0000000000000000     
   4.0230966995574899        0.0000000000000000     
   4.0295076501574103        0.0000000000000000     
   4.0359195714917915        0.0000000000000000     
   4.0423324657641073        0.0000000000000000     
   4.0487463323271298        0.0000000000000000     
   4.0551611617720100        0.0000000000000000     
   4.0615769565504625        0.0000000000000000     
   4.0679937189577826        0.0000000000000000     
   4.0744114511408611        0.0000000000000000     
   4.0808301419458486        0.0000000000000000     
   4.0872497926681799        0.0000000000000000     
   4.0936704056971216        0.0000000000000000     
   4.1000919832697766        0.0000000000000000     
   4.1065145180923421        0.0000000000000000     
   4.1129380073976582        0.0000000000000000     
   4.1193624536711342        0.0000000000000000     
   4.1257878592421626        1.1175605244627572E-231
   4.1322142208874881        9.3684324253582716E-204
   4.1386415315596770        5.8614688966054875E-180
   4.1450697938424828        2.5237911201920250E-159
   4.1514990101596920        3.8030159941702182E-140
   4.1579291815852750        1.6320778072985962E-123
   4.1643602965576942        3.6321754876591251E-109
   4.1707923577612869        4.4132664612953185E-096
   4.1772253677163667        1.7028703410399316E-084
   4.1836593287875834        1.4845142646812248E-074
   4.1900942311469294        1.1629641973520070E-065
   4.1965300743333707        1.3008967587091821E-057
   4.2029668609659199        9.6046048810526352E-051
   4.2094045935039919        1.0245479195813318E-044
   4.2158432664945851        3.8619940160434545E-039
   4.2222828748808920        2.0981325872805171E-034
   4.2287234213828402        2.6014599456721880E-030
   4.2351649085567153        1.7873951545242522E-026
   4.2416073355843942        3.2229029914647657E-023
   4.2480506925464905        2.0616942428683337E-020
   4.2544949822661087        8.2489905654534154E-018
   4.2609402073985549        1.4077903328660631E-015
   4.2673863704398531        1.1570678604119235E-013
   4.2738334595158438        6.4628878707220660E-012
   4.2802814759610657        1.9676369587898621E-010
   4.2867304225320462        3.2387524711322542E-009
   4.2931803018219945        3.2319072667702920E-008
   4.2996311067151449        2.1529310165830735E-007
   4.3060828335565899        1.0359862612808250E-006
   4.3125354852063262        3.8400523848184735E-006
   4.3189890643568853        1.1551929678815754E-005
   4.3254435689391135        2.9398145885774464E-005
   4.3318989900136025        6.5363610333258343E-005
   4.3383553305461300        1.3017451749534591E-004
   4.3448125933307393        2.3677534613747401E-004
   4.3512707809984210        3.9943251582799031E-004
   4.3577298803117213        6.3265031095420402E-004
   4.3641898936976586        9.5004879101110709E-004
   4.3706508240540352        1.3631049026163781E-003
   4.3771093240107328        1.8803010997070517E-003
   4.3835622941824868        2.5067909282028155E-003
   4.3900098428411027        3.2434966415293746E-003
   4.3964476832850803        4.0881472862072006E-003
   4.4028777666935861        5.0351418322658568E-003
   4.4093018209191683        6.0760172513485795E-003
   4.4157213758747700        7.1995753971546448E-003
   4.4221350980155485        8.3927331484757173E-003
   4.4285406028334133        9.6422176171518364E-003
   4.4349396148339677        1.0934551711906255E-002
   4.4413336608944887        1.2256595674626889E-002
   4.4477240927847204        1.3595185415733044E-002
   4.4541082913611900        1.4938678407950656E-002
   4.4604855617990395        1.6277283785296269E-002
   4.4668574299617037        1.7602669119613785E-002
   4.4732252467796512        1.8907973137457110E-002
   4.4795902082283758        2.0186788896854182E-002
   4.4859485776568384        2.1435028274878098E-002
   4.4923011333209910        2.2649938690931719E-002
   4.4986492268632228        2.3829791141458084E-002
   4.5049940550287335        2.4973597578599696E-002
   4.5113359895078258        2.6080475342887578E-002
   4.5176717193366942        2.7151013761841789E-002
   4.5240025983222880        2.8186219206110249E-002
   4.5303298251911439        2.9187403983688388E-002
   4.5366544614577595        3.0155800239101447E-002
   4.5429755395108886        3.1092724521377499E-002
   4.5492913966746960        3.2000033503263976E-002
   4.5556032348157283        3.2879583402803121E-002
   4.5619121183385065        3.3733194827709763E-002
   4.5682189900452821        3.4562241490705019E-002
   4.5745217540604921        3.5368306429679038E-002
   4.5808201493011858        3.6153066753914477E-002
   4.5871152439829332        3.6918085385070326E-002
   4.5934079844134921        3.7664810711017495E-002
   4.5996992090785200        3.8394140387642585E-002
   4.6059858827201694        3.9107359919816079E-002
   4.6122689256352958        3.9805656856346308E-002
   4.6185492883812875        4.0490110448560365E-002
   4.6248278133431624        4.1161598249812567E-002
   4.6311042970658765        4.1820743066195418E-002
   4.6373768334690659        4.2468404551284117E-002
   4.6436463781420381        4.3105356646524616E-002
   4.6499137779971313        4.3732296113023372E-002
   4.6561797839058237        4.4349666297017039E-002
   4.6624431948438945        4.4957915122627090E-002
   4.6687033150369528        4.5557595366256837E-002
   4.6749609965848160        4.6149203295341078E-002
   4.6812169950240712        4.6733184941882555E-002
   4.6874719805701499        4.7309699980349125E-002
   4.6937239269866708        4.7879099587278456E-002
   4.6999731525539570        4.8441744950672438E-002
   4.7062204180319380        4.8997961001907168E-002
   4.7124663983285169        4.9548005870474039E-002
   4.7187112981664621        5.0091932125466615E-002
   4.7249532050945868        5.0630012104917771E-002
   4.7311928856921961        5.1162491410937032E-002
   4.7374310200382448        5.1689592054963207E-002
   4.7436682118367095        5.2211417401674537E-002
   4.7499038285955928        5.2728038225372149E-002
   4.7561369622183882        5.3239648331755970E-002
   4.7623682984695295        5.3746423481485353E-002
   4.7685984461039350        5.4248523502046495E-002
   4.7748279458919889        5.4745949964894777E-002
   4.7810554736754529        5.5238800754921304E-002
   4.7872809618229786        5.5727221088040513E-002
   4.7935050245791802        5.6211343412202991E-002
   4.7997282075893422        5.6691288063639170E-002
   4.8059509853426245        5.7166879728072190E-002
   4.8121700432869883        5.7638082910090996E-002
   4.8183838537595278        5.8104904379926950E-002
   4.8245914537110437        5.8567255776683258E-002
   4.8307906234653437        5.9025299562817171E-002
   4.8369825087715137        5.9479182501987984E-002
   4.8431681247411547        5.9929037560831407E-002
   4.8493483714393921        6.0374985560379284E-002
   4.8555240475575596        6.0817136612447809E-002
   4.8616958624164228        6.1255591370773459E-002
   4.8678644465120442        6.1690186204759259E-002
   4.8740267320358051        6.2121026262665732E-002
   4.8801834233492363        6.2548215005998234E-002
   4.8863352497434009        6.2971847086260108E-002
   4.8924828604666351        6.3392009361764243E-002
   4.8986268341274695        6.3808781786995755E-002
   4.9047676869419714        6.4222238193083758E-002
   4.9109058799779080        6.4632446974817237E-002
   4.9170418255244019        6.5039471696907367E-002
   4.9231758926969071        6.5443371629803126E-002
   4.9293084123720270        6.5844202223352660E-002
   4.9354396815341133        6.6241910548321639E-002
   4.9415683494173939        6.6636526104241769E-002
   4.9476943174338421        6.7028106688687125E-002
   4.9538179390038684        6.7416706443643393E-002
   4.9599395320399342        6.7802376251549640E-002
   4.9660593829362281        6.8185164080995717E-002
   4.9721777500848177        6.8565115288475975E-002
   4.9782948669734717        6.8942272882257793E-002
   4.9844109449155312        6.9316677754018743E-002
   4.9905261754568562        6.9688368869726153E-002
   4.9966407324995732        7.0057383383816896E-002
   5.0027547741774541        7.0423756620351094E-002
   5.0088684445133573        7.0787521868168002E-002
   5.0149818748852955        7.1148709966469131E-002
   5.0210951853243273        7.1507348702613729E-002
   5.0272084856645387        7.1863462090145325E-002
   5.0333218765628418        7.2217069628931846E-002
   5.0394354504041265        7.2568138892385711E-002
   5.0455484777048882        7.2916675683036725E-002
   5.0516609673565167        7.3262686442762306E-002
   5.0577730327887389        7.3606171805786186E-002
   5.0638847783799825        7.3947127159910198E-002
   5.0699963003286035        7.4285543501147730E-002
   5.0761076874302065        7.4621408496100522E-002
   5.0822190217712366        7.4954707629393255E-002
   5.0883303793477763        7.5285425292513336E-002
   5.0944418306176660        7.5613545672349833E-002
   5.1005534409933624        7.5939053324387440E-002
   5.1066652712822789        7.6261933362961817E-002
   5.1127773780806827        7.6582171260589499E-002
   5.1188898141265682        7.6899752309311203E-002
   5.1250026286163006        7.7214660848589453E-002
   5.1311158674892567        7.7526879398776588E-002
   5.1372295736841505        7.7836387852272454E-002
   5.1433437873702976        7.8143162866095864E-002
   5.1494585461566365        7.8447177572819299E-002
   5.1555738852810018        7.8748401687014746E-002
   5.1616898377818288        7.9046802038159558E-002
   5.1678064346542296        7.9342343514574726E-002
   5.1739237049921627        7.9634990361890728E-002
   5.1800416761182433        7.9924707747570226E-002
   5.1861603737026023        8.0211463482433021E-002
   5.1922798218720780        8.0495229781404679E-002
   5.1984000433109330        8.0775984948098942E-002
   5.2045210593541915        8.1053714879483818E-002
   5.2106428900746415        8.1328414305558580E-002
   5.2167655543644491        8.1600087701940008E-002
   5.2228890700122799        8.1868749838203095E-002
   5.2290134537767408        8.2134425949465004E-002
   5.2351387214568756        8.2397151541289473E-002
   5.2412648879603472        8.2656971857217501E-002
   5.2473919673698557        8.2913941053311208E-002
   5.2535199730082294        8.3168121134629611E-002
   5.2596489175025152        8.3419580714545860E-002
   5.2657788128472953        8.3668393659655588E-002
   5.2719096704673634        8.3914637678955684E-002
   5.2780415012797874        8.4158392893867728E-002
   5.2841743157553402        8.4399740403198906E-002
   5.2903081239791936        8.4638760839375091E-002
   5.2964429357107630        8.4875532895315423E-002
   5.3025787604425414        8.5110131782531406E-002
   5.3087156074577777        8.5342627564647944E-002
   5.3148534858868430        8.5573083304865599E-002
   5.3209924047621451        8.5801552979429818E-002
   5.3271323730714562        8.6028079145629391E-002
   5.3332733998095279        8.6252690409229255E-002
   5.3394154940278522        8.6475398803412970E-002
   5.3455586648824074        8.6696197256641808E-002
   5.3517029216792080        8.6915057377067673E-002
   5.3578482739174023        8.7131924994628907E-002
   5.3639946516570216        8.7346721490929466E-002
   5.3701419635404513        8.7559348353385261E-002
   5.3762902215813915        8.7769684819963556E-002
   5.3824394379399765        8.7977590448396994E-002
   5.3885896249618765        8.8182908857684303E-002
   5.3947407952137238        8.8385472508333410E-002
   5.4008929615144847        8.8585108307312269E-002
   5.4070461369622880        8.8781643762205625E-002
   5.4132003349561240        8.8974913371606457E-002
   5.4193555692118167        8.9164764927289059E-002
   5.4255118537716926        8.9351065417396736E-002
   5.4316692030074520        8.9533706255657680E-002
   5.4378276316158516        8.9712607614094317E-002
   5.4439871546069289        8.9887721699844658E-002
   5.4501477872846644        9.0059034884178518E-002
   5.4563095452201180        9.0226568657871403E-002
   5.4624724442172559        9.0390379447119848E-002
   5.4686365002718595        9.0550557374983076E-002
   5.4748017295240849        9.0707224092835506E-002
   5.4809681482054238        9.0860529834108722E-002
   5.4871357725809853        9.1010649857542494E-002
   5.4933046188881915        9.1157780447999215E-002
   5.4994747032731306        9.1302134626892184E-002
   5.5056460417259538        9.1443937691229521E-002
   5.5118186500168234        9.1583422654151300E-002
   5.5179925436340138        9.1720825608850351E-002
   5.5241677377258522        9.1856380993992723E-002
   5.5303442470482080        9.1990316713936135E-002
   5.5365220859192599        9.2122849070054788E-002
   5.5427012681832126        9.2254177493108575E-002
   5.5488818071845625        9.2384479127584379E-002
   5.5550637157543541        9.2513903397041727E-002
   5.5612470062096788        9.2642566761610437E-002
   5.5674316903674095        9.2770547949611176E-002
   5.5736177795728414        9.2897883991660976E-002
   5.5798052847435464        9.3024567398018843E-002
   5.5859942164283192        9.3150544793876217E-002
   5.5921845848806475        9.3275717263983815E-002
   5.5983764001456562        9.3399942563643146E-002
   5.6045696721589868        9.3523039237316655E-002
   5.6107644108555981        9.3644792561418999E-002
   5.6169606262860325        9.3764962106366201E-002
   5.6231583287373095        9.3883290606381120E-002
   5.6293575288552749        9.3999513742978574E-002
   5.6355582377650171        9.4113370395330673E-002
   5.6417604671858257        9.4224612890805082E-002
   5.6479642295371590        9.4333016800924319E-002
   5.6541695380321757        9.4438389868572226E-002
   5.6603764067556268        9.4540579715979095E-002
   5.6665848507232104        9.4639480062867584E-002
   5.6727948859199371        9.4735035273146029E-002
   5.6790065293155791        9.4827243139193995E-002
   5.6852197988558544        9.4916155898335880E-002
   5.6914347134286514        9.5001879549915610E-002
   5.6976512928052703        9.5084571597858478E-002
   5.7038695575573506        9.5164437375958061E-002
   5.7100895289508165        9.5241725122890739E-002
   5.7163112288188378        9.5316719973768019E-002
   5.7225346794163938        9.5389737027651300E-002
   5.7287599032595784        9.5461113639113179E-002
   5.7349869229532624        9.5531201073098870E-002
   5.7412157610111008        9.5600355662542366E-002
   5.7474464396721761        9.5668929622463733E-002
   5.7536789807187692        9.5737261703423074E-002
   5.7599134052998204        9.5805667908231501E-002
   5.7661497337646130        9.5874432541686927E-002
   5.7723879855110871        9.5943799905134658E-002
   5.7786281788528973        9.6013966976332868E-002
   5.7848703309089693        9.6085077422280174E-002
   5.7911144575187921        9.6157217273155723E-002
   5.7973605731860793        9.6230412537095592E-002
   5.8036086910527285        9.6304628959882982E-002
   5.8098588229042063        9.6379774035870516E-002
   5.8161109792066217        9.6455701264141422E-002
   5.8223651691748586        9.6532216526233894E-002
   5.8286214008702011        9.6609086348599688E-002
   5.8348796813249777        9.6686047713258491E-002
   5.8411400166908782        9.6762819001445718E-002
   5.8474024124068134        9.6839111602988151E-002
   5.8536668733814734        9.6914641701020418E-002
   5.8599334041852043        9.6989141748132612E-002
   5.8662020092454101        9.7062371183606777E-002
   5.8724726930394562        9.7134125997516571E-002
   5.8787454602790365        9.7204246820469437E-002
   5.8850203160800945        9.7272625300237489E-002
   5.8912972661127672        9.7339208610905781E-002
   5.8975763167263313        9.7404002019742114E-002
   5.9038574750448563        9.7467069506562865E-002
   5.9101407490300977        9.7528532487073452E-002
   5.9164261475091360        9.7588566735284543E-002
   5.9227136801653222        9.7647397632869268E-002
   5.9290033574921850        9.7705293898947068E-002
   5.9352951907110869        9.7762559976469016E-002
   5.9415891916545114        9.7819527275224291E-002
   5.9478853726179164        9.7876544498603460E-002
   5.9541837461840617        9.7933967312669040E-002
   5.9604843250245638        9.7992147649821129E-002
   5.9667871216841624        9.8051422972293092E-002
   5.9730921483537154        9.8112105848217723E-002
   5.9793994166383513        9.8174474209778442E-002
   5.9857089373273702        9.8238762664457871E-002
   5.9920207201724960        9.8305155212833728E-002
   5.9983347736808810        9.8373779687955742E-002
   6.0046511049288567        9.8444704172126307E-002
   6.0109697194018610        9.8517935569353302E-002
   6.0172906208651948        9.8593420419852237E-002
   6.0236138112693816        9.8671047942671522E-002
   6.0299392906928571        9.8750655190269335E-002
   6.0362670573235899        9.8832034101697275E-002
   6.0425971074800415        9.8914940155297795E-002
   6.0489294356706553        9.8999102253167354E-002
   6.0552640346898512        9.9084233421888185E-002
   6.0616008957473495        9.9170041889536181E-002
   6.0679400086265707        9.9256242097961356E-002
   6.0742813618669276        9.9342565230070012E-002
   6.0806249429640431        9.9428768870831463E-002
   6.0869707385813347        9.9514645473608665E-002
   6.0933187347660391        9.9600029364986145E-002
   6.0996689171626093        9.9684802086671895E-002
   6.1060212712164859        9.9768895938556160E-002
   6.1123757823615987        9.9852295649579981E-002
   6.1187324361854785        9.9935038161768103E-002
   6.1250912185666353       0.10001721056710465     
   6.1314521157797852       0.10009894628781429     
   6.1378151145656021       0.10018041963889969     
   6.1441802021628602       0.10026183895808570     
   6.1505473663021109       0.10034343853284210     
   6.1569165951613245       0.10042546959595949     
   6.1632878772852031       0.10050819069857179     
   6.1696612014710936       0.10059185780014697     
   6.1760365566255349       0.10067671443586748     
   6.1824139315964581       0.10076298233034565     
   6.1887933149868628       0.10085085282018173     
   6.1951746949564042       0.10094047942508080     
   6.2015580590177253       0.10103197186764114     
   6.2079433938345394       0.10112539178650537     
   6.2143306850284050       0.10122075031822789     
   6.2207199170008494       0.10131800764381987     
   6.2271110727769816       0.10141707451040365     
   6.2335041338760320       0.10151781565183937     
   6.2398990802133465       0.10162005494965412     
   6.2462958900373380       0.10172358210184639     
   6.2526945399037199       0.10182816050631199     
   6.2590950046881204       0.10193353602065347     
   6.2654972576368824       0.10203944623287123     
   6.2719012704546007       0.10214562986813477     
   6.2783070134257128       0.10225183596436953     
   6.2847144555663332       0.10235783247197003     
   6.2911235648015209       0.10246341396759748     
   6.2975343081623496       0.10256840821594616     
   6.3039466519964957       0.10267268136372132     
   6.3103605621856760       0.10277614160444110     
   6.3167760043630699       0.10287874120919889     
   6.3231929441239441       0.10298047687606511     
   6.3296113472230022       0.10308138840800853     
   6.3360311797525330       0.10318155578586553     
   6.3424524082961762       0.10328109475758071     
   6.3488750000540533       0.10338015111692608     
   6.3552989229361110       0.10347889389268494     
   6.3617241456216842       0.10357750771098920     
   6.3681506375845496       0.10367618462726583     
   6.3745783690839959       0.10377511574777849     
   6.3810073111236632       0.10387448297255159     
   6.3874374353810506       0.10397445118955508     
   6.3938687141116235       0.10407516123411192     
   6.4003011200323190       0.10417672389711728     
   6.4067346261899436       0.10427921522191394     
   6.4131692058204131       0.10438267327453835     
   6.4196048322050494       0.10448709650764187     
   6.4260414785301592       0.10459244376862425     
   6.4324791177558991       0.10469863593061626     
   6.4389177225000100       0.10480555905504431     
   6.4453572649413529       0.10491306893016435     
   6.4517977167473761       0.10502099677443399     
   6.4582390490286707       0.10512915584922385     
   6.4646812323227190       0.10523734869411283     
   6.4711242366077872       0.10534537468011716     
   6.4775680313467561       0.10545303757191314     
   6.4840125855595439       0.10556015279837767     
   6.4904578679216778       0.10566655415036302     
   6.4969038468855960       0.10577209965353342     
   6.5033504908204112       0.10587667639933165     
   6.5097977681651944       0.10598020416299850     
   6.5162456475903596       0.10608263768808122     
   6.5226940981614501       0.10618396756942368     
   6.5291430894996028       0.10628421971978790     
   6.5355925919331188       0.10638345345812612     
   6.5420425766349810       0.10648175830915114     
   6.5484930157417311       0.10657924965264245     
   6.5549438824498862       0.10667606340530468     
   6.5613951510869652       0.10677234995604286     
   6.5678467971552026       0.10686826760536924     
   6.5742987973470912       0.10696397577976205     
   6.5807511295329650       0.10705962830074403     
   6.5872037727219031       0.10715536698541825     
   6.5936567069982157       0.10725131584019799     
   6.6001099134366674       0.10734757608270727     
   6.6065633740003262       0.10744422218959158     
   6.6130170714255252       0.10754129912203012     
   6.6194709890988062       0.10763882082821848     
   6.6259251109309281       0.10773677006587191     
   6.6323794212329954       0.10783509953037494     
   6.6388339045995890       0.10793373421874224     
   6.6452885458033615       0.10803257490828135     
   6.6517433297050204       0.10813150258436398     
   6.6581982411819087       0.10823038361545043     
   6.6646532650775736       0.10832907544691119     
   6.6711083861738167       0.10842743256877710     
   6.6775635891857679       0.10852531250668085     
   6.6840188587795906       0.10862258158952226     
   6.6904741796114866       0.10871912026137878     
   6.6969295363858343       0.10881482772787673     
   6.7033849139295381       0.10890962575771496     
   6.7098402972790385       0.10900346149694422     
   6.7162956717759865       0.10909630919561236     
   6.7227510231672589       0.10918817079169618     
   6.7292063377049001       0.10927907534466563     
   6.7356616022416196       0.10936907735806350     
   6.7421168043177326       0.10945825407607340     
   6.7485719322358264       0.10954670188068466     
   6.7550269751199918       0.10963453195240259     
   6.7614819229571292       0.10972186538682974     
   6.7679367666186110       0.10980882798037353     
   6.7743914978613953       0.10989554491008824     
   6.7808461093085386       0.10998213553455967     
   6.7873005944098876       0.11006870853459773     
   6.7937549473845209       0.11015535759500368     
   6.8002091631472172       0.11024215780237506     
   6.8066632372218434       0.11032916290029510     
   6.8131171656450187       0.11041640350397808     
   6.8195709448637585       0.11050388633326041     
   6.8260245716309651       0.11059159447796824     
   6.8324780429026593       0.11067948866506969     
   6.8389313557406988       0.11076750945463619     
   6.8453845072244350       0.11085558025331936     
   6.8518374943743492       0.11094361100131558     
   6.8582903140901452       0.11103150236277019     
   6.8647429631051660       0.11111915023139954     
   6.8711954379582885       0.11120645035306695     
   6.8776477349837375       0.11129330286565652     
   6.8840998503185062       0.11137961656349299     
   6.8905517799263780       0.11146531270856552     
   6.8970035196368782       0.11155032823308417     
   6.9034550651969200       0.11163461820632282     
   6.9099064123324263       0.11171815747246087     
   6.9163575568168634       0.11180094140312860     
   6.9228084945434043       0.11188298574767951     
   6.9292592215973601       0.11196432560343642     
   6.9357097343255711       0.11204501356631966     
   6.9421600293996679       0.11212511715695629     
   6.9486101038704096       0.11220471564767842     
   6.9550599552107659       0.11228389644000927     
   6.9615095813459140       0.11236275115955180     
   6.9679589806689197       0.11244137164475786     
   6.9744081520415016       0.11251984600767961     
   6.9808570947799096       0.11259825493840900     
   6.9873058086265969       0.11267666841105382     
   6.9937542937089194       0.11275514292840971     
   7.0002025504866596       0.11283371941616399     
   7.0066505796905663       0.11291242184664285     
   7.0130983822544710       0.11299125663842698     
   7.0195459592437457       0.11307021284300137     
   7.0259933117829707       0.11314926309461310     
   7.0324404409856580       0.11322836526623889     
   7.0388873478887444       0.11330746474433180     
   7.0453340333943055       0.11338649720922592     
   7.0517804982205972       0.11346539178768654     
   7.0582267428641048       0.11354407442988201     
   7.0646727675737830       0.11362247135570261     
   7.0711185723381433       0.11370051241498233     
   7.0775641568852894       0.11377813421278576     
   7.0840095206954681       0.11385528286413184     
   7.0904546630251888       0.11393191626159813     
   7.0968995829414965       0.11400800576334530     
   7.1033442793646033       0.11408353723708663     
   7.1097887511167599       0.11415851142583580     
   7.1162329969750528       0.11423294363280966     
   7.1226770157256887       0.11430686275381606     
   7.1291208062173386       0.11438030971467796     
   7.1355643674112033       0.11445333539726206     
   7.1420076984256742       0.11452599815923865     
   7.1484507985737356       0.11459836106923692     
   7.1548936673916215       0.11467048898946135     
   7.1613363046576630       0.11474244564220204     
   7.1677787104006931       0.11481429079447274     
   7.1742208848978670       0.11488607768694466     
   7.1806628286622072       0.11495785081957163     
   7.1871045424206290       0.11502964418763910     
   7.1935460270835874       0.11510148003956770     
   7.1999872837078449       0.11517336820231577     
   7.2064283134541007       0.11524530599340285     
   7.2128691175414232       0.11531727871112549     
   7.2193096972005124       0.11538926066806474     
   7.2257500536278219       0.11546121670858915     
   7.2321901879424866       0.11553310412970379     
   7.2386301011478373       0.11560487490748789     
   7.2450697940990336       0.11567647811893134     
   7.2515092674780481       0.11574786244199636     
   7.2579485217768873       0.11581897861534710     
   7.2643875572895427       0.11588978174342825     
   7.2708263741127821       0.11596023334213799     
   7.2772649721555025       0.11603030303465012     
   7.2837033511559843       0.11609996982538266     
   7.2901415107060741       0.11616922290155760     
   7.2965794502810235       0.11623806193521934     
   7.3030171692735184       0.11630649688287881     
   7.3094546670302600       0.11637454730377327     
   7.3158919428894116       0.11644224124019667     
   7.3223289962172089       0.11650961372309913     
   7.3287658264421358       0.11657670498252312     
   7.3352024330851986       0.11664355845471960     
   7.3416388157850605       0.11671021868536618     
   7.3480749743170461       0.11677672923099161     
   7.3545109086053415       0.11684313065857839     
   7.3609466187280290       0.11690945873642945     
   7.3673821049149311       0.11697574289821822     
   7.3738173675385639       0.11704200504739252     
   7.3802524070988005       0.11710825875131103     
   7.3866872242021184       0.11717450885491136     
   7.3931218195365123       0.11724075152280045     
   7.3995561938433463       0.11730697469799782     
   7.4059903478874922       0.11737315894557518     
   7.4124242824271711       0.11743927863163232     
   7.4188579981848672       0.11750530337272096     
   7.4252914958206189       0.11757119967911542     
   7.4317247759088234       0.11763693270747851     
   7.4381578389195253       0.11770246803499589     
   7.4445906852049131       0.11776777336789301     
   7.4510233149914855       0.11783282010240230     
   7.4574557283780996       0.11789758466532778     
   7.4638879253398089       0.11796204957383530     
   7.4703199057371572       0.11802620416934063     
   7.4767516693303442       0.11809004499740382     
   7.4831832157974674       0.11815357582369347     
   7.4896145447558879       0.11821680729421319     
   7.4960456557856414       0.11827975626538871     
   7.5024765484537523       0.11834244484518336     
   7.5089072223383058       0.11840489919981778     
   7.5153376770511677       0.11846714819078784     
   7.5217679122583414       0.11852922191385634     
   7.5281979276970867       0.11859115021472152     
   7.5346277231891055       0.11865296125555461     
   7.5410572986492994       0.11871468020223375     
   7.5474866540898287       0.11877632809457073     
   7.5539157896194258       0.11883792095124382     
   7.5603447054381467       0.11889946914825658     
   7.5667734018279518       0.11896097709522509     
   7.5732018791396847       0.11902244321827896     
   7.5796301377771851       0.11908386024293073     
   7.5860581781793739       0.11914521575516689     
   7.5924860008012240       0.11920649300565367     
   7.5989136060945572       0.11926767191047101     
   7.6053409944895911       0.11932873019288523     
   7.6117681663780896       0.11938964460491008     
   7.6181951220988733       0.11945039216485939     
   7.6246218619263146       0.11951095134769209     
   7.6310483860622762       0.11957130316903952     
   7.6374746946317726       0.11963143211061283     
   7.6439007876824565       0.11969132684403025     
   7.6503266651878308       0.11975098072159208     
   7.6567523270539297       0.11981039201505762     
   7.6631777731290303       0.11986956389699306     
   7.6696030032158493       0.11992850417245099     
   7.6760280170855459       0.11998722478131685     
   7.6824528144928150       0.12004574110297009     
   7.6888773951912963       0.12010407110411897     
   7.6953017589485553       0.12016223437772042     
   7.7017259055599183       0.12022025112525003     
   7.7081498348605262       0.12027814113620973     
   7.7145735467350853       0.12033592281666158     
   7.7209970411249103       0.12039361231536988     
   7.7274203180319985       0.12045122279076734     
   7.7338433775200430       0.12050876385372705     
   7.7402662197124243       0.12056624121052696     
   7.7466888447873821       0.12062365651925396     
   7.7531112529706929       0.12068100746110304     
   7.7595334445262969       0.12073828801674195     
   7.7659554197454028       0.12079548892749688     
   7.7723771789346525       0.12085259831203644     
   7.7787987224039696       0.12090960240185328     
   7.7852200504546998       0.12096648635372083     
   7.7916411633686193       0.12102323509433517     
   7.7980620613983369       0.12107983415187840     
   7.8044827447595146       0.12113627043114766     
   7.8109032136252416       0.12119253289297957     
   7.8173234681227708       0.12124861310486282     
   7.8237435083327060       0.12130450563724073     
   7.8301633342906030       0.12136020828891179     
   7.8365829459908269       0.12141572213436548     
   7.8430023433924001       0.12147105139558451     
   7.8494215264264824       0.12152620315005336     
   7.8558404950050615       0.12158118689507511     
   7.8622592490303758       0.12163601399568361     
   7.8686777884045673       0.12169069704880511     
   7.8750961130390813       0.12174524919997201     
   7.8815142228633404       0.12179968345043424     
   7.8879321178322801       0.12185401199205236     
   7.8943497979324073       0.12190824560477616     
   7.9007672631861183       0.12196239314732443     
   7.9071845136541183       0.12201646116580224     
   7.9136015494358789       0.12207045363799138     
   7.9200183706681804       0.12212437186327955     
   7.9264349775218701       0.12217821450003473     
   7.9328513701970644       0.12223197774428024     
   7.9392675489170887       0.12228565563597085     
   7.9456835139215034       0.12233924047265696     
   7.9520992654586076       0.12239272330510695     
   7.9585148037778142       0.12244609448560423     
   7.9649301291222896       0.12249934423767744     
   7.9713452417222310       0.12255246321565592     
   7.9777601417890907       0.12260544302388755     
   7.9841748295110273       0.12265827666858367     
   7.9905893050497525       0.12271095891957058     
   7.9970035685389078       0.12276348656487422     
   8.0034176200839777       0.12281585854739276     
   8.0098314597637064       0.12286807597969143     
   8.0162450876328837       0.12292014203968146     
   8.0226585037263014       0.12297206175647535     
   8.0290717080636380       0.12302384170142974     
   8.0354847006549850       0.12307548960422703     
   8.0418974815066893       0.12312701391728312     
   8.0483100506272187       0.12317842335407551     
   8.0547224080327187       0.12322972642760630     
   8.0611345537519963       0.12328093101448304     
   8.0675464878306773       0.12333204396792180     
   8.0739582103343679       0.12338307079959809     
   8.0803697213506620       0.12343401544589751     
   8.0867810209899655       0.12348488012891233     
   8.0931921093851056       0.12353566531702399     
   8.0996029866898134       0.12358636978418404     
   8.1060136530761948       0.12363699076147820     
   8.1124241087313642       0.12368752416974353     
   8.1188343538534493       0.12373796491762976     
   8.1252443886472161       0.12378830724639922     
   8.1316542133195444       0.12383854510066916     
   8.1380638280750333       0.12388867250347642     
   8.1444732331119347       0.12393868391447339     
   8.1508824286186599       0.12398857455159211     
   8.1572914147710023       0.12403834065926017     
   8.1637001917302232       0.12408797970968068     
   8.1701087596420567       0.12413749052799705     
   8.1765171186366761       0.12418687333666154     
   8.1829252688295746       0.12423612971905287     
   8.1893332103233032       0.12428526250704719     
   8.1957409432099233       0.12433427560131882     
   8.2021484675740322       0.12438317373677013     
   8.2085557834961680       0.12443196220815705     
   8.2149628910564072       0.12448064657290236     
   8.2213697903379526       0.12452923234872552     
   8.2277764814305030       0.12457772472354260     
   8.2341829644332503       0.12462612829388056     
   8.2405892394573410       0.12467444684577526     
   8.2469953066276869       0.12472268318942513     
   8.2534011660840516       0.12477083905530327     
   8.2598068179813779       0.12481891505568672     
   8.2662122624893630       0.12486691071170253     
   8.2726174997913198       0.12491482454216588     
   8.2790225300824343       0.12496265420706193     
   8.2854273535674974       0.12501039669556432     
   8.2918319704582863       0.12505804854625360     
   8.2982363809707280       0.12510560608567708     
   8.3046405853220016       0.12515306567084741     
   8.3110445837277602       0.12520042392137978     
   8.3174483763995859       0.12524767792817981     
   8.3238519635428343       0.12529482542725989     
   8.3302553453549510       0.12534186492971017     
   8.3366585220243312       0.12538879580168721     
   8.3430614937297811       0.12543561829142005     
   8.3494642606405609       0.12548233350344404     
   8.3558668229169903       0.12552894332327605     
   8.3622691807115714       0.12557545029865849     
   8.3686713341705232       0.12562185748580387     
   8.3750732834356416       0.12566816827082741     
   8.3814750286463546       0.12571438617775180     
   8.3878765699418558       0.12576051467486421     
   8.3942779074631915       0.12580655699087614     
   8.4006790413551808       0.12585251595144747     
   8.4070799717680682       0.12589839384509252     
   8.4134806988588338       0.12594419232539877     
   8.4198812227920818       0.12598991235413437     
   8.4262815437404921       0.12603555418726495     
   8.4326816618848106       0.12608111740325151     
   8.4390815774134111       0.12612660097051628     
   8.4454812905214549       0.12617200334875020     
   8.4518808014097182       0.12621732261687876     
   8.4582801102831713       0.12626255661910882     
   8.4646792173493939       0.12630770311975775     
   8.4710781228169179       0.12635275995727557     
   8.4774768268936072       0.12639772518831019     
   8.4838753297851550       0.12644259721346071     
   8.4902736316937837       0.12648737487785602     
   8.4966717328172123       0.12653205754137109     
   8.5030696333479430       0.12657664511528838     
   8.5094673334728839       0.12662113806438133     
   8.5158648333733336       0.12666553737546310     
   8.5222621332252988       0.12670984449549491     
   8.5286592332001234       0.12675406124402244     
   8.5350561334653712       0.12679818970615453     
   8.5414528341859075       0.12684223211318235     
   8.5478493355251128       0.12688619071856677     
   8.5542456376461473       0.12693006767695289     
   8.5606417407131836       0.12697386493343904     
   8.5670376448925634       0.12701758412946851     
   8.5734333503537847       0.12706122653051480     
   8.5798288572702912       0.12710479297911045     
   8.5862241658200169       0.12714828387532304     
   8.5926192761856637       0.12719169918476006     
   8.5990141885547136       0.12723503847267242     
   8.6054089031191889       0.12727830096118831     
   8.6118034200751676       0.12732148560526285     
   8.6181977396221203       0.12736459118205498     
   8.6245918619620898       0.12740761638774600     
   8.6309857872987923       0.12745055993557144     
   8.6373795158366793       0.12749342064789870     
   8.6437730477800265       0.12753619753796483     
   8.6501663833321043       0.12757888987713092     
   8.6565595226944776       0.12762149724391886     
   8.6629524660664607       0.12766401955232437     
   8.6693452136447728       0.12770645705819664     
   8.6757377656233992       0.12774881034391217     
   8.6821301221936462       0.12779108028298669     
   8.6885222835444047       0.12783326798758737     
   8.6949142498625775       0.12787537474274993     
   8.7013060213336555       0.12791740193194151     
   8.7076975981423885       0.12795935095897293     
   8.7140889804735160       0.12800122317121482     
   8.7204801685125179       0.12804301978893251     
   8.7268711624463222       0.12808474184489374     
   8.7332619624639509       0.12812639013765922     
   8.7396525687570534       0.12816796520094526     
   8.7460429815203042       0.12820946729031640     
   8.7524332009516552       0.12825089638745185     
   8.7588232272524156       0.12829225222093396     
   8.7652130606271825       0.12833353430166755     
   8.7716027012836175       0.12837474197007623     
   8.7779921494320998       0.12841587445163372     
   8.7843814052852682       0.12845693091689001     
   8.7907704690575041       0.12849791054196058     
   8.7971593409643667       0.12853881256563662     
   8.8035480212220385       0.12857963633956995     
   8.8099365100467928       0.12862038136858656     
   8.8163248076545369       0.12866104733890585     
   8.8227129142604337       0.12870163413288543     
   8.8291008300786356       0.12874214182986468     
   8.8354885553221454       0.12878257069351942     
   8.8418760902027866       0.12882292114703359     
   8.8482634349313116       0.12886319373808425     
   8.8546505897176022       0.12890338909623419     
   8.8610375547709754       0.12894350788575315     
   8.8674243303005529       0.12898355075697904     
   8.8738109165156818       0.12902351829939096     
   8.8801973136263683       0.12906341099931598     
   8.8865835218437059       0.12910322920475745     
   8.8929695413802694       0.12914297309931069     
   8.8993553724504562       0.12918264268647103     
   8.9057410152707472       0.12922223778492295     
   8.9121264700598957       0.12926175803463474     
   8.9185117370390081       0.12930120291296987     
   8.9248968164315485       0.12934057175930008     
   8.9312817084632474       0.12937986380622987     
   8.9376664133619368       0.12941907821506987     
   8.9440509313573227       0.12945821411313879     
   8.9504352626807258       0.12949727063029565     
   8.9568194075647831       0.12953624693240656     
   8.9632033662431638       0.12957514224958902     
   8.9695871389502955       0.12961395589765001     
   8.9759707259211368       0.12965268729146678     
   8.9823541273909946       0.12969133594977894     
   8.9887373435954085       0.12972990149137362     
   8.9951203747701172       0.12976838362318402     
   9.0015032211510864       0.12980678212135599     
   9.0078858829746231       0.12984509680676429     
   9.0142683604775478       0.12988332751677478     
   9.0206506538974303       0.12992147407511292     
   9.0270327634728709       0.12995953626190684     
   9.0334146894438092       0.12999751378576138     
   9.0397964320518511       0.13003540625958121     
   9.0461779915405938       0.13007321318146842     
   9.0525593681559346       0.13011093392168993     
   9.0589405621463577       0.13014856771625710     
   9.0653215737631818       0.13018611366718935     
   9.0717024032607565       0.13022357074908514     
   9.0780830508966268       0.13026093782121873     
   9.0844635169316383       0.13029821364408850     
   9.0908438016300082       0.13033539689898105     
   9.0972239052593533       0.13037248620910732     
   9.1036038280907015       0.13040948016074780     
   9.1099835703984748       0.13044637732288072     
   9.1163631324604850       0.13048317626401468     
   9.1227425145579257       0.13051987556509254     
   9.1291217169753853       0.13055647382774038     
   9.1355007400008983       0.13059296967740841     
   9.1418795839260305       0.13062936176133050     
   9.1482582490460089       0.13066564874159006     
   9.1546367356598992       0.13070182928393317     
   9.1610150440708367       0.13073790204314853     
   9.1673931745862962       0.13077386564614871     
   9.1737711275184139       0.13080971867389349     
   9.1801489031843317       0.13084545964340910     
   9.1865265019065827       0.13088108699107842     
   9.1929039240134873       0.13091659905824404     
   9.1992811698395567       0.13095199407997105     
   9.2056582397259064       0.13098727017754300     
   9.2120351340206490       0.13102242535369663     
   9.2184118530792833       0.13105745749334077     
   9.2247883972650584       0.13109236436885091     
   9.2311647669493162       0.13112714364903397     
   9.2375409625118117       0.13116179291078339     
   9.2439169843410109       0.13119630965249779     
   9.2502928328343703       0.13123069130829376     
   9.2566685083986009       0.13126493526204092     
   9.2630440114499297       0.13129903886039843     
   9.2694193424143574       0.13133299942402729     
   9.2757945017279209       0.13136681425638819     
   9.2821694898369760       0.13140048064964824     
   9.2885443071984959       0.13143399588747662     
   9.2949189542803996       0.13146735724471270     
   9.3012934315619127       0.13150056198403123     
   9.3076677395339615       0.13153360735007033     
   9.3140418786995998       0.13156649056148353     
   9.3204158495744824       0.13159920880159626     
   9.3267896526873599       0.13163175920840472     
   9.3331632885806144       0.13166413886458272     
   9.3395367578108246       0.13169634478828054     
   9.3459100609493451       0.13172837392527109     
   9.3522831985829153       0.13176022314293842     
   9.3586561713142711       0.13179188922652543     
   9.3650289797627781       0.13182336887774743     
   9.3714016245650598       0.13185465871583762     
   9.3777741063756341       0.13188575528082624     
   9.3841464258675504       0.13191665503883945     
   9.3905185837330247       0.13194735438890623     
   9.3968905806840723       0.13197784967083243     
   9.4032624174531509       0.13200813717360832     
   9.4096340947938000       0.13203821314376421     
   9.4160056134812820       0.13206807379320493     
   9.4223769743132504       0.13209771530604753     
   9.4287481781104123       0.13212713384407554     
   9.4351192257172212       0.13215632555066067     
   9.4414901180025801       0.13218528655301090     
   9.4478608558605739       0.13221401296270982     
   9.4542314402112186       0.13224250087476846     
   9.4606018720012433       0.13227074636541217     
   9.4669721522048818       0.13229874548892059     
   9.4733422818247011       0.13232649427392357     
   9.4797122618924448       0.13235398871957132     
   9.4860820934698893       0.13238122479197276     
   9.4924517776497179       0.13240819842131057     
   9.4988213155564072       0.13243490549992376     
   9.5051907083471132       0.13246134188160924     
   9.5115599572125653       0.13248750338232559     
   9.5179290633779559       0.13251338578228328     
   9.5242980281038232       0.13253898482945686     
   9.5306668526869291       0.13256429624429955     
   9.5370355384611276       0.13258931572553759     
   9.5434040867982173       0.13261403895670845     
   9.5497724991087924       0.13263846161315684     
   9.5561407768430726       0.13266257936599296     
   9.5625089214917303       0.13268638789070614     
   9.5688769345867062       0.13270988287516533     
   9.5752448177020142       0.13273306002626870     
   9.5816125724545511       0.13275591507526907     
   9.5879802005048891       0.13277844378178591     
   9.5943477035580820       0.13280064193660762     
   9.6007150833644559       0.13282250536346998     
   9.6070823417204174       0.13284402991992816     
   9.6134494804692459       0.13286521149752042     
   9.6198165015018997       0.13288604602146684     
   9.6261834067578196       0.13290652945010084     
   9.6325501982257311       0.13292665777427648     
   9.6389168779444461       0.13294642701694975     
   9.6452834480036600       0.13296583323310682     
   9.6516499105447462       0.13298487251020541     
   9.6580162677615444       0.13300354096920727     
   9.6643825219011337       0.13302183476627089     
   9.6707486752645977       0.13303975009506305     
   9.6771147302077765       0.13305728318968302     
   9.6834806891420033       0.13307443032807537     
   9.6898465545348191       0.13309118783583090     
   9.6962123289106810       0.13310755209020286     
   9.7025780148516407       0.13312351952420107     
   9.7089436149980060       0.13313908663057417     
   9.7153091320489917       0.13315424996558575     
   9.7216745687633388       0.13316900615241806     
   9.7280399279599266       0.13318335188411862     
   9.7344052125183538       0.13319728392606017     
   9.7407704253795089       0.13321079911786390     
   9.7471355695461153       0.13322389437479434     
   9.7535006480832642       0.13323656668871503     
   9.7598656641189159       0.13324881312864700     
   9.7662306208443894       0.13326063084104900     
   9.7725955215148286       0.13327201704987829     
   9.7789603694496368       0.13328296905663123     
   9.7853251680328928       0.13329348425345330     
   9.7916899207137416       0.13330356011253100     
   9.7980546310067442       0.13331319418481022     
   9.8044193024922119       0.13332238410001909     
   9.8107839388164955       0.13333112756685558     
   9.8171485436922410       0.13333942237360494     
   9.8235131208986193       0.13334726638909403     
   9.8298776742814979       0.13335465756402462     
   9.8362422077535943       0.13336159393258404     
   9.8426067252945764       0.13336807361420855     
   9.8489712309511201       0.13337409481543464     
   9.8553357288369376       0.13337965583171735     
   9.8617002231327504       0.13338475504912944     
   9.8680647180862309       0.13338939094584013     
   9.8744292180118993       0.13339356209334946     
   9.8807937272909765       0.13339726715741845     
   9.8871582503712041       0.13340050489866878     
   9.8935227917666158       0.13340327417286940     
   9.8998873560572811       0.13340557393090408     
   9.9062519478890003       0.13340740321845107     
   9.9126165719729702       0.13340876117543635     
   9.9189812330854021       0.13340964703531505     
   9.9253459360671172       0.13341006012418374     
   9.9317106858230950       0.13340999985982663     
   9.9380754873219868       0.13340946575072274     
   9.9444403455955950       0.13340845739504298     
   9.9508052657383210       0.13340697447966390     
   9.9571702529065664       0.13340502513465782     
   9.9635353123181112       0.13340262556635349     
   9.9699004492514476       0.13339977577637468     
   9.9762656690450857       0.13339647585522299     
   9.9826309770968180       0.13339272598050780     
   9.9889963788629554       0.13338852641555260     
   9.9953618798575334       0.13338387750830480     
   10.001727485651472       0.13338387750830480     
