   120.01465504418827      ,         200
X,ZB,H,U,ZF,QS,T1,CE
 3.96250000E-002, 4.92672195E-002, 1.56142674E-002, 1.56451658E-001,-5.00495313E-002, 0.00000000E+000, 7.34076418E-002, 9.21217922E-002
 1.18875000E-001, 5.02903289E-002, 1.35960394E-002, 1.51718576E-001,-5.01485938E-002, 0.00000000E+000, 7.65752470E-002, 7.74498790E-002
 1.98125000E-001, 5.00771138E-002, 1.36425262E-002, 1.53035572E-001,-5.02476563E-002, 0.00000000E+000, 7.63204288E-002, 7.61582483E-002
 2.77375000E-001, 4.99523931E-002, 1.37248061E-002, 1.51434912E-001,-5.03467188E-002, 0.00000000E+000, 7.61016935E-002, 7.60210825E-002
 3.56625000E-001, 4.98724832E-002, 1.37054831E-002, 1.51480844E-001,-5.04457813E-002, 0.00000000E+000, 7.47441328E-002, 7.40180888E-002
 4.35875000E-001, 4.97562732E-002, 1.37089140E-002, 1.51801815E-001,-5.05448438E-002, 0.00000000E+000, 7.43866775E-002, 7.43288457E-002
 5.15125000E-001, 4.96546398E-002, 1.37174415E-002, 1.51537529E-001,-5.06439063E-002, 0.00000000E+000, 7.44171524E-002, 7.44714317E-002
 5.94375000E-001, 4.95577776E-002, 1.37112143E-002, 1.51588810E-001,-5.07429688E-002, 0.00000000E+000, 7.42541723E-002, 7.42042054E-002
 6.73625000E-001, 4.94577482E-002, 1.37083565E-002, 1.51637325E-001,-5.08420313E-002, 0.00000000E+000, 7.42766301E-002, 7.43317442E-002
 7.52875000E-001, 4.93589015E-002, 1.37051190E-002, 1.51633239E-001,-5.09410937E-002, 0.00000000E+000, 7.43349044E-002, 7.44128106E-002
 8.32125000E-001, 4.92602974E-002, 1.37004205E-002, 1.51662201E-001,-5.10401563E-002, 0.00000000E+000, 7.43940221E-002, 7.44630261E-002
 9.11375000E-001, 4.91614434E-002, 1.36962238E-002, 1.51682663E-001,-5.11392187E-002, 0.00000000E+000, 7.44673394E-002, 7.45476186E-002
 9.90625000E-001, 4.90626325E-002, 1.36919814E-002, 1.51699608E-001,-5.12382813E-002, 0.00000000E+000, 7.45419026E-002, 7.46185200E-002
 1.06987500E+000, 4.89637101E-002, 1.36876585E-002, 1.51719600E-001,-5.13373438E-002, 0.00000000E+000, 7.46126008E-002, 7.46879803E-002
 1.14912500E+000, 4.88647249E-002, 1.36834026E-002, 1.51738411E-001,-5.14364063E-002, 0.00000000E+000, 7.46840635E-002, 7.47601609E-002
 1.22837500E+000, 4.87656954E-002, 1.36790938E-002, 1.51758478E-001,-5.15354688E-002, 0.00000000E+000, 7.47558478E-002, 7.48320668E-002
 1.30762500E+000, 4.86666306E-002, 1.36747624E-002, 1.51778868E-001,-5.16345313E-002, 0.00000000E+000, 7.48288993E-002, 7.49060760E-002
 1.38687500E+000, 4.85675459E-002, 1.36703525E-002, 1.51800771E-001,-5.17335938E-002, 0.00000000E+000, 7.49038395E-002, 7.49821927E-002
 1.46612500E+000, 4.84684392E-002, 1.36658927E-002, 1.51823442E-001,-5.18326563E-002, 0.00000000E+000, 7.49813789E-002, 7.50612863E-002
 1.54537500E+000, 4.83693242E-002, 1.36613467E-002, 1.51847546E-001,-5.19317188E-002, 0.00000000E+000, 7.50616901E-002, 7.51430931E-002
 1.62462500E+000, 4.82701951E-002, 1.36567222E-002, 1.51872944E-001,-5.20307813E-002, 0.00000000E+000, 7.51451856E-002, 7.52283695E-002
 1.70387500E+000, 4.81710610E-002, 1.36520125E-002, 1.51899599E-001,-5.21298438E-002, 0.00000000E+000, 7.52319872E-002, 7.53169515E-002
 1.78312500E+000, 4.80719173E-002, 1.36472020E-002, 1.51927960E-001,-5.22289063E-002, 0.00000000E+000, 7.53223313E-002, 7.54092451E-002
 1.86237500E+000, 4.79727695E-002, 1.36423054E-002, 1.51957482E-001,-5.23279688E-002, 0.00000000E+000, 7.54163982E-002, 7.55053588E-002
 1.94162500E+000, 4.78736142E-002, 1.36372910E-002, 1.51989014E-001,-5.24270313E-002, 0.00000000E+000, 7.55143298E-002, 7.56054199E-002
 2.02087500E+000, 4.77744553E-002, 1.36321869E-002, 1.52021684E-001,-5.25260938E-002, 0.00000000E+000, 7.56163646E-002, 7.57097453E-002
 2.10012500E+000, 4.76752900E-002, 1.36269530E-002, 1.52056548E-001,-5.26251563E-002, 0.00000000E+000, 7.57225739E-002, 7.58182379E-002
 2.17937500E+000, 4.75761209E-002, 1.36216241E-002, 1.52092575E-001,-5.27242188E-002, 0.00000000E+000, 7.58332087E-002, 7.59313338E-002
 2.25862500E+000, 4.74769461E-002, 1.36161545E-002, 1.52130949E-001,-5.28232812E-002, 0.00000000E+000, 7.59483065E-002, 7.60488524E-002
 2.33787500E+000, 4.73777669E-002, 1.36105828E-002, 1.52170559E-001,-5.29223438E-002, 0.00000000E+000, 7.60681477E-002, 7.61713225E-002
 2.41712500E+000, 4.72785822E-002, 1.36048621E-002, 1.52212599E-001,-5.30214062E-002, 0.00000000E+000, 7.61927433E-002, 7.62984744E-002
 2.49637500E+000, 4.71793925E-002, 1.35990286E-002, 1.52256030E-001,-5.31204688E-002, 0.00000000E+000, 7.63223946E-002, 7.64309251E-002
 2.57562500E+000, 4.70801976E-002, 1.35930373E-002, 1.52301980E-001,-5.32195313E-002, 0.00000000E+000, 7.64571446E-002, 7.65684399E-002
 2.65487500E+000, 4.69809970E-002, 1.35869209E-002, 1.52349508E-001,-5.33185938E-002, 0.00000000E+000, 7.65973235E-002, 7.67116486E-002
 2.73412500E+000, 4.68817908E-002, 1.35806390E-002, 1.52399613E-001,-5.34176563E-002, 0.00000000E+000, 7.67429972E-002, 7.68603273E-002
 2.81337500E+000, 4.67825786E-002, 1.35742183E-002, 1.52451510E-001,-5.35167188E-002, 0.00000000E+000, 7.68944971E-002, 7.70150941E-002
 2.89262500E+000, 4.66833603E-002, 1.35676229E-002, 1.52506071E-001,-5.36157813E-002, 0.00000000E+000, 7.70519363E-002, 7.71758114E-002
 2.97187500E+000, 4.65841355E-002, 1.35608758E-002, 1.52562609E-001,-5.37148438E-002, 0.00000000E+000, 7.72156453E-002, 7.73430323E-002
 3.05112500E+000, 4.64849042E-002, 1.35539452E-002, 1.52621885E-001,-5.38139063E-002, 0.00000000E+000, 7.73857456E-002, 7.75166489E-002
 3.13037500E+000, 4.63856659E-002, 1.35468484E-002, 1.52683352E-001,-5.39129688E-002, 0.00000000E+000, 7.75625626E-002, 7.76972087E-002
 3.20962500E+000, 4.62864206E-002, 1.35395578E-002, 1.52747662E-001,-5.40120313E-002, 0.00000000E+000, 7.77462621E-002, 7.78846925E-002
 3.28887500E+000, 4.61871676E-002, 1.35320873E-002, 1.52814350E-001,-5.41110938E-002, 0.00000000E+000, 7.79371675E-002, 7.80795921E-002
 3.36812500E+000, 4.60879070E-002, 1.35244108E-002, 1.52884014E-001,-5.42101563E-002, 0.00000000E+000, 7.81354692E-002, 7.82819550E-002
 3.44737500E+000, 4.59886382E-002, 1.35165385E-002, 1.52956285E-001,-5.43092188E-002, 0.00000000E+000, 7.83415203E-002, 7.84923059E-002
 3.52662500E+000, 4.58893612E-002, 1.35084469E-002, 1.53031684E-001,-5.44082813E-002, 0.00000000E+000, 7.85555647E-002, 7.87107561E-002
 3.60587500E+000, 4.57900750E-002, 1.35001437E-002, 1.53109911E-001,-5.45073438E-002, 0.00000000E+000, 7.87779730E-002, 7.89378064E-002
 3.68512500E+000, 4.56907799E-002, 1.34916064E-002, 1.53191442E-001,-5.46064063E-002, 0.00000000E+000, 7.90090219E-002, 7.91736284E-002
 3.76437500E+000, 4.55914750E-002, 1.34828394E-002, 1.53276061E-001,-5.47054687E-002, 0.00000000E+000, 7.92491203E-002, 7.94187608E-002
 3.84362500E+000, 4.54921598E-002, 1.34738237E-002, 1.53364157E-001,-5.48045313E-002, 0.00000000E+000, 7.94985884E-002, 7.96734134E-002
 3.92287500E+000, 4.53928341E-002, 1.34645600E-002, 1.53455585E-001,-5.49035938E-002, 0.00000000E+000, 7.97578371E-002, 7.99380941E-002
 4.00212500E+000, 4.52934968E-002, 1.34550297E-002, 1.53550731E-001,-5.50026563E-002, 0.00000000E+000, 8.00272381E-002, 8.02131225E-002
 4.08137500E+000, 4.51941475E-002, 1.34452334E-002, 1.53649444E-001,-5.51017188E-002, 0.00000000E+000, 8.03072400E-002, 8.04990166E-002
 4.16062500E+000, 4.50947856E-002, 1.34351509E-002, 1.53752129E-001,-5.52007813E-002, 0.00000000E+000, 8.05982474E-002, 8.07961246E-002
 4.23987500E+000, 4.49954102E-002, 1.34247819E-002, 1.53858663E-001,-5.52998438E-002, 0.00000000E+000, 8.09007596E-002, 8.11050370E-002
 4.31912500E+000, 4.48960210E-002, 1.34141059E-002, 1.53969441E-001,-5.53989063E-002, 0.00000000E+000, 8.12152354E-002, 8.14261566E-002
 4.39837500E+000, 4.47966168E-002, 1.34031207E-002, 1.54084385E-001,-5.54979688E-002, 0.00000000E+000, 8.15422331E-002, 8.17601294E-002
 4.47762500E+000, 4.46971974E-002, 1.33918067E-002, 1.54203853E-001,-5.55970313E-002, 0.00000000E+000, 8.18822663E-002, 8.21074085E-002
 4.55687500E+000, 4.45977616E-002, 1.33801577E-002, 1.54327855E-001,-5.56960938E-002, 0.00000000E+000, 8.22359522E-002, 8.24687092E-002
 4.63612500E+000, 4.44983088E-002, 1.33681559E-002, 1.54456699E-001,-5.57951563E-002, 0.00000000E+000, 8.26038877E-002, 8.28445838E-002
 4.71537500E+000, 4.43988383E-002, 1.33557926E-002, 1.54590444E-001,-5.58942188E-002, 0.00000000E+000, 8.29867425E-002, 8.32357632E-002
 4.79462500E+000, 4.42993487E-002, 1.33430494E-002, 1.54729407E-001,-5.59932813E-002, 0.00000000E+000, 8.33851915E-002, 8.36429121E-002
 4.87387500E+000, 4.41998396E-002, 1.33299158E-002, 1.54873670E-001,-5.60923438E-002, 0.00000000E+000, 8.37999843E-002, 8.40668396E-002
 4.95312500E+000, 4.41003090E-002, 1.33163726E-002, 1.55023570E-001,-5.61914063E-002, 0.00000000E+000, 8.42318874E-002, 8.45083022E-002
 5.03237500E+000, 4.40007567E-002, 1.33024094E-002, 1.55179165E-001,-5.62904688E-002, 0.00000000E+000, 8.46817206E-002, 8.49681599E-002
 5.11162500E+000, 4.39011807E-002, 1.32880021E-002, 1.55340903E-001,-5.63895312E-002, 0.00000000E+000, 8.51503487E-002, 8.54473033E-002
 5.19087500E+000, 4.38015797E-002, 1.32731429E-002, 1.55508775E-001,-5.64885938E-002, 0.00000000E+000, 8.56387195E-002, 8.59467310E-002
 5.27012500E+000, 4.37019527E-002, 1.32578043E-002, 1.55683281E-001,-5.65876563E-002, 0.00000000E+000, 8.61477739E-002, 8.64673535E-002
 5.34937500E+000, 4.36022974E-002, 1.32419759E-002, 1.55864474E-001,-5.66867188E-002, 0.00000000E+000, 8.66785948E-002, 8.70103730E-002
 5.42862500E+000, 4.35026127E-002, 1.32256307E-002, 1.56052821E-001,-5.67857813E-002, 0.00000000E+000, 8.72322599E-002, 8.75768247E-002
 5.50787500E+000, 4.34028963E-002, 1.32087547E-002, 1.56248452E-001,-5.68848438E-002, 0.00000000E+000, 8.78099809E-002, 8.81680219E-002
 5.58712500E+000, 4.33031466E-002, 1.31913212E-002, 1.56451811E-001,-5.69839063E-002, 0.00000000E+000, 8.84129854E-002, 8.87851708E-002
 5.66637500E+000, 4.32033611E-002, 1.31733115E-002, 1.56663129E-001,-5.70829688E-002, 0.00000000E+000, 8.90426426E-002, 8.94297525E-002
 5.74562500E+000, 4.31035381E-002, 1.31546988E-002, 1.56882825E-001,-5.71820313E-002, 0.00000000E+000, 8.97003767E-002, 9.01031929E-002
 5.82487500E+000, 4.30036746E-002, 1.31354607E-002, 1.57111207E-001,-5.72810938E-002, 0.00000000E+000, 9.03877408E-002, 9.08071298E-002
 5.90412500E+000, 4.29037679E-002, 1.31155697E-002, 1.57348704E-001,-5.73801563E-002, 0.00000000E+000, 9.11063687E-002, 9.15432345E-002
 5.98337500E+000, 4.28038112E-002, 1.30950029E-002, 1.57595679E-001,-5.74792188E-002, 0.00000000E+000, 9.18580120E-002, 9.23133319E-002
 6.06262500E+000, 4.27038049E-002, 1.30737324E-002, 1.57852474E-001,-5.75782813E-002, 0.00000000E+000, 9.26444708E-002, 9.31192255E-002
 6.14187500E+000, 4.26037463E-002, 1.30517176E-002, 1.58119814E-001,-5.76773438E-002, 0.00000000E+000, 9.34678270E-002, 9.39632160E-002
 6.22112500E+000, 4.25036274E-002, 1.30289388E-002, 1.58397937E-001,-5.77764063E-002, 0.00000000E+000, 9.43303720E-002, 9.48476958E-002
 6.30037500E+000, 4.24034510E-002, 1.30053536E-002, 1.58687466E-001,-5.78754688E-002, 0.00000000E+000, 9.52343927E-002, 9.57748917E-002
 6.37962500E+000, 4.23032062E-002, 1.29809240E-002, 1.58989150E-001,-5.79745313E-002, 0.00000000E+000, 9.61825969E-002, 9.67478540E-002
 6.45887500E+000, 4.22028915E-002, 1.29556264E-002, 1.59303130E-001,-5.80735937E-002, 0.00000000E+000, 9.71777336E-002, 9.77692673E-002
 6.53812500E+000, 4.21025009E-002, 1.29293969E-002, 1.59630705E-001,-5.81726563E-002, 0.00000000E+000, 9.82228235E-002, 9.88423648E-002
 6.61737500E+000, 4.20020255E-002, 1.29022206E-002, 1.59971865E-001,-5.82717188E-002, 0.00000000E+000, 9.93212843E-002, 9.99708130E-002
 6.69662500E+000, 4.19014635E-002, 1.28740268E-002, 1.60327957E-001,-5.83707813E-002, 0.00000000E+000, 1.00476568E-001, 1.01158000E-001
 6.77587500E+000, 4.18008013E-002, 1.28447850E-002, 1.60699414E-001,-5.84698438E-002, 0.00000000E+000, 1.01692801E-001, 1.02408594E-001
 6.85512500E+000, 4.17000369E-002, 1.28144370E-002, 1.61087176E-001,-5.85689063E-002, 0.00000000E+000, 1.02974157E-001, 1.03726632E-001
 6.93437500E+000, 4.15991559E-002, 1.27829250E-002, 1.61492357E-001,-5.86679688E-002, 0.00000000E+000, 1.04325455E-001, 1.05117440E-001
 7.01362500E+000, 4.14981521E-002, 1.27502038E-002, 1.61915532E-001,-5.87670313E-002, 0.00000000E+000, 1.05751842E-001, 1.06586265E-001
 7.09287500E+000, 4.13970117E-002, 1.27161930E-002, 1.62358341E-001,-5.88660938E-002, 0.00000000E+000, 1.07258986E-001, 1.08139104E-001
 7.17212500E+000, 4.12957233E-002, 1.26808518E-002, 1.62821233E-001,-5.89651563E-002, 0.00000000E+000, 1.08853191E-001, 1.09782624E-001
 7.25137500E+000, 4.11942730E-002, 1.26440855E-002, 1.63306141E-001,-5.90642188E-002, 0.00000000E+000, 1.10541209E-001, 1.11523763E-001
 7.33062500E+000, 4.10926437E-002, 1.26058463E-002, 1.63813695E-001,-5.91632813E-002, 0.00000000E+000, 1.12330723E-001, 1.13370826E-001
 7.40987500E+000, 4.09908196E-002, 1.25660336E-002, 1.64345897E-001,-5.92623438E-002, 0.00000000E+000, 1.14229935E-001, 1.15332164E-001
 7.48912500E+000, 4.08887784E-002, 1.25245840E-002, 1.64903777E-001,-5.93614063E-002, 0.00000000E+000, 1.16248193E-001, 1.17417896E-001
 7.56837500E+000, 4.07864999E-002, 1.24813939E-002, 1.65489354E-001,-5.94604688E-002, 0.00000000E+000, 1.18395600E-001, 1.19638425E-001
 7.64762500E+000, 4.06839561E-002, 1.24363788E-002, 1.66104182E-001,-5.95595313E-002, 0.00000000E+000, 1.20683643E-001, 1.22006139E-001
 7.72687500E+000, 4.05811204E-002, 1.23894317E-002, 1.66750326E-001,-5.96585938E-002, 0.00000000E+000, 1.23124949E-001, 1.24534215E-001
 7.80612500E+000, 4.04779572E-002, 1.23404444E-002, 1.67429944E-001,-5.97576562E-002, 0.00000000E+000, 1.25733818E-001, 1.27238005E-001
 7.88537500E+000, 4.03744306E-002, 1.22893019E-002, 1.68145276E-001,-5.98567188E-002, 0.00000000E+000, 1.28526235E-001, 1.30134426E-001
 7.96462500E+000, 4.02704957E-002, 1.22358709E-002, 1.68899123E-001,-5.99557813E-002, 0.00000000E+000, 1.31520298E-001, 1.33242854E-001
 8.04387500E+000, 4.01661031E-002, 1.21800237E-002, 1.69694071E-001,-6.00548438E-002, 0.00000000E+000, 1.34736507E-001, 1.36585185E-001
 8.12312500E+000, 4.00611950E-002, 1.21216026E-002, 1.70533555E-001,-6.01539062E-002, 0.00000000E+000, 1.38198074E-001, 1.40186213E-001
 8.20237500E+000, 3.99557034E-002, 1.20604588E-002, 1.71420771E-001,-6.02529688E-002, 0.00000000E+000, 1.41931567E-001, 1.44074512E-001
 8.28162500E+000, 3.98495514E-002, 1.19964136E-002, 1.72359742E-001,-6.03520313E-002, 0.00000000E+000, 1.45967170E-001, 1.48282304E-001
 8.36087500E+000, 3.97426462E-002, 1.19292891E-002, 1.73354545E-001,-6.04510938E-002, 0.00000000E+000, 1.50339626E-001, 1.52847055E-001
 8.44012500E+000, 3.96348811E-002, 1.18588876E-002, 1.74409838E-001,-6.05501563E-002, 0.00000000E+000, 1.55088674E-001, 1.57811322E-001
 8.51937500E+000, 3.95261299E-002, 1.17849979E-002, 1.75530761E-001,-6.06492187E-002, 0.00000000E+000, 1.60260201E-001, 1.63224614E-001
 8.59862500E+000, 3.94162420E-002, 1.17073976E-002, 1.76722921E-001,-6.07482813E-002, 0.00000000E+000, 1.65907259E-001, 1.69144112E-001
 8.67787500E+000, 3.93050400E-002, 1.16258496E-002, 1.77992501E-001,-6.08473438E-002, 0.00000000E+000, 1.72091275E-001, 1.75636073E-001
 8.75712500E+000, 3.91923062E-002, 1.15401049E-002, 1.79346380E-001,-6.09464063E-002, 0.00000000E+000, 1.78883699E-001, 1.82777762E-001
 8.83637500E+000, 3.90777935E-002, 1.14499078E-002, 1.80791748E-001,-6.10454687E-002, 0.00000000E+000, 1.86367607E-001, 1.90658916E-001
 8.91562500E+000, 3.89611861E-002, 1.13549711E-002, 1.82337473E-001,-6.11445313E-002, 0.00000000E+000, 1.94640577E-001, 1.99385616E-001
 8.99487500E+000, 3.88421124E-002, 1.12550694E-002, 1.83991089E-001,-6.12435938E-002, 0.00000000E+000, 2.03816161E-001, 2.09080294E-001
 9.07412500E+000, 3.87201340E-002, 1.11498888E-002, 1.85763302E-001,-6.13426563E-002, 0.00000000E+000, 2.14026939E-001, 2.19886432E-001
 9.15337500E+000, 3.85946736E-002, 1.10392273E-002, 1.87663376E-001,-6.14417187E-002, 0.00000000E+000, 2.25429484E-001, 2.31974608E-001
 9.23262500E+000, 3.84650916E-002, 1.09229132E-002, 1.89699994E-001,-6.15407813E-002, 0.00000000E+000, 2.38202611E-001, 2.45534845E-001
 9.31187500E+000, 3.83305500E-002, 1.08007147E-002, 1.91886341E-001,-6.16398437E-002, 0.00000000E+000, 2.52556659E-001, 2.60796499E-001
 9.39112500E+000, 3.81900368E-002, 1.06727966E-002, 1.94225981E-001,-6.17389063E-002, 0.00000000E+000, 2.68730256E-001, 2.78011938E-001
 9.47037500E+000, 3.80424035E-002, 1.05391504E-002, 1.96729009E-001,-6.18379687E-002, 0.00000000E+000, 2.86986420E-001, 2.97455345E-001
 9.54962500E+000, 3.78860900E-002, 1.04002196E-002, 1.99398303E-001,-6.19370313E-002, 0.00000000E+000, 3.07621194E-001, 3.19441457E-001
 9.62887500E+000, 3.77195264E-002, 1.02569949E-002, 2.02219192E-001,-6.20360938E-002, 0.00000000E+000, 3.30918466E-001, 3.44233639E-001
 9.70812500E+000, 3.75406222E-002, 1.01100297E-002, 2.05198697E-001,-6.21351563E-002, 0.00000000E+000, 3.57161577E-001, 3.72115872E-001
 9.78737500E+000, 3.73472896E-002, 9.96216744E-003, 2.08268507E-001,-6.22342188E-002, 0.00000000E+000, 3.86534247E-001, 4.03187644E-001
 9.86662500E+000, 3.71377362E-002, 9.81477472E-003, 2.11398352E-001,-6.23332813E-002, 0.00000000E+000, 4.19007687E-001, 4.37272876E-001
 9.94587500E+000, 3.69099121E-002, 9.66966233E-003, 2.14514831E-001,-6.24323438E-002, 0.00000000E+000, 4.54409428E-001, 4.74140898E-001
 1.00251250E+001, 3.66617571E-002, 9.53263723E-003, 2.17681628E-001,-6.25314063E-002, 0.00000000E+000, 4.92447827E-001, 5.13433368E-001
 1.01043750E+001, 3.63921305E-002, 9.40084977E-003, 2.20579300E-001,-6.26304688E-002, 0.00000000E+000, 5.32589548E-001, 5.54449357E-001
 1.01836250E+001, 3.61021647E-002, 9.28547734E-003, 2.23438954E-001,-6.27295312E-002, 0.00000000E+000, 5.73478436E-001, 5.95235264E-001
 1.02628750E+001, 3.57895935E-002, 9.17609844E-003, 2.25868672E-001,-6.28285937E-002, 0.00000000E+000, 6.14755111E-001, 6.35745474E-001
 1.03421250E+001, 3.54606626E-002, 9.09100184E-003, 2.28181028E-001,-6.29276563E-002, 0.00000000E+000, 6.53372034E-001, 6.72943114E-001
 1.04213750E+001, 3.51118225E-002, 9.00565160E-003, 2.29894889E-001,-6.30267188E-002, 0.00000000E+000, 6.90490603E-001, 7.07695145E-001
 1.05006250E+001, 3.47471581E-002, 8.95677888E-003, 2.31477758E-001,-6.31257812E-002, 0.00000000E+000, 7.21107090E-001, 7.35441004E-001
 1.05798750E+001, 3.43857482E-002, 8.89492332E-003, 2.32147758E-001,-6.32248438E-002, 0.00000000E+000, 7.48359491E-001, 7.58588374E-001
 1.06591250E+001, 3.39401700E-002, 8.88258852E-003, 2.32980248E-001,-6.33239063E-002, 0.00000000E+000, 7.64390246E-001, 7.71403617E-001
 1.07383750E+001, 3.36456691E-002, 8.82216258E-003, 2.32642196E-001,-6.34229688E-002, 0.00000000E+000, 7.80193472E-001, 7.82778559E-001
 1.08176250E+001, 3.27026851E-002, 9.09605030E-003, 2.33850726E-001,-6.35220312E-002, 0.00000000E+000, 7.71346430E-001, 7.62570056E-001
 1.08968750E+001, 3.29365799E-002, 8.83333884E-003, 2.27074065E-001,-6.36210937E-002, 0.00000000E+000, 7.59957851E-001, 7.54549229E-001
 1.09761250E+001, 2.73374311E-002, 1.02701098E-002, 2.73549681E-001,-6.37201563E-002, 0.00000000E+000, 8.03513026E-001, 8.23279929E-001
 1.10553750E+001, 1.94486463E-002, 2.20088482E-002, 1.36698004E-001,-6.38192188E-002, 0.00000000E+000, 5.68478764E-001, 3.89397083E-001
 1.11346250E+001, 2.96648974E-002, 7.98981448E-003, 2.46995706E-001,-6.39182813E-002, 0.00000000E+000, 3.87411064E-001, 3.38680492E-001
 1.12138750E+001, 1.54129523E-002, 1.16568518E-002, 2.31928243E-001,-6.40173438E-002, 0.00000000E+000, 5.98289523E-001, 7.08757296E-001
 1.12931250E+001, 9.76694494E-003, 2.11648836E-002, 1.28182110E-001,-6.41164063E-002, 0.00000000E+000, 3.47604337E-001, 1.90966964E-001
 1.13723750E+001, 1.87281409E-002, 8.50240095E-003, 2.32671588E-001,-6.42154688E-002, 0.00000000E+000, 2.66956820E-001, 2.45870810E-001
 1.14516250E+001, 1.22810548E-002, 1.02914712E-002, 2.36173437E-001,-6.43145313E-002, 0.00000000E+000, 5.43916894E-001, 6.87740529E-001
 1.15308750E+001, 1.03861003E-002, 1.60103309E-002, 1.50022964E-001,-6.44135937E-002, 0.00000000E+000, 3.99245825E-001, 2.88610205E-001
 1.16101250E+001, 1.48736149E-002, 8.08741718E-003, 2.17622592E-001,-6.45126562E-002, 0.00000000E+000, 3.00098329E-001, 2.72357593E-001
 1.16893750E+001, 1.20595974E-002, 8.33298244E-003, 2.91074168E-001,-6.46117188E-002, 0.00000000E+000, 5.15866320E-001, 6.79672210E-001
 1.17686250E+001, 9.13812492E-003, 1.43231159E-002, 1.66500453E-001,-6.47107813E-002, 0.00000000E+000, 7.62416792E-001, 8.14165448E-001
 1.18478750E+001, 1.22253755E-002, 9.91996882E-003, 1.99047887E-001,-6.48098438E-002, 0.00000000E+000, 4.14673005E-001, 2.10704473E-001
 1.19271250E+001, 9.65913296E-003, 1.12253321E-002, 2.04296424E-001,-6.49089063E-002, 0.00000000E+000, 3.53639807E-001, 3.21486229E-001
 1.20063750E+001, 7.20460210E-003, 1.51662814E-002, 1.37422960E-001,-6.50079688E-002, 0.00000000E+000, 2.38431786E-001, 1.65484066E-001
 1.20856250E+001, 6.27763119E-003, 1.62713905E-002, 1.26311375E-001,-6.51070313E-002, 0.00000000E+000, 9.36508939E-002, 3.58502526E-002
 1.21648750E+001, 5.76020382E-003, 1.68083572E-002, 1.22052016E-001,-6.52060937E-002, 0.00000000E+000, 4.27939286E-002, 2.57258475E-002
 1.22441250E+001, 5.49682493E-003, 1.70590329E-002, 1.20128487E-001,-6.53051562E-002, 0.00000000E+000, 2.77211013E-002, 2.23949741E-002
 1.23233750E+001, 5.34077629E-003, 1.71830828E-002, 1.19303886E-001,-6.54042187E-002, 0.00000000E+000, 2.28787567E-002, 2.10180529E-002
 1.24026250E+001, 5.22161978E-003, 1.72591412E-002, 1.18891847E-001,-6.55032813E-002, 0.00000000E+000, 2.11206239E-002, 2.04010603E-002
 1.24818750E+001, 5.11550924E-003, 1.73167063E-002, 1.18642104E-001,-6.56023438E-002, 0.00000000E+000, 2.03404251E-002, 2.00578565E-002
 1.25611250E+001, 5.01398896E-003, 1.73668551E-002, 1.18453213E-001,-6.57014062E-002, 0.00000000E+000, 1.99043750E-002, 1.98197188E-002
 1.26403750E+001, 4.91423134E-003, 1.74148428E-002, 1.18299582E-001,-6.58004688E-002, 0.00000000E+000, 1.96050758E-002, 1.96239803E-002
 1.27196250E+001, 4.81503984E-003, 1.74623586E-002, 1.18151700E-001,-6.58995313E-002, 0.00000000E+000, 1.93706074E-002, 1.94476165E-002
 1.27988750E+001, 4.71605284E-003, 1.75104296E-002, 1.17990274E-001,-6.59985938E-002, 0.00000000E+000, 1.91641337E-002, 1.92715286E-002
 1.28781250E+001, 4.61710786E-003, 1.75608386E-002, 1.17772976E-001,-6.60976562E-002, 0.00000000E+000, 1.89672490E-002, 1.90751930E-002
 1.29573750E+001, 4.51821010E-003, 1.76148813E-002, 1.17470276E-001,-6.61967187E-002, 0.00000000E+000, 1.87576677E-002, 1.88329530E-002
 1.30366250E+001, 4.41934887E-003, 1.76738150E-002, 1.17055008E-001,-6.62957813E-002, 0.00000000E+000, 1.85183972E-002, 1.85263944E-002
 1.31158750E+001, 4.32050752E-003, 1.77387775E-002, 1.16501479E-001,-6.63948438E-002, 0.00000000E+000, 1.82310667E-002, 1.81401218E-002
 1.31951250E+001, 4.22171726E-003, 1.78085696E-002, 1.15835034E-001,-6.64939062E-002, 0.00000000E+000, 1.78812034E-002, 1.76750983E-002
 1.32743750E+001, 4.12291554E-003, 1.78770297E-002, 1.15204732E-001,-6.65929688E-002, 0.00000000E+000, 1.74734511E-002, 1.71859731E-002
 1.33536250E+001, 4.02405794E-003, 1.79421170E-002, 1.14624477E-001,-6.66920313E-002, 0.00000000E+000, 1.70353454E-002, 1.67368465E-002
 1.34328750E+001, 3.92509900E-003, 1.80047024E-002, 1.14092936E-001,-6.67910938E-002, 0.00000000E+000, 1.65945502E-002, 1.63297323E-002
 1.35121250E+001, 3.82615024E-003, 1.80642766E-002, 1.13580845E-001,-6.68901562E-002, 0.00000000E+000, 1.61692502E-002, 1.59560458E-002
 1.35913750E+001, 3.72715098E-003, 1.81217006E-002, 1.13092553E-001,-6.69892187E-002, 0.00000000E+000, 1.57725630E-002, 1.56042704E-002
 1.36706250E+001, 3.62808435E-003, 1.81786851E-002, 1.12653514E-001,-6.70882813E-002, 0.00000000E+000, 1.54144889E-002, 1.52783134E-002
 1.37498750E+001, 3.52904369E-003, 1.82361660E-002, 1.12266646E-001,-6.71873438E-002, 0.00000000E+000, 1.50941045E-002, 1.49848947E-002
 1.38291250E+001, 3.43006254E-003, 1.82950614E-002, 1.11931629E-001,-6.72864062E-002, 0.00000000E+000, 1.48040023E-002, 1.47224826E-002
 1.39083750E+001, 3.33102967E-003, 1.83547576E-002, 1.11626157E-001,-6.73854688E-002, 0.00000000E+000, 1.45328493E-002, 1.44858928E-002
 1.39876250E+001, 3.23203458E-003, 1.84143554E-002, 1.11307761E-001,-6.74845313E-002, 0.00000000E+000, 1.42695124E-002, 1.42598541E-002
 1.40668750E+001, 3.13302605E-003, 1.84733713E-002, 1.10951140E-001,-6.75835938E-002, 0.00000000E+000, 1.40087720E-002, 1.40261524E-002
 1.41461250E+001, 3.03406756E-003, 1.85314253E-002, 1.10551656E-001,-6.76826563E-002, 0.00000000E+000, 1.37512930E-002, 1.37769466E-002
 1.42253750E+001, 2.93513348E-003, 1.85886637E-002, 1.10122376E-001,-6.77817187E-002, 0.00000000E+000, 1.35017079E-002, 1.35139105E-002
 1.43046250E+001, 2.83625572E-003, 1.86456099E-002, 1.09693665E-001,-6.78807813E-002, 0.00000000E+000, 1.32668237E-002, 1.32468328E-002
 1.43838750E+001, 2.73738616E-003, 1.87037957E-002, 1.09292877E-001,-6.79798438E-002, 0.00000000E+000, 1.30538543E-002, 1.29887527E-002
 1.44631250E+001, 2.63848479E-003, 1.87645730E-002, 1.08944912E-001,-6.80789063E-002, 0.00000000E+000, 1.28675987E-002, 1.27502825E-002
 1.45423750E+001, 2.53960433E-003, 1.88289080E-002, 1.08664491E-001,-6.81779687E-002, 0.00000000E+000, 1.27090344E-002, 1.25395775E-002
 1.46216250E+001, 2.44070137E-003, 1.88972431E-002, 1.08456222E-001,-6.82770313E-002, 0.00000000E+000, 1.25743307E-002, 1.23600797E-002
 1.47008750E+001, 2.34174715E-003, 1.89692265E-002, 1.08314613E-001,-6.83760938E-002, 0.00000000E+000, 1.24556534E-002, 1.22113185E-002
 1.47801250E+001, 2.24272960E-003, 1.90436953E-002, 1.08222575E-001,-6.84751563E-002, 0.00000000E+000, 1.23443062E-002, 1.20889104E-002
 1.48593750E+001, 2.14364360E-003, 1.91192387E-002, 1.08156459E-001,-6.85742187E-002, 0.00000000E+000, 1.22335343E-002, 1.19847300E-002
 1.49386250E+001, 2.04440359E-003, 1.91949099E-002, 1.08082563E-001,-6.86732812E-002, 0.00000000E+000, 1.21181218E-002, 1.18872452E-002
 1.50178750E+001, 1.94508897E-003, 1.92703998E-002, 1.07971259E-001,-6.87723438E-002, 0.00000000E+000, 1.19943056E-002, 1.17826396E-002
 1.50971250E+001, 1.84581476E-003, 1.93457345E-002, 1.07809508E-001,-6.88714063E-002, 0.00000000E+000, 1.18613246E-002, 1.16609349E-002
 1.51763750E+001, 1.74646129E-003, 1.94225240E-002, 1.07574756E-001,-6.89704687E-002, 0.00000000E+000, 1.17187725E-002, 1.15145709E-002
 1.52556250E+001, 1.64713405E-003, 1.95024216E-002, 1.07246815E-001,-6.90695313E-002, 0.00000000E+000, 1.15626103E-002, 1.13338767E-002
 1.53348750E+001, 1.54778540E-003, 1.95832021E-002, 1.06879055E-001,-6.91685938E-002, 0.00000000E+000, 1.13878193E-002, 1.11242362E-002
 1.54141250E+001, 1.44847190E-003, 1.96627824E-002, 1.06607136E-001,-6.92676563E-002, 0.00000000E+000, 1.11982230E-002, 1.09232498E-002
 1.54933750E+001, 1.34932639E-003, 1.97360691E-002, 1.06359980E-001,-6.93667188E-002, 0.00000000E+000, 1.10045525E-002, 1.07577948E-002
 1.55726250E+001, 1.25030033E-003, 1.98092711E-002, 1.06272867E-001,-6.94657812E-002, 0.00000000E+000, 1.08183976E-002, 1.06262340E-002
 1.56518750E+001, 1.15122756E-003, 1.98765308E-002, 1.06150127E-001,-6.95648437E-002, 0.00000000E+000, 1.06462841E-002, 1.05342891E-002
 1.57311250E+001, 1.05248413E-003, 1.99433783E-002, 1.06146716E-001,-6.96639063E-002, 0.00000000E+000, 1.04908728E-002, 1.04534431E-002
 1.58103750E+001, 9.51067198E-004, 1.99987125E-002, 1.05906008E-001,-6.97629688E-002, 0.00000000E+000, 1.03177825E-002, 1.03742029E-002
