   1000.0165791530707      ,         100
X,ZB,H,U
 5.00000000E-002, 1.00000000E-001, 4.00164791E-001, 4.99794097E-001
 1.50000000E-001, 1.00000000E-001, 4.00164791E-001, 4.99794097E-001
 2.50000000E-001, 1.00000000E-001, 4.00164791E-001, 4.99794097E-001
 3.50000000E-001, 1.00000000E-001, 4.00164790E-001, 4.99794097E-001
 4.50000000E-001, 1.00000000E-001, 4.00164790E-001, 4.99794097E-001
 5.50000000E-001, 1.00000000E-001, 4.00164790E-001, 4.99794097E-001
 6.50000000E-001, 1.00000001E-001, 4.00164790E-001, 4.99794097E-001
 7.50000000E-001, 1.00000001E-001, 4.00164789E-001, 4.99794098E-001
 8.50000000E-001, 1.00000003E-001, 4.00164787E-001, 4.99794101E-001
 9.50000000E-001, 1.00000008E-001, 4.00164783E-001, 4.99794106E-001
 1.05000000E+000, 1.00000017E-001, 4.00164773E-001, 4.99794117E-001
 1.15000000E+000, 1.00000037E-001, 4.00164752E-001, 4.99794141E-001
 1.25000000E+000, 1.00000078E-001, 4.00164707E-001, 4.99794191E-001
 1.35000000E+000, 1.00000164E-001, 4.00164616E-001, 4.99794296E-001
 1.45000000E+000, 1.00000336E-001, 4.00164433E-001, 4.99794507E-001
 1.55000000E+000, 1.00000677E-001, 4.00164070E-001, 4.99794924E-001
 1.65000000E+000, 1.00001337E-001, 4.00163368E-001, 4.99795734E-001
 1.75000000E+000, 1.00002587E-001, 4.00162039E-001, 4.99797273E-001
 1.85000000E+000, 1.00004906E-001, 4.00159573E-001, 4.99800136E-001
 1.95000000E+000, 1.00009120E-001, 4.00155092E-001, 4.99805353E-001
 2.05000000E+000, 1.00016617E-001, 4.00147120E-001, 4.99814659E-001
 2.15000000E+000, 1.00029679E-001, 4.00133231E-001, 4.99830916E-001
 2.25000000E+000, 1.00051957E-001, 4.00109541E-001, 4.99858720E-001
 2.35000000E+000, 1.00089159E-001, 4.00069982E-001, 4.99905280E-001
 2.45000000E+000, 1.00149969E-001, 4.00005318E-001, 4.99981607E-001
 2.55000000E+000, 1.00247256E-001, 3.99901856E-001, 5.00104097E-001
 2.65000000E+000, 1.00399585E-001, 3.99739844E-001, 5.00296524E-001
 2.75000000E+000, 1.00632972E-001, 3.99491585E-001, 5.00592438E-001
 2.85000000E+000, 1.00982819E-001, 3.99119366E-001, 5.01037896E-001
 2.95000000E+000, 1.01495813E-001, 3.98573411E-001, 5.01694361E-001
 3.05000000E+000, 1.02231491E-001, 3.97790151E-001, 5.02641523E-001
 3.15000000E+000, 1.03263076E-001, 3.96691250E-001, 5.03979683E-001
 3.25000000E+000, 1.04677062E-001, 3.95183887E-001, 5.05831302E-001
 3.35000000E+000, 1.06571027E-001, 3.93162869E-001, 5.08341234E-001
 3.45000000E+000, 1.09049144E-001, 3.90515082E-001, 5.11675182E-001
 3.55000000E+000, 1.12215067E-001, 3.87126655E-001, 5.16015898E-001
 3.65000000E+000, 1.16162119E-001, 3.82892909E-001, 5.21556631E-001
 3.75000000E+000, 1.20961139E-001, 3.77730797E-001, 5.28491269E-001
 3.85000000E+000, 1.26646830E-001, 3.71593033E-001, 5.37000472E-001
 3.95000000E+000, 1.33203995E-001, 3.64482640E-001, 5.47232895E-001
 4.05000000E+000, 1.40555451E-001, 3.56466261E-001, 5.59280487E-001
 4.15000000E+000, 1.48553690E-001, 3.47684344E-001, 5.73146888E-001
 4.25000000E+000, 1.56978282E-001, 3.38356390E-001, 5.88708673E-001
 4.35000000E+000, 1.65540625E-001, 3.28779775E-001, 6.05670919E-001
 4.45000000E+000, 1.73896849E-001, 3.19321186E-001, 6.23522091E-001
 4.55000000E+000, 1.81668648E-001, 3.10400309E-001, 6.41498877E-001
 4.65000000E+000, 1.88470590E-001, 3.02465766E-001, 6.58579215E-001
 4.75000000E+000, 1.93941306E-001, 2.95963478E-001, 6.73528575E-001
 4.85000000E+000, 1.97775124E-001, 2.91297898E-001, 6.85024313E-001
 4.95000000E+000, 1.99750312E-001, 2.88787930E-001, 6.91865074E-001
 5.05000000E+000, 1.99750312E-001, 2.88623266E-001, 6.93231666E-001
 5.15000000E+000, 1.97775124E-001, 2.90830779E-001, 6.88907613E-001
 5.25000000E+000, 1.93941306E-001, 2.95261068E-001, 6.79371957E-001
 5.35000000E+000, 1.88470590E-001, 3.01616010E-001, 6.65646011E-001
 5.45000000E+000, 1.81668648E-001, 3.09488908E-001, 6.49062144E-001
 5.55000000E+000, 1.73896849E-001, 3.18416243E-001, 6.30994063E-001
 5.65000000E+000, 1.65540625E-001, 3.27926606E-001, 6.12650811E-001
 5.75000000E+000, 1.56978282E-001, 3.37579593E-001, 5.94970351E-001
 5.85000000E+000, 1.48553690E-001, 3.46993058E-001, 5.78598607E-001
 5.95000000E+000, 1.40555451E-001, 3.55859668E-001, 5.63920511E-001
 6.05000000E+000, 1.33203995E-001, 3.63954352E-001, 5.51112691E-001
 6.15000000E+000, 1.26646830E-001, 3.71134087E-001, 5.40198483E-001
 6.25000000E+000, 1.20961139E-001, 3.77331485E-001, 5.31096071E-001
 6.35000000E+000, 1.16162119E-001, 3.82543788E-001, 5.23657001E-001
 6.45000000E+000, 1.12215067E-001, 3.86819043E-001, 5.17695425E-001
 6.55000000E+000, 1.09049144E-001, 3.90241261E-001, 5.13009625E-001
 6.65000000E+000, 1.06571027E-001, 3.92916131E-001, 5.09397457E-001
 6.75000000E+000, 1.04677062E-001, 3.94958513E-001, 5.06667058E-001
 6.85000000E+000, 1.03263076E-001, 3.96482442E-001, 5.04643876E-001
 6.95000000E+000, 1.02231491E-001, 3.97593956E-001, 5.03174736E-001
 7.05000000E+000, 1.01495813E-001, 3.98386636E-001, 5.02129570E-001
 7.15000000E+000, 1.00982819E-001, 3.98939484E-001, 5.01401295E-001
 7.25000000E+000, 1.00632972E-001, 3.99316640E-001, 5.00904349E-001
 7.35000000E+000, 1.00399585E-001, 3.99568359E-001, 5.00572328E-001
 7.45000000E+000, 1.00247256E-001, 3.99732742E-001, 5.00355145E-001
 7.55000000E+000, 1.00149969E-001, 3.99837793E-001, 5.00216064E-001
 7.65000000E+000, 1.00089159E-001, 3.99903498E-001, 5.00128868E-001
 7.75000000E+000, 1.00051957E-001, 3.99943723E-001, 5.00075349E-001
 7.85000000E+000, 1.00029679E-001, 3.99967830E-001, 5.00043188E-001
 7.95000000E+000, 1.00016617E-001, 3.99981974E-001, 5.00024266E-001
 8.05000000E+000, 1.00009120E-001, 3.99990100E-001, 5.00013365E-001
 8.15000000E+000, 1.00004906E-001, 3.99994670E-001, 5.00007216E-001
 8.25000000E+000, 1.00002587E-001, 3.99997187E-001, 5.00003819E-001
 8.35000000E+000, 1.00001337E-001, 3.99998545E-001, 5.00001981E-001
 8.45000000E+000, 1.00000677E-001, 3.99999262E-001, 5.00001008E-001
 8.55000000E+000, 1.00000336E-001, 3.99999633E-001, 5.00000502E-001
 8.65000000E+000, 1.00000164E-001, 3.99999821E-001, 5.00000245E-001
 8.75000000E+000, 1.00000078E-001, 3.99999915E-001, 5.00000118E-001
 8.85000000E+000, 1.00000037E-001, 3.99999960E-001, 5.00000055E-001
 8.95000000E+000, 1.00000017E-001, 3.99999982E-001, 5.00000025E-001
 9.05000000E+000, 1.00000008E-001, 3.99999992E-001, 5.00000011E-001
 9.15000000E+000, 1.00000003E-001, 3.99999996E-001, 5.00000005E-001
 9.25000000E+000, 1.00000001E-001, 3.99999998E-001, 5.00000002E-001
 9.35000000E+000, 1.00000001E-001, 3.99999999E-001, 5.00000001E-001
 9.45000000E+000, 1.00000000E-001, 4.00000000E-001, 5.00000000E-001
 9.55000000E+000, 1.00000000E-001, 4.00000000E-001, 5.00000000E-001
 9.65000000E+000, 1.00000000E-001, 4.00000000E-001, 5.00000000E-001
 9.75000000E+000, 1.00000000E-001, 4.00000000E-001, 5.00000000E-001
 9.85000000E+000, 1.00000000E-001, 4.00000000E-001, 5.00000000E-001
 9.95000000E+000, 1.00000000E-001, 4.00000000E-001, 5.00000000E-001
