   1000.0077971501847      ,         100
X,ZB,H,U
 5.00000000E-002, 1.00000000E-001, 4.00732724E-001, 4.99085770E-001
 1.50000000E-001, 1.00000000E-001, 4.00732724E-001, 4.99085770E-001
 2.50000000E-001, 1.00000000E-001, 4.00732724E-001, 4.99085770E-001
 3.50000000E-001, 1.00000000E-001, 4.00732724E-001, 4.99085770E-001
 4.50000000E-001, 1.00000000E-001, 4.00732724E-001, 4.99085770E-001
 5.50000000E-001, 1.00000000E-001, 4.00732724E-001, 4.99085770E-001
 6.50000000E-001, 1.00000001E-001, 4.00732723E-001, 4.99085771E-001
 7.50000000E-001, 1.00000001E-001, 4.00732723E-001, 4.99085773E-001
 8.50000000E-001, 1.00000003E-001, 4.00732721E-001, 4.99085776E-001
 9.50000000E-001, 1.00000008E-001, 4.00732717E-001, 4.99085784E-001
 1.05000000E+000, 1.00000017E-001, 4.00732708E-001, 4.99085802E-001
 1.15000000E+000, 1.00000037E-001, 4.00732689E-001, 4.99085839E-001
 1.25000000E+000, 1.00000078E-001, 4.00732649E-001, 4.99085916E-001
 1.35000000E+000, 1.00000164E-001, 4.00732567E-001, 4.99086073E-001
 1.45000000E+000, 1.00000336E-001, 4.00732399E-001, 4.99086387E-001
 1.55000000E+000, 1.00000677E-001, 4.00732067E-001, 4.99086999E-001
 1.65000000E+000, 1.00001337E-001, 4.00731422E-001, 4.99088169E-001
 1.75000000E+000, 1.00002587E-001, 4.00730195E-001, 4.99090363E-001
 1.85000000E+000, 1.00004906E-001, 4.00727910E-001, 4.99094389E-001
 1.95000000E+000, 1.00009120E-001, 4.00723741E-001, 4.99101626E-001
 2.05000000E+000, 1.00016617E-001, 4.00716296E-001, 4.99114365E-001
 2.15000000E+000, 1.00029679E-001, 4.00703277E-001, 4.99136322E-001
 2.25000000E+000, 1.00051957E-001, 4.00680991E-001, 4.99173381E-001
 2.35000000E+000, 1.00089159E-001, 4.00643645E-001, 4.99234621E-001
 2.45000000E+000, 1.00149969E-001, 4.00582387E-001, 4.99333707E-001
 2.55000000E+000, 1.00247256E-001, 4.00484044E-001, 4.99490660E-001
 2.65000000E+000, 1.00399585E-001, 4.00329541E-001, 4.99734059E-001
 2.75000000E+000, 1.00632972E-001, 4.00092027E-001, 5.00103590E-001
 2.85000000E+000, 1.00982819E-001, 3.99734800E-001, 5.00652858E-001
 2.95000000E+000, 1.01495813E-001, 3.99209225E-001, 5.01452233E-001
 3.05000000E+000, 1.02231491E-001, 3.98452937E-001, 5.02591450E-001
 3.15000000E+000, 1.03263076E-001, 3.97388743E-001, 5.04181571E-001
 3.25000000E+000, 1.04677062E-001, 3.95924744E-001, 5.06355884E-001
 3.35000000E+000, 1.06571027E-001, 3.93956222E-001, 5.09269281E-001
 3.45000000E+000, 1.09049144E-001, 3.91369822E-001, 5.13095659E-001
 3.55000000E+000, 1.12215067E-001, 3.88050425E-001, 5.18022877E-001
 3.65000000E+000, 1.16162119E-001, 3.83890800E-001, 5.24244761E-001
 3.75000000E+000, 1.20961139E-001, 3.78803793E-001, 5.31949553E-001
 3.85000000E+000, 1.26646830E-001, 3.72736307E-001, 5.41303984E-001
 3.95000000E+000, 1.33203995E-001, 3.65683890E-001, 5.52431969E-001
 4.05000000E+000, 1.40555451E-001, 3.57704382E-001, 5.65386790E-001
 4.15000000E+000, 1.48553690E-001, 3.48928855E-001, 5.80115891E-001
 4.25000000E+000, 1.56978282E-001, 3.39568163E-001, 5.96418472E-001
 4.35000000E+000, 1.65540625E-001, 3.29913651E-001, 6.13898539E-001
 4.45000000E+000, 1.73896849E-001, 3.20330895E-001, 6.31920784E-001
 4.55000000E+000, 1.81668648E-001, 3.11245537E-001, 6.49584005E-001
 4.65000000E+000, 1.88470590E-001, 3.03120120E-001, 6.65735786E-001
 4.75000000E+000, 1.93941306E-001, 2.96420640E-001, 6.79057972E-001
 4.85000000E+000, 1.97775124E-001, 2.91572371E-001, 6.88244322E-001
 4.95000000E+000, 1.99750312E-001, 2.88908104E-001, 6.92256591E-001
 5.05000000E+000, 1.99750312E-001, 2.88906584E-001, 6.92264919E-001
 5.15000000E+000, 1.97775124E-001, 2.90593620E-001, 6.90585681E-001
 5.25000000E+000, 1.93941306E-001, 2.94550979E-001, 6.83430459E-001
 5.35000000E+000, 1.88470590E-001, 3.00515950E-001, 6.71614014E-001
 5.45000000E+000, 1.81668648E-001, 3.08103309E-001, 6.56356155E-001
 5.55000000E+000, 1.73896849E-001, 3.16854933E-001, 6.39019888E-001
 5.65000000E+000, 1.65540625E-001, 3.26291719E-001, 6.20879784E-001
 5.75000000E+000, 1.56978282E-001, 3.35957264E-001, 6.02980844E-001
 5.85000000E+000, 1.48553690E-001, 3.45449721E-001, 5.86087422E-001
 5.95000000E+000, 1.40555451E-001, 3.54441800E-001, 5.70694536E-001
 6.05000000E+000, 1.33203995E-001, 3.62690328E-001, 5.57070828E-001
 6.15000000E+000, 1.26646830E-001, 3.70037081E-001, 5.45310861E-001
 6.25000000E+000, 1.20961139E-001, 3.76402695E-001, 5.35384464E-001
 6.35000000E+000, 1.16162119E-001, 3.81775578E-001, 5.27178093E-001
 6.45000000E+000, 1.12215067E-001, 3.86197786E-001, 5.20527292E-001
 6.55000000E+000, 1.09049144E-001, 3.89749769E-001, 5.15241209E-001
 6.65000000E+000, 1.06571027E-001, 3.92535646E-001, 5.11120589E-001
 6.75000000E+000, 1.04677062E-001, 3.94670247E-001, 5.07970662E-001
 6.85000000E+000, 1.03263076E-001, 3.96268693E-001, 5.05609964E-001
 6.95000000E+000, 1.02231491E-001, 3.97438836E-001, 5.03875941E-001
 7.05000000E+000, 1.01495813E-001, 3.98276461E-001, 5.02627936E-001
 7.15000000E+000, 1.00982819E-001, 3.98862899E-001, 5.01748079E-001
 7.25000000E+000, 1.00632972E-001, 3.99264539E-001, 5.01140575E-001
 7.35000000E+000, 1.00399585E-001, 3.99533670E-001, 5.00729844E-001
 7.45000000E+000, 1.00247256E-001, 3.99710136E-001, 5.00457954E-001
 7.55000000E+000, 1.00149969E-001, 3.99823374E-001, 5.00281746E-001
 7.65000000E+000, 1.00089159E-001, 3.99894496E-001, 5.00169944E-001
 7.75000000E+000, 1.00051957E-001, 3.99938221E-001, 5.00100495E-001
 7.85000000E+000, 1.00029679E-001, 3.99964538E-001, 5.00058258E-001
 7.95000000E+000, 1.00016617E-001, 3.99980046E-001, 5.00033108E-001
 8.05000000E+000, 1.00009120E-001, 3.99988994E-001, 5.00018445E-001
 8.15000000E+000, 1.00004906E-001, 3.99994049E-001, 5.00010073E-001
 8.25000000E+000, 1.00002587E-001, 3.99996846E-001, 5.00005393E-001
 8.35000000E+000, 1.00001337E-001, 3.99998361E-001, 5.00002830E-001
 8.45000000E+000, 1.00000677E-001, 3.99999165E-001, 5.00001456E-001
 8.55000000E+000, 1.00000336E-001, 3.99999583E-001, 5.00000734E-001
 8.65000000E+000, 1.00000164E-001, 3.99999796E-001, 5.00000363E-001
 8.75000000E+000, 1.00000078E-001, 3.99999902E-001, 5.00000176E-001
 8.85000000E+000, 1.00000037E-001, 3.99999954E-001, 5.00000084E-001
 8.95000000E+000, 1.00000017E-001, 3.99999979E-001, 5.00000039E-001
 9.05000000E+000, 1.00000008E-001, 3.99999990E-001, 5.00000018E-001
 9.15000000E+000, 1.00000003E-001, 3.99999996E-001, 5.00000008E-001
 9.25000000E+000, 1.00000001E-001, 3.99999998E-001, 5.00000003E-001
 9.35000000E+000, 1.00000001E-001, 3.99999999E-001, 5.00000001E-001
 9.45000000E+000, 1.00000000E-001, 4.00000000E-001, 5.00000001E-001
 9.55000000E+000, 1.00000000E-001, 4.00000000E-001, 5.00000000E-001
 9.65000000E+000, 1.00000000E-001, 4.00000000E-001, 5.00000000E-001
 9.75000000E+000, 1.00000000E-001, 4.00000000E-001, 5.00000000E-001
 9.85000000E+000, 1.00000000E-001, 4.00000000E-001, 5.00000000E-001
 9.95000000E+000, 1.00000000E-001, 4.00000000E-001, 5.00000000E-001
