   1000.0061940393882      ,         100
X,ZB,H,U
 5.00000000E-002, 1.00000000E-001, 4.00063864E-001, 4.99920182E-001
 1.50000000E-001, 1.00000000E-001, 4.00063864E-001, 4.99920182E-001
 2.50000000E-001, 1.00000000E-001, 4.00063864E-001, 4.99920182E-001
 3.50000000E-001, 1.00000000E-001, 4.00063864E-001, 4.99920183E-001
 4.50000000E-001, 1.00000000E-001, 4.00063864E-001, 4.99920183E-001
 5.50000000E-001, 1.00000000E-001, 4.00063864E-001, 4.99920183E-001
 6.50000000E-001, 1.00000001E-001, 4.00063864E-001, 4.99920183E-001
 7.50000000E-001, 1.00000001E-001, 4.00063863E-001, 4.99920185E-001
 8.50000000E-001, 1.00000003E-001, 4.00063861E-001, 4.99920187E-001
 9.50000000E-001, 1.00000008E-001, 4.00063856E-001, 4.99920193E-001
 1.05000000E+000, 1.00000017E-001, 4.00063847E-001, 4.99920207E-001
 1.15000000E+000, 1.00000037E-001, 4.00063826E-001, 4.99920236E-001
 1.25000000E+000, 1.00000078E-001, 4.00063783E-001, 4.99920296E-001
 1.35000000E+000, 1.00000164E-001, 4.00063693E-001, 4.99920418E-001
 1.45000000E+000, 1.00000336E-001, 4.00063512E-001, 4.99920665E-001
 1.55000000E+000, 1.00000677E-001, 4.00063154E-001, 4.99921151E-001
 1.65000000E+000, 1.00001337E-001, 4.00062460E-001, 4.99922087E-001
 1.75000000E+000, 1.00002587E-001, 4.00061145E-001, 4.99923852E-001
 1.85000000E+000, 1.00004906E-001, 4.00058703E-001, 4.99927117E-001
 1.95000000E+000, 1.00009120E-001, 4.00054261E-001, 4.99933029E-001
 2.05000000E+000, 1.00016617E-001, 4.00046349E-001, 4.99943511E-001
 2.15000000E+000, 1.00029679E-001, 4.00032553E-001, 4.99961712E-001
 2.25000000E+000, 1.00051957E-001, 4.00009002E-001, 4.99992657E-001
 2.35000000E+000, 1.00089159E-001, 3.99969640E-001, 5.00044175E-001
 2.45000000E+000, 1.00149969E-001, 3.99905247E-001, 5.00128148E-001
 2.55000000E+000, 1.00247256E-001, 3.99802141E-001, 5.00262155E-001
 2.65000000E+000, 1.00399585E-001, 3.99640570E-001, 5.00471522E-001
 2.75000000E+000, 1.00632972E-001, 3.99392818E-001, 5.00791767E-001
 2.85000000E+000, 1.00982819E-001, 3.99021124E-001, 5.01271349E-001
 2.95000000E+000, 1.01495813E-001, 3.98475614E-001, 5.01974548E-001
 3.05000000E+000, 1.02231491E-001, 3.97692555E-001, 5.02984226E-001
 3.15000000E+000, 1.03263076E-001, 3.96593356E-001, 5.04404102E-001
 3.25000000E+000, 1.04677062E-001, 3.95084832E-001, 5.06360152E-001
 3.35000000E+000, 1.06571027E-001, 3.93061292E-001, 5.09000660E-001
 3.45000000E+000, 1.09049144E-001, 3.90408969E-001, 5.12494478E-001
 3.55000000E+000, 1.12215067E-001, 3.87013165E-001, 5.17027003E-001
 3.65000000E+000, 1.16162119E-001, 3.82768195E-001, 5.22793370E-001
 3.75000000E+000, 1.20961139E-001, 3.77589831E-001, 5.29988219E-001
 3.85000000E+000, 1.26646830E-001, 3.71429468E-001, 5.38791252E-001
 3.95000000E+000, 1.33203995E-001, 3.64288774E-001, 5.49347497E-001
 4.05000000E+000, 1.40555451E-001, 3.56233208E-001, 5.61741057E-001
 4.15000000E+000, 1.48553690E-001, 3.47402588E-001, 5.75961149E-001
 4.25000000E+000, 1.56978282E-001, 3.38025531E-001, 5.91905853E-001
 4.35000000E+000, 1.65540625E-001, 3.28354955E-001, 6.09521651E-001
 4.45000000E+000, 1.73896849E-001, 3.18895610E-001, 6.28129223E-001
 4.55000000E+000, 1.81668648E-001, 3.09878978E-001, 6.45552508E-001
 4.65000000E+000, 1.88470590E-001, 3.02169138E-001, 6.63924745E-001
 4.75000000E+000, 1.93941306E-001, 2.95452375E-001, 6.76797500E-001
 4.85000000E+000, 1.97775124E-001, 2.91198706E-001, 6.89163539E-001
 4.95000000E+000, 1.99750312E-001, 2.88540980E-001, 6.93141706E-001
 5.05000000E+000, 1.99750312E-001, 2.88540716E-001, 6.93142986E-001
 5.15000000E+000, 1.97775124E-001, 2.90227939E-001, 6.91463982E-001
 5.25000000E+000, 1.93941306E-001, 2.95336571E-001, 6.77143675E-001
 5.35000000E+000, 1.88470590E-001, 3.01519675E-001, 6.64649700E-001
 5.45000000E+000, 1.81668648E-001, 3.09745562E-001, 6.45757433E-001
 5.55000000E+000, 1.73896849E-001, 3.18656728E-001, 6.28195630E-001
 5.65000000E+000, 1.65540625E-001, 3.28180253E-001, 6.09551198E-001
 5.75000000E+000, 1.56978282E-001, 3.37818018E-001, 5.92335997E-001
 5.85000000E+000, 1.48553690E-001, 3.47191916E-001, 5.76363244E-001
 5.95000000E+000, 1.40555451E-001, 3.56008730E-001, 5.62134740E-001
 6.05000000E+000, 1.33203995E-001, 3.64062033E-001, 5.49717410E-001
 6.15000000E+000, 1.26646830E-001, 3.71209127E-001, 5.39130379E-001
 6.25000000E+000, 1.20961139E-001, 3.77381801E-001, 5.30294092E-001
 6.35000000E+000, 1.16162119E-001, 3.82575788E-001, 5.23064838E-001
 6.45000000E+000, 1.12215067E-001, 3.86837954E-001, 5.17265212E-001
 6.55000000E+000, 1.09049144E-001, 3.90251562E-001, 5.12703895E-001
 6.65000000E+000, 1.06571027E-001, 3.92921076E-001, 5.09185402E-001
 6.75000000E+000, 1.04677062E-001, 3.94959913E-001, 5.06521715E-001
 6.85000000E+000, 1.03263076E-001, 3.96481644E-001, 5.04545145E-001
 6.95000000E+000, 1.02231491E-001, 3.97592453E-001, 5.03110594E-001
 7.05000000E+000, 1.01495813E-001, 3.98385232E-001, 5.02090307E-001
 7.15000000E+000, 1.00982819E-001, 3.98937975E-001, 5.01376523E-001
 7.25000000E+000, 1.00632972E-001, 3.99314971E-001, 5.00887622E-001
 7.35000000E+000, 1.00399585E-001, 3.99567151E-001, 5.00562799E-001
 7.45000000E+000, 1.00247256E-001, 3.99732200E-001, 5.00351444E-001
 7.55000000E+000, 1.00149969E-001, 3.99837321E-001, 5.00213867E-001
 7.65000000E+000, 1.00089159E-001, 3.99902829E-001, 5.00126118E-001
 7.75000000E+000, 1.00051957E-001, 3.99943325E-001, 5.00074001E-001
 7.85000000E+000, 1.00029679E-001, 3.99967868E-001, 5.00043906E-001
 7.95000000E+000, 1.00016617E-001, 3.99981984E-001, 5.00024718E-001
 8.05000000E+000, 1.00009120E-001, 3.99989870E-001, 5.00012511E-001
 8.15000000E+000, 1.00004906E-001, 3.99994516E-001, 5.00006640E-001
 8.25000000E+000, 1.00002587E-001, 3.99997256E-001, 5.00004287E-001
 8.35000000E+000, 1.00001337E-001, 3.99998631E-001, 5.00002493E-001
 8.45000000E+000, 1.00000677E-001, 3.99999226E-001, 5.00000881E-001
 8.55000000E+000, 1.00000336E-001, 3.99999556E-001, 5.00000149E-001
 8.65000000E+000, 1.00000164E-001, 3.99999790E-001, 5.00000102E-001
 8.75000000E+000, 1.00000078E-001, 3.99999932E-001, 5.00000223E-001
 8.85000000E+000, 1.00000037E-001, 3.99999995E-001, 5.00000245E-001
 8.95000000E+000, 1.00000017E-001, 4.00000000E-001, 5.00000111E-001
 9.05000000E+000, 1.00000008E-001, 3.99999981E-001, 4.99999962E-001
 9.15000000E+000, 1.00000003E-001, 3.99999978E-001, 4.99999914E-001
 9.25000000E+000, 1.00000001E-001, 3.99999986E-001, 4.99999940E-001
 9.35000000E+000, 1.00000001E-001, 4.00000001E-001, 5.00000012E-001
 9.45000000E+000, 1.00000000E-001, 4.00000008E-001, 5.00000042E-001
 9.55000000E+000, 1.00000000E-001, 4.00000007E-001, 5.00000035E-001
 9.65000000E+000, 1.00000000E-001, 4.00000002E-001, 5.00000007E-001
 9.75000000E+000, 1.00000000E-001, 3.99999997E-001, 4.99999983E-001
 9.85000000E+000, 1.00000000E-001, 3.99999995E-001, 4.99999986E-001
 9.95000000E+000, 1.00000000E-001, 3.99999998E-001, 4.99999997E-001
