   1000.0080334232475      ,         100
X,ZB,H,U
 5.00000000E-002, 1.00000000E-001, 4.00073666E-001, 4.99907935E-001
 1.50000000E-001, 1.00000000E-001, 4.00073666E-001, 4.99907935E-001
 2.50000000E-001, 1.00000000E-001, 4.00073666E-001, 4.99907935E-001
 3.50000000E-001, 1.00000000E-001, 4.00073666E-001, 4.99907935E-001
 4.50000000E-001, 1.00000000E-001, 4.00073666E-001, 4.99907935E-001
 5.50000000E-001, 1.00000000E-001, 4.00073665E-001, 4.99907935E-001
 6.50000000E-001, 1.00000001E-001, 4.00073665E-001, 4.99907936E-001
 7.50000000E-001, 1.00000001E-001, 4.00073664E-001, 4.99907937E-001
 8.50000000E-001, 1.00000003E-001, 4.00073662E-001, 4.99907940E-001
 9.50000000E-001, 1.00000008E-001, 4.00073658E-001, 4.99907946E-001
 1.05000000E+000, 1.00000017E-001, 4.00073648E-001, 4.99907959E-001
 1.15000000E+000, 1.00000037E-001, 4.00073628E-001, 4.99907988E-001
 1.25000000E+000, 1.00000078E-001, 4.00073585E-001, 4.99908047E-001
 1.35000000E+000, 1.00000164E-001, 4.00073495E-001, 4.99908169E-001
 1.45000000E+000, 1.00000336E-001, 4.00073315E-001, 4.99908414E-001
 1.55000000E+000, 1.00000677E-001, 4.00072959E-001, 4.99908896E-001
 1.65000000E+000, 1.00001337E-001, 4.00072270E-001, 4.99909826E-001
 1.75000000E+000, 1.00002587E-001, 4.00070961E-001, 4.99911581E-001
 1.85000000E+000, 1.00004906E-001, 4.00068530E-001, 4.99914828E-001
 1.95000000E+000, 1.00009120E-001, 4.00064107E-001, 4.99920707E-001
 2.05000000E+000, 1.00016617E-001, 4.00056227E-001, 4.99931135E-001
 2.15000000E+000, 1.00029679E-001, 4.00042482E-001, 4.99949248E-001
 2.25000000E+000, 1.00051957E-001, 4.00019011E-001, 4.99980054E-001
 2.35000000E+000, 1.00089159E-001, 3.99979773E-001, 5.00031355E-001
 2.45000000E+000, 1.00149969E-001, 3.99915566E-001, 5.00115000E-001
 2.55000000E+000, 1.00247256E-001, 3.99812731E-001, 5.00248525E-001
 2.65000000E+000, 1.00399585E-001, 3.99651545E-001, 5.00457200E-001
 2.75000000E+000, 1.00632972E-001, 3.99404327E-001, 5.00776479E-001
 2.85000000E+000, 1.00982819E-001, 3.99033350E-001, 5.01254748E-001
 2.95000000E+000, 1.01495813E-001, 3.98488775E-001, 5.01956211E-001
 3.05000000E+000, 1.02231491E-001, 3.97706901E-001, 5.02963653E-001
 3.15000000E+000, 1.03263076E-001, 3.96609159E-001, 5.04380731E-001
 3.25000000E+000, 1.04677062E-001, 3.95102367E-001, 5.06333369E-001
 3.35000000E+000, 1.06571027E-001, 3.93080817E-001, 5.08969832E-001
 3.45000000E+000, 1.09049144E-001, 3.90430695E-001, 5.12458984E-001
 3.55000000E+000, 1.12215067E-001, 3.87037221E-001, 5.16986288E-001
 3.65000000E+000, 1.16162119E-001, 3.82794590E-001, 5.22747006E-001
 3.75000000E+000, 1.20961139E-001, 3.77618406E-001, 5.29936002E-001
 3.85000000E+000, 1.26646830E-001, 3.71459842E-001, 5.38733336E-001
 3.95000000E+000, 1.33203995E-001, 3.64320282E-001, 5.49284609E-001
 4.05000000E+000, 1.40555451E-001, 3.56264826E-001, 5.61674805E-001
 4.15000000E+000, 1.48553690E-001, 3.47432883E-001, 5.75894611E-001
 4.25000000E+000, 1.56978282E-001, 3.38054228E-001, 5.91842619E-001
 4.35000000E+000, 1.65540625E-001, 3.28383217E-001, 6.09437330E-001
 4.45000000E+000, 1.73896849E-001, 3.18928538E-001, 6.28053120E-001
 4.55000000E+000, 1.81668648E-001, 3.09894834E-001, 6.45467396E-001
 4.65000000E+000, 1.88470590E-001, 3.02237769E-001, 6.63689451E-001
 4.75000000E+000, 1.93941306E-001, 2.95487311E-001, 6.76668417E-001
 4.85000000E+000, 1.97775124E-001, 2.91296537E-001, 6.88911259E-001
 4.95000000E+000, 1.99750312E-001, 2.88573076E-001, 6.92985031E-001
 5.05000000E+000, 1.99750312E-001, 2.88543181E-001, 6.93124154E-001
 5.15000000E+000, 1.97775124E-001, 2.90164421E-001, 6.91519335E-001
 5.25000000E+000, 1.93941306E-001, 2.95304685E-001, 6.77799729E-001
 5.35000000E+000, 1.88470590E-001, 3.01595310E-001, 6.64268456E-001
 5.45000000E+000, 1.81668648E-001, 3.09747037E-001, 6.46219010E-001
 5.55000000E+000, 1.73896849E-001, 3.18710114E-001, 6.28049350E-001
 5.65000000E+000, 1.65540625E-001, 3.28180472E-001, 6.09729036E-001
 5.75000000E+000, 1.56978282E-001, 3.37800900E-001, 5.92374712E-001
 5.85000000E+000, 1.48553690E-001, 3.47172067E-001, 5.76411010E-001
 5.95000000E+000, 1.40555451E-001, 3.55987650E-001, 5.62182141E-001
 6.05000000E+000, 1.33203995E-001, 3.64040890E-001, 5.49763751E-001
 6.15000000E+000, 1.26646830E-001, 3.71188875E-001, 5.39172953E-001
 6.25000000E+000, 1.20961139E-001, 3.77363063E-001, 5.30331314E-001
 6.35000000E+000, 1.16162119E-001, 3.82559212E-001, 5.23097434E-001
 6.45000000E+000, 1.12215067E-001, 3.86823861E-001, 5.17293826E-001
 6.55000000E+000, 1.09049144E-001, 3.90239641E-001, 5.12727140E-001
 6.65000000E+000, 1.06571027E-001, 3.92911061E-001, 5.09202939E-001
 6.75000000E+000, 1.04677062E-001, 3.94952018E-001, 5.06536126E-001
 6.85000000E+000, 1.03263076E-001, 3.96475803E-001, 5.04557873E-001
 6.95000000E+000, 1.02231491E-001, 3.97587903E-001, 5.03119722E-001
 7.05000000E+000, 1.01495813E-001, 3.98381511E-001, 5.02095381E-001
 7.15000000E+000, 1.00982819E-001, 3.98935378E-001, 5.01380715E-001
 7.25000000E+000, 1.00632972E-001, 3.99313495E-001, 5.00892397E-001
 7.35000000E+000, 1.00399585E-001, 3.99566042E-001, 5.00565669E-001
 7.45000000E+000, 1.00247256E-001, 3.99731093E-001, 5.00351615E-001
 7.55000000E+000, 1.00149969E-001, 3.99836656E-001, 5.00214308E-001
 7.65000000E+000, 1.00089159E-001, 3.99902736E-001, 5.00128070E-001
 7.75000000E+000, 1.00051957E-001, 3.99943227E-001, 5.00075038E-001
 7.85000000E+000, 1.00029679E-001, 3.99967516E-001, 5.00043104E-001
 7.95000000E+000, 1.00016617E-001, 3.99981780E-001, 5.00024275E-001
 8.05000000E+000, 1.00009120E-001, 3.99989983E-001, 5.00013403E-001
 8.15000000E+000, 1.00004906E-001, 3.99994601E-001, 5.00007255E-001
 8.25000000E+000, 1.00002587E-001, 3.99997148E-001, 5.00003850E-001
 8.35000000E+000, 1.00001337E-001, 3.99998523E-001, 5.00002003E-001
 8.45000000E+000, 1.00000677E-001, 3.99999250E-001, 5.00001021E-001
 8.55000000E+000, 1.00000336E-001, 3.99999627E-001, 5.00000511E-001
 8.65000000E+000, 1.00000164E-001, 3.99999818E-001, 5.00000250E-001
 8.75000000E+000, 1.00000078E-001, 3.99999913E-001, 5.00000120E-001
 8.85000000E+000, 1.00000037E-001, 3.99999959E-001, 5.00000057E-001
 8.95000000E+000, 1.00000017E-001, 3.99999981E-001, 5.00000026E-001
 9.05000000E+000, 1.00000008E-001, 3.99999992E-001, 5.00000012E-001
 9.15000000E+000, 1.00000003E-001, 3.99999996E-001, 5.00000005E-001
 9.25000000E+000, 1.00000001E-001, 3.99999998E-001, 5.00000002E-001
 9.35000000E+000, 1.00000001E-001, 3.99999999E-001, 5.00000001E-001
 9.45000000E+000, 1.00000000E-001, 4.00000000E-001, 5.00000000E-001
 9.55000000E+000, 1.00000000E-001, 4.00000000E-001, 5.00000000E-001
 9.65000000E+000, 1.00000000E-001, 4.00000000E-001, 5.00000000E-001
 9.75000000E+000, 1.00000000E-001, 4.00000000E-001, 5.00000000E-001
 9.85000000E+000, 1.00000000E-001, 4.00000000E-001, 5.00000000E-001
 9.95000000E+000, 1.00000000E-001, 4.00000000E-001, 5.00000000E-001
