   1000.0035134121864      ,         100
X,ZB,H,U
 5.00000000E-002, 1.00000000E-001, 4.00063945E-001, 4.99920082E-001
 1.50000000E-001, 1.00000000E-001, 4.00063945E-001, 4.99920082E-001
 2.50000000E-001, 1.00000000E-001, 4.00063945E-001, 4.99920082E-001
 3.50000000E-001, 1.00000000E-001, 4.00063944E-001, 4.99920082E-001
 4.50000000E-001, 1.00000000E-001, 4.00063944E-001, 4.99920082E-001
 5.50000000E-001, 1.00000000E-001, 4.00063944E-001, 4.99920082E-001
 6.50000000E-001, 1.00000001E-001, 4.00063944E-001, 4.99920083E-001
 7.50000000E-001, 1.00000001E-001, 4.00063943E-001, 4.99920084E-001
 8.50000000E-001, 1.00000003E-001, 4.00063941E-001, 4.99920087E-001
 9.50000000E-001, 1.00000008E-001, 4.00063937E-001, 4.99920093E-001
 1.05000000E+000, 1.00000017E-001, 4.00063927E-001, 4.99920106E-001
 1.15000000E+000, 1.00000037E-001, 4.00063906E-001, 4.99920135E-001
 1.25000000E+000, 1.00000078E-001, 4.00063863E-001, 4.99920195E-001
 1.35000000E+000, 1.00000164E-001, 4.00063773E-001, 4.99920318E-001
 1.45000000E+000, 1.00000336E-001, 4.00063592E-001, 4.99920565E-001
 1.55000000E+000, 1.00000677E-001, 4.00063234E-001, 4.99921051E-001
 1.65000000E+000, 1.00001337E-001, 4.00062541E-001, 4.99921986E-001
 1.75000000E+000, 1.00002587E-001, 4.00061226E-001, 4.99923752E-001
 1.85000000E+000, 1.00004906E-001, 4.00058783E-001, 4.99927017E-001
 1.95000000E+000, 1.00009120E-001, 4.00054341E-001, 4.99932929E-001
 2.05000000E+000, 1.00016617E-001, 4.00046429E-001, 4.99943411E-001
 2.15000000E+000, 1.00029679E-001, 4.00032634E-001, 4.99961611E-001
 2.25000000E+000, 1.00051957E-001, 4.00009082E-001, 4.99992557E-001
 2.35000000E+000, 1.00089159E-001, 3.99969720E-001, 5.00044075E-001
 2.45000000E+000, 1.00149969E-001, 3.99905328E-001, 5.00128048E-001
 2.55000000E+000, 1.00247256E-001, 3.99802221E-001, 5.00262054E-001
 2.65000000E+000, 1.00399585E-001, 3.99640650E-001, 5.00471421E-001
 2.75000000E+000, 1.00632972E-001, 3.99392898E-001, 5.00791667E-001
 2.85000000E+000, 1.00982819E-001, 3.99021204E-001, 5.01271249E-001
 2.95000000E+000, 1.01495813E-001, 3.98475694E-001, 5.01974449E-001
 3.05000000E+000, 1.02231491E-001, 3.97692634E-001, 5.02984128E-001
 3.15000000E+000, 1.03263076E-001, 3.96593434E-001, 5.04404007E-001
 3.25000000E+000, 1.04677062E-001, 3.95084910E-001, 5.06360060E-001
 3.35000000E+000, 1.06571027E-001, 3.93061368E-001, 5.09000574E-001
 3.45000000E+000, 1.09049144E-001, 3.90409042E-001, 5.12494400E-001
 3.55000000E+000, 1.12215067E-001, 3.87013234E-001, 5.17026938E-001
 3.65000000E+000, 1.16162119E-001, 3.82768260E-001, 5.22793321E-001
 3.75000000E+000, 1.20961139E-001, 3.77589891E-001, 5.29988190E-001
 3.85000000E+000, 1.26646830E-001, 3.71429523E-001, 5.38791243E-001
 3.95000000E+000, 1.33203995E-001, 3.64288825E-001, 5.49347509E-001
 4.05000000E+000, 1.40555451E-001, 3.56233258E-001, 5.61741079E-001
 4.15000000E+000, 1.48553690E-001, 3.47402640E-001, 5.75961163E-001
 4.25000000E+000, 1.56978282E-001, 3.38025590E-001, 5.91905835E-001
 4.35000000E+000, 1.65540625E-001, 3.28355026E-001, 6.09521325E-001
 4.45000000E+000, 1.73896849E-001, 3.18895785E-001, 6.28129395E-001
 4.55000000E+000, 1.81668648E-001, 3.09879063E-001, 6.45551583E-001
 4.65000000E+000, 1.88470590E-001, 3.02169330E-001, 6.63927155E-001
 4.75000000E+000, 1.93941306E-001, 2.95452023E-001, 6.76796889E-001
 4.85000000E+000, 1.97775124E-001, 2.91198476E-001, 6.89165364E-001
 4.95000000E+000, 1.99750312E-001, 2.88540831E-001, 6.93142801E-001
 5.05000000E+000, 1.99750312E-001, 2.88540831E-001, 6.93142801E-001
 5.15000000E+000, 1.97775124E-001, 2.90228094E-001, 6.91464027E-001
 5.25000000E+000, 1.93941306E-001, 2.95337356E-001, 6.77122298E-001
 5.35000000E+000, 1.88470590E-001, 3.01517028E-001, 6.64659426E-001
 5.45000000E+000, 1.81668648E-001, 3.09745232E-001, 6.45746198E-001
 5.55000000E+000, 1.73896849E-001, 3.18655533E-001, 6.28197925E-001
 5.65000000E+000, 1.65540625E-001, 3.28180036E-001, 6.09548234E-001
 5.75000000E+000, 1.56978282E-001, 3.37818047E-001, 5.92335985E-001
 5.85000000E+000, 1.48553690E-001, 3.47191951E-001, 5.76363120E-001
 5.95000000E+000, 1.40555451E-001, 3.56008711E-001, 5.62134344E-001
 6.05000000E+000, 1.33203995E-001, 3.64062069E-001, 5.49717319E-001
 6.15000000E+000, 1.26646830E-001, 3.71209243E-001, 5.39130737E-001
 6.25000000E+000, 1.20961139E-001, 3.77381807E-001, 5.30293927E-001
 6.35000000E+000, 1.16162119E-001, 3.82575669E-001, 5.23064086E-001
 6.45000000E+000, 1.12215067E-001, 3.86837989E-001, 5.17265283E-001
 6.55000000E+000, 1.09049144E-001, 3.90251752E-001, 5.12704776E-001
 6.65000000E+000, 1.06571027E-001, 3.92921055E-001, 5.09185244E-001
 6.75000000E+000, 1.04677062E-001, 3.94959692E-001, 5.06520585E-001
 6.85000000E+000, 1.03263076E-001, 3.96481674E-001, 5.04545277E-001
 6.95000000E+000, 1.02231491E-001, 3.97592711E-001, 5.03111865E-001
 7.05000000E+000, 1.01495813E-001, 3.98385208E-001, 5.02090181E-001
 7.15000000E+000, 1.00982819E-001, 3.98937698E-001, 5.01375148E-001
 7.25000000E+000, 1.00632972E-001, 3.99314988E-001, 5.00887709E-001
 7.35000000E+000, 1.00399585E-001, 3.99567433E-001, 5.00564195E-001
 7.45000000E+000, 1.00247256E-001, 3.99732193E-001, 5.00351411E-001
 7.55000000E+000, 1.00149969E-001, 3.99837050E-001, 5.00212527E-001
 7.65000000E+000, 1.00089159E-001, 3.99902822E-001, 5.00126085E-001
 7.75000000E+000, 1.00051957E-001, 3.99943568E-001, 5.00075202E-001
 7.85000000E+000, 1.00029679E-001, 3.99967890E-001, 5.00044016E-001
 7.95000000E+000, 1.00016617E-001, 3.99981784E-001, 5.00023724E-001
 8.05000000E+000, 1.00009120E-001, 3.99989832E-001, 5.00012324E-001
 8.15000000E+000, 1.00004906E-001, 3.99994662E-001, 5.00007364E-001
 8.25000000E+000, 1.00002587E-001, 3.99997310E-001, 5.00004547E-001
 8.35000000E+000, 1.00001337E-001, 3.99998547E-001, 5.00002073E-001
 8.45000000E+000, 1.00000677E-001, 3.99999165E-001, 5.00000584E-001
 8.55000000E+000, 1.00000336E-001, 3.99999577E-001, 5.00000243E-001
 8.65000000E+000, 1.00000164E-001, 3.99999832E-001, 5.00000322E-001
 8.75000000E+000, 1.00000078E-001, 3.99999957E-001, 5.00000371E-001
 8.85000000E+000, 1.00000037E-001, 3.99999988E-001, 5.00000186E-001
 8.95000000E+000, 1.00000017E-001, 3.99999971E-001, 4.99999975E-001
 9.05000000E+000, 1.00000008E-001, 3.99999968E-001, 4.99999893E-001
 9.15000000E+000, 1.00000003E-001, 3.99999980E-001, 4.99999921E-001
 9.25000000E+000, 1.00000001E-001, 4.00000000E-001, 5.00000012E-001
 9.35000000E+000, 1.00000001E-001, 4.00000010E-001, 5.00000052E-001
 9.45000000E+000, 1.00000000E-001, 4.00000009E-001, 5.00000046E-001
 9.55000000E+000, 1.00000000E-001, 4.00000003E-001, 5.00000014E-001
 9.65000000E+000, 1.00000000E-001, 3.99999996E-001, 4.99999979E-001
 9.75000000E+000, 1.00000000E-001, 3.99999996E-001, 4.99999973E-001
 9.85000000E+000, 1.00000000E-001, 3.99999996E-001, 4.99999990E-001
 9.95000000E+000, 1.00000000E-001, 4.00000000E-001, 5.00000013E-001
