   1000.0132762727550      ,         100
X,ZB,H,U
 5.00000000E-002, 1.00000000E-001, 4.00727717E-001, 4.99092005E-001
 1.50000000E-001, 1.00000000E-001, 4.00727717E-001, 4.99092005E-001
 2.50000000E-001, 1.00000000E-001, 4.00727717E-001, 4.99092005E-001
 3.50000000E-001, 1.00000000E-001, 4.00727717E-001, 4.99092005E-001
 4.50000000E-001, 1.00000000E-001, 4.00727717E-001, 4.99092005E-001
 5.50000000E-001, 1.00000000E-001, 4.00727717E-001, 4.99092006E-001
 6.50000000E-001, 1.00000001E-001, 4.00727717E-001, 4.99092006E-001
 7.50000000E-001, 1.00000001E-001, 4.00727716E-001, 4.99092008E-001
 8.50000000E-001, 1.00000003E-001, 4.00727714E-001, 4.99092012E-001
 9.50000000E-001, 1.00000008E-001, 4.00727710E-001, 4.99092020E-001
 1.05000000E+000, 1.00000017E-001, 4.00727701E-001, 4.99092037E-001
 1.15000000E+000, 1.00000037E-001, 4.00727683E-001, 4.99092074E-001
 1.25000000E+000, 1.00000078E-001, 4.00727643E-001, 4.99092152E-001
 1.35000000E+000, 1.00000164E-001, 4.00727560E-001, 4.99092309E-001
 1.45000000E+000, 1.00000336E-001, 4.00727393E-001, 4.99092622E-001
 1.55000000E+000, 1.00000677E-001, 4.00727061E-001, 4.99093234E-001
 1.65000000E+000, 1.00001337E-001, 4.00726416E-001, 4.99094405E-001
 1.75000000E+000, 1.00002587E-001, 4.00725189E-001, 4.99096599E-001
 1.85000000E+000, 1.00004906E-001, 4.00722903E-001, 4.99100625E-001
 1.95000000E+000, 1.00009120E-001, 4.00718735E-001, 4.99107862E-001
 2.05000000E+000, 1.00016617E-001, 4.00711289E-001, 4.99120601E-001
 2.15000000E+000, 1.00029679E-001, 4.00698271E-001, 4.99142559E-001
 2.25000000E+000, 1.00051957E-001, 4.00675984E-001, 4.99179618E-001
 2.35000000E+000, 1.00089159E-001, 4.00638638E-001, 4.99240861E-001
 2.45000000E+000, 1.00149969E-001, 4.00577379E-001, 4.99339949E-001
 2.55000000E+000, 1.00247256E-001, 4.00479036E-001, 4.99496907E-001
 2.65000000E+000, 1.00399585E-001, 4.00324531E-001, 4.99740314E-001
 2.75000000E+000, 1.00632972E-001, 4.00087014E-001, 5.00109858E-001
 2.85000000E+000, 1.00982819E-001, 3.99729780E-001, 5.00659149E-001
 2.95000000E+000, 1.01495813E-001, 3.99204192E-001, 5.01458565E-001
 3.05000000E+000, 1.02231491E-001, 3.98447877E-001, 5.02597856E-001
 3.15000000E+000, 1.03263076E-001, 3.97383637E-001, 5.04188108E-001
 3.25000000E+000, 1.04677062E-001, 3.95919556E-001, 5.06362654E-001
 3.35000000E+000, 1.06571027E-001, 3.93950895E-001, 5.09276459E-001
 3.45000000E+000, 1.09049144E-001, 3.91364270E-001, 5.13103532E-001
 3.55000000E+000, 1.12215067E-001, 3.88044521E-001, 5.18031901E-001
 3.65000000E+000, 1.16162119E-001, 3.83884369E-001, 5.24255637E-001
 3.75000000E+000, 1.20961139E-001, 3.78796603E-001, 5.31963311E-001
 3.85000000E+000, 1.26646830E-001, 3.72728069E-001, 5.41322068E-001
 3.95000000E+000, 1.33203995E-001, 3.65674270E-001, 5.52456291E-001
 4.05000000E+000, 1.40555451E-001, 3.57693032E-001, 5.65419683E-001
 4.15000000E+000, 1.48553690E-001, 3.48915478E-001, 5.80159874E-001
 4.25000000E+000, 1.56978282E-001, 3.39552623E-001, 5.96475675E-001
 4.35000000E+000, 1.65540625E-001, 3.29896125E-001, 6.13969672E-001
 4.45000000E+000, 1.73896849E-001, 3.20312061E-001, 6.32003696E-001
 4.55000000E+000, 1.81668648E-001, 3.11226710E-001, 6.49672299E-001
 4.65000000E+000, 1.88470590E-001, 3.03103169E-001, 6.65818679E-001
 4.75000000E+000, 1.93941306E-001, 2.96407483E-001, 6.79122964E-001
 4.85000000E+000, 1.97775124E-001, 2.91564029E-001, 6.88283168E-001
 4.95000000E+000, 1.99750312E-001, 2.88903804E-001, 6.92271950E-001
 5.05000000E+000, 1.99750312E-001, 2.88903804E-001, 6.92271950E-001
 5.15000000E+000, 1.97775124E-001, 2.90591027E-001, 6.90593791E-001
 5.25000000E+000, 1.93941306E-001, 2.94550466E-001, 6.83429728E-001
 5.35000000E+000, 1.88470590E-001, 3.00519744E-001, 6.71592240E-001
 5.45000000E+000, 1.81668648E-001, 3.08111686E-001, 6.56312053E-001
 5.55000000E+000, 1.73896849E-001, 3.16866584E-001, 6.38960636E-001
 5.65000000E+000, 1.65540625E-001, 3.26304722E-001, 6.20815380E-001
 5.75000000E+000, 1.56978282E-001, 3.35969910E-001, 6.02919686E-001
 5.85000000E+000, 1.48553690E-001, 3.45460887E-001, 5.86034576E-001
 5.95000000E+000, 1.40555451E-001, 3.54450969E-001, 5.70651960E-001
 6.05000000E+000, 1.33203995E-001, 3.62697435E-001, 5.57038350E-001
 6.15000000E+000, 1.26646830E-001, 3.70042329E-001, 5.45287178E-001
 6.25000000E+000, 1.20961139E-001, 3.76406408E-001, 5.35367861E-001
 6.35000000E+000, 1.16162119E-001, 3.81778104E-001, 5.27166867E-001
 6.45000000E+000, 1.12215067E-001, 3.86199441E-001, 5.20519962E-001
 6.55000000E+000, 1.09049144E-001, 3.89750813E-001, 5.15236585E-001
 6.65000000E+000, 1.06571027E-001, 3.92536281E-001, 5.11117774E-001
 6.75000000E+000, 1.04677062E-001, 3.94670619E-001, 5.07969009E-001
 6.85000000E+000, 1.03263076E-001, 3.96268903E-001, 5.05609029E-001
 6.95000000E+000, 1.02231491E-001, 3.97438950E-001, 5.03875432E-001
 7.05000000E+000, 1.01495813E-001, 3.98276520E-001, 5.02627670E-001
 7.15000000E+000, 1.00982819E-001, 3.98862928E-001, 5.01747945E-001
 7.25000000E+000, 1.00632972E-001, 3.99264553E-001, 5.01140511E-001
 7.35000000E+000, 1.00399585E-001, 3.99533676E-001, 5.00729814E-001
 7.45000000E+000, 1.00247256E-001, 3.99710139E-001, 5.00457941E-001
 7.55000000E+000, 1.00149969E-001, 3.99823376E-001, 5.00281740E-001
 7.65000000E+000, 1.00089159E-001, 3.99894496E-001, 5.00169942E-001
 7.75000000E+000, 1.00051957E-001, 3.99938221E-001, 5.00100494E-001
 7.85000000E+000, 1.00029679E-001, 3.99964538E-001, 5.00058258E-001
 7.95000000E+000, 1.00016617E-001, 3.99980046E-001, 5.00033108E-001
 8.05000000E+000, 1.00009120E-001, 3.99988994E-001, 5.00018445E-001
 8.15000000E+000, 1.00004906E-001, 3.99994049E-001, 5.00010073E-001
 8.25000000E+000, 1.00002587E-001, 3.99996846E-001, 5.00005393E-001
 8.35000000E+000, 1.00001337E-001, 3.99998361E-001, 5.00002830E-001
 8.45000000E+000, 1.00000677E-001, 3.99999165E-001, 5.00001456E-001
 8.55000000E+000, 1.00000336E-001, 3.99999583E-001, 5.00000734E-001
 8.65000000E+000, 1.00000164E-001, 3.99999796E-001, 5.00000363E-001
 8.75000000E+000, 1.00000078E-001, 3.99999902E-001, 5.00000176E-001
 8.85000000E+000, 1.00000037E-001, 3.99999954E-001, 5.00000084E-001
 8.95000000E+000, 1.00000017E-001, 3.99999979E-001, 5.00000039E-001
 9.05000000E+000, 1.00000008E-001, 3.99999990E-001, 5.00000018E-001
 9.15000000E+000, 1.00000003E-001, 3.99999996E-001, 5.00000008E-001
 9.25000000E+000, 1.00000001E-001, 3.99999998E-001, 5.00000003E-001
 9.35000000E+000, 1.00000001E-001, 3.99999999E-001, 5.00000001E-001
 9.45000000E+000, 1.00000000E-001, 4.00000000E-001, 5.00000001E-001
 9.55000000E+000, 1.00000000E-001, 4.00000000E-001, 5.00000000E-001
 9.65000000E+000, 1.00000000E-001, 4.00000000E-001, 5.00000000E-001
 9.75000000E+000, 1.00000000E-001, 4.00000000E-001, 5.00000000E-001
 9.85000000E+000, 1.00000000E-001, 4.00000000E-001, 5.00000000E-001
 9.95000000E+000, 1.00000000E-001, 4.00000000E-001, 5.00000000E-001
