   20.000018721545288      ,         500
X,ZB,H,U,Q,FR
 3.50000000E-002, 0.00000000E+000, 4.55373268E-001, 2.76418721E-001, 1.25873696E-001, 1.30804699E-001
 1.05000000E-001, 0.00000000E+000, 4.53169731E-001, 2.65611734E-001, 1.20367198E-001, 1.25995916E-001
 1.75000000E-001, 0.00000000E+000, 4.48864729E-001, 2.46284053E-001, 1.10548225E-001, 1.17386515E-001
 2.45000000E-001, 0.00000000E+000, 4.42635216E-001, 2.16202506E-001, 9.56988431E-002, 1.03771334E-001
 3.15000000E-001, 0.00000000E+000, 4.33750136E-001, 1.76435139E-001, 7.65287656E-002, 8.55470289E-002
 3.85000000E-001, 0.00000000E+000, 4.22770791E-001, 1.21426869E-001, 5.13357335E-002, 5.96351023E-002
 4.55000000E-001, 0.00000000E+000, 4.08222804E-001, 5.32515761E-002, 2.17385077E-002, 2.66148176E-002
 5.25000000E-001, 0.00000000E+000, 3.90108031E-001,-3.76886909E-002,-1.47026610E-002,-1.92689596E-002
 5.95000000E-001, 0.00000000E+000, 3.69461423E-001,-1.42630354E-001,-5.26964133E-002,-7.49319558E-002
 6.65000000E-001, 0.00000000E+000, 3.57229273E-001,-2.06212861E-001,-7.36652703E-002,-1.10174702E-001
 7.35000000E-001, 0.00000000E+000, 3.52598938E-001,-2.30350075E-001,-8.12211917E-002,-1.23876098E-001
 8.05000000E-001, 0.00000000E+000, 3.51748848E-001,-2.34688668E-001,-8.25514686E-002,-1.26361693E-001
 8.75000000E-001, 0.00000000E+000, 3.52208248E-001,-2.32543427E-001,-8.19037132E-002,-1.25124964E-001
 9.45000000E-001, 0.00000000E+000, 3.53964979E-001,-2.23653217E-001,-7.91654062E-002,-1.20042397E-001
 1.01500000E+000, 0.00000000E+000, 3.57191396E-001,-2.05360003E-001,-7.33528261E-002,-1.09724858E-001
 1.08500000E+000, 0.00000000E+000, 3.62200861E-001,-1.80779753E-001,-6.54785821E-002,-9.59212231E-002
 1.15500000E+000, 0.00000000E+000, 3.68076198E-001,-1.49264703E-001,-5.49407843E-002,-7.85647824E-002
 1.22500000E+000, 0.00000000E+000, 3.74808906E-001,-1.15098653E-001,-4.31400004E-002,-6.00350602E-002
 1.29500000E+000, 0.00000000E+000, 3.81855121E-001,-7.92537085E-002,-3.02634345E-002,-4.09552840E-002
 1.36500000E+000, 0.00000000E+000, 3.88547008E-001,-4.55441902E-002,-1.76960588E-002,-2.33319404E-002
 1.43500000E+000, 0.00000000E+000, 3.94839100E-001,-1.41411583E-002,-5.58348220E-003,-7.18645260E-003
 1.50500000E+000, 0.00000000E+000, 4.00918577E-001, 1.59122928E-002, 6.37953379E-003, 8.02498686E-003
 1.57500000E+000, 0.00000000E+000, 4.06920180E-001, 4.52925123E-002, 1.84304372E-002, 2.26731288E-002
 1.64500000E+000, 0.00000000E+000, 4.12910851E-001, 7.43954135E-002, 3.07186735E-002, 3.69706999E-002
 1.71500000E+000, 0.00000000E+000, 4.18947587E-001, 1.03444635E-001, 4.33378801E-002, 5.10349603E-002
 1.78500000E+000, 0.00000000E+000, 4.25077614E-001, 1.32863973E-001, 5.64775005E-002, 6.50747900E-002
 1.85500000E+000, 0.00000000E+000, 4.31405465E-001, 1.62799384E-001, 7.02325438E-002, 7.91497586E-002
 1.92500000E+000, 0.00000000E+000, 4.37301794E-001, 1.90464365E-001, 8.32904088E-002, 9.19735105E-002
 1.99500000E+000, 0.00000000E+000, 4.41824342E-001, 2.11534604E-001, 9.34611373E-002, 1.01623994E-001
 2.06500000E+000, 0.00000000E+000, 4.44345907E-001, 2.23208707E-001, 9.91818753E-002, 1.06927693E-001
 2.13500000E+000, 0.00000000E+000, 4.45023166E-001, 2.26264775E-001, 1.00693067E-001, 1.08309188E-001
 2.20500000E+000, 0.00000000E+000, 4.44800659E-001, 2.24825096E-001, 1.00002351E-001, 1.07646951E-001
 2.27500000E+000, 0.00000000E+000, 4.43145468E-001, 2.16942987E-001, 9.61373015E-002, 1.04066780E-001
 2.34500000E+000, 0.00000000E+000, 4.38074633E-001, 1.93142992E-001, 8.46110453E-002, 9.31846890E-002
 2.41500000E+000, 0.00000000E+000, 4.26363521E-001, 1.37025211E-001, 5.84225516E-002, 6.70116203E-002
 2.48500000E+000, 0.00000000E+000, 4.04644940E-001, 3.05236275E-002, 1.23512314E-002, 1.53228217E-002
 2.55500000E+000, 0.00000000E+000, 3.79560981E-001,-9.54948459E-002,-3.62461174E-002,-4.94969924E-002
 2.62500000E+000, 0.00000000E+000, 3.68698727E-001,-1.51473055E-001,-5.58479224E-002,-7.96598022E-002
 2.69500000E+000, 0.00000000E+000, 3.65817414E-001,-1.66542112E-001,-6.09240046E-002,-8.79288794E-002
 2.76500000E+000, 0.00000000E+000, 3.65659513E-001,-1.67604947E-001,-6.12863435E-002,-8.85091264E-002
 2.83500000E+000, 0.00000000E+000, 3.66321645E-001,-1.63330681E-001,-5.98315638E-002,-8.61739780E-002
 2.90500000E+000, 0.00000000E+000, 3.68359895E-001,-1.53915366E-001,-5.66962482E-002,-8.09814350E-002
 2.97500000E+000, 0.00000000E+000, 3.71373092E-001,-1.37867364E-001,-5.12002292E-002,-7.22430236E-002
 3.04500000E+000, 0.00000000E+000, 3.75319733E-001,-1.18265835E-001,-4.43875017E-002,-6.16450575E-002
 3.11500000E+000, 0.00000000E+000, 3.79715861E-001,-9.61538925E-002,-3.65111581E-002,-4.98284249E-002
 3.18500000E+000, 0.00000000E+000, 3.84125172E-001,-7.41238217E-002,-2.84728257E-002,-3.81910041E-002
 3.25500000E+000, 0.00000000E+000, 3.88162361E-001,-5.40462872E-002,-2.09787344E-002,-2.77012147E-002
 3.32500000E+000, 0.00000000E+000, 3.91994702E-001,-3.50335642E-002,-1.37329716E-002,-1.78683267E-002
 3.39500000E+000, 0.00000000E+000, 3.95721273E-001,-1.65893766E-002,-6.56476922E-003,-8.42122024E-003
 3.46500000E+000, 0.00000000E+000, 3.99411679E-001, 1.59469959E-003, 6.36941641E-004, 8.05764558E-004
 3.53500000E+000, 0.00000000E+000, 4.03106418E-001, 1.96525582E-002, 7.92207233E-003, 9.88436769E-003
 3.60500000E+000, 0.00000000E+000, 4.06830802E-001, 3.76088323E-002, 1.53004314E-002, 1.88287980E-002
 3.67500000E+000, 0.00000000E+000, 4.10621807E-001, 5.55722549E-002, 2.28191798E-002, 2.76934251E-002
 3.74500000E+000, 0.00000000E+000, 4.14518773E-001, 7.37776328E-002, 3.05822138E-002, 3.65925161E-002
 3.81500000E+000, 0.00000000E+000, 4.18584366E-001, 9.27508322E-002, 3.88240483E-002, 4.57789652E-002
 3.88500000E+000, 0.00000000E+000, 4.22978736E-001, 1.13277997E-001, 4.79141839E-002, 5.56193555E-002
 3.95500000E+000, 0.00000000E+000, 4.27592710E-001, 1.34861572E-001, 5.76658250E-002, 6.58586357E-002
 4.02500000E+000, 0.00000000E+000, 4.30949545E-001, 1.50465990E-001, 6.48432500E-002, 7.31921987E-002
 4.09500000E+000, 0.00000000E+000, 4.32579520E-001, 1.57886476E-001, 6.82984561E-002, 7.66569638E-002
 4.16500000E+000, 0.00000000E+000, 4.32890972E-001, 1.59102082E-001, 6.88738549E-002, 7.72193706E-002
 4.23500000E+000, 0.00000000E+000, 4.32564377E-001, 1.57233408E-001, 6.80135713E-002, 7.63412228E-002
 4.30500000E+000, 0.00000000E+000, 4.30956449E-001, 1.49596606E-001, 6.44696222E-002, 7.27687154E-002
 4.37500000E+000, 0.00000000E+000, 4.26776683E-001, 1.29501143E-001, 5.52680685E-002, 6.33013424E-002
 4.44500000E+000, 0.00000000E+000, 4.18162061E-001, 8.82649203E-002, 3.69090410E-002, 4.35868494E-002
 4.51500000E+000, 0.00000000E+000, 4.03780740E-001, 1.76424064E-002, 7.12366391E-003, 8.86593782E-003
 4.58500000E+000, 0.00000000E+000, 3.88272428E-001,-5.96648813E-002,-2.31662284E-002,-3.05766684E-002
 4.65500000E+000, 0.00000000E+000, 3.81039411E-001,-9.61982244E-002,-3.66553148E-002,-4.97647431E-002
 4.72500000E+000, 0.00000000E+000, 3.78722713E-001,-1.07822351E-001,-4.08347733E-002,-5.59484142E-002
 4.79500000E+000, 0.00000000E+000, 3.78396610E-001,-1.09329144E-001,-4.13697775E-002,-5.67547205E-002
 4.86500000E+000, 0.00000000E+000, 3.78702625E-001,-1.07641069E-001,-4.07639555E-002,-5.58558292E-002
 4.93500000E+000, 0.00000000E+000, 3.79728430E-001,-1.02173625E-001,-3.87982302E-002,-5.29470665E-002
 5.00500000E+000, 0.00000000E+000, 3.81637883E-001,-9.26096557E-002,-3.53433529E-002,-4.78707453E-002
 5.07500000E+000, 0.00000000E+000, 3.84285168E-001,-7.95292994E-002,-3.05619302E-002,-4.09675511E-002
 5.14500000E+000, 0.00000000E+000, 3.87432438E-001,-6.41583142E-002,-2.48570121E-002,-3.29150571E-002
 5.21500000E+000, 0.00000000E+000, 3.90685262E-001,-4.79926229E-002,-1.87500105E-002,-2.45188801E-002
 5.28500000E+000, 0.00000000E+000, 3.93592208E-001,-3.32159513E-002,-1.30735396E-002,-1.69068659E-002
 5.35500000E+000, 0.00000000E+000, 3.96294574E-001,-1.90524818E-002,-7.55039514E-003,-9.66456142E-003
 5.42500000E+000, 0.00000000E+000, 3.98909048E-001,-5.19036960E-003,-2.07048540E-003,-2.62422458E-003
 5.49500000E+000, 0.00000000E+000, 4.01557419E-001, 8.38524186E-003, 3.36715608E-003, 4.22553229E-003
 5.56500000E+000, 0.00000000E+000, 4.04300339E-001, 2.14082964E-002, 8.65538151E-003, 1.07515162E-002
 5.63500000E+000, 0.00000000E+000, 4.07172704E-001, 3.41884583E-002, 1.39206070E-002, 1.71092057E-002
 5.70500000E+000, 0.00000000E+000, 4.10149286E-001, 4.74633850E-002, 1.94670735E-002, 2.36661377E-002
 5.77500000E+000, 0.00000000E+000, 4.13251633E-001, 6.20022642E-002, 2.56225369E-002, 3.07992342E-002
 5.84500000E+000, 0.00000000E+000, 4.16540761E-001, 7.74347399E-002, 3.22547255E-002, 3.83130521E-002
 5.91500000E+000, 0.00000000E+000, 4.19100970E-001, 8.95128443E-002, 3.75149199E-002, 4.41535557E-002
 5.98500000E+000, 0.00000000E+000, 4.20934474E-001, 9.86550950E-002, 4.15273305E-002, 4.85570093E-002
 6.05500000E+000, 2.75000000E-003, 4.18801415E-001, 1.00574189E-001, 4.21206128E-002, 4.96274693E-002
 6.12500000E+000, 6.25000000E-003, 4.15578699E-001, 1.02452937E-001, 4.25772583E-002, 5.07501619E-002
 6.19500000E+000, 9.75000000E-003, 4.11786026E-001, 1.02289249E-001, 4.21212835E-002, 5.09018830E-002
 6.26500000E+000, 1.32500000E-002, 4.07474756E-001, 9.82211122E-002, 4.00226237E-002, 4.91353611E-002
 6.33500000E+000, 1.67500000E-002, 4.01816577E-001, 8.89162142E-002, 3.57280089E-002, 4.47926439E-002
 6.40500000E+000, 2.02500000E-002, 3.94331189E-001, 6.94100500E-002, 2.73705475E-002, 3.52964845E-002
 6.47500000E+000, 2.37500000E-002, 3.84146937E-001, 3.65268703E-002, 1.40316853E-002, 1.88192986E-002
 6.54500000E+000, 2.72500000E-002, 3.71369625E-001,-1.06788636E-002,-3.96580557E-003,-5.59579130E-003
 6.61500000E+000, 3.07500000E-002, 3.60594152E-001,-4.83840859E-002,-1.74470184E-002,-2.57295896E-002
 6.68500000E+000, 3.42500000E-002, 3.53771646E-001,-6.59742242E-002,-2.33398099E-002,-3.54203166E-002
 6.75500000E+000, 3.77500000E-002, 3.49125900E-001,-7.23458805E-002,-2.52578207E-002,-3.90987102E-002
 6.82500000E+000, 4.12500000E-002, 3.45528820E-001,-7.35738235E-002,-2.54218764E-002,-3.99687758E-002
 6.89500000E+000, 4.47500000E-002, 3.42375951E-001,-7.22703372E-002,-2.47436254E-002,-3.94410178E-002
 6.96500000E+000, 4.82500000E-002, 3.39753860E-001,-6.77863508E-002,-2.30306744E-002,-3.71363925E-002
 7.03500000E+000, 5.17500000E-002, 3.37718422E-001,-5.99824507E-002,-2.02571786E-002,-3.29599458E-002
 7.10500000E+000, 5.52500000E-002, 3.36152448E-001,-4.95950675E-002,-1.66715033E-002,-2.73155535E-002
 7.17500000E+000, 5.87500000E-002, 3.34893979E-001,-3.75302021E-002,-1.25686387E-002,-2.07093702E-002
 7.24500000E+000, 6.22500000E-002, 3.33802766E-001,-2.45656767E-002,-8.20009082E-003,-1.35776130E-002
 7.31500000E+000, 6.57500000E-002, 3.32785686E-001,-1.12709485E-002,-3.75081031E-003,-6.23904048E-003
 7.38500000E+000, 6.92500000E-002, 3.31754495E-001, 1.93550229E-003, 6.42111584E-004, 1.07306231E-003
 7.45500000E+000, 7.27500000E-002, 3.30640324E-001, 1.47641147E-002, 4.88161165E-003, 8.19915618E-003
 7.52500000E+000, 7.62500000E-002, 3.29386710E-001, 2.69018975E-002, 8.86112751E-003, 1.49681986E-002
 7.59500000E+000, 7.97500000E-002, 3.27942441E-001, 3.80656004E-002, 1.24833259E-002, 2.12262625E-002
 7.66500000E+000, 8.32500000E-002, 3.26256366E-001, 4.79737083E-002, 1.56517277E-002, 2.68202889E-002
 7.73500000E+000, 8.67500000E-002, 3.24265219E-001, 5.63171991E-002, 1.82617089E-002, 3.15813377E-002
 7.80500000E+000, 9.02500000E-002, 3.21886440E-001, 6.27042634E-002, 2.01836521E-002, 3.52927410E-002
 7.87500000E+000, 9.37500000E-002, 3.19022153E-001, 6.66187313E-002, 2.12528511E-002, 3.76639266E-002
 7.94500000E+000, 9.72500000E-002, 3.15555406E-001, 6.79778785E-002, 2.14507870E-002, 3.86428770E-002
 8.01500000E+000, 1.00750000E-001, 3.11711669E-001, 6.67322596E-002, 2.08012240E-002, 3.81679609E-002
 8.08500000E+000, 1.04250000E-001, 3.07408557E-001, 6.30035639E-002, 1.93678347E-002, 3.62866436E-002
 8.15500000E+000, 1.07750000E-001, 3.02457704E-001, 5.56497396E-002, 1.68316925E-002, 3.23124933E-002
 8.22500000E+000, 1.11250000E-001, 2.96657691E-001, 4.33712149E-002, 1.28664045E-002, 2.54280725E-002
 8.29500000E+000, 1.14750000E-001, 2.89857951E-001, 2.50714918E-002, 7.26717125E-003, 1.48705566E-002
 8.36500000E+000, 1.18250000E-001, 2.82280272E-001, 1.83930524E-003, 5.19199583E-004, 1.10548589E-003
 8.43500000E+000, 1.21750000E-001, 2.75836156E-001,-1.50720023E-002,-4.15740317E-003,-9.16399861E-003
 8.50500000E+000, 1.25250000E-001, 2.70853725E-001,-2.34989322E-002,-6.36477331E-003,-1.44185099E-002
 8.57500000E+000, 1.28750000E-001, 2.66753796E-001,-2.67641662E-002,-7.13944292E-003,-1.65477165E-002
 8.64500000E+000, 1.32250000E-001, 2.63118218E-001,-2.74608602E-002,-7.22545259E-003,-1.70953634E-002
 8.71500000E+000, 1.35750000E-001, 2.59696371E-001,-2.68326146E-002,-6.96833263E-003,-1.68139484E-002
 8.78500000E+000, 1.39250000E-001, 2.56530230E-001,-2.44965713E-002,-6.28411106E-003,-1.54445652E-002
 8.85500000E+000, 1.42750000E-001, 2.53649160E-001,-2.03403750E-002,-5.15931902E-003,-1.28967981E-002
 8.92500000E+000, 1.46250000E-001, 2.50975915E-001,-1.48395510E-002,-3.72436987E-003,-9.45898193E-003
 8.99500000E+000, 1.49750000E-001, 2.48413822E-001,-8.95750664E-003,-2.22516846E-003,-5.73903560E-003
 9.06500000E+000, 1.53250000E-001, 2.45792398E-001,-3.46048305E-003,-8.50560428E-004,-2.22890810E-003
 9.13500000E+000, 1.56750000E-001, 2.43007699E-001, 1.07712155E-003, 2.61748829E-004, 6.97741184E-004
 9.20500000E+000, 1.60250000E-001, 2.40002152E-001, 4.25283160E-003, 1.02068874E-003, 2.77210883E-003
 9.27500000E+000, 1.63750000E-001, 2.36769169E-001, 5.96295402E-003, 1.41184367E-003, 3.91325857E-003
 9.34500000E+000, 1.67250000E-001, 2.33336868E-001, 6.50005138E-003, 1.51670163E-003, 4.29699419E-003
 9.41500000E+000, 1.70750000E-001, 2.29828927E-001, 6.22065205E-003, 1.42968579E-003, 4.14355611E-003
 9.48500000E+000, 1.74250000E-001, 2.26296441E-001, 5.81805104E-003, 1.31660425E-003, 3.90551512E-003
 9.55500000E+000, 1.77750000E-001, 2.22823672E-001, 5.82177043E-003, 1.29722826E-003, 3.93834784E-003
 9.62500000E+000, 1.81250000E-001, 2.19392859E-001, 6.35288725E-003, 1.39377809E-003, 4.33111348E-003
 9.69500000E+000, 1.84750000E-001, 2.16052120E-001, 7.78378925E-003, 1.68170417E-003, 5.34750823E-003
 9.76500000E+000, 1.88250000E-001, 2.12834808E-001, 1.03617993E-002, 2.20535157E-003, 7.17221840E-003
 9.83500000E+000, 1.91750000E-001, 2.09752203E-001, 1.42066389E-002, 2.97987381E-003, 9.90553039E-003
 9.90500000E+000, 1.95250000E-001, 2.06802581E-001, 1.91737185E-002, 3.96517448E-003, 1.34638117E-002
 9.97500000E+000, 1.98750000E-001, 2.03974447E-001, 2.49097501E-002, 5.08095251E-003, 1.76125057E-002
 1.00450000E+001, 2.02250000E-001, 2.01104859E-001, 3.03086909E-002, 6.09522500E-003, 2.15821922E-002
 1.01150000E+001, 2.05750000E-001, 1.97947625E-001, 3.40044026E-002, 6.73109075E-003, 2.44061716E-002
 1.01850000E+001, 2.09250000E-001, 1.94214986E-001, 3.45995092E-002, 6.71974321E-003, 2.50708020E-002
 1.02550000E+001, 2.12750000E-001, 1.90012012E-001, 3.09717118E-002, 5.88499725E-003, 2.26889470E-002
 1.03250000E+001, 2.16250000E-001, 1.84978493E-001, 2.11108418E-002, 3.90505169E-003, 1.56741714E-002
 1.03950000E+001, 2.19750000E-001, 1.78748817E-001, 1.89937609E-003, 3.39511230E-004, 1.43459409E-003
 1.04650000E+001, 2.23250000E-001, 1.71239445E-001,-2.82109944E-002,-4.83083503E-003,-2.17698857E-002
 1.05350000E+001, 2.26750000E-001, 1.64420124E-001,-5.40221089E-002,-8.88232185E-003,-4.25435481E-002
 1.06050000E+001, 2.30250000E-001, 1.59601791E-001,-6.52619407E-002,-1.04159226E-002,-5.21651864E-002
 1.06750000E+001, 2.33750000E-001, 1.55938226E-001,-6.81155051E-002,-1.06218110E-002,-5.50819549E-002
 1.07450000E+001, 2.37250000E-001, 1.52788878E-001,-6.68398706E-002,-1.02123888E-002,-5.46046199E-002
 1.08150000E+001, 2.40750000E-001, 1.50127640E-001,-6.08999549E-002,-9.14276649E-003,-5.01910523E-002
 1.08850000E+001, 2.44250000E-001, 1.48023427E-001,-5.00682231E-002,-7.41126997E-003,-4.15562748E-002
 1.09550000E+001, 2.47750000E-001, 1.46322801E-001,-3.57953106E-002,-5.23767011E-003,-2.98820089E-002
 1.10250000E+001, 2.51250000E-001, 1.44826042E-001,-1.96430950E-002,-2.84483170E-003,-1.64826200E-002
 1.10950000E+001, 2.54750000E-001, 1.43386778E-001,-2.60746226E-003,-3.73875613E-004,-2.19888814E-003
 1.11650000E+001, 2.58250000E-001, 1.41906740E-001, 1.52083137E-002, 2.15816222E-003, 1.28919677E-002
 1.12350000E+001, 2.61750000E-001, 1.40350442E-001, 3.39173589E-002, 4.76031632E-003, 2.89104461E-002
 1.13050000E+001, 2.65250000E-001, 1.38796160E-001, 5.22533302E-002, 7.25256160E-003, 4.47883338E-002
 1.13750000E+001, 2.68750000E-001, 1.36953742E-001, 6.78201259E-002, 9.28822000E-003, 5.85209408E-002
 1.14450000E+001, 2.72250000E-001, 1.34046441E-001, 7.72073068E-002, 1.03493647E-002, 6.73395823E-002
 1.15150000E+001, 2.75750000E-001, 1.29752252E-001, 7.31303295E-002, 9.48882496E-003, 6.48305545E-002
 1.15850000E+001, 2.79250000E-001, 1.23409862E-001, 5.23586372E-002, 6.46157220E-003, 4.75940934E-002
 1.16550000E+001, 2.82750000E-001, 1.14318246E-001, 2.32841355E-003, 2.66180154E-004, 2.19908492E-003
 1.17250000E+001, 2.86250000E-001, 1.04827760E-001,-5.52110024E-002,-5.78764571E-003,-5.44536679E-002
 1.17950000E+001, 2.89750000E-001, 9.94672513E-002,-7.57371854E-002,-7.53336965E-003,-7.66847068E-002
 1.18650000E+001, 2.93250000E-001, 9.62310390E-002,-7.70151952E-002,-7.41125225E-003,-7.92790599E-002
 1.19350000E+001, 2.96750000E-001, 9.38389291E-002,-6.85539852E-002,-6.43303255E-003,-7.14629342E-002
 1.20050000E+001, 3.00000000E-001, 9.28709452E-002,-3.38264916E-002,-3.14149825E-003,-3.54451389E-002
 1.20750000E+001, 3.00000000E-001, 9.52050408E-002,-1.98618501E-002,-1.89094825E-003,-2.05555635E-002
 1.21450000E+001, 3.00000000E-001, 9.71105805E-002, 2.47769898E-003, 2.40610786E-004, 2.53895454E-003
 1.22150000E+001, 3.00000000E-001, 9.90774847E-002, 2.43191263E-002, 2.40947787E-003, 2.46717605E-002
 1.22850000E+001, 3.00000000E-001, 1.00817377E-001, 4.39939031E-002, 4.43534994E-003, 4.42450260E-002
 1.23550000E+001, 3.00000000E-001, 1.02731975E-001, 6.27230226E-002, 6.44366001E-003, 6.24904739E-002
 1.24250000E+001, 3.00000000E-001, 1.04767672E-001, 8.31119675E-002, 8.70744738E-003, 8.19954161E-002
 1.24950000E+001, 3.00000000E-001, 1.05926345E-001, 9.51605336E-002, 1.00800076E-002, 9.33672426E-002
 1.25650000E+001, 3.00000000E-001, 1.06129721E-001, 9.77871213E-002, 1.03781199E-002, 9.58523597E-002
 1.26350000E+001, 3.00000000E-001, 1.05938610E-001, 9.41379155E-002, 9.97283988E-003, 9.23585491E-002
 1.27050000E+001, 3.00000000E-001, 1.04630421E-001, 8.30993150E-002, 8.69471627E-003, 8.20366877E-002
 1.27750000E+001, 3.00000000E-001, 1.01881130E-001, 5.52674166E-002, 5.63070688E-003, 5.52919550E-002
 1.28450000E+001, 3.00000000E-001, 9.79939944E-002, 1.60319065E-002, 1.57103056E-003, 1.63540417E-002
 1.29150000E+001, 3.00000000E-001, 9.61051436E-002,-3.89700304E-003,-3.74522036E-004,-4.01418225E-003
 1.29850000E+001, 3.00000000E-001, 9.57734168E-002,-7.93845602E-003,-7.60293058E-004,-8.19130715E-003
 1.30550000E+001, 3.00000000E-001, 9.59530852E-002,-6.82167505E-003,-6.54560767E-004,-7.03236194E-003
 1.31250000E+001, 3.00000000E-001, 9.64556641E-002,-9.32914620E-005,-8.99848993E-006,-9.59218818E-005
 1.31950000E+001, 3.00000000E-001, 9.74521673E-002, 1.16996766E-002, 1.14015885E-003, 1.19678949E-002
 1.32650000E+001, 3.00000000E-001, 9.88251285E-002, 2.73547018E-002, 2.70333192E-003, 2.77867625E-002
 1.33350000E+001, 3.00000000E-001, 1.00482034E-001, 4.44593335E-002, 4.46736428E-003, 4.47876625E-002
 1.34050000E+001, 3.00000000E-001, 1.02319804E-001, 6.20692877E-002, 6.35091734E-003, 6.19635899E-002
 1.34750000E+001, 3.00000000E-001, 1.04227423E-001, 8.01424839E-002, 8.35304457E-003, 7.92704744E-002
 1.35450000E+001, 3.00000000E-001, 1.05800446E-001, 9.49848216E-002, 1.00494365E-002, 9.32502748E-002
 1.36150000E+001, 3.00000000E-001, 1.06792830E-001, 1.04451101E-001, 1.11546287E-002, 1.02066127E-001
 1.36850000E+001, 3.00000000E-001, 1.07160266E-001, 1.08075207E-001, 1.15813679E-002, 1.05426270E-001
 1.37550000E+001, 3.00000000E-001, 1.07151190E-001, 1.08313294E-001, 1.16058983E-002, 1.05662996E-001
 1.38250000E+001, 3.00000000E-001, 1.06939348E-001, 1.05775017E-001, 1.13115113E-002, 1.03288982E-001
 1.38950000E+001, 3.00000000E-001, 1.06253014E-001, 9.78072705E-002, 1.03923173E-002, 9.58164705E-002
 1.39650000E+001, 3.00000000E-001, 1.04678751E-001, 7.40835894E-002, 7.75497759E-003, 7.31193647E-002
 1.40350000E+001, 2.96500000E-001, 1.06219066E-001, 6.04151205E-002, 6.41723765E-003, 5.91948694E-002
 1.41050000E+001, 2.89500000E-001, 1.11609327E-001, 4.16768328E-002, 4.65152324E-003, 3.98367704E-002
 1.41750000E+001, 2.82500000E-001, 1.17698743E-001, 2.92113591E-002, 3.43814024E-003, 2.71897686E-002
 1.42450000E+001, 2.75500000E-001, 1.24484518E-001, 2.38867764E-002, 2.97353385E-003, 2.16191957E-002
 1.43150000E+001, 2.68500000E-001, 1.31761328E-001, 2.29365642E-002, 3.02215216E-003, 2.01778105E-002
 1.43850000E+001, 2.61500000E-001, 1.39130631E-001, 2.50684283E-002, 3.48778624E-003, 2.14612685E-002
 1.44550000E+001, 2.54500000E-001, 1.46793964E-001, 2.78914083E-002, 4.09429038E-003, 2.32464159E-002
 1.45250000E+001, 2.47500000E-001, 1.54582033E-001, 3.29522773E-002, 5.09383003E-003, 2.67636650E-002
 1.45950000E+001, 2.40500000E-001, 1.62624018E-001, 3.90933629E-002, 6.35751975E-003, 3.09563927E-002
 1.46650000E+001, 2.33500000E-001, 1.70852663E-001, 4.64483611E-002, 7.93582620E-003, 3.58838619E-002
 1.47350000E+001, 2.26500000E-001, 1.79069179E-001, 5.34324866E-002, 9.56811149E-003, 4.03213090E-002
 1.48050000E+001, 2.19500000E-001, 1.87037559E-001, 5.83336705E-002, 1.09105873E-002, 4.30719516E-002
 1.48750000E+001, 2.12500000E-001, 1.94780163E-001, 6.14748936E-002, 1.19740898E-002, 4.44800311E-002
 1.49450000E+001, 2.05500000E-001, 2.02333702E-001, 6.32244558E-002, 1.27924382E-002, 4.48839060E-002
 1.50150000E+001, 1.98500000E-001, 2.09735089E-001, 6.38914303E-002, 1.34002748E-002, 4.45498988E-002
 1.50850000E+001, 1.91500000E-001, 2.17028788E-001, 6.38887260E-002, 1.38656928E-002, 4.37930521E-002
 1.51550000E+001, 1.84500000E-001, 2.24228117E-001, 6.31540598E-002, 1.41609159E-002, 4.25888485E-002
 1.52250000E+001, 1.77500000E-001, 2.31238117E-001, 6.11494823E-002, 1.41400911E-002, 4.06071707E-002
 1.52950000E+001, 1.70500000E-001, 2.37984314E-001, 5.75317768E-002, 1.36916604E-002, 3.76593898E-002
 1.53650000E+001, 1.63500000E-001, 2.44431602E-001, 5.21483000E-002, 1.27466925E-002, 3.36822533E-002
 1.54350000E+001, 1.56500000E-001, 2.50585200E-001, 4.51165008E-002, 1.13055274E-002, 2.87804353E-002
 1.55050000E+001, 1.49500000E-001, 2.56493910E-001, 3.68960135E-002, 9.46360275E-003, 2.32637957E-002
 1.55750000E+001, 1.42500000E-001, 2.62338138E-001, 2.89453494E-002, 7.59346906E-003, 1.80462820E-002
 1.56450000E+001, 1.35500000E-001, 2.68311509E-001, 2.20394215E-002, 5.91343043E-003, 1.35868943E-002
 1.57150000E+001, 1.28500000E-001, 2.74543856E-001, 1.68292820E-002, 4.62037598E-003, 1.02565047E-002
 1.57850000E+001, 1.21500000E-001, 2.81114077E-001, 1.36504782E-002, 3.83734159E-003, 8.22140852E-003
 1.58550000E+001, 1.14500000E-001, 2.88026076E-001, 1.23517480E-002, 3.55762550E-003, 7.34940494E-003
 1.59250000E+001, 1.07500000E-001, 2.95142490E-001, 1.25181315E-002, 3.69463251E-003, 7.35805959E-003
 1.59950000E+001, 1.00500000E-001, 3.02369563E-001, 1.33309569E-002, 4.03087561E-003, 7.74162171E-003
 1.60650000E+001, 9.35000000E-002, 3.09679627E-001, 1.47860515E-002, 4.57893892E-003, 8.48468174E-003
 1.61350000E+001, 8.65000000E-002, 3.17096324E-001, 1.66086693E-002, 5.26654798E-003, 9.41843820E-003
 1.62050000E+001, 7.95000000E-002, 3.24585996E-001, 1.88546686E-002, 6.11996138E-003, 1.05680211E-002
 1.62750000E+001, 7.25000000E-002, 3.32153235E-001, 2.13897156E-002, 7.10466322E-003, 1.18515574E-002
 1.63450000E+001, 6.55000000E-002, 3.39780584E-001, 2.42326354E-002, 8.23377901E-003, 1.32751986E-002
 1.64150000E+001, 5.85000000E-002, 3.47465116E-001, 2.73282168E-002, 9.49560202E-003, 1.48045547E-002
 1.64850000E+001, 5.15000000E-002, 3.55115621E-001, 3.02113173E-002, 1.07285107E-002, 1.61891644E-002
 1.65550000E+001, 4.45000000E-002, 3.62670109E-001, 3.25462414E-002, 1.18035489E-002, 1.72577677E-002
 1.66250000E+001, 3.75000000E-002, 3.70135771E-001, 3.43566782E-002, 1.27166356E-002, 1.80330961E-002
 1.66950000E+001, 3.05000000E-002, 3.77518873E-001, 3.56432610E-002, 1.34560037E-002, 1.85245538E-002
 1.67650000E+001, 2.35000000E-002, 3.84841476E-001, 3.64965082E-002, 1.40453701E-002, 1.87866800E-002
 1.68350000E+001, 1.65000000E-002, 3.92087599E-001, 3.68678859E-002, 1.44554409E-002, 1.88016663E-002
 1.69050000E+001, 9.50000000E-003, 3.99272352E-001, 3.69380120E-002, 1.47483269E-002, 1.86671732E-002
 1.69750000E+001, 2.50000000E-003, 4.06433003E-001, 3.70597859E-002, 1.50623201E-002, 1.85629964E-002
 1.70450000E+001, 0.00000000E+000, 4.09009238E-001, 3.69097480E-002, 1.50964279E-002, 1.84295266E-002
 1.71150000E+001, 0.00000000E+000, 4.08897004E-001, 3.67397602E-002, 1.50227779E-002, 1.83471669E-002
 1.71850000E+001, 0.00000000E+000, 4.08786318E-001, 3.53996091E-002, 1.44708759E-002, 1.76803130E-002
 1.72550000E+001, 0.00000000E+000, 4.08362595E-001, 3.40521740E-002, 1.39056341E-002, 1.70161586E-002
 1.73250000E+001, 0.00000000E+000, 4.07940593E-001, 3.10828178E-002, 1.26799431E-002, 1.55403781E-002
 1.73950000E+001, 0.00000000E+000, 4.07211166E-001, 2.81195053E-002, 1.14505765E-002, 1.40714060E-002
 1.74650000E+001, 0.00000000E+000, 4.06440230E-001, 2.40281289E-002, 9.76599824E-003, 1.20354205E-002
 1.75350000E+001, 0.00000000E+000, 4.05507855E-001, 1.94573214E-002, 7.89009667E-003, 9.75715212E-003
 1.76050000E+001, 0.00000000E+000, 4.04648424E-001, 1.52123515E-002, 6.15565406E-003, 7.63654796E-003
 1.76750000E+001, 0.00000000E+000, 4.04093323E-001, 1.24676604E-002, 5.03809833E-003, 6.26301983E-003
 1.77450000E+001, 0.00000000E+000, 4.03811099E-001, 1.10315692E-002, 4.45467007E-003, 5.54354816E-003
 1.78150000E+001, 0.00000000E+000, 4.03726543E-001, 1.05111583E-002, 4.24363361E-003, 5.28258610E-003
 1.78850000E+001, 0.00000000E+000, 4.03730901E-001, 1.03889966E-002, 4.19435895E-003, 5.22116319E-003
 1.79550000E+001, 0.00000000E+000, 4.03763729E-001, 1.06221847E-002, 4.28885288E-003, 5.33813871E-003
 1.80250000E+001, 0.00000000E+000, 4.03917334E-001, 1.09697256E-002, 4.43086231E-003, 5.51174576E-003
 1.80950000E+001, 0.00000000E+000, 4.04107526E-001, 1.20747506E-002, 4.87949761E-003, 6.06553845E-003
 1.81650000E+001, 0.00000000E+000, 4.04449300E-001, 1.34337767E-002, 5.43328157E-003, 6.74536942E-003
 1.82350000E+001, 0.00000000E+000, 4.04836911E-001, 1.54703521E-002, 6.26296957E-003, 7.76425529E-003
 1.83050000E+001, 0.00000000E+000, 4.05308558E-001, 1.78027881E-002, 7.21562238E-003, 8.92965734E-003
 1.83750000E+001, 0.00000000E+000, 4.05820487E-001, 2.04342042E-002, 8.29261871E-003, 1.02430762E-002
 1.84450000E+001, 0.00000000E+000, 4.06379448E-001, 2.31767459E-002, 9.41855320E-003, 1.16098404E-002
 1.85150000E+001, 0.00000000E+000, 4.06955177E-001, 2.59111918E-002, 1.05446936E-002, 1.29704116E-002
 1.85850000E+001, 0.00000000E+000, 4.07467338E-001, 2.82603413E-002, 1.15151660E-002, 1.41374363E-002
 1.86550000E+001, 0.00000000E+000, 4.07890355E-001, 3.01610829E-002, 1.23024148E-002, 1.50804698E-002
 1.87250000E+001, 0.00000000E+000, 4.08181509E-001, 3.14684446E-002, 1.28448372E-002, 1.57285350E-002
 1.87950000E+001, 0.00000000E+000, 4.08351917E-001, 3.22501462E-002, 1.31694090E-002, 1.61158808E-002
 1.88650000E+001, 0.00000000E+000, 4.08423411E-001, 3.25663618E-002, 1.33008646E-002, 1.62724741E-002
 1.89350000E+001, 0.00000000E+000, 4.08448216E-001, 3.26332850E-002, 1.33290071E-002, 1.63054185E-002
 1.90050000E+001, 2.20000000E-003, 4.06252618E-001, 3.25628296E-002, 1.32287348E-002, 1.63141221E-002
 1.90750000E+001, 5.00000000E-003, 4.03371763E-001, 3.25473184E-002, 1.31286692E-002, 1.63644768E-002
 1.91450000E+001, 7.80000000E-003, 4.00467495E-001, 3.18969103E-002, 1.27736758E-002, 1.60955062E-002
 1.92150000E+001, 1.06000000E-002, 3.97397498E-001, 3.09837775E-002, 1.23128757E-002, 1.56950051E-002
 1.92850000E+001, 1.34000000E-002, 3.94238706E-001, 2.90943024E-002, 1.14701001E-002, 1.47968059E-002
 1.93550000E+001, 1.62000000E-002, 3.90875759E-001, 2.65297250E-002, 1.03698264E-002, 1.35504288E-002
 1.94250000E+001, 1.90000000E-002, 3.87347848E-001, 2.29343938E-002, 8.88358808E-003, 1.17672871E-002
 1.94950000E+001, 2.18000000E-002, 3.83654846E-001, 1.85135791E-002, 7.10282435E-003, 9.54464325E-003
 1.95650000E+001, 2.46000000E-002, 3.80118635E-001, 1.48428319E-002, 5.64203700E-003, 7.68770744E-003
 1.96350000E+001, 2.74000000E-002, 3.76885804E-001, 1.26809619E-002, 4.77927452E-003, 6.59609599E-003
 1.97050000E+001, 3.02000000E-002, 3.73866533E-001, 1.15931155E-002, 4.33427791E-003, 6.05454523E-003
 1.97750000E+001, 3.30000000E-002, 3.70982986E-001, 1.11881295E-002, 4.15060567E-003, 5.86570403E-003
 1.98450000E+001, 3.58000000E-002, 3.68177066E-001, 1.11306479E-002, 4.09804928E-003, 5.85776219E-003
 1.99150000E+001, 3.86000000E-002, 3.65418808E-001, 1.13307554E-002, 4.14047112E-003, 5.98553637E-003
 1.99850000E+001, 4.14000000E-002, 3.62739096E-001, 1.19689279E-002, 4.34159809E-003, 6.34596579E-003
 2.00550000E+001, 4.42000000E-002, 3.60159273E-001, 1.31657266E-002, 4.74175854E-003, 7.00546861E-003
 2.01250000E+001, 4.70000000E-002, 3.57684308E-001, 1.49408706E-002, 5.34411498E-003, 7.97747809E-003
 2.01950000E+001, 4.98000000E-002, 3.55304763E-001, 1.72400804E-002, 6.12548270E-003, 9.23588318E-003
 2.02650000E+001, 5.26000000E-002, 3.52997589E-001, 1.99439634E-002, 7.04017099E-003, 1.07192712E-002
 2.03350000E+001, 5.54000000E-002, 3.50733280E-001, 2.28540496E-002, 8.01567578E-003, 1.23229401E-002
 2.04050000E+001, 5.82000000E-002, 3.48460041E-001, 2.57173664E-002, 8.96147456E-003, 1.39120029E-002
 2.04750000E+001, 6.10000000E-002, 3.46129601E-001, 2.83042601E-002, 9.79694224E-003, 1.53628608E-002
 2.05450000E+001, 6.38000000E-002, 3.43703027E-001, 3.03902003E-002, 1.04452038E-002, 1.65531840E-002
 2.06150000E+001, 6.66000000E-002, 3.41149604E-001, 3.18572011E-002, 1.08680715E-002, 1.74170597E-002
 2.06850000E+001, 6.94000000E-002, 3.38457447E-001, 3.26656378E-002, 1.10559284E-002, 1.79299370E-002
 2.07550000E+001, 7.22000000E-002, 3.35633490E-001, 3.28826940E-002, 1.10365334E-002, 1.81248493E-002
 2.08250000E+001, 7.50000000E-002, 3.32762161E-001, 3.25200685E-002, 1.08214482E-002, 1.80021403E-002
 2.08950000E+001, 7.78000000E-002, 3.29789154E-001, 3.19120677E-002, 1.05242538E-002, 1.77450170E-002
 2.09650000E+001, 8.06000000E-002, 3.26749385E-001, 3.06285254E-002, 1.00078518E-002, 1.71103289E-002
 2.10350000E+001, 8.34000000E-002, 3.23570831E-001, 2.87911838E-002, 9.31598729E-003, 1.61627218E-002
 2.11050000E+001, 8.62000000E-002, 3.20261994E-001, 2.60754799E-002, 8.35098519E-003, 1.47136109E-002
 2.11750000E+001, 8.90000000E-002, 3.16788303E-001, 2.24730743E-002, 7.11920709E-003, 1.27502171E-002
 2.12450000E+001, 9.18000000E-002, 3.13173632E-001, 1.80088349E-002, 5.63989222E-003, 1.02762031E-002
 2.13150000E+001, 9.46000000E-002, 3.09694203E-001, 1.42635087E-002, 4.41732596E-003, 8.18463831E-003
 2.13850000E+001, 9.74000000E-002, 3.06489444E-001, 1.20244038E-002, 3.68535283E-003, 6.93578225E-003
 2.14550000E+001, 1.00200000E-001, 3.03487594E-001, 1.09047110E-002, 3.30944451E-003, 6.32096447E-003
 2.15250000E+001, 1.03000000E-001, 3.00619927E-001, 1.05254471E-002, 3.16415914E-003, 6.13015322E-003
 2.15950000E+001, 1.05800000E-001, 2.97830075E-001, 1.05280875E-002, 3.13558111E-003, 6.16034267E-003
 2.16650000E+001, 1.08600000E-001, 2.95104104E-001, 1.09377979E-002, 3.22778906E-003, 6.42957002E-003
 2.17350000E+001, 1.11400000E-001, 2.92485092E-001, 1.20139980E-002, 3.51391530E-003, 7.09374129E-003
 2.18050000E+001, 1.14200000E-001, 2.89989113E-001, 1.38565132E-002, 4.01823797E-003, 8.21680102E-003
 2.18750000E+001, 1.17000000E-001, 2.87605485E-001, 1.64043811E-002, 4.71798999E-003, 9.76789377E-003
 2.19450000E+001, 1.19800000E-001, 2.85305621E-001, 1.94697463E-002, 5.55482805E-003, 1.16397804E-002
 2.20150000E+001, 1.22600000E-001, 2.83055630E-001, 2.27940260E-002, 6.45197739E-003, 1.36812191E-002
 2.20850000E+001, 1.25400000E-001, 2.80798284E-001, 2.60530066E-002, 7.31563955E-003, 1.57000228E-002
 2.21550000E+001, 1.28200000E-001, 2.78475917E-001, 2.89896053E-002, 8.07290694E-003, 1.75423649E-002
 2.22250000E+001, 1.31000000E-001, 2.76040309E-001, 3.12996833E-002, 8.63997425E-003, 1.90236282E-002
 2.22950000E+001, 1.33800000E-001, 2.73451238E-001, 3.27436305E-002, 8.95378630E-003, 1.99952364E-002
 2.23650000E+001, 1.36600000E-001, 2.70679953E-001, 3.33139661E-002, 9.01742278E-003, 2.04473933E-002
 2.24350000E+001, 1.39400000E-001, 2.67795457E-001, 3.30790053E-002, 8.85840735E-003, 2.04122321E-002
 2.25050000E+001, 1.42200000E-001, 2.64825093E-001, 3.21948800E-002, 8.52601208E-003, 1.99777651E-002
 2.25750000E+001, 1.45000000E-001, 2.61728541E-001, 3.06373794E-002, 8.01867661E-003, 1.91234274E-002
 2.26450000E+001, 1.47800000E-001, 2.58501856E-001, 2.81586093E-002, 7.27905276E-003, 1.76855687E-002
 2.27150000E+001, 1.50600000E-001, 2.55114422E-001, 2.47153995E-002, 6.30525487E-003, 1.56257110E-002
 2.27850000E+001, 1.53400000E-001, 2.51568372E-001, 2.01831386E-002, 5.07743930E-003, 1.28499175E-002
 2.28550000E+001, 1.56200000E-001, 2.47957181E-001, 1.51835560E-002, 3.76487174E-003, 9.73699190E-003
 2.29250000E+001, 1.59000000E-001, 2.44606797E-001, 1.17624810E-002, 2.87718280E-003, 7.59458999E-003
 2.29950000E+001, 1.61800000E-001, 2.41503381E-001, 9.86981596E-003, 2.38359393E-003, 6.41338196E-003
 2.30650000E+001, 1.64600000E-001, 2.38575196E-001, 9.06175023E-003, 2.16190884E-003, 5.92432808E-003
 2.31350000E+001, 1.67400000E-001, 2.35755762E-001, 8.87600034E-003, 2.09256822E-003, 5.83748545E-003
 2.32050000E+001, 1.70200000E-001, 2.32995369E-001, 9.07443556E-003, 2.11430146E-003, 6.00323901E-003
 2.32750000E+001, 1.73000000E-001, 2.30315446E-001, 9.87118441E-003, 2.27348624E-003, 6.56821548E-003
 2.33450000E+001, 1.75800000E-001, 2.27736853E-001, 1.14039084E-002, 2.59709022E-003, 7.63091689E-003
 2.34150000E+001, 1.78600000E-001, 2.25243198E-001, 1.35666814E-002, 3.05580271E-003, 9.12824828E-003
 2.34850000E+001, 1.81400000E-001, 2.22801437E-001, 1.58811057E-002, 3.53833318E-003, 1.07438862E-002
 2.35550000E+001, 1.84200000E-001, 2.20306350E-001, 1.79052993E-002, 3.94465113E-003, 1.21816954E-002
 2.36250000E+001, 1.87000000E-001, 2.17679390E-001, 1.91860534E-002, 4.17640840E-003, 1.31315699E-002
 2.36950000E+001, 1.89800000E-001, 2.14863922E-001, 1.94830621E-002, 4.18620715E-003, 1.34219348E-002
 2.37650000E+001, 1.92600000E-001, 2.11945999E-001, 1.86759000E-002, 3.95828227E-003, 1.29541400E-002
 2.38350000E+001, 1.95400000E-001, 2.08852405E-001, 1.68750369E-002, 3.52439204E-003, 1.17913804E-002
 2.39050000E+001, 1.98200000E-001, 2.05563619E-001, 1.35115297E-002, 2.77747894E-003, 9.51636412E-003
 2.39750000E+001, 2.01000000E-001, 2.02014499E-001, 8.38600883E-003, 1.69409537E-003, 5.95804397E-003
 2.40450000E+001, 2.03800000E-001, 1.98190340E-001, 1.15576377E-003, 2.29061214E-004, 8.29024744E-004
 2.41150000E+001, 2.06600000E-001, 1.94117422E-001,-7.99719241E-003,-1.55239437E-003,-5.79622114E-003
 2.41850000E+001, 2.09400000E-001, 1.90264252E-001,-1.57357459E-002,-2.99394992E-003,-1.15198916E-002
 2.42550000E+001, 2.12200000E-001, 1.86860036E-001,-2.03872601E-002,-3.80956417E-003,-1.50605319E-002
 2.43250000E+001, 2.15000000E-001, 1.83773854E-001,-2.28127522E-002,-4.19238739E-003,-1.69932121E-002
 2.43950000E+001, 2.17800000E-001, 1.80892425E-001,-2.37948693E-002,-4.30431161E-003,-1.78654020E-002
 2.44650000E+001, 2.20600000E-001, 1.78131915E-001,-2.39856985E-002,-4.27261843E-003,-1.81476820E-002
 2.45350000E+001, 2.23400000E-001, 1.75433960E-001,-2.36694271E-002,-4.15242132E-003,-1.80455686E-002
 2.46050000E+001, 2.26200000E-001, 1.72826110E-001,-2.25854405E-002,-3.90335383E-003,-1.73485646E-002
 2.46750000E+001, 2.29000000E-001, 1.70322495E-001,-2.06659721E-002,-3.51987993E-003,-1.59904061E-002
 2.47450000E+001, 2.31800000E-001, 1.67895404E-001,-1.81158359E-002,-3.04156558E-003,-1.41181774E-002
 2.48150000E+001, 2.34600000E-001, 1.65488044E-001,-1.55783492E-002,-2.57803053E-003,-1.22286294E-002
 2.48850000E+001, 2.37400000E-001, 1.63005614E-001,-1.34901100E-002,-2.19896367E-003,-1.06697408E-002
 2.49550000E+001, 2.40200000E-001, 1.60380858E-001,-1.23282438E-002,-1.97721432E-003,-9.83025095E-003
 2.50250000E+001, 2.43000000E-001, 1.57600876E-001,-1.23172705E-002,-1.94121262E-003,-9.90774513E-003
 2.50950000E+001, 2.45800000E-001, 1.54716835E-001,-1.32393065E-002,-2.04834360E-003,-1.07482092E-002
 2.51650000E+001, 2.48600000E-001, 1.51703416E-001,-1.53498190E-002,-2.32861998E-003,-1.25847686E-002
 2.52350000E+001, 2.51400000E-001, 1.48520620E-001,-1.87945260E-002,-2.79137466E-003,-1.55731928E-002
 2.53050000E+001, 2.54200000E-001, 1.45161402E-001,-2.38438397E-002,-3.46120520E-003,-1.99843614E-002
 2.53750000E+001, 2.57000000E-001, 1.41643641E-001,-3.03638170E-002,-4.30084159E-003,-2.57630623E-002
 2.54450000E+001, 2.59800000E-001, 1.38277038E-001,-3.57685959E-002,-4.94597547E-003,-3.07161314E-002
 2.55150000E+001, 2.62600000E-001, 1.35209767E-001,-3.87767079E-002,-5.24298966E-003,-3.36749191E-002
 2.55850000E+001, 2.65400000E-001, 1.32356651E-001,-4.00524383E-002,-5.30120660E-003,-3.51556986E-002
 2.56550000E+001, 2.68200000E-001, 1.29641738E-001,-4.03087091E-002,-5.22569110E-003,-3.57491835E-002
 2.57250000E+001, 2.71000000E-001, 1.27008252E-001,-3.98284400E-002,-5.05854055E-003,-3.56875706E-002
 2.57950000E+001, 2.73800000E-001, 1.24503293E-001,-3.80954911E-002,-4.74301411E-003,-3.44764718E-002
 2.58650000E+001, 2.76600000E-001, 1.22160112E-001,-3.47866784E-002,-4.24954455E-003,-3.17824893E-002
 2.59350000E+001, 2.79400000E-001, 1.19967421E-001,-2.99967626E-002,-3.59863425E-003,-2.76555553E-002
 2.60050000E+001, 2.82200000E-001, 1.17886534E-001,-2.40913544E-002,-2.84004628E-003,-2.24062292E-002
 2.60750000E+001, 2.85000000E-001, 1.15865881E-001,-1.74913726E-002,-2.02665329E-003,-1.64091380E-002
 2.61450000E+001, 2.87800000E-001, 1.13866496E-001,-1.07899592E-002,-1.22861484E-003,-1.02108403E-002
 2.62150000E+001, 2.90600000E-001, 1.11811187E-001,-4.45613063E-003,-4.98245254E-004,-4.25554262E-003
 2.62850000E+001, 2.93400000E-001, 1.09620420E-001, 8.09101032E-004, 8.86939954E-005, 7.80363023E-004
 2.63550000E+001, 2.96200000E-001, 1.07209624E-001, 4.17322085E-003, 4.47409440E-004, 4.06999748E-003
 2.64250000E+001, 2.99000000E-001, 1.04485958E-001, 5.29920342E-003, 5.53692346E-004, 5.23505544E-003
 2.64950000E+001, 3.01800000E-001, 1.01574332E-001, 3.94163527E-003, 4.00368967E-004, 3.94933621E-003
 2.65650000E+001, 3.04600000E-001, 9.84293886E-002, 1.99428290E-004, 1.96296047E-005, 2.02985040E-004
 2.66350000E+001, 3.07400000E-001, 9.49928033E-002,-6.66730310E-003,-6.33345812E-004,-6.90787556E-003
 2.67050000E+001, 3.10200000E-001, 9.12668981E-002,-1.69494642E-002,-1.54692503E-003,-1.79159148E-002
 2.67750000E+001, 3.13000000E-001, 8.76903454E-002,-2.60076082E-002,-2.28061615E-003,-2.80455643E-002
 2.68450000E+001, 3.15800000E-001, 8.46066233E-002,-3.02301210E-002,-2.55766846E-003,-3.31877159E-002
 2.69150000E+001, 3.18600000E-001, 8.18445053E-002,-3.13533915E-002,-2.56610282E-003,-3.49968874E-002
 2.69850000E+001, 3.21400000E-001, 7.92485169E-002,-3.07084226E-002,-2.43359695E-003,-3.48338595E-002
 2.70550000E+001, 3.24200000E-001, 7.68436588E-002,-2.75967407E-002,-2.12063452E-003,-3.17902127E-002
 2.71250000E+001, 3.27000000E-001, 7.46769308E-002,-2.14703195E-002,-1.60333756E-003,-2.50890915E-002
 2.71950000E+001, 3.29800000E-001, 7.27062835E-002,-1.27872324E-002,-9.29712142E-004,-1.51436388E-002
 2.72650000E+001, 3.32600000E-001, 7.08532650E-002,-2.47159052E-003,-1.75120258E-004,-2.96507884E-003
 2.73350000E+001, 3.35400000E-001, 6.90506847E-002, 8.59046944E-003, 5.93177797E-004, 1.04393284E-002
 2.74050000E+001, 3.38200000E-001, 6.72271327E-002, 1.95832800E-002, 1.31652776E-003, 2.41186390E-002
 2.74750000E+001, 3.41000000E-001, 6.52738172E-002, 2.94348209E-002, 1.92132312E-003, 3.67901493E-002
 2.75450000E+001, 3.43800000E-001, 6.30511454E-002, 3.63926928E-002, 2.29460096E-003, 4.62814929E-002
 2.76150000E+001, 3.46600000E-001, 6.03601466E-002, 3.92553598E-002, 2.36945927E-003, 5.10227048E-002
 2.76850000E+001, 3.49400000E-001, 5.73374339E-002, 3.66520977E-002, 2.10153723E-003, 4.88786687E-002
 2.77550000E+001, 3.52200000E-001, 5.39270110E-002, 2.85232598E-002, 1.53817414E-003, 3.92225334E-002
 2.78250000E+001, 3.55000000E-001, 5.01201880E-002, 1.39466561E-002, 6.99009025E-004, 1.98931430E-002
 2.78950000E+001, 3.57800000E-001, 4.66173152E-002, 2.59615418E-003, 1.21025738E-004, 3.83969307E-003
 2.79650000E+001, 3.60600000E-001, 4.37579552E-002,-6.00081757E-004,-2.62583506E-005,-9.16055050E-004
 2.80350000E+001, 3.63400000E-001, 4.12173980E-002, 8.51522371E-004, 3.50975365E-005, 1.33935417E-003
 2.81050000E+001, 3.66200000E-001, 3.89818920E-002, 7.88640830E-003, 3.07427116E-004, 1.27552055E-002
 2.81750000E+001, 3.69000000E-001, 3.70684126E-002, 2.07562633E-002, 7.69401732E-004, 3.44260215E-002
 2.82450000E+001, 3.71800000E-001, 3.53571410E-002, 3.75297653E-002, 1.32694520E-003, 6.37348454E-002
 2.83150000E+001, 3.74600000E-001, 3.37167213E-002, 5.62010823E-002, 1.89491623E-003, 9.77375999E-002
 2.83850000E+001, 3.77400000E-001, 3.20735238E-002, 7.52552436E-002, 2.41370085E-003, 1.34184727E-001
 2.84550000E+001, 3.80200000E-001, 3.02677388E-002, 9.28312078E-002, 2.80979075E-003, 1.70389830E-001
 2.85250000E+001, 3.83000000E-001, 2.80563678E-002, 1.05111963E-001, 2.94905989E-003, 2.00390017E-001
 2.85950000E+001, 3.85800000E-001, 2.51816014E-002, 1.07826624E-001, 2.71524706E-003, 2.16982143E-001
 2.86650000E+001, 3.88600000E-001, 2.19067031E-002, 9.93061399E-002, 2.17547012E-003, 2.14253166E-001
 2.87350000E+001, 3.91400000E-001, 1.84986842E-002, 8.44118810E-002, 1.56150873E-003, 1.98185929E-001
 2.88050000E+001, 3.94200000E-001, 1.57726254E-002, 7.92205590E-002, 1.24951621E-003, 2.01430656E-001
 2.88750000E+001, 3.97000000E-001, 1.36143416E-002, 8.41247662E-002, 1.14530331E-003, 2.30231746E-001
 2.89450000E+001, 3.99800000E-001, 1.20014253E-002, 1.00435192E-001, 1.20536545E-003, 2.92758263E-001
 2.90150000E+001, 4.02600000E-001, 1.07571743E-002, 1.24966563E-001, 1.34428710E-003, 3.84755097E-001
 2.90850000E+001, 4.05400000E-001, 9.67672719E-003, 1.53082451E-001, 1.48133712E-003, 4.96936410E-001
 2.91550000E+001, 4.08200000E-001, 8.66226368E-003, 1.82167350E-001, 1.57798162E-003, 6.25020842E-001
 2.92250000E+001, 4.11000000E-001, 7.73541647E-003, 2.13091377E-001, 1.64835055E-003, 7.73684121E-001
 2.92950000E+001, 4.13800000E-001, 6.81311333E-003, 2.42732450E-001, 1.65376369E-003, 9.39062918E-001
 2.93650000E+001, 4.16600000E-001, 5.80969770E-003, 2.64182719E-001, 1.53482174E-003, 1.10679528E+000
 2.94350000E+001, 4.19400000E-001, 5.17756479E-003, 2.97778754E-001, 1.54176880E-003, 1.32151043E+000
 2.95050000E+001, 4.22200000E-001, 6.04451659E-003, 4.02903286E-001, 2.43535560E-003, 1.65485399E+000
 2.95750000E+001, 4.25000000E-001, 2.94196964E-003, 4.75486010E-001, 1.39886541E-003, 2.79935714E+000
 2.96450000E+001, 4.27800000E-001, 1.75887734E-006, 4.75307903E-001, 8.36008299E-007, 1.14445025E+002
 2.97150000E+001, 4.30600000E-001, 0.00000000E+000, 0.00000000E+000, 0.00000000E+000, 0.00000000E+000
 2.97850000E+001, 4.33400000E-001, 0.00000000E+000, 0.00000000E+000, 0.00000000E+000, 0.00000000E+000
 2.98550000E+001, 4.36200000E-001, 0.00000000E+000, 0.00000000E+000, 0.00000000E+000, 0.00000000E+000
 2.99250000E+001, 4.39000000E-001, 0.00000000E+000, 0.00000000E+000, 0.00000000E+000, 0.00000000E+000
 2.99950000E+001, 4.41800000E-001, 0.00000000E+000, 0.00000000E+000, 0.00000000E+000, 0.00000000E+000
 3.00650000E+001, 4.44600000E-001, 0.00000000E+000, 0.00000000E+000, 0.00000000E+000, 0.00000000E+000
 3.01350000E+001, 4.47400000E-001, 0.00000000E+000, 0.00000000E+000, 0.00000000E+000, 0.00000000E+000
 3.02050000E+001, 4.50200000E-001, 0.00000000E+000, 0.00000000E+000, 0.00000000E+000, 0.00000000E+000
 3.02750000E+001, 4.53000000E-001, 0.00000000E+000, 0.00000000E+000, 0.00000000E+000, 0.00000000E+000
 3.03450000E+001, 4.55800000E-001, 0.00000000E+000, 0.00000000E+000, 0.00000000E+000, 0.00000000E+000
 3.04150000E+001, 4.58600000E-001, 0.00000000E+000, 0.00000000E+000, 0.00000000E+000, 0.00000000E+000
 3.04850000E+001, 4.61400000E-001, 0.00000000E+000, 0.00000000E+000, 0.00000000E+000, 0.00000000E+000
 3.05550000E+001, 4.64200000E-001, 0.00000000E+000, 0.00000000E+000, 0.00000000E+000, 0.00000000E+000
 3.06250000E+001, 4.67000000E-001, 0.00000000E+000, 0.00000000E+000, 0.00000000E+000, 0.00000000E+000
 3.06950000E+001, 4.69800000E-001, 0.00000000E+000, 0.00000000E+000, 0.00000000E+000, 0.00000000E+000
 3.07650000E+001, 4.72600000E-001, 0.00000000E+000, 0.00000000E+000, 0.00000000E+000, 0.00000000E+000
 3.08350000E+001, 4.75400000E-001, 0.00000000E+000, 0.00000000E+000, 0.00000000E+000, 0.00000000E+000
 3.09050000E+001, 4.78200000E-001, 0.00000000E+000, 0.00000000E+000, 0.00000000E+000, 0.00000000E+000
 3.09750000E+001, 4.81000000E-001, 0.00000000E+000, 0.00000000E+000, 0.00000000E+000, 0.00000000E+000
 3.10450000E+001, 4.83800000E-001, 0.00000000E+000, 0.00000000E+000, 0.00000000E+000, 0.00000000E+000
 3.11150000E+001, 4.86600000E-001, 0.00000000E+000, 0.00000000E+000, 0.00000000E+000, 0.00000000E+000
 3.11850000E+001, 4.89400000E-001, 0.00000000E+000, 0.00000000E+000, 0.00000000E+000, 0.00000000E+000
 3.12550000E+001, 4.92200000E-001, 0.00000000E+000, 0.00000000E+000, 0.00000000E+000, 0.00000000E+000
 3.13250000E+001, 4.95000000E-001, 0.00000000E+000, 0.00000000E+000, 0.00000000E+000, 0.00000000E+000
 3.13950000E+001, 4.97800000E-001, 0.00000000E+000, 0.00000000E+000, 0.00000000E+000, 0.00000000E+000
 3.14650000E+001, 5.00600000E-001, 0.00000000E+000, 0.00000000E+000, 0.00000000E+000, 0.00000000E+000
 3.15350000E+001, 5.03400000E-001, 0.00000000E+000, 0.00000000E+000, 0.00000000E+000, 0.00000000E+000
 3.16050000E+001, 5.06200000E-001, 0.00000000E+000, 0.00000000E+000, 0.00000000E+000, 0.00000000E+000
 3.16750000E+001, 5.09000000E-001, 0.00000000E+000, 0.00000000E+000, 0.00000000E+000, 0.00000000E+000
 3.17450000E+001, 5.11800000E-001, 0.00000000E+000, 0.00000000E+000, 0.00000000E+000, 0.00000000E+000
 3.18150000E+001, 5.14600000E-001, 0.00000000E+000, 0.00000000E+000, 0.00000000E+000, 0.00000000E+000
 3.18850000E+001, 5.17400000E-001, 0.00000000E+000, 0.00000000E+000, 0.00000000E+000, 0.00000000E+000
 3.19550000E+001, 5.20200000E-001, 0.00000000E+000, 0.00000000E+000, 0.00000000E+000, 0.00000000E+000
 3.20250000E+001, 5.23000000E-001, 0.00000000E+000, 0.00000000E+000, 0.00000000E+000, 0.00000000E+000
 3.20950000E+001, 5.25800000E-001, 0.00000000E+000, 0.00000000E+000, 0.00000000E+000, 0.00000000E+000
 3.21650000E+001, 5.28600000E-001, 0.00000000E+000, 0.00000000E+000, 0.00000000E+000, 0.00000000E+000
 3.22350000E+001, 5.31400000E-001, 0.00000000E+000, 0.00000000E+000, 0.00000000E+000, 0.00000000E+000
 3.23050000E+001, 5.34200000E-001, 0.00000000E+000, 0.00000000E+000, 0.00000000E+000, 0.00000000E+000
 3.23750000E+001, 5.37000000E-001, 0.00000000E+000, 0.00000000E+000, 0.00000000E+000, 0.00000000E+000
 3.24450000E+001, 5.39800000E-001, 0.00000000E+000, 0.00000000E+000, 0.00000000E+000, 0.00000000E+000
 3.25150000E+001, 5.42600000E-001, 0.00000000E+000, 0.00000000E+000, 0.00000000E+000, 0.00000000E+000
 3.25850000E+001, 5.45400000E-001, 0.00000000E+000, 0.00000000E+000, 0.00000000E+000, 0.00000000E+000
 3.26550000E+001, 5.48200000E-001, 0.00000000E+000, 0.00000000E+000, 0.00000000E+000, 0.00000000E+000
 3.27250000E+001, 5.51000000E-001, 0.00000000E+000, 0.00000000E+000, 0.00000000E+000, 0.00000000E+000
 3.27950000E+001, 5.53800000E-001, 0.00000000E+000, 0.00000000E+000, 0.00000000E+000, 0.00000000E+000
 3.28650000E+001, 5.56600000E-001, 0.00000000E+000, 0.00000000E+000, 0.00000000E+000, 0.00000000E+000
 3.29350000E+001, 5.59400000E-001, 0.00000000E+000, 0.00000000E+000, 0.00000000E+000, 0.00000000E+000
 3.30050000E+001, 5.62200000E-001, 0.00000000E+000, 0.00000000E+000, 0.00000000E+000, 0.00000000E+000
 3.30750000E+001, 5.65000000E-001, 0.00000000E+000, 0.00000000E+000, 0.00000000E+000, 0.00000000E+000
 3.31450000E+001, 5.67800000E-001, 0.00000000E+000, 0.00000000E+000, 0.00000000E+000, 0.00000000E+000
 3.32150000E+001, 5.70600000E-001, 0.00000000E+000, 0.00000000E+000, 0.00000000E+000, 0.00000000E+000
 3.32850000E+001, 5.73400000E-001, 0.00000000E+000, 0.00000000E+000, 0.00000000E+000, 0.00000000E+000
 3.33550000E+001, 5.76200000E-001, 0.00000000E+000, 0.00000000E+000, 0.00000000E+000, 0.00000000E+000
 3.34250000E+001, 5.79000000E-001, 0.00000000E+000, 0.00000000E+000, 0.00000000E+000, 0.00000000E+000
 3.34950000E+001, 5.81800000E-001, 0.00000000E+000, 0.00000000E+000, 0.00000000E+000, 0.00000000E+000
 3.35650000E+001, 5.84600000E-001, 0.00000000E+000, 0.00000000E+000, 0.00000000E+000, 0.00000000E+000
 3.36350000E+001, 5.87400000E-001, 0.00000000E+000, 0.00000000E+000, 0.00000000E+000, 0.00000000E+000
 3.37050000E+001, 5.90200000E-001, 0.00000000E+000, 0.00000000E+000, 0.00000000E+000, 0.00000000E+000
 3.37750000E+001, 5.93000000E-001, 0.00000000E+000, 0.00000000E+000, 0.00000000E+000, 0.00000000E+000
 3.38450000E+001, 5.95800000E-001, 0.00000000E+000, 0.00000000E+000, 0.00000000E+000, 0.00000000E+000
 3.39150000E+001, 5.98600000E-001, 0.00000000E+000, 0.00000000E+000, 0.00000000E+000, 0.00000000E+000
 3.39850000E+001, 6.01400000E-001, 0.00000000E+000, 0.00000000E+000, 0.00000000E+000, 0.00000000E+000
 3.40550000E+001, 6.04200000E-001, 0.00000000E+000, 0.00000000E+000, 0.00000000E+000, 0.00000000E+000
 3.41250000E+001, 6.07000000E-001, 0.00000000E+000, 0.00000000E+000, 0.00000000E+000, 0.00000000E+000
 3.41950000E+001, 6.09800000E-001, 0.00000000E+000, 0.00000000E+000, 0.00000000E+000, 0.00000000E+000
 3.42650000E+001, 6.12600000E-001, 0.00000000E+000, 0.00000000E+000, 0.00000000E+000, 0.00000000E+000
 3.43350000E+001, 6.15400000E-001, 0.00000000E+000, 0.00000000E+000, 0.00000000E+000, 0.00000000E+000
 3.44050000E+001, 6.18200000E-001, 0.00000000E+000, 0.00000000E+000, 0.00000000E+000, 0.00000000E+000
 3.44750000E+001, 6.21000000E-001, 0.00000000E+000, 0.00000000E+000, 0.00000000E+000, 0.00000000E+000
 3.45450000E+001, 6.23800000E-001, 0.00000000E+000, 0.00000000E+000, 0.00000000E+000, 0.00000000E+000
 3.46150000E+001, 6.26600000E-001, 0.00000000E+000, 0.00000000E+000, 0.00000000E+000, 0.00000000E+000
 3.46850000E+001, 6.29400000E-001, 0.00000000E+000, 0.00000000E+000, 0.00000000E+000, 0.00000000E+000
 3.47550000E+001, 6.32200000E-001, 0.00000000E+000, 0.00000000E+000, 0.00000000E+000, 0.00000000E+000
 3.48250000E+001, 6.35000000E-001, 0.00000000E+000, 0.00000000E+000, 0.00000000E+000, 0.00000000E+000
 3.48950000E+001, 6.37800000E-001, 0.00000000E+000, 0.00000000E+000, 0.00000000E+000, 0.00000000E+000
 3.49650000E+001, 6.40600000E-001, 0.00000000E+000, 0.00000000E+000, 0.00000000E+000, 0.00000000E+000
