   20.000904134057478      ,         500
X,ZB,H,U,Q,FR
 3.50000000E-002, 0.00000000E+000, 4.55437144E-001, 2.76669249E-001, 1.26005452E-001, 1.30914070E-001
 1.05000000E-001, 0.00000000E+000, 4.53253718E-001, 2.65962523E-001, 1.20548502E-001, 1.26150627E-001
 1.75000000E-001, 0.00000000E+000, 4.48983200E-001, 2.46819659E-001, 1.10817880E-001, 1.17626280E-001
 2.45000000E-001, 0.00000000E+000, 4.42794986E-001, 2.16938307E-001, 9.60591946E-002, 1.04105712E-001
 3.15000000E-001, 0.00000000E+000, 4.33945177E-001, 1.77361765E-001, 7.69652827E-002, 8.59769885E-002
 3.85000000E-001, 0.00000000E+000, 4.23003048E-001, 1.22490443E-001, 5.18138305E-002, 6.01409264E-002
 4.55000000E-001, 0.00000000E+000, 4.08488365E-001, 5.45394884E-002, 2.22787464E-002, 2.72496465E-002
 5.25000000E-001, 0.00000000E+000, 3.90427617E-001,-3.61363713E-002,-1.41086373E-002,-1.84677477E-002
 5.95000000E-001, 0.00000000E+000, 3.69679693E-001,-1.41546716E-001,-5.23269465E-002,-7.43407021E-002
 6.65000000E-001, 0.00000000E+000, 3.57319472E-001,-2.05781732E-001,-7.35298198E-002,-1.09930483E-001
 7.35000000E-001, 0.00000000E+000, 3.52638443E-001,-2.30172380E-001,-8.11676299E-002,-1.23773605E-001
 8.05000000E-001, 0.00000000E+000, 3.51769581E-001,-2.34599015E-001,-8.25247971E-002,-1.26309699E-001
 8.75000000E-001, 0.00000000E+000, 3.52217591E-001,-2.32495206E-001,-8.18889013E-002,-1.25097359E-001
 9.45000000E-001, 0.00000000E+000, 3.53956641E-001,-2.23686430E-001,-7.91752974E-002,-1.20061638E-001
 1.01500000E+000, 0.00000000E+000, 3.57163223E-001,-2.05486033E-001,-7.33920539E-002,-1.09796527E-001
 1.08500000E+000, 0.00000000E+000, 3.62162259E-001,-1.81030797E-001,-6.55625225E-002,-9.60595456E-002
 1.15500000E+000, 0.00000000E+000, 3.68020076E-001,-1.49568837E-001,-5.50443349E-002,-7.87308647E-002
 1.22500000E+000, 0.00000000E+000, 3.74742492E-001,-1.15458980E-001,-4.32673859E-002,-6.02283417E-002
 1.29500000E+000, 0.00000000E+000, 3.81783453E-001,-7.96497431E-002,-3.04089539E-002,-4.11638026E-002
 1.36500000E+000, 0.00000000E+000, 3.88473357E-001,-4.59632706E-002,-1.78555061E-002,-2.35488641E-002
 1.43500000E+000, 0.00000000E+000, 3.94759478E-001,-1.45982712E-002,-5.76280592E-003,-7.41950279E-003
 1.50500000E+000, 0.00000000E+000, 4.00829687E-001, 1.54194741E-002, 6.18058299E-003, 7.77730771E-003
 1.57500000E+000, 0.00000000E+000, 4.06817384E-001, 4.47594590E-002, 1.82089260E-002, 2.24091166E-002
 1.64500000E+000, 0.00000000E+000, 4.12794956E-001, 7.38250055E-002, 3.04745899E-002, 3.66923862E-002
 1.71500000E+000, 0.00000000E+000, 4.18820278E-001, 1.02817081E-001, 4.30618782E-002, 5.07330622E-002
 1.78500000E+000, 0.00000000E+000, 4.24938373E-001, 1.32164831E-001, 5.61619081E-002, 6.47429654E-002
 1.85500000E+000, 0.00000000E+000, 4.31257098E-001, 1.62048336E-001, 6.98844949E-002, 7.87981653E-002
 1.92500000E+000, 0.00000000E+000, 4.37173565E-001, 1.89812158E-001, 8.29808578E-002, 9.16720069E-002
 1.99500000E+000, 0.00000000E+000, 4.41738471E-001, 2.11087511E-001, 9.32454744E-002, 1.01419061E-001
 2.06500000E+000, 0.00000000E+000, 4.44309165E-001, 2.22995955E-001, 9.90791464E-002, 1.06830192E-001
 2.13500000E+000, 0.00000000E+000, 4.45018188E-001, 2.26209924E-001, 1.00667530E-001, 1.08283537E-001
 2.20500000E+000, 0.00000000E+000, 4.44807308E-001, 2.24906581E-001, 1.00040091E-001, 1.07685162E-001
 2.27500000E+000, 0.00000000E+000, 4.43206264E-001, 2.17292410E-001, 9.63053573E-002, 1.04227248E-001
 2.34500000E+000, 0.00000000E+000, 4.38270795E-001, 1.93932096E-001, 8.49947741E-002, 9.35444627E-002
 2.41500000E+000, 0.00000000E+000, 4.26730593E-001, 1.38691168E-001, 5.91837645E-002, 6.77971715E-002
 2.48500000E+000, 0.00000000E+000, 4.05096470E-001, 3.28579182E-002, 1.33106267E-002, 1.64854374E-002
 2.55500000E+000, 0.00000000E+000, 3.79760874E-001,-9.44635754E-002,-3.58735700E-002,-4.89495754E-002
 2.62500000E+000, 0.00000000E+000, 3.68740522E-001,-1.51248341E-001,-5.57713921E-002,-7.95371169E-002
 2.69500000E+000, 0.00000000E+000, 3.65819989E-001,-1.66521304E-001,-6.09168214E-002,-8.79175839E-002
 2.76500000E+000, 0.00000000E+000, 3.65651391E-001,-1.67628484E-001,-6.12935883E-002,-8.85225389E-002
 2.83500000E+000, 0.00000000E+000, 3.66303856E-001,-1.63390771E-001,-5.98506693E-002,-8.62077747E-002
 2.90500000E+000, 0.00000000E+000, 3.68337292E-001,-1.54059691E-001,-5.67459293E-002,-8.10598573E-002
 2.97500000E+000, 0.00000000E+000, 3.71338357E-001,-1.38047156E-001,-5.12622040E-002,-7.23406181E-002
 3.04500000E+000, 0.00000000E+000, 3.75278042E-001,-1.18487746E-001,-4.44658494E-002,-6.17641572E-002
 3.11500000E+000, 0.00000000E+000, 3.79668151E-001,-9.64047834E-002,-3.66018258E-002,-4.99615793E-002
 3.18500000E+000, 0.00000000E+000, 3.84077192E-001,-7.43781653E-002,-2.85669569E-002,-3.83244438E-002
 3.25500000E+000, 0.00000000E+000, 3.88112698E-001,-5.43044317E-002,-2.10762395E-002,-2.78353063E-002
 3.32500000E+000, 0.00000000E+000, 3.91941303E-001,-3.52973023E-002,-1.38344707E-002,-1.80040685E-002
 3.39500000E+000, 0.00000000E+000, 3.95663009E-001,-1.68610134E-002,-6.67127930E-003,-8.55974066E-003
 3.46500000E+000, 0.00000000E+000, 3.99349006E-001, 1.30817942E-003, 5.22420152E-004, 6.61044456E-004
 3.53500000E+000, 0.00000000E+000, 4.03041246E-001, 1.93339677E-002, 7.79238643E-003, 9.72491694E-003
 3.60500000E+000, 0.00000000E+000, 4.06763510E-001, 3.72469359E-002, 1.51506944E-002, 1.86491575E-002
 3.67500000E+000, 0.00000000E+000, 4.10548908E-001, 5.51811828E-002, 2.26545743E-002, 2.75009827E-002
 3.74500000E+000, 0.00000000E+000, 4.14437234E-001, 7.33594818E-002, 3.04029007E-002, 3.63886991E-002
 3.81500000E+000, 0.00000000E+000, 4.18492049E-001, 9.22838070E-002, 3.86200395E-002, 4.55534796E-002
 3.88500000E+000, 0.00000000E+000, 4.22870163E-001, 1.12741340E-001, 4.76749490E-002, 5.53629637E-002
 3.95500000E+000, 0.00000000E+000, 4.27490185E-001, 1.34371491E-001, 5.74424935E-002, 6.56271767E-002
 4.02500000E+000, 0.00000000E+000, 4.30890558E-001, 1.50188654E-001, 6.47148728E-002, 7.30622922E-002
 4.09500000E+000, 0.00000000E+000, 4.32561753E-001, 1.57788822E-001, 6.82534096E-002, 7.66111241E-002
 4.16500000E+000, 0.00000000E+000, 4.32894863E-001, 1.59091560E-001, 6.88699191E-002, 7.72139167E-002
 4.23500000E+000, 0.00000000E+000, 4.32586561E-001, 1.57300805E-001, 6.80462144E-002, 7.63719875E-002
 4.30500000E+000, 0.00000000E+000, 4.31012133E-001, 1.49902345E-001, 6.46097297E-002, 7.29127265E-002
 4.37500000E+000, 0.00000000E+000, 4.26906690E-001, 1.30154047E-001, 5.55636333E-002, 6.36107994E-002
 4.44500000E+000, 0.00000000E+000, 4.18394012E-001, 8.93872030E-002, 3.73990705E-002, 4.41288161E-002
 4.51500000E+000, 0.00000000E+000, 4.04080776E-001, 1.91321351E-002, 7.73092801E-003, 9.61100944E-003
 4.58500000E+000, 0.00000000E+000, 3.88424844E-001,-5.88861765E-002,-2.28728539E-002,-3.01716815E-002
 4.65500000E+000, 0.00000000E+000, 3.81082488E-001,-9.59751718E-002,-3.65744572E-002,-4.96465485E-002
 4.72500000E+000, 0.00000000E+000, 3.78726624E-001,-1.07799131E-001,-4.08264008E-002,-5.59360763E-002
 4.79500000E+000, 0.00000000E+000, 3.78388540E-001,-1.09367687E-001,-4.13834794E-002,-5.67753341E-002
 4.86500000E+000, 0.00000000E+000, 3.78688561E-001,-1.07712544E-001,-4.07895082E-002,-5.58939558E-002
 4.93500000E+000, 0.00000000E+000, 3.79704442E-001,-1.02288729E-001,-3.88394850E-002,-5.30083888E-002
 5.00500000E+000, 0.00000000E+000, 3.81606081E-001,-9.27772545E-002,-3.54043645E-002,-4.79593769E-002
 5.07500000E+000, 0.00000000E+000, 3.84246340E-001,-7.97332833E-002,-3.06372223E-002,-4.10747035E-002
 5.14500000E+000, 0.00000000E+000, 3.87388825E-001,-6.43858035E-002,-2.49423408E-002,-3.30336250E-002
 5.21500000E+000, 0.00000000E+000, 3.90640196E-001,-4.82182968E-002,-1.88360049E-002,-2.46355952E-002
 5.28500000E+000, 0.00000000E+000, 3.93546183E-001,-3.34347385E-002,-1.31581137E-002,-1.70192233E-002
 5.35500000E+000, 0.00000000E+000, 3.96246205E-001,-1.92746518E-002,-7.63750764E-003,-9.77785612E-003
 5.42500000E+000, 0.00000000E+000, 3.98858689E-001,-5.42481909E-003,-2.16373623E-003,-2.74293420E-003
 5.49500000E+000, 0.00000000E+000, 4.01506405E-001, 8.12783006E-003, 3.26337583E-003, 4.09607627E-003
 5.56500000E+000, 0.00000000E+000, 4.04248077E-001, 2.11238898E-002, 8.53929182E-003, 1.06093694E-002
 5.63500000E+000, 0.00000000E+000, 4.07117011E-001, 3.38786240E-002, 1.37925641E-002, 1.69553124E-002
 5.70500000E+000, 0.00000000E+000, 4.10086882E-001, 4.71286328E-002, 1.93268341E-002, 2.35010118E-002
 5.77500000E+000, 0.00000000E+000, 4.13178013E-001, 6.16334971E-002, 2.54656058E-002, 3.06187790E-002
 5.84500000E+000, 0.00000000E+000, 4.16470413E-001, 7.70783279E-002, 3.21008431E-002, 3.81399278E-002
 5.91500000E+000, 0.00000000E+000, 4.19050998E-001, 8.92500189E-002, 3.74003095E-002, 4.40265379E-002
 5.98500000E+000, 0.00000000E+000, 4.20913890E-001, 9.85484895E-002, 4.14804281E-002, 4.85057252E-002
 6.05500000E+000, 2.75000000E-003, 4.18789618E-001, 1.00522560E-001, 4.20978046E-002, 4.96026919E-002
 6.12500000E+000, 6.25000000E-003, 4.15580863E-001, 1.02461138E-001, 4.25808880E-002, 5.07540920E-002
 6.19500000E+000, 9.75000000E-003, 4.11800304E-001, 1.02345745E-001, 4.21460088E-002, 5.09291136E-002
 6.26500000E+000, 1.32500000E-002, 4.07507488E-001, 9.83769338E-002, 4.00893371E-002, 4.92113347E-002
 6.33500000E+000, 1.67500000E-002, 4.01879424E-001, 8.92480799E-002, 3.58669670E-002, 4.49563097E-002
 6.40500000E+000, 2.02500000E-002, 3.94439034E-001, 6.99887491E-002, 2.76062946E-002, 3.55858994E-002
 6.47500000E+000, 2.37500000E-002, 3.84310492E-001, 3.73547198E-002, 1.43558108E-002, 1.92417258E-002
 6.54500000E+000, 2.72500000E-002, 3.71542880E-001,-9.77548290E-003,-3.63201107E-003,-5.12121970E-003
 6.61500000E+000, 3.07500000E-002, 3.60673647E-001,-4.79529746E-002,-1.72953742E-002,-2.54975238E-002
 6.68500000E+000, 3.42500000E-002, 3.53797245E-001,-6.58201686E-002,-2.32869943E-002,-3.53363287E-002
 6.75500000E+000, 3.77500000E-002, 3.49126740E-001,-7.23209069E-002,-2.52491624E-002,-3.90851665E-002
 6.82500000E+000, 4.12500000E-002, 3.45519242E-001,-7.35977853E-002,-2.54294510E-002,-3.99823471E-002
 6.89500000E+000, 4.47500000E-002, 3.42359670E-001,-7.23375229E-002,-2.47654505E-002,-3.94786226E-002
 6.96500000E+000, 4.82500000E-002, 3.39728146E-001,-6.79089903E-002,-2.30705954E-002,-3.72049879E-002
 7.03500000E+000, 5.17500000E-002, 3.37684474E-001,-6.01526324E-002,-2.03126100E-002,-3.30551209E-002
 7.10500000E+000, 5.52500000E-002, 3.36112657E-001,-4.97994089E-002,-1.67382116E-002,-2.74297225E-002
 7.17500000E+000, 5.87500000E-002, 3.34850500E-001,-3.77568123E-002,-1.26428875E-002,-2.08357675E-002
 7.24500000E+000, 6.22500000E-002, 3.33757227E-001,-2.48059345E-002,-8.27915992E-003,-1.37113404E-002
 7.31500000E+000, 6.57500000E-002, 3.32738702E-001,-1.15162590E-002,-3.83190508E-003,-6.37528235E-003
 7.38500000E+000, 6.92500000E-002, 3.31707529E-001, 1.69008799E-003, 5.60614911E-004, 9.37068434E-004
 7.45500000E+000, 7.27500000E-002, 3.30594873E-001, 1.45239897E-002, 4.80155651E-003, 8.06635874E-003
 7.52500000E+000, 7.62500000E-002, 3.29344440E-001, 2.66715486E-002, 8.78412622E-003, 1.48409849E-002
 7.59500000E+000, 7.97500000E-002, 3.27904758E-001, 3.78517704E-002, 1.24117756E-002, 2.11082387E-002
 7.66500000E+000, 8.32500000E-002, 3.26224127E-001, 4.77877655E-002, 1.55895221E-002, 2.67176553E-002
 7.73500000E+000, 8.67500000E-002, 3.24239387E-001, 5.61734346E-002, 1.82136400E-002, 3.15019728E-002
 7.80500000E+000, 9.02500000E-002, 3.21869403E-001, 6.26121946E-002, 2.01529497E-002, 3.52418532E-002
 7.87500000E+000, 9.37500000E-002, 3.19016182E-001, 6.65843622E-002, 2.12414890E-002, 3.76448479E-002
 7.94500000E+000, 9.72500000E-002, 3.15560753E-001, 6.80025359E-002, 2.14589314E-002, 3.86565663E-002
 8.01500000E+000, 1.00750000E-001, 3.11723594E-001, 6.68052057E-002, 2.08247588E-002, 3.82089521E-002
 8.08500000E+000, 1.04250000E-001, 3.07429945E-001, 6.31436408E-002, 1.94122460E-002, 3.63660553E-002
 8.15500000E+000, 1.07750000E-001, 3.02494457E-001, 5.58682587E-002, 1.68998386E-002, 3.24374035E-002
 8.22500000E+000, 1.11250000E-001, 2.96711559E-001, 4.36969006E-002, 1.29653755E-002, 2.56166928E-002
 8.29500000E+000, 1.14750000E-001, 2.89930142E-001, 2.55063782E-002, 7.39506787E-003, 1.51266156E-002
 8.36500000E+000, 1.18250000E-001, 2.82350120E-001, 2.26823501E-003, 6.40436427E-004, 1.36311884E-003
 8.43500000E+000, 1.21750000E-001, 2.75871078E-001,-1.48444770E-002,-4.09516189E-003,-9.02508862E-003
 8.50500000E+000, 1.25250000E-001, 2.70867050E-001,-2.33986624E-002,-6.33792665E-003,-1.43566331E-002
 8.57500000E+000, 1.28750000E-001, 2.66755553E-001,-2.67348429E-002,-7.13166779E-003,-1.65295321E-002
 8.64500000E+000, 1.32250000E-001, 2.63114607E-001,-2.74620081E-002,-7.22565548E-003,-1.70961953E-002
 8.71500000E+000, 1.35750000E-001, 2.59689693E-001,-2.68589309E-002,-6.97498754E-003,-1.68306553E-002
 8.78500000E+000, 1.39250000E-001, 2.56518738E-001,-2.45569445E-002,-6.29931644E-003,-1.54829760E-002
 8.85500000E+000, 1.42750000E-001, 2.53633239E-001,-2.04279543E-002,-5.18120821E-003,-1.29527341E-002
 8.92500000E+000, 1.46250000E-001, 2.50957311E-001,-1.49434118E-002,-3.75015844E-003,-9.52553762E-003
 8.99500000E+000, 1.49750000E-001, 2.48395045E-001,-9.05748872E-003,-2.24983532E-003,-5.80331302E-003
 9.06500000E+000, 1.53250000E-001, 2.45776009E-001,-3.54694641E-003,-8.71754331E-004,-2.28467559E-003
 9.13500000E+000, 1.56750000E-001, 2.42995331E-001, 1.01269405E-003, 2.46079926E-004, 6.56022829E-004
 9.20500000E+000, 1.60250000E-001, 2.39994618E-001, 4.21287717E-003, 1.01106785E-003, 2.74610857E-003
 9.27500000E+000, 1.63750000E-001, 2.36766044E-001, 5.94518165E-003, 1.40761714E-003, 3.90162099E-003
 9.34500000E+000, 1.67250000E-001, 2.33336883E-001, 6.49811743E-003, 1.51625047E-003, 4.29571557E-003
 9.41500000E+000, 1.70750000E-001, 2.29830121E-001, 6.22501510E-003, 1.43069597E-003, 4.14645155E-003
 9.48500000E+000, 1.74250000E-001, 2.26296993E-001, 5.81775734E-003, 1.31654099E-003, 3.90531320E-003
 9.55500000E+000, 1.77750000E-001, 2.22823332E-001, 5.81668918E-003, 1.29609406E-003, 3.93491345E-003
 9.62500000E+000, 1.81250000E-001, 2.19390309E-001, 6.34137618E-003, 1.39123648E-003, 4.32329087E-003
 9.69500000E+000, 1.84750000E-001, 2.16046314E-001, 7.76188869E-003, 1.67692744E-003, 5.33253406E-003
 9.76500000E+000, 1.88250000E-001, 2.12825703E-001, 1.03246814E-002, 2.19735758E-003, 7.14667909E-003
 9.83500000E+000, 1.91750000E-001, 2.09740507E-001, 1.41498460E-002, 2.96779588E-003, 9.86620685E-003
 9.90500000E+000, 1.95250000E-001, 2.06789303E-001, 1.90974491E-002, 3.94914818E-003, 1.34106857E-002
 9.97500000E+000, 1.98750000E-001, 2.03959054E-001, 2.48340115E-002, 5.06512149E-003, 1.75596172E-002
 1.00450000E+001, 2.02250000E-001, 2.01091825E-001, 3.02544296E-002, 6.08391847E-003, 2.15442520E-002
 1.01150000E+001, 2.05750000E-001, 1.97943362E-001, 3.39869732E-002, 6.72749575E-003, 2.43939245E-002
 1.01850000E+001, 2.09250000E-001, 1.94219964E-001, 3.46434936E-002, 6.72845808E-003, 2.51023514E-002
 1.02550000E+001, 2.12750000E-001, 1.90026291E-001, 3.10999580E-002, 5.90980968E-003, 2.27820402E-002
 1.03250000E+001, 2.16250000E-001, 1.85010156E-001, 2.13539560E-002, 3.95069872E-003, 1.58533197E-002
 1.03950000E+001, 2.19750000E-001, 1.78800176E-001, 2.29833874E-003, 4.10943372E-004, 1.73568026E-003
 1.04650000E+001, 2.23250000E-001, 1.71298181E-001,-2.77532199E-002,-4.75407610E-003,-2.14129578E-002
 1.05350000E+001, 2.26750000E-001, 1.64445079E-001,-5.38134142E-002,-8.84935117E-003,-4.23759809E-002
 1.06050000E+001, 2.30250000E-001, 1.59607041E-001,-6.52056323E-002,-1.04072780E-002,-5.21193206E-002
 1.06750000E+001, 2.33750000E-001, 1.55933923E-001,-6.81261501E-002,-1.06231778E-002,-5.50913233E-002
 1.07450000E+001, 2.37250000E-001, 1.52780386E-001,-6.68968622E-002,-1.02205284E-002,-5.46526978E-002
 1.08150000E+001, 2.40750000E-001, 1.50112719E-001,-6.10210872E-002,-9.16004130E-003,-5.02933835E-002
 1.08850000E+001, 2.44250000E-001, 1.48003085E-001,-5.02441156E-002,-7.43628413E-003,-4.17051301E-002
 1.09550000E+001, 2.47750000E-001, 1.46299061E-001,-3.60032048E-002,-5.26723505E-003,-3.00579980E-002
 1.10250000E+001, 2.51250000E-001, 1.44800178E-001,-1.98614288E-002,-2.87593842E-003,-1.66673133E-002
 1.10950000E+001, 2.54750000E-001, 1.43359079E-001,-2.82393003E-003,-4.04836006E-004,-2.38166673E-003
 1.11650000E+001, 2.58250000E-001, 1.41876068E-001, 1.50070325E-002, 2.12913875E-003, 1.27227182E-002
 1.12350000E+001, 2.61750000E-001, 1.40317976E-001, 3.37242630E-002, 4.73212031E-003, 2.87491806E-002
 1.13050000E+001, 2.65250000E-001, 1.38766158E-001, 5.20745426E-002, 7.22618419E-003, 4.46399131E-002
 1.13750000E+001, 2.68750000E-001, 1.36934849E-001, 6.77296750E-002, 9.27455283E-003, 5.84469235E-002
 1.14450000E+001, 2.72250000E-001, 1.34060674E-001, 7.72751811E-002, 1.03595628E-002, 6.73952038E-002
 1.15150000E+001, 2.75750000E-001, 1.29788349E-001, 7.34974209E-002, 9.53910889E-003, 6.51469226E-002
 1.15850000E+001, 2.79250000E-001, 1.23484647E-001, 5.30555505E-002, 6.55154594E-003, 4.82129829E-002
 1.16550000E+001, 2.82750000E-001, 1.14401281E-001, 3.13073104E-003, 3.58159641E-004, 2.95576549E-003
 1.17250000E+001, 2.86250000E-001, 1.04847406E-001,-5.50249324E-002,-5.76922143E-003,-5.42650654E-002
 1.17950000E+001, 2.89750000E-001, 9.94615554E-002,-7.57698640E-002,-7.53618852E-003,-7.67199909E-002
 1.18650000E+001, 2.93250000E-001, 9.62175798E-002,-7.70592853E-002,-7.41445793E-003,-7.93299939E-002
 1.19350000E+001, 2.96750000E-001, 9.38166492E-002,-6.88215934E-002,-6.45661128E-003,-7.17504160E-002
 1.20050000E+001, 3.00000000E-001, 9.28545266E-002,-3.39557386E-002,-3.15294403E-003,-3.55837160E-002
 1.20750000E+001, 3.00000000E-001, 9.51918113E-002,-2.00477481E-002,-1.90838146E-003,-2.07493961E-002
 1.21450000E+001, 3.00000000E-001, 9.70888902E-002, 2.31271028E-003, 2.24538474E-004, 2.37015158E-003
 1.22150000E+001, 3.00000000E-001, 9.90582959E-002, 2.42068983E-002, 2.39789409E-003, 2.45602836E-002
 1.22850000E+001, 3.00000000E-001, 1.00799261E-001, 4.38543241E-002, 4.42048346E-003, 4.41086136E-002
 1.23550000E+001, 3.00000000E-001, 1.02706932E-001, 6.24765024E-002, 6.41676991E-003, 6.22524557E-002
 1.24250000E+001, 3.00000000E-001, 1.04745498E-001, 8.29208288E-002, 8.68558349E-003, 8.18155041E-002
 1.24950000E+001, 3.00000000E-001, 1.05925191E-001, 9.52030183E-002, 1.00843979E-002, 9.34094357E-002
 1.25650000E+001, 3.00000000E-001, 1.06141758E-001, 9.79507637E-002, 1.03966663E-002, 9.60073199E-002
 1.26350000E+001, 3.00000000E-001, 1.05962633E-001, 9.43446758E-002, 9.99701031E-003, 9.25509080E-002
 1.27050000E+001, 3.00000000E-001, 1.04664213E-001, 8.34863832E-002, 8.73803663E-003, 8.24055000E-002
 1.27750000E+001, 3.00000000E-001, 1.01924524E-001, 5.57070871E-002, 5.67791837E-003, 5.57199557E-002
 1.28450000E+001, 3.00000000E-001, 9.80125623E-002, 1.62303536E-002, 1.59077855E-003, 1.65549079E-002
 1.29150000E+001, 3.00000000E-001, 9.61022336E-002,-3.91674759E-003,-3.76408191E-004,-4.03458159E-003
 1.29850000E+001, 3.00000000E-001, 9.57657423E-002,-8.00299210E-003,-7.66412479E-004,-8.25822967E-003
 1.30550000E+001, 3.00000000E-001, 9.59440077E-002,-6.88967474E-003,-6.61023007E-004,-7.10279778E-003
 1.31250000E+001, 3.00000000E-001, 9.64446620E-002,-1.49583387E-004,-1.44265192E-005,-1.53809771E-004
 1.31950000E+001, 3.00000000E-001, 9.74417745E-002, 1.16388685E-002, 1.13411200E-003, 1.19063276E-002
 1.32650000E+001, 3.00000000E-001, 9.88152051E-002, 2.72784271E-002, 2.69552337E-003, 2.77106744E-002
 1.33350000E+001, 3.00000000E-001, 1.00468479E-001, 4.43606698E-002, 4.45684903E-003, 4.46912847E-002
 1.34050000E+001, 3.00000000E-001, 1.02299538E-001, 6.18928835E-002, 6.33161341E-003, 6.17936058E-002
 1.34750000E+001, 3.00000000E-001, 1.04203518E-001, 7.99336301E-002, 8.32936546E-003, 7.90729615E-002
 1.35450000E+001, 3.00000000E-001, 1.05785135E-001, 9.48676162E-002, 1.00355836E-002, 9.31419496E-002
 1.36150000E+001, 3.00000000E-001, 1.06788863E-001, 1.04447073E-001, 1.11537842E-002, 1.02064086E-001
 1.36850000E+001, 3.00000000E-001, 1.07164750E-001, 1.08156022E-001, 1.15905130E-002, 1.05502897E-001
 1.37550000E+001, 3.00000000E-001, 1.07159284E-001, 1.08417226E-001, 1.16179123E-002, 1.05760392E-001
 1.38250000E+001, 3.00000000E-001, 1.06952343E-001, 1.05921676E-001, 1.13285714E-002, 1.03425910E-001
 1.38950000E+001, 3.00000000E-001, 1.06276386E-001, 9.80541873E-002, 1.04208446E-002, 9.60477986E-002
 1.39650000E+001, 3.00000000E-001, 1.04704037E-001, 7.43141382E-002, 7.78099026E-003, 7.33380556E-002
 1.40350000E+001, 2.96500000E-001, 1.06235278E-001, 6.06212461E-002, 6.44011491E-003, 5.93922993E-002
 1.41050000E+001, 2.89500000E-001, 1.11617611E-001, 4.17753226E-002, 4.66286170E-003, 3.99294300E-002
 1.41750000E+001, 2.82500000E-001, 1.17698574E-001, 2.92286544E-002, 3.44017093E-003, 2.72058864E-002
 1.42450000E+001, 2.75500000E-001, 1.24479356E-001, 2.38581867E-002, 2.96985171E-003, 2.15937678E-002
 1.43150000E+001, 2.68500000E-001, 1.31754214E-001, 2.28882619E-002, 3.01562496E-003, 2.01358615E-002
 1.43850000E+001, 2.61500000E-001, 1.39122068E-001, 2.50174276E-002, 3.48047627E-003, 2.14182654E-002
 1.44550000E+001, 2.54500000E-001, 1.46784745E-001, 2.78255494E-002, 4.08436618E-003, 2.31922533E-002
 1.45250000E+001, 2.47500000E-001, 1.54570314E-001, 3.28802296E-002, 5.08230742E-003, 2.67061606E-002
 1.45950000E+001, 2.40500000E-001, 1.62610261E-001, 3.90061776E-002, 6.34280473E-003, 3.08886607E-002
 1.46650000E+001, 2.33500000E-001, 1.70836695E-001, 4.63473191E-002, 7.91782281E-003, 3.58074749E-002
 1.47350000E+001, 2.26500000E-001, 1.79055573E-001, 5.33534635E-002, 9.55323495E-003, 4.02632062E-002
 1.48050000E+001, 2.19500000E-001, 1.87027136E-001, 5.82816903E-002, 1.09002576E-002, 4.30347700E-002
 1.48750000E+001, 2.12500000E-001, 1.94773167E-001, 6.14501767E-002, 1.19688455E-002, 4.44629457E-002
 1.49450000E+001, 2.05500000E-001, 2.02330006E-001, 6.32227234E-002, 1.27918540E-002, 4.48830861E-002
 1.50150000E+001, 1.98500000E-001, 2.09734223E-001, 6.39055574E-002, 1.34031824E-002, 4.45598413E-002
 1.50850000E+001, 1.91500000E-001, 2.17029798E-001, 6.39121608E-002, 1.38708433E-002, 4.38090138E-002
 1.51550000E+001, 1.84500000E-001, 2.24232299E-001, 6.31965325E-002, 1.41707038E-002, 4.26170931E-002
 1.52250000E+001, 1.77500000E-001, 2.31246794E-001, 6.12205092E-002, 1.41570465E-002, 4.06535744E-002
 1.52950000E+001, 1.70500000E-001, 2.37997808E-001, 5.76327759E-002, 1.37164743E-002, 3.77244327E-002
 1.53650000E+001, 1.63500000E-001, 2.44449213E-001, 5.22735649E-002, 1.27782318E-002, 3.37619448E-002
 1.54350000E+001, 1.56500000E-001, 2.50604888E-001, 4.52560245E-002, 1.13413809E-002, 2.88683054E-002
 1.55050000E+001, 1.49500000E-001, 2.56513454E-001, 3.70252809E-002, 9.49748269E-003, 2.33444123E-002
 1.55750000E+001, 1.42500000E-001, 2.62353085E-001, 2.90461037E-002, 7.62033493E-003, 1.81085825E-002
 1.56450000E+001, 1.35500000E-001, 2.68320527E-001, 2.21044420E-002, 5.93107554E-003, 1.36267493E-002
 1.57150000E+001, 1.28500000E-001, 2.74546561E-001, 1.68566791E-002, 4.62794328E-003, 1.02731511E-002
 1.57850000E+001, 1.21500000E-001, 2.81111282E-001, 1.36454137E-002, 3.83587973E-003, 8.21839908E-003
 1.58550000E+001, 1.14500000E-001, 2.88019019E-001, 1.23259689E-002, 3.55011347E-003, 7.33415598E-003
 1.59250000E+001, 1.07500000E-001, 2.95134355E-001, 1.24807444E-002, 3.68349644E-003, 7.33618483E-003
 1.59950000E+001, 1.00500000E-001, 3.02360505E-001, 1.32884730E-002, 4.01790941E-003, 7.71706584E-003
 1.60650000E+001, 9.35000000E-002, 3.09669660E-001, 1.47421145E-002, 4.56518558E-003, 8.45960549E-003
 1.61350000E+001, 8.65000000E-002, 3.17085982E-001, 1.65621254E-002, 5.25161779E-003, 9.39219728E-003
 1.62050000E+001, 7.95000000E-002, 3.24575211E-001, 1.88068492E-002, 6.10423703E-003, 1.05413935E-002
 1.62750000E+001, 7.25000000E-002, 3.32142065E-001, 2.13404574E-002, 7.08806361E-003, 1.18244634E-002
 1.63450000E+001, 6.55000000E-002, 3.39768961E-001, 2.41817607E-002, 8.21621171E-003, 1.32475548E-002
 1.64150000E+001, 5.85000000E-002, 3.47453253E-001, 2.72780255E-002, 9.47783871E-003, 1.47776167E-002
 1.64850000E+001, 5.15000000E-002, 3.55105576E-001, 3.01725243E-002, 1.07144316E-002, 1.61686053E-002
 1.65550000E+001, 4.45000000E-002, 3.62662191E-001, 3.25198111E-002, 1.17937060E-002, 1.72439412E-002
 1.66250000E+001, 3.75000000E-002, 3.70130025E-001, 3.43415572E-002, 1.27108414E-002, 1.80252993E-002
 1.66950000E+001, 3.05000000E-002, 3.77515284E-001, 3.56376025E-002, 1.34537396E-002, 1.85217010E-002
 1.67650000E+001, 2.35000000E-002, 3.84840100E-001, 3.64994740E-002, 1.40464612E-002, 1.87882403E-002
 1.68350000E+001, 1.65000000E-002, 3.92088208E-001, 3.68791384E-002, 1.44598753E-002, 1.88073902E-002
 1.69050000E+001, 9.50000000E-003, 3.99273873E-001, 3.69536276E-002, 1.47546180E-002, 1.86750292E-002
 1.69750000E+001, 2.50000000E-003, 4.06435801E-001, 3.70800909E-002, 1.50706764E-002, 1.85731031E-002
 1.70450000E+001, 0.00000000E+000, 4.09013405E-001, 3.69452031E-002, 1.51110833E-002, 1.84471359E-002
 1.71150000E+001, 0.00000000E+000, 4.08904223E-001, 3.67818109E-002, 1.50402378E-002, 1.83680041E-002
 1.71850000E+001, 0.00000000E+000, 4.08796115E-001, 3.54552695E-002, 1.44939764E-002, 1.77079003E-002
 1.72550000E+001, 0.00000000E+000, 4.08375024E-001, 3.41218713E-002, 1.39345200E-002, 1.70507275E-002
 1.73250000E+001, 0.00000000E+000, 4.07955428E-001, 3.11604894E-002, 1.27120908E-002, 1.55789280E-002
 1.73950000E+001, 0.00000000E+000, 4.07226043E-001, 2.82068865E-002, 1.14865788E-002, 1.41148750E-002
 1.74650000E+001, 0.00000000E+000, 4.06455890E-001, 2.41115639E-002, 9.80028716E-003, 1.20769795E-002
 1.75350000E+001, 0.00000000E+000, 4.05521893E-001, 1.95352129E-002, 7.92195654E-003, 9.79604238E-003
 1.76050000E+001, 0.00000000E+000, 4.04655395E-001, 1.52559089E-002, 6.17338587E-003, 7.65834768E-003
 1.76750000E+001, 0.00000000E+000, 4.04094071E-001, 1.24802738E-002, 5.04320465E-003, 6.26935025E-003
 1.77450000E+001, 0.00000000E+000, 4.03807611E-001, 1.10223428E-002, 4.45090590E-003, 5.53893566E-003
 1.78150000E+001, 0.00000000E+000, 4.03720776E-001, 1.04895065E-002, 4.23483170E-003, 5.27174221E-003
 1.78850000E+001, 0.00000000E+000, 4.03724035E-001, 1.03653428E-002, 4.18473802E-003, 5.20931988E-003
 1.79550000E+001, 0.00000000E+000, 4.03756213E-001, 1.05939011E-002, 4.27735340E-003, 5.32397448E-003
 1.80250000E+001, 0.00000000E+000, 4.03908840E-001, 1.09364902E-002, 4.41734507E-003, 5.49510440E-003
 1.80950000E+001, 0.00000000E+000, 4.04097978E-001, 1.20366567E-002, 4.86398863E-003, 6.04647404E-003
 1.81650000E+001, 0.00000000E+000, 4.04439103E-001, 1.33912251E-002, 5.41593506E-003, 6.72408815E-003
 1.82350000E+001, 0.00000000E+000, 4.04826008E-001, 1.54277629E-002, 6.24555968E-003, 7.74298491E-003
 1.83050000E+001, 0.00000000E+000, 4.05297661E-001, 1.77609289E-002, 7.19846293E-003, 8.90878103E-003
 1.83750000E+001, 0.00000000E+000, 4.05809851E-001, 2.03951160E-002, 8.27653900E-003, 1.02236164E-002
 1.84450000E+001, 0.00000000E+000, 4.06369472E-001, 2.31399792E-002, 9.40338114E-003, 1.15915653E-002
 1.85150000E+001, 0.00000000E+000, 4.06946873E-001, 2.58803351E-002, 1.05319214E-002, 1.29550978E-002
 1.85850000E+001, 0.00000000E+000, 4.07461485E-001, 2.82406393E-002, 1.15069728E-002, 1.41276817E-002
 1.86550000E+001, 0.00000000E+000, 4.07887074E-001, 3.01547690E-002, 1.22997405E-002, 1.50773735E-002
 1.87250000E+001, 0.00000000E+000, 4.08180731E-001, 3.14758918E-002, 1.28478525E-002, 1.57322722E-002
 1.87950000E+001, 0.00000000E+000, 4.08353282E-001, 3.22683710E-002, 1.31768952E-002, 1.61249611E-002
 1.88650000E+001, 0.00000000E+000, 4.08426373E-001, 3.25907421E-002, 1.33109186E-002, 1.62845971E-002
 1.89350000E+001, 0.00000000E+000, 4.08452153E-001, 3.26606936E-002, 1.33403306E-002, 1.63190347E-002
 1.90050000E+001, 2.20000000E-003, 4.06256703E-001, 3.25931124E-002, 1.32411704E-002, 1.63292118E-002
 1.90750000E+001, 5.00000000E-003, 4.03376717E-001, 3.25823179E-002, 1.31429484E-002, 1.63819736E-002
 1.91450000E+001, 7.80000000E-003, 4.00473932E-001, 3.19367022E-002, 1.27898167E-002, 1.61154561E-002
 1.92150000E+001, 1.06000000E-002, 3.97405081E-001, 3.10325529E-002, 1.23324942E-002, 1.57195625E-002
 1.92850000E+001, 1.34000000E-002, 3.94248026E-001, 2.91502234E-002, 1.14924181E-002, 1.48250710E-002
 1.93550000E+001, 1.62000000E-002, 3.90886373E-001, 2.65933872E-002, 1.03949927E-002, 1.35827607E-002
 1.94250000E+001, 1.90000000E-002, 3.87359415E-001, 2.30029165E-002, 8.91039628E-003, 1.18022689E-002
 1.94950000E+001, 2.18000000E-002, 3.83664829E-001, 1.85746471E-002, 7.12643880E-003, 9.57600217E-003
 1.95650000E+001, 2.46000000E-002, 3.80121619E-001, 1.48688417E-002, 5.65196819E-003, 7.70114873E-003
 1.96350000E+001, 2.74000000E-002, 3.76883756E-001, 1.26816296E-002, 4.77950017E-003, 6.59646120E-003
 1.97050000E+001, 3.02000000E-002, 3.73861378E-001, 1.15782147E-002, 4.32864731E-003, 6.04680491E-003
 1.97750000E+001, 3.30000000E-002, 3.70976143E-001, 1.11646061E-002, 4.14180250E-003, 5.85342519E-003
 1.98450000E+001, 3.58000000E-002, 3.68169524E-001, 1.11035048E-002, 4.08797209E-003, 5.84353738E-003
 1.99150000E+001, 3.86000000E-002, 3.65410654E-001, 1.12996474E-002, 4.12901154E-003, 5.96917000E-003
 1.99850000E+001, 4.14000000E-002, 3.62730074E-001, 1.19328203E-002, 4.32839280E-003, 6.32690012E-003
 2.00550000E+001, 4.42000000E-002, 3.60149534E-001, 1.31253214E-002, 4.72707838E-003, 6.98406346E-003
 2.01250000E+001, 4.70000000E-002, 3.57674208E-001, 1.48979001E-002, 5.32859461E-003, 7.95464685E-003
 2.01950000E+001, 4.98000000E-002, 3.55294725E-001, 1.71970307E-002, 6.11001427E-003, 9.21295064E-003
 2.02650000E+001, 5.26000000E-002, 3.52988131E-001, 1.99033856E-002, 7.02565886E-003, 1.06976051E-002
 2.03350000E+001, 5.54000000E-002, 3.50724789E-001, 2.28204078E-002, 8.00368271E-003, 1.23049493E-002
 2.04050000E+001, 5.82000000E-002, 3.48453350E-001, 2.56926468E-002, 8.95268887E-003, 1.38987641E-002
 2.04750000E+001, 6.10000000E-002, 3.46125221E-001, 2.82905732E-002, 9.79208091E-003, 1.53555290E-002
 2.05450000E+001, 6.38000000E-002, 3.43701114E-001, 3.03891492E-002, 1.04447844E-002, 1.65526576E-002
 2.06150000E+001, 6.66000000E-002, 3.41150097E-001, 3.18694262E-002, 1.08722578E-002, 1.74237308E-002
 2.06850000E+001, 6.94000000E-002, 3.38460138E-001, 3.26892414E-002, 1.10640052E-002, 1.79428215E-002
 2.07550000E+001, 7.22000000E-002, 3.35637605E-001, 3.29141913E-002, 1.10472403E-002, 1.81420994E-002
 2.08250000E+001, 7.50000000E-002, 3.32766944E-001, 3.25555263E-002, 1.08334030E-002, 1.80216392E-002
 2.08950000E+001, 7.78000000E-002, 3.29794486E-001, 3.19526854E-002, 1.05378195E-002, 1.77674592E-002
 2.09650000E+001, 8.06000000E-002, 3.26755483E-001, 3.06732539E-002, 1.00226539E-002, 1.71351561E-002
 2.10350000E+001, 8.34000000E-002, 3.23577497E-001, 2.88404362E-002, 9.33211614E-003, 1.61902043E-002
 2.11050000E+001, 8.62000000E-002, 3.20269235E-001, 2.61272974E-002, 8.36776954E-003, 1.47426833E-002
 2.11750000E+001, 8.90000000E-002, 3.16795506E-001, 2.25258961E-002, 7.13610263E-003, 1.27800404E-002
 2.12450000E+001, 9.18000000E-002, 3.13179217E-001, 1.80529624E-002, 5.65381263E-003, 1.03012913E-002
 2.13150000E+001, 9.46000000E-002, 3.09694157E-001, 1.42764840E-002, 4.42134366E-003, 8.19208433E-003
 2.13850000E+001, 9.74000000E-002, 3.06485324E-001, 1.20146822E-002, 3.68232378E-003, 6.93022135E-003
 2.14550000E+001, 1.00200000E-001, 3.03480896E-001, 1.08808815E-002, 3.30213967E-003, 6.30722118E-003
 2.15250000E+001, 1.03000000E-001, 3.00611830E-001, 1.04945826E-002, 3.15479567E-003, 6.11225964E-003
 2.15950000E+001, 1.05800000E-001, 2.97821437E-001, 1.04938311E-002, 3.12528785E-003, 6.14038709E-003
 2.16650000E+001, 1.08600000E-001, 2.95094778E-001, 1.08988147E-002, 3.21618329E-003, 6.40675569E-003
 2.17350000E+001, 1.11400000E-001, 2.92475057E-001, 1.19702193E-002, 3.50099057E-003, 7.06801313E-003
 2.18050000E+001, 1.14200000E-001, 2.89978675E-001, 1.38100408E-002, 4.00461732E-003, 8.18939066E-003
 2.18750000E+001, 1.17000000E-001, 2.87595158E-001, 1.63584877E-002, 4.70462187E-003, 9.74074168E-003
 2.19450000E+001, 1.19800000E-001, 2.85296069E-001, 1.94275181E-002, 5.54259455E-003, 1.16147292E-002
 2.20150000E+001, 1.22600000E-001, 2.83047298E-001, 2.27604876E-002, 6.44229453E-003, 1.36612901E-002
 2.20850000E+001, 1.25400000E-001, 2.80791936E-001, 2.60306764E-002, 7.30920401E-003, 1.56867435E-002
 2.21550000E+001, 1.28200000E-001, 2.78472094E-001, 2.89816555E-002, 8.07058230E-003, 1.75376746E-002
 2.22250000E+001, 1.31000000E-001, 2.76039472E-001, 3.13077393E-002, 8.64217182E-003, 1.90285534E-002
 2.22950000E+001, 1.33800000E-001, 2.73453404E-001, 3.27684558E-002, 8.96064578E-003, 2.00103169E-002
 2.23650000E+001, 1.36600000E-001, 2.70684779E-001, 3.33530707E-002, 9.02816859E-003, 2.04712124E-002
 2.24350000E+001, 1.39400000E-001, 2.67801226E-001, 3.31275581E-002, 8.87160068E-003, 2.04419726E-002
 2.25050000E+001, 1.42200000E-001, 2.64832183E-001, 3.22498285E-002, 8.54079248E-003, 2.00115942E-002
 2.25750000E+001, 1.45000000E-001, 2.61736566E-001, 3.07009926E-002, 8.03557239E-003, 1.91628401E-002
 2.26450000E+001, 1.47800000E-001, 2.58510915E-001, 2.82289346E-002, 7.29748771E-003, 1.77294271E-002
 2.27150000E+001, 1.50600000E-001, 2.55124336E-001, 2.47904230E-002, 6.32464020E-003, 1.56728383E-002
 2.27850000E+001, 1.53400000E-001, 2.51578451E-001, 2.02606281E-002, 5.09713745E-003, 1.28989941E-002
 2.28550000E+001, 1.56200000E-001, 2.47963410E-001, 1.52377248E-002, 3.77839820E-003, 9.77160685E-003
 2.29250000E+001, 1.59000000E-001, 2.44607718E-001, 1.17839103E-002, 2.88243541E-003, 7.60841175E-003
 2.29950000E+001, 1.61800000E-001, 2.41500853E-001, 9.86994082E-003, 2.38359913E-003, 6.41349666E-003
 2.30650000E+001, 1.64600000E-001, 2.38570716E-001, 9.04963661E-003, 2.15897829E-003, 5.91646408E-003
 2.31350000E+001, 1.67400000E-001, 2.35750355E-001, 8.85872235E-003, 2.08844694E-003, 5.82618904E-003
 2.32050000E+001, 1.70200000E-001, 2.32989418E-001, 9.05317616E-003, 2.10929425E-003, 5.98925123E-003
 2.32750000E+001, 1.73000000E-001, 2.30308805E-001, 9.84517614E-003, 2.26743075E-003, 6.55100420E-003
 2.33450000E+001, 1.75800000E-001, 2.27729827E-001, 1.13761449E-002, 2.59068750E-003, 7.61245633E-003
 2.34150000E+001, 1.78600000E-001, 2.25236449E-001, 1.35412640E-002, 3.04998623E-003, 9.11128282E-003
 2.34850000E+001, 1.81400000E-001, 2.22796169E-001, 1.58677015E-002, 3.53526312E-003, 1.07349450E-002
 2.35550000E+001, 1.84200000E-001, 2.20303806E-001, 1.79087668E-002, 3.94536949E-003, 1.21841249E-002
 2.36250000E+001, 1.87000000E-001, 2.17680379E-001, 1.92092727E-002, 4.18148176E-003, 1.31474321E-002
 2.36950000E+001, 1.89800000E-001, 2.14867682E-001, 1.95264292E-002, 4.19559859E-003, 1.34516928E-002
 2.37650000E+001, 1.92600000E-001, 2.11951610E-001, 1.87334060E-002, 3.97057556E-003, 1.29938559E-002
 2.38350000E+001, 1.95400000E-001, 2.08860453E-001, 1.69512195E-002, 3.54043939E-003, 1.18443845E-002
 2.39050000E+001, 1.98200000E-001, 2.05574608E-001, 1.36087999E-002, 2.79762369E-003, 9.58461673E-003
 2.39750000E+001, 2.01000000E-001, 2.02028909E-001, 8.50356522E-003, 1.71796601E-003, 6.04134929E-003
 2.40450000E+001, 2.03800000E-001, 1.98207375E-001, 1.29562217E-003, 2.56801870E-004, 9.29304681E-004
 2.41150000E+001, 2.06600000E-001, 1.94134198E-001,-7.85801275E-003,-1.52550900E-003,-5.69510014E-003
 2.41850000E+001, 2.09400000E-001, 1.90272646E-001,-1.56549758E-002,-2.97871368E-003,-1.14605083E-002
 2.42550000E+001, 2.12200000E-001, 1.86862315E-001,-2.03495057E-002,-3.80255575E-003,-1.50325501E-002
 2.43250000E+001, 2.15000000E-001, 1.83772261E-001,-2.28019895E-002,-4.19037317E-003,-1.69852686E-002
 2.43950000E+001, 2.17800000E-001, 1.80888717E-001,-2.37985984E-002,-4.30489793E-003,-1.78683850E-002
 2.44650000E+001, 2.20600000E-001, 1.78127143E-001,-2.39955924E-002,-4.27426632E-003,-1.81554110E-002
 2.45350000E+001, 2.23400000E-001, 1.75428460E-001,-2.36853394E-002,-4.15508262E-003,-1.80579832E-002
 2.46050000E+001, 2.26200000E-001, 1.72819724E-001,-2.26091394E-002,-3.90730523E-003,-1.73670893E-002
 2.46750000E+001, 2.29000000E-001, 1.70315608E-001,-2.06943481E-002,-3.52457048E-003,-1.60126859E-002
 2.47450000E+001, 2.31800000E-001, 1.67888451E-001,-1.81412900E-002,-3.04571309E-003,-1.41383072E-002
 2.48150000E+001, 2.34600000E-001, 1.65482422E-001,-1.55939795E-002,-2.58052949E-003,-1.22411067E-002
 2.48850000E+001, 2.37400000E-001, 1.63002179E-001,-1.34901281E-002,-2.19892028E-003,-1.06698675E-002
 2.49550000E+001, 2.40200000E-001, 1.60380341E-001,-1.23121452E-002,-1.97462605E-003,-9.81743019E-003
 2.50250000E+001, 2.43000000E-001, 1.57601517E-001,-1.22840793E-002,-1.93598953E-003,-9.88102671E-003
 2.50950000E+001, 2.45800000E-001, 1.54718731E-001,-1.31954849E-002,-2.04158868E-003,-1.07125674E-002
 2.51650000E+001, 2.48600000E-001, 1.51706815E-001,-1.52975685E-002,-2.32074539E-003,-1.25417899E-002
 2.52350000E+001, 2.51400000E-001, 1.48524810E-001,-1.87323958E-002,-2.78222551E-003,-1.55214926E-002
 2.53050000E+001, 2.54200000E-001, 1.45166088E-001,-2.37778376E-002,-3.45173567E-003,-1.99287210E-002
 2.53750000E+001, 2.57000000E-001, 1.41646880E-001,-3.03085782E-002,-4.29311552E-003,-2.57158993E-002
 2.54450000E+001, 2.59800000E-001, 1.38275276E-001,-3.57542165E-002,-4.94392416E-003,-3.07039788E-002
 2.55150000E+001, 2.62600000E-001, 1.35204692E-001,-3.87897524E-002,-5.24455652E-003,-3.36868796E-002
 2.55850000E+001, 2.65400000E-001, 1.32349744E-001,-4.00812033E-002,-5.30473698E-003,-3.51818650E-002
 2.56550000E+001, 2.68200000E-001, 1.29634029E-001,-4.03439167E-002,-5.22994445E-003,-3.57814724E-002
 2.57250000E+001, 2.71000000E-001, 1.26999958E-001,-3.98698022E-002,-5.06346319E-003,-3.57257991E-002
 2.57950000E+001, 2.73800000E-001, 1.24494155E-001,-3.81443831E-002,-4.74875274E-003,-3.45219861E-002
 2.58650000E+001, 2.76600000E-001, 1.22150322E-001,-3.48407352E-002,-4.25580701E-003,-3.18331534E-002
 2.59350000E+001, 2.79400000E-001, 1.19957453E-001,-3.00520802E-002,-3.60497101E-003,-2.77077065E-002
 2.60050000E+001, 2.82200000E-001, 1.17876916E-001,-2.41435750E-002,-2.84597016E-003,-2.24557132E-002
 2.60750000E+001, 2.85000000E-001, 1.15857095E-001,-1.75369171E-002,-2.03177627E-003,-1.64524883E-002
 2.61450000E+001, 2.87800000E-001, 1.13859154E-001,-1.08236793E-002,-1.23237497E-003,-1.02430807E-002
 2.62150000E+001, 2.90600000E-001, 1.11806055E-001,-4.47138493E-003,-4.99927909E-004,-4.27020825E-003
 2.62850000E+001, 2.93400000E-001, 1.09618603E-001, 8.19996811E-004, 8.98869050E-005, 7.90878356E-004
 2.63550000E+001, 2.96200000E-001, 1.07211781E-001, 4.21762505E-003, 4.52179093E-004, 4.11326197E-003
 2.64250000E+001, 2.99000000E-001, 1.04491523E-001, 5.38138478E-003, 5.62309091E-004, 5.31610041E-003
 2.64950000E+001, 3.01800000E-001, 1.01581903E-001, 4.04649955E-003, 4.11051123E-004, 4.05425428E-003
 2.65650000E+001, 3.04600000E-001, 9.84390712E-002, 3.31889806E-004, 3.26709242E-005, 3.37792356E-004
 2.66350000E+001, 3.07400000E-001, 9.50042059E-002,-6.51025667E-003,-6.18501765E-004,-6.74475771E-003
 2.67050000E+001, 3.10200000E-001, 9.12777616E-002,-1.67962521E-002,-1.53312429E-003,-1.77529100E-002
 2.67750000E+001, 3.13000000E-001, 8.76934899E-002,-2.59322254E-002,-2.27408734E-003,-2.79637731E-002
 2.68450000E+001, 3.15800000E-001, 8.46049831E-002,-3.02054040E-002,-2.55552769E-003,-3.31609020E-002
 2.69150000E+001, 3.18600000E-001, 8.18405299E-002,-3.13509933E-002,-2.56578190E-003,-3.49950604E-002
 2.69850000E+001, 3.21400000E-001, 7.92434690E-002,-3.07207318E-002,-2.43441736E-003,-3.48489322E-002
 2.70550000E+001, 3.24200000E-001, 7.68370419E-002,-2.76282189E-002,-2.12287061E-003,-3.18278446E-002
 2.71250000E+001, 3.27000000E-001, 7.46691161E-002,-2.15158378E-002,-1.60656859E-003,-2.51435975E-002
 2.71950000E+001, 3.29800000E-001, 7.26980037E-002,-1.28376118E-002,-9.33268751E-004,-1.52041679E-002
 2.72650000E+001, 3.32600000E-001, 7.08452640E-002,-2.51960592E-003,-1.78502147E-004,-3.02285188E-003
 2.73350000E+001, 3.35400000E-001, 6.90432825E-002, 8.55287856E-003, 5.90518810E-004, 1.03942043E-002
 2.74050000E+001, 3.38200000E-001, 6.72211996E-002, 1.95630130E-002, 1.31504920E-003, 2.40947416E-002
 2.74750000E+001, 3.41000000E-001, 6.52706579E-002, 2.94456432E-002, 1.92193651E-003, 3.68045667E-002
 2.75450000E+001, 3.43800000E-001, 6.30520368E-002, 3.64531545E-002, 2.29844564E-003, 4.63580559E-002
 2.76150000E+001, 3.46600000E-001, 6.03658496E-002, 3.93757166E-002, 2.37694859E-003, 5.11767227E-002
 2.76850000E+001, 3.49400000E-001, 5.73458114E-002, 3.68172461E-002, 2.11131485E-003, 4.90953215E-002
 2.77550000E+001, 3.52200000E-001, 5.39380705E-002, 2.87358116E-002, 1.54995424E-003, 3.95107636E-002
 2.78250000E+001, 3.55000000E-001, 5.01297063E-002, 1.41449507E-002, 7.09082222E-004, 2.01740696E-002
 2.78950000E+001, 3.57800000E-001, 4.66187909E-002, 2.68645200E-003, 1.25239144E-004, 3.97318000E-003
 2.79650000E+001, 3.60600000E-001, 4.37557727E-002,-5.54994262E-004,-2.42842028E-005,-8.47247845E-004
 2.80350000E+001, 3.63400000E-001, 4.12134818E-002, 8.70086345E-004, 3.58592877E-005, 1.36861835E-003
 2.81050000E+001, 3.66200000E-001, 3.89758174E-002, 7.87878105E-003, 3.07081931E-004, 1.27438624E-002
 2.81750000E+001, 3.69000000E-001, 3.70609909E-002, 2.07387271E-002, 7.68597775E-004, 3.44003801E-002
 2.82450000E+001, 3.71800000E-001, 3.53490654E-002, 3.75223363E-002, 1.32637952E-003, 6.37295075E-002
 2.83150000E+001, 3.74600000E-001, 3.37080684E-002, 5.62159318E-002, 1.89493047E-003, 9.77759714E-002
 2.83850000E+001, 3.77400000E-001, 3.20645544E-002, 7.53175608E-002, 2.41502402E-003, 1.34314624E-001
 2.84550000E+001, 3.80200000E-001, 3.02612007E-002, 9.29983052E-002, 2.81424038E-003, 1.70714974E-001
 2.85250000E+001, 3.83000000E-001, 2.80561294E-002, 1.05445806E-001, 2.95840119E-003, 2.01027324E-001
 2.85950000E+001, 3.85800000E-001, 2.51854333E-002, 1.08387435E-001, 2.72978452E-003, 2.18094084E-001
 2.86650000E+001, 3.88600000E-001, 2.19088805E-002, 1.00066411E-001, 2.19234304E-003, 2.15882724E-001
 2.87350000E+001, 3.91400000E-001, 1.84930710E-002, 8.52213590E-002, 1.57600464E-003, 2.00116821E-001
 2.88050000E+001, 3.94200000E-001, 1.57565678E-002, 7.99756082E-002, 1.26014109E-003, 2.03454078E-001
 2.88750000E+001, 3.97000000E-001, 1.35919715E-002, 8.48503412E-002, 1.15328342E-003, 2.32408508E-001
 2.89450000E+001, 3.99800000E-001, 1.19753120E-002, 1.01165062E-001, 1.21148319E-003, 2.95207097E-001
 2.90150000E+001, 4.02600000E-001, 1.07282095E-002, 1.25717068E-001, 1.34871905E-003, 3.87587961E-001
 2.90850000E+001, 4.05400000E-001, 9.64892371E-003, 1.53727429E-001, 1.48330423E-003, 4.99748599E-001
 2.91550000E+001, 4.08200000E-001, 8.64204787E-003, 1.82745133E-001, 1.57929219E-003, 6.27736158E-001
 2.92250000E+001, 4.11000000E-001, 7.72213497E-003, 2.13491297E-001, 1.64860861E-003, 7.75802438E-001
 2.92950000E+001, 4.13800000E-001, 6.80741157E-003, 2.42880768E-001, 1.65338935E-003, 9.40030147E-001
 2.93650000E+001, 4.16600000E-001, 5.77743117E-003, 2.64942699E-001, 1.53068821E-003, 1.11307448E+000
 2.94350000E+001, 4.19400000E-001, 5.17857430E-003, 2.99276176E-001, 1.54982391E-003, 1.32802637E+000
 2.95050000E+001, 4.22200000E-001, 6.07970879E-003, 4.06409151E-001, 2.47084928E-003, 1.66441549E+000
 2.95750000E+001, 4.25000000E-001, 2.79094143E-003, 4.75325331E-001, 1.32660516E-003, 2.87312986E+000
 2.96450000E+001, 4.27800000E-001, 0.00000000E+000, 0.00000000E+000, 0.00000000E+000, 0.00000000E+000
 2.97150000E+001, 4.30600000E-001, 0.00000000E+000, 0.00000000E+000, 0.00000000E+000, 0.00000000E+000
 2.97850000E+001, 4.33400000E-001, 0.00000000E+000, 0.00000000E+000, 0.00000000E+000, 0.00000000E+000
 2.98550000E+001, 4.36200000E-001, 0.00000000E+000, 0.00000000E+000, 0.00000000E+000, 0.00000000E+000
 2.99250000E+001, 4.39000000E-001, 0.00000000E+000, 0.00000000E+000, 0.00000000E+000, 0.00000000E+000
 2.99950000E+001, 4.41800000E-001, 0.00000000E+000, 0.00000000E+000, 0.00000000E+000, 0.00000000E+000
 3.00650000E+001, 4.44600000E-001, 0.00000000E+000, 0.00000000E+000, 0.00000000E+000, 0.00000000E+000
 3.01350000E+001, 4.47400000E-001, 0.00000000E+000, 0.00000000E+000, 0.00000000E+000, 0.00000000E+000
 3.02050000E+001, 4.50200000E-001, 0.00000000E+000, 0.00000000E+000, 0.00000000E+000, 0.00000000E+000
 3.02750000E+001, 4.53000000E-001, 0.00000000E+000, 0.00000000E+000, 0.00000000E+000, 0.00000000E+000
 3.03450000E+001, 4.55800000E-001, 0.00000000E+000, 0.00000000E+000, 0.00000000E+000, 0.00000000E+000
 3.04150000E+001, 4.58600000E-001, 0.00000000E+000, 0.00000000E+000, 0.00000000E+000, 0.00000000E+000
 3.04850000E+001, 4.61400000E-001, 0.00000000E+000, 0.00000000E+000, 0.00000000E+000, 0.00000000E+000
 3.05550000E+001, 4.64200000E-001, 0.00000000E+000, 0.00000000E+000, 0.00000000E+000, 0.00000000E+000
 3.06250000E+001, 4.67000000E-001, 0.00000000E+000, 0.00000000E+000, 0.00000000E+000, 0.00000000E+000
 3.06950000E+001, 4.69800000E-001, 0.00000000E+000, 0.00000000E+000, 0.00000000E+000, 0.00000000E+000
 3.07650000E+001, 4.72600000E-001, 0.00000000E+000, 0.00000000E+000, 0.00000000E+000, 0.00000000E+000
 3.08350000E+001, 4.75400000E-001, 0.00000000E+000, 0.00000000E+000, 0.00000000E+000, 0.00000000E+000
 3.09050000E+001, 4.78200000E-001, 0.00000000E+000, 0.00000000E+000, 0.00000000E+000, 0.00000000E+000
 3.09750000E+001, 4.81000000E-001, 0.00000000E+000, 0.00000000E+000, 0.00000000E+000, 0.00000000E+000
 3.10450000E+001, 4.83800000E-001, 0.00000000E+000, 0.00000000E+000, 0.00000000E+000, 0.00000000E+000
 3.11150000E+001, 4.86600000E-001, 0.00000000E+000, 0.00000000E+000, 0.00000000E+000, 0.00000000E+000
 3.11850000E+001, 4.89400000E-001, 0.00000000E+000, 0.00000000E+000, 0.00000000E+000, 0.00000000E+000
 3.12550000E+001, 4.92200000E-001, 0.00000000E+000, 0.00000000E+000, 0.00000000E+000, 0.00000000E+000
 3.13250000E+001, 4.95000000E-001, 0.00000000E+000, 0.00000000E+000, 0.00000000E+000, 0.00000000E+000
 3.13950000E+001, 4.97800000E-001, 0.00000000E+000, 0.00000000E+000, 0.00000000E+000, 0.00000000E+000
 3.14650000E+001, 5.00600000E-001, 0.00000000E+000, 0.00000000E+000, 0.00000000E+000, 0.00000000E+000
 3.15350000E+001, 5.03400000E-001, 0.00000000E+000, 0.00000000E+000, 0.00000000E+000, 0.00000000E+000
 3.16050000E+001, 5.06200000E-001, 0.00000000E+000, 0.00000000E+000, 0.00000000E+000, 0.00000000E+000
 3.16750000E+001, 5.09000000E-001, 0.00000000E+000, 0.00000000E+000, 0.00000000E+000, 0.00000000E+000
 3.17450000E+001, 5.11800000E-001, 0.00000000E+000, 0.00000000E+000, 0.00000000E+000, 0.00000000E+000
 3.18150000E+001, 5.14600000E-001, 0.00000000E+000, 0.00000000E+000, 0.00000000E+000, 0.00000000E+000
 3.18850000E+001, 5.17400000E-001, 0.00000000E+000, 0.00000000E+000, 0.00000000E+000, 0.00000000E+000
 3.19550000E+001, 5.20200000E-001, 0.00000000E+000, 0.00000000E+000, 0.00000000E+000, 0.00000000E+000
 3.20250000E+001, 5.23000000E-001, 0.00000000E+000, 0.00000000E+000, 0.00000000E+000, 0.00000000E+000
 3.20950000E+001, 5.25800000E-001, 0.00000000E+000, 0.00000000E+000, 0.00000000E+000, 0.00000000E+000
 3.21650000E+001, 5.28600000E-001, 0.00000000E+000, 0.00000000E+000, 0.00000000E+000, 0.00000000E+000
 3.22350000E+001, 5.31400000E-001, 0.00000000E+000, 0.00000000E+000, 0.00000000E+000, 0.00000000E+000
 3.23050000E+001, 5.34200000E-001, 0.00000000E+000, 0.00000000E+000, 0.00000000E+000, 0.00000000E+000
 3.23750000E+001, 5.37000000E-001, 0.00000000E+000, 0.00000000E+000, 0.00000000E+000, 0.00000000E+000
 3.24450000E+001, 5.39800000E-001, 0.00000000E+000, 0.00000000E+000, 0.00000000E+000, 0.00000000E+000
 3.25150000E+001, 5.42600000E-001, 0.00000000E+000, 0.00000000E+000, 0.00000000E+000, 0.00000000E+000
 3.25850000E+001, 5.45400000E-001, 0.00000000E+000, 0.00000000E+000, 0.00000000E+000, 0.00000000E+000
 3.26550000E+001, 5.48200000E-001, 0.00000000E+000, 0.00000000E+000, 0.00000000E+000, 0.00000000E+000
 3.27250000E+001, 5.51000000E-001, 0.00000000E+000, 0.00000000E+000, 0.00000000E+000, 0.00000000E+000
 3.27950000E+001, 5.53800000E-001, 0.00000000E+000, 0.00000000E+000, 0.00000000E+000, 0.00000000E+000
 3.28650000E+001, 5.56600000E-001, 0.00000000E+000, 0.00000000E+000, 0.00000000E+000, 0.00000000E+000
 3.29350000E+001, 5.59400000E-001, 0.00000000E+000, 0.00000000E+000, 0.00000000E+000, 0.00000000E+000
 3.30050000E+001, 5.62200000E-001, 0.00000000E+000, 0.00000000E+000, 0.00000000E+000, 0.00000000E+000
 3.30750000E+001, 5.65000000E-001, 0.00000000E+000, 0.00000000E+000, 0.00000000E+000, 0.00000000E+000
 3.31450000E+001, 5.67800000E-001, 0.00000000E+000, 0.00000000E+000, 0.00000000E+000, 0.00000000E+000
 3.32150000E+001, 5.70600000E-001, 0.00000000E+000, 0.00000000E+000, 0.00000000E+000, 0.00000000E+000
 3.32850000E+001, 5.73400000E-001, 0.00000000E+000, 0.00000000E+000, 0.00000000E+000, 0.00000000E+000
 3.33550000E+001, 5.76200000E-001, 0.00000000E+000, 0.00000000E+000, 0.00000000E+000, 0.00000000E+000
 3.34250000E+001, 5.79000000E-001, 0.00000000E+000, 0.00000000E+000, 0.00000000E+000, 0.00000000E+000
 3.34950000E+001, 5.81800000E-001, 0.00000000E+000, 0.00000000E+000, 0.00000000E+000, 0.00000000E+000
 3.35650000E+001, 5.84600000E-001, 0.00000000E+000, 0.00000000E+000, 0.00000000E+000, 0.00000000E+000
 3.36350000E+001, 5.87400000E-001, 0.00000000E+000, 0.00000000E+000, 0.00000000E+000, 0.00000000E+000
 3.37050000E+001, 5.90200000E-001, 0.00000000E+000, 0.00000000E+000, 0.00000000E+000, 0.00000000E+000
 3.37750000E+001, 5.93000000E-001, 0.00000000E+000, 0.00000000E+000, 0.00000000E+000, 0.00000000E+000
 3.38450000E+001, 5.95800000E-001, 0.00000000E+000, 0.00000000E+000, 0.00000000E+000, 0.00000000E+000
 3.39150000E+001, 5.98600000E-001, 0.00000000E+000, 0.00000000E+000, 0.00000000E+000, 0.00000000E+000
 3.39850000E+001, 6.01400000E-001, 0.00000000E+000, 0.00000000E+000, 0.00000000E+000, 0.00000000E+000
 3.40550000E+001, 6.04200000E-001, 0.00000000E+000, 0.00000000E+000, 0.00000000E+000, 0.00000000E+000
 3.41250000E+001, 6.07000000E-001, 0.00000000E+000, 0.00000000E+000, 0.00000000E+000, 0.00000000E+000
 3.41950000E+001, 6.09800000E-001, 0.00000000E+000, 0.00000000E+000, 0.00000000E+000, 0.00000000E+000
 3.42650000E+001, 6.12600000E-001, 0.00000000E+000, 0.00000000E+000, 0.00000000E+000, 0.00000000E+000
 3.43350000E+001, 6.15400000E-001, 0.00000000E+000, 0.00000000E+000, 0.00000000E+000, 0.00000000E+000
 3.44050000E+001, 6.18200000E-001, 0.00000000E+000, 0.00000000E+000, 0.00000000E+000, 0.00000000E+000
 3.44750000E+001, 6.21000000E-001, 0.00000000E+000, 0.00000000E+000, 0.00000000E+000, 0.00000000E+000
 3.45450000E+001, 6.23800000E-001, 0.00000000E+000, 0.00000000E+000, 0.00000000E+000, 0.00000000E+000
 3.46150000E+001, 6.26600000E-001, 0.00000000E+000, 0.00000000E+000, 0.00000000E+000, 0.00000000E+000
 3.46850000E+001, 6.29400000E-001, 0.00000000E+000, 0.00000000E+000, 0.00000000E+000, 0.00000000E+000
 3.47550000E+001, 6.32200000E-001, 0.00000000E+000, 0.00000000E+000, 0.00000000E+000, 0.00000000E+000
 3.48250000E+001, 6.35000000E-001, 0.00000000E+000, 0.00000000E+000, 0.00000000E+000, 0.00000000E+000
 3.48950000E+001, 6.37800000E-001, 0.00000000E+000, 0.00000000E+000, 0.00000000E+000, 0.00000000E+000
 3.49650000E+001, 6.40600000E-001, 0.00000000E+000, 0.00000000E+000, 0.00000000E+000, 0.00000000E+000
