   100.00867634699847      ,         100
 X,ZB,H,U,0,0,0,0,0
   5.0000000000000003E-002 ,   0.0000000000000000      ,   1.0000000000000000      ,  0.10000000000000001     
  0.14999999999999999      ,   0.0000000000000000      ,   1.0000000000000000      ,  0.10000000000000001     
  0.25000000000000000      ,   0.0000000000000000      ,   1.0000000000000000      ,  0.10000000000000001     
  0.34999999999999998      ,   0.0000000000000000      ,   1.0000000000000000      ,  0.10000000000000001     
  0.45000000000000001      ,   0.0000000000000000      ,   1.0000000000000000      ,  0.10000000000000001     
  0.55000000000000004      ,   0.0000000000000000      ,   1.0000000000000000      ,  0.10000000000000001     
  0.65000000000000002      ,   0.0000000000000000      ,   1.0000000000000000      ,  0.10000000000000001     
  0.75000000000000000      ,   0.0000000000000000      ,   1.0000000000000000      ,  0.10000000000000001     
  0.84999999999999998      ,   0.0000000000000000      ,   1.0000000000000000      ,  0.10000000000000001     
  0.94999999999999996      ,   0.0000000000000000      ,   1.0000000000000000      ,  0.10000000000000001     
   1.0500000000000000      ,   0.0000000000000000      ,   1.0000000000000000      ,  0.10000000000000001     
   1.1499999999999999      ,   0.0000000000000000      ,   1.0000000000000000      ,  0.10000000000000001     
   1.2500000000000000      ,   0.0000000000000000      ,   1.0000000000000000      ,  0.10000000000000001     
   1.3500000000000001      ,   0.0000000000000000      ,   1.0000000000000000      ,  0.10000000000000001     
   1.4500000000000000      ,   0.0000000000000000      ,   1.0000000000000000      ,  0.10000000000000001     
   1.5500000000000000      ,   0.0000000000000000      ,   1.0000000000000000      ,  0.10000000000000001     
   1.6499999999999999      ,   0.0000000000000000      ,   1.0000000000000000      ,  0.10000000000000001     
   1.7500000000000000      ,   0.0000000000000000      ,   1.0000000000000000      ,  0.10000000000000001     
   1.8500000000000001      ,   0.0000000000000000      ,   1.0000000000000000      ,  0.10000000000000001     
   1.9500000000000000      ,   0.0000000000000000      ,   1.0000000000000000      ,  0.10000000000000001     
   2.0499999999999998      ,   0.0000000000000000      ,   1.0000000000000000      ,  0.10000000000000001     
   2.1499999999999999      ,   0.0000000000000000      ,   1.0000000000000000      ,  0.10000000000000001     
   2.2500000000000000      ,   0.0000000000000000      ,   1.0000000000000000      ,  0.10000000000000001     
   2.3500000000000001      ,   0.0000000000000000      ,   1.0000000000000000      ,  0.10000000000000001     
   2.4500000000000002      ,   0.0000000000000000      ,   1.0000000000000000      ,  0.10000000000000001     
   2.5499999999999998      ,   0.0000000000000000      ,   1.0000000000000000      ,  0.10000000000000001     
   2.6499999999999999      ,   0.0000000000000000      ,   1.0000000000000000      ,  0.10000000000000001     
   2.7500000000000000      ,   0.0000000000000000      ,   1.0000000000000000      ,  0.10000000000000001     
   2.8500000000000001      ,   0.0000000000000000      ,   1.0000000000000000      ,  0.10000000000000001     
   2.9500000000000002      ,   0.0000000000000000      ,   1.0000000000000000      ,  0.10000000000000001     
   3.0499999999999998      ,   0.0000000000000000      ,   1.0000000000000000      ,  0.10000000000000001     
   3.1499999999999999      ,   0.0000000000000000      ,   1.0000000000000000      ,  0.10000000000000001     
   3.2500000000000000      ,   0.0000000000000000      ,   1.0000000000000000      ,  0.10000000000000001     
   3.3500000000000001      ,   0.0000000000000000      ,   1.0000000000000000      ,  0.10000000000000001     
   3.4500000000000002      ,   0.0000000000000000      ,   1.0000000000000000      ,  0.10000000000000001     
   3.5499999999999998      ,   0.0000000000000000      ,   1.0000000000000000      ,  0.10000000000000001     
   3.6499999999999999      ,   0.0000000000000000      ,   1.0000000000000000      ,  0.10000000000000001     
   3.7500000000000000      ,   0.0000000000000000      ,   1.0000000000000000      ,  0.10000000000000001     
   3.8500000000000001      ,   0.0000000000000000      ,   1.0000000000000000      ,  0.10000000000000001     
   3.9500000000000002      ,   0.0000000000000000      ,   1.0000000000000000      ,  0.10000000000000001     
   4.0499999999999998      ,   0.0000000000000000      ,   1.0000000000000000      ,  0.10000000000000001     
   4.1500000000000004      ,   0.0000000000000000      ,   1.0000000000000000      ,  0.10000000000000001     
   4.2500000000000000      ,   0.0000000000000000      ,   1.0000000000000000      ,  0.10000000000000001     
   4.3499999999999996      ,   0.0000000000000000      ,   1.0000000000000000      ,  0.10000000000000001     
   4.4500000000000002      ,   0.0000000000000000      ,   1.0000000000000000      ,  0.10000000000000001     
   4.5499999999999998      ,   0.0000000000000000      ,   1.0000000000000000      ,  0.10000000000000001     
   4.6500000000000004      ,   0.0000000000000000      ,   1.0000000000000000      ,  0.10000000000000001     
   4.7500000000000000      ,   0.0000000000000000      ,   1.0000000000000000      ,  0.10000000000000001     
   4.8499999999999996      ,   0.0000000000000000      ,   1.0000000000000000      ,  0.10000000000000001     
   4.9500000000000002      ,   0.0000000000000000      ,   1.0000000000000000      ,  0.10000000000000001     
   5.0499999999999998      ,   0.0000000000000000      ,   1.0000000000000000      ,  0.10000000000000001     
   5.1500000000000004      ,   0.0000000000000000      ,   1.0000000000000000      ,  0.10000000000000001     
   5.2500000000000000      ,   0.0000000000000000      ,   1.0000000000000000      ,  0.10000000000000001     
   5.3499999999999996      ,   0.0000000000000000      ,   1.0000000000000000      ,  0.10000000000000001     
   5.4500000000000002      ,   0.0000000000000000      ,   1.0000000000000000      ,  0.10000000000000001     
   5.5499999999999998      ,   0.0000000000000000      ,   1.0000000000000000      ,  0.10000000000000001     
   5.6500000000000004      ,   0.0000000000000000      ,   1.0000000000000000      ,  0.10000000000000001     
   5.7500000000000000      ,   0.0000000000000000      ,   1.0000000000000000      ,  0.10000000000000001     
   5.8499999999999996      ,   0.0000000000000000      ,   1.0000000000000000      ,  0.10000000000000001     
   5.9500000000000002      ,   0.0000000000000000      ,   1.0000000000000000      ,  0.10000000000000001     
   6.0499999999999998      ,   0.0000000000000000      ,   1.0000000000000000      ,  0.10000000000000001     
   6.1500000000000004      ,   0.0000000000000000      ,   1.0000000000000000      ,  0.10000000000000001     
   6.2500000000000000      ,   0.0000000000000000      ,   1.0000000000000000      ,  0.10000000000000001     
   6.3499999999999996      ,   0.0000000000000000      ,   1.0000000000000000      ,  0.10000000000000001     
   6.4500000000000002      ,   0.0000000000000000      ,   1.0000000000000000      ,  0.10000000000000001     
   6.5499999999999998      ,   0.0000000000000000      ,   1.0000000000000000      ,  0.10000000000000001     
   6.6500000000000004      ,   0.0000000000000000      ,   1.0000000000000000      ,  0.10000000000000001     
   6.7500000000000000      ,   0.0000000000000000      ,   1.0000000000000000      ,  0.10000000000000001     
   6.8499999999999996      ,   0.0000000000000000      ,   1.0000000000000000      ,  0.10000000000000001     
   6.9500000000000002      ,   0.0000000000000000      ,   1.0000000000000000      ,  0.10000000000000001     
   7.0499999999999998      ,   0.0000000000000000      ,   1.0000000000000000      ,  0.10000000000000001     
   7.1500000000000004      ,   0.0000000000000000      ,   1.0000000000000000      ,  0.10000000000000001     
   7.2500000000000000      ,   0.0000000000000000      ,   1.0000000000000000      ,  0.10000000000000001     
   7.3499999999999996      ,   0.0000000000000000      ,   1.0000000000000000      ,  0.10000000000000001     
   7.4500000000000002      ,   0.0000000000000000      ,   1.0000000000000000      ,  0.10000000000000001     
   7.5499999999999998      ,   0.0000000000000000      ,   1.0000000000000000      ,  0.10000000000000001     
   7.6500000000000004      ,   0.0000000000000000      ,   1.0000000000000000      ,  0.10000000000000001     
   7.7500000000000000      ,   0.0000000000000000      ,   1.0000000000000000      ,  0.10000000000000001     
   7.8499999999999996      ,   0.0000000000000000      ,   1.0000000000000000      ,  0.10000000000000001     
   7.9500000000000002      ,   0.0000000000000000      ,   1.0000000000000000      ,  0.10000000000000001     
   8.0500000000000007      ,   0.0000000000000000      ,   1.0000000000000000      ,  0.10000000000000001     
   8.1500000000000004      ,   0.0000000000000000      ,   1.0000000000000000      ,  0.10000000000000001     
   8.2500000000000000      ,   0.0000000000000000      ,   1.0000000000000000      ,  0.10000000000000001     
   8.3499999999999996      ,   0.0000000000000000      ,   1.0000000000000000      ,  0.10000000000000001     
   8.4499999999999993      ,   0.0000000000000000      ,   1.0000000000000000      ,  0.10000000000000001     
   8.5500000000000007      ,   0.0000000000000000      ,   1.0000000000000000      ,  0.10000000000000001     
   8.6500000000000004      ,   0.0000000000000000      ,   1.0000000000000000      ,  0.10000000000000001     
   8.7500000000000000      ,   0.0000000000000000      ,   1.0000000000000000      ,  0.10000000000000001     
   8.8499999999999996      ,   0.0000000000000000      ,   1.0000000000000000      ,  0.10000000000000001     
   8.9499999999999993      ,   0.0000000000000000      ,   1.0000000000000000      ,  0.10000000000000001     
   9.0500000000000007      ,   0.0000000000000000      ,   1.0000000000000000      ,  0.10000000000000001     
   9.1500000000000004      ,   0.0000000000000000      ,   1.0000000000000000      ,  0.10000000000000001     
   9.2500000000000000      ,   0.0000000000000000      ,   1.0000000000000000      ,  0.10000000000000001     
   9.3499999999999996      ,   0.0000000000000000      ,   1.0000000000000000      ,  0.10000000000000001     
   9.4499999999999993      ,   0.0000000000000000      ,   1.0000000000000000      ,  0.10000000000000001     
   9.5500000000000007      ,   0.0000000000000000      ,   1.0000000000000000      ,  0.10000000000000001     
   9.6500000000000004      ,   0.0000000000000000      ,   1.0000000000000000      ,  0.10000000000000001     
   9.7500000000000000      ,   0.0000000000000000      ,   1.0000000000000000      ,  0.10000000000000001     
   9.8499999999999996      ,   0.0000000000000000      ,   1.0000000000000000      ,  0.10000000000000001     
   9.9499999999999993      ,   0.0000000000000000      ,   1.0000000000000000      ,  0.10000000000000001     
