   5000.3949536889777      ,         150
X,ZB,H,U,L,Q,QL
 3.33333333E+000, 7.04631395E+000, 8.71505208E-001, 2.25090432E+000, 1.00000000E+001, 1.96167484E+000, 1.96167484E+001
 1.00000000E+001, 6.97058555E+000, 8.04988381E-001, 2.49814514E+000, 1.00000000E+001, 2.01097781E+000, 2.01097781E+001
 1.66666667E+001, 6.89511718E+000, 7.80266057E-001, 2.59191047E+000, 1.00000000E+001, 2.02237976E+000, 2.02237976E+001
 2.33333333E+001, 6.81993143E+000, 7.72568268E-001, 2.62128055E+000, 1.00000000E+001, 2.02511818E+000, 2.02511818E+001
 3.00000000E+001, 6.74505221E+000, 7.70906740E-001, 2.62772971E+000, 1.00000000E+001, 2.02573454E+000, 2.02573454E+001
 3.66666667E+001, 6.67050470E+000, 7.71160512E-001, 2.62692910E+000, 1.00000000E+001, 2.02578399E+000, 2.02578399E+001
 4.33333333E+001, 6.59631532E+000, 7.72029238E-001, 2.62382518E+000, 1.00000000E+001, 2.02566976E+000, 2.02566976E+001
 5.00000000E+001, 6.52251170E+000, 7.73139947E-001, 2.61983848E+000, 1.00000000E+001, 2.02550179E+000, 2.02550179E+001
 5.66666667E+001, 6.44912262E+000, 7.74392881E-001, 2.61535259E+000, 1.00000000E+001, 2.02531043E+000, 2.02531043E+001
 6.33333333E+001, 6.37617790E+000, 7.75765533E-001, 2.61045893E+000, 1.00000000E+001, 2.02510406E+000, 2.02510406E+001
 7.00000000E+001, 6.30370837E+000, 7.77256947E-001, 2.60516818E+000, 1.00000000E+001, 2.02488506E+000, 2.02488506E+001
 7.66666667E+001, 6.23174570E+000, 7.78872206E-001, 2.59946912E+000, 1.00000000E+001, 2.02465425E+000, 2.02465425E+001
 8.33333333E+001, 6.16032227E+000, 7.80618165E-001, 2.59334484E+000, 1.00000000E+001, 2.02441209E+000, 2.02441209E+001
 9.00000000E+001, 6.08947106E+000, 7.82502262E-001, 2.58677731E+000, 1.00000000E+001, 2.02415909E+000, 2.02415909E+001
 9.66666667E+001, 6.01922542E+000, 7.84532180E-001, 2.57974870E+000, 1.00000000E+001, 2.02389587E+000, 2.02389587E+001
 1.03333333E+002, 5.94961895E+000, 7.86715732E-001, 2.57224191E+000, 1.00000000E+001, 2.02362318E+000, 2.02362318E+001
 1.10000000E+002, 5.88068524E+000, 7.89060801E-001, 2.56424084E+000, 1.00000000E+001, 2.02334193E+000, 2.02334193E+001
 1.16666667E+002, 5.81245767E+000, 7.91575292E-001, 2.55573062E+000, 1.00000000E+001, 2.02305321E+000, 2.02305321E+001
 1.23333333E+002, 5.74496921E+000, 7.94267082E-001, 2.54669782E+000, 1.00000000E+001, 2.02275825E+000, 2.02275825E+001
 1.30000000E+002, 5.67825215E+000, 7.97143966E-001, 2.53713070E+000, 1.00000000E+001, 2.02245842E+000, 2.02245842E+001
 1.36666667E+002, 5.61233784E+000, 8.00213602E-001, 2.52701936E+000, 1.00000000E+001, 2.02215527E+000, 2.02215527E+001
 1.43333333E+002, 5.54725651E+000, 8.03483447E-001, 2.51635604E+000, 1.00000000E+001, 2.02185042E+000, 2.02185042E+001
 1.50000000E+002, 5.48303696E+000, 8.06960687E-001, 2.50513524E+000, 1.00000000E+001, 2.02154566E+000, 2.02154566E+001
 1.56666667E+002, 5.41970639E+000, 8.10652166E-001, 2.49335399E+000, 1.00000000E+001, 2.02124281E+000, 2.02124281E+001
 1.63333333E+002, 5.35729010E+000, 8.14564300E-001, 2.48101198E+000, 1.00000000E+001, 2.02094378E+000, 2.02094378E+001
 1.70000000E+002, 5.29581134E+000, 8.18702993E-001, 2.46811179E+000, 1.00000000E+001, 2.02065051E+000, 2.02065051E+001
 1.76666667E+002, 5.23529113E+000, 8.23073542E-001, 2.45465903E+000, 1.00000000E+001, 2.02036490E+000, 2.02036490E+001
 1.83333333E+002, 5.17574803E+000, 8.27680527E-001, 2.44066253E+000, 1.00000000E+001, 2.02008885E+000, 2.02008885E+001
 1.90000000E+002, 5.11719807E+000, 8.32527701E-001, 2.42613445E+000, 1.00000000E+001, 2.01982414E+000, 2.01982414E+001
 1.96666667E+002, 5.05965460E+000, 8.37617869E-001, 2.41109044E+000, 1.00000000E+001, 2.01957244E+000, 2.01957244E+001
 2.03333333E+002, 5.00312827E+000, 8.42952756E-001, 2.39554973E+000, 1.00000000E+001, 2.01933525E+000, 2.01933525E+001
 2.10000000E+002, 4.94762692E+000, 8.48532884E-001, 2.37953521E+000, 1.00000000E+001, 2.01911387E+000, 2.01911387E+001
 2.16666667E+002, 4.89315564E+000, 8.54357443E-001, 2.36307345E+000, 1.00000000E+001, 2.01890939E+000, 2.01890939E+001
 2.23333333E+002, 4.83971679E+000, 8.60424178E-001, 2.34619464E+000, 1.00000000E+001, 2.01872259E+000, 2.01872259E+001
 2.30000000E+002, 4.78731006E+000, 8.66729297E-001, 2.32893249E+000, 1.00000000E+001, 2.01855402E+000, 2.01855402E+001
 2.36666667E+002, 4.73593258E+000, 8.73267397E-001, 2.31132401E+000, 1.00000000E+001, 2.01840391E+000, 2.01840391E+001
 2.43333333E+002, 4.68557907E+000, 8.80031422E-001, 2.29340923E+000, 1.00000000E+001, 2.01827219E+000, 2.01827219E+001
 2.50000000E+002, 4.63624199E+000, 8.87012651E-001, 2.27523083E+000, 1.00000000E+001, 2.01815853E+000, 2.01815853E+001
 2.56666667E+002, 4.58791173E+000, 8.94200710E-001, 2.25683369E+000, 1.00000000E+001, 2.01806229E+000, 2.01806229E+001
 2.63333333E+002, 4.54057684E+000, 9.01583615E-001, 2.23826449E+000, 1.00000000E+001, 2.01798259E+000, 2.01798259E+001
 2.70000000E+002, 4.49422425E+000, 9.09147832E-001, 2.21957115E+000, 1.00000000E+001, 2.01791829E+000, 2.01791829E+001
 2.76666667E+002, 4.44883948E+000, 9.16878352E-001, 2.20080239E+000, 1.00000000E+001, 2.01786807E+000, 2.01786807E+001
 2.83333333E+002, 4.40440691E+000, 9.24758773E-001, 2.18200728E+000, 1.00000000E+001, 2.01783038E+000, 2.01783038E+001
 2.90000000E+002, 4.36091003E+000, 9.32771388E-001, 2.16323481E+000, 1.00000000E+001, 2.01780354E+000, 2.01780354E+001
 2.96666667E+002, 4.31833163E+000, 9.40897269E-001, 2.14453352E+000, 1.00000000E+001, 2.01778573E+000, 2.01778573E+001
 3.03333333E+002, 4.27665408E+000, 9.49116354E-001, 2.12595120E+000, 1.00000000E+001, 2.01777505E+000, 2.01777505E+001
 3.10000000E+002, 4.23585949E+000, 9.57407527E-001, 2.10753463E+000, 1.00000000E+001, 2.01776951E+000, 2.01776951E+001
 3.16666667E+002, 4.19592996E+000, 9.65748696E-001, 2.08932934E+000, 1.00000000E+001, 2.01776709E+000, 2.01776709E+001
 3.23333333E+002, 4.15684769E+000, 9.74116873E-001, 2.07137953E+000, 1.00000000E+001, 2.01776575E+000, 2.01776575E+001
 3.30000000E+002, 4.11859517E+000, 9.82488251E-001, 2.05372783E+000, 1.00000000E+001, 2.01776346E+000, 2.01776346E+001
 3.36666667E+002, 4.08115531E+000, 9.90838284E-001, 2.03641531E+000, 1.00000000E+001, 2.01775825E+000, 2.01775825E+001
 3.43333333E+002, 4.04451149E+000, 9.99141773E-001, 2.01948138E+000, 1.00000000E+001, 2.01774820E+000, 2.01774820E+001
 3.50000000E+002, 4.00864764E+000, 1.00737296E+000, 2.00296370E+000, 1.00000000E+001, 2.01773147E+000, 2.01773147E+001
 3.56666667E+002, 3.97354831E+000, 1.01550563E+000, 1.98689822E+000, 1.00000000E+001, 2.01770633E+000, 2.01770633E+001
 3.63333333E+002, 3.93919863E+000, 1.02351321E+000, 1.97131912E+000, 1.00000000E+001, 2.01767116E+000, 2.01767116E+001
 3.70000000E+002, 3.90558432E+000, 1.03136890E+000, 1.95625881E+000, 1.00000000E+001, 2.01762450E+000, 2.01762450E+001
 3.76666667E+002, 3.87269165E+000, 1.03904579E+000, 1.94174793E+000, 1.00000000E+001, 2.01756502E+000, 2.01756502E+001
 3.83333333E+002, 3.84050733E+000, 1.04651700E+000, 1.92781537E+000, 1.00000000E+001, 2.01749155E+000, 2.01749155E+001
 3.90000000E+002, 3.80901846E+000, 1.05375581E+000, 1.91448824E+000, 1.00000000E+001, 2.01740310E+000, 2.01740310E+001
 3.96666667E+002, 3.77821238E+000, 1.06073583E+000, 1.90179192E+000, 1.00000000E+001, 2.01729884E+000, 2.01729884E+001
 4.03333333E+002, 3.74807659E+000, 1.06743114E+000, 1.88975010E+000, 1.00000000E+001, 2.01717810E+000, 2.01717810E+001
 4.10000000E+002, 3.71859855E+000, 1.07381644E+000, 1.87838474E+000, 1.00000000E+001, 2.01704041E+000, 2.01704041E+001
 4.16666667E+002, 3.68976556E+000, 1.07986721E+000, 1.86771618E+000, 1.00000000E+001, 2.01688546E+000, 2.01688546E+001
 4.23333333E+002, 3.66156455E+000, 1.08555990E+000, 1.85776309E+000, 1.00000000E+001, 2.01671312E+000, 2.01671312E+001
 4.30000000E+002, 3.63398197E+000, 1.09087202E+000, 1.84854260E+000, 1.00000000E+001, 2.01652341E+000, 2.01652341E+001
 4.36666667E+002, 3.60700356E+000, 1.09578236E+000, 1.84007024E+000, 1.00000000E+001, 2.01631652E+000, 2.01631652E+001
 4.43333333E+002, 3.58061419E+000, 1.10027108E+000, 1.83236007E+000, 1.00000000E+001, 2.01609280E+000, 2.01609280E+001
 4.50000000E+002, 3.55479768E+000, 1.10431989E+000, 1.82542464E+000, 1.00000000E+001, 2.01585274E+000, 2.01585274E+001
 4.56666667E+002, 3.52953664E+000, 1.10791214E+000, 1.81927511E+000, 1.00000000E+001, 2.01559697E+000, 2.01559697E+001
 4.63333333E+002, 3.50481226E+000, 1.11103298E+000, 1.81392120E+000, 1.00000000E+001, 2.01532627E+000, 2.01532627E+001
 4.70000000E+002, 3.48060423E+000, 1.11366943E+000, 1.80937131E+000, 1.00000000E+001, 2.01504152E+000, 2.01504152E+001
 4.76666667E+002, 3.45689050E+000, 1.11581051E+000, 1.80563250E+000, 1.00000000E+001, 2.01474373E+000, 2.01474373E+001
 4.83333333E+002, 3.43364723E+000, 1.11744729E+000, 1.80271055E+000, 1.00000000E+001, 2.01443401E+000, 2.01443401E+001
 4.90000000E+002, 3.41084861E+000, 1.11857297E+000, 1.80060993E+000, 1.00000000E+001, 2.01411360E+000, 2.01411360E+001
 4.96666667E+002, 3.38846675E+000, 1.11918294E+000, 1.79933389E+000, 1.00000000E+001, 2.01378379E+000, 2.01378379E+001
 5.03333333E+002, 3.36647166E+000, 1.11927478E+000, 1.79888444E+000, 1.00000000E+001, 2.01344599E+000, 2.01344599E+001
 5.10000000E+002, 3.34483110E+000, 1.11884835E+000, 1.79926233E+000, 1.00000000E+001, 2.01310169E+000, 2.01310169E+001
 5.16666667E+002, 3.32351056E+000, 1.11790570E+000, 1.80046710E+000, 1.00000000E+001, 2.01275243E+000, 2.01275243E+001
 5.23333333E+002, 3.30247325E+000, 1.11645113E+000, 1.80249702E+000, 1.00000000E+001, 2.01239984E+000, 2.01239984E+001
 5.30000000E+002, 3.28168002E+000, 1.11449114E+000, 1.80534913E+000, 1.00000000E+001, 2.01204560E+000, 2.01204560E+001
 5.36666667E+002, 3.26108946E+000, 1.11203436E+000, 1.80901915E+000, 1.00000000E+001, 2.01169145E+000, 2.01169145E+001
 5.43333333E+002, 3.24065784E+000, 1.10909151E+000, 1.81350154E+000, 1.00000000E+001, 2.01133917E+000, 2.01133917E+001
 5.50000000E+002, 3.22033921E+000, 1.10567534E+000, 1.81878939E+000, 1.00000000E+001, 2.01099058E+000, 2.01099058E+001
 5.56666667E+002, 3.20008546E+000, 1.10180052E+000, 1.82487440E+000, 1.00000000E+001, 2.01064756E+000, 2.01064756E+001
 5.63333333E+002, 3.17984639E+000, 1.09748351E+000, 1.83174687E+000, 1.00000000E+001, 2.01031199E+000, 2.01031199E+001
 5.70000000E+002, 3.15956986E+000, 1.09274252E+000, 1.83939560E+000, 1.00000000E+001, 2.00998578E+000, 2.00998578E+001
 5.76666667E+002, 3.13920189E+000, 1.08759730E+000, 1.84780789E+000, 1.00000000E+001, 2.00967086E+000, 2.00967086E+001
 5.83333333E+002, 3.11868681E+000, 1.08206906E+000, 1.85696943E+000, 1.00000000E+001, 2.00936918E+000, 2.00936918E+001
 5.90000000E+002, 3.09796745E+000, 1.07618032E+000, 1.86686432E+000, 1.00000000E+001, 2.00908265E+000, 2.00908265E+001
 5.96666667E+002, 3.07698531E+000, 1.06995473E+000, 1.87747494E+000, 1.00000000E+001, 2.00881320E+000, 2.00881320E+001
 6.03333333E+002, 3.05568078E+000, 1.06341694E+000, 1.88878196E+000, 1.00000000E+001, 2.00856272E+000, 2.00856272E+001
 6.10000000E+002, 3.03399334E+000, 1.05659241E+000, 1.90076425E+000, 1.00000000E+001, 2.00833309E+000, 2.00833309E+001
 6.16666667E+002, 3.01186184E+000, 1.04950730E+000, 1.91339890E+000, 1.00000000E+001, 2.00812612E+000, 2.00812612E+001
 6.23333333E+002, 2.98922471E+000, 1.04218824E+000, 1.92666112E+000, 1.00000000E+001, 2.00794356E+000, 2.00794356E+001
 6.30000000E+002, 2.96602025E+000, 1.03466221E+000, 1.94052427E+000, 1.00000000E+001, 2.00778712E+000, 2.00778712E+001
 6.36666667E+002, 2.94218690E+000, 1.02695634E+000, 1.95495984E+000, 1.00000000E+001, 2.00765840E+000, 2.00765840E+001
 6.43333333E+002, 2.91766353E+000, 1.01909779E+000, 1.96993743E+000, 1.00000000E+001, 2.00755888E+000, 2.00755888E+001
 6.50000000E+002, 2.89238975E+000, 1.01111357E+000, 1.98542482E+000, 1.00000000E+001, 2.00748997E+000, 2.00748997E+001
 6.56666667E+002, 2.86630618E+000, 1.00303037E+000, 2.00138795E+000, 1.00000000E+001, 2.00745290E+000, 2.00745290E+001
 6.63333333E+002, 2.83935482E+000, 9.94874466E-001, 2.01779104E+000, 1.00000000E+001, 2.00744878E+000, 2.00744878E+001
 6.70000000E+002, 2.81147928E+000, 9.86671527E-001, 2.03459661E+000, 1.00000000E+001, 2.00747854E+000, 2.00747854E+001
 6.76666667E+002, 2.78262517E+000, 9.78446527E-001, 2.05176560E+000, 1.00000000E+001, 2.00754293E+000, 2.00754293E+001
 6.83333333E+002, 2.75274035E+000, 9.70223605E-001, 2.06925751E+000, 1.00000000E+001, 2.00764248E+000, 2.00764248E+001
 6.90000000E+002, 2.72177527E+000, 9.62025967E-001, 2.08703052E+000, 1.00000000E+001, 2.00777755E+000, 2.00777755E+001
 6.96666667E+002, 2.68968323E+000, 9.53875783E-001, 2.10504165E+000, 1.00000000E+001, 2.00794825E+000, 2.00794825E+001
 7.03333333E+002, 2.65642069E+000, 9.45794104E-001, 2.12324694E+000, 1.00000000E+001, 2.00815444E+000, 2.00815444E+001
 7.10000000E+002, 2.62194751E+000, 9.37800784E-001, 2.14160171E+000, 1.00000000E+001, 2.00839576E+000, 2.00839576E+001
 7.16666667E+002, 2.58622721E+000, 9.29914423E-001, 2.16006069E+000, 1.00000000E+001, 2.00867159E+000, 2.00867159E+001
 7.23333333E+002, 2.54922719E+000, 9.22152311E-001, 2.17857834E+000, 1.00000000E+001, 2.00898105E+000, 2.00898105E+001
 7.30000000E+002, 2.51091891E+000, 9.14530394E-001, 2.19710908E+000, 1.00000000E+001, 2.00932303E+000, 2.00932303E+001
 7.36666667E+002, 2.47127809E+000, 9.07063243E-001, 2.21560754E+000, 1.00000000E+001, 2.00969616E+000, 2.00969616E+001
 7.43333333E+002, 2.43028482E+000, 8.99764045E-001, 2.23402883E+000, 1.00000000E+001, 2.01009882E+000, 2.01009882E+001
 7.50000000E+002, 2.38792366E+000, 8.92644593E-001, 2.25232885E+000, 1.00000000E+001, 2.01052917E+000, 2.01052917E+001
 7.56666667E+002, 2.34418375E+000, 8.85715297E-001, 2.27046455E+000, 1.00000000E+001, 2.01098518E+000, 2.01098518E+001
 7.63333333E+002, 2.29905878E+000, 8.78985196E-001, 2.28839418E+000, 1.00000000E+001, 2.01146460E+000, 2.01146460E+001
 7.70000000E+002, 2.25254701E+000, 8.72461988E-001, 2.30607759E+000, 1.00000000E+001, 2.01196504E+000, 2.01196504E+001
 7.76666667E+002, 2.20465121E+000, 8.66152063E-001, 2.32347648E+000, 1.00000000E+001, 2.01248394E+000, 2.01248394E+001
 7.83333333E+002, 2.15537860E+000, 8.60060542E-001, 2.34055460E+000, 1.00000000E+001, 2.01301866E+000, 2.01301866E+001
 7.90000000E+002, 2.10474070E+000, 8.54191328E-001, 2.35727802E+000, 1.00000000E+001, 2.01356645E+000, 2.01356645E+001
 7.96666667E+002, 2.05275317E+000, 8.48547160E-001, 2.37361529E+000, 1.00000000E+001, 2.01412452E+000, 2.01412452E+001
 8.03333333E+002, 1.99943561E+000, 8.43129670E-001, 2.38953761E+000, 1.00000000E+001, 2.01469006E+000, 2.01469006E+001
 8.10000000E+002, 1.94481135E+000, 8.37939448E-001, 2.40501899E+000, 1.00000000E+001, 2.01526028E+000, 2.01526028E+001
 8.16666667E+002, 1.88890720E+000, 8.32976108E-001, 2.42003633E+000, 1.00000000E+001, 2.01583244E+000, 2.01583244E+001
 8.23333333E+002, 1.83175316E+000, 8.28238355E-001, 2.43456954E+000, 1.00000000E+001, 2.01640387E+000, 2.01640387E+001
 8.30000000E+002, 1.77338211E+000, 8.23724057E-001, 2.44860155E+000, 1.00000000E+001, 2.01697200E+000, 2.01697200E+001
 8.36666667E+002, 1.71382953E+000, 8.19430315E-001, 2.46211833E+000, 1.00000000E+001, 2.01753439E+000, 2.01753439E+001
 8.43333333E+002, 1.65313316E+000, 8.15353532E-001, 2.47510889E+000, 1.00000000E+001, 2.01808877E+000, 2.01808877E+001
 8.50000000E+002, 1.59133266E+000, 8.11489486E-001, 2.48756522E+000, 1.00000000E+001, 2.01863302E+000, 2.01863302E+001
 8.56666667E+002, 1.52846930E+000, 8.07833396E-001, 2.49948223E+000, 1.00000000E+001, 2.01916522E+000, 2.01916522E+001
 8.63333333E+002, 1.46458561E+000, 8.04379995E-001, 2.51085762E+000, 1.00000000E+001, 2.01968364E+000, 2.01968364E+001
 8.70000000E+002, 1.39972510E+000, 8.01123586E-001, 2.52169178E+000, 1.00000000E+001, 2.02018676E+000, 2.02018676E+001
 8.76666667E+002, 1.33393188E+000, 7.98058115E-001, 2.53198762E+000, 1.00000000E+001, 2.02067327E+000, 2.02067327E+001
 8.83333333E+002, 1.26725044E+000, 7.95177226E-001, 2.54175045E+000, 1.00000000E+001, 2.02114207E+000, 2.02114207E+001
 8.90000000E+002, 1.19972531E+000, 7.92474317E-001, 2.55098774E+000, 1.00000000E+001, 2.02159227E+000, 2.02159227E+001
 8.96666667E+002, 1.13140081E+000, 7.89942598E-001, 2.55970899E+000, 1.00000000E+001, 2.02202317E+000, 2.02202317E+001
 9.03333333E+002, 1.06232084E+000, 7.87575141E-001, 2.56792550E+000, 1.00000000E+001, 2.02243429E+000, 2.02243429E+001
 9.10000000E+002, 9.92528626E-001, 7.85364927E-001, 2.57565015E+000, 1.00000000E+001, 2.02282530E+000, 2.02282530E+001
 9.16666667E+002, 9.22066522E-001, 7.83304888E-001, 2.58289727E+000, 1.00000000E+001, 2.02319606E+000, 2.02319606E+001
 9.23333333E+002, 8.50975861E-001, 7.81387953E-001, 2.58968235E+000, 1.00000000E+001, 2.02354659E+000, 2.02354659E+001
 9.30000000E+002, 7.79296786E-001, 7.79607078E-001, 2.59602189E+000, 1.00000000E+001, 2.02387704E+000, 2.02387704E+001
 9.36666667E+002, 7.07068125E-001, 7.77955289E-001, 2.60193321E+000, 1.00000000E+001, 2.02418770E+000, 2.02418770E+001
 9.43333333E+002, 6.34327291E-001, 7.76425706E-001, 2.60743424E+000, 1.00000000E+001, 2.02447897E+000, 2.02447897E+001
 9.50000000E+002, 5.61110191E-001, 7.75011578E-001, 2.61254335E+000, 1.00000000E+001, 2.02475134E+000, 2.02475134E+001
 9.56666667E+002, 4.87451168E-001, 7.73706335E-001, 2.61727909E+000, 1.00000000E+001, 2.02500541E+000, 2.02500541E+001
 9.63333333E+002, 4.13382950E-001, 7.72503766E-001, 2.62165958E+000, 1.00000000E+001, 2.02524190E+000, 2.02524190E+001
 9.70000000E+002, 3.38936629E-001, 7.71398957E-001, 2.62569966E+000, 1.00000000E+001, 2.02546198E+000, 2.02546198E+001
 9.76666667E+002, 2.64141643E-001, 7.70394014E-001, 2.62939389E+000, 1.00000000E+001, 2.02566931E+000, 2.02566931E+001
 9.83333333E+002, 1.89025783E-001, 7.69534624E-001, 2.63260818E+000, 1.00000000E+001, 2.02588315E+000, 2.02588315E+001
 9.90000000E+002, 1.13615203E-001, 7.69151962E-001, 2.63436232E+000, 1.00000000E+001, 2.02622495E+000, 2.02622495E+001
 9.96666667E+002, 3.79344508E-002, 7.71460837E-001, 2.62813293E+000, 1.00000000E+001, 2.02750163E+000, 2.02750163E+001
