   5000.2508820523617      ,         150
X,ZB,H,U,L,Q,QL
 3.33333333E+000, 7.04631395E+000, 7.48771644E-001, 2.67106364E+000, 1.00000000E+001, 2.00001671E+000, 2.00001671E+001
 1.00000000E+001, 6.97058555E+000, 7.49592076E-001, 2.66814959E+000, 1.00000000E+001, 2.00002379E+000, 2.00002379E+001
 1.66666667E+001, 6.89511718E+000, 7.50462783E-001, 2.66505750E+000, 1.00000000E+001, 2.00002647E+000, 2.00002647E+001
 2.33333333E+001, 6.81993143E+000, 7.51415530E-001, 2.66167955E+000, 1.00000000E+001, 2.00002735E+000, 2.00002735E+001
 3.00000000E+001, 6.74505221E+000, 7.52455307E-001, 2.65800190E+000, 1.00000000E+001, 2.00002764E+000, 2.00002764E+001
 3.66666667E+001, 6.67050470E+000, 7.53588410E-001, 2.65400542E+000, 1.00000000E+001, 2.00002772E+000, 2.00002772E+001
 4.33333333E+001, 6.59631532E+000, 7.54821244E-001, 2.64967070E+000, 1.00000000E+001, 2.00002773E+000, 2.00002773E+001
 5.00000000E+001, 6.52251170E+000, 7.56160415E-001, 2.64497807E+000, 1.00000000E+001, 2.00002771E+000, 2.00002771E+001
 5.66666667E+001, 6.44912262E+000, 7.57612717E-001, 2.63990773E+000, 1.00000000E+001, 2.00002767E+000, 2.00002767E+001
 6.33333333E+001, 6.37617790E+000, 7.59185124E-001, 2.63443994E+000, 1.00000000E+001, 2.00002761E+000, 2.00002761E+001
 7.00000000E+001, 6.30370837E+000, 7.60884760E-001, 2.62855513E+000, 1.00000000E+001, 2.00002754E+000, 2.00002754E+001
 7.66666667E+001, 6.23174570E+000, 7.62718878E-001, 2.62223409E+000, 1.00000000E+001, 2.00002744E+000, 2.00002744E+001
 8.33333333E+001, 6.16032227E+000, 7.64694827E-001, 2.61545816E+000, 1.00000000E+001, 2.00002733E+000, 2.00002733E+001
 9.00000000E+001, 6.08947106E+000, 7.66820020E-001, 2.60820940E+000, 1.00000000E+001, 2.00002718E+000, 2.00002718E+001
 9.66666667E+001, 6.01922542E+000, 7.69101892E-001, 2.60047081E+000, 1.00000000E+001, 2.00002702E+000, 2.00002702E+001
 1.03333333E+002, 5.94961895E+000, 7.71547862E-001, 2.59222651E+000, 1.00000000E+001, 2.00002682E+000, 2.00002682E+001
 1.10000000E+002, 5.88068524E+000, 7.74165286E-001, 2.58346200E+000, 1.00000000E+001, 2.00002660E+000, 2.00002660E+001
 1.16666667E+002, 5.81245767E+000, 7.76961409E-001, 2.57416433E+000, 1.00000000E+001, 2.00002635E+000, 2.00002635E+001
 1.23333333E+002, 5.74496921E+000, 7.79943310E-001, 2.56432235E+000, 1.00000000E+001, 2.00002606E+000, 2.00002606E+001
 1.30000000E+002, 5.67825215E+000, 7.83117850E-001, 2.55392690E+000, 1.00000000E+001, 2.00002575E+000, 2.00002575E+001
 1.36666667E+002, 5.61233784E+000, 7.86491609E-001, 2.54297106E+000, 1.00000000E+001, 2.00002540E+000, 2.00002540E+001
 1.43333333E+002, 5.54725651E+000, 7.90070827E-001, 2.53145028E+000, 1.00000000E+001, 2.00002502E+000, 2.00002502E+001
 1.50000000E+002, 5.48303696E+000, 7.93861338E-001, 2.51936265E+000, 1.00000000E+001, 2.00002461E+000, 2.00002461E+001
 1.56666667E+002, 5.41970639E+000, 7.97868501E-001, 2.50670900E+000, 1.00000000E+001, 2.00002415E+000, 2.00002415E+001
 1.63333333E+002, 5.35729010E+000, 8.02097138E-001, 2.49349308E+000, 1.00000000E+001, 2.00002366E+000, 2.00002366E+001
 1.70000000E+002, 5.29581134E+000, 8.06551455E-001, 2.47972167E+000, 1.00000000E+001, 2.00002312E+000, 2.00002312E+001
 1.76666667E+002, 5.23529113E+000, 8.11234979E-001, 2.46540469E+000, 1.00000000E+001, 2.00002252E+000, 2.00002252E+001
 1.83333333E+002, 5.17574803E+000, 8.16150482E-001, 2.45055527E+000, 1.00000000E+001, 2.00002186E+000, 2.00002186E+001
 1.90000000E+002, 5.11719807E+000, 8.21299914E-001, 2.43518973E+000, 1.00000000E+001, 2.00002112E+000, 2.00002112E+001
 1.96666667E+002, 5.05965460E+000, 8.26684333E-001, 2.41932766E+000, 1.00000000E+001, 2.00002027E+000, 2.00002027E+001
 2.03333333E+002, 5.00312827E+000, 8.32303840E-001, 2.40299179E+000, 1.00000000E+001, 2.00001929E+000, 2.00001929E+001
 2.10000000E+002, 4.94762692E+000, 8.38157515E-001, 2.38620799E+000, 1.00000000E+001, 2.00001816E+000, 2.00001816E+001
 2.16666667E+002, 4.89315564E+000, 8.44243359E-001, 2.36900510E+000, 1.00000000E+001, 2.00001683E+000, 2.00001683E+001
 2.23333333E+002, 4.83971679E+000, 8.50558240E-001, 2.35141483E+000, 1.00000000E+001, 2.00001525E+000, 2.00001525E+001
 2.30000000E+002, 4.78731006E+000, 8.57097838E-001, 2.33347152E+000, 1.00000000E+001, 2.00001339E+000, 2.00001339E+001
 2.36666667E+002, 4.73593258E+000, 8.63856607E-001, 2.31521200E+000, 1.00000000E+001, 2.00001118E+000, 2.00001118E+001
 2.43333333E+002, 4.68557907E+000, 8.70827728E-001, 2.29667533E+000, 1.00000000E+001, 2.00000856E+000, 2.00000856E+001
 2.50000000E+002, 4.63624199E+000, 8.78003079E-001, 2.27790256E+000, 1.00000000E+001, 2.00000546E+000, 2.00000546E+001
 2.56666667E+002, 4.58791173E+000, 8.85373206E-001, 2.25893645E+000, 1.00000000E+001, 2.00000180E+000, 2.00000180E+001
 2.63333333E+002, 4.54057684E+000, 8.92927301E-001, 2.23982122E+000, 1.00000000E+001, 1.99999752E+000, 1.99999752E+001
 2.70000000E+002, 4.49422425E+000, 9.00653188E-001, 2.22060227E+000, 1.00000000E+001, 1.99999252E+000, 1.99999252E+001
 2.76666667E+002, 4.44883948E+000, 9.08537318E-001, 2.20132590E+000, 1.00000000E+001, 1.99998672E+000, 1.99998672E+001
 2.83333333E+002, 4.40440691E+000, 9.16557890E-001, 2.18204947E+000, 1.00000000E+001, 1.99997466E+000, 1.99997466E+001
 2.90000000E+002, 4.36091003E+000, 9.24703094E-001, 2.16280613E+000, 1.00000000E+001, 1.99995352E+000, 1.99995352E+001
 2.96666667E+002, 4.31833163E+000, 9.32956155E-001, 2.14364824E+000, 1.00000000E+001, 1.99992982E+000, 1.99992982E+001
 3.03333333E+002, 4.27665408E+000, 9.41298200E-001, 2.12462413E+000, 1.00000000E+001, 1.99990487E+000, 1.99990487E+001
 3.10000000E+002, 4.23585949E+000, 9.49708600E-001, 2.10578129E+000, 1.00000000E+001, 1.99987860E+000, 1.99987860E+001
 3.16666667E+002, 4.19592996E+000, 9.58163454E-001, 2.08716897E+000, 1.00000000E+001, 1.99984903E+000, 1.99984903E+001
 3.23333333E+002, 4.15684769E+000, 9.66649507E-001, 2.06885056E+000, 1.00000000E+001, 1.99985337E+000, 1.99985337E+001
 3.30000000E+002, 4.11859517E+000, 9.75112815E-001, 2.05082570E+000, 1.00000000E+001, 1.99978642E+000, 1.99978642E+001
 3.36666667E+002, 4.08115531E+000, 9.83599962E-001, 2.03328217E+000, 1.00000000E+001, 1.99993627E+000, 1.99993627E+001
 3.43333333E+002, 4.04451149E+000, 9.91961943E-001, 2.01594938E+000, 1.00000000E+001, 1.99974506E+000, 1.99974506E+001
 3.50000000E+002, 4.00864764E+000, 1.00034626E+000, 1.99932821E+000, 1.00000000E+001, 2.00002051E+000, 2.00002051E+001
 3.56666667E+002, 3.97354831E+000, 1.00850513E+000, 1.98284172E+000, 1.00000000E+001, 1.99970603E+000, 1.99970603E+001
 3.63333333E+002, 3.93919863E+000, 1.01666871E+000, 1.96727412E+000, 1.00000000E+001, 2.00006606E+000, 2.00006606E+001
 3.70000000E+002, 3.90558432E+000, 1.02453187E+000, 1.95183390E+000, 1.00000000E+001, 1.99971603E+000, 1.99971603E+001
 3.76666667E+002, 3.87269165E+000, 1.03235594E+000, 1.93741602E+000, 1.00000000E+001, 2.00010294E+000, 2.00010294E+001
 3.83333333E+002, 3.84050733E+000, 1.03981776E+000, 1.92316471E+000, 1.00000000E+001, 1.99974083E+000, 1.99974083E+001
 3.90000000E+002, 3.80901846E+000, 1.04719109E+000, 1.91000642E+000, 1.00000000E+001, 2.00014171E+000, 2.00014171E+001
 3.96666667E+002, 3.77821238E+000, 1.05414278E+000, 1.89705504E+000, 1.00000000E+001, 1.99976688E+000, 1.99976688E+001
 4.03333333E+002, 3.74807659E+000, 1.06095809E+000, 1.88525981E+000, 1.00000000E+001, 2.00018164E+000, 2.00018164E+001
 4.10000000E+002, 3.71859855E+000, 1.06729429E+000, 1.87370390E+000, 1.00000000E+001, 1.99979347E+000, 1.99979347E+001
 4.16666667E+002, 3.68976556E+000, 1.07344904E+000, 1.86336008E+000, 1.00000000E+001, 2.00022208E+000, 2.00022208E+001
 4.23333333E+002, 3.66156455E+000, 1.07907045E+000, 1.85328029E+000, 1.00000000E+001, 1.99981998E+000, 1.99981998E+001
 4.30000000E+002, 3.63398197E+000, 1.08446940E+000, 1.84446185E+000, 1.00000000E+001, 2.00026243E+000, 2.00026243E+001
 4.36666667E+002, 3.60700356E+000, 1.08928524E+000, 1.83592486E+000, 1.00000000E+001, 1.99984584E+000, 1.99984584E+001
 4.43333333E+002, 3.58061419E+000, 1.09384293E+000, 1.82869233E+000, 1.00000000E+001, 2.00030218E+000, 2.00030218E+001
 4.50000000E+002, 3.55479768E+000, 1.09777335E+000, 1.82175176E+000, 1.00000000E+001, 1.99987052E+000, 1.99987052E+001
 4.56666667E+002, 3.52953664E+000, 1.10141638E+000, 1.81615313E+000, 1.00000000E+001, 2.00034080E+000, 2.00034080E+001
 4.63333333E+002, 3.50481226E+000, 1.10439471E+000, 1.81085011E+000, 1.00000000E+001, 1.99989327E+000, 1.99989327E+001
 4.70000000E+002, 3.48060423E+000, 1.10706414E+000, 1.80692052E+000, 1.00000000E+001, 2.00037692E+000, 2.00037692E+001
 4.76666667E+002, 3.45689050E+000, 1.10903997E+000, 1.80328108E+000, 1.00000000E+001, 1.99991080E+000, 1.99991080E+001
 4.83333333E+002, 3.43364723E+000, 1.11069662E+000, 1.80103340E+000, 1.00000000E+001, 2.00040171E+000, 2.00040171E+001
 4.90000000E+002, 3.41084861E+000, 1.11164776E+000, 1.79903929E+000, 1.00000000E+001, 1.99989800E+000, 1.99989800E+001
 4.96666667E+002, 3.38846675E+000, 1.11230390E+000, 1.79837826E+000, 1.00000000E+001, 2.00034316E+000, 2.00034316E+001
 5.03333333E+002, 3.36647166E+000, 1.11232570E+000, 1.79768194E+000, 1.00000000E+001, 1.99960782E+000, 1.99960782E+001
 5.10000000E+002, 3.34483110E+000, 1.11181083E+000, 1.79851596E+000, 1.00000000E+001, 1.99960952E+000, 1.99960952E+001
 5.16666667E+002, 3.32351056E+000, 1.11076389E+000, 1.80023018E+000, 1.00000000E+001, 1.99963067E+000, 1.99963067E+001
 5.23333333E+002, 3.30247325E+000, 1.10920493E+000, 1.80277321E+000, 1.00000000E+001, 1.99964493E+000, 1.99964493E+001
 5.30000000E+002, 3.28168002E+000, 1.10712588E+000, 1.80618342E+000, 1.00000000E+001, 1.99967241E+000, 1.99967241E+001
 5.36666667E+002, 3.26108946E+000, 1.10454858E+000, 1.81041718E+000, 1.00000000E+001, 1.99969373E+000, 1.99969373E+001
 5.43333333E+002, 3.24065784E+000, 1.10147215E+000, 1.81550259E+000, 1.00000000E+001, 1.99972555E+000, 1.99972555E+001
 5.50000000E+002, 3.22033921E+000, 1.09792008E+000, 1.82140078E+000, 1.00000000E+001, 1.99975249E+000, 1.99975249E+001
 5.56666667E+002, 3.20008546E+000, 1.09389775E+000, 1.82813047E+000, 1.00000000E+001, 1.99978781E+000, 1.99978781E+001
 5.63333333E+002, 3.17984639E+000, 1.08944548E+000, 1.83558904E+000, 1.00000000E+001, 1.99977419E+000, 1.99977419E+001
 5.70000000E+002, 3.15956986E+000, 1.08452595E+000, 1.84393419E+000, 1.00000000E+001, 1.99979448E+000, 1.99979448E+001
 5.76666667E+002, 3.13920189E+000, 1.07921554E+000, 1.85299568E+000, 1.00000000E+001, 1.99978173E+000, 1.99978173E+001
 5.83333333E+002, 3.11868681E+000, 1.07349598E+000, 1.86287993E+000, 1.00000000E+001, 1.99979411E+000, 1.99979411E+001
 5.90000000E+002, 3.09796745E+000, 1.06742591E+000, 1.87346428E+000, 1.00000000E+001, 1.99978432E+000, 1.99978432E+001
 5.96666667E+002, 3.07698531E+000, 1.06099756E+000, 1.88482513E+000, 1.00000000E+001, 1.99979486E+000, 1.99979486E+001
 6.03333333E+002, 3.05568078E+000, 1.05426369E+000, 1.89685857E+000, 1.00000000E+001, 1.99978911E+000, 1.99978911E+001
 6.10000000E+002, 3.03399334E+000, 1.04722537E+000, 1.90961647E+000, 1.00000000E+001, 1.99979881E+000, 1.99979881E+001
 6.16666667E+002, 3.01186184E+000, 1.03993044E+000, 1.92301000E+000, 1.00000000E+001, 1.99979663E+000, 1.99979663E+001
 6.23333333E+002, 2.98922471E+000, 1.03238695E+000, 1.93707008E+000, 1.00000000E+001, 1.99980586E+000, 1.99980586E+001
 6.30000000E+002, 2.96602025E+000, 1.02463831E+000, 1.95171955E+000, 1.00000000E+001, 1.99980663E+000, 1.99980663E+001
 6.36666667E+002, 2.94218690E+000, 1.01669783E+000, 1.96697145E+000, 1.00000000E+001, 1.99981561E+000, 1.99981561E+001
 6.43333333E+002, 2.91766353E+000, 1.00860487E+000, 1.98275737E+000, 1.00000000E+001, 1.99981875E+000, 1.99981875E+001
 6.50000000E+002, 2.89238975E+000, 1.00037638E+000, 1.99907522E+000, 1.00000000E+001, 1.99982762E+000, 1.99982762E+001
 6.56666667E+002, 2.86630618E+000, 9.92047878E-001, 2.01586298E+000, 1.00000000E+001, 1.99983260E+000, 1.99983260E+001
 6.63333333E+002, 2.83935482E+000, 9.83638528E-001, 2.03310604E+000, 1.00000000E+001, 1.99984144E+000, 1.99984144E+001
 6.70000000E+002, 2.81147928E+000, 9.75180143E-001, 2.05074700E+000, 1.00000000E+001, 1.99984775E+000, 1.99984775E+001
 6.76666667E+002, 2.78262517E+000, 9.66693779E-001, 2.06875517E+000, 1.00000000E+001, 1.99985275E+000, 1.99985275E+001
 6.83333333E+002, 2.75274035E+000, 9.58210375E-001, 2.08705646E+000, 1.00000000E+001, 1.99983915E+000, 1.99983915E+001
 6.90000000E+002, 2.72177527E+000, 9.49746466E-001, 2.10563060E+000, 1.00000000E+001, 1.99981522E+000, 1.99981522E+001
 6.96666667E+002, 2.68968323E+000, 9.41327775E-001, 2.12443667E+000, 1.00000000E+001, 1.99979125E+000, 1.99979125E+001
 7.03333333E+002, 2.65642069E+000, 9.32976353E-001, 2.14342944E+000, 1.00000000E+001, 1.99976898E+000, 1.99976898E+001
 7.10000000E+002, 2.62194751E+000, 9.24712646E-001, 2.16256216E+000, 1.00000000E+001, 1.99974858E+000, 1.99974858E+001
 7.16666667E+002, 2.58622721E+000, 9.16555933E-001, 2.18178630E+000, 1.00000000E+001, 1.99972917E+000, 1.99972917E+001
 7.23333333E+002, 2.54922719E+000, 9.08525102E-001, 2.20104687E+000, 1.00000000E+001, 1.99970634E+000, 1.99970634E+001
 7.30000000E+002, 2.51091891E+000, 9.00642372E-001, 2.22031905E+000, 1.00000000E+001, 1.99971341E+000, 1.99971341E+001
 7.36666667E+002, 2.47127809E+000, 8.92913340E-001, 2.23952719E+000, 1.00000000E+001, 1.99970370E+000, 1.99970370E+001
 7.43333333E+002, 2.43028482E+000, 8.85360540E-001, 2.25865485E+000, 1.00000000E+001, 1.99972387E+000, 1.99972387E+001
 7.50000000E+002, 2.38792366E+000, 8.77985066E-001, 2.27762096E+000, 1.00000000E+001, 1.99971719E+000, 1.99971719E+001
 7.56666667E+002, 2.34418375E+000, 8.70809504E-001, 2.29641628E+000, 1.00000000E+001, 1.99974112E+000, 1.99974112E+001
 7.63333333E+002, 2.29905878E+000, 8.63831732E-001, 2.31496091E+000, 1.00000000E+001, 1.99973669E+000, 1.99973669E+001
 7.70000000E+002, 2.25254701E+000, 8.57072064E-001, 2.33325027E+000, 1.00000000E+001, 1.99976363E+000, 1.99976363E+001
 7.76666667E+002, 2.20465121E+000, 8.50525218E-001, 2.35120675E+000, 1.00000000E+001, 1.99976063E+000, 1.99976063E+001
 7.83333333E+002, 2.15537860E+000, 8.44209359E-001, 2.36883158E+000, 1.00000000E+001, 1.99978979E+000, 1.99978979E+001
 7.90000000E+002, 2.10474070E+000, 8.38116165E-001, 2.38605040E+000, 1.00000000E+001, 1.99978741E+000, 1.99978741E+001
 7.96666667E+002, 2.05275317E+000, 8.32261845E-001, 2.40287121E+000, 1.00000000E+001, 1.99981803E+000, 1.99981803E+001
 8.03333333E+002, 1.99943561E+000, 8.26635204E-001, 2.41922375E+000, 1.00000000E+001, 1.99981552E+000, 1.99981552E+001
 8.10000000E+002, 1.94481135E+000, 8.21250730E-001, 2.43512345E+000, 1.00000000E+001, 1.99984691E+000, 1.99984691E+001
 8.16666667E+002, 1.88890720E+000, 8.16094569E-001, 2.45050475E+000, 1.00000000E+001, 1.99984362E+000, 1.99984362E+001
 8.23333333E+002, 1.83175316E+000, 8.11179755E-001, 2.46539093E+000, 1.00000000E+001, 1.99987521E+000, 1.99987521E+001
 8.30000000E+002, 1.77338211E+000, 8.06490014E-001, 2.47972146E+000, 1.00000000E+001, 1.99987060E+000, 1.99987060E+001
 8.36666667E+002, 1.71382953E+000, 8.02037219E-001, 2.49352760E+000, 1.00000000E+001, 1.99990194E+000, 1.99990194E+001
 8.43333333E+002, 1.65313316E+000, 7.97802936E-001, 2.50675390E+000, 1.00000000E+001, 1.99989562E+000, 1.99989562E+001
 8.50000000E+002, 1.59133266E+000, 7.93798174E-001, 2.51943941E+000, 1.00000000E+001, 1.99992641E+000, 1.99992641E+001
 8.56666667E+002, 1.52846930E+000, 7.90002606E-001, 2.53153359E+000, 1.00000000E+001, 1.99991813E+000, 1.99991813E+001
 8.63333333E+002, 1.46458561E+000, 7.86426679E-001, 2.54308280E+000, 1.00000000E+001, 1.99994816E+000, 1.99994816E+001
 8.70000000E+002, 1.39972510E+000, 7.83048435E-001, 2.55404100E+000, 1.00000000E+001, 1.99993781E+000, 1.99993781E+001
 8.76666667E+002, 1.33393188E+000, 7.79878049E-001, 2.56446122E+000, 1.00000000E+001, 1.99996701E+000, 1.99996701E+001
 8.83333333E+002, 1.26725044E+000, 7.76892187E-001, 2.57430130E+000, 1.00000000E+001, 1.99995457E+000, 1.99995457E+001
 8.90000000E+002, 1.19972531E+000, 7.74101025E-001, 2.58362009E+000, 1.00000000E+001, 1.99998296E+000, 1.99998296E+001
 8.96666667E+002, 1.13140081E+000, 7.71480088E-001, 2.59237864E+000, 1.00000000E+001, 1.99996850E+000, 1.99996850E+001
 9.03333333E+002, 1.06232084E+000, 7.69039801E-001, 2.60064062E+000, 1.00000000E+001, 1.99999614E+000, 1.99999614E+001
 9.10000000E+002, 9.92528626E-001, 7.66754769E-001, 2.60836958E+000, 1.00000000E+001, 1.99997981E+000, 1.99997981E+001
 9.16666667E+002, 9.22066522E-001, 7.64635881E-001, 2.61563298E+000, 1.00000000E+001, 2.00000683E+000, 2.00000683E+001
 9.23333333E+002, 8.50975861E-001, 7.62657020E-001, 2.62239611E+000, 1.00000000E+001, 1.99998880E+000, 1.99998880E+001
 9.30000000E+002, 7.79296786E-001, 7.60829717E-001, 2.62872923E+000, 1.00000000E+001, 2.00001531E+000, 2.00001531E+001
 9.36666667E+002, 7.07068125E-001, 7.59127309E-001, 2.63459866E+000, 1.00000000E+001, 1.99999580E+000, 1.99999580E+001
 9.43333333E+002, 6.34327291E-001, 7.57562115E-001, 2.64007649E+000, 1.00000000E+001, 2.00002193E+000, 2.00002193E+001
 9.50000000E+002, 5.61110191E-001, 7.56107082E-001, 2.64512946E+000, 1.00000000E+001, 2.00000112E+000, 2.00000112E+001
 9.56666667E+002, 4.87451168E-001, 7.54775425E-001, 2.64983058E+000, 1.00000000E+001, 2.00002700E+000, 2.00002700E+001
 9.63333333E+002, 4.13382950E-001, 7.53539828E-001, 2.65414651E+000, 1.00000000E+001, 2.00000511E+000, 2.00000511E+001
 9.70000000E+002, 3.38936629E-001, 7.52414339E-001, 2.65815090E+000, 1.00000000E+001, 2.00003085E+000, 2.00003085E+001
 9.76666667E+002, 2.64141643E-001, 7.51371049E-001, 2.66181136E+000, 1.00000000E+001, 2.00000799E+000, 2.00000799E+001
 9.83333333E+002, 1.89025783E-001, 7.50425502E-001, 2.66519878E+000, 1.00000000E+001, 2.00003313E+000, 2.00003313E+001
 9.90000000E+002, 1.13615203E-001, 7.49561515E-001, 2.66823785E+000, 1.00000000E+001, 2.00000841E+000, 2.00000841E+001
 9.96666667E+002, 3.79344508E-002, 7.48835877E-001, 2.67086606E+000, 1.00000000E+001, 2.00004033E+000, 2.00004033E+001
