   5000.1542836443132      ,         150
X,ZB,H,U,L,Q,QL
 3.33333333E+000, 7.04631395E+000, 7.48796535E-001, 2.67097346E+000, 1.00000000E+001, 2.00001567E+000, 2.00001567E+001
 1.00000000E+001, 6.97058555E+000, 7.49586087E-001, 2.66814845E+000, 1.00000000E+001, 2.00000696E+000, 2.00000696E+001
 1.66666667E+001, 6.89511718E+000, 7.50457520E-001, 2.66504622E+000, 1.00000000E+001, 2.00000398E+000, 2.00000398E+001
 2.33333333E+001, 6.81993143E+000, 7.51409730E-001, 2.66166769E+000, 1.00000000E+001, 2.00000300E+000, 2.00000300E+001
 3.00000000E+001, 6.74505221E+000, 7.52449360E-001, 2.65798972E+000, 1.00000000E+001, 2.00000266E+000, 2.00000266E+001
 3.66666667E+001, 6.67050470E+000, 7.53582405E-001, 2.65399315E+000, 1.00000000E+001, 2.00000254E+000, 2.00000254E+001
 4.33333333E+001, 6.59631532E+000, 7.54815213E-001, 2.64965842E+000, 1.00000000E+001, 2.00000248E+000, 2.00000248E+001
 5.00000000E+001, 6.52251170E+000, 7.56154367E-001, 2.64496580E+000, 1.00000000E+001, 2.00000244E+000, 2.00000244E+001
 5.66666667E+001, 6.44912262E+000, 7.57606656E-001, 2.63989549E+000, 1.00000000E+001, 2.00000239E+000, 2.00000239E+001
 6.33333333E+001, 6.37617790E+000, 7.59179049E-001, 2.63442772E+000, 1.00000000E+001, 2.00000233E+000, 2.00000233E+001
 7.00000000E+001, 6.30370837E+000, 7.60878670E-001, 2.62854294E+000, 1.00000000E+001, 2.00000226E+000, 2.00000226E+001
 7.66666667E+001, 6.23174570E+000, 7.62712772E-001, 2.62222193E+000, 1.00000000E+001, 2.00000216E+000, 2.00000216E+001
 8.33333333E+001, 6.16032227E+000, 7.64688705E-001, 2.61544604E+000, 1.00000000E+001, 2.00000204E+000, 2.00000204E+001
 9.00000000E+001, 6.08947106E+000, 7.66813879E-001, 2.60819731E+000, 1.00000000E+001, 2.00000190E+000, 2.00000190E+001
 9.66666667E+001, 6.01922542E+000, 7.69095732E-001, 2.60045876E+000, 1.00000000E+001, 2.00000173E+000, 2.00000173E+001
 1.03333333E+002, 5.94961895E+000, 7.71541680E-001, 2.59221451E+000, 1.00000000E+001, 2.00000154E+000, 2.00000154E+001
 1.10000000E+002, 5.88068524E+000, 7.74159082E-001, 2.58345005E+000, 1.00000000E+001, 2.00000132E+000, 2.00000132E+001
 1.16666667E+002, 5.81245767E+000, 7.76955180E-001, 2.57415243E+000, 1.00000000E+001, 2.00000106E+000, 2.00000106E+001
 1.23333333E+002, 5.74496921E+000, 7.79937055E-001, 2.56431050E+000, 1.00000000E+001, 2.00000078E+000, 2.00000078E+001
 1.30000000E+002, 5.67825215E+000, 7.83111566E-001, 2.55391511E+000, 1.00000000E+001, 2.00000046E+000, 2.00000046E+001
 1.36666667E+002, 5.61233784E+000, 7.86485294E-001, 2.54295933E+000, 1.00000000E+001, 2.00000012E+000, 2.00000012E+001
 1.43333333E+002, 5.54725651E+000, 7.90064480E-001, 2.53143862E+000, 1.00000000E+001, 1.99999974E+000, 1.99999974E+001
 1.50000000E+002, 5.48303696E+000, 7.93854955E-001, 2.51935106E+000, 1.00000000E+001, 1.99999932E+000, 1.99999932E+001
 1.56666667E+002, 5.41970639E+000, 7.97862081E-001, 2.50669748E+000, 1.00000000E+001, 1.99999887E+000, 1.99999887E+001
 1.63333333E+002, 5.35729010E+000, 8.02090677E-001, 2.49348164E+000, 1.00000000E+001, 1.99999838E+000, 1.99999838E+001
 1.70000000E+002, 5.29581134E+000, 8.06544952E-001, 2.47971031E+000, 1.00000000E+001, 1.99999784E+000, 1.99999784E+001
 1.76666667E+002, 5.23529113E+000, 8.11228429E-001, 2.46539343E+000, 1.00000000E+001, 1.99999724E+000, 1.99999724E+001
 1.83333333E+002, 5.17574803E+000, 8.16143884E-001, 2.45054410E+000, 1.00000000E+001, 1.99999658E+000, 1.99999658E+001
 1.90000000E+002, 5.11719807E+000, 8.21293264E-001, 2.43517866E+000, 1.00000000E+001, 1.99999583E+000, 1.99999583E+001
 1.96666667E+002, 5.05965460E+000, 8.26677627E-001, 2.41931669E+000, 1.00000000E+001, 1.99999498E+000, 1.99999498E+001
 2.03333333E+002, 5.00312827E+000, 8.32297076E-001, 2.40298094E+000, 1.00000000E+001, 1.99999401E+000, 1.99999401E+001
 2.10000000E+002, 4.94762692E+000, 8.38150688E-001, 2.38619726E+000, 1.00000000E+001, 1.99999287E+000, 1.99999287E+001
 2.16666667E+002, 4.89315564E+000, 8.44236466E-001, 2.36899449E+000, 1.00000000E+001, 1.99999154E+000, 1.99999154E+001
 2.23333333E+002, 4.83971679E+000, 8.50551277E-001, 2.35140435E+000, 1.00000000E+001, 1.99998997E+000, 1.99998997E+001
 2.30000000E+002, 4.78731006E+000, 8.57090801E-001, 2.33346117E+000, 1.00000000E+001, 1.99998811E+000, 1.99998811E+001
 2.36666667E+002, 4.73593258E+000, 8.63849493E-001, 2.31520180E+000, 1.00000000E+001, 1.99998590E+000, 1.99998590E+001
 2.43333333E+002, 4.68557907E+000, 8.70820533E-001, 2.29666527E+000, 1.00000000E+001, 1.99998328E+000, 1.99998328E+001
 2.50000000E+002, 4.63624199E+000, 8.77995801E-001, 2.27789264E+000, 1.00000000E+001, 1.99998018E+000, 1.99998018E+001
 2.56666667E+002, 4.58791173E+000, 8.85365842E-001, 2.25892668E+000, 1.00000000E+001, 1.99997652E+000, 1.99997652E+001
 2.63333333E+002, 4.54057684E+000, 8.92919849E-001, 2.23981160E+000, 1.00000000E+001, 1.99997223E+000, 1.99997223E+001
 2.70000000E+002, 4.49422425E+000, 9.00645645E-001, 2.22059280E+000, 1.00000000E+001, 1.99996723E+000, 1.99996723E+001
 2.76666667E+002, 4.44883948E+000, 9.08529684E-001, 2.20131656E+000, 1.00000000E+001, 1.99996144E+000, 1.99996144E+001
 2.83333333E+002, 4.40440691E+000, 9.16550166E-001, 2.18204028E+000, 1.00000000E+001, 1.99994938E+000, 1.99994938E+001
 2.90000000E+002, 4.36091003E+000, 9.24695279E-001, 2.16279707E+000, 1.00000000E+001, 1.99992824E+000, 1.99992824E+001
 2.96666667E+002, 4.31833163E+000, 9.32948251E-001, 2.14363930E+000, 1.00000000E+001, 1.99990454E+000, 1.99990454E+001
 3.03333333E+002, 4.27665408E+000, 9.41290207E-001, 2.12461531E+000, 1.00000000E+001, 1.99987959E+000, 1.99987959E+001
 3.10000000E+002, 4.23585949E+000, 9.49700522E-001, 2.10577258E+000, 1.00000000E+001, 1.99985332E+000, 1.99985332E+001
 3.16666667E+002, 4.19592996E+000, 9.58155294E-001, 2.08716037E+000, 1.00000000E+001, 1.99982376E+000, 1.99982376E+001
 3.23333333E+002, 4.15684769E+000, 9.66641265E-001, 2.06884204E+000, 1.00000000E+001, 1.99982808E+000, 1.99982808E+001
 3.30000000E+002, 4.11859517E+000, 9.75104499E-001, 2.05081727E+000, 1.00000000E+001, 1.99976114E+000, 1.99976114E+001
 3.36666667E+002, 4.08115531E+000, 9.83591572E-001, 2.03327381E+000, 1.00000000E+001, 1.99991098E+000, 1.99991098E+001
 3.43333333E+002, 4.04451149E+000, 9.91953487E-001, 2.01594108E+000, 1.00000000E+001, 1.99971978E+000, 1.99971978E+001
 3.50000000E+002, 4.00864764E+000, 1.00033774E+000, 1.99931996E+000, 1.00000000E+001, 1.99999522E+000, 1.99999522E+001
 3.56666667E+002, 3.97354831E+000, 1.00849655E+000, 1.98283352E+000, 1.00000000E+001, 1.99968076E+000, 1.99968076E+001
 3.63333333E+002, 3.93919863E+000, 1.01666008E+000, 1.96726596E+000, 1.00000000E+001, 2.00004077E+000, 2.00004077E+001
 3.70000000E+002, 3.90558432E+000, 1.02452319E+000, 1.95182576E+000, 1.00000000E+001, 1.99969075E+000, 1.99969075E+001
 3.76666667E+002, 3.87269165E+000, 1.03234722E+000, 1.93740790E+000, 1.00000000E+001, 2.00007765E+000, 2.00007765E+001
 3.83333333E+002, 3.84050733E+000, 1.03980900E+000, 1.92315661E+000, 1.00000000E+001, 1.99971554E+000, 1.99971554E+001
 3.90000000E+002, 3.80901846E+000, 1.04718229E+000, 1.90999832E+000, 1.00000000E+001, 2.00011642E+000, 2.00011642E+001
 3.96666667E+002, 3.77821238E+000, 1.05413395E+000, 1.89704695E+000, 1.00000000E+001, 1.99974159E+000, 1.99974159E+001
 4.03333333E+002, 3.74807659E+000, 1.06094923E+000, 1.88525172E+000, 1.00000000E+001, 2.00015636E+000, 2.00015636E+001
 4.10000000E+002, 3.71859855E+000, 1.06728541E+000, 1.87369579E+000, 1.00000000E+001, 1.99976819E+000, 1.99976819E+001
 4.16666667E+002, 3.68976556E+000, 1.07344014E+000, 1.86335197E+000, 1.00000000E+001, 2.00019679E+000, 2.00019679E+001
 4.23333333E+002, 3.66156455E+000, 1.07906153E+000, 1.85327216E+000, 1.00000000E+001, 1.99979470E+000, 1.99979470E+001
 4.30000000E+002, 3.63398197E+000, 1.08446048E+000, 1.84445370E+000, 1.00000000E+001, 2.00023715E+000, 2.00023715E+001
 4.36666667E+002, 3.60700356E+000, 1.08927631E+000, 1.83591669E+000, 1.00000000E+001, 1.99982056E+000, 1.99982056E+001
 4.43333333E+002, 3.58061419E+000, 1.09383400E+000, 1.82868415E+000, 1.00000000E+001, 2.00027690E+000, 2.00027690E+001
 4.50000000E+002, 3.55479768E+000, 1.09776442E+000, 1.82174354E+000, 1.00000000E+001, 1.99984524E+000, 1.99984524E+001
 4.56666667E+002, 3.52953664E+000, 1.10140745E+000, 1.81614489E+000, 1.00000000E+001, 2.00031551E+000, 2.00031551E+001
 4.63333333E+002, 3.50481226E+000, 1.10438579E+000, 1.81084183E+000, 1.00000000E+001, 1.99986799E+000, 1.99986799E+001
 4.70000000E+002, 3.48060423E+000, 1.10705524E+000, 1.80691222E+000, 1.00000000E+001, 2.00035164E+000, 2.00035164E+001
 4.76666667E+002, 3.45689050E+000, 1.10903108E+000, 1.80327274E+000, 1.00000000E+001, 1.99988551E+000, 1.99988551E+001
 4.83333333E+002, 3.43364723E+000, 1.11068775E+000, 1.80102503E+000, 1.00000000E+001, 2.00037643E+000, 2.00037643E+001
 4.90000000E+002, 3.41084861E+000, 1.11163891E+000, 1.79903088E+000, 1.00000000E+001, 1.99987271E+000, 1.99987271E+001
 4.96666667E+002, 3.38846675E+000, 1.11229507E+000, 1.79836982E+000, 1.00000000E+001, 2.00031788E+000, 2.00031788E+001
 5.03333333E+002, 3.36647166E+000, 1.11231688E+000, 1.79767349E+000, 1.00000000E+001, 1.99958256E+000, 1.99958256E+001
 5.10000000E+002, 3.34483110E+000, 1.11180205E+000, 1.79850742E+000, 1.00000000E+001, 1.99958423E+000, 1.99958423E+001
 5.16666667E+002, 3.32351056E+000, 1.11075512E+000, 1.80022164E+000, 1.00000000E+001, 1.99960540E+000, 1.99960540E+001
 5.23333333E+002, 3.30247325E+000, 1.10919620E+000, 1.80276459E+000, 1.00000000E+001, 1.99961964E+000, 1.99961964E+001
 5.30000000E+002, 3.28168002E+000, 1.10711718E+000, 1.80617479E+000, 1.00000000E+001, 1.99964714E+000, 1.99964714E+001
 5.36666667E+002, 3.26108946E+000, 1.10453992E+000, 1.81040848E+000, 1.00000000E+001, 1.99966844E+000, 1.99966844E+001
 5.43333333E+002, 3.24065784E+000, 1.10146352E+000, 1.81549387E+000, 1.00000000E+001, 1.99970027E+000, 1.99970027E+001
 5.50000000E+002, 3.22033921E+000, 1.09791150E+000, 1.82139198E+000, 1.00000000E+001, 1.99972720E+000, 1.99972720E+001
 5.56666667E+002, 3.20008546E+000, 1.09388920E+000, 1.82812166E+000, 1.00000000E+001, 1.99976253E+000, 1.99976253E+001
 5.63333333E+002, 3.17984639E+000, 1.08943698E+000, 1.83558016E+000, 1.00000000E+001, 1.99974890E+000, 1.99974890E+001
 5.70000000E+002, 3.15956986E+000, 1.08451749E+000, 1.84392527E+000, 1.00000000E+001, 1.99976920E+000, 1.99976920E+001
 5.76666667E+002, 3.13920189E+000, 1.07920712E+000, 1.85298670E+000, 1.00000000E+001, 1.99975644E+000, 1.99975644E+001
 5.83333333E+002, 3.11868681E+000, 1.07348761E+000, 1.86287091E+000, 1.00000000E+001, 1.99976884E+000, 1.99976884E+001
 5.90000000E+002, 3.09796745E+000, 1.06741759E+000, 1.87345519E+000, 1.00000000E+001, 1.99975904E+000, 1.99975904E+001
 5.96666667E+002, 3.07698531E+000, 1.06098928E+000, 1.88481600E+000, 1.00000000E+001, 1.99976958E+000, 1.99976958E+001
 6.03333333E+002, 3.05568078E+000, 1.05425547E+000, 1.89684938E+000, 1.00000000E+001, 1.99976383E+000, 1.99976383E+001
 6.10000000E+002, 3.03399334E+000, 1.04721720E+000, 1.90960723E+000, 1.00000000E+001, 1.99977353E+000, 1.99977353E+001
 6.16666667E+002, 3.01186184E+000, 1.03992232E+000, 1.92300070E+000, 1.00000000E+001, 1.99977135E+000, 1.99977135E+001
 6.23333333E+002, 2.98922471E+000, 1.03237888E+000, 1.93706072E+000, 1.00000000E+001, 1.99978058E+000, 1.99978058E+001
 6.30000000E+002, 2.96602025E+000, 1.02463030E+000, 1.95171014E+000, 1.00000000E+001, 1.99978134E+000, 1.99978134E+001
 6.36666667E+002, 2.94218690E+000, 1.01668988E+000, 1.96696198E+000, 1.00000000E+001, 1.99979033E+000, 1.99979033E+001
 6.43333333E+002, 2.91766353E+000, 1.00859697E+000, 1.98274784E+000, 1.00000000E+001, 1.99979346E+000, 1.99979346E+001
 6.50000000E+002, 2.89238975E+000, 1.00036853E+000, 1.99906563E+000, 1.00000000E+001, 1.99980234E+000, 1.99980234E+001
 6.56666667E+002, 2.86630618E+000, 9.92040087E-001, 2.01585333E+000, 1.00000000E+001, 1.99980731E+000, 1.99980731E+001
 6.63333333E+002, 2.83935482E+000, 9.83630792E-001, 2.03309633E+000, 1.00000000E+001, 1.99981615E+000, 1.99981615E+001
 6.70000000E+002, 2.81147928E+000, 9.75172462E-001, 2.05073723E+000, 1.00000000E+001, 1.99982247E+000, 1.99982247E+001
 6.76666667E+002, 2.78262517E+000, 9.66686153E-001, 2.06874533E+000, 1.00000000E+001, 1.99982747E+000, 1.99982747E+001
 6.83333333E+002, 2.75274035E+000, 9.58202802E-001, 2.08704657E+000, 1.00000000E+001, 1.99981387E+000, 1.99981387E+001
 6.90000000E+002, 2.72177527E+000, 9.49738946E-001, 2.10562066E+000, 1.00000000E+001, 1.99978994E+000, 1.99978994E+001
 6.96666667E+002, 2.68968323E+000, 9.41320305E-001, 2.12442668E+000, 1.00000000E+001, 1.99976597E+000, 1.99976597E+001
 7.03333333E+002, 2.65642069E+000, 9.32968932E-001, 2.14341939E+000, 1.00000000E+001, 1.99974370E+000, 1.99974370E+001
 7.10000000E+002, 2.62194751E+000, 9.24705275E-001, 2.16255202E+000, 1.00000000E+001, 1.99972326E+000, 1.99972326E+001
 7.16666667E+002, 2.58622721E+000, 9.16548643E-001, 2.18177584E+000, 1.00000000E+001, 1.99970369E+000, 1.99970369E+001
 7.23333333E+002, 2.54922719E+000, 9.08518063E-001, 2.20103499E+000, 1.00000000E+001, 1.99968005E+000, 1.99968005E+001
 7.30000000E+002, 2.51091891E+000, 9.00636427E-001, 2.22031234E+000, 1.00000000E+001, 1.99969417E+000, 1.99969417E+001
 7.36666667E+002, 2.47127809E+000, 8.92905007E-001, 2.23951288E+000, 1.00000000E+001, 1.99967226E+000, 1.99967226E+001
 7.43333333E+002, 2.43028482E+000, 8.85354750E-001, 2.25864815E+000, 1.00000000E+001, 1.99970487E+000, 1.99970487E+001
 7.50000000E+002, 2.38792366E+000, 8.77976790E-001, 2.27760634E+000, 1.00000000E+001, 1.99968551E+000, 1.99968551E+001
 7.56666667E+002, 2.34418375E+000, 8.70803868E-001, 2.29640960E+000, 1.00000000E+001, 1.99972236E+000, 1.99972236E+001
 7.63333333E+002, 2.29905878E+000, 8.63823507E-001, 2.31494598E+000, 1.00000000E+001, 1.99970476E+000, 1.99970476E+001
 7.70000000E+002, 2.25254701E+000, 8.57066581E-001, 2.33324361E+000, 1.00000000E+001, 1.99974512E+000, 1.99974512E+001
 7.76666667E+002, 2.20465121E+000, 8.50517036E-001, 2.35119152E+000, 1.00000000E+001, 1.99972844E+000, 1.99972844E+001
 7.83333333E+002, 2.15537860E+000, 8.44204025E-001, 2.36882494E+000, 1.00000000E+001, 1.99977155E+000, 1.99977155E+001
 7.90000000E+002, 2.10474070E+000, 8.38108020E-001, 2.38603486E+000, 1.00000000E+001, 1.99975495E+000, 1.99975495E+001
 7.96666667E+002, 2.05275317E+000, 8.32256656E-001, 2.40286460E+000, 1.00000000E+001, 1.99980006E+000, 1.99980006E+001
 8.03333333E+002, 1.99943561E+000, 8.26627087E-001, 2.41920791E+000, 1.00000000E+001, 1.99978279E+000, 1.99978279E+001
 8.10000000E+002, 1.94481135E+000, 8.21245684E-001, 2.43511687E+000, 1.00000000E+001, 1.99982922E+000, 1.99982922E+001
 8.16666667E+002, 1.88890720E+000, 8.16086472E-001, 2.45048861E+000, 1.00000000E+001, 1.99981061E+000, 1.99981061E+001
 8.23333333E+002, 1.83175316E+000, 8.11174847E-001, 2.46538438E+000, 1.00000000E+001, 1.99985780E+000, 1.99985780E+001
 8.30000000E+002, 1.77338211E+000, 8.06481929E-001, 2.47970504E+000, 1.00000000E+001, 1.99983731E+000, 1.99983731E+001
 8.36666667E+002, 1.71382953E+000, 8.02032446E-001, 2.49352108E+000, 1.00000000E+001, 1.99988481E+000, 1.99988481E+001
 8.43333333E+002, 1.65313316E+000, 7.97794853E-001, 2.50673721E+000, 1.00000000E+001, 1.99986205E+000, 1.99986205E+001
 8.50000000E+002, 1.59133266E+000, 7.93793531E-001, 2.51943292E+000, 1.00000000E+001, 1.99990956E+000, 1.99990956E+001
 8.56666667E+002, 1.52846930E+000, 7.89994518E-001, 2.53151664E+000, 1.00000000E+001, 1.99988427E+000, 1.99988427E+001
 8.63333333E+002, 1.46458561E+000, 7.86422162E-001, 2.54307634E+000, 1.00000000E+001, 1.99993160E+000, 1.99993160E+001
 8.70000000E+002, 1.39972510E+000, 7.83040335E-001, 2.55402382E+000, 1.00000000E+001, 1.99990367E+000, 1.99990367E+001
 8.76666667E+002, 1.33393188E+000, 7.79873654E-001, 2.56445479E+000, 1.00000000E+001, 1.99995072E+000, 1.99995072E+001
 8.83333333E+002, 1.26725044E+000, 7.76884067E-001, 2.57428391E+000, 1.00000000E+001, 1.99992015E+000, 1.99992015E+001
 8.90000000E+002, 1.19972531E+000, 7.74096746E-001, 2.58361368E+000, 1.00000000E+001, 1.99996694E+000, 1.99996694E+001
 8.96666667E+002, 1.13140081E+000, 7.71471942E-001, 2.59236106E+000, 1.00000000E+001, 1.99993382E+000, 1.99993382E+001
 9.03333333E+002, 1.06232084E+000, 7.69035634E-001, 2.60063422E+000, 1.00000000E+001, 1.99998039E+000, 1.99998039E+001
 9.10000000E+002, 9.92528626E-001, 7.66746592E-001, 2.60835183E+000, 1.00000000E+001, 1.99994488E+000, 1.99994488E+001
 9.16666667E+002, 9.22066522E-001, 7.64631821E-001, 2.61562659E+000, 1.00000000E+001, 1.99999132E+000, 1.99999132E+001
 9.23333333E+002, 8.50975861E-001, 7.62648807E-001, 2.62237822E+000, 1.00000000E+001, 1.99995362E+000, 1.99995362E+001
 9.30000000E+002, 7.79296786E-001, 7.60825757E-001, 2.62872284E+000, 1.00000000E+001, 2.00000004E+000, 2.00000004E+001
 9.36666667E+002, 7.07068125E-001, 7.59119057E-001, 2.63458066E+000, 1.00000000E+001, 1.99996039E+000, 1.99996039E+001
 9.43333333E+002, 6.34327291E-001, 7.57558249E-001, 2.64007010E+000, 1.00000000E+001, 2.00000688E+000, 2.00000688E+001
 9.50000000E+002, 5.61110191E-001, 7.56098783E-001, 2.64511139E+000, 1.00000000E+001, 1.99996550E+000, 1.99996550E+001
 9.56666667E+002, 4.87451168E-001, 7.54771641E-001, 2.64982419E+000, 1.00000000E+001, 2.00001215E+000, 2.00001215E+001
 9.63333333E+002, 4.13382950E-001, 7.53531557E-001, 2.65412811E+000, 1.00000000E+001, 1.99996929E+000, 1.99996929E+001
 9.70000000E+002, 3.38936629E-001, 7.52411026E-001, 2.65814315E+000, 1.00000000E+001, 2.00001622E+000, 2.00001622E+001
 9.76666667E+002, 2.64141643E-001, 7.51363136E-001, 2.66179189E+000, 1.00000000E+001, 1.99997230E+000, 1.99997230E+001
 9.83333333E+002, 1.89025783E-001, 7.50416619E-001, 2.66521185E+000, 1.00000000E+001, 2.00001926E+000, 2.00001926E+001
 9.90000000E+002, 1.13615203E-001, 7.49522376E-001, 2.66832488E+000, 1.00000000E+001, 1.99996920E+000, 1.99996920E+001
 9.96666667E+002, 3.79344508E-002, 7.48825751E-001, 2.67084902E+000, 1.00000000E+001, 2.00000053E+000, 2.00000053E+001
