   5000.2402519072002      ,         150
 X,ZB,H,U,L,Q,QL,0,0
   3.3333333299999999      ,   7.0463139479813162      ,  0.85063730977710073      ,   2.3031739623200482      ,   10.000000000000000      ,   1.9591657032565912      ,   19.591657032565912     
   10.000000000000000      ,   6.9705855538982116      ,  0.74239368733963262      ,   2.7396594096787452      ,   10.000000000000000      ,   2.0339058512061250      ,   20.339058512061250     
   16.666666670000001      ,   6.8951171784201115      ,  0.75731122101639770      ,   2.6851194355937769      ,   10.000000000000000      ,   2.0334710783443839      ,   20.334710783443839     
   23.333333329999999      ,   6.8199314313563359      ,  0.75933583919994652      ,   2.6778956635514422      ,   10.000000000000000      ,   2.0334221509727319      ,   20.334221509727321     
   30.000000000000000      ,   6.7450522134986093      ,  0.76038480843434031      ,   2.6742091190769712      ,   10.000000000000000      ,   2.0334279887227087      ,   20.334279887227087     
   36.666666669999998      ,   6.6705047019634360      ,  0.76153086612413046      ,   2.6701870791644149      ,   10.000000000000000      ,   2.0334298791095389      ,   20.334298791095389     
   43.333333330000002      ,   6.5963153216656902      ,  0.76277733030011285      ,   2.6658245226391464      ,   10.000000000000000      ,   2.0334305124272607      ,   20.334305124272607     
   50.000000000000000      ,   6.5225117016456302      ,  0.76413127239570677      ,   2.6611012921316477      ,   10.000000000000000      ,   2.0334307163304155      ,   20.334307163304153     
   56.666666669999998      ,   6.4491226150860088      ,  0.76559962422432593      ,   2.6559976070642275      ,   10.000000000000000      ,   2.0334307699090814      ,   20.334307699090814     
   63.333333330000002      ,   6.3761779019939340      ,  0.76718947228880485      ,   2.6504935717591773      ,   10.000000000000000      ,   2.0334307646227927      ,   20.334307646227927     
   70.000000000000000      ,   6.3037083737984609      ,  0.76890804590058459      ,   2.6445694521411189      ,   10.000000000000000      ,   2.0334307296942074      ,   20.334307296942072     
   76.666666669999998      ,   6.2317456992326665      ,  0.77076270132853386      ,   2.6382058578004539      ,   10.000000000000000      ,   2.0334306736190397      ,   20.334306736190399     
   83.333333330000002      ,   6.1603222713511796      ,  0.77276089574088336      ,   2.6313839237435390      ,   10.000000000000000      ,   2.0334305979502174      ,   20.334305979502176     
   90.000000000000000      ,   6.0894710557515008      ,  0.77491015205586611      ,   2.6240855106967285      ,   10.000000000000000      ,   2.0334305021015968      ,   20.334305021015968     
   96.666666669999998      ,   6.0192254205386906      ,  0.77721802209955526      ,   2.6162934043584722      ,   10.000000000000000      ,   2.0334303849676036      ,   20.334303849676036     
   103.33333333000000      ,   5.9496189489932867      ,  0.77969204645619383      ,   2.6079915199485932      ,   10.000000000000000      ,   2.0334302453291180      ,   20.334302453291180     
   110.00000000000000      ,   5.8806852363739193      ,  0.78233970726915647      ,   2.5991651239705051      ,   10.000000000000000      ,   2.0334300822312859      ,   20.334300822312859     
   116.66666667000000      ,   5.8124576727730597      ,  0.78516838038599279      ,   2.5898010488385852      ,   10.000000000000000      ,   2.0334298950385374      ,   20.334298950385374     
   123.33333333000000      ,   5.7449692144347395      ,  0.78818528428787871      ,   2.5798879067671305      ,   10.000000000000000      ,   2.0334296832261112      ,   20.334296832261110     
   130.00000000000000      ,   5.6782521464204549      ,  0.79139742254867107      ,   2.5694163117123558      ,   10.000000000000000      ,   2.0334294465436713      ,   20.334294465436713     
   136.66666667000001      ,   5.6123378399560178      ,  0.79481152643888420      ,   2.5583790838122229      ,   10.000000000000000      ,   2.0334291848141071      ,   20.334291848141071     
   143.33333332999999      ,   5.5472565081885854      ,  0.79843399450831476      ,   2.5467714444527019      ,   10.000000000000000      ,   2.0334288974940815      ,   20.334288974940815     
   150.00000000000000      ,   5.4830369644101413      ,  0.80227082672730976      ,   2.5345912077896449      ,   10.000000000000000      ,   2.0334285836891688      ,   20.334285836891688     
   156.66666667000001      ,   5.4197063870426820      ,  0.80632755984415572      ,   2.5218389434725390      ,   10.000000000000000      ,   2.0334282416101761      ,   20.334282416101761     
   163.33333332999999      ,   5.3572900958145144      ,  0.81060920004220582      ,   2.5085181215870294      ,   10.000000000000000      ,   2.0334278678310387      ,   20.334278678310387     
   170.00000000000000      ,   5.2958113435719385      ,  0.81512015129366566      ,   2.4946352434332986      ,   10.000000000000000      ,   2.0334274570498607      ,   20.334274570498607     
   176.66666667000001      ,   5.2352911280562893      ,  0.81986414553078446      ,   2.4801999357442148      ,   10.000000000000000      ,   2.0334270010644371      ,   20.334270010644371     
   183.33333332999999      ,   5.1757480277270078      ,  0.82484416975108443      ,   2.4652250234087472      ,   10.000000000000000      ,   2.0334264876831858      ,   20.334264876831860     
   190.00000000000000      ,   5.1171980653270008      ,  0.83006238925151932      ,   2.4497265826543662      ,   10.000000000000000      ,   2.0334259002110429      ,   20.334259002110429     
   196.66666667000001      ,   5.0596546023727296      ,  0.83552007245510507      ,   2.4337239560012418      ,   10.000000000000000      ,   2.0334252160538826      ,   20.334252160538824     
   203.33333332999999      ,   5.0031282671200055      ,  0.84121751242599463      ,   2.4172397455132373      ,   10.000000000000000      ,   2.0334244056578896      ,   20.334244056578896     
   210.00000000000000      ,   4.9476269178244587      ,  0.84715394629323537      ,   2.4002997815956815      ,   10.000000000000000      ,   2.0334234322655727      ,   20.334234322655725     
   216.66666667000001      ,   4.8931556423059313      ,  0.85332747865650549      ,   2.3829330495136967      ,   10.000000000000000      ,   2.0334222509487807      ,   20.334222509487809     
   223.33333332999999      ,   4.8397167939649952      ,  0.85973500578819118      ,   2.3651715875892183      ,   10.000000000000000      ,   2.0334208085460821      ,   20.334208085460823     
   230.00000000000000      ,   4.7873100635171166      ,  0.86637214450815447      ,   2.3470503494979789      ,   10.000000000000000      ,   2.0334190445631775      ,   20.334190445631776     
   236.66666667000001      ,   4.7359325848366796      ,  0.87323317203836748      ,   2.3286070164207180      ,   10.000000000000000      ,   2.0334168913798623      ,   20.334168913798621     
   243.33333332999999      ,   4.6855790724702508      ,  0.88031097432787897      ,   2.3098817746124620      ,   10.000000000000000      ,   2.0334142755913067      ,   20.334142755913067     
   250.00000000000000      ,   4.6362419876152385      ,  0.88759700683205711      ,   2.2909170539713011      ,   10.000000000000000      ,   2.0334111200054412      ,   20.334111200054412     
   256.66666666999998      ,   4.5879117286923297      ,  0.89508127166223472      ,   2.2717572236762926      ,   10.000000000000000      ,   2.0334073446760437      ,   20.334073446760435     
   263.33333333000002      ,   4.5405768420916690      ,  0.90275230706599507      ,   2.2524482663569043      ,   10.000000000000000      ,   2.0334028690004962      ,   20.334028690004963     
   270.00000000000000      ,   4.4942242482546897      ,  0.91059719135207429      ,   2.2330374322753257      ,   10.000000000000000      ,   2.0333976140139596      ,   20.333976140139598     
   276.66666666999998      ,   4.4488394779848202      ,  0.91860070014052031      ,   2.2135741899002332      ,   10.000000000000000      ,   2.0333908006553392      ,   20.333908006553393     
   283.33333333000002      ,   4.4044069137559587      ,  0.92674131115068636      ,   2.1941150838036827      ,   10.000000000000000      ,   2.0333770895797230      ,   20.333770895797230     
   290.00000000000000      ,   4.3609100308120485      ,  0.93500610526137251      ,   2.1746967175724778      ,   10.000000000000000      ,   2.0333547080221335      ,   20.333547080221337     
   296.66666666999998      ,   4.3183316330139041      ,  0.94337739335711146      ,   2.1553727036029486      ,   10.000000000000000      ,   2.0333298828380197      ,   20.333298828380197     
   303.33333333000002      ,   4.2766540786785914      ,  0.95183543905027590      ,   2.1361926317242816      ,   10.000000000000000      ,   2.0333038515132458      ,   20.333038515132458     
   310.00000000000000      ,   4.2358594920555417      ,  0.96035866890487731      ,   2.1172052293547505      ,   10.000000000000000      ,   2.0332763958615736      ,   20.332763958615736     
   316.66666666999998      ,   4.1959299565728951      ,  0.96892148024900049      ,   2.0984617947725894      ,   10.000000000000000      ,   2.0332447084370315      ,   20.332447084370315     
   323.33333333000002      ,   4.1568476865461470      ,  0.97751499723375335      ,   2.0800333580420931      ,   10.000000000000000      ,   2.0332638022326313      ,   20.332638022326314     
   330.00000000000000      ,   4.1185951746472726      ,  0.98607544097369759      ,   2.0618943468756079      ,   10.000000000000000      ,   2.0331833773365391      ,   20.331833773365389     
   336.66666666999998      ,   4.0811553130649498      ,  0.99465985054874806      ,   2.0442648252066582      ,   10.000000000000000      ,   2.0333481455221172      ,   20.333481455221172     
   343.33333333000002      ,   4.0445114869252983      ,   1.0031078629214489      ,   2.0268423621683436      ,   10.000000000000000      ,   2.0331415103933486      ,   20.331415103933487     
   350.00000000000000      ,   4.0086476391697028      ,   1.0115779490005603      ,   2.0101590208747480      ,   10.000000000000000      ,   2.0334325395014519      ,   20.334325395014517     
   356.66666666999998      ,   3.9735483066863653      ,   1.0198113749667947      ,   1.9936063689912273      ,   10.000000000000000      ,   2.0331024523035026      ,   20.331024523035026     
   363.33333333000002      ,   3.9391986280525497      ,   1.0280459501321504      ,   1.9779950503312900      ,   10.000000000000000      ,   2.0334698008745216      ,   20.334698008745214     
   370.00000000000000      ,   3.9055843237550838      ,   1.0359743363105238      ,   1.9625221337146357      ,   10.000000000000000      ,   2.0331225649697329      ,   20.331225649697330     
   376.66666666999998      ,   3.8726916502107742      ,   1.0438554745319442      ,   1.9480731648608629      ,   10.000000000000000      ,   2.0335068379287824      ,   20.335068379287826     
   383.33333333000002      ,   3.8405073293014822      ,   1.0513701292505830      ,   1.9338077537115814      ,   10.000000000000000      ,   2.0331477079655249      ,   20.331477079655251     
   390.00000000000000      ,   3.8090184554688284      ,   1.0587881515674549      ,   1.9206350841714823      ,   10.000000000000000      ,   2.0335456706055268      ,   20.335456706055268     
   396.66666666999998      ,   3.7782123826808975      ,   1.0657806455173269      ,   1.9076852588065480      ,   10.000000000000000      ,   2.0331740265747316      ,   20.331740265747314     
   403.33333333000002      ,   3.7480765937897274      ,   1.0726287665043541      ,   1.8958894778639244      ,   10.000000000000000      ,   2.0335855920697652      ,   20.335855920697654     
   410.00000000000000      ,   3.7185985549468028      ,   1.0789943543377094      ,   1.8843479851480491      ,   10.000000000000000      ,   2.0332008375823829      ,   20.332008375823829     
   416.66666666999998      ,   3.6897655578384425      ,   1.0851707104816466      ,   1.8740147859578453      ,   10.000000000000000      ,   2.0336259567309858      ,   20.336259567309860     
   423.33333333000002      ,   3.6615645525483527      ,   1.0908108032927104      ,   1.8639598310581946      ,   10.000000000000000      ,   2.0332275206219341      ,   20.332275206219343     
   430.00000000000000      ,   3.6339819738560513      ,   1.0962209218887631      ,   1.8551609014120920      ,   10.000000000000000      ,   2.0336661935979521      ,   20.336661935979521     
   436.66666666999998      ,   3.6070035637424733      ,   1.1010455273796014      ,   1.8466570838723813      ,   10.000000000000000      ,   2.0332535228015427      ,   20.332535228015427     
   443.33333333000002      ,   3.5806141928028903      ,   1.1056047210909936      ,   1.8394510794069372      ,   10.000000000000000      ,   2.0337057976082340      ,   20.337057976082342     
   450.00000000000000      ,   3.5547976831677377      ,   1.1095347697615510      ,   1.8325503479685747      ,   10.000000000000000      ,   2.0332783284097626      ,   20.332783284097626     
   456.66666666999998      ,   3.5295366354084301      ,   1.1131704030320060      ,   1.8269837454753601      ,   10.000000000000000      ,   2.0337442322837305      ,   20.337442322837305     
   463.33333333000002      ,   3.5048122617624031      ,   1.1161399937881047      ,   1.8217259294880366      ,   10.000000000000000      ,   2.0333011676224064      ,   20.333011676224064     
   470.00000000000000      ,   3.4806042278536191      ,   1.1187938883148680      ,   1.8178326749497669      ,   10.000000000000000      ,   2.0337800867128673      ,   20.337800867128671     
   476.66666666999998      ,   3.4568905049152150      ,   1.1207533981147995      ,   1.8142426156118492      ,   10.000000000000000      ,   2.0333185764516619      ,   20.333185764516621     
   483.33333333000002      ,   3.4336472343433808      ,   1.1223872820422915      ,   1.8120340873700600      ,   10.000000000000000      ,   2.0338040142912659      ,   20.338040142912661     
   490.00000000000000      ,   3.4108486062289063      ,   1.1233159061261575      ,   1.8100909565824879      ,   10.000000000000000      ,   2.0333039630642205      ,   20.333039630642205     
   496.66666666999998      ,   3.3884667533279971      ,   1.1239448401409842      ,   1.8094657132441361      ,   10.000000000000000      ,   2.0337396518127724      ,   20.337396518127726     
   503.33333333000002      ,   3.3664716617491197      ,   1.1239422914632673      ,   1.8087907005148882      ,   10.000000000000000      ,   2.0329763647141519      ,   20.329763647141519     
   510.00000000000000      ,   3.3448310994502379      ,   1.1233739539089784      ,   1.8097432367310025      ,   10.000000000000000      ,   2.0330184154065387      ,   20.330184154065385     
   516.66666667000004      ,   3.3235105634623650      ,   1.1223087895395607      ,   1.8114583412487648      ,   10.000000000000000      ,   2.0330156182682417      ,   20.330156182682416     
   523.33333332999996      ,   3.3024732465826538      ,   1.1206927099053670      ,   1.8141063683360998      ,   10.000000000000000      ,   2.0330557819871675      ,   20.330557819871675     
   530.00000000000000      ,   3.2816800241143822      ,   1.1185857283799954      ,   1.8175287898637393      ,   10.000000000000000      ,   2.0330617652613423      ,   20.330617652613423     
   536.66666667000004      ,   3.2610894610732459      ,   1.1159489677760819      ,   1.8218603602059980      ,   10.000000000000000      ,   2.0331031884040440      ,   20.331031884040442     
   543.33333332999996      ,   3.2406578401297175      ,   1.1128365058159146      ,   1.8269688267247488      ,   10.000000000000000      ,   2.0331176053669706      ,   20.331176053669708     
   550.00000000000000      ,   3.2203392104164839      ,   1.1092226757401784      ,   1.8329597774999833      ,   10.000000000000000      ,   2.0331605489226536      ,   20.331605489226536     
   556.66666667000004      ,   3.2000854571976958      ,   1.1051572063899098      ,   1.8397220666994532      ,   10.000000000000000      ,   2.0331820997674388      ,   20.331820997674388     
   563.33333332999996      ,   3.1798463922727302      ,   1.1006408543108623      ,   1.8472701017800732      ,   10.000000000000000      ,   2.0331809429661334      ,   20.331809429661334     
   570.00000000000000      ,   3.1595698648704933      ,   1.0956718093770603      ,   1.8556564841172727      ,   10.000000000000000      ,   2.0331904975350463      ,   20.331904975350461     
   576.66666667000004      ,   3.1392018926796377      ,   1.0902949774182136      ,   1.8648049365272898      ,   10.000000000000000      ,   2.0331874561603946      ,   20.331874561603946     
   583.33333332999996      ,   3.1186868125539786      ,   1.0845203375821755      ,   1.8747380792285375      ,   10.000000000000000      ,   2.0331915745630926      ,   20.331915745630926     
   590.00000000000000      ,   3.0979674503289250      ,   1.0783816481969901      ,   1.8854078627641464      ,   10.000000000000000      ,   2.0331892385711647      ,   20.331892385711647     
   596.66666667000004      ,   3.0769853090816088      ,   1.0718933392681254      ,   1.8968244952860236      ,   10.000000000000000      ,   2.0331935422577123      ,   20.331935422577125     
   603.33333332999996      ,   3.0556807750621959      ,   1.0650887892742440      ,   1.9089426695540597      ,   10.000000000000000      ,   2.0331934367092765      ,   20.331934367092764     
   610.00000000000000      ,   3.0339933404142250      ,   1.0579863192401771      ,   1.9217626072927991      ,   10.000000000000000      ,   2.0331985473431144      ,   20.331985473431146     
   616.66666667000004      ,   3.0118618416849645      ,   1.0506188662455802      ,   1.9352408494804454      ,   10.000000000000000      ,   2.0332005471932790      ,   20.332005471932789     
   623.33333332999996      ,   2.9892247130004970      ,   1.0430076727330588      ,   1.9493686819672797      ,   10.000000000000000      ,   2.0332064922774027      ,   20.332064922774027     
   630.00000000000000      ,   2.9660202526425650      ,   1.0351849448870221      ,   1.9641034231825232      ,   10.000000000000000      ,   2.0332102938796117      ,   20.332102938796119     
   636.66666667000004      ,   2.9421869016134621      ,   1.0271738683754534      ,   1.9794282813463413      ,   10.000000000000000      ,   2.0332170049222968      ,   20.332170049222967     
   643.33333332999996      ,   2.9176635326106783      ,   1.0190055636286903      ,   1.9953004818493889      ,   10.000000000000000      ,   2.0332222921155338      ,   20.332222921155338     
   650.00000000000000      ,   2.8923897476548874      ,   1.0107042271504536      ,   2.0116960120954706      ,   10.000000000000000      ,   2.0332296631666020      ,   20.332296631666019     
   656.66666667000004      ,   2.8663061824241520      ,   1.0022995069467013      ,   2.0285714100176593      ,   10.000000000000000      ,   2.0332361240668746      ,   20.332361240668746     
   663.33333332999996      ,   2.8393548151465451      ,  0.99381573034158399      ,   2.0458963934515753      ,   10.000000000000000      ,   2.0332440184612901      ,   20.332440184612899     
   670.00000000000000      ,   2.8114792776966575      ,  0.98528066359177680      ,   2.0636265553389275      ,   10.000000000000000      ,   2.0332513418499509      ,   20.332513418499509     
   676.66666667000004      ,   2.7826251663338510      ,  0.97671872267895221      ,   2.0817217509467665      ,   10.000000000000000      ,   2.0332566095577178      ,   20.332566095577178     
   683.33333332999996      ,   2.7527403493183540      ,  0.96815908727868027      ,   2.1001120257932726      ,   10.000000000000000      ,   2.0332425420749951      ,   20.332425420749949     
   690.00000000000000      ,   2.7217752684536864      ,  0.95961906982942846      ,   2.1187764676630572      ,   10.000000000000000      ,   2.0332183030753050      ,   20.332183030753050     
   696.66666667000004      ,   2.6896832314392318      ,  0.95112447736256067      ,   2.1376739651231809      ,   10.000000000000000      ,   2.0331940328493383      ,   20.331940328493381     
   703.33333332999996      ,   2.6564206917853923      ,  0.94269750563885224      ,   2.1567590732072279      ,   10.000000000000000      ,   2.0331713985764166      ,   20.331713985764168     
   710.00000000000000      ,   2.6219475129558569      ,  0.93435882247656887      ,   2.1759843767806983      ,   10.000000000000000      ,   2.0331502000162240      ,   20.331502000162239     
   716.66666667000004      ,   2.5862272133675241      ,  0.92612828268903669      ,   2.1952984150236743      ,   10.000000000000000      ,   2.0331279510958398      ,   20.331279510958396     
   723.33333332999996      ,   2.5492271889079361      ,  0.91802705296362874      ,   2.2146712842131002      ,   10.000000000000000      ,   2.0331281523293274      ,   20.331281523293274     
   730.00000000000000      ,   2.5109189097314060      ,  0.91006322689554686      ,   2.2340028703805914      ,   10.000000000000000      ,   2.0330838611124751      ,   20.330838611124751     
   736.66666667000004      ,   2.4712780882742913      ,  0.90227759598524648      ,   2.2533610743948276      ,   10.000000000000000      ,   2.0331572130916973      ,   20.331572130916975     
   743.33333332999996      ,   2.4302848156912256      ,  0.89463333198707606      ,   2.2725201806792259      ,   10.000000000000000      ,   2.0330723012489278      ,   20.330723012489280     
   750.00000000000000      ,   2.3879236642584032      ,  0.88720995375061840      ,   2.2916478566390910      ,   10.000000000000000      ,   2.0331727889014717      ,   20.331727889014715     
   756.66666667000004      ,   2.3441837537143515      ,  0.87994474611581541      ,   2.3104718452422635      ,   10.000000000000000      ,   2.0330875612694430      ,   20.330875612694431     
   763.33333332999996      ,   2.2990587800070248      ,  0.87292277257008466      ,   2.3291802708659337      ,   10.000000000000000      ,   2.0331944998598317      ,   20.331944998598317     
   770.00000000000000      ,   2.2525470054786054      ,  0.86607565400256492      ,   2.3474947442253660      ,   10.000000000000000      ,   2.0331080458725679      ,   20.331080458725680     
   776.66666667000004      ,   2.2046512101325484      ,  0.85948872991319458      ,   2.3656165358030008      ,   10.000000000000000      ,   2.0332207518189724      ,   20.332207518189726     
   783.33333332999996      ,   2.1553786042751373      ,  0.85308793131209404      ,   2.3832621129464799      ,   10.000000000000000      ,   2.0331321457080027      ,   20.331321457080026     
   790.00000000000000      ,   2.1047407034872223      ,  0.84695914272642137      ,   2.4006470047566237      ,   10.000000000000000      ,   2.0332499291374213      ,   20.332499291374212     
   796.66666667000004      ,   2.0527531675407924      ,  0.84102263877773287      ,   2.4174834249137116      ,   10.000000000000000      ,   2.0331582892223610      ,   20.331582892223608     
   803.33333332999996      ,   1.9994356055087406      ,  0.83536517179480729      ,   2.4340020008118626      ,   10.000000000000000      ,   2.0332804995571063      ,   20.332804995571063     
   810.00000000000000      ,   1.9448113499043713      ,  0.82990144243954433      ,   2.4499114411481209      ,   10.000000000000000      ,   2.0331850388579684      ,   20.331850388579685     
   816.66666667000004      ,   1.8889072032108043      ,  0.82471943314213525      ,   2.4654579735543671      ,   10.000000000000000      ,   2.0333111023855150      ,   20.333111023855150     
   823.33333332999996      ,   1.8317531606031312      ,  0.81972838847031348      ,   2.4803473850891651      ,   10.000000000000000      ,   2.0332111648256972      ,   20.332111648256973     
   830.00000000000000      ,   1.7733821130145626      ,  0.81501791304904947      ,   2.4948416196998613      ,   10.000000000000000      ,   2.0333406102756912      ,   20.333406102756911     
   836.66666667000004      ,   1.7138295349424317      ,  0.81049193768685135      ,   2.5086439491191044      ,   10.000000000000000      ,   2.0332356952879378      ,   20.332356952879380     
   843.33333332999996      ,   1.6531331615254550      ,  0.80624209345159348      ,   2.5220317550282574      ,   10.000000000000000      ,   2.0333681619253787      ,   20.333681619253788     
   850.00000000000000      ,   1.5913326594492632      ,  0.80216716017568523      ,   2.5347060275487854      ,   10.000000000000000      ,   2.0332579359990013      ,   20.332579359990014     
   856.66666667000004      ,   1.5284692961560111      ,  0.79836119704712738      ,   2.5469589176559131      ,   10.000000000000000      ,   2.0333931703296306      ,   20.333931703296308     
   863.33333332999996      ,   1.4645856116531075      ,  0.79471800464818221      ,   2.5584892386218407      ,   10.000000000000000      ,   2.0332774626313963      ,   20.332774626313963     
   870.00000000000000      ,   1.3997250969463217      ,  0.79133446106498684      ,   2.5696028732282534      ,   10.000000000000000      ,   2.0334153048371215      ,   20.334153048371213     
   876.66666667000004      ,   1.3339318827766848      ,  0.78809956332077302      ,   2.5799964746687567      ,   10.000000000000000      ,   2.0332940950555809      ,   20.332940950555809     
   883.33333332999996      ,   1.2672504419338968      ,  0.78511336903052475      ,   2.5899883187269652      ,   10.000000000000000      ,   2.0334344546654322      ,   20.334344546654322     
   890.00000000000000      ,   1.1997253079674719      ,  0.78226025549704470      ,   2.5992728640844591      ,   10.000000000000000      ,   2.0333078547652441      ,   20.333078547652441     
   896.66666667000004      ,   1.1314008126368049      ,  0.77964377760512238      ,   2.6081792012617635      ,   10.000000000000000      ,   2.0334506851428320      ,   20.334506851428319     
   903.33333332999996      ,   1.0623208439487823      ,  0.77714387806960583      ,   2.6163995779060283      ,   10.000000000000000      ,   2.0333189145535706      ,   20.333189145535705     
   910.00000000000000      ,  0.99252862614128234      ,  0.77486787820521874      ,   2.6242721441026293      ,   10.000000000000000      ,   2.0334641881338644      ,   20.334641881338644     
   916.66666667000004      ,  0.92206652249598908      ,  0.77269147577519148      ,   2.6314869696287277      ,   10.000000000000000      ,   2.0333275500456081      ,   20.333275500456082     
   923.33333332999996      ,  0.85097586141578274      ,  0.77072596139807814      ,   2.6383894331607176      ,   10.000000000000000      ,   2.0334752324153245      ,   20.334752324153243     
   930.00000000000000      ,  0.77929678578962680      ,  0.76884301219593321      ,   2.6446674497915947      ,   10.000000000000000      ,   2.0333340883543065      ,   20.333340883543066     
   936.66666667000004      ,  0.70706812529803820      ,  0.76715807293850102      ,   2.6506716130557759      ,   10.000000000000000      ,   2.0334841266646571      ,   20.334841266646571     
   943.33333332999996      ,  0.63432729098962581      ,  0.76553907195460091      ,   2.6560877279969595      ,   10.000000000000000      ,   2.0333389343207968      ,   20.333389343207969     
   950.00000000000000      ,  0.56111019118625538      ,  0.76410509513684688      ,   2.6612719309780037      ,   10.000000000000000      ,   2.0334914420049679      ,   20.334914420049678     
   956.66666667000004      ,  0.48745116755167833      ,  0.76271728521023974      ,   2.6659193171279689      ,   10.000000000000000      ,   2.0333427441493805      ,   20.333427441493804     
   963.33333332999996      ,  0.41338294998499053      ,  0.76149271890946313      ,   2.6704066340015680      ,   10.000000000000000      ,   2.0334952083197217      ,   20.334952083197216     
   970.00000000000000      ,  0.33893662887371812      ,  0.76031715290090762      ,   2.6743205374399732      ,   10.000000000000000      ,   2.0333317769707855      ,   20.333317769707854     
   976.66666667000004      ,  0.26414164315812971      ,  0.75954897661365961      ,   2.6772151986926689      ,   10.000000000000000      ,   2.0334760643415519      ,   20.334760643415521     
   983.33333332999996      ,  0.18902578261452241      ,  0.76147669407147034      ,   2.6713661328100944      ,   10.000000000000000      ,   2.0341830514667190      ,   20.341830514667190     
   990.00000000000000      ,  0.11361520275607757      ,  0.78375681389589946      ,   2.6013102388836171      ,   10.000000000000000      ,   2.0387946247822049      ,   20.387946247822050     
   996.66666667000004      ,   3.7934450770463382E-002 ,  0.82746276122131235      ,   2.4179225631887413      ,   10.000000000000000      ,   2.0007408805554689      ,   20.007408805554689     
