   5000.1393275255987      ,         150
 X,ZB,H,U,L,Q,QL,0,0
   3.3333333299999999      ,   7.0463139479813162      ,  0.84014231496397862      ,   2.3362773912287031      ,   10.000000000000000      ,   1.9628054958648873      ,   19.628054958648875     
   10.000000000000000      ,   6.9705855538982116      ,  0.75349476959492123      ,   2.6939890160557458      ,   10.000000000000000      ,   2.0299066329441726      ,   20.299066329441725     
   16.666666670000001      ,   6.8951171784201115      ,  0.75609581779905000      ,   2.6840769235680506      ,   10.000000000000000      ,   2.0294193365607436      ,   20.294193365607434     
   23.333333329999999      ,   6.8199314313563359      ,  0.75804506057137999      ,   2.6768946500706345      ,   10.000000000000000      ,   2.0292067671559972      ,   20.292067671559973     
   30.000000000000000      ,   6.7450522134986093      ,  0.75932950042579561      ,   2.6722894355544491      ,   10.000000000000000      ,   2.0291482020926912      ,   20.291482020926914     
   36.666666669999998      ,   6.6705047019634360      ,  0.76053727024501572      ,   2.6680600654578157      ,   10.000000000000000      ,   2.0291591190330251      ,   20.291591190330251     
   43.333333330000002      ,   6.5963153216656902      ,  0.76178533119158276      ,   2.6637015569270019      ,   10.000000000000000      ,   2.0291687727391707      ,   20.291687727391707     
   50.000000000000000      ,   6.5225117016456302      ,  0.76312446611838847      ,   2.6590347812795008      ,   10.000000000000000      ,   2.0291744978541448      ,   20.291744978541448     
   56.666666669999998      ,   6.4491226150860088      ,  0.76458196832710690      ,   2.6539680618639938      ,   10.000000000000000      ,   2.0291761246172495      ,   20.291761246172495     
   63.333333330000002      ,   6.3761779019939340      ,  0.76616720816236938      ,   2.6484760158481619      ,   10.000000000000000      ,   2.0291754749473814      ,   20.291754749473814     
   70.000000000000000      ,   6.3037083737984609      ,  0.76788391642436293      ,   2.6425533089678579      ,   10.000000000000000      ,   2.0291741842503983      ,   20.291741842503981     
   76.666666669999998      ,   6.2317456992326665      ,  0.76973672379640945      ,   2.6361909489240021      ,   10.000000000000000      ,   2.0291729843265092      ,   20.291729843265092     
   83.333333330000002      ,   6.1603222713511796      ,  0.77173226933213845      ,   2.6293729824565903      ,   10.000000000000000      ,   2.0291719786718376      ,   20.291719786718375     
   90.000000000000000      ,   6.0894710557515008      ,  0.77387825136871302      ,   2.6220804933591189      ,   10.000000000000000      ,   2.0291710671487673      ,   20.291710671487671     
   96.666666669999998      ,   6.0192254205386906      ,  0.77618253022575989      ,   2.6142950811439070      ,   10.000000000000000      ,   2.0291701708390359      ,   20.291701708390359     
   103.33333333000000      ,   5.9496189489932867      ,  0.77865278230935431      ,   2.6060001578161547      ,   10.000000000000000      ,   2.0291692735821654      ,   20.291692735821655     
   110.00000000000000      ,   5.8806852363739193      ,  0.78129648514925343      ,   2.5971810072899322      ,   10.000000000000000      ,   2.0291683922920214      ,   20.291683922920214     
   116.66666667000000      ,   5.8124576727730597      ,  0.78412096695798161      ,   2.5878246253852457      ,   10.000000000000000      ,   2.0291675475747555      ,   20.291675475747553     
   123.33333333000000      ,   5.7449692144347395      ,  0.78713340755653594      ,   2.5779197443330109      ,   10.000000000000000      ,   2.0291667527641168      ,   20.291667527641167     
   130.00000000000000      ,   5.6782521464204549      ,  0.79034078838197774      ,   2.5674570323560522      ,   10.000000000000000      ,   2.0291660150891353      ,   20.291660150891353     
   136.66666667000001      ,   5.6123378399560178      ,  0.79374982350602030      ,   2.5564293421608384      ,   10.000000000000000      ,   2.0291653391457771      ,   20.291653391457771     
   143.33333332999999      ,   5.5472565081885854      ,  0.79736689074523759      ,   2.5448319358839835      ,   10.000000000000000      ,   2.0291647281849956      ,   20.291647281849954     
   150.00000000000000      ,   5.4830369644101413      ,  0.80119796507266261      ,   2.5326626781041046      ,   10.000000000000000      ,   2.0291641839124885      ,   20.291641839124885     
   156.66666667000001      ,   5.4197063870426820      ,  0.80524855356555403      ,   2.5199221986154998      ,   10.000000000000000      ,   2.0291637055328620      ,   20.291637055328621     
   163.33333332999999      ,   5.3572900958145144      ,  0.80952362912761755      ,   2.5066140326490260      ,   10.000000000000000      ,   2.0291632885322519      ,   20.291632885322521     
   170.00000000000000      ,   5.2958113435719385      ,  0.81402756073216676      ,   2.4927447448031077      ,   10.000000000000000      ,   2.0291629241400013      ,   20.291629241400013     
   176.66666667000001      ,   5.2352911280562893      ,  0.81876404281912674      ,   2.4783240257836696      ,   10.000000000000000      ,   2.0291625987664110      ,   20.291625987664112     
   183.33333332999999      ,   5.1757480277270078      ,  0.82373602417091729      ,   2.4633647594712418      ,   10.000000000000000      ,   2.0291622930495885      ,   20.291622930495883     
   190.00000000000000      ,   5.1171980653270008      ,  0.82894563490542628      ,   2.4478830648624026      ,   10.000000000000000      ,   2.0291619813766051      ,   20.291619813766051     
   196.66666667000001      ,   5.0596546023727296      ,  0.83439411383337347      ,   2.4318983051437342      ,   10.000000000000000      ,   2.0291616312532890      ,   20.291616312532888     
   203.33333332999999      ,   5.0031282671200055      ,  0.84008173588040136      ,   2.4154330653473091      ,   10.000000000000000      ,   2.0291612024398864      ,   20.291612024398866     
   210.00000000000000      ,   4.9476269178244587      ,  0.84600773841390375      ,   2.3985131042748038      ,   10.000000000000000      ,   2.0291606469036383      ,   20.291606469036381     
   216.66666667000001      ,   4.8931556423059313      ,  0.85217024961205157      ,   2.3811672723063375      ,   10.000000000000000      ,   2.0291599088093397      ,   20.291599088093399     
   223.33333332999999      ,   4.8397167939649952      ,  0.85856621956782253      ,   2.3634273959125243      ,   10.000000000000000      ,   2.0291589245316395      ,   20.291589245316395     
   230.00000000000000      ,   4.7873100635171166      ,  0.86519135434578143      ,   2.3453281329647373      ,   10.000000000000000      ,   2.0291576237450242      ,   20.291576237450244     
   236.66666667000001      ,   4.7359325848366796      ,  0.87204005738970047      ,   2.3269067897875373      ,   10.000000000000000      ,   2.0291559305068079      ,   20.291559305068077     
   243.33333332999999      ,   4.6855790724702508      ,  0.87910537950055168      ,   2.3082031024421483      ,   10.000000000000000      ,   2.0291537643367556      ,   20.291537643367555     
   250.00000000000000      ,   4.6362419876152385      ,  0.88637897782370723      ,   2.2892589886013233      ,   10.000000000000000      ,   2.0291510422901746      ,   20.291510422901744     
   256.66666666999998      ,   4.5879117286923297      ,  0.89385108772655442      ,   2.2701182652293048      ,   10.000000000000000      ,   2.0291476806431330      ,   20.291476806431330     
   263.33333333000002      ,   4.5405768420916690      ,  0.90151050735419580      ,   2.2508263407182301      ,   10.000000000000000      ,   2.0291435963870796      ,   20.291435963870796     
   270.00000000000000      ,   4.4942242482546897      ,  0.90934459325030637      ,   2.2314298908776240      ,   10.000000000000000      ,   2.0291387064866884      ,   20.291387064866882     
   276.66666666999998      ,   4.4488394779848202      ,  0.91733740588759716      ,   2.2119796544368571      ,   10.000000000000000      ,   2.0291316780772499      ,   20.291316780772497     
   283.33333333000002      ,   4.4044069137559587      ,  0.92546577363355342      ,   2.1925369789762956      ,   10.000000000000000      ,   2.0291179314684715      ,   20.291179314684715     
   290.00000000000000      ,   4.3609100308120485      ,  0.93371695565606538      ,   2.1731435589347936      ,   10.000000000000000      ,   2.0291009880521829      ,   20.291009880521827     
   296.66666666999998      ,   4.3183316330139041      ,  0.94207441469575159      ,   2.1538426803127715      ,   10.000000000000000      ,   2.0290800824023831      ,   20.290800824023833     
   303.33333333000002      ,   4.2766540786785914      ,  0.95051873717478763      ,   2.1346840905232822      ,   10.000000000000000      ,   2.0290572259913002      ,   20.290572259913002     
   310.00000000000000      ,   4.2358594920555417      ,  0.95902834590288433      ,   2.1157172412123568      ,   10.000000000000000      ,   2.0290328062381002      ,   20.290328062381001     
   316.66666666999998      ,   4.1959299565728951      ,  0.96757820668371330      ,   2.0969937924016975      ,   10.000000000000000      ,   2.0290054930789134      ,   20.290054930789132     
   323.33333333000002      ,   4.1568476865461470      ,  0.97615713898641054      ,   2.0785788429778504      ,   10.000000000000000      ,   2.0290195765189418      ,   20.290195765189416     
   330.00000000000000      ,   4.1185951746472726      ,  0.98470578244720763      ,   2.0604682713592930      ,   10.000000000000000      ,   2.0289550213564977      ,   20.289550213564979     
   336.66666666999998      ,   4.0811553130649498      ,  0.99327555840577419      ,   2.0428361638077956      ,   10.000000000000000      ,   2.0290992313376979      ,   20.290992313376979     
   343.33333333000002      ,   4.0445114869252983      ,   1.0017123471485134      ,   2.0254596470913722      ,   10.000000000000000      ,   2.0289279371424982      ,   20.289279371424982     
   350.00000000000000      ,   4.0086476391697028      ,   1.0101691116189739      ,   2.0087529760476301      ,   10.000000000000000      ,   2.0291802092760047      ,   20.291802092760047     
   356.66666666999998      ,   3.9735483066863653      ,   1.0183916701387736      ,   1.9922603666887448      ,   10.000000000000000      ,   2.0289013621834364      ,   20.289013621834364     
   363.33333333000002      ,   3.9391986280525497      ,   1.0266155341457202      ,   1.9766115202548074      ,   10.000000000000000      ,   2.0292200916649730      ,   20.292200916649730     
   370.00000000000000      ,   3.9055843237550838      ,   1.0345329360730071      ,   1.9611985196282549      ,   10.000000000000000      ,   2.0289244627330536      ,   20.289244627330536     
   376.66666666999998      ,   3.8726916502107742      ,   1.0424051465895896      ,   1.9467093032509279      ,   10.000000000000000      ,   2.0292597966226014      ,   20.292597966226012     
   383.33333333000002      ,   3.8405073293014822      ,   1.0499095194813215      ,   1.9325014926119144      ,   10.000000000000000      ,   2.0289517135051116      ,   20.289517135051117     
   390.00000000000000      ,   3.8090184554688284      ,   1.0573204570881671      ,   1.9192866056328317      ,   10.000000000000000      ,   2.0293009911509023      ,   20.293009911509024     
   396.66666666999998      ,   3.7782123826808975      ,   1.0643031972131229      ,   1.9063919017376683      ,   10.000000000000000      ,   2.0289789961606060      ,   20.289789961606061     
   403.33333333000002      ,   3.7480765937897274      ,   1.0711462217107470      ,   1.8945527633374792      ,   10.000000000000000      ,   2.0293430342805960      ,   20.293430342805962     
   410.00000000000000      ,   3.7185985549468028      ,   1.0775022949569473      ,   1.8830639210699551      ,   10.000000000000000      ,   2.0290056965035044      ,   20.290056965035042     
   416.66666666999998      ,   3.6897655578384425      ,   1.0836756563386212      ,   1.8726870829700712      ,   10.000000000000000      ,   2.0293854037544499      ,   20.293854037544499     
   423.33333333000002      ,   3.6615645525483527      ,   1.0893061371647983      ,   1.8626823080257846      ,   10.000000000000000      ,   2.0290312697207784      ,   20.290312697207785     
   430.00000000000000      ,   3.6339819738560513      ,   1.0947154572768925      ,   1.8538403077772792      ,   10.000000000000000      ,   2.0294276402467393      ,   20.294276402467393     
   436.66666666999998      ,   3.6070035637424733      ,   1.0995299805229486      ,   1.8453841831920077      ,   10.000000000000000      ,   2.0290552350024655      ,   20.290552350024655     
   443.33333333000002      ,   3.5806141928028903      ,   1.1040906564176756      ,   1.8381364939963489      ,   10.000000000000000      ,   2.0294693282417136      ,   20.294693282417136     
   450.00000000000000      ,   3.5547976831677377      ,   1.1080097678094816      ,   1.8312808953174871      ,   10.000000000000000      ,   2.0290771196146684      ,   20.290771196146686     
   456.66666666999998      ,   3.5295366354084301      ,   1.1116492779587150      ,   1.8256746788073692      ,   10.000000000000000      ,   2.0295099384837210      ,   20.295099384837208     
   463.33333333000002      ,   3.5048122617624031      ,   1.1146067808142477      ,   1.8204590818441777      ,   10.000000000000000      ,   2.0290960368183999      ,   20.290960368183999     
   470.00000000000000      ,   3.4806042278536191      ,   1.1172673153546779      ,   1.8165282969342362      ,   10.000000000000000      ,   2.0295476935815193      ,   20.295476935815195     
   476.66666666999998      ,   3.4568905049152150      ,   1.1192138996383916      ,   1.8129757375206055      ,   10.000000000000000      ,   2.0291076451402259      ,   20.291076451402258     
   483.33333333000002      ,   3.4336472343433808      ,   1.1208589148476715      ,   1.8107287003556352      ,   10.000000000000000      ,   2.0295714061641519      ,   20.295714061641519     
   490.00000000000000      ,   3.4108486062289063      ,   1.1217768722912713      ,   1.8088109246435478      ,   10.000000000000000      ,   2.0290822616129214      ,   20.290822616129212     
   496.66666666999998      ,   3.3884667533279971      ,   1.1224280019061714      ,   1.8081354100149214      ,   10.000000000000000      ,   2.0295018154388442      ,   20.295018154388444     
   503.33333333000002      ,   3.3664716617491197      ,   1.1224223882194977      ,   1.8075169241091753      ,   10.000000000000000      ,   2.0287974627057812      ,   20.287974627057814     
   510.00000000000000      ,   3.3448310994502379      ,   1.1219427804331716      ,   1.8082216185785722      ,   10.000000000000000      ,   2.0287211903874134      ,   20.287211903874134     
   516.66666667000004      ,   3.3235105634623650      ,   1.1208338649559066      ,   1.8100650079933431      ,   10.000000000000000      ,   2.0287821587306230      ,   20.287821587306230     
   523.33333332999996      ,   3.3024732465826538      ,   1.1192403984798567      ,   1.8126535101618557      ,   10.000000000000000      ,   2.0287950370194663      ,   20.287950370194665     
   530.00000000000000      ,   3.2816800241143822      ,   1.1171289743458379      ,   1.8160962651420158      ,   10.000000000000000      ,   2.0288137579914070      ,   20.288137579914071     
   536.66666667000004      ,   3.2610894610732459      ,   1.1145059803543838      ,   1.8203949605765952      ,   10.000000000000000      ,   2.0288410701695980      ,   20.288410701695980     
   543.33333332999996      ,   3.2406578401297175      ,   1.1113894172392920      ,   1.8255236481969304      ,   10.000000000000000      ,   2.0288676635261327      ,   20.288676635261325     
   550.00000000000000      ,   3.2203392104164839      ,   1.1077895370144106      ,   1.8314823530888544      ,   10.000000000000000      ,   2.0288969879783654      ,   20.288969879783654     
   556.66666667000004      ,   3.2000854571976958      ,   1.1037213959305556      ,   1.8382614337980632      ,   10.000000000000000      ,   2.0289284757969028      ,   20.289284757969028     
   563.33333332999996      ,   3.1798463922727302      ,   1.0992149668136921      ,   1.8457935057664951      ,   10.000000000000000      ,   2.0289238471860465      ,   20.289238471860465     
   570.00000000000000      ,   3.1595698648704933      ,   1.0942565648983802      ,   1.8541616835982127      ,   10.000000000000000      ,   2.0289285946603774      ,   20.289285946603776     
   576.66666667000004      ,   3.1392018926796377      ,   1.0888818072015636      ,   1.8633177385982005      ,   10.000000000000000      ,   2.0289327865955391      ,   20.289327865955393     
   583.33333332999996      ,   3.1186868125539786      ,   1.0831185473078380      ,   1.8732319129520498      ,   10.000000000000000      ,   2.0289322283273066      ,   20.289322283273066     
   590.00000000000000      ,   3.0979674503289250      ,   1.0769853364556914      ,   1.8839006039810557      ,   10.000000000000000      ,   2.0289333258276177      ,   20.289333258276177     
   596.66666667000004      ,   3.0769853090816088      ,   1.0705070205725229      ,   1.8953030417655272      ,   10.000000000000000      ,   2.0289352123224544      ,   20.289352123224546     
   603.33333332999996      ,   3.0556807750621959      ,   1.0637088644322206      ,   1.9074181022859762      ,   10.000000000000000      ,   2.0289375435800769      ,   20.289375435800771     
   610.00000000000000      ,   3.0339933404142250      ,   1.0566163345664874      ,   1.9202245515859617      ,   10.000000000000000      ,   2.0289406272413357      ,   20.289406272413359     
   616.66666667000004      ,   3.0118618416849645      ,   1.0492558744509108      ,   1.9336983640732526      ,   10.000000000000000      ,   2.0289443679199763      ,   20.289443679199763     
   623.33333332999996      ,   2.9892247130004970      ,   1.0416544162991586      ,   1.9478136446172445      ,   10.000000000000000      ,   2.0289486850433125      ,   20.289486850433125     
   630.00000000000000      ,   2.9660202526425650      ,   1.0338391865883572      ,   1.9625426959306527      ,   10.000000000000000      ,   2.0289535444058675      ,   20.289535444058675     
   636.66666667000004      ,   2.9421869016134621      ,   1.0258376024961660      ,   1.9778558369253627      ,   10.000000000000000      ,   2.0289588898345619      ,   20.289588898345620     
   643.33333332999996      ,   2.9176635326106783      ,   1.0176770919086673      ,   1.9937214645570527      ,   10.000000000000000      ,   2.0289646621263104      ,   20.289646621263103     
   650.00000000000000      ,   2.8923897476548874      ,   1.0093849241638062      ,   2.0101061112441161      ,   10.000000000000000      ,   2.0289708046593455      ,   20.289708046593454     
   656.66666667000004      ,   2.8663061824241520      ,   1.0009880518198657      ,   2.0269745031007176      ,   10.000000000000000      ,   2.0289772589473278      ,   20.289772589473280     
   663.33333332999996      ,   2.8393548151465451      ,  0.99251294881157093      ,   2.0442896650747429      ,   10.000000000000000      ,   2.0289839637083515      ,   20.289839637083517     
   670.00000000000000      ,   2.8114792776966575      ,  0.98398544470749072      ,   2.0620130736510180      ,   10.000000000000000      ,   2.0289908512691568      ,   20.289908512691568     
   676.66666667000004      ,   2.7826251663338510      ,  0.97543099172402581      ,   2.0801018735275325      ,   10.000000000000000      ,   2.0289958333819653      ,   20.289958333819655     
   683.33333332999996      ,   2.7527403493183540      ,  0.96687825252057724      ,   2.0984840284794086      ,   10.000000000000000      ,   2.0289785703985119      ,   20.289785703985117     
   690.00000000000000      ,   2.7217752684536864      ,  0.95834794324269201      ,   2.1171376954642591      ,   10.000000000000000      ,   2.0289545560097455      ,   20.289545560097455     
   696.66666667000004      ,   2.6896832314392318      ,  0.94986178608382343      ,   2.1360251871192011      ,   10.000000000000000      ,   2.0289286993570776      ,   20.289286993570776     
   703.33333332999996      ,   2.6564206917853923      ,  0.94144246080529737      ,   2.1551016129770315      ,   10.000000000000000      ,   2.0289041658065621      ,   20.289041658065621     
   710.00000000000000      ,   2.6219475129558569      ,  0.93311064995847603      ,   2.1743199750086579      ,   10.000000000000000      ,   2.0288811250980263      ,   20.288811250980263     
   716.66666667000004      ,   2.5862272133675241      ,  0.92488587325286886      ,   2.1936295118834024      ,   10.000000000000000      ,   2.0288569466915449      ,   20.288569466915447     
   723.33333332999996      ,   2.5492271889079361      ,  0.91678900811652930      ,   2.2129613165271182      ,   10.000000000000000      ,   2.0288186103791457      ,   20.288186103791457     
   730.00000000000000      ,   2.5109189097314060      ,  0.90885385976109934      ,   2.2323458758339219      ,   10.000000000000000      ,   2.0288761655734318      ,   20.288761655734319     
   736.66666667000004      ,   2.4712780882742913      ,  0.90104203397577232      ,   2.2515851437347223      ,   10.000000000000000      ,   2.0287728575803659      ,   20.287728575803659     
   743.33333332999996      ,   2.4302848156912256      ,  0.89345321706234104      ,   2.2708542212501039      ,   10.000000000000000      ,   2.0289020094555026      ,   20.289020094555028     
   750.00000000000000      ,   2.3879236642584032      ,  0.88598440185909144      ,   2.2898277654337851      ,   10.000000000000000      ,   2.0287516831181920      ,   20.287516831181918     
   756.66666667000004      ,   2.3441837537143515      ,  0.87878273969958010      ,   2.3087745031767581      ,   10.000000000000000      ,   2.0289111832502082      ,   20.289111832502083     
   763.33333332999996      ,   2.2990587800070248      ,  0.87171413543067744      ,   2.3273213248737403      ,   10.000000000000000      ,   2.0287588965816914      ,   20.287588965816916     
   770.00000000000000      ,   2.2525470054786054      ,  0.86493217519438170      ,   2.3457628868469560      ,   10.000000000000000      ,   2.0289257962107898      ,   20.289257962107897     
   776.66666667000004      ,   2.2046512101325484      ,  0.85829667569402612      ,   2.3637183123870540      ,   10.000000000000000      ,   2.0287715697989022      ,   20.287715697989022     
   783.33333332999996      ,   2.1553786042751373      ,  0.85196250784731353      ,   2.3814958515991380      ,   10.000000000000000      ,   2.0289451781563752      ,   20.289451781563752     
   790.00000000000000      ,   2.1047407034872223      ,  0.84578313919874060      ,   2.3987100886635524      ,   10.000000000000000      ,   2.0287885488175488      ,   20.287885488175487     
   796.66666667000004      ,   2.0527531675407924      ,  0.83991467304644818      ,   2.4156836038122238      ,   10.000000000000000      ,   2.0289681042796097      ,   20.289681042796097     
   803.33333332999996      ,   1.9994356055087406      ,  0.83420457254337144      ,   2.4320277000785260      ,   10.000000000000000      ,   2.0288086279576456      ,   20.288086279576454     
   810.00000000000000      ,   1.9448113499043713      ,  0.82881022368045310      ,   2.4480795833376368      ,   10.000000000000000      ,   2.0289933870536170      ,   20.289933870536171     
   816.66666667000004      ,   1.8889072032108043      ,  0.82357348226022720      ,   2.4634482732898455      ,   10.000000000000000      ,   2.0288306728012619      ,   20.288306728012621     
   823.33333332999996      ,   1.8317531606031312      ,  0.81865309953012111      ,   2.4784856255676262      ,   10.000000000000000      ,   2.0290199395117883      ,   20.290199395117881     
   830.00000000000000      ,   1.7733821130145626      ,  0.81388575405510255      ,   2.4927990946453069      ,   10.000000000000000      ,   2.0288536708532727      ,   20.288536708532728     
   836.66666667000004      ,   1.7138295349424317      ,  0.80943166664506028      ,   2.5067549280480113      ,   10.000000000000000      ,   2.0290468192806199      ,   20.290468192806198     
   843.33333332999996      ,   1.6531331615254550      ,  0.80512278457575959      ,   2.5199594427866252      ,   10.000000000000000      ,   2.0288767635943472      ,   20.288767635943472     
   850.00000000000000      ,   1.5913326594492632      ,  0.80112091878912906      ,   2.5327927482172177      ,   10.000000000000000      ,   2.0290732535542206      ,   20.290732535542205     
   856.66666667000004      ,   1.5284692961560111      ,  0.79725373077929662      ,   2.5448601716581307      ,   10.000000000000000      ,   2.0288992661660861      ,   20.288992661660860     
   863.33333332999996      ,   1.4645856116531075      ,  0.79368474505993480      ,   2.5565549301618673      ,   10.000000000000000      ,   2.0290986479772410      ,   20.290986479772410     
   870.00000000000000      ,   1.3997250969463217      ,  0.79023776792025546      ,   2.5674812712554740      ,   10.000000000000000      ,   2.0289206689739858      ,   20.289206689739856     
   876.66666667000004      ,   1.3339318827766848      ,  0.78707815148675109      ,   2.5780445983044706      ,   10.000000000000000      ,   2.0291225768838865      ,   20.291225768838864     
   883.33333332999996      ,   1.2672504419338968      ,  0.78402625542083881      ,   2.5878477741264470      ,   10.000000000000000      ,   2.0289405999475107      ,   20.289405999475107     
   890.00000000000000      ,   1.1997253079674719      ,  0.78124940474866700      ,   2.5973072053561155      ,   10.000000000000000      ,   2.0291447081338889      ,   20.291447081338887     
   896.66666667000004      ,   1.1314008126368049      ,  0.77856500233056347      ,   2.6060235357691131      ,   10.000000000000000      ,   2.0289587201995829      ,   20.289587201995829     
   903.33333332999996      ,   1.0623208439487823      ,  0.77614270305071931      ,   2.6144222332764091      ,   10.000000000000000      ,   2.0291647390510503      ,   20.291647390510505     
   910.00000000000000      ,  0.99252862614128234      ,  0.77379765472523210      ,   2.6221001289133712      ,   10.000000000000000      ,   2.0289749302078954      ,   20.289749302078953     
   916.66666667000004      ,  0.92206652249598908      ,  0.77170203374401636      ,   2.6294906252622403      ,   10.000000000000000      ,   2.0291832632256961      ,   20.291832632256963     
   923.33333332999996      ,  0.85097586141578274      ,  0.76966787960485483      ,   2.6361905197306807      ,   10.000000000000000      ,   2.0289911675555334      ,   20.289911675555334     
   930.00000000000000      ,  0.77929678578962680      ,  0.76786594445401435      ,   2.6426536003773231      ,   10.000000000000000      ,   2.0292037027185348      ,   20.292037027185348     
   936.66666667000004      ,  0.70706812529803820      ,  0.76609779786451671      ,   2.6484997239395125      ,   10.000000000000000      ,   2.0290098061548409      ,   20.290098061548409     
   943.33333332999996      ,  0.63432729098962581      ,  0.76452627566590325      ,   2.6542178228293101      ,   10.000000000000000      ,   2.0292192668937545      ,   20.292192668937545     
   950.00000000000000      ,  0.56111019118625538      ,  0.76294805655293096      ,   2.6593984520587832      ,   10.000000000000000      ,   2.0289828805981216      ,   20.289828805981216     
   956.66666667000004      ,  0.48745116755167833      ,  0.76159797532408890      ,   2.6643780568587641      ,   10.000000000000000      ,   2.0291849336015648      ,   20.291849336015648     
   963.33333332999996      ,  0.41338294998499053      ,  0.76040119726916511      ,   2.6681733139546040      ,   10.000000000000000      ,   2.0288821824527168      ,   20.288821824527169     
   970.00000000000000      ,  0.33893662887371812      ,  0.75983432359854763      ,   2.6705084355739324      ,   10.000000000000000      ,   2.0291439708085344      ,   20.291439708085342     
   976.66666667000004      ,  0.26414164315812971      ,  0.75996749624975912      ,   2.6705662937004822      ,   10.000000000000000      ,   2.0295435797925543      ,   20.295435797925542     
   983.33333332999996      ,  0.18902578261452241      ,  0.76276631348505997      ,   2.6623748660908277      ,   10.000000000000000      ,   2.0307698617233809      ,   20.307698617233811     
   990.00000000000000      ,  0.11361520275607757      ,  0.77548402995833587      ,   2.6235417336214675      ,   10.000000000000000      ,   2.0345147163526547      ,   20.345147163526548     
   996.66666667000004      ,   3.7934450770463382E-002 ,  0.80290878244943609      ,   2.4905760374788422      ,   10.000000000000000      ,   1.9997053738498782      ,   19.997053738498781     
