   5000.0769888617615      ,         150
 X,ZB,H,U,L,Q,QL,0,0
   3.3333333299999999      ,   7.0463139479813162      ,  0.89678686713640432      ,   2.1888451199297667      ,   10.000000000000000      ,   1.9629275577486227      ,   19.629275577486226     
   10.000000000000000      ,   6.9705855538982116      ,  0.77667430145123340      ,   2.6065628863139616      ,   10.000000000000000      ,   2.0244504089166067      ,   20.244504089166067     
   16.666666670000001      ,   6.8951171784201115      ,  0.76909348643266418      ,   2.6340680978809403      ,   10.000000000000000      ,   2.0258446169003084      ,   20.258446169003083     
   23.333333329999999      ,   6.8199314313563359      ,  0.76918486763374172      ,   2.6338141306954959      ,   10.000000000000000      ,   2.0258899734908935      ,   20.258899734908937     
   30.000000000000000      ,   6.7450522134986093      ,  0.77004614746546651      ,   2.6307824783802047      ,   10.000000000000000      ,   2.0258239122963286      ,   20.258239122963285     
   36.666666669999998      ,   6.6705047019634360      ,  0.77105190104120369      ,   2.6272441148305545      ,   10.000000000000000      ,   2.0257415692394134      ,   20.257415692394133     
   43.333333330000002      ,   6.5963153216656902      ,  0.77212624457923507      ,   2.6234618124111377      ,   10.000000000000000      ,   2.0256437170140456      ,   20.256437170140455     
   50.000000000000000      ,   6.5225117016456302      ,  0.77308384797757024      ,   2.6199929627568199      ,   10.000000000000000      ,   2.0254742413221973      ,   20.254742413221972     
   56.666666669999998      ,   6.4491226150860088      ,  0.77426379464894990      ,   2.6157048640639733      ,   10.000000000000000      ,   2.0252455737318877      ,   20.252455737318876     
   63.333333330000002      ,   6.3761779019939340      ,  0.77561632356813570      ,   2.6108162793684380      ,   10.000000000000000      ,   2.0249917241155866      ,   20.249917241155867     
   70.000000000000000      ,   6.3037083737984609      ,  0.77708898365484014      ,   2.6055224703696203      ,   10.000000000000000      ,   2.0247228083893765      ,   20.247228083893766     
   76.666666669999998      ,   6.2317456992326665      ,  0.77868439485054652      ,   2.5998207846492947      ,   10.000000000000000      ,   2.0244398744145089      ,   20.244398744145087     
   83.333333330000002      ,   6.1603222713511796      ,  0.78040968263592891      ,   2.5936933182079902      ,   10.000000000000000      ,   2.0241433793176271      ,   20.241433793176270     
   90.000000000000000      ,   6.0894710557515008      ,  0.78227247688904233      ,   2.5871214278002803      ,   10.000000000000000      ,   2.0238338873380410      ,   20.238338873380410     
   96.666666669999998      ,   6.0192254205386906      ,  0.78428057639566962      ,   2.5800870178195359      ,   10.000000000000000      ,   2.0235121334864901      ,   20.235121334864900     
   103.33333333000000      ,   5.9496189489932867      ,  0.78644189330405034      ,   2.5725728131147410      ,   10.000000000000000      ,   2.0231790338084839      ,   20.231790338084839     
   110.00000000000000      ,   5.8806852363739193      ,  0.78876441152855070      ,   2.5645625736637911      ,   10.000000000000000      ,   2.0228356892440655      ,   20.228356892440654     
   116.66666667000000      ,   5.8124576727730597      ,  0.79125614326417815      ,   2.5560413055903428      ,   10.000000000000000      ,   2.0224833854853492      ,   20.224833854853493     
   123.33333333000000      ,   5.7449692144347395      ,  0.79392508146277785      ,   2.5469954730855640      ,   10.000000000000000      ,   2.0221235884547828      ,   20.221235884547827     
   130.00000000000000      ,   5.6782521464204549      ,  0.79677914472948697      ,   2.5374132211275739      ,   10.000000000000000      ,   2.0217579361553208      ,   20.217579361553209     
   136.66666667000001      ,   5.6123378399560178      ,  0.79982611834813599      ,   2.5272845927298286      ,   10.000000000000000      ,   2.0213882257641487      ,   20.213882257641487     
   143.33333332999999      ,   5.5472565081885854      ,  0.80307359053258809      ,   2.5166017403337793      ,   10.000000000000000      ,   2.0210163955504079      ,   20.210163955504079     
   150.00000000000000      ,   5.4830369644101413      ,  0.80652888099615594      ,   2.5053591388706797      ,   10.000000000000000      ,   2.0206445027668622      ,   20.206445027668622     
   156.66666667000001      ,   5.4197063870426820      ,  0.81019896483672738      ,   2.4935537865510358      ,   10.000000000000000      ,   2.0202746966283511      ,   20.202746966283513     
   163.33333332999999      ,   5.3572900958145144      ,  0.81409039015184448      ,   2.4811853950650140      ,   10.000000000000000      ,   2.0199091863075358      ,   20.199091863075360     
   170.00000000000000      ,   5.2958113435719385      ,  0.81820918633717787      ,   2.4682565770215041      ,   10.000000000000000      ,   2.0195502055561527      ,   20.195502055561526     
   176.66666667000001      ,   5.2352911280562893      ,  0.82256076499246245      ,   2.4547730202422571      ,   10.000000000000000      ,   2.0191999734133286      ,   20.191999734133287     
   183.33333332999999      ,   5.1757480277270078      ,  0.82714981165918378      ,   2.4407436513158944      ,   10.000000000000000      ,   2.0188606514942906      ,   20.188606514942904     
   190.00000000000000      ,   5.1171980653270008      ,  0.83198016670412889      ,   2.4261807925147578      ,   10.000000000000000      ,   2.0185343002107836      ,   20.185343002107835     
   196.66666667000001      ,   5.0596546023727296      ,  0.83705469914568942      ,   2.4111002975445524      ,   10.000000000000000      ,   2.0182228341712376      ,   20.182228341712374     
   203.33333332999999      ,   5.0031282671200055      ,  0.84237517550126673      ,   2.3955216593730717      ,   10.000000000000000      ,   2.0179279782314770      ,   20.179279782314769     
   210.00000000000000      ,   4.9476269178244587      ,  0.84794212733469032      ,   2.3794680820697587      ,   10.000000000000000      ,   2.0176512274352265      ,   20.176512274352266     
   216.66666667000001      ,   4.8931556423059313      ,  0.85375472608592173      ,   2.3629664937770762      ,   10.000000000000000      ,   2.0173938116448586      ,   20.173938116448586     
   223.33333332999999      ,   4.8397167939649952      ,  0.85981067151845836      ,   2.3460474884781832      ,   10.000000000000000      ,   2.0171566664826193      ,   20.171566664826194     
   230.00000000000000      ,   4.7873100635171166      ,  0.86610609979555875      ,   2.3287451892696218      ,   10.000000000000000      ,   2.0169404132959823      ,   20.169404132959823     
   236.66666667000001      ,   4.7359325848366796      ,  0.87263551849858401      ,   2.3110970216567250      ,   10.000000000000000      ,   2.0167453477939494      ,   20.167453477939496     
   243.33333332999999      ,   4.6855790724702508      ,  0.87939177107025190      ,   2.2931434017683081      ,   10.000000000000000      ,   2.0165714373990946      ,   20.165714373990944     
   250.00000000000000      ,   4.6362419876152385      ,  0.88636603058744912      ,   2.2749273534357211      ,   10.000000000000000      ,   2.0164183281396308      ,   20.164183281396308     
   256.66666666999998      ,   4.5879117286923297      ,  0.89354782227573593      ,   2.2564940663199700      ,   10.000000000000000      ,   2.0162853589383292      ,   20.162853589383293     
   263.33333333000002      ,   4.5405768420916690      ,  0.90092506986224907      ,   2.2378904187962658      ,   10.000000000000000      ,   2.0161715818980834      ,   20.161715818980834     
   270.00000000000000      ,   4.4942242482546897      ,  0.90848415971504470      ,   2.2191644915357811      ,   10.000000000000000      ,   2.0160757883623486      ,   20.160757883623486     
   276.66666666999998      ,   4.4488394779848202      ,  0.91621001798242896      ,   2.2003650894453197      ,   10.000000000000000      ,   2.0159965381686051      ,   20.159965381686050     
   283.33333333000002      ,   4.4044069137559587      ,  0.92408619448232432      ,   2.1815412921360338      ,   10.000000000000000      ,   2.0159321907560401      ,   20.159321907560400     
   290.00000000000000      ,   4.3609100308120485      ,  0.93209494832493744      ,   2.1627420488157219      ,   10.000000000000000      ,   2.0158809382310596      ,   20.158809382310597     
   296.66666666999998      ,   4.3183316330139041      ,  0.94021733299152843      ,   2.1440158224194383      ,   10.000000000000000      ,   2.0158408384468429      ,   20.158408384468430     
   303.33333333000002      ,   4.2766540786785914      ,  0.94843327852641646      ,   2.1254102877659755      ,   10.000000000000000      ,   2.0158098474396584      ,   20.158098474396585     
   310.00000000000000      ,   4.2358594920555417      ,  0.95672167011944620      ,   2.1069720848068552      ,   10.000000000000000      ,   2.0157858518714660      ,   20.157858518714661     
   316.66666666999998      ,   4.1959299565728951      ,  0.96506042459935193      ,   2.0887466201009381      ,   10.000000000000000      ,   2.0157667000750727      ,   20.157667000750727     
   323.33333333000002      ,   4.1568476865461470      ,  0.97342656586072829      ,   2.0707779118747620      ,   10.000000000000000      ,   2.0157502314164994      ,   20.157502314164994     
   330.00000000000000      ,   4.1185951746472726      ,  0.98179630095197112      ,   2.0531084735481366      ,   10.000000000000000      ,   2.0157343047827085      ,   20.157343047827084     
   336.66666666999998      ,   4.0811553130649498      ,  0.99014509961533859      ,   2.0357792264505457      ,   10.000000000000000      ,   2.0157168249687123      ,   20.157168249687125     
   343.33333333000002      ,   4.0445114869252983      ,  0.99844777885860603      ,   2.0188294364865400      ,   10.000000000000000      ,   2.0156957667543569      ,   20.156957667543569     
   350.00000000000000      ,   4.0086476391697028      ,   1.0066785940706535      ,   2.0022966707835779      ,   10.000000000000000      ,   2.0156691974567624      ,   20.156691974567625     
   356.66666666999998      ,   3.9735483066863653      ,   1.0148113385339088      ,   1.9862167678784348      ,   10.000000000000000      ,   2.0156352968292084      ,   20.156352968292083     
   363.33333333000002      ,   3.9391986280525497      ,   1.0228194517594569      ,   1.9706238189957188      ,   10.000000000000000      ,   2.0155923741693282      ,   20.155923741693282     
   370.00000000000000      ,   3.9055843237550838      ,   1.0306761367924318      ,   1.9555501592713047      ,   10.000000000000000      ,   2.0155388834615731      ,   20.155388834615731     
   376.66666666999998      ,   3.8726916502107742      ,   1.0383544868078003      ,   1.9410263654718893      ,   10.000000000000000      ,   2.0154734355999735      ,   20.154734355999736     
   383.33333333000002      ,   3.8405073293014822      ,   1.0458276200746564      ,   1.9270812598754528      ,   10.000000000000000      ,   2.0153948077060151      ,   20.153948077060150     
   390.00000000000000      ,   3.8090184554688284      ,   1.0530688222080198      ,   1.9137419207302198      ,   10.000000000000000      ,   2.0153019504734861      ,   20.153019504734861     
   396.66666666999998      ,   3.7782123826808975      ,   1.0600516948864298      ,   1.9010336972404720      ,   10.000000000000000      ,   2.0151939927959783      ,   20.151939927959784     
   403.33333333000002      ,   3.7480765937897274      ,   1.0667503092701509      ,   1.8889802293299931      ,   10.000000000000000      ,   2.0150702438429708      ,   20.150702438429708     
   410.00000000000000      ,   3.7185985549468028      ,   1.0731393623790573      ,   1.8776034728046245      ,   10.000000000000000      ,   2.0149301936062582      ,   20.149301936062582     
   416.66666666999998      ,   3.6897655578384425      ,   1.0791943350695645      ,   1.8669237280540834      ,   10.000000000000000      ,   2.0147735113229190      ,   20.147735113229189     
   423.33333333000002      ,   3.6615645525483527      ,   1.0848916495554204      ,   1.8569596722841035      ,   10.000000000000000      ,   2.0146000420221939      ,   20.146000420221938     
   430.00000000000000      ,   3.6339819738560513      ,   1.0902088245786339      ,   1.8477283955303352      ,   10.000000000000000      ,   2.0144098022316919      ,   20.144098022316918     
   436.66666666999998      ,   3.6070035637424733      ,   1.0951246267939865      ,   1.8392454384005366      ,   10.000000000000000      ,   2.0142029743109298      ,   20.142029743109298     
   443.33333333000002      ,   3.5806141928028903      ,   1.0996192164055720      ,   1.8315248311471912      ,   10.000000000000000      ,   2.0139798996534219      ,   20.139798996534218     
   450.00000000000000      ,   3.5547976831677377      ,   1.1036742853319443      ,   1.8245791339911346      ,   10.000000000000000      ,   2.0137410717392434      ,   20.137410717392434     
   456.66666666999998      ,   3.5295366354084301      ,   1.1072731866710495      ,   1.8184194765384372      ,   10.000000000000000      ,   2.0134871284914171      ,   20.134871284914169     
   463.33333333000002      ,   3.5048122617624031      ,   1.1104010538166882      ,   1.8130555957210008      ,   10.000000000000000      ,   2.0132188441168428      ,   20.132188441168427     
   470.00000000000000      ,   3.4806042278536191      ,   1.1130449078558764      ,   1.8084958721015041      ,   10.000000000000000      ,   2.0129371213209515      ,   20.129371213209517     
   476.66666666999998      ,   3.4568905049152150      ,   1.1151937523849627      ,   1.8047473625046431      ,   10.000000000000000      ,   2.0126429832984174      ,   20.126429832984172     
   483.33333333000002      ,   3.4336472343433808      ,   1.1168386545295148      ,   1.8018158284857395      ,   10.000000000000000      ,   2.0123375655959963      ,   20.123375655959961     
   490.00000000000000      ,   3.4108486062289063      ,   1.1179728112474341      ,   1.7997057606409959      ,   10.000000000000000      ,   2.0120221086420158      ,   20.120221086420159     
   496.66666666999998      ,   3.3884667533279971      ,   1.1185916005087051      ,   1.7984203970128572      ,   10.000000000000000      ,   2.0116979502821128      ,   20.116979502821128     
   503.33333333000002      ,   3.3664716617491197      ,   1.1186926166302025      ,   1.7979617353650070      ,   10.000000000000000      ,   2.0113665183364593      ,   20.113665183364592     
   510.00000000000000      ,   3.3448310994502379      ,   1.1182756893417469      ,   1.7983305396517990      ,   10.000000000000000      ,   2.0110293238934314      ,   20.110293238934315     
   516.66666667000004      ,   3.3235105634623650      ,   1.1173428866732571      ,   1.7995263393213892      ,   10.000000000000000      ,   2.0106879546219201      ,   20.106879546219201     
   523.33333332999996      ,   3.3024732465826538      ,   1.1158985014518947      ,   1.8015474215937703      ,   10.000000000000000      ,   2.0103440680510132      ,   20.103440680510133     
   530.00000000000000      ,   3.2816800241143822      ,   1.1139490214865797      ,   1.8043908174477941      ,   10.000000000000000      ,   2.0099993854753397      ,   20.099993854753397     
   536.66666667000004      ,   3.2610894610732459      ,   1.1115030840248086      ,   1.8080522803818102      ,   10.000000000000000      ,   2.0096556857224699      ,   20.096556857224698     
   543.33333332999996      ,   3.2406578401297175      ,   1.1085714147572325      ,   1.8125262585090127      ,   10.000000000000000      ,   2.0093147986799695      ,   20.093147986799696     
   550.00000000000000      ,   3.2203392104164839      ,   1.1051667519103057      ,   1.8178058611864643      ,   10.000000000000000      ,   2.0089785992109608      ,   20.089785992109608     
   556.66666667000004      ,   3.2000854571976958      ,   1.1013037564644075      ,   1.8238828196744652      ,   10.000000000000000      ,   2.0086490006583841      ,   20.086490006583841     
   563.33333332999996      ,   3.1798463922727302      ,   1.0969989091931420      ,   1.8307474428410881      ,   10.000000000000000      ,   2.0083279478048079      ,   20.083279478048080     
   570.00000000000000      ,   3.1595698648704933      ,   1.0922703954490427      ,   1.8383885696057713      ,   10.000000000000000      ,   2.0080174099122958      ,   20.080174099122956     
   576.66666667000004      ,   3.1392018926796377      ,   1.0871379791031581      ,   1.8467935180392809      ,   10.000000000000000      ,   2.0077193730220357      ,   20.077193730220358     
   583.33333332999996      ,   3.1186868125539786      ,   1.0816228666522176      ,   1.8559480325923683      ,   10.000000000000000      ,   2.0074358313701008      ,   20.074358313701008     
   590.00000000000000      ,   3.0979674503289250      ,   1.0757475626898865      ,   1.8658362316478250      ,   10.000000000000000      ,   2.0071687785736301      ,   20.071687785736302     
   596.66666667000004      ,   3.0769853090816088      ,   1.0695357184081820      ,   1.8764405556762236      ,   10.000000000000000      ,   2.0069201977654179      ,   20.069201977654178     
   603.33333332999996      ,   3.0556807750621959      ,   1.0630119743309487      ,   1.8877417178835818      ,   10.000000000000000      ,   2.0066920505543231      ,   20.066920505543230     
   610.00000000000000      ,   3.0339933404142250      ,   1.0562017986112429      ,   1.8997186599885645      ,   10.000000000000000      ,   2.0064862655352620      ,   20.064862655352620     
   616.66666667000004      ,   3.0118618416849645      ,   1.0491313226881602      ,   1.9123485136406508      ,   10.000000000000000      ,   2.0063047255565531      ,   20.063047255565532     
   623.33333332999996      ,   2.9892247130004970      ,   1.0418271755509751      ,   1.9256065696512887      ,   10.000000000000000      ,   2.0061492536822043      ,   20.061492536822044     
   630.00000000000000      ,   2.9660202526425650      ,   1.0343163179322392      ,   1.9394662579650246      ,   10.000000000000000      ,   2.0060215986922025      ,   20.060215986922024     
   636.66666667000004      ,   2.9421869016134621      ,   1.0266258782239064      ,   1.9538991388639357      ,   10.000000000000000      ,   2.0059234193971225      ,   20.059234193971225     
   643.33333332999996      ,   2.9176635326106783      ,   1.0187829912692052      ,   1.9688749076079970      ,   10.000000000000000      ,   2.0058562678077552      ,   20.058562678077550     
   650.00000000000000      ,   2.8923897476548874      ,   1.0108146411998733      ,   1.9843614154547846      ,   10.000000000000000      ,   2.0058215721738009      ,   20.058215721738009     
   656.66666667000004      ,   2.8663061824241520      ,   1.0027475099924137      ,   2.0003247071476786      ,   10.000000000000000      ,   2.0058206192686390      ,   20.058206192686391     
   663.33333332999996      ,   2.8393548151465451      ,  0.99460783267219077      ,   2.0167290767346162      ,   10.000000000000000      ,   2.0058545360980049      ,   20.058545360980048     
   670.00000000000000      ,   2.8114792776966575      ,  0.98642126005664377      ,   2.0335371442943524      ,   10.000000000000000      ,   2.0059242722468240      ,   20.059242722468241     
   676.66666667000004      ,   2.7826251663338510      ,  0.97821273049316126      ,   2.0507099527705313      ,   10.000000000000000      ,   2.0060305823491631      ,   20.060305823491632     
   683.33333332999996      ,   2.7527403493183540      ,  0.97000635119094014      ,   2.0682070859921553      ,   10.000000000000000      ,   2.0061740089904974      ,   20.061740089904973     
   690.00000000000000      ,   2.7217752684536864      ,  0.96182528965515957      ,   2.0859868096829350      ,   10.000000000000000      ,   2.0063548674401313      ,   20.063548674401311     
   696.66666667000004      ,   2.6896832314392318      ,  0.95369167639435470      ,   2.1040062332768881      ,   10.000000000000000      ,   2.0065732317580069      ,   20.065732317580071     
   703.33333332999996      ,   2.6564206917853923      ,  0.94562651909510365      ,   2.1222214924446474      ,   10.000000000000000      ,   2.0068289226492477      ,   20.068289226492478     
   710.00000000000000      ,   2.6219475129558569      ,  0.93764962831503151      ,   2.1405879530576986      ,   10.000000000000000      ,   2.0071214985601853      ,   20.071214985601852     
   716.66666667000004      ,   2.5862272133675241      ,  0.92977955555260239      ,   2.1590604326746039      ,   10.000000000000000      ,   2.0074502495034028      ,   20.074502495034029     
   723.33333332999996      ,   2.5492271889079361      ,  0.92203354344657262      ,   2.1775934380954403      ,   10.000000000000000      ,   2.0078141939131435      ,   20.078141939131434     
   730.00000000000000      ,   2.5109189097314060      ,  0.91442748766174031      ,   2.1961414186108752      ,   10.000000000000000      ,   2.0082120799702330      ,   20.082120799702331     
   736.66666667000004      ,   2.4712780882742913      ,  0.90697591102923947      ,   2.2146590292388812      ,   10.000000000000000      ,   2.0086423906630655      ,   20.086423906630657     
   743.33333332999996      ,   2.4302848156912256      ,  0.89969194926627505      ,   2.2331014012994101      ,   10.000000000000000      ,   2.0091033526443165      ,   20.091033526443166     
   750.00000000000000      ,   2.3879236642584032      ,  0.89258734734614109      ,   2.2514244192212503      ,   10.000000000000000      ,   2.0095929501030221      ,   20.095929501030220     
   756.66666667000004      ,   2.3441837537143515      ,  0.88567246687702827      ,   2.2695849963989310      ,   10.000000000000000      ,   2.0101089425477325      ,   20.101089425477326     
   763.33333332999996      ,   2.2990587800070248      ,  0.87895630345543529      ,   2.2875413468074726      ,   10.000000000000000      ,   2.0106488861913641      ,   20.106488861913640     
   770.00000000000000      ,   2.2525470054786054      ,  0.87244651263629280      ,   2.3052532512951784      ,   10.000000000000000      ,   2.0112101598359540      ,   20.112101598359541     
   776.66666667000004      ,   2.2046512101325484      ,  0.86614944480466338      ,   2.3226823105428416      ,   10.000000000000000      ,   2.0117899937342951      ,   20.117899937342951     
   783.33333332999996      ,   2.1553786042751373      ,  0.86007018767818366      ,   2.3397921815811706      ,   10.000000000000000      ,   2.0123855007404643      ,   20.123855007404643     
   790.00000000000000      ,   2.1047407034872223      ,  0.85421261474443311      ,   2.3565487978220316      ,   10.000000000000000      ,   2.0129937103604081      ,   20.129937103604082     
   796.66666667000004      ,   2.0527531675407924      ,  0.84857944002137575      ,   2.3729205645292142      ,   10.000000000000000      ,   2.0136116038634073      ,   20.136116038634071     
   803.33333332999996      ,   1.9994356055087406      ,  0.84317227778585402      ,   2.3888785276738971      ,   10.000000000000000      ,   2.0142361495325170      ,   20.142361495325169     
   810.00000000000000      ,   1.9448113499043713      ,  0.83799170533484524      ,   2.4043965181549187      ,   10.000000000000000      ,   2.0148643385498044      ,   20.148643385498044     
   816.66666667000004      ,   1.8889072032108043      ,  0.83303732945241982      ,   2.4194512638713217      ,   10.000000000000000      ,   2.0154932195956476      ,   20.154932195956476     
   823.33333332999996      ,   1.8317531606031312      ,  0.82830785529610595      ,   2.4340224692554990      ,   10.000000000000000      ,   2.0161199312515543      ,   20.161199312515542     
   830.00000000000000      ,   1.7733821130145626      ,  0.82380115559526412      ,   2.4480928669808963      ,   10.000000000000000      ,   2.0167417328233856      ,   20.167417328233856     
   836.66666667000004      ,   1.7138295349424317      ,  0.81951434126842448      ,   2.4616482351322859      ,   10.000000000000000      ,   2.0173560318490149      ,   20.173560318490150     
   843.33333332999996      ,   1.6531331615254550      ,  0.81544383236314100      ,   2.4746773812514142      ,   10.000000000000000      ,   2.0179604076300350      ,   20.179604076300350     
   850.00000000000000      ,   1.5913326594492632      ,  0.81158542705077596      ,   2.4871721009609131      ,   10.000000000000000      ,   2.0185526317071383      ,   20.185526317071382     
   856.66666667000004      ,   1.5284692961560111      ,  0.80793437030464221      ,   2.4991271050274277      ,   10.000000000000000      ,   2.0191306839115981      ,   20.191306839115981     
   863.33333332999996      ,   1.4645856116531075      ,  0.80448542143195745      ,   2.5105399176961698      ,   10.000000000000000      ,   2.0196927637095548      ,   20.196927637095548     
   870.00000000000000      ,   1.3997250969463217      ,  0.80123291798390450      ,   2.5214107567971080      ,   10.000000000000000      ,   2.0202372981045520      ,   20.202372981045521     
   876.66666667000004      ,   1.3339318827766848      ,  0.79817083821436952      ,   2.5317423894539615      ,   10.000000000000000      ,   2.0207629451333191      ,   20.207629451333190     
   883.33333332999996      ,   1.2672504419338968      ,  0.79529286156401469      ,   2.5415399668662748      ,   10.000000000000000      ,   2.0212685930283909      ,   20.212685930283911     
   890.00000000000000      ,   1.1997253079674719      ,  0.79259242439988598      ,   2.5508108509712684      ,   10.000000000000000      ,   2.0217533565568537      ,   20.217533565568537     
   896.66666667000004      ,   1.1314008126368049      ,  0.79006277368935074      ,   2.5595644260406245      ,   10.000000000000000      ,   2.0222165698742467      ,   20.222165698742465     
   903.33333332999996      ,   1.0623208439487823      ,  0.78769701841174944      ,   2.5678118983827516      ,   10.000000000000000      ,   2.0226577761983076      ,   20.226577761983076     
   910.00000000000000      ,  0.99252862614128234      ,  0.78548817555296890      ,   2.5755660986869748      ,   10.000000000000000      ,   2.0230767158737097      ,   20.230767158737098     
   916.66666667000004      ,  0.92206652249598908      ,  0.78342921380364006      ,   2.5828412786492683      ,   10.000000000000000      ,   2.0234733123117845      ,   20.234733123117845     
   923.33333332999996      ,  0.85097586141578274      ,  0.78151309510606637      ,   2.5896529039163032      ,   10.000000000000000      ,   2.0238476561900427      ,   20.238476561900427     
   930.00000000000000      ,  0.77929678578962680      ,  0.77973281042952081      ,   2.5960174592048157      ,   10.000000000000000      ,   2.0241999893898748      ,   20.241999893898747     
   936.66666667000004      ,  0.70706812529803820      ,  0.77808142937371172      ,   2.6019522046703409      ,   10.000000000000000      ,   2.0245306905719795      ,   20.245306905719794     
   943.33333332999996      ,  0.63432729098962581      ,  0.77655133204512961      ,   2.6074774714611211      ,   10.000000000000000      ,   2.0248401037408001      ,   20.248401037408001     
   950.00000000000000      ,  0.56111019118625538      ,  0.77515488772561769      ,   2.6125524668935820      ,   10.000000000000000      ,   2.0251328141521800      ,   20.251328141521800     
   956.66666667000004      ,  0.48745116755167833      ,  0.77356581362500554      ,   2.6181821944311725      ,   10.000000000000000      ,   2.0253362394536523      ,   20.253362394536524     
   963.33333332999996      ,  0.41338294998499053      ,  0.77227916656078688      ,   2.6227136676743359      ,   10.000000000000000      ,   2.0254671253991208      ,   20.254671253991209     
   970.00000000000000      ,  0.33893662887371812      ,  0.77116276030708741      ,   2.6266533166867645      ,   10.000000000000000      ,   2.0255772220659316      ,   20.255772220659317     
   976.66666667000004      ,  0.26414164315812971      ,  0.77014474507434016      ,   2.6302577395715523      ,   10.000000000000000      ,   2.0256791763221433      ,   20.256791763221432     
   983.33333332999996      ,  0.18902578261452241      ,  0.76923408896647394      ,   2.6335036010227819      ,   10.000000000000000      ,   2.0257807433226880      ,   20.257807433226880     
   990.00000000000000      ,  0.11361520275607757      ,  0.76860553737018189      ,   2.6358691960393235      ,   10.000000000000000      ,   2.0259436598593137      ,   20.259436598593137     
   996.66666667000004      ,   3.7934450770463382E-002 ,  0.76997117443135021      ,   2.6322143512180611      ,   10.000000000000000      ,   2.0267291753624250      ,   20.267291753624249     
