   143.69847936646781      ,         100
X,ZB,H,U,ZF,QS,T1
 5.00000000E-002, 8.47024705E-003, 1.00000000E+000,-1.27629888E-016,-5.00000000E-001, 0.00000000E+000, 2.85331040E-044
 1.50000000E-001, 8.47024705E-003, 1.00000000E+000,-3.82889665E-016,-5.00000000E-001, 0.00000000E+000, 2.85331040E-044
 2.50000000E-001, 8.47024705E-003, 1.00000000E+000,-1.27629888E-016,-5.00000000E-001, 0.00000000E+000, 2.85331040E-044
 3.50000000E-001, 8.47024705E-003, 1.00000000E+000, 1.27629888E-016,-5.00000000E-001, 0.00000000E+000, 2.85331040E-044
 4.50000000E-001, 8.47024705E-003, 1.00000000E+000, 3.82889665E-016,-5.00000000E-001, 0.00000000E+000, 2.85331040E-044
 5.50000000E-001, 8.47024705E-003, 1.00000000E+000, 3.82889665E-016,-5.00000000E-001, 0.00000000E+000, 2.85331040E-044
 6.50000000E-001, 8.47024705E-003, 1.00000000E+000, 5.10519553E-016,-5.00000000E-001, 0.00000000E+000, 2.85331040E-044
 7.50000000E-001, 8.47024705E-003, 1.00000000E+000, 2.55259777E-016,-5.00000000E-001, 0.00000000E+000, 2.85331040E-044
 8.50000000E-001, 8.47024705E-003, 1.00000000E+000, 5.10519553E-016,-5.00000000E-001, 0.00000000E+000, 2.85331040E-044
 9.50000000E-001, 8.47024705E-003, 1.00000000E+000, 3.82889665E-016,-5.00000000E-001, 0.00000000E+000, 2.85331040E-044
 1.05000000E+000, 8.47024705E-003, 1.00000000E+000, 3.82889665E-016,-5.00000000E-001, 0.00000000E+000, 2.85331040E-044
 1.15000000E+000, 8.47024705E-003, 1.00000000E+000, 3.82889665E-016,-5.00000000E-001, 0.00000000E+000, 2.85331040E-044
 1.25000000E+000, 8.47024705E-003, 1.00000000E+000, 3.82889665E-016,-5.00000000E-001, 0.00000000E+000, 2.85331040E-044
 1.35000000E+000, 8.47024705E-003, 1.00000000E+000, 3.82889665E-016,-5.00000000E-001, 0.00000000E+000, 2.85331040E-044
 1.45000000E+000, 8.47024705E-003, 1.00000000E+000, 5.10519553E-016,-5.00000000E-001, 0.00000000E+000, 2.85331040E-044
 1.55000000E+000, 8.47024705E-003, 1.00000000E+000, 2.55259777E-016,-5.00000000E-001, 0.00000000E+000, 2.85331040E-044
 1.65000000E+000, 8.47024705E-003, 1.00000000E+000, 5.10519553E-016,-5.00000000E-001, 0.00000000E+000, 2.85331040E-044
 1.75000000E+000, 8.47024705E-003, 1.00000000E+000, 3.82889665E-016,-5.00000000E-001, 0.00000000E+000, 2.85331040E-044
 1.85000000E+000, 8.47024705E-003, 1.00000000E+000, 3.82889665E-016,-5.00000000E-001, 0.00000000E+000, 2.85331040E-044
 1.95000000E+000, 8.47024705E-003, 1.00000000E+000, 3.82889665E-016,-5.00000000E-001, 0.00000000E+000, 2.85331040E-044
 2.05000000E+000, 8.47024705E-003, 1.00000000E+000, 3.82889665E-016,-5.00000000E-001, 0.00000000E+000, 2.85331040E-044
 2.15000000E+000, 8.47024705E-003, 1.00000000E+000, 3.82889665E-016,-5.00000000E-001, 0.00000000E+000, 2.85331040E-044
 2.25000000E+000, 8.47024705E-003, 1.00000000E+000, 5.10519553E-016,-5.00000000E-001, 0.00000000E+000, 2.85331040E-044
 2.35000000E+000, 8.47024705E-003, 1.00000000E+000, 2.55259777E-016,-5.00000000E-001, 0.00000000E+000, 2.85331040E-044
 2.45000000E+000, 8.47024705E-003, 1.00000000E+000, 5.10519553E-016,-5.00000000E-001, 0.00000000E+000, 2.85331040E-044
 2.55000000E+000, 8.47024705E-003, 1.00000000E+000, 3.82889665E-016,-5.00000000E-001, 0.00000000E+000, 2.85331040E-044
 2.65000000E+000, 8.47024705E-003, 1.00000000E+000, 3.82889665E-016,-5.00000000E-001, 0.00000000E+000, 2.85331040E-044
 2.75000000E+000, 8.47024705E-003, 1.00000000E+000, 3.82889665E-016,-5.00000000E-001, 0.00000000E+000, 2.85331040E-044
 2.85000000E+000, 8.47024705E-003, 1.00000000E+000, 3.82889665E-016,-5.00000000E-001, 0.00000000E+000, 2.85331040E-044
 2.95000000E+000, 8.47024705E-003, 1.00000000E+000, 3.82889665E-016,-5.00000000E-001, 0.00000000E+000, 2.85331040E-044
 3.05000000E+000, 8.47024705E-003, 1.00000000E+000, 5.10519553E-016,-5.00000000E-001, 0.00000000E+000, 2.85331040E-044
 3.15000000E+000, 8.47024705E-003, 1.00000000E+000, 2.55259777E-016,-5.00000000E-001, 0.00000000E+000, 2.85331040E-044
 3.25000000E+000, 8.47024705E-003, 1.00000000E+000, 5.10519553E-016,-5.00000000E-001, 0.00000000E+000, 2.85331040E-044
 3.35000000E+000, 8.47024705E-003, 1.00000000E+000, 3.82889665E-016,-5.00000000E-001, 0.00000000E+000, 2.85331040E-044
 3.45000000E+000, 8.47024705E-003, 1.00000000E+000, 3.82889665E-016,-5.00000000E-001, 0.00000000E+000, 2.85331040E-044
 3.55000000E+000, 8.47024705E-003, 1.00000000E+000, 3.82889665E-016,-5.00000000E-001, 0.00000000E+000, 2.85331040E-044
 3.65000000E+000, 8.47024705E-003, 1.00000000E+000, 5.10519553E-016,-5.00000000E-001, 0.00000000E+000, 2.85331040E-044
 3.75000000E+000, 8.47024705E-003, 1.00000000E+000, 2.55259777E-016,-5.00000000E-001, 0.00000000E+000, 2.85331040E-044
 3.85000000E+000, 8.47024705E-003, 1.00000000E+000, 1.27629888E-016,-5.00000000E-001, 0.00000000E+000, 2.85331040E-044
 3.95000000E+000, 8.47024705E-003, 1.00000000E+000,-1.27629888E-016,-5.00000000E-001, 0.00000000E+000, 2.85331040E-044
 4.05000000E+000, 8.47024705E-003, 1.00000000E+000,-2.55259777E-016,-5.00000000E-001, 0.00000000E+000, 2.85331040E-044
 4.15000000E+000, 8.47024705E-003, 1.00000000E+000,-5.10519553E-016,-5.00000000E-001, 0.00000000E+000, 2.85331040E-044
 4.25000000E+000, 8.47024705E-003, 1.00000000E+000,-6.38149442E-016,-5.00000000E-001, 0.00000000E+000, 2.85331040E-044
 4.35000000E+000, 8.47024705E-003, 1.00000000E+000,-8.93409218E-016,-5.00000000E-001, 0.00000000E+000, 2.85331040E-044
 4.45000000E+000, 8.47024705E-003, 1.00000000E+000,-1.02103911E-015,-5.00000000E-001, 0.00000000E+000, 2.85331040E-044
 4.55000000E+000, 8.47024705E-003, 1.00000000E+000,-8.93409218E-016,-5.00000000E-001, 0.00000000E+000, 2.85331040E-044
 4.65000000E+000, 8.47024705E-003, 1.00000000E+000,-1.02103911E-015,-5.00000000E-001, 0.00000000E+000, 2.85331040E-044
 4.75000000E+000, 8.47024705E-003, 1.00000000E+000,-8.93409218E-016,-5.00000000E-001, 0.00000000E+000, 2.85331040E-044
 4.85000000E+000, 8.47024705E-003, 1.00000000E+000,-6.38149442E-016,-5.00000000E-001, 0.00000000E+000, 2.85331040E-044
 4.95000000E+000, 8.47024705E-003, 1.00000000E+000,-7.65779330E-016,-5.00000000E-001, 0.00000000E+000, 2.85331040E-044
 5.05000000E+000, 8.47024705E-003, 1.00000000E+000,-1.02103911E-015,-5.00000000E-001, 0.00000000E+000, 2.85331040E-044
 5.15000000E+000, 8.47024705E-003, 1.00000000E+000,-7.65779330E-016,-5.00000000E-001, 0.00000000E+000, 2.85331040E-044
 5.25000000E+000, 8.47024705E-003, 1.00000000E+000,-1.02103911E-015,-5.00000000E-001, 0.00000000E+000, 2.85331040E-044
 5.35000000E+000, 8.47024705E-003, 1.00000000E+000,-8.93409218E-016,-5.00000000E-001, 0.00000000E+000, 2.85331040E-044
 5.45000000E+000, 8.47024705E-003, 1.00000000E+000,-6.38149442E-016,-5.00000000E-001, 0.00000000E+000, 2.85331040E-044
 5.55000000E+000, 8.47024705E-003, 1.00000000E+000,-5.10519553E-016,-5.00000000E-001, 0.00000000E+000, 2.85331040E-044
 5.65000000E+000, 8.47024705E-003, 1.00000000E+000,-3.82889665E-016,-5.00000000E-001, 0.00000000E+000, 2.85331040E-044
 5.75000000E+000, 8.47024705E-003, 1.00000000E+000,-2.55259777E-016,-5.00000000E-001, 0.00000000E+000, 2.85331040E-044
 5.85000000E+000, 8.47024705E-003, 1.00000000E+000,-9.36772325E-031,-5.00000000E-001, 0.00000000E+000, 2.85331040E-044
 5.95000000E+000, 8.47024705E-003, 1.00000000E+000, 2.55259777E-016,-5.00000000E-001, 0.00000000E+000, 2.85331040E-044
 6.05000000E+000, 8.47024705E-003, 1.00000000E+000, 5.10519553E-016,-5.00000000E-001, 0.00000000E+000, 2.85331040E-044
 6.15000000E+000, 8.47024705E-003, 1.00000000E+000, 7.65779330E-016,-5.00000000E-001, 0.00000000E+000, 2.85331040E-044
 6.25000000E+000, 8.47024705E-003, 1.00000000E+000, 1.02103911E-015,-5.00000000E-001, 0.00000000E+000, 2.85331040E-044
 6.35000000E+000, 8.47024705E-003, 1.00000000E+000, 1.27629888E-015,-5.00000000E-001, 0.00000000E+000, 2.85331040E-044
 6.45000000E+000, 8.47024705E-003, 1.00000000E+000, 1.53155866E-015,-5.00000000E-001, 0.00000000E+000, 2.85331040E-044
 6.55000000E+000, 8.47024705E-003, 1.00000000E+000, 1.40392877E-015,-5.00000000E-001, 0.00000000E+000, 2.85331040E-044
 6.65000000E+000, 8.47024705E-003, 1.00000000E+000, 1.40392877E-015,-5.00000000E-001, 0.00000000E+000, 2.85331040E-044
 6.75000000E+000, 8.47024705E-003, 1.00000000E+000, 1.53155866E-015,-5.00000000E-001, 0.00000000E+000, 2.85331040E-044
 6.85000000E+000, 8.47024705E-003, 1.00000000E+000, 1.40392877E-015,-5.00000000E-001, 0.00000000E+000, 2.85331040E-044
 6.95000000E+000, 8.47024705E-003, 1.00000000E+000, 1.53155866E-015,-5.00000000E-001, 0.00000000E+000, 2.85331040E-044
 7.05000000E+000, 8.47024705E-003, 1.00000000E+000, 1.40392877E-015,-5.00000000E-001, 0.00000000E+000, 2.85331040E-044
 7.15000000E+000, 8.47024705E-003, 1.00000000E+000, 1.14866899E-015,-5.00000000E-001, 0.00000000E+000, 2.85331040E-044
 7.25000000E+000, 8.47024705E-003, 1.00000000E+000, 1.14866899E-015,-5.00000000E-001, 0.00000000E+000, 2.85331040E-044
 7.35000000E+000, 8.47024705E-003, 1.00000000E+000, 1.40392877E-015,-5.00000000E-001, 0.00000000E+000, 2.85331040E-044
 7.45000000E+000, 8.47024705E-003, 1.00000000E+000, 1.53155866E-015,-5.00000000E-001, 0.00000000E+000, 2.85331040E-044
 7.55000000E+000, 8.47024705E-003, 1.00000000E+000, 1.53155866E-015,-5.00000000E-001, 0.00000000E+000, 2.85331040E-044
 7.65000000E+000, 8.47024705E-003, 1.00000000E+000, 1.27629888E-015,-5.00000000E-001, 0.00000000E+000, 2.85331040E-044
 7.75000000E+000, 8.47024705E-003, 1.00000000E+000, 1.14866899E-015,-5.00000000E-001, 0.00000000E+000, 2.85331040E-044
 7.85000000E+000, 8.47024705E-003, 1.00000000E+000, 8.93409218E-016,-5.00000000E-001, 0.00000000E+000, 2.85331040E-044
 7.95000000E+000, 8.47024705E-003, 1.00000000E+000, 6.38149442E-016,-5.00000000E-001, 0.00000000E+000, 2.85331040E-044
 8.05000000E+000, 8.47024705E-003, 1.00000000E+000, 3.82889665E-016,-5.00000000E-001, 0.00000000E+000, 2.85331040E-044
 8.15000000E+000, 8.47024705E-003, 1.00000000E+000, 1.27629888E-016,-5.00000000E-001, 0.00000000E+000, 2.85331040E-044
 8.25000000E+000, 8.47024705E-003, 1.00000000E+000, 1.27629888E-016,-5.00000000E-001, 0.00000000E+000, 2.85331040E-044
 8.35000000E+000, 8.47024705E-003, 1.00000000E+000,-5.91645679E-031,-5.00000000E-001, 0.00000000E+000, 2.85331040E-044
 8.45000000E+000, 8.47024705E-003, 1.00000000E+000, 1.19188942E-016,-5.00000000E-001, 0.00000000E+000, 2.85331040E-044
 8.55000000E+000, 8.47024705E-003, 1.00000000E+000,-4.92046938E-017,-5.00000000E-001, 0.00000000E+000, 2.85331040E-044
 8.65000000E+000, 8.47024705E-003, 1.00000000E+000, 1.27629888E-016,-5.00000000E-001, 0.00000000E+000, 2.85331040E-044
 8.75000000E+000, 8.47024705E-003, 1.00000000E+000, 2.55259777E-016,-5.00000000E-001, 0.00000000E+000, 2.85331040E-044
 8.85000000E+000, 8.47024705E-003, 1.00000000E+000, 1.27629888E-016,-5.00000000E-001, 0.00000000E+000, 2.85331040E-044
 8.95000000E+000, 8.47024705E-003, 1.00000000E+000, 2.30334620E-016,-5.00000000E-001, 0.00000000E+000, 2.85331040E-044
 9.05000000E+000, 8.47024705E-003, 1.00000000E+000, 2.49251565E-017,-5.00000000E-001, 0.00000000E+000, 2.85331040E-044
 9.15000000E+000, 8.47024705E-003, 1.00000000E+000,-1.27629888E-016,-5.00000000E-001, 0.00000000E+000, 2.85331040E-044
 9.25000000E+000, 8.47024705E-003, 1.00000000E+000,-1.27629888E-016,-5.00000000E-001, 0.00000000E+000, 2.85331040E-044
 9.35000000E+000, 8.47024705E-003, 1.00000000E+000,-1.27629888E-016,-5.00000000E-001, 0.00000000E+000, 2.85331040E-044
 9.45000000E+000, 8.47024705E-003, 1.00000000E+000,-2.07795550E-017,-5.00000000E-001, 0.00000000E+000, 2.85331040E-044
 9.55000000E+000, 8.47024705E-003, 1.00000000E+000,-1.06850333E-016,-5.00000000E-001, 0.00000000E+000, 2.85331040E-044
 9.65000000E+000, 8.47024705E-003, 1.00000000E+000, 1.97215226E-031,-5.00000000E-001, 0.00000000E+000, 2.85331040E-044
 9.75000000E+000, 8.47024705E-003, 1.00000000E+000, 2.55259777E-016,-5.00000000E-001, 0.00000000E+000, 2.85331040E-044
 9.85000000E+000, 8.47024705E-003, 1.00000000E+000, 3.82889665E-016,-5.00000000E-001, 0.00000000E+000, 2.85331040E-044
 9.95000000E+000, 8.47024705E-003, 1.00000000E+000, 1.27629888E-016,-5.00000000E-001, 0.00000000E+000, 2.85331040E-044
