   18000.000000018557      ,         200
X,ZB,H,U,ZF,QS,T1,CE
 7.50000000E-002,-5.75261608E-003, 3.90507662E-001, 5.09999984E-001,-3.00113775E-001, 0.00000000E+000, 1.98626595E-001, 1.99832754E-001
 2.25000000E-001,-6.99361324E-003, 3.91596648E-001, 5.08581732E-001,-3.00341325E-001, 0.00000000E+000, 1.98753609E-001, 2.00140307E-001
 3.75000000E-001,-6.35768444E-003, 3.90672728E-001, 5.09784500E-001,-3.00568875E-001, 0.00000000E+000, 1.98832331E-001, 1.99853240E-001
 5.25000000E-001,-7.24272307E-003, 3.91379902E-001, 5.08863384E-001,-3.00796425E-001, 0.00000000E+000, 1.98948349E-001, 2.00194448E-001
 6.75000000E-001,-8.36327364E-003, 3.92340553E-001, 5.07617425E-001,-3.01023975E-001, 0.00000000E+000, 1.98815510E-001, 1.98000464E-001
 8.25000000E-001,-7.51520798E-003, 3.91190494E-001, 5.09109767E-001,-3.01251525E-001, 0.00000000E+000, 1.98770468E-001, 1.98180958E-001
 9.75000000E-001,-9.85664820E-003, 3.93460147E-001, 5.06172996E-001,-3.01479075E-001, 0.00000000E+000, 1.98582938E-001, 1.96837917E-001
 1.12500000E+000,-9.87133497E-003, 3.93237715E-001, 5.06459309E-001,-3.01706625E-001, 0.00000000E+000, 1.98157600E-001, 1.94098229E-001
 1.27500000E+000,-1.17860066E-002, 3.95050948E-001, 5.04134727E-001,-3.01934175E-001, 0.00000000E+000, 1.97632879E-001, 1.92144755E-001
 1.42500000E+000,-1.33837822E-002, 3.96526063E-001, 5.02259297E-001,-3.02161725E-001, 0.00000000E+000, 1.96766936E-001, 1.88021349E-001
 1.57500000E+000,-1.58236817E-002, 3.98902525E-001, 4.99267087E-001,-3.02389275E-001, 0.00000000E+000, 1.95588611E-001, 1.83375631E-001
 1.72500000E+000,-1.89068143E-002, 4.01966101E-001, 4.95461933E-001,-3.02616825E-001, 0.00000000E+000, 1.93955743E-001, 1.77026140E-001
 1.87500000E+000,-2.29452373E-002, 4.06047003E-001, 4.90482383E-001,-3.02844375E-001, 0.00000000E+000, 1.91780009E-001, 1.69090073E-001
 2.02500000E+000,-2.71276435E-002, 4.10278552E-001, 4.85423624E-001,-3.03071925E-001, 0.00000000E+000, 1.89057663E-001, 1.60345346E-001
 2.17500000E+000,-2.78333339E-002, 4.10815975E-001, 4.84788601E-001,-3.03299475E-001, 0.00000000E+000, 1.86256641E-001, 1.55447279E-001
 2.32500000E+000,-3.27410516E-002, 4.15813666E-001, 4.78961895E-001,-3.03527025E-001, 0.00000000E+000, 1.83256737E-001, 1.50268228E-001
 2.47500000E+000,-3.57575201E-002, 4.18804960E-001, 4.75540933E-001,-3.03754575E-001, 0.00000000E+000, 1.79842187E-001, 1.42881406E-001
 2.62500000E+000,-3.96014506E-002, 4.22671055E-001, 4.71191247E-001,-3.03982125E-001, 0.00000000E+000, 1.76259457E-001, 1.36970328E-001
 2.77500000E+000,-4.34165237E-002, 4.26505166E-001, 4.66955427E-001,-3.04209675E-001, 0.00000000E+000, 1.72438821E-001, 1.30647919E-001
 2.92500000E+000,-4.73568932E-002, 4.30469942E-001, 4.62654607E-001,-3.04437225E-001, 0.00000000E+000, 1.68438049E-001, 1.24602014E-001
 3.07500000E+000,-5.13639638E-002, 4.34503348E-001, 4.58359878E-001,-3.04664775E-001, 0.00000000E+000, 1.64283549E-001, 1.18744389E-001
 3.22500000E+000,-5.54138818E-002, 4.38580163E-001, 4.54099201E-001,-3.04892325E-001, 0.00000000E+000, 1.60008745E-001, 1.13137478E-001
 3.37500000E+000,-5.94793852E-002, 4.42671714E-001, 4.49902028E-001,-3.05119875E-001, 0.00000000E+000, 1.55645814E-001, 1.07807050E-001
 3.52500000E+000,-6.35353021E-002, 4.46751647E-001, 4.45793324E-001,-3.05347425E-001, 0.00000000E+000, 1.51225990E-001, 1.02772083E-001
 3.67500000E+000,-6.75584844E-002, 4.50795839E-001, 4.41794011E-001,-3.05574975E-001, 0.00000000E+000, 1.46778827E-001, 9.80423893E-002
 3.82500000E+000,-7.15281488E-002, 4.54782729E-001, 4.37920987E-001,-3.05802525E-001, 0.00000000E+000, 1.42331744E-001, 9.36203670E-002
 3.97500000E+000,-7.54260392E-002, 4.58693467E-001, 4.34187351E-001,-3.06030075E-001, 0.00000000E+000, 1.37909710E-001, 8.95024065E-002
 4.12500000E+000,-7.92364790E-002, 4.62511944E-001, 4.30602721E-001,-3.06257625E-001, 0.00000000E+000, 1.33535066E-001, 8.56802692E-002
 4.27500000E+000,-8.29463327E-002, 4.66224733E-001, 4.27173609E-001,-3.06485175E-001, 0.00000000E+000, 1.29227446E-001, 8.21423269E-002
 4.42500000E+000,-8.65448974E-002, 4.69820960E-001, 4.23903824E-001,-3.06712725E-001, 0.00000000E+000, 1.25003797E-001, 7.88746296E-002
 4.57500000E+000,-9.00237447E-002, 4.73292124E-001, 4.20794878E-001,-3.06940275E-001, 0.00000000E+000, 1.20878468E-001, 7.58617892E-002
 4.72500000E+000,-9.33765314E-002, 4.76631892E-001, 4.17846361E-001,-3.07167825E-001, 0.00000000E+000, 1.16863341E-001, 7.30876859E-002
 4.87500000E+000,-9.65987920E-002, 4.79835867E-001, 4.15056304E-001,-3.07395375E-001, 0.00000000E+000, 1.12968007E-001, 7.05360125E-002
 5.02500000E+000,-9.80339949E-002, 4.81185067E-001, 4.13892523E-001,-3.07622925E-001, 0.00000000E+000, 1.09265409E-001, 6.88042026E-002
 5.17500000E+000,-9.19229177E-002, 4.74696583E-001, 4.19549895E-001,-3.07850475E-001, 0.00000000E+000, 1.06109777E-001, 7.06982310E-002
 5.32500000E+000,-8.93177947E-002, 4.71842174E-001, 4.22087961E-001,-3.08078025E-001, 0.00000000E+000, 1.03572236E-001, 7.43920786E-002
 5.47500000E+000,-8.58512224E-002, 4.68086453E-001, 4.25474611E-001,-3.08305575E-001, 0.00000000E+000, 1.01452899E-001, 7.71341025E-002
 5.62500000E+000,-8.26295754E-002, 4.64579374E-001, 4.28686491E-001,-3.08533125E-001, 0.00000000E+000, 9.97829036E-002, 8.02936997E-002
 5.77500000E+000,-7.95308654E-002, 4.61194382E-001, 4.31832888E-001,-3.08760675E-001, 0.00000000E+000, 9.85118867E-002, 8.34358645E-002
 5.92500000E+000,-7.66221399E-002, 4.58001777E-001, 4.34843076E-001,-3.08988225E-001, 0.00000000E+000, 9.76054711E-002, 8.65733781E-002
 6.07500000E+000,-7.39264721E-002, 4.55026217E-001, 4.37686653E-001,-3.09215775E-001, 0.00000000E+000, 9.70255372E-002, 8.96450615E-002
 6.22500000E+000,-7.14550252E-002, 4.52280006E-001, 4.40344253E-001,-3.09443325E-001, 0.00000000E+000, 9.67346815E-002, 9.26120792E-002
 6.37500000E+000,-6.92046108E-002, 4.49760470E-001, 4.42811040E-001,-3.09670875E-001, 0.00000000E+000, 9.66968711E-002, 9.54472957E-002
 6.52500000E+000,-7.07095485E-002, 4.51169236E-001, 4.41428373E-001,-3.09898425E-001, 0.00000000E+000, 9.66636819E-002, 9.61037987E-002
 6.67500000E+000,-6.82327926E-002, 4.48410775E-001, 4.44143880E-001,-3.10125975E-001, 0.00000000E+000, 9.66914956E-002, 9.68050412E-002
 6.82500000E+000,-6.78309264E-002, 4.47821854E-001, 4.44727965E-001,-3.10353525E-001, 0.00000000E+000, 9.69017716E-002, 9.87131824E-002
 6.97500000E+000,-6.67700455E-002, 4.46541662E-001, 4.46002957E-001,-3.10581075E-001, 0.00000000E+000, 9.71613574E-002, 9.97784190E-002
 7.12500000E+000,-6.58687131E-002, 4.45427021E-001, 4.47119039E-001,-3.10808625E-001, 0.00000000E+000, 9.75214994E-002, 1.01175543E-001
 7.27500000E+000,-6.49645240E-002, 4.44307923E-001, 4.48245217E-001,-3.11036175E-001, 0.00000000E+000, 9.79580109E-002, 1.02498066E-001
 7.42500000E+000,-6.40732070E-002, 4.43200848E-001, 4.49364893E-001,-3.11263725E-001, 0.00000000E+000, 9.84681110E-002, 1.03836947E-001
 7.57500000E+000,-6.31984475E-002, 4.42109674E-001, 4.50473973E-001,-3.11491275E-001, 0.00000000E+000, 9.90457359E-002, 1.05179681E-001
 7.72500000E+000,-6.23384616E-002, 4.41032549E-001, 4.51574158E-001,-3.11718825E-001, 0.00000000E+000, 9.96854454E-002, 1.06524518E-001
 7.87500000E+000,-6.14941938E-002, 4.39970479E-001, 4.52664238E-001,-3.11946375E-001, 0.00000000E+000, 1.00382304E-001, 1.07871544E-001
 8.02500000E+000,-6.06657223E-002, 4.38923566E-001, 4.53743925E-001,-3.12173925E-001, 0.00000000E+000, 1.01131657E-001, 1.09219562E-001
 8.17500000E+000,-5.98532693E-002, 4.37892062E-001, 4.54812770E-001,-3.12401475E-001, 0.00000000E+000, 1.01929190E-001, 1.10567830E-001
 8.32500000E+000,-5.90569780E-002, 4.36876137E-001, 4.55870406E-001,-3.12629025E-001, 0.00000000E+000, 1.02770878E-001, 1.11915532E-001
 8.47500000E+000,-5.82769587E-002, 4.35875927E-001, 4.56916497E-001,-3.12856575E-001, 0.00000000E+000, 1.03652970E-001, 1.13261904E-001
 8.62500000E+000,-5.75132852E-002, 4.34891532E-001, 4.57950746E-001,-3.13084125E-001, 0.00000000E+000, 1.04571966E-001, 1.14606208E-001
 8.77500000E+000,-5.67659979E-002, 4.33923015E-001, 4.58972893E-001,-3.13311675E-001, 0.00000000E+000, 1.05524601E-001, 1.15947741E-001
 8.92500000E+000,-5.60351075E-002, 4.32970409E-001, 4.59982709E-001,-3.13539225E-001, 0.00000000E+000, 1.06507827E-001, 1.17285826E-001
 9.07500000E+000,-5.53205969E-002, 4.32033720E-001, 4.60979994E-001,-3.13766775E-001, 0.00000000E+000, 1.07518795E-001, 1.18619819E-001
 9.22500000E+000,-5.46224245E-002, 4.31112925E-001, 4.61964581E-001,-3.13994325E-001, 0.00000000E+000, 1.08554845E-001, 1.19949102E-001
 9.37500000E+000,-5.39405263E-002, 4.30207980E-001, 4.62936326E-001,-3.14221875E-001, 0.00000000E+000, 1.09613488E-001, 1.21273089E-001
 9.52500000E+000,-5.32748182E-002, 4.29318819E-001, 4.63895111E-001,-3.14449425E-001, 0.00000000E+000, 1.10692397E-001, 1.22591218E-001
 9.67500000E+000,-5.26251981E-002, 4.28445359E-001, 4.64840842E-001,-3.14676975E-001, 0.00000000E+000, 1.11789393E-001, 1.23902958E-001
 9.82500000E+000,-5.19915482E-002, 4.27587498E-001, 4.65773444E-001,-3.14904525E-001, 0.00000000E+000, 1.12902440E-001, 1.25207801E-001
 9.97500000E+000,-5.13737364E-002, 4.26745121E-001, 4.66692861E-001,-3.15132075E-001, 0.00000000E+000, 1.14029627E-001, 1.26505264E-001
 1.01250000E+001,-5.07716184E-002, 4.25918097E-001, 4.67599059E-001,-3.15359625E-001, 0.00000000E+000, 1.15169166E-001, 1.27794890E-001
 1.02750000E+001,-5.01850387E-002, 4.25106288E-001, 4.68492016E-001,-3.15587175E-001, 0.00000000E+000, 1.16319382E-001, 1.29076245E-001
 1.04250000E+001,-4.96138328E-002, 4.24309541E-001, 4.69371726E-001,-3.15814725E-001, 0.00000000E+000, 1.17478704E-001, 1.30348916E-001
 1.05750000E+001,-4.90578276E-002, 4.23527698E-001, 4.70238198E-001,-3.16042275E-001, 0.00000000E+000, 1.18645660E-001, 1.31612514E-001
 1.07250000E+001,-4.85168433E-002, 4.22760591E-001, 4.71091454E-001,-3.16269825E-001, 0.00000000E+000, 1.19818867E-001, 1.32866669E-001
 1.08750000E+001,-4.79906940E-002, 4.22008047E-001, 4.71931526E-001,-3.16497375E-001, 0.00000000E+000, 1.20997032E-001, 1.34111033E-001
 1.10250000E+001,-4.74791889E-002, 4.21269888E-001, 4.72758456E-001,-3.16724925E-001, 0.00000000E+000, 1.22178936E-001, 1.35345276E-001
 1.11750000E+001,-4.69821331E-002, 4.20545929E-001, 4.73572297E-001,-3.16952475E-001, 0.00000000E+000, 1.23363441E-001, 1.36569087E-001
 1.13250000E+001,-4.64993284E-002, 4.19835983E-001, 4.74373111E-001,-3.17180025E-001, 0.00000000E+000, 1.24549475E-001, 1.37782174E-001
 1.14750000E+001,-4.60305739E-002, 4.19139861E-001, 4.75160967E-001,-3.17407575E-001, 0.00000000E+000, 1.25736032E-001, 1.38984261E-001
 1.16250000E+001,-4.55756669E-002, 4.18457369E-001, 4.75935941E-001,-3.17635125E-001, 0.00000000E+000, 1.26922170E-001, 1.40175089E-001
 1.17750000E+001,-4.51344032E-002, 4.17788312E-001, 4.76698116E-001,-3.17862675E-001, 0.00000000E+000, 1.28107002E-001, 1.41354417E-001
 1.19250000E+001,-4.47065776E-002, 4.17132497E-001, 4.77447581E-001,-3.18090225E-001, 0.00000000E+000, 1.29289697E-001, 1.42522016E-001
 1.20750000E+001,-4.42919847E-002, 4.16489725E-001, 4.78184429E-001,-3.18317775E-001, 0.00000000E+000, 1.30469474E-001, 1.43677675E-001
 1.22250000E+001,-4.38904189E-002, 4.15859801E-001, 4.78908760E-001,-3.18545325E-001, 0.00000000E+000, 1.31645599E-001, 1.44821195E-001
 1.23750000E+001,-4.35016749E-002, 4.15242527E-001, 4.79620676E-001,-3.18772875E-001, 0.00000000E+000, 1.32817385E-001, 1.45952394E-001
 1.25250000E+001,-4.31255483E-002, 4.14637707E-001, 4.80320285E-001,-3.19000425E-001, 0.00000000E+000, 1.33984187E-001, 1.47071100E-001
 1.26750000E+001,-4.27618352E-002, 4.14045146E-001, 4.81007696E-001,-3.19227975E-001, 0.00000000E+000, 1.35145399E-001, 1.48177157E-001
 1.28250000E+001,-4.24103333E-002, 4.13464648E-001, 4.81683023E-001,-3.19455525E-001, 0.00000000E+000, 1.36300452E-001, 1.49270418E-001
 1.29750000E+001,-4.20708413E-002, 4.12896020E-001, 4.82346382E-001,-3.19683075E-001, 0.00000000E+000, 1.37448814E-001, 1.50350751E-001
 1.31250000E+001,-4.17431597E-002, 4.12339070E-001, 4.82997892E-001,-3.19910625E-001, 0.00000000E+000, 1.38589987E-001, 1.51418034E-001
 1.32750000E+001,-4.14270907E-002, 4.11793607E-001, 4.83637672E-001,-3.20138175E-001, 0.00000000E+000, 1.39723502E-001, 1.52472158E-001
 1.34250000E+001,-4.11224383E-002, 4.11259441E-001, 4.84265847E-001,-3.20365725E-001, 0.00000000E+000, 1.40848922E-001, 1.53513022E-001
 1.35750000E+001,-4.08290084E-002, 4.10736385E-001, 4.84882539E-001,-3.20593275E-001, 0.00000000E+000, 1.41965839E-001, 1.54540538E-001
 1.37250000E+001,-4.05466092E-002, 4.10224254E-001, 4.85487875E-001,-3.20820825E-001, 0.00000000E+000, 1.43073870E-001, 1.55554628E-001
 1.38750000E+001,-4.02750509E-002, 4.09722864E-001, 4.86081981E-001,-3.21048375E-001, 0.00000000E+000, 1.44172657E-001, 1.56555223E-001
 1.40250000E+001,-4.00141459E-002, 4.09232034E-001, 4.86664985E-001,-3.21275925E-001, 0.00000000E+000, 1.45261869E-001, 1.57542262E-001
 1.41750000E+001,-3.97637090E-002, 4.08751584E-001, 4.87237015E-001,-3.21503475E-001, 0.00000000E+000, 1.46341194E-001, 1.58515697E-001
 1.43250000E+001,-3.95235573E-002, 4.08281336E-001, 4.87798202E-001,-3.21731025E-001, 0.00000000E+000, 1.47410345E-001, 1.59475485E-001
 1.44750000E+001,-3.92935102E-002, 4.07821116E-001, 4.88348675E-001,-3.21958575E-001, 0.00000000E+000, 1.48469053E-001, 1.60421595E-001
 1.46250000E+001,-3.90733895E-002, 4.07370751E-001, 4.88888564E-001,-3.22186125E-001, 0.00000000E+000, 1.49517071E-001, 1.61354001E-001
 1.47750000E+001,-3.88630195E-002, 4.06930071E-001, 4.89418001E-001,-3.22413675E-001, 0.00000000E+000, 1.50554169E-001, 1.62272689E-001
 1.49250000E+001,-3.86622267E-002, 4.06498906E-001, 4.89937116E-001,-3.22641225E-001, 0.00000000E+000, 1.51580135E-001, 1.63177649E-001
 1.50750000E+001,-3.84708403E-002, 4.06077091E-001, 4.90446041E-001,-3.22868775E-001, 0.00000000E+000, 1.52594774E-001, 1.64068880E-001
 1.52250000E+001,-3.82886915E-002, 4.05664462E-001, 4.90944907E-001,-3.23096325E-001, 0.00000000E+000, 1.53597907E-001, 1.64946390E-001
 1.53750000E+001,-3.81156142E-002, 4.05260858E-001, 4.91433845E-001,-3.23323875E-001, 0.00000000E+000, 1.54589371E-001, 1.65810192E-001
 1.55250000E+001,-3.79514448E-002, 4.04866118E-001, 4.91912987E-001,-3.23551425E-001, 0.00000000E+000, 1.55569018E-001, 1.66660307E-001
 1.56750000E+001,-3.77960216E-002, 4.04480087E-001, 4.92382463E-001,-3.23778975E-001, 0.00000000E+000, 1.56536712E-001, 1.67496762E-001
 1.58250000E+001,-3.76491856E-002, 4.04102608E-001, 4.92842406E-001,-3.24006525E-001, 0.00000000E+000, 1.57492332E-001, 1.68319591E-001
 1.59750000E+001,-3.75107801E-002, 4.03733530E-001, 4.93292944E-001,-3.24234075E-001, 0.00000000E+000, 1.58435770E-001, 1.69128833E-001
 1.61250000E+001,-3.73806506E-002, 4.03372701E-001, 4.93734209E-001,-3.24461625E-001, 0.00000000E+000, 1.59366929E-001, 1.69924535E-001
 1.62750000E+001,-3.72586450E-002, 4.03019974E-001, 4.94166330E-001,-3.24689175E-001, 0.00000000E+000, 1.60285725E-001, 1.70706750E-001
 1.64250000E+001,-3.71446131E-002, 4.02675202E-001, 4.94589437E-001,-3.24916725E-001, 0.00000000E+000, 1.61192084E-001, 1.71475533E-001
 1.65750000E+001,-3.70384075E-002, 4.02338241E-001, 4.95003660E-001,-3.25144275E-001, 0.00000000E+000, 1.62085945E-001, 1.72230949E-001
 1.67250000E+001,-3.69398823E-002, 4.02008948E-001, 4.95409126E-001,-3.25371825E-001, 0.00000000E+000, 1.62967254E-001, 1.72973066E-001
 1.68750000E+001,-3.68488944E-002, 4.01687184E-001, 4.95805965E-001,-3.25599375E-001, 0.00000000E+000, 1.63835970E-001, 1.73701957E-001
 1.70250000E+001,-3.67653025E-002, 4.01372810E-001, 4.96194303E-001,-3.25826925E-001, 0.00000000E+000, 1.64692060E-001, 1.74417701E-001
 1.71750000E+001,-3.66889672E-002, 4.01065691E-001, 4.96574267E-001,-3.26054475E-001, 0.00000000E+000, 1.65535499E-001, 1.75120380E-001
 1.73250000E+001,-3.66197517E-002, 4.00765692E-001, 4.96945985E-001,-3.26282025E-001, 0.00000000E+000, 1.66366273E-001, 1.75810082E-001
 1.74750000E+001,-3.65575207E-002, 4.00472681E-001, 4.97309582E-001,-3.26509575E-001, 0.00000000E+000, 1.67184376E-001, 1.76486899E-001
 1.76250000E+001,-3.65021413E-002, 4.00186527E-001, 4.97665183E-001,-3.26737125E-001, 0.00000000E+000, 1.67989808E-001, 1.77150928E-001
 1.77750000E+001,-3.64534822E-002, 3.99907103E-001, 4.98012913E-001,-3.26964675E-001, 0.00000000E+000, 1.68782579E-001, 1.77802268E-001
 1.79250000E+001,-3.64114144E-002, 3.99634282E-001, 4.98352896E-001,-3.27192225E-001, 0.00000000E+000, 1.69562705E-001, 1.78441024E-001
 1.80750000E+001,-3.63758107E-002, 3.99367938E-001, 4.98685254E-001,-3.27419775E-001, 0.00000000E+000, 1.70330211E-001, 1.79067303E-001
 1.82250000E+001,-3.63465456E-002, 3.99107949E-001, 4.99010111E-001,-3.27647325E-001, 0.00000000E+000, 1.71085125E-001, 1.79681217E-001
 1.83750000E+001,-3.63234956E-002, 3.98854193E-001, 4.99327587E-001,-3.27874875E-001, 0.00000000E+000, 1.71827486E-001, 1.80282881E-001
 1.85250000E+001,-3.63065391E-002, 3.98606551E-001, 4.99637804E-001,-3.28102425E-001, 0.00000000E+000, 1.72557337E-001, 1.80872413E-001
 1.86750000E+001,-3.62955563E-002, 3.98364905E-001, 4.99940881E-001,-3.28329975E-001, 0.00000000E+000, 1.73274727E-001, 1.81449933E-001
 1.88250000E+001,-3.62904289E-002, 3.98129138E-001, 5.00236939E-001,-3.28557525E-001, 0.00000000E+000, 1.73979711E-001, 1.82015566E-001
 1.89750000E+001,-3.62910407E-002, 3.97899137E-001, 5.00526096E-001,-3.28785075E-001, 0.00000000E+000, 1.74672350E-001, 1.82569438E-001
 1.91250000E+001,-3.62972770E-002, 3.97674788E-001, 5.00808468E-001,-3.29012625E-001, 0.00000000E+000, 1.75352709E-001, 1.83111679E-001
 1.92750000E+001,-3.63090249E-002, 3.97455981E-001, 5.01084174E-001,-3.29240175E-001, 0.00000000E+000, 1.76020859E-001, 1.83642420E-001
 1.94250000E+001,-3.63261733E-002, 3.97242604E-001, 5.01353328E-001,-3.29467725E-001, 0.00000000E+000, 1.76676877E-001, 1.84161796E-001
 1.95750000E+001,-3.63486124E-002, 3.97034551E-001, 5.01616046E-001,-3.29695275E-001, 0.00000000E+000, 1.77320842E-001, 1.84669942E-001
 1.97250000E+001,-3.63762343E-002, 3.96831715E-001, 5.01872442E-001,-3.29922825E-001, 0.00000000E+000, 1.77952840E-001, 1.85166997E-001
 1.98750000E+001,-3.64089328E-002, 3.96633990E-001, 5.02122629E-001,-3.30150375E-001, 0.00000000E+000, 1.78572960E-001, 1.85653101E-001
 2.00250000E+001,-3.64466031E-002, 3.96441273E-001, 5.02366719E-001,-3.30377925E-001, 0.00000000E+000, 1.79181294E-001, 1.86128396E-001
 2.01750000E+001,-3.64891419E-002, 3.96253462E-001, 5.02604824E-001,-3.30605475E-001, 0.00000000E+000, 1.79777940E-001, 1.86593025E-001
 2.03250000E+001,-3.65364478E-002, 3.96070457E-001, 5.02837053E-001,-3.30833025E-001, 0.00000000E+000, 1.80362998E-001, 1.87047133E-001
 2.04750000E+001,-3.65884207E-002, 3.95892158E-001, 5.03063517E-001,-3.31060575E-001, 0.00000000E+000, 1.80936572E-001, 1.87490867E-001
 2.06250000E+001,-3.66449619E-002, 3.95718469E-001, 5.03284323E-001,-3.31288125E-001, 0.00000000E+000, 1.81498770E-001, 1.87924373E-001
 2.07750000E+001,-3.67059745E-002, 3.95549291E-001, 5.03499579E-001,-3.31515675E-001, 0.00000000E+000, 1.82049701E-001, 1.88347799E-001
 2.09250000E+001,-3.67713629E-002, 3.95384532E-001, 5.03709391E-001,-3.31743225E-001, 0.00000000E+000, 1.82589480E-001, 1.88761297E-001
 2.10750000E+001,-3.68410330E-002, 3.95224097E-001, 5.03913864E-001,-3.31970775E-001, 0.00000000E+000, 1.83118222E-001, 1.89165014E-001
 2.12250000E+001,-3.69148923E-002, 3.95067894E-001, 5.04113102E-001,-3.32198325E-001, 0.00000000E+000, 1.83636046E-001, 1.89559103E-001
 2.13750000E+001,-3.69928495E-002, 3.94915833E-001, 5.04307209E-001,-3.32425875E-001, 0.00000000E+000, 1.84143073E-001, 1.89943714E-001
 2.15250000E+001,-3.70748149E-002, 3.94767825E-001, 5.04496286E-001,-3.32653425E-001, 0.00000000E+000, 1.84639426E-001, 1.90319000E-001
 2.16750000E+001,-3.71607002E-002, 3.94623781E-001, 5.04680435E-001,-3.32880975E-001, 0.00000000E+000, 1.85125231E-001, 1.90685112E-001
 2.18250000E+001,-3.72504184E-002, 3.94483616E-001, 5.04859755E-001,-3.33108525E-001, 0.00000000E+000, 1.85600616E-001, 1.91042202E-001
 2.19750000E+001,-3.73438841E-002, 3.94347244E-001, 5.05034344E-001,-3.33336075E-001, 0.00000000E+000, 1.86065709E-001, 1.91390424E-001
 2.21250000E+001,-3.74410130E-002, 3.94214580E-001, 5.05204301E-001,-3.33563625E-001, 0.00000000E+000, 1.86520642E-001, 1.91729928E-001
 2.22750000E+001,-3.75417224E-002, 3.94085543E-001, 5.05369722E-001,-3.33791175E-001, 0.00000000E+000, 1.86965547E-001, 1.92060869E-001
 2.24250000E+001,-3.76459308E-002, 3.93960052E-001, 5.05530702E-001,-3.34018725E-001, 0.00000000E+000, 1.87400559E-001, 1.92383397E-001
 2.25750000E+001,-3.77535581E-002, 3.93838025E-001, 5.05687335E-001,-3.34246275E-001, 0.00000000E+000, 1.87825811E-001, 1.92697663E-001
 2.27250000E+001,-3.78645255E-002, 3.93719386E-001, 5.05839714E-001,-3.34473825E-001, 0.00000000E+000, 1.88241442E-001, 1.93003821E-001
 2.28750000E+001,-3.79787557E-002, 3.93604055E-001, 5.05987932E-001,-3.34701375E-001, 0.00000000E+000, 1.88647587E-001, 1.93302019E-001
 2.30250000E+001,-3.80961724E-002, 3.93491957E-001, 5.06132077E-001,-3.34928925E-001, 0.00000000E+000, 1.89044385E-001, 1.93592409E-001
 2.31750000E+001,-3.82167009E-002, 3.93383017E-001, 5.06272241E-001,-3.35156475E-001, 0.00000000E+000, 1.89431976E-001, 1.93875140E-001
 2.33250000E+001,-3.83402675E-002, 3.93277162E-001, 5.06408510E-001,-3.35384025E-001, 0.00000000E+000, 1.89810498E-001, 1.94150360E-001
 2.34750000E+001,-3.84667999E-002, 3.93174318E-001, 5.06540972E-001,-3.35611575E-001, 0.00000000E+000, 1.90180092E-001, 1.94418217E-001
 2.36250000E+001,-3.85962272E-002, 3.93074416E-001, 5.06669713E-001,-3.35839125E-001, 0.00000000E+000, 1.90540898E-001, 1.94678859E-001
 2.37750000E+001,-3.87284795E-002, 3.92977384E-001, 5.06794817E-001,-3.36066675E-001, 0.00000000E+000, 1.90893058E-001, 1.94932430E-001
 2.39250000E+001,-3.88634884E-002, 3.92883154E-001, 5.06916368E-001,-3.36294225E-001, 0.00000000E+000, 1.91236712E-001, 1.95179076E-001
 2.40750000E+001,-3.90011865E-002, 3.92791659E-001, 5.07034447E-001,-3.36521775E-001, 0.00000000E+000, 1.91572001E-001, 1.95418940E-001
 2.42250000E+001,-3.91415077E-002, 3.92702831E-001, 5.07149136E-001,-3.36749325E-001, 0.00000000E+000, 1.91899066E-001, 1.95652166E-001
 2.43750000E+001,-3.92843872E-002, 3.92616607E-001, 5.07260514E-001,-3.36976875E-001, 0.00000000E+000, 1.92218049E-001, 1.95878893E-001
 2.45250000E+001,-3.94297613E-002, 3.92532921E-001, 5.07368659E-001,-3.37204425E-001, 0.00000000E+000, 1.92529090E-001, 1.96099262E-001
 2.46750000E+001,-3.95775675E-002, 3.92451711E-001, 5.07473648E-001,-3.37431975E-001, 0.00000000E+000, 1.92832330E-001, 1.96313411E-001
 2.48250000E+001,-3.97277445E-002, 3.92372915E-001, 5.07575558E-001,-3.37659525E-001, 0.00000000E+000, 1.93127908E-001, 1.96521477E-001
 2.49750000E+001,-3.98802322E-002, 3.92296473E-001, 5.07674463E-001,-3.37887075E-001, 0.00000000E+000, 1.93415965E-001, 1.96723597E-001
 2.51250000E+001,-4.00349715E-002, 3.92222326E-001, 5.07770437E-001,-3.38114625E-001, 0.00000000E+000, 1.93696639E-001, 1.96919902E-001
 2.52750000E+001,-4.01919047E-002, 3.92150414E-001, 5.07863551E-001,-3.38342175E-001, 0.00000000E+000, 1.93970069E-001, 1.97110527E-001
 2.54250000E+001,-4.03509749E-002, 3.92080681E-001, 5.07953876E-001,-3.38569725E-001, 0.00000000E+000, 1.94236393E-001, 1.97295602E-001
 2.55750000E+001,-4.05121267E-002, 3.92013070E-001, 5.08041483E-001,-3.38797275E-001, 0.00000000E+000, 1.94495747E-001, 1.97475255E-001
 2.57250000E+001,-4.06753056E-002, 3.91947527E-001, 5.08126440E-001,-3.39024825E-001, 0.00000000E+000, 1.94748268E-001, 1.97649615E-001
 2.58750000E+001,-4.08404580E-002, 3.91883998E-001, 5.08208813E-001,-3.39252375E-001, 0.00000000E+000, 1.94994090E-001, 1.97818806E-001
 2.60250000E+001,-4.10075319E-002, 3.91822430E-001, 5.08288670E-001,-3.39479925E-001, 0.00000000E+000, 1.95233349E-001, 1.97982953E-001
 2.61750000E+001,-4.11764759E-002, 3.91762770E-001, 5.08366074E-001,-3.39707475E-001, 0.00000000E+000, 1.95466176E-001, 1.98142179E-001
 2.63250000E+001,-4.13472398E-002, 3.91704969E-001, 5.08441090E-001,-3.39935025E-001, 0.00000000E+000, 1.95692705E-001, 1.98296602E-001
 2.64750000E+001,-4.15197746E-002, 3.91648977E-001, 5.08513780E-001,-3.40162575E-001, 0.00000000E+000, 1.95913065E-001, 1.98446342E-001
 2.66250000E+001,-4.16940322E-002, 3.91594745E-001, 5.08584204E-001,-3.40390125E-001, 0.00000000E+000, 1.96127388E-001, 1.98591516E-001
 2.67750000E+001,-4.18699656E-002, 3.91542225E-001, 5.08652424E-001,-3.40617675E-001, 0.00000000E+000, 1.96335800E-001, 1.98732238E-001
 2.69250000E+001,-4.20475286E-002, 3.91491371E-001, 5.08718497E-001,-3.40845225E-001, 0.00000000E+000, 1.96538429E-001, 1.98868620E-001
 2.70750000E+001,-4.22266764E-002, 3.91442136E-001, 5.08782482E-001,-3.41072775E-001, 0.00000000E+000, 1.96735402E-001, 1.99000775E-001
 2.72250000E+001,-4.24073647E-002, 3.91394478E-001, 5.08844434E-001,-3.41300325E-001, 0.00000000E+000, 1.96926841E-001, 1.99128810E-001
 2.73750000E+001,-4.25895507E-002, 3.91348351E-001, 5.08904410E-001,-3.41527875E-001, 0.00000000E+000, 1.97112871E-001, 1.99252834E-001
 2.75250000E+001,-4.27731921E-002, 3.91303713E-001, 5.08962463E-001,-3.41755425E-001, 0.00000000E+000, 1.97293612E-001, 1.99372951E-001
 2.76750000E+001,-4.29582478E-002, 3.91260523E-001, 5.09018646E-001,-3.41982975E-001, 0.00000000E+000, 1.97469184E-001, 1.99489265E-001
 2.78250000E+001,-4.31446776E-002, 3.91218738E-001, 5.09073012E-001,-3.42210525E-001, 0.00000000E+000, 1.97639707E-001, 1.99601878E-001
 2.79750000E+001,-4.33324421E-002, 3.91178321E-001, 5.09125611E-001,-3.42438075E-001, 0.00000000E+000, 1.97805296E-001, 1.99710888E-001
 2.81250000E+001,-4.35215031E-002, 3.91139231E-001, 5.09176492E-001,-3.42665625E-001, 0.00000000E+000, 1.97966067E-001, 1.99816393E-001
 2.82750000E+001,-4.37118230E-002, 3.91101430E-001, 5.09225705E-001,-3.42893175E-001, 0.00000000E+000, 1.98122134E-001, 1.99918489E-001
 2.84250000E+001,-4.39033653E-002, 3.91064882E-001, 5.09273297E-001,-3.43120725E-001, 0.00000000E+000, 1.98273608E-001, 2.00017270E-001
 2.85750000E+001,-4.40960941E-002, 3.91029549E-001, 5.09319313E-001,-3.43348275E-001, 0.00000000E+000, 1.98420600E-001, 2.00112828E-001
 2.87250000E+001,-4.42899746E-002, 3.90995397E-001, 5.09363801E-001,-3.43575825E-001, 0.00000000E+000, 1.98563218E-001, 2.00205252E-001
 2.88750000E+001,-4.44849728E-002, 3.90962391E-001, 5.09406803E-001,-3.43803375E-001, 0.00000000E+000, 1.98701571E-001, 2.00294631E-001
 2.90250000E+001,-4.46810555E-002, 3.90930497E-001, 5.09448363E-001,-3.44030925E-001, 0.00000000E+000, 1.98835761E-001, 2.00381051E-001
 2.91750000E+001,-4.48781903E-002, 3.90899681E-001, 5.09488524E-001,-3.44258475E-001, 0.00000000E+000, 1.98965895E-001, 2.00464595E-001
 2.93250000E+001,-4.50763456E-002, 3.90869912E-001, 5.09527327E-001,-3.44486025E-001, 0.00000000E+000, 1.99092072E-001, 2.00545348E-001
 2.94750000E+001,-4.52754906E-002, 3.90841159E-001, 5.09564811E-001,-3.44713575E-001, 0.00000000E+000, 1.99214393E-001, 2.00623389E-001
 2.96250000E+001,-4.54755954E-002, 3.90813391E-001, 5.09601017E-001,-3.44941125E-001, 0.00000000E+000, 1.99332958E-001, 2.00698797E-001
 2.97750000E+001,-4.56766306E-002, 3.90786577E-001, 5.09635983E-001,-3.45168675E-001, 0.00000000E+000, 1.99447861E-001, 2.00771649E-001
 2.99250000E+001,-4.58785677E-002, 3.90760690E-001, 5.09669746E-001,-3.45396225E-001, 0.00000000E+000, 1.99559199E-001, 2.00842021E-001
