   601.04215205422008      ,         140
X,ZB,H,U
 2.00000000E+000, 0.00000000E+000, 1.20769212E-001, 4.63785608E+000
 6.00000000E+000, 1.44927536E-003, 1.20856779E-001, 4.63447666E+000
 1.00000000E+001, 4.34782609E-003, 1.22279169E-001, 4.62495529E+000
 1.40000000E+001, 1.22201746E-002, 1.24765936E-001, 4.60406019E+000
 1.80000000E+001, 2.38358697E-002, 1.24344889E-001, 4.58064646E+000
 2.20000000E+001, 3.20646086E-002, 1.24062069E-001, 4.55757753E+000
 2.60000000E+001, 3.55877740E-002, 1.22221157E-001, 4.55763910E+000
 3.00000000E+001, 3.42508446E-002, 1.22092043E-001, 4.56087453E+000
 3.40000000E+001, 2.91016215E-002, 1.21762528E-001, 4.57270197E+000
 3.80000000E+001, 2.21310165E-002, 1.21350002E-001, 4.58808449E+000
 4.20000000E+001, 1.57805268E-002, 1.20862339E-001, 4.60408418E+000
 4.60000000E+001, 1.23382416E-002, 1.21165378E-001, 4.60886770E+000
 5.00000000E+001, 1.33727988E-002, 1.23369723E-001, 4.60335136E+000
 5.40000000E+001, 1.93453255E-002, 1.23602018E-001, 4.58898373E+000
 5.80000000E+001, 2.94953613E-002, 1.23407237E-001, 4.56664492E+000
 6.20000000E+001, 4.20289855E-002, 1.23980587E-001, 4.53797685E+000
 6.60000000E+001, 5.45626097E-002, 1.25294763E-001, 4.50924387E+000
 7.00000000E+001, 6.47126455E-002, 1.26866200E-001, 4.47896430E+000
 7.40000000E+001, 7.06851722E-002, 1.25334524E-001, 4.47219696E+000
 7.80000000E+001, 7.17197295E-002, 1.24634849E-001, 4.47231021E+000
 8.20000000E+001, 6.82774442E-002, 1.24312144E-001, 4.48052477E+000
 8.60000000E+001, 6.19269545E-002, 1.23746299E-001, 4.49999084E+000
 9.00000000E+001, 5.49563495E-002, 1.25647887E-001, 4.43923631E+000
 9.40000000E+001, 4.98071264E-002, 3.54513991E-001, 2.17078874E+000
 9.80000000E+001, 4.84701970E-002, 6.05794663E-001, 1.13031445E+000
 1.02000000E+002, 5.19933624E-002, 6.23052809E-001, 1.08282903E+000
 1.06000000E+002, 6.02221014E-002, 6.13471181E-001, 1.11267976E+000
 1.10000000E+002, 7.18377965E-002, 6.01381295E-001, 1.14188332E+000
 1.14000000E+002, 8.46839427E-002, 5.85221167E-001, 1.18084056E+000
 1.18000000E+002, 9.62996378E-002, 5.70358948E-001, 1.21642794E+000
 1.22000000E+002, 1.04528377E-001, 5.59945459E-001, 1.24534400E+000
 1.26000000E+002, 1.08051542E-001, 5.52301323E-001, 1.24401110E+000
 1.30000000E+002, 1.06714613E-001, 5.51906902E-001, 1.23454391E+000
 1.34000000E+002, 1.01565390E-001, 5.55129162E-001, 1.21512382E+000
 1.38000000E+002, 9.45947846E-002, 5.62942129E-001, 1.18009159E+000
 1.42000000E+002, 8.82442950E-002, 5.67982510E-001, 1.14703108E+000
 1.46000000E+002, 8.48020097E-002, 5.73414706E-001, 1.13977494E+000
 1.50000000E+002, 8.58365669E-002, 5.74008442E-001, 1.14653885E+000
 1.54000000E+002, 9.18090937E-002, 5.68589043E-001, 1.16834747E+000
 1.58000000E+002, 1.01959129E-001, 5.57446504E-001, 1.20686335E+000
 1.62000000E+002, 1.14492754E-001, 5.43013771E-001, 1.25531434E+000
 1.66000000E+002, 1.27026378E-001, 5.26396079E-001, 1.30847304E+000
 1.70000000E+002, 1.37176414E-001, 5.14317542E-001, 1.36208415E+000
 1.74000000E+002, 1.43148940E-001, 5.04404312E-001, 1.38785676E+000
 1.78000000E+002, 1.44183498E-001, 5.01816915E-001, 1.38437244E+000
 1.82000000E+002, 1.40741212E-001, 5.03297292E-001, 1.37596781E+000
 1.86000000E+002, 1.34390723E-001, 5.12931276E-001, 1.33442941E+000
 1.90000000E+002, 1.27420118E-001, 5.22073378E-001, 1.29829309E+000
 1.94000000E+002, 1.22270895E-001, 5.26958005E-001, 1.26721599E+000
 1.98000000E+002, 1.20933965E-001, 5.30564180E-001, 1.26536732E+000
 2.02000000E+002, 1.24457131E-001, 5.27867890E-001, 1.27331320E+000
 2.06000000E+002, 1.32685869E-001, 5.16520302E-001, 1.31262413E+000
 2.10000000E+002, 1.44301565E-001, 5.00444320E-001, 1.36779877E+000
 2.14000000E+002, 1.52173913E-001, 4.89091178E-001, 1.41177925E+000
 2.18000000E+002, 1.55072464E-001, 4.85900065E-001, 1.43406921E+000
 2.22000000E+002, 1.57971014E-001, 4.82011207E-001, 1.45281558E+000
 2.26000000E+002, 1.60869565E-001, 4.77094598E-001, 1.46837976E+000
 2.30000000E+002, 1.63768116E-001, 4.71227260E-001, 1.48094235E+000
 2.34000000E+002, 1.66666667E-001, 4.64756115E-001, 1.49195030E+000
 2.38000000E+002, 1.69565217E-001, 4.58023263E-001, 1.50310407E+000
 2.42000000E+002, 1.72463768E-001, 4.51342552E-001, 1.51624015E+000
 2.46000000E+002, 1.75362319E-001, 4.45064813E-001, 1.53345333E+000
 2.50000000E+002, 1.78260870E-001, 4.39255646E-001, 1.55556450E+000
 2.54000000E+002, 1.81159420E-001, 4.33694489E-001, 1.58206760E+000
 2.58000000E+002, 1.84057971E-001, 4.28044994E-001, 1.61233581E+000
 2.62000000E+002, 1.86956522E-001, 4.21982435E-001, 1.64603637E+000
 2.66000000E+002, 1.89855072E-001, 4.15020727E-001, 1.68322759E+000
 2.70000000E+002, 1.92753623E-001, 4.06550252E-001, 1.72479316E+000
 2.74000000E+002, 1.95652174E-001, 3.95997584E-001, 1.77531942E+000
 2.78000000E+002, 1.98550725E-001, 3.73740768E-001, 1.87420907E+000
 2.82000000E+002, 1.98550725E-001, 3.60448029E-001, 1.93548022E+000
 2.86000000E+002, 1.95652174E-001, 3.39614688E-001, 2.04144573E+000
 2.90000000E+002, 1.92753623E-001, 3.29438664E-001, 2.09396601E+000
 2.94000000E+002, 1.89855072E-001, 3.21665147E-001, 2.13885180E+000
 2.98000000E+002, 1.86956522E-001, 3.15601185E-001, 2.18054849E+000
 3.02000000E+002, 1.84057971E-001, 3.10795194E-001, 2.22060841E+000
 3.06000000E+002, 1.81159420E-001, 3.06890642E-001, 2.25937119E+000
 3.10000000E+002, 1.78260870E-001, 3.03450398E-001, 2.29596284E+000
 3.14000000E+002, 1.75362319E-001, 3.00110771E-001, 2.32918492E+000
 3.18000000E+002, 1.72463768E-001, 2.96723459E-001, 2.35873829E+000
 3.22000000E+002, 1.69565217E-001, 2.93179072E-001, 2.38450909E+000
 3.26000000E+002, 1.66666667E-001, 2.89426599E-001, 2.40663470E+000
 3.30000000E+002, 1.63768116E-001, 2.85673035E-001, 2.42653497E+000
 3.34000000E+002, 1.60869565E-001, 2.82211573E-001, 2.44607026E+000
 3.38000000E+002, 1.57971014E-001, 2.79086417E-001, 2.46579062E+000
 3.42000000E+002, 1.55072464E-001, 2.76346333E-001, 2.48621554E+000
 3.46000000E+002, 1.52173913E-001, 2.74034636E-001, 2.50784759E+000
 3.50000000E+002, 1.49275362E-001, 2.72124398E-001, 2.53077146E+000
 3.54000000E+002, 1.46376812E-001, 2.70453314E-001, 2.55417009E+000
 3.58000000E+002, 1.43478261E-001, 2.68797131E-001, 2.57657665E+000
 3.62000000E+002, 1.40579710E-001, 2.67078931E-001, 2.59764424E+000
 3.66000000E+002, 1.37681159E-001, 2.65215601E-001, 2.61697223E+000
 3.70000000E+002, 1.34782609E-001, 2.63133434E-001, 2.63418301E+000
 3.74000000E+002, 1.31884058E-001, 2.60809968E-001, 2.64919763E+000
 3.78000000E+002, 1.28985507E-001, 2.58324016E-001, 2.66253555E+000
 3.82000000E+002, 1.26086957E-001, 2.55908210E-001, 2.67545685E+000
 3.86000000E+002, 1.23188406E-001, 2.53671155E-001, 2.68867181E+000
 3.90000000E+002, 1.20289855E-001, 2.51657747E-001, 2.70262466E+000
 3.94000000E+002, 1.17391304E-001, 2.49913087E-001, 2.71768998E+000
 3.98000000E+002, 1.14492754E-001, 2.48449312E-001, 2.73403252E+000
 4.02000000E+002, 1.11594203E-001, 2.47227856E-001, 2.75149312E+000
 4.06000000E+002, 1.08695652E-001, 2.46145023E-001, 2.76946314E+000
 4.10000000E+002, 1.05797101E-001, 2.45062876E-001, 2.78689226E+000
 4.14000000E+002, 1.02898551E-001, 2.43908372E-001, 2.80339112E+000
 4.18000000E+002, 1.00000000E-001, 2.42609886E-001, 2.81858738E+000
 4.22000000E+002, 9.71014493E-002, 2.41110899E-001, 2.83214836E+000
 4.26000000E+002, 9.42028986E-002, 2.39387904E-001, 2.84393921E+000
 4.30000000E+002, 9.13043478E-002, 2.37469623E-001, 2.85415095E+000
 4.34000000E+002, 8.84057971E-002, 2.35460067E-001, 2.86342315E+000
 4.38000000E+002, 8.55072464E-002, 2.33537428E-001, 2.87267873E+000
 4.42000000E+002, 8.26086957E-002, 2.31758255E-001, 2.88240218E+000
 4.46000000E+002, 7.97101449E-002, 2.30169212E-001, 2.89301964E+000
 4.50000000E+002, 7.68115942E-002, 2.28805948E-001, 2.90482261E+000
 4.54000000E+002, 7.39130435E-002, 2.27676809E-001, 2.91791394E+000
 4.58000000E+002, 7.10144928E-002, 2.26758719E-001, 2.93218131E+000
 4.62000000E+002, 6.81159420E-002, 2.25997069E-001, 2.94729682E+000
 4.66000000E+002, 6.52173913E-002, 2.25304778E-001, 2.96266769E+000
 4.70000000E+002, 6.23188406E-002, 2.24596989E-001, 2.97757037E+000
 4.74000000E+002, 5.94202899E-002, 2.23821605E-001, 2.99177028E+000
 4.78000000E+002, 5.65217391E-002, 2.22927182E-001, 3.00497580E+000
 4.82000000E+002, 5.36231884E-002, 2.21871238E-001, 3.01691712E+000
 4.86000000E+002, 5.07246377E-002, 2.20627567E-001, 3.02742452E+000
 4.90000000E+002, 4.78260870E-002, 2.19194458E-001, 3.03648728E+000
 4.94000000E+002, 4.49275362E-002, 2.17603261E-001, 3.04431144E+000
 4.98000000E+002, 4.20289855E-002, 2.15928856E-001, 3.05138130E+000
 5.02000000E+002, 3.91304348E-002, 2.14306013E-001, 3.05839704E+000
 5.06000000E+002, 3.62318841E-002, 2.12786203E-001, 3.06576804E+000
 5.10000000E+002, 3.33333333E-002, 2.11406089E-001, 3.07386554E+000
 5.14000000E+002, 3.04347826E-002, 2.10199060E-001, 3.08296737E+000
 5.18000000E+002, 2.75362319E-002, 2.09182796E-001, 3.09322186E+000
 5.22000000E+002, 2.46376812E-002, 2.08354147E-001, 3.10463691E+000
 5.26000000E+002, 2.17391304E-002, 2.07693949E-001, 3.11709024E+000
 5.30000000E+002, 1.88405797E-002, 2.07164757E-001, 3.13035930E+000
 5.34000000E+002, 1.59420290E-002, 2.06725026E-001, 3.14409617E+000
 5.38000000E+002, 1.30434783E-002, 2.06308916E-001, 3.15791993E+000
 5.42000000E+002, 1.01449275E-002, 2.05880064E-001, 3.17140196E+000
 5.46000000E+002, 7.24637681E-003, 2.05416507E-001, 3.18451525E+000
 5.50000000E+002, 4.34782609E-003, 2.04837434E-001, 3.19668276E+000
 5.54000000E+002, 1.44927536E-003, 2.04375526E-001, 3.20965549E+000
 5.58000000E+002, 0.00000000E+000, 2.03818514E-001, 3.21259323E+000
