   601.03509176846921      ,         140
X,ZB,H,U
 2.00000000E+000, 0.00000000E+000, 1.20767189E-001, 4.63793422E+000
 6.00000000E+000, 1.44927536E-003, 1.20852286E-001, 4.63464993E+000
 1.00000000E+001, 4.34782609E-003, 1.22269079E-001, 4.62534253E+000
 1.40000000E+001, 1.22201746E-002, 1.24751141E-001, 4.60456314E+000
 1.80000000E+001, 2.38358697E-002, 1.24322962E-001, 4.58129614E+000
 2.20000000E+001, 3.20646086E-002, 1.24054629E-001, 4.55758484E+000
 2.60000000E+001, 3.55877740E-002, 1.22220295E-001, 4.55759677E+000
 3.00000000E+001, 3.42508446E-002, 1.22096505E-001, 4.56068285E+000
 3.40000000E+001, 2.91016215E-002, 1.21770147E-001, 4.57240722E+000
 3.80000000E+001, 2.21310165E-002, 1.21358817E-001, 4.58774818E+000
 4.20000000E+001, 1.57805268E-002, 1.20864852E-001, 4.60375191E+000
 4.60000000E+001, 1.23382416E-002, 1.21163756E-001, 4.60900846E+000
 5.00000000E+001, 1.33727988E-002, 1.23365599E-001, 4.60363222E+000
 5.40000000E+001, 1.93453255E-002, 1.23587682E-001, 4.58943776E+000
 5.80000000E+001, 2.94953613E-002, 1.23388626E-001, 4.56725881E+000
 6.20000000E+001, 4.20289855E-002, 1.23961580E-001, 4.53865217E+000
 6.60000000E+001, 5.45626097E-002, 1.25274532E-001, 4.50997351E+000
 7.00000000E+001, 6.47126455E-002, 1.26861806E-001, 4.47933526E+000
 7.40000000E+001, 7.06851722E-002, 1.25364116E-001, 4.47213895E+000
 7.80000000E+001, 7.17197295E-002, 1.24660119E-001, 4.47218848E+000
 8.20000000E+001, 6.82774442E-002, 1.24318657E-001, 4.48028956E+000
 8.60000000E+001, 6.19269545E-002, 1.23704337E-001, 4.50122751E+000
 9.00000000E+001, 5.49563495E-002, 1.27818752E-001, 4.45192275E+000
 9.40000000E+001, 4.98071264E-002, 4.52829036E-001, 1.79084278E+000
 9.80000000E+001, 4.84701970E-002, 6.26456084E-001, 1.12700953E+000
 1.02000000E+002, 5.19933624E-002, 6.27701164E-001, 1.09892563E+000
 1.06000000E+002, 6.02221014E-002, 6.16485653E-001, 1.12479417E+000
 1.10000000E+002, 7.18377965E-002, 6.02293299E-001, 1.14815061E+000
 1.14000000E+002, 8.46839427E-002, 5.84767257E-001, 1.17951307E+000
 1.18000000E+002, 9.62996378E-002, 5.68772827E-001, 1.20834962E+000
 1.22000000E+002, 1.04528377E-001, 5.53133686E-001, 1.21611818E+000
 1.26000000E+002, 1.08051542E-001, 5.44012194E-001, 1.20712033E+000
 1.30000000E+002, 1.06714613E-001, 5.44158536E-001, 1.19775416E+000
 1.34000000E+002, 1.01565390E-001, 5.49371220E-001, 1.18609162E+000
 1.38000000E+002, 9.45947846E-002, 5.59986931E-001, 1.16430265E+000
 1.42000000E+002, 8.82442950E-002, 5.71808810E-001, 1.15877668E+000
 1.46000000E+002, 8.48020097E-002, 5.80125827E-001, 1.16566211E+000
 1.50000000E+002, 8.58365669E-002, 5.82809971E-001, 1.17851374E+000
 1.54000000E+002, 9.18090937E-002, 5.76904636E-001, 1.20246279E+000
 1.58000000E+002, 1.01959129E-001, 5.64432659E-001, 1.23693869E+000
 1.62000000E+002, 1.14492754E-001, 5.47687125E-001, 1.27720244E+000
 1.66000000E+002, 1.27026378E-001, 5.28596580E-001, 1.32010976E+000
 1.70000000E+002, 1.37176414E-001, 5.13975884E-001, 1.36086206E+000
 1.74000000E+002, 1.43148940E-001, 4.99852403E-001, 1.36536975E+000
 1.78000000E+002, 1.44183498E-001, 4.96039377E-001, 1.35659121E+000
 1.82000000E+002, 1.40741212E-001, 4.98114291E-001, 1.34650787E+000
 1.86000000E+002, 1.34390723E-001, 5.08811814E-001, 1.30981562E+000
 1.90000000E+002, 1.27420118E-001, 5.19661464E-001, 1.28328883E+000
 1.94000000E+002, 1.22270895E-001, 5.29757393E-001, 1.27174705E+000
 1.98000000E+002, 1.20933965E-001, 5.35279603E-001, 1.28155825E+000
 2.02000000E+002, 1.24457131E-001, 5.33760664E-001, 1.29622979E+000
 2.06000000E+002, 1.32685869E-001, 5.22535839E-001, 1.34018523E+000
 2.10000000E+002, 1.44301565E-001, 5.06929657E-001, 1.39618758E+000
 2.14000000E+002, 1.52173913E-001, 4.93123804E-001, 1.42778634E+000
 2.18000000E+002, 1.55072464E-001, 4.86995343E-001, 1.43521346E+000
 2.22000000E+002, 1.57971014E-001, 4.80450765E-001, 1.44193991E+000
 2.26000000E+002, 1.60869565E-001, 4.73753658E-001, 1.44888538E+000
 2.30000000E+002, 1.63768116E-001, 4.67367659E-001, 1.45843369E+000
 2.34000000E+002, 1.66666667E-001, 4.61657152E-001, 1.47250264E+000
 2.38000000E+002, 1.69565217E-001, 4.56695536E-001, 1.49170212E+000
 2.42000000E+002, 1.72463768E-001, 4.52286873E-001, 1.51538317E+000
 2.46000000E+002, 1.75362319E-001, 4.48043790E-001, 1.54200434E+000
 2.50000000E+002, 1.78260870E-001, 4.43627043E-001, 1.57054565E+000
 2.54000000E+002, 1.81159420E-001, 4.38662876E-001, 1.59985481E+000
 2.58000000E+002, 1.84057971E-001, 4.32592246E-001, 1.62825354E+000
 2.62000000E+002, 1.86956522E-001, 4.25198376E-001, 1.65562132E+000
 2.66000000E+002, 1.89855072E-001, 4.16433136E-001, 1.68391366E+000
 2.70000000E+002, 1.92753623E-001, 4.06087187E-001, 1.71646170E+000
 2.74000000E+002, 1.95652174E-001, 3.93723457E-001, 1.76114340E+000
 2.78000000E+002, 1.98550725E-001, 3.69450308E-001, 1.85954117E+000
 2.82000000E+002, 1.98550725E-001, 3.59557989E-001, 1.90995992E+000
 2.86000000E+002, 1.95652174E-001, 3.37373381E-001, 2.03496797E+000
 2.90000000E+002, 1.92753623E-001, 3.28652377E-001, 2.09841618E+000
 2.94000000E+002, 1.89855072E-001, 3.22357258E-001, 2.15279976E+000
 2.98000000E+002, 1.86956522E-001, 3.17288568E-001, 2.20083895E+000
 3.02000000E+002, 1.84057971E-001, 3.12717060E-001, 2.24270933E+000
 3.06000000E+002, 1.81159420E-001, 3.08155471E-001, 2.27815579E+000
 3.10000000E+002, 1.78260870E-001, 3.03457136E-001, 2.30763361E+000
 3.14000000E+002, 1.75362319E-001, 2.98592787E-001, 2.33201631E+000
 3.18000000E+002, 1.72463768E-001, 2.93928709E-001, 2.35396783E+000
 3.22000000E+002, 1.69565217E-001, 2.89730895E-001, 2.37556156E+000
 3.26000000E+002, 1.66666667E-001, 2.86048594E-001, 2.39753767E+000
 3.30000000E+002, 1.63768116E-001, 2.82943676E-001, 2.42069047E+000
 3.34000000E+002, 1.60869565E-001, 2.80455251E-001, 2.44564592E+000
 3.38000000E+002, 1.57971014E-001, 2.78493066E-001, 2.47222595E+000
 3.42000000E+002, 1.55072464E-001, 2.76745685E-001, 2.49865470E+000
 3.46000000E+002, 1.52173913E-001, 2.74971950E-001, 2.52348514E+000
 3.50000000E+002, 1.49275362E-001, 2.73074119E-001, 2.54635004E+000
 3.54000000E+002, 1.46376812E-001, 2.70933070E-001, 2.56666190E+000
 3.58000000E+002, 1.43478261E-001, 2.68459555E-001, 2.58399483E+000
 3.62000000E+002, 1.40579710E-001, 2.65665316E-001, 2.59851547E+000
 3.66000000E+002, 1.37681159E-001, 2.62740151E-001, 2.61138431E+000
 3.70000000E+002, 1.34782609E-001, 2.59994652E-001, 2.62424616E+000
 3.74000000E+002, 1.31884058E-001, 2.57507703E-001, 2.63779416E+000
 3.78000000E+002, 1.28985507E-001, 2.55350868E-001, 2.65263666E+000
 3.82000000E+002, 1.26086957E-001, 2.53572532E-001, 2.66918738E+000
 3.86000000E+002, 1.23188406E-001, 2.52166162E-001, 2.68751018E+000
 3.90000000E+002, 1.20289855E-001, 2.51049139E-001, 2.70717818E+000
 3.94000000E+002, 1.17391304E-001, 2.50047522E-001, 2.72705166E+000
 3.98000000E+002, 1.14492754E-001, 2.49003612E-001, 2.74596309E+000
 4.02000000E+002, 1.11594203E-001, 2.47824115E-001, 2.76351194E+000
 4.06000000E+002, 1.08695652E-001, 2.46417228E-001, 2.77918006E+000
 4.10000000E+002, 1.05797101E-001, 2.44717468E-001, 2.79259004E+000
 4.14000000E+002, 1.02898551E-001, 2.42712595E-001, 2.80369194E+000
 4.18000000E+002, 1.00000000E-001, 2.40469702E-001, 2.81293045E+000
 4.22000000E+002, 9.71014493E-002, 2.38169913E-001, 2.82136123E+000
 4.26000000E+002, 9.42028986E-002, 2.36020503E-001, 2.83005663E+000
 4.30000000E+002, 9.13043478E-002, 2.34080885E-001, 2.83964640E+000
 4.34000000E+002, 8.84057971E-002, 2.32414911E-001, 2.85065200E+000
 4.38000000E+002, 8.55072464E-002, 2.31056880E-001, 2.86335912E+000
 4.42000000E+002, 8.26086957E-002, 2.30000233E-001, 2.87777175E+000
 4.46000000E+002, 7.97101449E-002, 2.29197480E-001, 2.89361343E+000
 4.50000000E+002, 7.68115942E-002, 2.28562190E-001, 2.91034535E+000
 4.54000000E+002, 7.39130435E-002, 2.27970742E-001, 2.92703764E+000
 4.58000000E+002, 7.10144928E-002, 2.27337354E-001, 2.94304586E+000
 4.62000000E+002, 6.81159420E-002, 2.26598894E-001, 2.95810151E+000
 4.66000000E+002, 6.52173913E-002, 2.25695123E-001, 2.97183667E+000
 4.70000000E+002, 6.23188406E-002, 2.24576493E-001, 2.98393448E+000
 4.74000000E+002, 5.94202899E-002, 2.23212520E-001, 2.99420348E+000
 4.78000000E+002, 5.65217391E-002, 2.21604559E-001, 3.00266222E+000
 4.82000000E+002, 5.36231884E-002, 2.19799401E-001, 3.00962763E+000
 4.86000000E+002, 5.07246377E-002, 2.17905940E-001, 3.01579121E+000
 4.90000000E+002, 4.78260870E-002, 2.16094685E-001, 3.02201449E+000
 4.94000000E+002, 4.49275362E-002, 2.14426183E-001, 3.02884530E+000
 4.98000000E+002, 4.20289855E-002, 2.12951445E-001, 3.03677243E+000
 5.02000000E+002, 3.91304348E-002, 2.11712114E-001, 3.04612296E+000
 5.06000000E+002, 3.62318841E-002, 2.10719646E-001, 3.05701968E+000
 5.10000000E+002, 3.33333333E-002, 2.09961747E-001, 3.06938568E+000
 5.14000000E+002, 3.04347826E-002, 2.09399519E-001, 3.08298008E+000
 5.18000000E+002, 2.75362319E-002, 2.08981120E-001, 3.09743400E+000
 5.22000000E+002, 2.46376812E-002, 2.08636769E-001, 3.11228885E+000
 5.26000000E+002, 2.17391304E-002, 2.08296219E-001, 3.12689766E+000
 5.30000000E+002, 1.88405797E-002, 2.07924980E-001, 3.14112147E+000
 5.34000000E+002, 1.59420290E-002, 2.07492970E-001, 3.15475175E+000
 5.38000000E+002, 1.30434783E-002, 2.06976106E-001, 3.16774140E+000
 5.42000000E+002, 1.01449275E-002, 2.06357635E-001, 3.17987342E+000
 5.46000000E+002, 7.24637681E-003, 2.05600964E-001, 3.19070905E+000
 5.50000000E+002, 4.34782609E-003, 2.04693864E-001, 3.20114036E+000
 5.54000000E+002, 1.44927536E-003, 2.03770556E-001, 3.20985702E+000
 5.58000000E+002, 0.00000000E+000, 2.02414433E-001, 3.20837555E+000
