   601.12256584690397      ,         140
X,ZB,H,U
 2.00000000E+000, 0.00000000E+000, 1.21533718E-001, 4.63631629E+000
 6.00000000E+000, 1.44927536E-003, 1.23153523E-001, 4.62974167E+000
 1.00000000E+001, 4.34782609E-003, 1.28604537E-001, 4.61144176E+000
 1.40000000E+001, 1.22201746E-002, 1.33074532E-001, 4.58385304E+000
 1.80000000E+001, 2.38358697E-002, 1.30203304E-001, 4.56447178E+000
 2.20000000E+001, 3.20646086E-002, 1.25716236E-001, 4.55630959E+000
 2.60000000E+001, 3.55877740E-002, 1.22193070E-001, 4.55630959E+000
 3.00000000E+001, 3.42508446E-002, 1.22111735E-001, 4.55934444E+000
 3.40000000E+001, 2.91016215E-002, 1.21805241E-001, 4.57081695E+000
 3.80000000E+001, 2.21310165E-002, 1.21397539E-001, 4.58616760E+000
 4.20000000E+001, 1.57805268E-002, 1.21028870E-001, 4.60013763E+000
 4.60000000E+001, 1.23382416E-002, 1.21922129E-001, 4.60551446E+000
 5.00000000E+001, 1.33727988E-002, 1.27224668E-001, 4.59166703E+000
 5.40000000E+001, 1.93453255E-002, 1.32041079E-001, 4.56759941E+000
 5.80000000E+001, 2.94953613E-002, 1.35236527E-001, 4.53737806E+000
 6.20000000E+001, 4.20289855E-002, 1.36065637E-001, 4.50692452E+000
 6.60000000E+001, 5.45626097E-002, 1.34359822E-001, 4.48233166E+000
 7.00000000E+001, 6.47126455E-002, 1.30579672E-001, 4.46803798E+000
 7.40000000E+001, 7.06851722E-002, 1.25709515E-001, 4.46560775E+000
 7.80000000E+001, 7.17197295E-002, 1.24674958E-001, 4.46560775E+000
 8.20000000E+001, 6.82774442E-002, 1.24454056E-001, 4.47353407E+000
 8.60000000E+001, 6.19269545E-002, 1.24054869E-001, 4.48792913E+000
 9.00000000E+001, 5.49563495E-002, 1.23622582E-001, 4.50362266E+000
 9.40000000E+001, 4.98071264E-002, 1.28506966E-001, 4.44444668E+000
 9.80000000E+001, 4.84701970E-002, 3.77995933E-001, 2.16175043E+000
 1.02000000E+002, 5.19933624E-002, 5.93320976E-001, 1.19029008E+000
 1.06000000E+002, 6.02221014E-002, 6.09458648E-001, 1.11279320E+000
 1.10000000E+002, 7.18377965E-002, 5.97520865E-001, 1.13125965E+000
 1.14000000E+002, 8.46839427E-002, 5.81061436E-001, 1.16168926E+000
 1.18000000E+002, 9.62996378E-002, 5.65050941E-001, 1.19138835E+000
 1.22000000E+002, 1.04528377E-001, 5.52775643E-001, 1.21340570E+000
 1.26000000E+002, 1.08051542E-001, 5.46875980E-001, 1.22367077E+000
 1.30000000E+002, 1.06714613E-001, 5.47693449E-001, 1.22452218E+000
 1.34000000E+002, 1.01565390E-001, 5.52520182E-001, 1.21872836E+000
 1.38000000E+002, 9.45947846E-002, 5.60826023E-001, 1.20370796E+000
 1.42000000E+002, 8.82442950E-002, 5.69730819E-001, 1.18511795E+000
 1.46000000E+002, 8.48020097E-002, 5.76275605E-001, 1.17043016E+000
 1.50000000E+002, 8.58365669E-002, 5.78146971E-001, 1.16857562E+000
 1.54000000E+002, 9.18090937E-002, 5.71881019E-001, 1.18535972E+000
 1.58000000E+002, 1.01959129E-001, 5.59283635E-001, 1.21479399E+000
 1.62000000E+002, 1.14492754E-001, 5.42376078E-001, 1.25310320E+000
 1.66000000E+002, 1.27026378E-001, 5.24073088E-001, 1.29467327E+000
 1.70000000E+002, 1.37176414E-001, 5.07839853E-001, 1.33167310E+000
 1.74000000E+002, 1.43148940E-001, 4.96993071E-001, 1.35551992E+000
 1.78000000E+002, 1.44183498E-001, 4.94507803E-001, 1.36315719E+000
 1.82000000E+002, 1.40741212E-001, 4.97131376E-001, 1.36192348E+000
 1.86000000E+002, 1.34390723E-001, 5.04595369E-001, 1.34738701E+000
 1.90000000E+002, 1.27420118E-001, 5.14830561E-001, 1.32313506E+000
 1.94000000E+002, 1.22270895E-001, 5.24223357E-001, 1.29852791E+000
 1.98000000E+002, 1.20933965E-001, 5.30242732E-001, 1.28469447E+000
 2.02000000E+002, 1.24457131E-001, 5.28265503E-001, 1.29375083E+000
 2.06000000E+002, 1.32685869E-001, 5.17920919E-001, 1.32403562E+000
 2.10000000E+002, 1.44301565E-001, 4.99890713E-001, 1.36691413E+000
 2.14000000E+002, 1.52173913E-001, 4.85609408E-001, 1.40159633E+000
 2.18000000E+002, 1.55072464E-001, 4.79900282E-001, 1.42109822E+000
 2.22000000E+002, 1.57971014E-001, 4.74899023E-001, 1.43771411E+000
 2.26000000E+002, 1.60869565E-001, 4.69968441E-001, 1.45419798E+000
 2.30000000E+002, 1.63768116E-001, 4.64950442E-001, 1.47124780E+000
 2.34000000E+002, 1.66666667E-001, 4.59791945E-001, 1.48910752E+000
 2.38000000E+002, 1.69565217E-001, 4.54460786E-001, 1.50793154E+000
 2.42000000E+002, 1.72463768E-001, 4.48925052E-001, 1.52787696E+000
 2.46000000E+002, 1.75362319E-001, 4.43146361E-001, 1.54913622E+000
 2.50000000E+002, 1.78260870E-001, 4.37075437E-001, 1.57196077E+000
 2.54000000E+002, 1.81159420E-001, 4.30646498E-001, 1.59669149E+000
 2.58000000E+002, 1.84057971E-001, 4.23768151E-001, 1.62380770E+000
 2.62000000E+002, 1.86956522E-001, 4.16307099E-001, 1.65401440E+000
 2.66000000E+002, 1.89855072E-001, 4.08056273E-001, 1.68841303E+000
 2.70000000E+002, 1.92753623E-001, 3.98664825E-001, 1.72887750E+000
 2.74000000E+002, 1.95652174E-001, 3.87456128E-001, 1.77903305E+000
 2.78000000E+002, 1.98550725E-001, 3.71897310E-001, 1.84447260E+000
 2.82000000E+002, 1.98550725E-001, 3.60534640E-001, 1.90450421E+000
 2.86000000E+002, 1.95652174E-001, 3.48096372E-001, 1.97813745E+000
 2.90000000E+002, 1.92753623E-001, 3.38650036E-001, 2.03697377E+000
 2.94000000E+002, 1.89855072E-001, 3.30994797E-001, 2.08677407E+000
 2.98000000E+002, 1.86956522E-001, 3.24494631E-001, 2.13066073E+000
 3.02000000E+002, 1.84057971E-001, 3.18408398E-001, 2.17257320E+000
 3.06000000E+002, 1.81159420E-001, 3.12968916E-001, 2.21111107E+000
 3.10000000E+002, 1.78260870E-001, 3.08204150E-001, 2.24599840E+000
 3.14000000E+002, 1.75362319E-001, 3.03935485E-001, 2.27816828E+000
 3.18000000E+002, 1.72463768E-001, 3.00050731E-001, 2.30820808E+000
 3.22000000E+002, 1.69565217E-001, 2.96474011E-001, 2.33651610E+000
 3.26000000E+002, 1.66666667E-001, 2.93151224E-001, 2.36337714E+000
 3.30000000E+002, 1.63768116E-001, 2.90042219E-001, 2.38900326E+000
 3.34000000E+002, 1.60869565E-001, 2.87116251E-001, 2.41355735E+000
 3.38000000E+002, 1.57971014E-001, 2.84349158E-001, 2.43716783E+000
 3.42000000E+002, 1.55072464E-001, 2.81721548E-001, 2.45993807E+000
 3.46000000E+002, 1.52173913E-001, 2.79217562E-001, 2.48195285E+000
 3.50000000E+002, 1.49275362E-001, 2.76824035E-001, 2.50328270E+000
 3.54000000E+002, 1.46376812E-001, 2.74529884E-001, 2.52398714E+000
 3.58000000E+002, 1.43478261E-001, 2.72325670E-001, 2.54411694E+000
 3.62000000E+002, 1.40579710E-001, 2.70203269E-001, 2.56371588E+000
 3.66000000E+002, 1.37681159E-001, 2.68155630E-001, 2.58282202E+000
 3.70000000E+002, 1.34782609E-001, 2.66176579E-001, 2.60146871E+000
 3.74000000E+002, 1.31884058E-001, 2.64260673E-001, 2.61968542E+000
 3.78000000E+002, 1.28985507E-001, 2.62403085E-001, 2.63749830E+000
 3.82000000E+002, 1.26086957E-001, 2.60599509E-001, 2.65493070E+000
 3.86000000E+002, 1.23188406E-001, 2.58846081E-001, 2.67200361E+000
 3.90000000E+002, 1.20289855E-001, 2.57139324E-001, 2.68873595E+000
 3.94000000E+002, 1.17391304E-001, 2.55476092E-001, 2.70514485E+000
 3.98000000E+002, 1.14492754E-001, 2.53853535E-001, 2.72124591E+000
 4.02000000E+002, 1.11594203E-001, 2.52269056E-001, 2.73705340E+000
 4.06000000E+002, 1.08695652E-001, 2.50720292E-001, 2.75258041E+000
 4.10000000E+002, 1.05797101E-001, 2.49205082E-001, 2.76783901E+000
 4.14000000E+002, 1.02898551E-001, 2.47721451E-001, 2.78284037E+000
 4.18000000E+002, 1.00000000E-001, 2.46267592E-001, 2.79759490E+000
 4.22000000E+002, 9.71014493E-002, 2.44841850E-001, 2.81211229E+000
 4.26000000E+002, 9.42028986E-002, 2.43442707E-001, 2.82640165E+000
 4.30000000E+002, 9.13043478E-002, 2.42068773E-001, 2.84047156E+000
 4.34000000E+002, 8.84057971E-002, 2.40718776E-001, 2.85433011E+000
 4.38000000E+002, 8.55072464E-002, 2.39391548E-001, 2.86798501E+000
 4.42000000E+002, 8.26086957E-002, 2.38086021E-001, 2.88144356E+000
 4.46000000E+002, 7.97101449E-002, 2.36801218E-001, 2.89471275E+000
 4.50000000E+002, 7.68115942E-002, 2.35536243E-001, 2.90779928E+000
 4.54000000E+002, 7.39130435E-002, 2.34290279E-001, 2.92070956E+000
 4.58000000E+002, 7.10144928E-002, 2.33062578E-001, 2.93344978E+000
 4.62000000E+002, 6.81159420E-002, 2.31852458E-001, 2.94602589E+000
 4.66000000E+002, 6.52173913E-002, 2.30659295E-001, 2.95844364E+000
 4.70000000E+002, 6.23188406E-002, 2.29482520E-001, 2.97070860E+000
 4.74000000E+002, 5.94202899E-002, 2.28321615E-001, 2.98282615E+000
 4.78000000E+002, 5.65217391E-002, 2.27176106E-001, 2.99480149E+000
 4.82000000E+002, 5.36231884E-002, 2.26045561E-001, 3.00663968E+000
 4.86000000E+002, 5.07246377E-002, 2.24929584E-001, 3.01834562E+000
 4.90000000E+002, 4.78260870E-002, 2.23827814E-001, 3.02992404E+000
 4.94000000E+002, 4.49275362E-002, 2.22739921E-001, 3.04137954E+000
 4.98000000E+002, 4.20289855E-002, 2.21665602E-001, 3.05271658E+000
 5.02000000E+002, 3.91304348E-002, 2.20604577E-001, 3.06393947E+000
 5.06000000E+002, 3.62318841E-002, 2.19556590E-001, 3.07505240E+000
 5.10000000E+002, 3.33333333E-002, 2.18521402E-001, 3.08605939E+000
 5.14000000E+002, 3.04347826E-002, 2.17498793E-001, 3.09696437E+000
 5.18000000E+002, 2.75362319E-002, 2.16488558E-001, 3.10777110E+000
 5.22000000E+002, 2.46376812E-002, 2.15490504E-001, 3.11848323E+000
 5.26000000E+002, 2.17391304E-002, 2.14504450E-001, 3.12910429E+000
 5.30000000E+002, 1.88405797E-002, 2.13530226E-001, 3.13963765E+000
 5.34000000E+002, 1.59420290E-002, 2.12567669E-001, 3.15008660E+000
 5.38000000E+002, 1.30434783E-002, 2.11616625E-001, 3.16045426E+000
 5.42000000E+002, 1.01449275E-002, 2.10676944E-001, 3.17074368E+000
 5.46000000E+002, 7.24637681E-003, 2.09748483E-001, 3.18095774E+000
 5.50000000E+002, 4.34782609E-003, 2.08831104E-001, 3.19109924E+000
 5.54000000E+002, 1.44927536E-003, 2.07924671E-001, 3.20117087E+000
 5.58000000E+002, 0.00000000E+000, 2.07380559E-001, 3.20573058E+000
