   601.03665924318489      ,         140
X,ZB,H,U
 2.00000000E+000, 0.00000000E+000, 1.20766701E-001, 4.63795307E+000
 6.00000000E+000, 1.44927536E-003, 1.20851196E-001, 4.63469199E+000
 1.00000000E+001, 4.34782609E-003, 1.22266582E-001, 4.62543834E+000
 1.40000000E+001, 1.22201746E-002, 1.24747473E-001, 4.60468779E+000
 1.80000000E+001, 2.38358697E-002, 1.24317297E-001, 4.58143263E+000
 2.20000000E+001, 3.20646086E-002, 1.24052701E-001, 4.55758707E+000
 2.60000000E+001, 3.55877740E-002, 1.22220045E-001, 4.55758707E+000
 3.00000000E+001, 3.42508446E-002, 1.22097595E-001, 4.56063574E+000
 3.40000000E+001, 2.91016215E-002, 1.21772037E-001, 4.57233402E+000
 3.80000000E+001, 2.21310165E-002, 1.21361017E-001, 4.58766426E+000
 4.20000000E+001, 1.57805268E-002, 1.20865568E-001, 4.60366309E+000
 4.60000000E+001, 1.23382416E-002, 1.21163397E-001, 4.60904266E+000
 5.00000000E+001, 1.33727988E-002, 1.23364602E-001, 4.60370127E+000
 5.40000000E+001, 1.93453255E-002, 1.23584129E-001, 4.58955010E+000
 5.80000000E+001, 2.94953613E-002, 1.23383986E-001, 4.56741159E+000
 6.20000000E+001, 4.20289855E-002, 1.23956840E-001, 4.53882049E+000
 6.60000000E+001, 5.45626097E-002, 1.25269423E-001, 4.51015768E+000
 7.00000000E+001, 6.47126455E-002, 1.26860710E-001, 4.47942474E+000
 7.40000000E+001, 7.06851722E-002, 1.25363042E-001, 4.47213622E+000
 7.80000000E+001, 7.17197295E-002, 1.24660368E-001, 4.47215200E+000
 8.20000000E+001, 6.82774442E-002, 1.24321355E-001, 4.48019625E+000
 8.60000000E+001, 6.19269545E-002, 1.23650038E-001, 4.50231234E+000
 9.00000000E+001, 5.49563495E-002, 1.81324833E-001, 3.77182652E+000
 9.40000000E+001, 4.98071264E-002, 5.73122244E-001, 1.34157538E+000
 9.80000000E+001, 4.84701970E-002, 6.32731080E-001, 1.11229018E+000
 1.02000000E+002, 5.19933624E-002, 6.26102887E-001, 1.09976968E+000
 1.06000000E+002, 6.02221014E-002, 6.11610980E-001, 1.10288277E+000
 1.10000000E+002, 7.18377965E-002, 5.93021462E-001, 1.11319964E+000
 1.14000000E+002, 8.46839427E-002, 5.74056473E-001, 1.13110324E+000
 1.18000000E+002, 9.62996378E-002, 5.59373291E-001, 1.16609986E+000
 1.22000000E+002, 1.04528377E-001, 5.49457964E-001, 1.19661298E+000
 1.26000000E+002, 1.08051542E-001, 5.47447507E-001, 1.22033226E+000
 1.30000000E+002, 1.06714613E-001, 5.50782758E-001, 1.22493141E+000
 1.34000000E+002, 1.01565390E-001, 5.58148191E-001, 1.22299463E+000
 1.38000000E+002, 9.45947846E-002, 5.70031166E-001, 1.20698912E+000
 1.42000000E+002, 8.82442950E-002, 5.81464596E-001, 1.19906130E+000
 1.46000000E+002, 8.48020097E-002, 5.87413725E-001, 1.19424038E+000
 1.50000000E+002, 8.58365669E-002, 5.86358772E-001, 1.19351330E+000
 1.54000000E+002, 9.18090937E-002, 5.77699171E-001, 1.20292893E+000
 1.58000000E+002, 1.01959129E-001, 5.61739029E-001, 1.22441475E+000
 1.62000000E+002, 1.14492754E-001, 5.42193883E-001, 1.25391716E+000
 1.66000000E+002, 1.27026378E-001, 5.21552289E-001, 1.28891790E+000
 1.70000000E+002, 1.37176414E-001, 5.05669744E-001, 1.32358428E+000
 1.74000000E+002, 1.43148940E-001, 4.96199203E-001, 1.34767499E+000
 1.78000000E+002, 1.44183498E-001, 4.97031916E-001, 1.36242112E+000
 1.82000000E+002, 1.40741212E-001, 5.02172612E-001, 1.36731887E+000
 1.86000000E+002, 1.34390723E-001, 5.15336368E-001, 1.34386238E+000
 1.90000000E+002, 1.27420118E-001, 5.28483425E-001, 1.32307011E+000
 1.94000000E+002, 1.22270895E-001, 5.38708120E-001, 1.31452448E+000
 1.98000000E+002, 1.20933965E-001, 5.40364771E-001, 1.30390935E+000
 2.02000000E+002, 1.24457131E-001, 5.36216760E-001, 1.30535391E+000
 2.06000000E+002, 1.32685869E-001, 5.22374640E-001, 1.33253062E+000
 2.10000000E+002, 1.44301565E-001, 5.02977204E-001, 1.37550704E+000
 2.14000000E+002, 1.52173913E-001, 4.87135165E-001, 1.40034330E+000
 2.18000000E+002, 1.55072464E-001, 4.81913664E-001, 1.41399658E+000
 2.22000000E+002, 1.57971014E-001, 4.77738200E-001, 1.43094066E+000
 2.26000000E+002, 1.60869565E-001, 4.74063509E-001, 1.45174147E+000
 2.30000000E+002, 1.63768116E-001, 4.70603717E-001, 1.47491579E+000
 2.34000000E+002, 1.66666667E-001, 4.67034071E-001, 1.49888548E+000
 2.38000000E+002, 1.69565217E-001, 4.62844602E-001, 1.52177922E+000
 2.42000000E+002, 1.72463768E-001, 4.57643886E-001, 1.54212794E+000
 2.46000000E+002, 1.75362319E-001, 4.51381134E-001, 1.55989926E+000
 2.50000000E+002, 1.78260870E-001, 4.44325773E-001, 1.57640136E+000
 2.54000000E+002, 1.81159420E-001, 4.36738212E-001, 1.59339625E+000
 2.58000000E+002, 1.84057971E-001, 4.28818303E-001, 1.61268299E+000
 2.62000000E+002, 1.86956522E-001, 4.20799720E-001, 1.63650937E+000
 2.66000000E+002, 1.89855072E-001, 4.12698561E-001, 1.66681389E+000
 2.70000000E+002, 1.92753623E-001, 4.04145201E-001, 1.70536322E+000
 2.74000000E+002, 1.95652174E-001, 3.94601271E-001, 1.75589215E+000
 2.78000000E+002, 1.98550725E-001, 3.75422672E-001, 1.85329338E+000
 2.82000000E+002, 1.98550725E-001, 3.58545554E-001, 1.95038413E+000
 2.86000000E+002, 1.95652174E-001, 3.40631397E-001, 2.05991258E+000
 2.90000000E+002, 1.92753623E-001, 3.31274943E-001, 2.11901293E+000
 2.94000000E+002, 1.89855072E-001, 3.23290595E-001, 2.16420740E+000
 2.98000000E+002, 1.86956522E-001, 3.16077992E-001, 2.20075382E+000
 3.02000000E+002, 1.84057971E-001, 3.09584832E-001, 2.23167638E+000
 3.06000000E+002, 1.81159420E-001, 3.03943274E-001, 2.26059351E+000
 3.10000000E+002, 1.78260870E-001, 2.99233214E-001, 2.28950229E+000
 3.14000000E+002, 1.75362319E-001, 2.95392690E-001, 2.31914568E+000
 3.18000000E+002, 1.72463768E-001, 2.92354309E-001, 2.35006724E+000
 3.22000000E+002, 1.69565217E-001, 2.89855247E-001, 2.38140152E+000
 3.26000000E+002, 1.66666667E-001, 2.87473605E-001, 2.41095239E+000
 3.30000000E+002, 1.63768116E-001, 2.85065575E-001, 2.43821012E+000
 3.34000000E+002, 1.60869565E-001, 2.82517958E-001, 2.46276242E+000
 3.38000000E+002, 1.57971014E-001, 2.79694691E-001, 2.48404220E+000
 3.42000000E+002, 1.55072464E-001, 2.76529010E-001, 2.50186094E+000
 3.46000000E+002, 1.52173913E-001, 2.73137352E-001, 2.51706836E+000
 3.50000000E+002, 1.49275362E-001, 2.69884984E-001, 2.53168891E+000
 3.54000000E+002, 1.46376812E-001, 2.66909118E-001, 2.54666602E+000
 3.58000000E+002, 1.43478261E-001, 2.64267474E-001, 2.56257597E+000
 3.62000000E+002, 1.40579710E-001, 2.62026669E-001, 2.57997973E+000
 3.66000000E+002, 1.37681159E-001, 2.60212148E-001, 2.59918036E+000
 3.70000000E+002, 1.34782609E-001, 2.58768207E-001, 2.61996659E+000
 3.74000000E+002, 1.31884058E-001, 2.57525866E-001, 2.64133878E+000
 3.78000000E+002, 1.28985507E-001, 2.56279251E-001, 2.66183174E+000
 3.82000000E+002, 1.26086957E-001, 2.54941237E-001, 2.68105828E+000
 3.86000000E+002, 1.23188406E-001, 2.53425723E-001, 2.69857089E+000
 3.90000000E+002, 1.20289855E-001, 2.51657312E-001, 2.71394489E+000
 3.94000000E+002, 1.17391304E-001, 2.49596627E-001, 2.72697768E+000
 3.98000000E+002, 1.14492754E-001, 2.47273702E-001, 2.73789623E+000
 4.02000000E+002, 1.11594203E-001, 2.44822431E-001, 2.74753832E+000
 4.06000000E+002, 1.08695652E-001, 2.42477754E-001, 2.75712955E+000
 4.10000000E+002, 1.05797101E-001, 2.40316020E-001, 2.76727661E+000
 4.14000000E+002, 1.02898551E-001, 2.38394229E-001, 2.77848912E+000
 4.18000000E+002, 1.00000000E-001, 2.36758104E-001, 2.79112706E+000
 4.22000000E+002, 9.71014493E-002, 2.35423068E-001, 2.80534712E+000
 4.26000000E+002, 9.42028986E-002, 2.34366827E-001, 2.82105583E+000
 4.30000000E+002, 9.13043478E-002, 2.33525107E-001, 2.83787834E+000
 4.34000000E+002, 8.84057971E-002, 2.32786968E-001, 2.85508060E+000
 4.38000000E+002, 8.55072464E-002, 2.32037777E-001, 2.87174058E+000
 4.42000000E+002, 8.26086957E-002, 2.31219692E-001, 2.88760873E+000
 4.46000000E+002, 7.97101449E-002, 2.30277700E-001, 2.90238162E+000
 4.50000000E+002, 7.68115942E-002, 2.29163397E-001, 2.91575631E+000
 4.54000000E+002, 7.39130435E-002, 2.27841254E-001, 2.92751188E+000
 4.58000000E+002, 7.10144928E-002, 2.26299490E-001, 2.93758437E+000
 4.62000000E+002, 6.81159420E-002, 2.24563548E-001, 2.94615314E+000
 4.66000000E+002, 6.52173913E-002, 2.22707887E-001, 2.95371484E+000
 4.70000000E+002, 6.23188406E-002, 2.20882175E-001, 2.96107886E+000
 4.74000000E+002, 5.94202899E-002, 2.19165390E-001, 2.96874872E+000
 4.78000000E+002, 5.65217391E-002, 2.17589871E-001, 2.97709717E+000
 4.82000000E+002, 5.36231884E-002, 2.16189232E-001, 2.98639787E+000
 4.86000000E+002, 5.07246377E-002, 2.14980498E-001, 2.99679218E+000
 4.90000000E+002, 4.78260870E-002, 2.13963705E-001, 3.00829880E+000
 4.94000000E+002, 4.49275362E-002, 2.13124856E-001, 3.02083768E+000
 4.98000000E+002, 4.20289855E-002, 2.12439313E-001, 3.03425353E+000
 5.02000000E+002, 3.91304348E-002, 2.11872858E-001, 3.04832708E+000
 5.06000000E+002, 3.62318841E-002, 2.11380229E-001, 3.06276679E+000
 5.10000000E+002, 3.33333333E-002, 2.10903953E-001, 3.07710013E+000
 5.14000000E+002, 3.04347826E-002, 2.10414268E-001, 3.09112821E+000
 5.18000000E+002, 2.75362319E-002, 2.09891746E-001, 3.10477171E+000
 5.22000000E+002, 2.46376812E-002, 2.09315235E-001, 3.11789545E+000
 5.26000000E+002, 2.17391304E-002, 2.08659796E-001, 3.13031586E+000
 5.30000000E+002, 1.88405797E-002, 2.07897171E-001, 3.14186752E+000
 5.34000000E+002, 1.59420290E-002, 2.06997364E-001, 3.15230408E+000
 5.38000000E+002, 1.30434783E-002, 2.05936840E-001, 3.16155043E+000
 5.42000000E+002, 1.01449275E-002, 2.04706613E-001, 3.16940514E+000
 5.46000000E+002, 7.24637681E-003, 2.03310944E-001, 3.17627924E+000
 5.50000000E+002, 4.34782609E-003, 2.01812272E-001, 3.18203055E+000
 5.54000000E+002, 1.44927536E-003, 2.00488941E-001, 3.18804229E+000
 5.58000000E+002, 0.00000000E+000, 1.99018704E-001, 3.18623841E+000
