   601.10500871639169      ,         140
X,ZB,H,U
 2.00000000E+000, 0.00000000E+000, 1.21533718E-001, 4.63631629E+000
 6.00000000E+000, 1.44927536E-003, 1.23153523E-001, 4.62974167E+000
 1.00000000E+001, 4.34782609E-003, 1.28604537E-001, 4.61144176E+000
 1.40000000E+001, 1.22201746E-002, 1.33074532E-001, 4.58385304E+000
 1.80000000E+001, 2.38358697E-002, 1.30203304E-001, 4.56447178E+000
 2.20000000E+001, 3.20646086E-002, 1.25716236E-001, 4.55630959E+000
 2.60000000E+001, 3.55877740E-002, 1.22193070E-001, 4.55630959E+000
 3.00000000E+001, 3.42508446E-002, 1.22111735E-001, 4.55934444E+000
 3.40000000E+001, 2.91016215E-002, 1.21805241E-001, 4.57081695E+000
 3.80000000E+001, 2.21310165E-002, 1.21397539E-001, 4.58616760E+000
 4.20000000E+001, 1.57805268E-002, 1.21028870E-001, 4.60013763E+000
 4.60000000E+001, 1.23382416E-002, 1.21922129E-001, 4.60551446E+000
 5.00000000E+001, 1.33727988E-002, 1.27224668E-001, 4.59166703E+000
 5.40000000E+001, 1.93453255E-002, 1.32041079E-001, 4.56759941E+000
 5.80000000E+001, 2.94953613E-002, 1.35236527E-001, 4.53737806E+000
 6.20000000E+001, 4.20289855E-002, 1.36065637E-001, 4.50692452E+000
 6.60000000E+001, 5.45626097E-002, 1.34359822E-001, 4.48233166E+000
 7.00000000E+001, 6.47126455E-002, 1.30579672E-001, 4.46803798E+000
 7.40000000E+001, 7.06851722E-002, 1.25709515E-001, 4.46560775E+000
 7.80000000E+001, 7.17197295E-002, 1.24674958E-001, 4.46560775E+000
 8.20000000E+001, 6.82774442E-002, 1.24454402E-001, 4.47353104E+000
 8.60000000E+001, 6.19269545E-002, 2.01732388E-001, 3.59246707E+000
 9.00000000E+001, 5.49563495E-002, 6.28081889E-001, 1.14962469E+000
 9.40000000E+001, 4.98071264E-002, 6.31994892E-001, 1.11643418E+000
 9.80000000E+001, 4.84701970E-002, 6.32743880E-001, 1.09794654E+000
 1.02000000E+002, 5.19933624E-002, 6.27488983E-001, 1.09791614E+000
 1.06000000E+002, 6.02221014E-002, 6.16384418E-001, 1.11311111E+000
 1.10000000E+002, 7.18377965E-002, 6.01278257E-001, 1.13932578E+000
 1.14000000E+002, 8.46839427E-002, 5.84609341E-001, 1.17235017E+000
 1.18000000E+002, 9.62996378E-002, 5.69418111E-001, 1.20577706E+000
 1.22000000E+002, 1.04528377E-001, 5.58664822E-001, 1.23202748E+000
 1.26000000E+002, 1.08051542E-001, 5.54620720E-001, 1.24595094E+000
 1.30000000E+002, 1.06714613E-001, 5.57062229E-001, 1.24988876E+000
 1.34000000E+002, 1.01565390E-001, 5.63059105E-001, 1.24638041E+000
 1.38000000E+002, 9.45947846E-002, 5.72215463E-001, 1.23101507E+000
 1.42000000E+002, 8.82442950E-002, 5.81264261E-001, 1.21110687E+000
 1.46000000E+002, 8.48020097E-002, 5.87264212E-001, 1.19486488E+000
 1.50000000E+002, 8.58365669E-002, 5.87990241E-001, 1.19208928E+000
 1.54000000E+002, 9.18090937E-002, 5.80312446E-001, 1.20957746E+000
 1.58000000E+002, 1.01959129E-001, 5.66624264E-001, 1.23980870E+000
 1.62000000E+002, 1.14492754E-001, 5.48907827E-001, 1.27967923E+000
 1.66000000E+002, 1.27026378E-001, 5.30170439E-001, 1.32310369E+000
 1.70000000E+002, 1.37176414E-001, 5.14014646E-001, 1.36108274E+000
 1.74000000E+002, 1.43148940E-001, 5.03867622E-001, 1.38371816E+000
 1.78000000E+002, 1.44183498E-001, 5.02401221E-001, 1.38802655E+000
 1.82000000E+002, 1.40741212E-001, 5.05567529E-001, 1.38523084E+000
 1.86000000E+002, 1.34390723E-001, 5.13807327E-001, 1.36731974E+000
 1.90000000E+002, 1.27420118E-001, 5.24516710E-001, 1.33990631E+000
 1.94000000E+002, 1.22270895E-001, 5.33767212E-001, 1.31369129E+000
 1.98000000E+002, 1.20933965E-001, 5.38992186E-001, 1.29967314E+000
 2.02000000E+002, 1.24457131E-001, 5.35567774E-001, 1.31113912E+000
 2.06000000E+002, 1.32685869E-001, 5.23795637E-001, 1.34425883E+000
 2.10000000E+002, 1.44301565E-001, 5.04700924E-001, 1.38984314E+000
 2.14000000E+002, 1.52173913E-001, 4.90638291E-001, 1.42221851E+000
 2.18000000E+002, 1.55072464E-001, 4.85791400E-001, 1.43598823E+000
 2.22000000E+002, 1.57971014E-001, 4.80849668E-001, 1.45035946E+000
 2.26000000E+002, 1.60869565E-001, 4.75790989E-001, 1.46532002E+000
 2.30000000E+002, 1.63768116E-001, 4.70590982E-001, 1.48089250E+000
 2.34000000E+002, 1.66666667E-001, 4.65226856E-001, 1.49713513E+000
 2.38000000E+002, 1.69565217E-001, 4.59676718E-001, 1.51414921E+000
 2.42000000E+002, 1.72463768E-001, 4.53917109E-001, 1.53208344E+000
 2.46000000E+002, 1.75362319E-001, 4.47919049E-001, 1.55113880E+000
 2.50000000E+002, 1.78260870E-001, 4.41642545E-001, 1.57157990E+000
 2.54000000E+002, 1.81159420E-001, 4.35028961E-001, 1.59376046E+000
 2.58000000E+002, 1.84057971E-001, 4.27989041E-001, 1.61817752E+000
 2.62000000E+002, 1.86956522E-001, 4.20380646E-001, 1.64558601E+000
 2.66000000E+002, 1.89855072E-001, 4.11958754E-001, 1.67726314E+000
 2.70000000E+002, 1.92753623E-001, 4.02234510E-001, 1.71574869E+000
 2.74000000E+002, 1.95652174E-001, 3.89884532E-001, 1.76786753E+000
 2.78000000E+002, 1.98550725E-001, 3.60974237E-001, 1.89930288E+000
 2.82000000E+002, 1.98550725E-001, 3.57411563E-001, 1.91597965E+000
 2.86000000E+002, 1.95652174E-001, 3.36185735E-001, 2.03405791E+000
 2.90000000E+002, 1.92753623E-001, 3.25927156E-001, 2.09499821E+000
 2.94000000E+002, 1.89855072E-001, 3.18217517E-001, 2.14254464E+000
 2.98000000E+002, 1.86956522E-001, 3.11852193E-001, 2.18297308E+000
 3.02000000E+002, 1.84057971E-001, 3.06353169E-001, 2.21878348E+000
 3.06000000E+002, 1.81159420E-001, 3.01471971E-001, 2.25127978E+000
 3.10000000E+002, 1.78260870E-001, 2.97059539E-001, 2.28124547E+000
 3.14000000E+002, 1.75362319E-001, 2.93017955E-001, 2.30919488E+000
 3.18000000E+002, 1.72463768E-001, 2.89278750E-001, 2.33548701E+000
 3.22000000E+002, 1.69565217E-001, 2.85791847E-001, 2.36038442E+000
 3.26000000E+002, 1.66666667E-001, 2.82519405E-001, 2.38408650E+000
 3.30000000E+002, 1.63768116E-001, 2.79432123E-001, 2.40674966E+000
 3.34000000E+002, 1.60869565E-001, 2.76506890E-001, 2.42849990E+000
 3.38000000E+002, 1.57971014E-001, 2.73725183E-001, 2.44944111E+000
 3.42000000E+002, 1.55072464E-001, 2.71071926E-001, 2.46966032E+000
 3.46000000E+002, 1.52173913E-001, 2.68534644E-001, 2.48923130E+000
 3.50000000E+002, 1.49275362E-001, 2.66102824E-001, 2.50821691E+000
 3.54000000E+002, 1.46376812E-001, 2.63767431E-001, 2.52667074E+000
 3.58000000E+002, 1.43478261E-001, 2.61520546E-001, 2.54463851E+000
 3.62000000E+002, 1.40579710E-001, 2.59355119E-001, 2.56215909E+000
 3.66000000E+002, 1.37681159E-001, 2.57264805E-001, 2.57926561E+000
 3.70000000E+002, 1.34782609E-001, 2.55243863E-001, 2.59598652E+000
 3.74000000E+002, 1.31884058E-001, 2.53287116E-001, 2.61234656E+000
 3.78000000E+002, 1.28985507E-001, 2.51389934E-001, 2.62836778E+000
 3.82000000E+002, 1.26086957E-001, 2.49548233E-001, 2.64407036E+000
 3.86000000E+002, 1.23188406E-001, 2.47758464E-001, 2.65947337E+000
 3.90000000E+002, 1.20289855E-001, 2.46017599E-001, 2.67459516E+000
 3.94000000E+002, 1.17391304E-001, 2.44323092E-001, 2.68945375E+000
 3.98000000E+002, 1.14492754E-001, 2.42672815E-001, 2.70406680E+000
 4.02000000E+002, 1.11594203E-001, 2.41064977E-001, 2.71845156E+000
 4.06000000E+002, 1.08695652E-001, 2.39498036E-001, 2.73262451E+000
 4.10000000E+002, 1.05797101E-001, 2.37970603E-001, 2.74660109E+000
 4.14000000E+002, 1.02898551E-001, 2.36481344E-001, 2.76039527E+000
 4.18000000E+002, 1.00000000E-001, 2.35028905E-001, 2.77401928E+000
 4.22000000E+002, 9.71014493E-002, 2.33611856E-001, 2.78748333E+000
 4.26000000E+002, 9.42028986E-002, 2.32228652E-001, 2.80079552E+000
 4.30000000E+002, 9.13043478E-002, 2.30877626E-001, 2.81396194E+000
 4.34000000E+002, 8.84057971E-002, 2.29557009E-001, 2.82698681E+000
 4.38000000E+002, 8.55072464E-002, 2.28264966E-001, 2.83987285E+000
 4.42000000E+002, 8.26086957E-002, 2.26999651E-001, 2.85262170E+000
 4.46000000E+002, 7.97101449E-002, 2.25759271E-001, 2.86523441E+000
 4.50000000E+002, 7.68115942E-002, 2.24542153E-001, 2.87771194E+000
 4.54000000E+002, 7.39130435E-002, 2.23346802E-001, 2.89005568E+000
 4.58000000E+002, 7.10144928E-002, 2.22171957E-001, 2.90226777E+000
 4.62000000E+002, 6.81159420E-002, 2.21016618E-001, 2.91435150E+000
 4.66000000E+002, 6.52173913E-002, 2.19880071E-001, 2.92631140E+000
 4.70000000E+002, 6.23188406E-002, 2.18761876E-001, 2.93815335E+000
 4.74000000E+002, 5.94202899E-002, 2.17661849E-001, 2.94988445E+000
 4.78000000E+002, 5.65217391E-002, 2.16580021E-001, 2.96151283E+000
 4.82000000E+002, 5.36231884E-002, 2.15516583E-001, 2.97304732E+000
 4.86000000E+002, 5.07246377E-002, 2.14471824E-001, 2.98449709E+000
 4.90000000E+002, 4.78260870E-002, 2.13446065E-001, 2.99587120E+000
 4.94000000E+002, 4.49275362E-002, 2.12439589E-001, 3.00717822E+000
 4.98000000E+002, 4.20289855E-002, 2.11452584E-001, 3.01842577E+000
 5.02000000E+002, 3.91304348E-002, 2.10485094E-001, 3.02962025E+000
 5.06000000E+002, 3.62318841E-002, 2.09536973E-001, 3.04076653E+000
 5.10000000E+002, 3.33333333E-002, 2.08607870E-001, 3.05186783E+000
 5.14000000E+002, 3.04347826E-002, 2.07697216E-001, 3.06292563E+000
 5.18000000E+002, 2.75362319E-002, 2.06804235E-001, 3.07393972E+000
 5.22000000E+002, 2.46376812E-002, 2.05927962E-001, 3.08490835E+000
 5.26000000E+002, 2.17391304E-002, 2.05067280E-001, 3.09582845E+000
 5.30000000E+002, 1.88405797E-002, 2.04220958E-001, 3.10669594E+000
 5.34000000E+002, 1.59420290E-002, 2.03387704E-001, 3.11750603E+000
 5.38000000E+002, 1.30434783E-002, 2.02566216E-001, 3.12825362E+000
 5.42000000E+002, 1.01449275E-002, 2.01755231E-001, 3.13893365E+000
 5.46000000E+002, 7.24637681E-003, 2.00953577E-001, 3.14954145E+000
 5.50000000E+002, 4.34782609E-003, 2.00160218E-001, 3.16007308E+000
 5.54000000E+002, 1.44927536E-003, 1.99374284E-001, 3.17052559E+000
 5.58000000E+002, 0.00000000E+000, 1.98936883E-001, 3.17543177E+000
