   601.01766561614272      ,         140
X,ZB,H,U
 2.00000000E+000, 0.00000000E+000, 1.20766701E-001, 4.63795307E+000
 6.00000000E+000, 1.44927536E-003, 1.20851196E-001, 4.63469199E+000
 1.00000000E+001, 4.34782609E-003, 1.22266582E-001, 4.62543834E+000
 1.40000000E+001, 1.22201746E-002, 1.24747473E-001, 4.60468779E+000
 1.80000000E+001, 2.38358697E-002, 1.24317297E-001, 4.58143263E+000
 2.20000000E+001, 3.20646086E-002, 1.24052701E-001, 4.55758707E+000
 2.60000000E+001, 3.55877740E-002, 1.22220045E-001, 4.55758707E+000
 3.00000000E+001, 3.42508446E-002, 1.22097595E-001, 4.56063574E+000
 3.40000000E+001, 2.91016215E-002, 1.21772037E-001, 4.57233402E+000
 3.80000000E+001, 2.21310165E-002, 1.21361017E-001, 4.58766426E+000
 4.20000000E+001, 1.57805268E-002, 1.20865568E-001, 4.60366309E+000
 4.60000000E+001, 1.23382416E-002, 1.21163397E-001, 4.60904266E+000
 5.00000000E+001, 1.33727988E-002, 1.23364602E-001, 4.60370127E+000
 5.40000000E+001, 1.93453255E-002, 1.23584129E-001, 4.58955010E+000
 5.80000000E+001, 2.94953613E-002, 1.23383986E-001, 4.56741159E+000
 6.20000000E+001, 4.20289855E-002, 1.23956840E-001, 4.53882049E+000
 6.60000000E+001, 5.45626097E-002, 1.25269423E-001, 4.51015768E+000
 7.00000000E+001, 6.47126455E-002, 1.26860344E-001, 4.47957803E+000
 7.40000000E+001, 7.06851722E-002, 1.25277823E-001, 4.47206689E+000
 7.80000000E+001, 7.17197295E-002, 1.24784988E-001, 4.47196928E+000
 8.20000000E+001, 6.82774442E-002, 1.24207116E-001, 4.48405522E+000
 8.60000000E+001, 6.19269545E-002, 3.52754238E-001, 2.28594652E+000
 9.00000000E+001, 5.49563495E-002, 6.18146366E-001, 1.09053616E+000
 9.40000000E+001, 4.98071264E-002, 6.21714467E-001, 1.07215627E+000
 9.80000000E+001, 4.84701970E-002, 6.22654786E-001, 1.07129707E+000
 1.02000000E+002, 5.19933624E-002, 6.20381635E-001, 1.07980973E+000
 1.06000000E+002, 6.02221014E-002, 6.13505133E-001, 1.10977087E+000
 1.10000000E+002, 7.18377965E-002, 6.03772375E-001, 1.15614518E+000
 1.14000000E+002, 8.46839427E-002, 5.92555936E-001, 1.21272930E+000
 1.18000000E+002, 9.62996378E-002, 5.82223718E-001, 1.26655130E+000
 1.22000000E+002, 1.04528377E-001, 5.69037139E-001, 1.29025940E+000
 1.26000000E+002, 1.08051542E-001, 5.58842587E-001, 1.27365397E+000
 1.30000000E+002, 1.06714613E-001, 5.55182471E-001, 1.24734451E+000
 1.34000000E+002, 1.01565390E-001, 5.57489435E-001, 1.22349580E+000
 1.38000000E+002, 9.45947846E-002, 5.65227089E-001, 1.18801813E+000
 1.42000000E+002, 8.82442950E-002, 5.74243603E-001, 1.16866127E+000
 1.46000000E+002, 8.48020097E-002, 5.82036641E-001, 1.17344605E+000
 1.50000000E+002, 8.58365669E-002, 5.84670127E-001, 1.18996406E+000
 1.54000000E+002, 9.18090937E-002, 5.80291209E-001, 1.21620246E+000
 1.58000000E+002, 1.01959129E-001, 5.68663493E-001, 1.25796213E+000
 1.62000000E+002, 1.14492754E-001, 5.52965492E-001, 1.30319406E+000
 1.66000000E+002, 1.27026378E-001, 5.34616225E-001, 1.35384395E+000
 1.70000000E+002, 1.37176414E-001, 5.18808820E-001, 1.39293820E+000
 1.74000000E+002, 1.43148940E-001, 5.03122200E-001, 1.39249265E+000
 1.78000000E+002, 1.44183498E-001, 4.98704042E-001, 1.38264926E+000
 1.82000000E+002, 1.40741212E-001, 5.00846884E-001, 1.37355737E+000
 1.86000000E+002, 1.34390723E-001, 5.12395432E-001, 1.33629550E+000
 1.90000000E+002, 1.27420118E-001, 5.23861375E-001, 1.31174777E+000
 1.94000000E+002, 1.22270895E-001, 5.34932461E-001, 1.30485674E+000
 1.98000000E+002, 1.20933965E-001, 5.40887835E-001, 1.31257595E+000
 2.02000000E+002, 1.24457131E-001, 5.38431113E-001, 1.32435487E+000
 2.06000000E+002, 1.32685869E-001, 5.25549522E-001, 1.36349118E+000
 2.10000000E+002, 1.44301565E-001, 5.08256996E-001, 1.41333738E+000
 2.14000000E+002, 1.52173913E-001, 4.91942098E-001, 1.43446564E+000
 2.18000000E+002, 1.55072464E-001, 4.84969405E-001, 1.43761111E+000
 2.22000000E+002, 1.57971014E-001, 4.78134653E-001, 1.44323694E+000
 2.26000000E+002, 1.60869565E-001, 4.72030348E-001, 1.45338371E+000
 2.30000000E+002, 1.63768116E-001, 4.66832486E-001, 1.46898191E+000
 2.34000000E+002, 1.66666667E-001, 4.62385584E-001, 1.48950621E+000
 2.38000000E+002, 1.69565217E-001, 4.58291847E-001, 1.51323791E+000
 2.42000000E+002, 1.72463768E-001, 4.54146086E-001, 1.53860352E+000
 2.46000000E+002, 1.75362319E-001, 4.49539362E-001, 1.56411572E+000
 2.50000000E+002, 1.78260870E-001, 4.43880016E-001, 1.58754541E+000
 2.54000000E+002, 1.81159420E-001, 4.36903016E-001, 1.60811551E+000
 2.58000000E+002, 1.84057971E-001, 4.28766900E-001, 1.62706216E+000
 2.62000000E+002, 1.86956522E-001, 4.19693453E-001, 1.64664577E+000
 2.66000000E+002, 1.89855072E-001, 4.09832590E-001, 1.66926526E+000
 2.70000000E+002, 1.92753623E-001, 3.99144432E-001, 1.69897448E+000
 2.74000000E+002, 1.95652174E-001, 3.87283975E-001, 1.74324589E+000
 2.78000000E+002, 1.98550725E-001, 3.56516214E-001, 1.88509081E+000
 2.82000000E+002, 1.98550725E-001, 3.55025012E-001, 1.90137322E+000
 2.86000000E+002, 1.95652174E-001, 3.34126364E-001, 2.03015760E+000
 2.90000000E+002, 1.92753623E-001, 3.25287267E-001, 2.09893690E+000
 2.94000000E+002, 1.89855072E-001, 3.18762784E-001, 2.15394514E+000
 2.98000000E+002, 1.86956522E-001, 3.13252142E-001, 2.20001501E+000
 3.02000000E+002, 1.84057971E-001, 3.07932887E-001, 2.23750546E+000
 3.06000000E+002, 1.81159420E-001, 3.02487786E-001, 2.26726418E+000
 3.10000000E+002, 1.78260870E-001, 2.96795491E-001, 2.29027999E+000
 3.14000000E+002, 1.75362319E-001, 2.91159853E-001, 2.30928016E+000
 3.18000000E+002, 1.72463768E-001, 2.86028820E-001, 2.32747680E+000
 3.22000000E+002, 1.69565217E-001, 2.81478625E-001, 2.34594184E+000
 3.26000000E+002, 1.66666667E-001, 2.77550777E-001, 2.36545926E+000
 3.30000000E+002, 1.63768116E-001, 2.74291606E-001, 2.38676755E+000
 3.34000000E+002, 1.60869565E-001, 2.71711743E-001, 2.41030385E+000
 3.38000000E+002, 1.57971014E-001, 2.69759463E-001, 2.43607136E+000
 3.42000000E+002, 1.55072464E-001, 2.68274605E-001, 2.46337142E+000
 3.46000000E+002, 1.52173913E-001, 2.66940987E-001, 2.49027304E+000
 3.50000000E+002, 1.49275362E-001, 2.65582277E-001, 2.51576087E+000
 3.54000000E+002, 1.46376812E-001, 2.64136713E-001, 2.53964289E+000
 3.58000000E+002, 1.43478261E-001, 2.62520320E-001, 2.56149100E+000
 3.62000000E+002, 1.40579710E-001, 2.60632840E-001, 2.58076056E+000
 3.66000000E+002, 1.37681159E-001, 2.58379564E-001, 2.59693646E+000
 3.70000000E+002, 1.34782609E-001, 2.55712230E-001, 2.60978410E+000
 3.74000000E+002, 1.31884058E-001, 2.52679236E-001, 2.61965365E+000
 3.78000000E+002, 1.28985507E-001, 2.49473692E-001, 2.62774048E+000
 3.82000000E+002, 1.26086957E-001, 2.46413795E-001, 2.63573883E+000
 3.86000000E+002, 1.23188406E-001, 2.43588934E-001, 2.64438510E+000
 3.90000000E+002, 1.20289855E-001, 2.41058709E-001, 2.65423717E+000
 3.94000000E+002, 1.17391304E-001, 2.38870878E-001, 2.66568320E+000
 3.98000000E+002, 1.14492754E-001, 2.37048587E-001, 2.67894181E+000
 4.02000000E+002, 1.11594203E-001, 2.35591966E-001, 2.69407506E+000
 4.06000000E+002, 1.08695652E-001, 2.34481646E-001, 2.71101022E+000
 4.10000000E+002, 1.05797101E-001, 2.33680275E-001, 2.72955216E+000
 4.14000000E+002, 1.02898551E-001, 2.33129872E-001, 2.74936863E+000
 4.18000000E+002, 1.00000000E-001, 2.32743026E-001, 2.76993417E+000
 4.22000000E+002, 9.71014493E-002, 2.32394158E-001, 2.79032023E+000
 4.26000000E+002, 9.42028986E-002, 2.32010449E-001, 2.81003624E+000
 4.30000000E+002, 9.13043478E-002, 2.31536800E-001, 2.82882466E+000
 4.34000000E+002, 8.84057971E-002, 2.30908540E-001, 2.84628313E+000
 4.38000000E+002, 8.55072464E-002, 2.30053840E-001, 2.86195692E+000
 4.42000000E+002, 8.26086957E-002, 2.28903138E-001, 2.87541262E+000
 4.46000000E+002, 7.97101449E-002, 2.27408970E-001, 2.88636525E+000
 4.50000000E+002, 7.68115942E-002, 2.25571586E-001, 2.89483603E+000
 4.54000000E+002, 7.39130435E-002, 2.23459915E-001, 2.90128184E+000
 4.58000000E+002, 7.10144928E-002, 2.21224735E-001, 2.90664944E+000
 4.62000000E+002, 6.81159420E-002, 2.19085290E-001, 2.91206793E+000
 4.66000000E+002, 6.52173913E-002, 2.17107336E-001, 2.91815763E+000
 4.70000000E+002, 6.23188406E-002, 2.15328580E-001, 2.92533989E+000
 4.74000000E+002, 5.94202899E-002, 2.13763057E-001, 2.93375376E+000
 4.78000000E+002, 5.65217391E-002, 2.12393321E-001, 2.94329365E+000
 4.82000000E+002, 5.36231884E-002, 2.11183761E-001, 2.95371363E+000
 4.86000000E+002, 5.07246377E-002, 2.10096678E-001, 2.96474899E+000
 4.90000000E+002, 4.78260870E-002, 2.09104925E-001, 2.97621062E+000
 4.94000000E+002, 4.49275362E-002, 2.08197990E-001, 2.98803197E+000
 4.98000000E+002, 4.20289855E-002, 2.07381606E-001, 3.00026752E+000
 5.02000000E+002, 3.91304348E-002, 2.06672084E-001, 3.01305379E+000
 5.06000000E+002, 3.62318841E-002, 2.06089520E-001, 3.02655252E+000
 5.10000000E+002, 3.33333333E-002, 2.05648170E-001, 3.04089146E+000
 5.14000000E+002, 3.04347826E-002, 2.05350828E-001, 3.05611335E+000
 5.18000000E+002, 2.75362319E-002, 2.05185567E-001, 3.07214543E+000
 5.22000000E+002, 2.46376812E-002, 2.05117971E-001, 3.08876610E+000
 5.26000000E+002, 2.17391304E-002, 2.05094754E-001, 3.10562904E+000
 5.30000000E+002, 1.88405797E-002, 2.05056070E-001, 3.12198695E+000
 5.34000000E+002, 1.59420290E-002, 2.04958707E-001, 3.13801893E+000
 5.38000000E+002, 1.30434783E-002, 2.04748567E-001, 3.15281955E+000
 5.42000000E+002, 1.01449275E-002, 2.04367263E-001, 3.16663342E+000
 5.46000000E+002, 7.24637681E-003, 2.03748680E-001, 3.17834816E+000
 5.50000000E+002, 4.34782609E-003, 2.02885261E-001, 3.18920552E+000
 5.54000000E+002, 1.44927536E-003, 2.01846559E-001, 3.19577360E+000
 5.58000000E+002, 0.00000000E+000, 2.00109509E-001, 3.19305165E+000
