 2.16001593E+004,271
X,ZB,H,U,L,Q,QL
 0.00000000E+000, 6.49480000E+002, 7.46129578E-001, 1.12511695E+000, 3.50000000E+001, 8.39483034E-001, 2.93819062E+001
 1.50000000E+001, 6.49445002E+002, 7.53074855E-001, 1.13965895E+000, 3.50000000E+001, 8.58248497E-001, 3.00386974E+001
 3.00000000E+001, 6.49410003E+002, 7.72654066E-001, 1.11294603E+000, 3.50000000E+001, 8.59922277E-001, 3.00972797E+001
 4.50000000E+001, 6.49375005E+002, 7.94008225E-001, 1.08452964E+000, 3.50000000E+001, 8.61125456E-001, 3.01393910E+001
 6.00000000E+001, 6.49340006E+002, 8.16761565E-001, 1.05570681E+000, 3.50000000E+001, 8.62260749E-001, 3.01791262E+001
 7.50000000E+001, 6.49305008E+002, 8.40807355E-001, 1.02683063E+000, 3.50000000E+001, 8.63366750E-001, 3.02178362E+001
 9.00100000E+001, 6.49274004E+002, 8.67459769E-001, 1.01682516E+000, 3.50000000E+001, 8.82054915E-001, 3.08719220E+001
 1.05010000E+002, 6.49314015E+002, 8.14668485E-001, 1.06117437E+000, 3.50000000E+001, 8.64505315E-001, 3.02576860E+001
 1.20010000E+002, 6.49355603E+002, 7.45331457E-001, 1.15207817E+000, 3.50000000E+001, 8.58680105E-001, 3.00538037E+001
 1.35010000E+002, 6.49396053E+002, 6.61476645E-001, 1.26238908E+000, 3.50000000E+001, 8.35040893E-001, 2.92264313E+001
 1.49600000E+002, 6.49409202E+002, 5.99115869E-001, 1.36437237E+000, 3.50000000E+001, 8.17417139E-001, 2.86095999E+001
 1.64600000E+002, 6.49382602E+002, 5.60091374E-001, 1.47166418E+000, 3.50000000E+001, 8.24266415E-001, 2.88493245E+001
 1.79600000E+002, 6.49325230E+002, 5.41428778E-001, 1.55247130E+000, 3.50000000E+001, 8.40552640E-001, 2.94193424E+001
 1.94600000E+002, 6.49267858E+002, 5.37640983E-001, 1.56715925E+000, 3.50000000E+001, 8.42569041E-001, 2.94899164E+001
 2.09600000E+002, 6.49210487E+002, 5.35525449E-001, 1.57295556E+000, 3.50000000E+001, 8.42357731E-001, 2.94825206E+001
 2.24600000E+002, 6.49153115E+002, 5.32346907E-001, 1.58069170E+000, 3.50000000E+001, 8.41476339E-001, 2.94516719E+001
 2.39600000E+002, 6.49095743E+002, 5.26622916E-001, 1.59454628E+000, 3.50000000E+001, 8.39724611E-001, 2.93903614E+001
 2.54600000E+002, 6.49038371E+002, 5.15564617E-001, 1.62045602E+000, 3.50000000E+001, 8.35449789E-001, 2.92407426E+001
 2.69860000E+002, 6.48974845E+002, 4.96513955E-001, 1.67519666E+000, 3.50000000E+001, 8.31758518E-001, 2.91115481E+001
 2.84860000E+002, 6.48882935E+002, 4.79251428E-001, 1.75937677E+000, 3.50000000E+001, 8.43183830E-001, 2.95114340E+001
 2.99860000E+002, 6.48788467E+002, 4.73415491E-001, 1.78794631E+000, 3.50000000E+001, 8.46441482E-001, 2.96254519E+001
 3.14860000E+002, 6.48692697E+002, 4.71424846E-001, 1.79812997E+000, 3.50000000E+001, 8.47683145E-001, 2.96689101E+001
 3.29860000E+002, 6.48596926E+002, 4.70963520E-001, 1.80049077E+000, 3.50000000E+001, 8.47965469E-001, 2.96787914E+001
 3.44860000E+002, 6.48501156E+002, 4.70858078E-001, 1.80103105E+000, 3.50000000E+001, 8.48030018E-001, 2.96810506E+001
 3.59860000E+002, 6.48405385E+002, 4.70835084E-001, 1.80115154E+000, 3.50000000E+001, 8.48045335E-001, 2.96815867E+001
 3.74860000E+002, 6.48309615E+002, 4.70834231E-001, 1.80116711E+000, 3.50000000E+001, 8.48051131E-001, 2.96817896E+001
 3.89860000E+002, 6.48213845E+002, 4.70850484E-001, 1.80111735E+000, 3.50000000E+001, 8.48056975E-001, 2.96819941E+001
 4.04860000E+002, 6.48117985E+002, 4.70733760E-001, 1.79946221E+000, 3.50000000E+001, 8.47067611E-001, 2.96473664E+001
 4.20220000E+002, 6.48019515E+002, 4.69392923E-001, 1.80620875E+000, 3.50000000E+001, 8.47821607E-001, 2.96737563E+001
 4.35220000E+002, 6.47921747E+002, 4.68467029E-001, 1.81058688E+000, 3.50000000E+001, 8.48200257E-001, 2.96870090E+001
 4.50220000E+002, 6.47823489E+002, 4.68014205E-001, 1.81293066E+000, 3.50000000E+001, 8.48477299E-001, 2.96967055E+001
 4.65220000E+002, 6.47725231E+002, 4.67914154E-001, 1.81346410E+000, 3.50000000E+001, 8.48545519E-001, 2.96990932E+001
 4.80220000E+002, 6.47626973E+002, 4.67917722E-001, 1.81351571E+000, 3.50000000E+001, 8.48576138E-001, 2.97001648E+001
 4.95220000E+002, 6.47528715E+002, 4.68033777E-001, 1.81321464E+000, 3.50000000E+001, 8.48645696E-001, 2.97025994E+001
 5.10220000E+002, 6.47430456E+002, 4.68550800E-001, 1.81181172E+000, 3.50000000E+001, 8.48925829E-001, 2.97124040E+001
 5.25220000E+002, 6.47332198E+002, 4.70727441E-001, 1.80587503E+000, 3.50000000E+001, 8.50074930E-001, 2.97526225E+001
 5.40220000E+002, 6.47233940E+002, 4.79426634E-001, 1.78196472E+000, 3.50000000E+001, 8.54321346E-001, 2.99012471E+001
 5.55220000E+002, 6.47135682E+002, 5.08719045E-001, 1.70127079E+000, 3.50000000E+001, 8.65468853E-001, 3.02914099E+001
 5.70220000E+002, 6.47037424E+002, 5.74415773E-001, 1.53662935E+000, 3.50000000E+001, 8.82664139E-001, 3.08932448E+001
 5.83570000E+002, 6.46965797E+002, 6.41495413E-001, 1.36297612E+000, 3.50000000E+001, 8.74342930E-001, 3.06020025E+001
 5.98570000E+002, 6.46931201E+002, 6.69260163E-001, 1.27261326E+000, 3.50000000E+001, 8.51709357E-001, 2.98098275E+001
 6.13570000E+002, 6.46906327E+002, 6.70927855E-001, 1.26045843E+000, 3.50000000E+001, 8.45676668E-001, 2.95986834E+001
 6.28570000E+002, 6.46884493E+002, 6.65284154E-001, 1.26713616E+000, 3.50000000E+001, 8.43005607E-001, 2.95051963E+001
 6.43570000E+002, 6.46862660E+002, 6.56966401E-001, 1.28140335E+000, 3.50000000E+001, 8.41838948E-001, 2.94643632E+001
 6.58570000E+002, 6.46840826E+002, 6.46837379E-001, 1.29929228E+000, 3.50000000E+001, 8.40430812E-001, 2.94150784E+001
 6.73570000E+002, 6.46818993E+002, 6.34369909E-001, 1.32188893E+000, 3.50000000E+001, 8.38566563E-001, 2.93498297E+001
 6.88570000E+002, 6.46797159E+002, 6.18661644E-001, 1.35126958E+000, 3.50000000E+001, 8.35978661E-001, 2.92592531E+001
 7.03570000E+002, 6.46775325E+002, 5.98171180E-001, 1.39113007E+000, 3.50000000E+001, 8.32133915E-001, 2.91246870E+001
 7.18570000E+002, 6.46753492E+002, 5.69915270E-001, 1.44892574E+000, 3.50000000E+001, 8.25764902E-001, 2.89017716E+001
 7.33570000E+002, 6.46731658E+002, 5.30477295E-001, 1.55954858E+000, 3.50000000E+001, 8.27305110E-001, 2.89556789E+001
 7.41580000E+002, 6.46685259E+002, 4.98640082E-001, 1.68782157E+000, 3.50000000E+001, 8.41615486E-001, 2.94565420E+001
 7.56580000E+002, 6.46570820E+002, 4.86326361E-001, 1.82159648E+000, 3.36700760E+001, 8.85890388E-001, 2.98279967E+001
 7.71580000E+002, 6.46428622E+002, 4.82664832E-001, 1.94073524E+000, 3.23401520E+001, 9.36724648E-001, 3.02938175E+001
 7.86580000E+002, 6.46282937E+002, 4.90054846E-001, 2.00682891E+000, 3.10102270E+001, 9.83456231E-001, 3.04972010E+001
 8.01580000E+002, 6.46137251E+002, 5.03215722E-001, 2.04863820E+000, 2.96803030E+001, 1.03090695E+000, 3.05976306E+001
 8.16580000E+002, 6.45991565E+002, 5.19663877E-001, 2.08241254E+000, 2.83503790E+001, 1.08215458E+000, 3.06794924E+001
 8.31580000E+002, 6.45845880E+002, 5.41682668E-001, 2.10525656E+000, 2.70204550E+001, 1.14038099E+000, 3.08136132E+001
 8.46580000E+002, 6.45700194E+002, 5.88534798E-001, 2.06438802E+000, 2.56905300E+001, 1.21496419E+000, 3.12130738E+001
 8.61580000E+002, 6.45554508E+002, 6.99308298E-001, 1.86306651E+000, 2.43606060E+001, 1.30285787E+000, 3.17384072E+001
 8.77490000E+002, 6.45435637E+002, 8.06454479E-001, 1.67198779E+000, 2.29500000E+001, 1.34838204E+000, 3.09453678E+001
 8.92490000E+002, 6.45360201E+002, 8.76239281E-001, 1.53164933E+000, 2.29500000E+001, 1.34209130E+000, 3.08009954E+001
 9.07490000E+002, 6.45320406E+002, 9.11502057E-001, 1.44712653E+000, 2.29500000E+001, 1.31905881E+000, 3.02723998E+001
 9.22490000E+002, 6.45280611E+002, 9.31825741E-001, 1.41670668E+000, 2.29500000E+001, 1.32012375E+000, 3.02968401E+001
 9.37490000E+002, 6.45240816E+002, 9.53636739E-001, 1.38583596E+000, 2.29500000E+001, 1.32158408E+000, 3.03303547E+001
 9.52490000E+002, 6.45201022E+002, 9.77115276E-001, 1.35398334E+000, 2.29500000E+001, 1.32299780E+000, 3.03627995E+001
 9.67490000E+002, 6.45161227E+002, 1.00204444E+000, 1.32117383E+000, 2.29500000E+001, 1.32387490E+000, 3.03829288E+001
 9.83030000E+002, 6.45124143E+002, 1.02753200E+000, 1.29561691E+000, 2.29500000E+001, 1.33128783E+000, 3.05530557E+001
 9.98030000E+002, 6.45119681E+002, 1.02251284E+000, 1.30491060E+000, 2.24012020E+001, 1.33428785E+000, 2.98896516E+001
 1.01303000E+003, 6.45117127E+002, 9.99129867E-001, 1.36372798E+000, 2.18524040E+001, 1.36254136E+000, 2.97748043E+001
 1.02803000E+003, 6.45115690E+002, 9.69351613E-001, 1.43608285E+000, 2.13036060E+001, 1.39206923E+000, 2.96560944E+001
 1.04303000E+003, 6.45114254E+002, 9.32522482E-001, 1.52509227E+000, 2.07548080E+001, 1.42218283E+000, 2.95171315E+001
 1.05803000E+003, 6.45112817E+002, 8.85494401E-001, 1.63826793E+000, 2.02060100E+001, 1.45067708E+000, 2.93123955E+001
 1.07303000E+003, 6.45105666E+002, 8.25515028E-001, 1.79270198E+000, 1.96572120E+001, 1.47990243E+000, 2.90907558E+001
 1.08744000E+003, 6.45072030E+002, 7.54098032E-001, 2.00261330E+000, 1.91300000E+001, 1.51016675E+000, 2.88894899E+001
 1.10244000E+003, 6.44968270E+002, 6.92455193E-001, 2.25580597E+000, 1.90030910E+001, 1.56204456E+000, 2.96836749E+001
 1.11744000E+003, 6.44826522E+002, 6.56536702E-001, 2.44027273E+000, 1.88761820E+001, 1.60212861E+000, 3.02420712E+001
 1.13244000E+003, 6.44684773E+002, 6.44821272E-001, 2.51423882E+000, 1.87492730E+001, 1.62123468E+000, 3.03969715E+001
 1.14744000E+003, 6.44543025E+002, 6.39040687E-001, 2.55444195E+000, 1.86223630E+001, 1.63239234E+000, 3.03990027E+001
 1.16244000E+003, 6.44404360E+002, 6.50868891E-001, 2.52490710E+000, 1.84954540E+001, 1.64338348E+000, 3.03951236E+001
 1.17845000E+003, 6.44270977E+002, 7.12506730E-001, 2.33592463E+000, 1.83600000E+001, 1.66436202E+000, 3.05576867E+001
 1.19345000E+003, 6.44214054E+002, 7.91505551E-001, 2.01644829E+000, 1.88115570E+001, 1.59603001E+000, 3.00238095E+001
 1.20845000E+003, 6.44178113E+002, 8.07315295E-001, 1.90376493E+000, 1.92631150E+001, 1.53693855E+000, 2.96062240E+001
 1.22345000E+003, 6.44142171E+002, 7.97151920E-001, 1.88317408E+000, 1.97146720E+001, 1.50117583E+000, 2.95951892E+001
 1.23845000E+003, 6.44106230E+002, 7.85627008E-001, 1.86812052E+000, 2.01662300E+001, 1.46764594E+000, 2.95968855E+001
 1.25345000E+003, 6.44070288E+002, 7.73267693E-001, 1.85625801E+000, 2.06177870E+001, 1.43538435E+000, 2.95944487E+001
 1.26845000E+003, 6.44034347E+002, 7.59649139E-001, 1.84839474E+000, 2.10693440E+001, 1.40413147E+000, 2.95841289E+001
 1.28345000E+003, 6.43998405E+002, 7.44009489E-001, 1.84621268E+000, 2.15209020E+001, 1.37359975E+000, 2.95611057E+001
 1.29845000E+003, 6.43962464E+002, 7.25044681E-001, 1.85273985E+000, 2.19724590E+001, 1.34331918E+000, 2.95160255E+001
 1.31345000E+003, 6.43926523E+002, 7.00279663E-001, 1.87400947E+000, 2.24240170E+001, 1.31233072E+000, 2.94277264E+001
 1.32845000E+003, 6.43890581E+002, 6.65570856E-001, 1.93027170E+000, 2.28755740E+001, 1.28473258E+000, 2.93889953E+001
 1.34122000E+003, 6.43840599E+002, 6.23872450E-001, 2.02882119E+000, 2.32600000E+001, 1.26572565E+000, 2.94407786E+001
 1.35622000E+003, 6.43711575E+002, 5.85023131E-001, 2.21724367E+000, 2.32248130E+001, 1.29713883E+000, 3.01258068E+001
 1.37122000E+003, 6.43571642E+002, 5.66786627E-001, 2.31323467E+000, 2.31896250E+001, 1.31111047E+000, 3.04041602E+001
 1.38622000E+003, 6.43427497E+002, 5.56885853E-001, 2.36444774E+000, 2.31544380E+001, 1.31672749E+000, 3.04880851E+001
 1.40122000E+003, 6.43283352E+002, 5.53810102E-001, 2.38120355E+000, 2.31192510E+001, 1.31873458E+000, 3.04881558E+001
 1.41622000E+003, 6.43139207E+002, 5.54173108E-001, 2.38327664E+000, 2.30840640E+001, 1.32074782E+000, 3.04882273E+001
 1.43122000E+003, 6.42995062E+002, 5.71379855E-001, 2.33445184E+000, 2.30488760E+001, 1.33385875E+000, 3.07439450E+001
 1.44622000E+003, 6.42850917E+002, 6.98377770E-001, 1.97648947E+000, 2.30136890E+001, 1.38033631E+000, 3.17666305E+001
 1.46122000E+003, 6.42706772E+002, 8.62285598E-001, 1.62619955E+000, 2.29785020E+001, 1.40224845E+000, 3.22215689E+001
 1.47337000E+003, 6.42603893E+002, 9.91363082E-001, 1.38192745E+000, 2.29500000E+001, 1.36999185E+000, 3.14413130E+001
 1.48837000E+003, 6.42601943E+002, 1.01266637E+000, 1.27811346E+000, 2.31583330E+001, 1.29430252E+000, 2.99738888E+001
 1.50337000E+003, 6.42606103E+002, 9.90918186E-001, 1.29315598E+000, 2.33666670E+001, 1.28141178E+000, 2.99423223E+001
 1.51837000E+003, 6.42614155E+002, 9.60873954E-001, 1.31985168E+000, 2.35750000E+001, 1.26821111E+000, 2.98980768E+001
 1.53337000E+003, 6.42622207E+002, 9.28391476E-001, 1.35167381E+000, 2.37833330E+001, 1.25488245E+000, 2.98452871E+001
 1.54837000E+003, 6.42630258E+002, 8.92801860E-001, 1.39015613E+000, 2.39916670E+001, 1.24113398E+000, 2.97768732E+001
 1.56337000E+003, 6.42638310E+002, 8.52983987E-001, 1.43802045E+000, 2.42000000E+001, 1.22660842E+000, 2.96839238E+001
 1.57837000E+003, 6.42646362E+002, 8.07021561E-001, 1.50007322E+000, 2.44083330E+001, 1.21059143E+000, 2.95485189E+001
 1.59337000E+003, 6.42654414E+002, 7.50195706E-001, 1.58244270E+000, 2.46166670E+001, 1.18714172E+000, 2.92234724E+001
 1.60837000E+003, 6.42656394E+002, 6.86885069E-001, 1.69403822E+000, 2.48250000E+001, 1.16360956E+000, 2.88866073E+001
 1.62241000E+003, 6.42631811E+002, 6.12939438E-001, 1.86062326E+000, 2.50200000E+001, 1.14044938E+000, 2.85340434E+001
 1.63741000E+003, 6.42541644E+002, 5.47925003E-001, 2.05906525E+000, 2.60435000E+001, 1.12821333E+000, 2.93826239E+001
 1.65241000E+003, 6.42413328E+002, 5.06396882E-001, 2.18776183E+000, 2.70670010E+001, 1.10787577E+000, 2.99868746E+001
 1.66741000E+003, 6.42285011E+002, 4.83989328E-001, 2.21486929E+000, 2.80905010E+001, 1.07197310E+000, 3.01122614E+001
 1.68241000E+003, 6.42156695E+002, 4.71830938E-001, 2.19386018E+000, 2.91140010E+001, 1.03513111E+000, 3.01368081E+001
 1.69741000E+003, 6.42028379E+002, 5.21947372E-001, 1.93490331E+000, 3.01375020E+001, 1.00991769E+000, 3.04363965E+001
 1.71943000E+003, 6.41855248E+002, 6.68418303E-001, 1.56017931E+000, 3.16400000E+001, 1.04285240E+000, 3.29958501E+001
 1.73443000E+003, 6.41830520E+002, 7.40177269E-001, 1.28406249E+000, 3.19286220E+001, 9.50433867E-001, 3.03460437E+001
 1.74943000E+003, 6.41813308E+002, 7.42371570E-001, 1.25307363E+000, 3.22172440E+001, 9.30246239E-001, 2.99699701E+001
 1.76443000E+003, 6.41799961E+002, 7.32983924E-001, 1.25381974E+000, 3.25058660E+001, 9.19029717E-001, 2.98738568E+001
 1.77943000E+003, 6.41786615E+002, 7.21027956E-001, 1.26215665E+000, 3.27944880E+001, 9.10050228E-001, 2.98446313E+001
 1.79443000E+003, 6.41773268E+002, 7.07755988E-001, 1.27314675E+000, 3.30831100E+001, 9.01077235E-001, 2.98104373E+001
 1.80943000E+003, 6.41759921E+002, 6.92873543E-001, 1.28735043E+000, 3.33717320E+001, 8.91971050E-001, 2.97666188E+001
 1.82443000E+003, 6.41746575E+002, 6.75898290E-001, 1.30583029E+000, 3.36603540E+001, 8.82608462E-001, 2.97089133E+001
 1.83943000E+003, 6.41733228E+002, 6.56099502E-001, 1.33026200E+000, 3.39489760E+001, 8.72784235E-001, 2.96301311E+001
 1.85443000E+003, 6.41719882E+002, 6.32289599E-001, 1.36347842E+000, 3.42375980E+001, 8.62113224E-001, 2.95166860E+001
 1.86943000E+003, 6.41706535E+002, 6.02324232E-001, 1.41079652E+000, 3.45262200E+001, 8.49756933E-001, 2.93388948E+001
 1.88443000E+003, 6.41693188E+002, 5.61706518E-001, 1.48421557E+000, 3.48148420E+001, 8.33693557E-001, 2.90249095E+001
 1.89925000E+003, 6.41665415E+002, 5.08306297E-001, 1.59891432E+000, 3.51000000E+001, 8.12738218E-001, 2.85271115E+001
 1.91425000E+003, 6.41591514E+002, 4.63701204E-001, 1.72659400E+000, 3.66709850E+001, 8.00623716E-001, 2.93596603E+001
 1.92925000E+003, 6.41508778E+002, 4.41171535E-001, 1.75794040E+000, 3.82419710E+001, 7.75553266E-001, 2.96586855E+001
 1.94425000E+003, 6.41423161E+002, 4.27991092E-001, 1.74782421E+000, 3.98129560E+001, 7.48053191E-001, 2.97822088E+001
 1.95925000E+003, 6.41337545E+002, 4.18725457E-001, 1.72125492E+000, 4.13839410E+001, 7.20733253E-001, 2.98267824E+001
 1.97425000E+003, 6.41251928E+002, 4.10662527E-001, 1.69228372E+000, 4.29549260E+001, 6.94957510E-001, 2.98518484E+001
 1.98925000E+003, 6.41166311E+002, 4.03151419E-001, 1.66407829E+000, 4.45259120E+001, 6.70875522E-001, 2.98713444E+001
 2.00425000E+003, 6.41080694E+002, 3.96037792E-001, 1.63719876E+000, 4.60968970E+001, 6.48392581E-001, 2.98888860E+001
 2.01925000E+003, 6.40995078E+002, 3.89312369E-001, 1.61154526E+000, 4.76678820E+001, 6.27394503E-001, 2.99065671E+001
 2.03425000E+003, 6.40909461E+002, 3.83137453E-001, 1.58651462E+000, 4.92388670E+001, 6.07853171E-001, 2.99300014E+001
 2.04925000E+003, 6.40823844E+002, 3.78280832E-001, 1.55986875E+000, 5.08098530E+001, 5.90068449E-001, 2.99812911E+001
 2.06425000E+003, 6.40738227E+002, 3.77478251E-001, 1.52119672E+000, 5.23808380E+001, 5.74218677E-001, 3.00780555E+001
 2.07971000E+003, 6.40663757E+002, 3.76518034E-001, 1.45546247E+000, 5.40000000E+001, 5.48007866E-001, 2.95924248E+001
 2.09471000E+003, 6.40614635E+002, 3.76986771E-001, 1.34186078E+000, 5.87864730E+001, 5.05863764E-001, 2.97379465E+001
 2.10971000E+003, 6.40576562E+002, 3.72541684E-001, 1.25137126E+000, 6.35729470E+001, 4.66187958E-001, 2.96369424E+001
 2.12471000E+003, 6.40539847E+002, 3.62666272E-001, 1.19767165E+000, 6.83594200E+001, 4.34355113E-001, 2.96922636E+001
 2.13971000E+003, 6.40503131E+002, 3.52315330E-001, 1.15559766E+000, 7.31458940E+001, 4.07134771E-001, 2.97802368E+001
 2.15471000E+003, 6.40466415E+002, 3.42258501E-001, 1.11938022E+000, 7.79323670E+001, 3.83117397E-001, 2.98572456E+001
 2.16971000E+003, 6.40429700E+002, 3.32309974E-001, 1.08825203E+000, 8.27188410E+001, 3.61637005E-001, 2.99141939E+001
 2.18471000E+003, 6.40392984E+002, 3.22015895E-001, 1.06249127E+000, 8.75053140E+001, 3.42139076E-001, 2.99389873E+001
 2.19971000E+003, 6.40356268E+002, 3.10498884E-001, 1.04330021E+000, 9.22917870E+001, 3.23943552E-001, 2.98973293E+001
 2.21471000E+003, 6.40319553E+002, 2.93287157E-001, 1.01715474E+000, 9.70782610E+001, 2.98318422E-001, 2.89602336E+001
 2.23496000E+003, 6.40263968E+002, 2.74122936E-001, 1.02961008E+000, 1.03540000E+002, 2.82239739E-001, 2.92231026E+001
 2.24996000E+003, 6.40208440E+002, 2.56787240E-001, 1.04348946E+000, 1.11202318E+002, 2.67954778E-001, 2.97971924E+001
 2.26496000E+003, 6.40148621E+002, 2.46294695E-001, 1.02656964E+000, 1.18864636E+002, 2.52838657E-001, 3.00535749E+001
 2.27996000E+003, 6.40087942E+002, 2.38165276E-001, 1.00103637E+000, 1.26526954E+002, 2.38412104E-001, 3.01655573E+001
 2.29496000E+003, 6.40027263E+002, 2.30245287E-001, 9.76626076E-001, 1.34189272E+002, 2.24863551E-001, 3.01742762E+001
 2.30996000E+003, 6.39966585E+002, 2.20370192E-001, 9.59531564E-001, 1.41851590E+002, 2.11452155E-001, 2.99948244E+001
 2.32496000E+003, 6.39895500E+002, 2.15357573E-001, 9.85192806E-001, 1.49513908E+002, 2.12168732E-001, 3.17221763E+001
 2.33384000E+003, 6.39843056E+002, 2.16427372E-001, 9.34963770E-001, 1.54050000E+002, 2.02351752E-001, 3.11722874E+001
 2.34884000E+003, 6.39729821E+002, 2.70616701E-001, 8.05443992E-001, 1.62847505E+002, 2.17966596E-001, 3.54953164E+001
 2.36384000E+003, 6.39589677E+002, 4.01695886E-001, 5.55838034E-001, 1.70968312E+002, 2.23277852E-001, 3.81734373E+001
 2.37884000E+003, 6.39449534E+002, 5.46590984E-001, 3.85310305E-001, 1.78263936E+002, 2.10607139E-001, 3.75436575E+001
 2.39384000E+003, 6.39309390E+002, 6.89833664E-001, 2.88177261E-001, 1.84734380E+002, 1.98794376E-001, 3.67241558E+001
 2.40884000E+003, 6.39169247E+002, 8.31686830E-001, 2.28200012E-001, 1.90379641E+002, 1.89790944E-001, 3.61323319E+001
 2.42384000E+003, 6.39029104E+002, 9.73014932E-001, 1.88432531E-001, 1.95199721E+002, 1.83347667E-001, 3.57894135E+001
 2.43338000E+003, 6.38961846E+002, 1.04310918E+000, 1.67006401E-001, 1.97835994E+002, 1.74205910E-001, 3.44641995E+001
 2.44838000E+003, 6.38952683E+002, 1.05403928E+000, 1.61149625E-001, 1.96867147E+002, 1.69858034E-001, 3.34394665E+001
 2.46338000E+003, 6.38954780E+002, 1.05222709E+000, 1.63008010E-001, 1.94598164E+002, 1.71521445E-001, 3.33777583E+001
 2.47838000E+003, 6.38962169E+002, 1.04472643E+000, 1.67249425E-001, 1.91029044E+002, 1.74729895E-001, 3.33784848E+001
 2.49338000E+003, 6.38969558E+002, 1.03753380E+000, 1.73868653E-001, 1.86159787E+002, 1.80394604E-001, 3.35822211E+001
 2.50838000E+003, 6.38976948E+002, 1.03040189E+000, 1.84605043E-001, 1.75559114E+002, 1.90217385E-001, 3.33943955E+001
 2.52338000E+003, 6.38976828E+002, 1.03033374E+000, 1.99024612E-001, 1.61170936E+002, 2.05061773E-001, 3.30499978E+001
 2.53488000E+003, 6.38956314E+002, 1.04944001E+000, 2.12500839E-001, 1.50140000E+002, 2.23006883E-001, 3.34822534E+001
 2.54988000E+003, 6.38895921E+002, 1.10814694E+000, 2.19838436E-001, 1.40340060E+002, 2.43613290E-001, 3.41887037E+001
 2.56488000E+003, 6.38801865E+002, 1.20107652E+000, 2.21358883E-001, 1.30540120E+002, 2.65868956E-001, 3.47065655E+001
 2.57988000E+003, 6.38707809E+002, 1.29523981E+000, 2.22059647E-001, 1.20740180E+002, 2.87620494E-001, 3.47273502E+001
 2.59488000E+003, 6.38613753E+002, 1.38946485E+000, 2.25513721E-001, 1.10940238E+002, 3.13343389E-001, 3.47623902E+001
 2.60988000E+003, 6.38519697E+002, 1.48377444E+000, 2.31972212E-001, 1.01140298E+002, 3.44194438E-001, 3.48119280E+001
 2.62488000E+003, 6.38425641E+002, 1.57744348E+000, 2.39983152E-001, 9.13403580E+001, 3.78559857E-001, 3.45777929E+001
 2.63535000E+003, 6.38360693E+002, 1.64020022E+000, 2.43146465E-001, 8.45000000E+001, 3.98808886E-001, 3.36993508E+001
 2.65035000E+003, 6.38269443E+002, 1.72825464E+000, 2.34219568E-001, 8.58227020E+001, 4.04791054E-001, 3.47402620E+001
 2.66535000E+003, 6.38178627E+002, 1.81930416E+000, 2.18779539E-001, 8.71454040E+001, 3.98026526E-001, 3.46861824E+001
 2.68035000E+003, 6.38087945E+002, 1.91018832E+000, 2.04966066E-001, 8.84681060E+001, 3.91523785E-001, 3.46373677E+001
 2.69535000E+003, 6.37997263E+002, 2.00104606E+000, 1.92531656E-001, 8.97908060E+001, 3.85264712E-001, 3.45932290E+001
 2.71035000E+003, 6.37906581E+002, 2.09175696E+000, 1.81000292E-001, 9.11135080E+001, 3.78608621E-001, 3.44963596E+001
 2.73129000E+003, 6.37788640E+002, 2.20948380E+000, 1.69550250E-001, 9.29600000E+001, 3.74618531E-001, 3.48245386E+001
 2.74629000E+003, 6.37712661E+002, 2.28656896E+000, 1.60569672E-001, 9.35968660E+001, 3.67153627E-001, 3.43644288E+001
 2.76129000E+003, 6.37645329E+002, 2.35408902E+000, 1.54542574E-001, 9.42337300E+001, 3.63806978E-001, 3.42828885E+001
 2.77629000E+003, 6.37577997E+002, 2.42145484E+000, 1.49167250E-001, 9.48705960E+001, 3.61201758E-001, 3.42674261E+001
 2.79129000E+003, 6.37510665E+002, 2.48881898E+000, 1.44100069E-001, 9.55074600E+001, 3.58638987E-001, 3.42526987E+001
 2.80629000E+003, 6.37443333E+002, 2.55618161E+000, 1.39315944E-001, 9.61443260E+001, 3.56116854E-001, 3.42386149E+001
 2.82129000E+003, 6.37376001E+002, 2.62352682E+000, 1.34761306E-001, 9.67811920E+001, 3.53549900E-001, 3.42169808E+001
 2.83822000E+003, 6.37281628E+002, 2.71783009E+000, 1.30237812E-001, 9.75000000E+001, 3.53964244E-001, 3.45115138E+001
 2.85322000E+003, 6.37167698E+002, 2.83181977E+000, 1.25881629E-001, 9.67273400E+001, 3.56474086E-001, 3.44807901E+001
 2.86822000E+003, 6.37038492E+002, 2.96089251E+000, 1.21594623E-001, 9.59546800E+001, 3.60028608E-001, 3.45464299E+001
 2.88322000E+003, 6.36907732E+002, 3.09168444E+000, 1.17340643E-001, 9.51820200E+001, 3.62780240E-001, 3.45301561E+001
 2.89822000E+003, 6.36776972E+002, 3.22248938E+000, 1.13423189E-001, 9.44093620E+001, 3.65505021E-001, 3.45070958E+001
 2.91322000E+003, 6.36646213E+002, 3.35329008E+000, 1.09831379E-001, 9.36367020E+001, 3.68296474E-001, 3.44860672E+001
 2.92822000E+003, 6.36526656E+002, 3.47295102E+000, 1.06643875E-001, 9.28640420E+001, 3.70368956E-001, 3.43939583E+001
 2.93917000E+003, 6.36449486E+002, 3.55080100E+000, 1.04885565E-001, 9.23000000E+001, 3.72427768E-001, 3.43750830E+001
 2.95417000E+003, 6.36409566E+002, 3.59138030E+000, 1.05421330E-001, 8.98765100E+001, 3.78608087E-001, 3.40279735E+001
 2.96917000E+003, 6.36399133E+002, 3.60207670E+000, 1.07585467E-001, 8.74530200E+001, 3.87531103E-001, 3.38907653E+001
 2.98417000E+003, 6.36388700E+002, 3.61250955E+000, 1.10336401E-001, 8.50295320E+001, 3.98591303E-001, 3.38920320E+001
 2.99917000E+003, 6.36378266E+002, 3.62294310E+000, 1.13250848E-001, 8.26060420E+001, 4.10301379E-001, 3.38933730E+001
 3.01417000E+003, 6.36367833E+002, 3.63337749E+000, 1.16343512E-001, 8.01825520E+001, 4.22719899E-001, 3.38947603E+001
 3.02917000E+003, 6.36357400E+002, 3.64365053E+000, 1.19364324E-001, 7.77590620E+001, 4.34921883E-001, 3.38191177E+001
 3.03981000E+003, 6.36331143E+002, 3.66881264E+000, 1.20498348E-001, 7.60400000E+001, 4.42085862E-001, 3.36162090E+001
 3.05481000E+003, 6.36279063E+002, 3.71989516E+000, 1.18259599E-001, 7.74696880E+001, 4.39913309E-001, 3.40799468E+001
 3.06981000E+003, 6.36209372E+002, 3.78947396E+000, 1.14218546E-001, 7.88993760E+001, 4.32828208E-001, 3.41498755E+001
 3.08481000E+003, 6.36139061E+002, 3.85983963E+000, 1.10113996E-001, 8.03290620E+001, 4.25022367E-001, 3.41416481E+001
 3.09981000E+003, 6.36068751E+002, 3.93020712E+000, 1.06218170E-001, 8.17587500E+001, 4.17459409E-001, 3.41309595E+001
 3.11481000E+003, 6.35998440E+002, 4.00057079E+000, 1.02525539E-001, 8.31884380E+001, 4.10160675E-001, 3.41206259E+001
 3.12981000E+003, 6.35923701E+002, 4.07537054E+000, 9.90405029E-002, 8.46181260E+001, 4.03626748E-001, 3.41541390E+001
 3.14221000E+003, 6.35858339E+002, 4.14121680E+000, 9.64308057E-002, 8.58000000E+001, 3.99340873E-001, 3.42634469E+001
 3.15721000E+003, 6.35715357E+002, 4.28397092E+000, 9.42473455E-002, 8.51682840E+001, 4.03752888E-001, 3.43869406E+001
 3.17221000E+003, 6.35560702E+002, 4.43857267E+000, 9.17241389E-002, 8.45365660E+001, 4.07124256E-001, 3.44168865E+001
 3.18721000E+003, 6.35406047E+002, 4.59325780E+000, 8.92622075E-002, 8.39048500E+001, 4.10004330E-001, 3.44013518E+001
 3.20221000E+003, 6.35251391E+002, 4.74794061E+000, 8.69728908E-002, 8.32731320E+001, 4.12942121E-001, 3.43869837E+001
 3.21721000E+003, 6.35096736E+002, 4.90262138E+000, 8.48398567E-002, 8.26414160E+001, 4.15937695E-001, 3.43736801E+001
 3.23221000E+003, 6.34942081E+002, 5.05730032E+000, 8.28487754E-002, 8.20096980E+001, 4.18991138E-001, 3.43613367E+001
 3.24721000E+003, 6.34787425E+002, 5.21193597E+000, 8.09290362E-002, 8.13779820E+001, 4.21796955E-001, 3.43249850E+001
 3.25666000E+003, 6.34693343E+002, 5.30654246E+000, 7.97587559E-002, 8.09800000E+001, 4.23243225E-001, 3.42742363E+001
 3.27166000E+003, 6.34619031E+002, 5.38119113E+000, 7.97817569E-002, 7.93989300E+001, 4.29320883E-001, 3.40876187E+001
 3.28666000E+003, 6.34546005E+002, 5.45423683E+000, 8.03068957E-002, 7.78178620E+001, 4.38012828E-001, 3.40852218E+001
 3.30166000E+003, 6.34474009E+002, 5.52625113E+000, 8.09008193E-002, 7.62367920E+001, 4.47078244E-001, 3.40838111E+001
 3.31666000E+003, 6.34402013E+002, 5.59826058E+000, 8.15560774E-002, 7.46557220E+001, 4.56572173E-001, 3.40857252E+001
 3.33166000E+003, 6.34330017E+002, 5.67027096E+000, 8.22674260E-002, 7.30746520E+001, 4.66478597E-001, 3.40877611E+001
 3.34666000E+003, 6.34259990E+002, 5.74030504E+000, 8.30260413E-002, 7.14935840E+001, 4.76594803E-001, 3.40734706E+001
 3.36083000E+003, 6.34211635E+002, 5.78891705E+000, 8.41492799E-002, 7.00000000E+001, 4.87133202E-001, 3.40993241E+001
 3.37583000E+003, 6.34187159E+002, 5.81370468E+000, 8.60453488E-002, 6.78806820E+001, 5.00242247E-001, 3.39567849E+001
 3.39083000E+003, 6.34184318E+002, 5.81670542E+000, 8.86104591E-002, 6.57613640E+001, 5.15420938E-001, 3.38947839E+001
 3.40583000E+003, 6.34181477E+002, 5.81958638E+000, 9.15177810E-002, 6.36420460E+001, 5.32595632E-001, 3.38954757E+001
 3.42083000E+003, 6.34178636E+002, 5.82247169E+000, 9.46255726E-002, 6.15227280E+001, 5.50954718E-001, 3.38962373E+001
 3.43583000E+003, 6.34175795E+002, 5.82536205E+000, 9.79552885E-002, 5.94034100E+001, 5.70625020E-001, 3.38970720E+001
 3.45083000E+003, 6.34172954E+002, 5.82828708E+000, 1.01569038E-001, 5.72840900E+001, 5.91973512E-001, 3.39106639E+001
 3.46643000E+003, 6.34139465E+002, 5.85978192E+000, 1.02831444E-001, 5.50800000E+001, 6.02569839E-001, 3.31895467E+001
 3.48143000E+003, 6.34083562E+002, 5.91386044E+000, 9.91519036E-002, 5.80661180E+001, 5.86370520E-001, 3.40482598E+001
 3.49643000E+003, 6.33997152E+002, 6.00032729E+000, 9.31392284E-002, 6.10522360E+001, 5.58865854E-001, 3.41200100E+001
 3.51143000E+003, 6.33910741E+002, 6.08696144E+000, 8.74900336E-002, 6.40383540E+001, 5.32548461E-001, 3.41035269E+001
 3.52643000E+003, 6.33824331E+002, 6.17356497E+000, 8.23819157E-002, 6.70244700E+001, 5.08590109E-001, 3.40879825E+001
 3.54143000E+003, 6.33737920E+002, 6.26014307E+000, 7.77439072E-002, 7.00105880E+001, 4.86687982E-001, 3.40733118E+001
 3.55643000E+003, 6.33651510E+002, 6.34666510E+000, 7.34730776E-002, 7.29967060E+001, 4.66309017E-001, 3.40390222E+001
 3.57232000E+003, 6.33564214E+002, 6.43460202E+000, 7.01567404E-002, 7.61600000E+001, 4.51430704E-001, 3.43809624E+001
 3.58732000E+003, 6.33493463E+002, 6.50599410E+000, 6.84446019E-002, 7.63467100E+001, 4.45300176E-001, 3.39972034E+001
 3.60232000E+003, 6.33425444E+002, 6.57403042E+000, 6.75522529E-002, 7.65334220E+001, 4.44090565E-001, 3.39877706E+001
 3.61732000E+003, 6.33358177E+002, 6.64130575E+000, 6.66971483E-002, 7.67201320E+001, 4.42956154E-001, 3.39836546E+001
 3.63232000E+003, 6.33290909E+002, 6.70857778E+000, 6.58638966E-002, 7.69068420E+001, 4.41853073E-001, 3.39815245E+001
 3.64732000E+003, 6.33223642E+002, 6.77584972E+000, 6.50480538E-002, 7.70935520E+001, 4.40755837E-001, 3.39794330E+001
 3.66232000E+003, 6.33156374E+002, 6.84311205E+000, 6.42376581E-002, 7.72802640E+001, 4.39585492E-001, 3.39712829E+001
 3.68158000E+003, 6.33073598E+002, 6.92448161E+000, 6.17441279E-002, 7.75200000E+001, 4.27546078E-001, 3.31433719E+001
 3.69658000E+003, 6.33036042E+002, 6.96134696E+000, 5.67643333E-002, 8.58311840E+001, 3.95156219E-001, 3.39167262E+001
 3.71158000E+003, 6.33000155E+002, 6.99766464E+000, 5.14457509E-002, 9.41423680E+001, 3.60000112E-001, 3.38912630E+001
 3.72658000E+003, 6.32965232E+002, 7.03291631E+000, 4.70077462E-002, 1.02453554E+002, 3.30601545E-001, 3.38713033E+001
 3.74158000E+003, 6.32930309E+002, 7.06809386E+000, 4.32452622E-002, 1.10764738E+002, 3.05661572E-001, 3.38565240E+001
 3.75658000E+003, 6.32895385E+002, 7.10321961E+000, 4.00129660E-002, 1.19075922E+002, 2.84220885E-001, 3.38438640E+001
 3.77158000E+003, 6.32860443E+002, 7.13838946E+000, 3.72813325E-002, 1.27387106E+002, 2.66128671E-001, 3.39013612E+001
 3.78467000E+003, 6.32829872E+002, 7.16954045E+000, 3.54932604E-002, 1.34640000E+002, 2.54470366E-001, 3.42618901E+001
 3.79967000E+003, 6.32794694E+002, 7.20511939E+000, 3.48525306E-002, 1.34640000E+002, 2.51116644E-001, 3.38103450E+001
 3.81467000E+003, 6.32759403E+002, 7.24041082E+000, 3.46824838E-002, 1.34640000E+002, 2.51115431E-001, 3.38101816E+001
 3.82967000E+003, 6.32724112E+002, 7.27570248E+000, 3.45138320E-002, 1.34640000E+002, 2.51112373E-001, 3.38097699E+001
 3.84467000E+003, 6.32688821E+002, 7.31099413E+000, 3.43468133E-002, 1.34640000E+002, 2.51109351E-001, 3.38093630E+001
 3.85967000E+003, 6.32653530E+002, 7.34628579E+000, 3.41814041E-002, 1.34640000E+002, 2.51106363E-001, 3.38089607E+001
 3.87467000E+003, 6.32618238E+002, 7.38157742E+000, 3.40175571E-002, 1.34640000E+002, 2.51103231E-001, 3.38085391E+001
 3.89518000E+003, 6.32540045E+002, 7.46023905E+000, 3.43950674E-002, 1.34640000E+002, 2.56595425E-001, 3.45480080E+001
 3.91018000E+003, 6.32445105E+002, 7.55585079E+000, 3.60766772E-002, 1.24696088E+002, 2.72589990E-001, 3.39909054E+001
 3.92518000E+003, 6.32320270E+002, 7.68083579E+000, 3.86733419E-002, 1.14752176E+002, 2.97043588E-001, 3.40863981E+001
 3.94018000E+003, 6.32195434E+002, 7.80565461E+000, 4.13786703E-002, 1.04808264E+002, 3.22987609E-001, 3.38517706E+001
 3.95045000E+003, 6.31997636E+002, 8.00343819E+000, 4.40109962E-002, 9.80000000E+001, 3.52239288E-001, 3.45194502E+001
 3.96545000E+003, 6.31323200E+002, 8.67736938E+000, 4.59986194E-002, 8.86114580E+001, 3.99147011E-001, 3.53689986E+001
 3.98045000E+003, 6.30586014E+002, 9.41460381E+000, 4.73297829E-002, 7.92229180E+001, 4.45591155E-001, 3.53010315E+001
 3.99199000E+003, 6.30000000E+002, 9.99979956E+000, 4.77319543E-002, 7.20000000E+001, 4.77309976E-001, 3.43663183E+001
 4.00000000E+003, 6.30000000E+002, 1.00000006E+001, 4.75325643E-002, 7.20000000E+001, 4.75325670E-001, 3.42234482E+001
 4.01000000E+003, 6.30000000E+002, 1.00000002E+001, 4.75325451E-002, 7.20000000E+001, 4.75325460E-001, 3.42234331E+001
