 2.16000000E+004,271
X,ZB,H,U,L,Q,QL
 0.00000000E+000, 6.49480000E+002, 7.54514448E-001, 1.13601914E+000, 3.50000000E+001, 8.57142857E-001, 3.00000000E+001
 1.50000000E+001, 6.49445002E+002, 7.75951667E-001, 1.10463434E+000, 3.50000000E+001, 8.57142857E-001, 3.00000000E+001
 3.00000000E+001, 6.49410003E+002, 7.98863933E-001, 1.07295225E+000, 3.50000000E+001, 8.57142857E-001, 3.00000000E+001
 4.50000000E+001, 6.49375005E+002, 8.23107171E-001, 1.04135025E+000, 3.50000000E+001, 8.57142857E-001, 3.00000000E+001
 6.00000000E+001, 6.49340006E+002, 8.48540356E-001, 1.01013800E+000, 3.50000000E+001, 8.57142857E-001, 3.00000000E+001
 7.50000000E+001, 6.49305008E+002, 8.75030256E-001, 9.79557965E-001, 3.50000000E+001, 8.57142857E-001, 3.00000000E+001
 9.00100000E+001, 6.49274004E+002, 8.97842951E-001, 9.54669028E-001, 3.50000000E+001, 8.57142857E-001, 3.00000000E+001
 1.05010000E+002, 6.49314015E+002, 8.36739008E-001, 1.02438496E+000, 3.50000000E+001, 8.57142857E-001, 3.00000000E+001
 1.20010000E+002, 6.49355603E+002, 7.65474768E-001, 1.11975325E+000, 3.50000000E+001, 8.57142857E-001, 3.00000000E+001
 1.35010000E+002, 6.49396053E+002, 6.77130841E-001, 1.26584525E+000, 3.50000000E+001, 8.57142857E-001, 3.00000000E+001
 1.49600000E+002, 6.49409202E+002, 5.95832402E-001, 1.43856369E+000, 3.50000000E+001, 8.57142857E-001, 3.00000000E+001
 1.64600000E+002, 6.49382602E+002, 5.36198881E-001, 1.59855398E+000, 3.50000000E+001, 8.57142857E-001, 3.00000000E+001
 1.79600000E+002, 6.49325230E+002, 5.36916051E-001, 1.59641876E+000, 3.50000000E+001, 8.57142857E-001, 3.00000000E+001
 1.94600000E+002, 6.49267858E+002, 5.39031426E-001, 1.59015378E+000, 3.50000000E+001, 8.57142857E-001, 3.00000000E+001
 2.09600000E+002, 6.49210487E+002, 5.44556733E-001, 1.57401939E+000, 3.50000000E+001, 8.57142857E-001, 3.00000000E+001
 2.24600000E+002, 6.49153115E+002, 5.56368943E-001, 1.54060155E+000, 3.50000000E+001, 8.57142857E-001, 3.00000000E+001
 2.39600000E+002, 6.49095743E+002, 5.76529832E-001, 1.48672768E+000, 3.50000000E+001, 8.57142857E-001, 3.00000000E+001
 2.54600000E+002, 6.49038371E+002, 6.05106021E-001, 1.41651682E+000, 3.50000000E+001, 8.57142857E-001, 3.00000000E+001
 2.69860000E+002, 6.48974845E+002, 4.59659813E-001, 1.86473308E+000, 3.50000000E+001, 8.57142857E-001, 3.00000000E+001
 2.84860000E+002, 6.48882935E+002, 4.67945022E-001, 1.83171701E+000, 3.50000000E+001, 8.57142857E-001, 3.00000000E+001
 2.99860000E+002, 6.48788467E+002, 5.41995910E-001, 1.58145632E+000, 3.50000000E+001, 8.57142857E-001, 3.00000000E+001
 3.14860000E+002, 6.48692697E+002, 4.41406431E-001, 1.94184497E+000, 3.50000000E+001, 8.57142857E-001, 3.00000000E+001
 3.29860000E+002, 6.48596926E+002, 5.01486996E-001, 1.70920256E+000, 3.50000000E+001, 8.57142857E-001, 3.00000000E+001
 3.44860000E+002, 6.48501156E+002, 4.46734815E-001, 1.91868381E+000, 3.50000000E+001, 8.57142857E-001, 3.00000000E+001
 3.59860000E+002, 6.48405385E+002, 5.13182345E-001, 1.67025009E+000, 3.50000000E+001, 8.57142857E-001, 3.00000000E+001
 3.74860000E+002, 6.48309615E+002, 4.44881865E-001, 1.92667520E+000, 3.50000000E+001, 8.57142857E-001, 3.00000000E+001
 3.89860000E+002, 6.48213845E+002, 4.68393612E-001, 1.82996274E+000, 3.50000000E+001, 8.57142857E-001, 3.00000000E+001
 4.04860000E+002, 6.48117985E+002, 5.46085909E-001, 1.56961175E+000, 3.50000000E+001, 8.57142857E-001, 3.00000000E+001
 4.20220000E+002, 6.48019515E+002, 6.37970725E-001, 1.34354575E+000, 3.50000000E+001, 8.57142857E-001, 3.00000000E+001
 4.35220000E+002, 6.47921747E+002, 7.33413803E-001, 1.16870293E+000, 3.50000000E+001, 8.57142857E-001, 3.00000000E+001
 4.50220000E+002, 6.47823489E+002, 4.30983395E-001, 1.98880715E+000, 3.50000000E+001, 8.57142857E-001, 3.00000000E+001
 4.65220000E+002, 6.47725231E+002, 4.80589220E-001, 1.78352494E+000, 3.50000000E+001, 8.57142857E-001, 3.00000000E+001
 4.80220000E+002, 6.47626973E+002, 5.66451340E-001, 1.51318003E+000, 3.50000000E+001, 8.57142857E-001, 3.00000000E+001
 4.95220000E+002, 6.47528715E+002, 6.60251943E-001, 1.29820573E+000, 3.50000000E+001, 8.57142857E-001, 3.00000000E+001
 5.10220000E+002, 6.47430456E+002, 4.33029271E-001, 1.97941089E+000, 3.50000000E+001, 8.57142857E-001, 3.00000000E+001
 5.25220000E+002, 6.47332198E+002, 4.72814507E-001, 1.81285228E+000, 3.50000000E+001, 8.57142857E-001, 3.00000000E+001
 5.40220000E+002, 6.47233940E+002, 4.49594552E-001, 1.90647963E+000, 3.50000000E+001, 8.57142857E-001, 3.00000000E+001
 5.55220000E+002, 6.47135682E+002, 5.26586215E-001, 1.62773508E+000, 3.50000000E+001, 8.57142857E-001, 3.00000000E+001
 5.70220000E+002, 6.47037424E+002, 6.17964960E-001, 1.38704120E+000, 3.50000000E+001, 8.57142857E-001, 3.00000000E+001
 5.83570000E+002, 6.46965797E+002, 6.81460765E-001, 1.25780221E+000, 3.50000000E+001, 8.57142857E-001, 3.00000000E+001
 5.98570000E+002, 6.46931201E+002, 6.94526308E-001, 1.23414023E+000, 3.50000000E+001, 8.57142857E-001, 3.00000000E+001
 6.13570000E+002, 6.46906327E+002, 6.95163600E-001, 1.23300883E+000, 3.50000000E+001, 8.57142857E-001, 3.00000000E+001
 6.28570000E+002, 6.46884493E+002, 6.91288011E-001, 1.23992148E+000, 3.50000000E+001, 8.57142857E-001, 3.00000000E+001
 6.43570000E+002, 6.46862660E+002, 6.86670569E-001, 1.24825920E+000, 3.50000000E+001, 8.57142857E-001, 3.00000000E+001
 6.58570000E+002, 6.46840826E+002, 6.81120155E-001, 1.25843120E+000, 3.50000000E+001, 8.57142857E-001, 3.00000000E+001
 6.73570000E+002, 6.46818993E+002, 6.74370199E-001, 1.27102719E+000, 3.50000000E+001, 8.57142857E-001, 3.00000000E+001
 6.88570000E+002, 6.46797159E+002, 6.66031106E-001, 1.28694118E+000, 3.50000000E+001, 8.57142857E-001, 3.00000000E+001
 7.03570000E+002, 6.46775325E+002, 6.55495312E-001, 1.30762622E+000, 3.50000000E+001, 8.57142857E-001, 3.00000000E+001
 7.18570000E+002, 6.46753492E+002, 6.41719479E-001, 1.33569712E+000, 3.50000000E+001, 8.57142857E-001, 3.00000000E+001
 7.33570000E+002, 6.46731658E+002, 4.90142632E-001, 1.74876210E+000, 3.50000000E+001, 8.57142857E-001, 3.00000000E+001
 7.41580000E+002, 6.46685259E+002, 4.52237849E-001, 1.89533640E+000, 3.50000000E+001, 8.57142857E-001, 3.00000000E+001
 7.56580000E+002, 6.46570820E+002, 4.64069335E-001, 1.91996931E+000, 3.36700760E+001, 8.90998880E-001, 3.00000000E+001
 7.71580000E+002, 6.46428622E+002, 4.76706307E-001, 1.94593487E+000, 3.23401520E+001, 9.27639425E-001, 3.00000000E+001
 7.86580000E+002, 6.46282937E+002, 4.90240258E-001, 1.97336462E+000, 3.10102270E+001, 9.67422780E-001, 3.00000000E+001
 8.01580000E+002, 6.46137251E+002, 5.04777571E-001, 2.00240940E+000, 2.96803030E+001, 1.01077135E+000, 3.00000000E+001
 8.16580000E+002, 6.45991565E+002, 5.20442822E-001, 2.03324336E+000, 2.83503790E+001, 1.05818691E+000, 3.00000000E+001
 8.31580000E+002, 6.45845880E+002, 5.37382885E-001, 2.06606874E+000, 2.70204550E+001, 1.11026998E+000, 3.00000000E+001
 8.46580000E+002, 6.45700194E+002, 5.79434939E-001, 2.01531767E+000, 2.56905300E+001, 1.16774547E+000, 3.00000000E+001
 8.61580000E+002, 6.45554508E+002, 7.46416221E-001, 1.64987901E+000, 2.43606060E+001, 1.23149646E+000, 3.00000000E+001
 8.77490000E+002, 6.45435637E+002, 8.67541014E-001, 1.50677550E+000, 2.29500000E+001, 1.30718954E+000, 3.00000000E+001
 8.92490000E+002, 6.45360201E+002, 9.35144210E-001, 1.39784808E+000, 2.29500000E+001, 1.30718954E+000, 3.00000000E+001
 9.07490000E+002, 6.45320406E+002, 9.59204619E-001, 1.36278487E+000, 2.29500000E+001, 1.30718954E+000, 3.00000000E+001
 9.22490000E+002, 6.45280611E+002, 9.84870381E-001, 1.32727064E+000, 2.29500000E+001, 1.30718954E+000, 3.00000000E+001
 9.37490000E+002, 6.45240816E+002, 1.01199343E+000, 1.29169765E+000, 2.29500000E+001, 1.30718954E+000, 3.00000000E+001
 9.52490000E+002, 6.45201022E+002, 1.04042834E+000, 1.25639555E+000, 2.29500000E+001, 1.30718954E+000, 3.00000000E+001
 9.67490000E+002, 6.45161227E+002, 1.07003690E+000, 1.22163033E+000, 2.29500000E+001, 1.30718954E+000, 3.00000000E+001
 9.83030000E+002, 6.45124143E+002, 1.09689440E+000, 1.19171867E+000, 2.29500000E+001, 1.30718954E+000, 3.00000000E+001
 9.98030000E+002, 6.45119681E+002, 1.08520016E+000, 1.23407082E+000, 2.24012020E+001, 1.33921385E+000, 3.00000000E+001
 1.01303000E+003, 6.45117127E+002, 1.06923565E+000, 1.28395145E+000, 2.18524040E+001, 1.37284667E+000, 3.00000000E+001
 1.02803000E+003, 6.45115690E+002, 1.04921266E+000, 1.34216099E+000, 2.13036060E+001, 1.40821230E+000, 3.00000000E+001
 1.04303000E+003, 6.45114254E+002, 1.02555943E+000, 1.40942413E+000, 2.07548080E+001, 1.44544821E+000, 3.00000000E+001
 1.05803000E+003, 6.45112817E+002, 9.96783967E-001, 1.48949705E+000, 2.02060100E+001, 1.48470678E+000, 3.00000000E+001
 1.07303000E+003, 6.45105666E+002, 9.69304422E-001, 1.57448722E+000, 1.96572120E+001, 1.52615742E+000, 3.00000000E+001
 1.08744000E+003, 6.45072030E+002, 6.76501799E-001, 2.31812755E+000, 1.91300000E+001, 1.56821746E+000, 3.00000000E+001
 1.10244000E+003, 6.44968270E+002, 6.79510393E-001, 2.32327652E+000, 1.90030910E+001, 1.57869054E+000, 3.00000000E+001
 1.11744000E+003, 6.44826522E+002, 6.82552663E-001, 2.32847154E+000, 1.88761820E+001, 1.58930445E+000, 3.00000000E+001
 1.13244000E+003, 6.44684773E+002, 6.85629214E-001, 2.33371334E+000, 1.87492730E+001, 1.60006204E+000, 3.00000000E+001
 1.14744000E+003, 6.44543025E+002, 6.88740694E-001, 2.33900270E+000, 1.86223630E+001, 1.61096634E+000, 3.00000000E+001
 1.16244000E+003, 6.44404360E+002, 6.95550973E-001, 2.33199329E+000, 1.84954540E+001, 1.62202020E+000, 3.00000000E+001
 1.17845000E+003, 6.44270977E+002, 8.42774305E-001, 1.93881911E+000, 1.83600000E+001, 1.63398693E+000, 3.00000000E+001
 1.19345000E+003, 6.44214054E+002, 8.65270015E-001, 1.84308285E+000, 1.88115570E+001, 1.59476432E+000, 3.00000000E+001
 1.20845000E+003, 6.44178113E+002, 8.53151379E-001, 1.82544453E+000, 1.92631150E+001, 1.55738052E+000, 3.00000000E+001
 1.22345000E+003, 6.44142171E+002, 8.41343790E-001, 1.80866529E+000, 1.97146720E+001, 1.52170931E+000, 3.00000000E+001
 1.23845000E+003, 6.44106230E+002, 8.29770014E-001, 1.79282873E+000, 2.01662300E+001, 1.48763552E+000, 3.00000000E+001
 1.25345000E+003, 6.44070288E+002, 8.18329719E-001, 1.77807830E+000, 2.06177870E+001, 1.45505432E+000, 3.00000000E+001
 1.26845000E+003, 6.44034347E+002, 8.06885654E-001, 1.76464865E+000, 2.10693440E+001, 1.42386968E+000, 3.00000000E+001
 1.28345000E+003, 6.43998405E+002, 7.95240468E-001, 1.75292087E+000, 2.15209020E+001, 1.39399362E+000, 3.00000000E+001
 1.29845000E+003, 6.43962464E+002, 7.83095269E-001, 1.74352425E+000, 2.19724590E+001, 1.36534559E+000, 3.00000000E+001
 1.31345000E+003, 6.43926523E+002, 7.69968378E-001, 1.73754056E+000, 2.24240170E+001, 1.33785129E+000, 3.00000000E+001
 1.32845000E+003, 6.43890581E+002, 7.55013226E-001, 1.73697951E+000, 2.28755740E+001, 1.31144250E+000, 3.00000000E+001
 1.34122000E+003, 6.43840599E+002, 5.93844122E-001, 2.17189628E+000, 2.32600000E+001, 1.28976784E+000, 3.00000000E+001
 1.35622000E+003, 6.43711575E+002, 5.94443778E-001, 2.17299258E+000, 2.32248130E+001, 1.29172192E+000, 3.00000000E+001
 1.37122000E+003, 6.43571642E+002, 5.95044966E-001, 2.17409113E+000, 2.31896250E+001, 1.29368198E+000, 3.00000000E+001
 1.38622000E+003, 6.43427497E+002, 5.95647660E-001, 2.17519187E+000, 2.31544380E+001, 1.29564794E+000, 3.00000000E+001
 1.40122000E+003, 6.43283352E+002, 5.96251882E-001, 2.17629484E+000, 2.31192510E+001, 1.29761989E+000, 3.00000000E+001
 1.41622000E+003, 6.43139207E+002, 5.96857638E-001, 2.17740005E+000, 2.30840640E+001, 1.29959785E+000, 3.00000000E+001
 1.43122000E+003, 6.42995062E+002, 6.74292083E-001, 1.93029392E+000, 2.30488760E+001, 1.30158191E+000, 3.00000000E+001
 1.44622000E+003, 6.42850917E+002, 8.34153333E-001, 1.56274862E+000, 2.30136890E+001, 1.30357197E+000, 3.00000000E+001
 1.46122000E+003, 6.42706772E+002, 9.87352931E-001, 1.32229124E+000, 2.29785020E+001, 1.30556813E+000, 3.00000000E+001
 1.47337000E+003, 6.42603893E+002, 1.09350226E+000, 1.19541549E+000, 2.29500000E+001, 1.30718954E+000, 3.00000000E+001
 1.48837000E+003, 6.42601943E+002, 1.07988777E+000, 1.19959691E+000, 2.31583330E+001, 1.29543003E+000, 3.00000000E+001
 1.50337000E+003, 6.42606103E+002, 1.05830664E+000, 1.21314570E+000, 2.33666670E+001, 1.28388015E+000, 3.00000000E+001
 1.51837000E+003, 6.42614155E+002, 1.03075402E+000, 1.23456657E+000, 2.35750000E+001, 1.27253446E+000, 3.00000000E+001
 1.53337000E+003, 6.42622207E+002, 1.00142898E+000, 1.25958762E+000, 2.37833330E+001, 1.26138754E+000, 3.00000000E+001
 1.54837000E+003, 6.42630258E+002, 9.69851638E-001, 1.28930458E+000, 2.39916670E+001, 1.25043416E+000, 3.00000000E+001
 1.56337000E+003, 6.42638310E+002, 9.35295801E-001, 1.32543033E+000, 2.42000000E+001, 1.23966942E+000, 3.00000000E+001
 1.57837000E+003, 6.42646362E+002, 8.96565491E-001, 1.37088529E+000, 2.44083330E+001, 1.22908844E+000, 3.00000000E+001
 1.59337000E+003, 6.42654414E+002, 8.51410303E-001, 1.43137393E+000, 2.46166670E+001, 1.21868651E+000, 3.00000000E+001
 1.60837000E+003, 6.42656394E+002, 8.05927988E-001, 1.49946302E+000, 2.48250000E+001, 1.20845921E+000, 3.00000000E+001
 1.62241000E+003, 6.42631811E+002, 5.81489773E-001, 2.06201523E+000, 2.50200000E+001, 1.19904077E+000, 3.00000000E+001
 1.63741000E+003, 6.42541644E+002, 5.50739260E-001, 2.09158669E+000, 2.60435000E+001, 1.15191890E+000, 3.00000000E+001
 1.65241000E+003, 6.42413328E+002, 5.36766632E-001, 2.06488375E+000, 2.70670010E+001, 1.10836069E+000, 3.00000000E+001
 1.66741000E+003, 6.42285011E+002, 5.23647795E-001, 2.03949427E+000, 2.80905010E+001, 1.06797668E+000, 3.00000000E+001
 1.68241000E+003, 6.42156695E+002, 5.11302215E-001, 2.01530920E+000, 2.91140010E+001, 1.03043206E+000, 3.00000000E+001
 1.69741000E+003, 6.42028379E+002, 5.94986527E-001, 1.67304210E+000, 3.01375020E+001, 9.95437512E-001, 3.00000000E+001
 1.71943000E+003, 6.41855248E+002, 7.72187583E-001, 1.22789708E+000, 3.16400000E+001, 9.48166877E-001, 3.00000000E+001
 1.73443000E+003, 6.41830520E+002, 7.77538713E-001, 1.20842321E+000, 3.19286220E+001, 9.39595827E-001, 3.00000000E+001
 1.74943000E+003, 6.41813308E+002, 7.73651990E-001, 1.20361397E+000, 3.22172440E+001, 9.31178347E-001, 3.00000000E+001
 1.76443000E+003, 6.41799961E+002, 7.64414665E-001, 1.20734254E+000, 3.25058660E+001, 9.22910345E-001, 3.00000000E+001
 1.77943000E+003, 6.41786615E+002, 7.54481929E-001, 1.21247155E+000, 3.27944880E+001, 9.14787875E-001, 3.00000000E+001
 1.79443000E+003, 6.41773268E+002, 7.43693419E-001, 1.21932924E+000, 3.30831100E+001, 9.06807129E-001, 3.00000000E+001
 1.80943000E+003, 6.41759921E+002, 7.31833804E-001, 1.22837238E+000, 3.33717320E+001, 8.98964429E-001, 3.00000000E+001
 1.82443000E+003, 6.41746575E+002, 7.18602707E-001, 1.24026283E+000, 3.36603540E+001, 8.91256224E-001, 3.00000000E+001
 1.83943000E+003, 6.41733228E+002, 7.03559528E-001, 1.25601182E+000, 3.39489760E+001, 8.83679084E-001, 3.00000000E+001
 1.85443000E+003, 6.41719882E+002, 6.86011427E-001, 1.27728148E+000, 3.42375980E+001, 8.76229693E-001, 3.00000000E+001
 1.86943000E+003, 6.41706535E+002, 6.64749766E-001, 1.30711569E+000, 3.45262200E+001, 8.68904850E-001, 3.00000000E+001
 1.88443000E+003, 6.41693188E+002, 6.37260724E-001, 1.35219608E+000, 3.48148420E+001, 8.61701455E-001, 3.00000000E+001
 1.89925000E+003, 6.41665415E+002, 4.82175811E-001, 1.77259173E+000, 3.51000000E+001, 8.54700855E-001, 3.00000000E+001
 1.91425000E+003, 6.41591514E+002, 5.02745109E-001, 1.62723705E+000, 3.66709850E+001, 8.18085470E-001, 3.00000000E+001
 1.92925000E+003, 6.41508778E+002, 4.31032090E-001, 1.81999998E+000, 3.82419710E+001, 7.84478394E-001, 3.00000000E+001
 1.94425000E+003, 6.41423161E+002, 4.72982579E-001, 1.59313172E+000, 3.98129560E+001, 7.53523551E-001, 3.00000000E+001
 1.95925000E+003, 6.41337545E+002, 4.09090253E-001, 1.77202676E+000, 4.13839410E+001, 7.24918876E-001, 3.00000000E+001
 1.97425000E+003, 6.41251928E+002, 4.46893699E-001, 1.56280232E+000, 4.29549260E+001, 6.98406511E-001, 3.00000000E+001
 1.98925000E+003, 6.41166311E+002, 3.92529140E-001, 1.71647123E+000, 4.45259120E+001, 6.73764975E-001, 3.00000000E+001
 2.00425000E+003, 6.41080694E+002, 4.36135917E-001, 1.49220232E+000, 4.60968970E+001, 6.50803025E-001, 3.00000000E+001
 2.01925000E+003, 6.40995078E+002, 3.74777726E-001, 1.67927425E+000, 4.76678820E+001, 6.29354583E-001, 3.00000000E+001
 2.03425000E+003, 6.40909461E+002, 4.14399927E-001, 1.47025794E+000, 4.92388670E+001, 6.09274783E-001, 3.00000000E+001
 2.04925000E+003, 6.40823844E+002, 3.61756151E-001, 1.63213994E+000, 5.08098530E+001, 5.90436662E-001, 3.00000000E+001
 2.06425000E+003, 6.40738227E+002, 3.81960571E-001, 1.49944410E+000, 5.23808380E+001, 5.72728523E-001, 3.00000000E+001
 2.07971000E+003, 6.40663757E+002, 4.08709736E-001, 1.35929122E+000, 5.40000000E+001, 5.55555556E-001, 3.00000000E+001
 2.09471000E+003, 6.40614635E+002, 4.08887849E-001, 1.24807202E+000, 5.87864730E+001, 5.10321482E-001, 3.00000000E+001
 2.10971000E+003, 6.40576562E+002, 3.94534280E-001, 1.19609085E+000, 6.35729470E+001, 4.71898841E-001, 3.00000000E+001
 2.12471000E+003, 6.40539847E+002, 3.79714081E-001, 1.15575607E+000, 6.83594200E+001, 4.38856854E-001, 3.00000000E+001
 2.13971000E+003, 6.40503131E+002, 3.66317943E-001, 1.11962635E+000, 7.31458940E+001, 4.10139221E-001, 3.00000000E+001
 2.15471000E+003, 6.40466415E+002, 3.54154922E-001, 1.08695135E+000, 7.79323670E+001, 3.84949170E-001, 3.00000000E+001
 2.16971000E+003, 6.40429700E+002, 3.43122361E-001, 1.05698249E+000, 8.27188410E+001, 3.62674327E-001, 3.00000000E+001
 2.18471000E+003, 6.40392984E+002, 3.33293270E-001, 1.02863260E+000, 8.75053140E+001, 3.42836322E-001, 3.00000000E+001
 2.19971000E+003, 6.40356268E+002, 3.25178041E-001, 9.99624725E-001, 9.22917870E+001, 3.25056010E-001, 3.00000000E+001
 2.21471000E+003, 6.40319553E+002, 3.20212709E-001, 9.65074193E-001, 9.70782610E+001, 3.09029021E-001, 3.00000000E+001
 2.23496000E+003, 6.40263968E+002, 2.70198687E-001, 1.07233347E+000, 1.03540000E+002, 2.89743094E-001, 3.00000000E+001
 2.24996000E+003, 6.40208440E+002, 2.59183260E-001, 1.04087953E+000, 1.11202318E+002, 2.69778549E-001, 3.00000000E+001
 2.26496000E+003, 6.40148621E+002, 2.89940166E-001, 8.70482825E-001, 1.18864636E+002, 2.52387935E-001, 3.00000000E+001
 2.27996000E+003, 6.40087942E+002, 3.38027620E-001, 7.01432710E-001, 1.26526954E+002, 2.37103629E-001, 3.00000000E+001
 2.29496000E+003, 6.40027263E+002, 3.92652352E-001, 5.69370884E-001, 1.34189272E+002, 2.23564817E-001, 3.00000000E+001
 2.30996000E+003, 6.39966585E+002, 4.50157509E-001, 4.69810315E-001, 1.41851590E+002, 2.11488641E-001, 3.00000000E+001
 2.32496000E+003, 6.39895500E+002, 5.19908800E-001, 3.85933513E-001, 1.49513908E+002, 2.00650230E-001, 3.00000000E+001
 2.33384000E+003, 6.39843056E+002, 1.62813041E-001, 1.19610791E+000, 1.54050000E+002, 1.94741967E-001, 3.00000000E+001
 2.34884000E+003, 6.39729821E+002, 2.69687663E-001, 6.83091789E-001, 1.62847505E+002, 1.84221428E-001, 3.00000000E+001
 2.36384000E+003, 6.39589677E+002, 4.10574889E-001, 4.27379068E-001, 1.70968312E+002, 1.75471113E-001, 3.00000000E+001
 2.37884000E+003, 6.39449534E+002, 5.51193622E-001, 3.05318823E-001, 1.78263936E+002, 1.68289788E-001, 3.00000000E+001
 2.39384000E+003, 6.39309390E+002, 6.91625028E-001, 2.34802559E-001, 1.84734380E+002, 1.62395327E-001, 3.00000000E+001
 2.40884000E+003, 6.39169247E+002, 8.31950622E-001, 1.89410129E-001, 1.90379641E+002, 1.57579875E-001, 3.00000000E+001
 2.42384000E+003, 6.39029104E+002, 9.72215173E-001, 1.58080997E-001, 1.95199721E+002, 1.53688744E-001, 3.00000000E+001
 2.43338000E+003, 6.38961846E+002, 1.03949155E+000, 1.45879741E-001, 1.97835994E+002, 1.51640758E-001, 3.00000000E+001
 2.44838000E+003, 6.38952683E+002, 1.04848358E+000, 1.45340408E-001, 1.96867147E+002, 1.52387031E-001, 3.00000000E+001
 2.46338000E+003, 6.38954780E+002, 1.04618786E+000, 1.47357702E-001, 1.94598164E+002, 1.54163839E-001, 3.00000000E+001
 2.47838000E+003, 6.38962169E+002, 1.03857478E+000, 1.51211242E-001, 1.91029044E+002, 1.57044182E-001, 3.00000000E+001
 2.49338000E+003, 6.38969558E+002, 1.03094392E+000, 1.56314887E-001, 1.86159787E+002, 1.61151882E-001, 3.00000000E+001
 2.50838000E+003, 6.38976948E+002, 1.02327590E+000, 1.66995639E-001, 1.75559114E+002, 1.70882612E-001, 3.00000000E+001
 2.52338000E+003, 6.38976828E+002, 1.02308878E+000, 1.81937073E-001, 1.61170936E+002, 1.86137779E-001, 3.00000000E+001
 2.53488000E+003, 6.38956314E+002, 1.04342215E+000, 1.91498242E-001, 1.50140000E+002, 1.99813507E-001, 3.00000000E+001
 2.54988000E+003, 6.38895921E+002, 1.10370908E+000, 1.93680091E-001, 1.40340060E+002, 2.13766476E-001, 3.00000000E+001
 2.56488000E+003, 6.38801865E+002, 1.19778192E+000, 1.91866650E-001, 1.30540120E+002, 2.29814405E-001, 3.00000000E+001
 2.57988000E+003, 6.38707809E+002, 1.29185906E+000, 1.92333219E-001, 1.20740180E+002, 2.48467412E-001, 3.00000000E+001
 2.59488000E+003, 6.38613753E+002, 1.38593987E+000, 1.95113703E-001, 1.10940238E+002, 2.70415861E-001, 3.00000000E+001
 2.60988000E+003, 6.38519697E+002, 1.48002422E+000, 2.00414068E-001, 1.01140298E+002, 2.96617675E-001, 3.00000000E+001
 2.62488000E+003, 6.38425641E+002, 1.57411236E+000, 2.08652127E-001, 9.13403580E+001, 3.28441892E-001, 3.00000000E+001
 2.63535000E+003, 6.38360693E+002, 1.63908261E+000, 2.16602619E-001, 8.45000000E+001, 3.55029586E-001, 3.00000000E+001
 2.65035000E+003, 6.38269443E+002, 1.73035846E+000, 2.02014708E-001, 8.58227020E+001, 3.49557859E-001, 3.00000000E+001
 2.66535000E+003, 6.38178627E+002, 1.82119715E+000, 1.89025243E-001, 8.71454040E+001, 3.44252234E-001, 3.00000000E+001
 2.68035000E+003, 6.38087945E+002, 1.91189960E+000, 1.77365621E-001, 8.84681060E+001, 3.39105259E-001, 3.00000000E+001
 2.69535000E+003, 6.37997263E+002, 2.00260034E+000, 1.66838048E-001, 8.97908060E+001, 3.34109931E-001, 3.00000000E+001
 2.71035000E+003, 6.37906581E+002, 2.09329945E+000, 1.57292179E-001, 9.11135080E+001, 3.29259631E-001, 3.00000000E+001
 2.73129000E+003, 6.37788640E+002, 2.21125394E+000, 1.45944092E-001, 9.29600000E+001, 3.22719449E-001, 3.00000000E+001
 2.74629000E+003, 6.37712661E+002, 2.28723468E+000, 1.40135840E-001, 9.35968660E+001, 3.20523553E-001, 3.00000000E+001
 2.76129000E+003, 6.37645329E+002, 2.35456141E+000, 1.35208767E-001, 9.42337300E+001, 3.18357344E-001, 3.00000000E+001
 2.77629000E+003, 6.37577997E+002, 2.42188904E+000, 1.30567589E-001, 9.48705960E+001, 3.16220212E-001, 3.00000000E+001
 2.79129000E+003, 6.37510665E+002, 2.48921742E+000, 1.26188892E-001, 9.55074600E+001, 3.14111589E-001, 3.00000000E+001
 2.80629000E+003, 6.37443333E+002, 2.55654643E+000, 1.22051722E-001, 9.61443260E+001, 3.12030894E-001, 3.00000000E+001
 2.82129000E+003, 6.37376001E+002, 2.62387597E+000, 1.18137285E-001, 9.67811920E+001, 3.09977583E-001, 3.00000000E+001
 2.83822000E+003, 6.37281628E+002, 2.71825649E+000, 1.13194729E-001, 9.75000000E+001, 3.07692308E-001, 3.00000000E+001
 2.85322000E+003, 6.37167698E+002, 2.83220565E+000, 1.09508347E-001, 9.67273400E+001, 3.10150160E-001, 3.00000000E+001
 2.86822000E+003, 6.37038492E+002, 2.96143395E+000, 1.05573044E-001, 9.59546800E+001, 3.12647596E-001, 3.00000000E+001
 2.88322000E+003, 6.36907732E+002, 3.09221519E+000, 1.01928734E-001, 9.51820200E+001, 3.15185578E-001, 3.00000000E+001
 2.89822000E+003, 6.36776972E+002, 3.22299445E+000, 9.85931255E-002, 9.44093620E+001, 3.17765096E-001, 3.00000000E+001
 2.91322000E+003, 6.36646213E+002, 3.35377200E+000, 9.55304034E-002, 9.36367020E+001, 3.20387192E-001, 3.00000000E+001
 2.92822000E+003, 6.36526656E+002, 3.47334165E+000, 9.30092554E-002, 9.28640420E+001, 3.23052921E-001, 3.00000000E+001
 2.93917000E+003, 6.36449486E+002, 3.55051891E+000, 9.15435444E-002, 9.23000000E+001, 3.25027086E-001, 3.00000000E+001
 2.95417000E+003, 6.36409566E+002, 3.59043178E+000, 9.29669055E-002, 8.98765100E+001, 3.33791332E-001, 3.00000000E+001
 2.96917000E+003, 6.36399133E+002, 3.60085067E+000, 9.52667462E-002, 8.74530200E+001, 3.43041327E-001, 3.00000000E+001
 2.98417000E+003, 6.36388700E+002, 3.61126881E+000, 9.76993443E-002, 8.50295320E+001, 3.52818595E-001, 3.00000000E+001
 2.99917000E+003, 6.36378266E+002, 3.62168614E+000, 1.00276376E-001, 8.26060420E+001, 3.63169561E-001, 3.00000000E+001
 3.01417000E+003, 6.36367833E+002, 3.63210258E+000, 1.03010922E-001, 8.01825520E+001, 3.74146236E-001, 3.00000000E+001
 3.02917000E+003, 6.36357400E+002, 3.64251804E+000, 1.05917697E-001, 7.77590620E+001, 3.85807123E-001, 3.00000000E+001
 3.03981000E+003, 6.36331143E+002, 3.66876805E+000, 1.07537241E-001, 7.60400000E+001, 3.94529195E-001, 3.00000000E+001
 3.05481000E+003, 6.36279063E+002, 3.72084338E+000, 1.04075393E-001, 7.74696880E+001, 3.87248236E-001, 3.00000000E+001
 3.06981000E+003, 6.36209372E+002, 3.79053504E+000, 1.00310679E-001, 7.88993760E+001, 3.80231144E-001, 3.00000000E+001
 3.08481000E+003, 6.36139061E+002, 3.86084681E+000, 9.67310694E-002, 8.03290620E+001, 3.73463841E-001, 3.00000000E+001
 3.09981000E+003, 6.36068751E+002, 3.93115858E+000, 9.33397102E-002, 8.17587500E+001, 3.66933203E-001, 3.00000000E+001
 3.11481000E+003, 6.35998440E+002, 4.00147035E+000, 9.01236311E-002, 8.31884380E+001, 3.60627038E-001, 3.00000000E+001
 3.12981000E+003, 6.35923701E+002, 4.07621085E+000, 8.69763565E-002, 8.46181260E+001, 3.54533968E-001, 3.00000000E+001
 3.14221000E+003, 6.35858339E+002, 4.14157514E+000, 8.44244852E-002, 8.58000000E+001, 3.49650350E-001, 3.00000000E+001
 3.15721000E+003, 6.35715357E+002, 4.28456979E+000, 8.22121747E-002, 8.51682840E+001, 3.52243800E-001, 3.00000000E+001
 3.17221000E+003, 6.35560702E+002, 4.43923839E+000, 7.99407438E-002, 8.45365660E+001, 3.54876019E-001, 3.00000000E+001
 3.18721000E+003, 6.35406047E+002, 4.59390593E+000, 7.78309071E-002, 8.39048500E+001, 3.57547865E-001, 3.00000000E+001
 3.20221000E+003, 6.35251391E+002, 4.74857251E+000, 7.58670647E-002, 8.32731320E+001, 3.60260258E-001, 3.00000000E+001
 3.21721000E+003, 6.35096736E+002, 4.90323825E+000, 7.40355844E-002, 8.26414160E+001, 3.63014109E-001, 3.00000000E+001
 3.23221000E+003, 6.34942081E+002, 5.05790324E+000, 7.23245142E-002, 8.20096980E+001, 3.65810395E-001, 3.00000000E+001
 3.24721000E+003, 6.34787425E+002, 5.21256756E+000, 7.07233203E-002, 8.13779820E+001, 3.68650085E-001, 3.00000000E+001
 3.25666000E+003, 6.34693343E+002, 5.30665534E+000, 6.98107978E-002, 8.09800000E+001, 3.70461842E-001, 3.00000000E+001
 3.27166000E+003, 6.34619031E+002, 5.38096794E+000, 7.02176354E-002, 7.93989300E+001, 3.77838845E-001, 3.00000000E+001
 3.28666000E+003, 6.34546005E+002, 5.45399542E+000, 7.06849884E-002, 7.78178620E+001, 3.85515603E-001, 3.00000000E+001
 3.30166000E+003, 6.34474009E+002, 5.52599217E+000, 7.12108839E-002, 7.62367920E+001, 3.93510787E-001, 3.00000000E+001
 3.31666000E+003, 6.34402013E+002, 5.59798892E+000, 7.17837464E-002, 7.46557220E+001, 4.01844617E-001, 3.00000000E+001
 3.33166000E+003, 6.34330017E+002, 5.66998566E+000, 7.24056636E-002, 7.30746520E+001, 4.10539074E-001, 3.00000000E+001
 3.34666000E+003, 6.34259990E+002, 5.74001363E+000, 7.31040204E-002, 7.14935840E+001, 4.19618074E-001, 3.00000000E+001
 3.36083000E+003, 6.34211635E+002, 5.78836726E+000, 7.40401237E-002, 7.00000000E+001, 4.28571429E-001, 3.00000000E+001
 3.37583000E+003, 6.34187159E+002, 5.81283943E+000, 7.60303047E-002, 6.78806820E+001, 4.41951953E-001, 3.00000000E+001
 3.39083000E+003, 6.34184318E+002, 5.81567397E+000, 7.84423129E-002, 6.57613640E+001, 4.56194917E-001, 3.00000000E+001
 3.40583000E+003, 6.34181477E+002, 5.81850803E+000, 8.10150088E-002, 6.36420460E+001, 4.71386479E-001, 3.00000000E+001
 3.42083000E+003, 6.34178636E+002, 5.82134155E+000, 8.37649993E-002, 6.15227280E+001, 4.87624671E-001, 3.00000000E+001
 3.43583000E+003, 6.34175795E+002, 5.82417448E+000, 8.67112610E-002, 5.94034100E+001, 5.05021513E-001, 3.00000000E+001
 3.45083000E+003, 6.34172954E+002, 5.82700673E+000, 8.98755823E-002, 5.72840900E+001, 5.23705622E-001, 3.00000000E+001
 3.46643000E+003, 6.34139465E+002, 5.86049018E+000, 9.29380125E-002, 5.50800000E+001, 5.44662309E-001, 3.00000000E+001
 3.48143000E+003, 6.34083562E+002, 5.91639188E+000, 8.73255904E-002, 5.80661180E+001, 5.16652413E-001, 3.00000000E+001
 3.49643000E+003, 6.33997152E+002, 6.00280485E+000, 8.18588154E-002, 6.10522360E+001, 4.91382494E-001, 3.00000000E+001
 3.51143000E+003, 6.33910741E+002, 6.08921757E+000, 7.69342283E-002, 6.40383540E+001, 4.68469255E-001, 3.00000000E+001
 3.52643000E+003, 6.33824331E+002, 6.17563008E+000, 7.24780654E-002, 6.70244700E+001, 4.47597721E-001, 3.00000000E+001
 3.54143000E+003, 6.33737920E+002, 6.26204238E+000, 6.84292101E-002, 7.00105880E+001, 4.28506614E-001, 3.00000000E+001
 3.55643000E+003, 6.33651510E+002, 6.34845451E+000, 6.47366139E-002, 7.29967060E+001, 4.10977449E-001, 3.00000000E+001
 3.57232000E+003, 6.33564214E+002, 6.43575168E+000, 6.12061469E-002, 7.61600000E+001, 3.93907563E-001, 3.00000000E+001
 3.58732000E+003, 6.33493463E+002, 6.50650306E+000, 6.03925391E-002, 7.63467100E+001, 3.92944241E-001, 3.00000000E+001
 3.60232000E+003, 6.33425444E+002, 6.57452292E+000, 5.96219092E-002, 7.65334220E+001, 3.91985609E-001, 3.00000000E+001
 3.61732000E+003, 6.33358177E+002, 6.64179063E+000, 5.88744322E-002, 7.67201320E+001, 3.91031653E-001, 3.00000000E+001
 3.63232000E+003, 6.33290909E+002, 6.70905834E+000, 5.81426348E-002, 7.69068420E+001, 3.90082328E-001, 3.00000000E+001
 3.64732000E+003, 6.33223642E+002, 6.77632603E+000, 5.74260449E-002, 7.70935520E+001, 3.89137603E-001, 3.00000000E+001
 3.66232000E+003, 6.33156374E+002, 6.84359372E+000, 5.67242077E-002, 7.72802640E+001, 3.88197432E-001, 3.00000000E+001
 3.68158000E+003, 6.33073598E+002, 6.92637034E+000, 5.58729732E-002, 7.75200000E+001, 3.86996904E-001, 3.00000000E+001
 3.69658000E+003, 6.33036042E+002, 6.96392606E+000, 5.01905552E-002, 8.58311840E+001, 3.49523315E-001, 3.00000000E+001
 3.71158000E+003, 6.33000155E+002, 6.99981183E+000, 4.55249808E-002, 9.41423680E+001, 3.18666299E-001, 3.00000000E+001
 3.72658000E+003, 6.32965232E+002, 7.03473452E+000, 4.16242589E-002, 1.02453554E+002, 2.92815611E-001, 3.00000000E+001
 3.74158000E+003, 6.32930309E+002, 7.06965731E+000, 3.83108129E-002, 1.10764738E+002, 2.70844319E-001, 3.00000000E+001
 3.75658000E+003, 6.32895385E+002, 7.10458018E+000, 3.54616453E-002, 1.19075922E+002, 2.51940103E-001, 3.00000000E+001
 3.77158000E+003, 6.32860443E+002, 7.13952207E+000, 3.29857712E-002, 1.27387106E+002, 2.35502642E-001, 3.00000000E+001
 3.78467000E+003, 6.32829872E+002, 7.17009336E+000, 3.10758017E-002, 1.34640000E+002, 2.22816399E-001, 3.00000000E+001
 3.79967000E+003, 6.32794694E+002, 7.20527034E+000, 3.09240859E-002, 1.34640000E+002, 2.22816399E-001, 3.00000000E+001
 3.81467000E+003, 6.32759403E+002, 7.24056132E+000, 3.07733599E-002, 1.34640000E+002, 2.22816399E-001, 3.00000000E+001
 3.82967000E+003, 6.32724112E+002, 7.27585230E+000, 3.06240960E-002, 1.34640000E+002, 2.22816399E-001, 3.00000000E+001
 3.84467000E+003, 6.32688821E+002, 7.31114329E+000, 3.04762731E-002, 1.34640000E+002, 2.22816399E-001, 3.00000000E+001
 3.85967000E+003, 6.32653530E+002, 7.34643428E+000, 3.03298704E-002, 1.34640000E+002, 2.22816399E-001, 3.00000000E+001
 3.87467000E+003, 6.32618238E+002, 7.38172527E+000, 3.01848675E-002, 1.34640000E+002, 2.22816399E-001, 3.00000000E+001
 3.89518000E+003, 6.32540045E+002, 7.45991827E+000, 2.98684773E-002, 1.34640000E+002, 2.22816399E-001, 3.00000000E+001
 3.91018000E+003, 6.32445105E+002, 7.55485872E+000, 3.18450605E-002, 1.24696088E+002, 2.40584933E-001, 3.00000000E+001
 3.92518000E+003, 6.32320270E+002, 7.67969569E+000, 3.40420977E-002, 1.14752176E+002, 2.61432951E-001, 3.00000000E+001
 3.94018000E+003, 6.32195434E+002, 7.80453280E+000, 3.66757342E-002, 1.04808264E+002, 2.86236971E-001, 3.00000000E+001
 3.95045000E+003, 6.31997636E+002, 8.00233329E+000, 3.82541489E-002, 9.80000000E+001, 3.06122449E-001, 3.00000000E+001
 3.96545000E+003, 6.31323200E+002, 8.67678081E+000, 3.90186955E-002, 8.86114580E+001, 3.38556668E-001, 3.00000000E+001
 3.98045000E+003, 6.30586014E+002, 9.41397851E+000, 4.02251079E-002, 7.92229180E+001, 3.78678301E-001, 3.00000000E+001
 3.99199000E+003, 6.30000000E+002, 1.00000020E+001, 4.16666585E-002, 7.20000000E+001, 4.16666667E-001, 3.00000000E+001
 4.00000000E+003, 6.30000000E+002, 1.00000014E+001, 4.16666608E-002, 7.20000000E+001, 4.16666667E-001, 3.00000000E+001
 4.01000000E+003, 6.30000000E+002, 1.00000007E+001, 4.16666638E-002, 7.20000000E+001, 4.16666667E-001, 3.00000000E+001
