   20.005999999999478      ,         100
X,ZB,H,U,T1
 5.00000000E-002, 0.00000000E+000, 1.00000000E+000, 1.00000000E-001, 2.40842567E-003
 1.50000000E-001, 0.00000000E+000, 1.00000000E+000, 1.00000000E-001, 1.40458741E-003
 2.50000000E-001, 0.00000000E+000, 1.00000000E+000, 1.00000000E-001, 8.01801388E-004
 3.50000000E-001, 0.00000000E+000, 1.00000000E+000, 1.00000000E-001, 4.48201603E-004
 4.50000000E-001, 0.00000000E+000, 1.00000000E+000, 1.00000000E-001, 2.45468264E-004
 5.50000000E-001, 0.00000000E+000, 1.00000000E+000, 1.00000000E-001, 1.31847369E-004
 6.50000000E-001, 0.00000000E+000, 1.00000000E+000, 1.00000000E-001, 6.96922031E-005
 7.50000000E-001, 0.00000000E+000, 1.00000000E+000, 1.00000000E-001, 3.67863957E-005
 8.50000000E-001, 0.00000000E+000, 1.00000000E+000, 1.00000000E-001, 2.06150432E-005
 9.50000000E-001, 0.00000000E+000, 1.00000000E+000, 1.00000000E-001, 1.48459556E-005
 1.05000000E+000, 0.00000000E+000, 1.00000000E+000, 1.00000000E-001, 1.74735683E-005
 1.15000000E+000, 0.00000000E+000, 1.00000000E+000, 1.00000000E-001, 3.03061429E-005
 1.25000000E+000, 0.00000000E+000, 1.00000000E+000, 1.00000000E-001, 5.97139026E-005
 1.35000000E+000, 0.00000000E+000, 1.00000000E+000, 1.00000000E-001, 1.18788150E-004
 1.45000000E+000, 0.00000000E+000, 1.00000000E+000, 1.00000000E-001, 2.31276635E-004
 1.55000000E+000, 0.00000000E+000, 1.00000000E+000, 1.00000000E-001, 4.37833806E-004
 1.65000000E+000, 0.00000000E+000, 1.00000000E+000, 1.00000000E-001, 8.05209355E-004
 1.75000000E+000, 0.00000000E+000, 1.00000000E+000, 1.00000000E-001, 1.43892211E-003
 1.85000000E+000, 0.00000000E+000, 1.00000000E+000, 1.00000000E-001, 2.49963690E-003
 1.95000000E+000, 0.00000000E+000, 1.00000000E+000, 1.00000000E-001, 4.22278916E-003
 2.05000000E+000, 0.00000000E+000, 1.00000000E+000, 1.00000000E-001, 6.93993320E-003
 2.15000000E+000, 0.00000000E+000, 1.00000000E+000, 1.00000000E-001, 1.10988604E-002
 2.25000000E+000, 0.00000000E+000, 1.00000000E+000, 1.00000000E-001, 1.72779144E-002
 2.35000000E+000, 0.00000000E+000, 1.00000000E+000, 1.00000000E-001, 2.61884589E-002
 2.45000000E+000, 0.00000000E+000, 1.00000000E+000, 1.00000000E-001, 3.86586241E-002
 2.55000000E+000, 0.00000000E+000, 1.00000000E+000, 1.00000000E-001, 5.55918318E-002
 2.65000000E+000, 0.00000000E+000, 1.00000000E+000, 1.00000000E-001, 7.78956824E-002
 2.75000000E+000, 0.00000000E+000, 1.00000000E+000, 1.00000000E-001, 1.06380808E-001
 2.85000000E+000, 0.00000000E+000, 1.00000000E+000, 1.00000000E-001, 1.41635045E-001
 2.95000000E+000, 0.00000000E+000, 1.00000000E+000, 1.00000000E-001, 1.83884987E-001
 3.05000000E+000, 0.00000000E+000, 1.00000000E+000, 1.00000000E-001, 2.32863292E-001
 3.15000000E+000, 0.00000000E+000, 1.00000000E+000, 1.00000000E-001, 2.87704473E-001
 3.25000000E+000, 0.00000000E+000, 1.00000000E+000, 1.00000000E-001, 3.46892615E-001
 3.35000000E+000, 0.00000000E+000, 1.00000000E+000, 1.00000000E-001, 4.08280585E-001
 3.45000000E+000, 0.00000000E+000, 1.00000000E+000, 1.00000000E-001, 4.69191609E-001
 3.55000000E+000, 0.00000000E+000, 1.00000000E+000, 1.00000000E-001, 5.26601753E-001
 3.65000000E+000, 0.00000000E+000, 1.00000000E+000, 1.00000000E-001, 5.77387870E-001
 3.75000000E+000, 0.00000000E+000, 1.00000000E+000, 1.00000000E-001, 6.18612869E-001
 3.85000000E+000, 0.00000000E+000, 1.00000000E+000, 1.00000000E-001, 6.47811484E-001
 3.95000000E+000, 0.00000000E+000, 1.00000000E+000, 1.00000000E-001, 6.63237255E-001
 4.05000000E+000, 0.00000000E+000, 1.00000000E+000, 1.00000000E-001, 6.64035916E-001
 4.15000000E+000, 0.00000000E+000, 1.00000000E+000, 1.00000000E-001, 6.50321294E-001
 4.25000000E+000, 0.00000000E+000, 1.00000000E+000, 1.00000000E-001, 6.23144795E-001
 4.35000000E+000, 0.00000000E+000, 1.00000000E+000, 1.00000000E-001, 5.84365902E-001
 4.45000000E+000, 0.00000000E+000, 1.00000000E+000, 1.00000000E-001, 5.36445418E-001
 4.55000000E+000, 0.00000000E+000, 1.00000000E+000, 1.00000000E-001, 4.82193145E-001
 4.65000000E+000, 0.00000000E+000, 1.00000000E+000, 1.00000000E-001, 4.24505819E-001
 4.75000000E+000, 0.00000000E+000, 1.00000000E+000, 1.00000000E-001, 3.66129456E-001
 4.85000000E+000, 0.00000000E+000, 1.00000000E+000, 1.00000000E-001, 3.09474057E-001
 4.95000000E+000, 0.00000000E+000, 1.00000000E+000, 1.00000000E-001, 2.56499550E-001
 5.05000000E+000, 0.00000000E+000, 1.00000000E+000, 1.00000000E-001, 2.08681719E-001
 5.15000000E+000, 0.00000000E+000, 1.00000000E+000, 1.00000000E-001, 1.67056382E-001
 5.25000000E+000, 0.00000000E+000, 1.00000000E+000, 1.00000000E-001, 1.32329517E-001
 5.35000000E+000, 0.00000000E+000, 1.00000000E+000, 1.00000000E-001, 1.05030057E-001
 5.45000000E+000, 0.00000000E+000, 1.00000000E+000, 1.00000000E-001, 8.56717213E-002
 5.55000000E+000, 0.00000000E+000, 1.00000000E+000, 1.00000000E-001, 7.48830759E-002
 5.65000000E+000, 0.00000000E+000, 1.00000000E+000, 1.00000000E-001, 7.34652229E-002
 5.75000000E+000, 0.00000000E+000, 1.00000000E+000, 1.00000000E-001, 8.23479588E-002
 5.85000000E+000, 0.00000000E+000, 1.00000000E+000, 1.00000000E-001, 1.02438465E-001
 5.95000000E+000, 0.00000000E+000, 1.00000000E+000, 1.00000000E-001, 1.34387248E-001
 6.05000000E+000, 0.00000000E+000, 1.00000000E+000, 1.00000000E-001, 1.78324928E-001
 6.15000000E+000, 0.00000000E+000, 1.00000000E+000, 1.00000000E-001, 2.33639867E-001
 6.25000000E+000, 0.00000000E+000, 1.00000000E+000, 1.00000000E-001, 2.98862994E-001
 6.35000000E+000, 0.00000000E+000, 1.00000000E+000, 1.00000000E-001, 3.71701839E-001
 6.45000000E+000, 0.00000000E+000, 1.00000000E+000, 1.00000000E-001, 4.49227781E-001
 6.55000000E+000, 0.00000000E+000, 1.00000000E+000, 1.00000000E-001, 5.28181108E-001
 6.65000000E+000, 0.00000000E+000, 1.00000000E+000, 1.00000000E-001, 6.05329852E-001
 6.75000000E+000, 0.00000000E+000, 1.00000000E+000, 1.00000000E-001, 6.77808429E-001
 6.85000000E+000, 0.00000000E+000, 1.00000000E+000, 1.00000000E-001, 7.43371597E-001
 6.95000000E+000, 0.00000000E+000, 1.00000000E+000, 1.00000000E-001, 8.00522860E-001
 7.05000000E+000, 0.00000000E+000, 1.00000000E+000, 1.00000000E-001, 8.48505643E-001
 7.15000000E+000, 0.00000000E+000, 1.00000000E+000, 1.00000000E-001, 8.87172521E-001
 7.25000000E+000, 0.00000000E+000, 1.00000000E+000, 1.00000000E-001, 9.16767845E-001
 7.35000000E+000, 0.00000000E+000, 1.00000000E+000, 1.00000000E-001, 9.37671228E-001
 7.45000000E+000, 0.00000000E+000, 1.00000000E+000, 1.00000000E-001, 9.50154278E-001
 7.55000000E+000, 0.00000000E+000, 1.00000000E+000, 1.00000000E-001, 9.54201295E-001
 7.65000000E+000, 0.00000000E+000, 1.00000000E+000, 1.00000000E-001, 9.49435528E-001
 7.75000000E+000, 0.00000000E+000, 1.00000000E+000, 1.00000000E-001, 9.35174408E-001
 7.85000000E+000, 0.00000000E+000, 1.00000000E+000, 1.00000000E-001, 9.10610458E-001
 7.95000000E+000, 0.00000000E+000, 1.00000000E+000, 1.00000000E-001, 8.75083439E-001
 8.05000000E+000, 0.00000000E+000, 1.00000000E+000, 1.00000000E-001, 8.28382007E-001
 8.15000000E+000, 0.00000000E+000, 1.00000000E+000, 1.00000000E-001, 7.70999453E-001
 8.25000000E+000, 0.00000000E+000, 1.00000000E+000, 1.00000000E-001, 7.04274425E-001
 8.35000000E+000, 0.00000000E+000, 1.00000000E+000, 1.00000000E-001, 6.30374101E-001
 8.45000000E+000, 0.00000000E+000, 1.00000000E+000, 1.00000000E-001, 5.52116659E-001
 8.55000000E+000, 0.00000000E+000, 1.00000000E+000, 1.00000000E-001, 4.72669885E-001
 8.65000000E+000, 0.00000000E+000, 1.00000000E+000, 1.00000000E-001, 3.95191183E-001
 8.75000000E+000, 0.00000000E+000, 1.00000000E+000, 1.00000000E-001, 3.22483356E-001
 8.85000000E+000, 0.00000000E+000, 1.00000000E+000, 1.00000000E-001, 2.56729627E-001
 8.95000000E+000, 0.00000000E+000, 1.00000000E+000, 1.00000000E-001, 1.99346166E-001
 9.05000000E+000, 0.00000000E+000, 1.00000000E+000, 1.00000000E-001, 1.50959962E-001
 9.15000000E+000, 0.00000000E+000, 1.00000000E+000, 1.00000000E-001, 1.11493389E-001
 9.25000000E+000, 0.00000000E+000, 1.00000000E+000, 1.00000000E-001, 8.03200198E-002
 9.35000000E+000, 0.00000000E+000, 1.00000000E+000, 1.00000000E-001, 5.64512320E-002
 9.45000000E+000, 0.00000000E+000, 1.00000000E+000, 1.00000000E-001, 3.87179017E-002
 9.55000000E+000, 0.00000000E+000, 1.00000000E+000, 1.00000000E-001, 2.59222651E-002
 9.65000000E+000, 0.00000000E+000, 1.00000000E+000, 1.00000000E-001, 1.69475094E-002
 9.75000000E+000, 0.00000000E+000, 1.00000000E+000, 1.00000000E-001, 1.08235634E-002
 9.85000000E+000, 0.00000000E+000, 1.00000000E+000, 1.00000000E-001, 6.75492931E-003
 9.95000000E+000, 0.00000000E+000, 1.00000000E+000, 1.00000000E-001, 4.11750997E-003
