   20.020000000000042      ,         100
X,ZB,H,U,T1
 5.00000000E-002, 0.00000000E+000, 1.00000000E+000, 1.00000000E-001, 2.55440396E-002
 1.50000000E-001, 0.00000000E+000, 1.00000000E+000, 1.00000000E-001, 1.84481457E-002
 2.50000000E-001, 0.00000000E+000, 1.00000000E+000, 1.00000000E-001, 1.31570205E-002
 3.50000000E-001, 0.00000000E+000, 1.00000000E+000, 1.00000000E-001, 9.26815885E-003
 4.50000000E-001, 0.00000000E+000, 1.00000000E+000, 1.00000000E-001, 6.45037987E-003
 5.50000000E-001, 0.00000000E+000, 1.00000000E+000, 1.00000000E-001, 4.43670146E-003
 6.50000000E-001, 0.00000000E+000, 1.00000000E+000, 1.00000000E-001, 3.01688069E-003
 7.50000000E-001, 0.00000000E+000, 1.00000000E+000, 1.00000000E-001, 2.02893592E-003
 8.50000000E-001, 0.00000000E+000, 1.00000000E+000, 1.00000000E-001, 1.35067747E-003
 9.50000000E-001, 0.00000000E+000, 1.00000000E+000, 1.00000000E-001, 8.91939028E-004
 1.05000000E+000, 0.00000000E+000, 1.00000000E+000, 1.00000000E-001, 5.87939934E-004
 1.15000000E+000, 0.00000000E+000, 1.00000000E+000, 1.00000000E-001, 3.94033345E-004
 1.25000000E+000, 0.00000000E+000, 1.00000000E+000, 1.00000000E-001, 2.82002175E-004
 1.35000000E+000, 0.00000000E+000, 1.00000000E+000, 1.00000000E-001, 2.38042722E-004
 1.45000000E+000, 0.00000000E+000, 1.00000000E+000, 1.00000000E-001, 2.62601745E-004
 1.55000000E+000, 0.00000000E+000, 1.00000000E+000, 1.00000000E-001, 3.72276875E-004
 1.65000000E+000, 0.00000000E+000, 1.00000000E+000, 1.00000000E-001, 6.04012363E-004
 1.75000000E+000, 0.00000000E+000, 1.00000000E+000, 1.00000000E-001, 1.02177429E-003
 1.85000000E+000, 0.00000000E+000, 1.00000000E+000, 1.00000000E-001, 1.72571973E-003
 1.95000000E+000, 0.00000000E+000, 1.00000000E+000, 1.00000000E-001, 2.86353796E-003
 2.05000000E+000, 0.00000000E+000, 1.00000000E+000, 1.00000000E-001, 4.64311696E-003
 2.15000000E+000, 0.00000000E+000, 1.00000000E+000, 1.00000000E-001, 7.34499461E-003
 2.25000000E+000, 0.00000000E+000, 1.00000000E+000, 1.00000000E-001, 1.13322727E-002
 2.35000000E+000, 0.00000000E+000, 1.00000000E+000, 1.00000000E-001, 1.70549509E-002
 2.45000000E+000, 0.00000000E+000, 1.00000000E+000, 1.00000000E-001, 2.50451879E-002
 2.55000000E+000, 0.00000000E+000, 1.00000000E+000, 1.00000000E-001, 3.59000481E-002
 2.65000000E+000, 0.00000000E+000, 1.00000000E+000, 1.00000000E-001, 5.02490629E-002
 2.75000000E+000, 0.00000000E+000, 1.00000000E+000, 1.00000000E-001, 6.87055263E-002
 2.85000000E+000, 0.00000000E+000, 1.00000000E+000, 1.00000000E-001, 9.18028082E-002
 2.95000000E+000, 0.00000000E+000, 1.00000000E+000, 1.00000000E-001, 1.19919863E-001
 3.05000000E+000, 0.00000000E+000, 1.00000000E+000, 1.00000000E-001, 1.53203060E-001
 3.15000000E+000, 0.00000000E+000, 1.00000000E+000, 1.00000000E-001, 1.91493909E-001
 3.25000000E+000, 0.00000000E+000, 1.00000000E+000, 1.00000000E-001, 2.34273549E-001
 3.35000000E+000, 0.00000000E+000, 1.00000000E+000, 1.00000000E-001, 2.80634580E-001
 3.45000000E+000, 0.00000000E+000, 1.00000000E+000, 1.00000000E-001, 3.29288600E-001
 3.55000000E+000, 0.00000000E+000, 1.00000000E+000, 1.00000000E-001, 3.78613975E-001
 3.65000000E+000, 0.00000000E+000, 1.00000000E+000, 1.00000000E-001, 4.26743156E-001
 3.75000000E+000, 0.00000000E+000, 1.00000000E+000, 1.00000000E-001, 4.71683353E-001
 3.85000000E+000, 0.00000000E+000, 1.00000000E+000, 1.00000000E-001, 5.11459241E-001
 3.95000000E+000, 0.00000000E+000, 1.00000000E+000, 1.00000000E-001, 5.44262808E-001
 4.05000000E+000, 0.00000000E+000, 1.00000000E+000, 1.00000000E-001, 5.68593851E-001
 4.15000000E+000, 0.00000000E+000, 1.00000000E+000, 1.00000000E-001, 5.83375533E-001
 4.25000000E+000, 0.00000000E+000, 1.00000000E+000, 1.00000000E-001, 5.88032520E-001
 4.35000000E+000, 0.00000000E+000, 1.00000000E+000, 1.00000000E-001, 5.82524094E-001
 4.45000000E+000, 0.00000000E+000, 1.00000000E+000, 1.00000000E-001, 5.67330403E-001
 4.55000000E+000, 0.00000000E+000, 1.00000000E+000, 1.00000000E-001, 5.43395847E-001
 4.65000000E+000, 0.00000000E+000, 1.00000000E+000, 1.00000000E-001, 5.12038637E-001
 4.75000000E+000, 0.00000000E+000, 1.00000000E+000, 1.00000000E-001, 4.74839222E-001
 4.85000000E+000, 0.00000000E+000, 1.00000000E+000, 1.00000000E-001, 4.33522209E-001
 4.95000000E+000, 0.00000000E+000, 1.00000000E+000, 1.00000000E-001, 3.89846394E-001
 5.05000000E+000, 0.00000000E+000, 1.00000000E+000, 1.00000000E-001, 3.45515516E-001
 5.15000000E+000, 0.00000000E+000, 1.00000000E+000, 1.00000000E-001, 3.02118449E-001
 5.25000000E+000, 0.00000000E+000, 1.00000000E+000, 1.00000000E-001, 2.61101947E-001
 5.35000000E+000, 0.00000000E+000, 1.00000000E+000, 1.00000000E-001, 2.23772539E-001
 5.45000000E+000, 0.00000000E+000, 1.00000000E+000, 1.00000000E-001, 1.91317872E-001
 5.55000000E+000, 0.00000000E+000, 1.00000000E+000, 1.00000000E-001, 1.64833247E-001
 5.65000000E+000, 0.00000000E+000, 1.00000000E+000, 1.00000000E-001, 1.45337755E-001
 5.75000000E+000, 0.00000000E+000, 1.00000000E+000, 1.00000000E-001, 1.33767062E-001
 5.85000000E+000, 0.00000000E+000, 1.00000000E+000, 1.00000000E-001, 1.30936345E-001
 5.95000000E+000, 0.00000000E+000, 1.00000000E+000, 1.00000000E-001, 1.37475524E-001
 6.05000000E+000, 0.00000000E+000, 1.00000000E+000, 1.00000000E-001, 1.53747678E-001
 6.15000000E+000, 0.00000000E+000, 1.00000000E+000, 1.00000000E-001, 1.79767786E-001
 6.25000000E+000, 0.00000000E+000, 1.00000000E+000, 1.00000000E-001, 2.15141053E-001
 6.35000000E+000, 0.00000000E+000, 1.00000000E+000, 1.00000000E-001, 2.59037381E-001
 6.45000000E+000, 0.00000000E+000, 1.00000000E+000, 1.00000000E-001, 3.10211832E-001
 6.55000000E+000, 0.00000000E+000, 1.00000000E+000, 1.00000000E-001, 3.67071906E-001
 6.65000000E+000, 0.00000000E+000, 1.00000000E+000, 1.00000000E-001, 4.27783409E-001
 6.75000000E+000, 0.00000000E+000, 1.00000000E+000, 1.00000000E-001, 4.90399421E-001
 6.85000000E+000, 0.00000000E+000, 1.00000000E+000, 1.00000000E-001, 5.52992979E-001
 6.95000000E+000, 0.00000000E+000, 1.00000000E+000, 1.00000000E-001, 6.13773836E-001
 7.05000000E+000, 0.00000000E+000, 1.00000000E+000, 1.00000000E-001, 6.71173120E-001
 7.15000000E+000, 0.00000000E+000, 1.00000000E+000, 1.00000000E-001, 7.23885920E-001
 7.25000000E+000, 0.00000000E+000, 1.00000000E+000, 1.00000000E-001, 7.70870026E-001
 7.35000000E+000, 0.00000000E+000, 1.00000000E+000, 1.00000000E-001, 8.11307541E-001
 7.45000000E+000, 0.00000000E+000, 1.00000000E+000, 1.00000000E-001, 8.44543611E-001
 7.55000000E+000, 0.00000000E+000, 1.00000000E+000, 1.00000000E-001, 8.70021161E-001
 7.65000000E+000, 0.00000000E+000, 1.00000000E+000, 1.00000000E-001, 8.87231183E-001
 7.75000000E+000, 0.00000000E+000, 1.00000000E+000, 1.00000000E-001, 8.95694209E-001
 7.85000000E+000, 0.00000000E+000, 1.00000000E+000, 1.00000000E-001, 8.94980713E-001
 7.95000000E+000, 0.00000000E+000, 1.00000000E+000, 1.00000000E-001, 8.84768151E-001
 8.05000000E+000, 0.00000000E+000, 1.00000000E+000, 1.00000000E-001, 8.64922607E-001
 8.15000000E+000, 0.00000000E+000, 1.00000000E+000, 1.00000000E-001, 8.35586082E-001
 8.25000000E+000, 0.00000000E+000, 1.00000000E+000, 1.00000000E-001, 7.97248123E-001
 8.35000000E+000, 0.00000000E+000, 1.00000000E+000, 1.00000000E-001, 7.50783270E-001
 8.45000000E+000, 0.00000000E+000, 1.00000000E+000, 1.00000000E-001, 6.97442749E-001
 8.55000000E+000, 0.00000000E+000, 1.00000000E+000, 1.00000000E-001, 6.38798163E-001
 8.65000000E+000, 0.00000000E+000, 1.00000000E+000, 1.00000000E-001, 5.76644220E-001
 8.75000000E+000, 0.00000000E+000, 1.00000000E+000, 1.00000000E-001, 5.12874708E-001
 8.85000000E+000, 0.00000000E+000, 1.00000000E+000, 1.00000000E-001, 4.49349715E-001
 8.95000000E+000, 0.00000000E+000, 1.00000000E+000, 1.00000000E-001, 3.87772011E-001
 9.05000000E+000, 0.00000000E+000, 1.00000000E+000, 1.00000000E-001, 3.29587322E-001
 9.15000000E+000, 0.00000000E+000, 1.00000000E+000, 1.00000000E-001, 2.75917819E-001
 9.25000000E+000, 0.00000000E+000, 1.00000000E+000, 1.00000000E-001, 2.27532176E-001
 9.35000000E+000, 0.00000000E+000, 1.00000000E+000, 1.00000000E-001, 1.84850019E-001
 9.45000000E+000, 0.00000000E+000, 1.00000000E+000, 1.00000000E-001, 1.47974474E-001
 9.55000000E+000, 0.00000000E+000, 1.00000000E+000, 1.00000000E-001, 1.16744250E-001
 9.65000000E+000, 0.00000000E+000, 1.00000000E+000, 1.00000000E-001, 9.07959986E-002
 9.75000000E+000, 0.00000000E+000, 1.00000000E+000, 1.00000000E-001, 6.96278660E-002
 9.85000000E+000, 0.00000000E+000, 1.00000000E+000, 1.00000000E-001, 5.26448407E-002
 9.95000000E+000, 0.00000000E+000, 1.00000000E+000, 1.00000000E-001, 3.89849816E-002
