   20.020000000000060      ,         100
X,ZB,H,U,T1
 5.00000000E-002, 0.00000000E+000, 1.00000000E+000, 1.00000000E-001, 8.76870147E-003
 1.50000000E-001, 0.00000000E+000, 1.00000000E+000, 1.00000000E-001, 5.75626761E-003
 2.50000000E-001, 0.00000000E+000, 1.00000000E+000, 1.00000000E-001, 3.71752038E-003
 3.50000000E-001, 0.00000000E+000, 1.00000000E+000, 1.00000000E-001, 2.36277262E-003
 4.50000000E-001, 0.00000000E+000, 1.00000000E+000, 1.00000000E-001, 1.47845192E-003
 5.50000000E-001, 0.00000000E+000, 1.00000000E+000, 1.00000000E-001, 9.11154651E-004
 6.50000000E-001, 0.00000000E+000, 1.00000000E+000, 1.00000000E-001, 5.53425477E-004
 7.50000000E-001, 0.00000000E+000, 1.00000000E+000, 1.00000000E-001, 3.31816119E-004
 8.50000000E-001, 0.00000000E+000, 1.00000000E+000, 1.00000000E-001, 1.97412426E-004
 9.50000000E-001, 0.00000000E+000, 1.00000000E+000, 1.00000000E-001, 1.18720479E-004
 1.05000000E+000, 0.00000000E+000, 1.00000000E+000, 1.00000000E-001, 7.66741334E-005
 1.15000000E+000, 0.00000000E+000, 1.00000000E+000, 1.00000000E-001, 6.15253136E-005
 1.25000000E+000, 0.00000000E+000, 1.00000000E+000, 1.00000000E-001, 7.14646220E-005
 1.35000000E+000, 0.00000000E+000, 1.00000000E+000, 1.00000000E-001, 1.12959436E-004
 1.45000000E+000, 0.00000000E+000, 1.00000000E+000, 1.00000000E-001, 2.02957594E-004
 1.55000000E+000, 0.00000000E+000, 1.00000000E+000, 1.00000000E-001, 3.73250947E-004
 1.65000000E+000, 0.00000000E+000, 1.00000000E+000, 1.00000000E-001, 6.77378292E-004
 1.75000000E+000, 0.00000000E+000, 1.00000000E+000, 1.00000000E-001, 1.20041230E-003
 1.85000000E+000, 0.00000000E+000, 1.00000000E+000, 1.00000000E-001, 2.07175192E-003
 1.95000000E+000, 0.00000000E+000, 1.00000000E+000, 1.00000000E-001, 3.48056687E-003
 2.05000000E+000, 0.00000000E+000, 1.00000000E+000, 1.00000000E-001, 5.69278011E-003
 2.15000000E+000, 0.00000000E+000, 1.00000000E+000, 1.00000000E-001, 9.06745302E-003
 2.25000000E+000, 0.00000000E+000, 1.00000000E+000, 1.00000000E-001, 1.40692764E-002
 2.35000000E+000, 0.00000000E+000, 1.00000000E+000, 1.00000000E-001, 2.12727954E-002
 2.45000000E+000, 0.00000000E+000, 1.00000000E+000, 1.00000000E-001, 3.13533373E-002
 2.55000000E+000, 0.00000000E+000, 1.00000000E+000, 1.00000000E-001, 4.50597498E-002
 2.65000000E+000, 0.00000000E+000, 1.00000000E+000, 1.00000000E-001, 6.31653243E-002
 2.75000000E+000, 0.00000000E+000, 1.00000000E+000, 1.00000000E-001, 8.63958680E-002
 2.85000000E+000, 0.00000000E+000, 1.00000000E+000, 1.00000000E-001, 1.15337678E-001
 2.95000000E+000, 0.00000000E+000, 1.00000000E+000, 1.00000000E-001, 1.50332736E-001
 3.05000000E+000, 0.00000000E+000, 1.00000000E+000, 1.00000000E-001, 1.91372965E-001
 3.15000000E+000, 0.00000000E+000, 1.00000000E+000, 1.00000000E-001, 2.38008865E-001
 3.25000000E+000, 0.00000000E+000, 1.00000000E+000, 1.00000000E-001, 2.89289222E-001
 3.35000000E+000, 0.00000000E+000, 1.00000000E+000, 1.00000000E-001, 3.43747111E-001
 3.45000000E+000, 0.00000000E+000, 1.00000000E+000, 1.00000000E-001, 3.99442762E-001
 3.55000000E+000, 0.00000000E+000, 1.00000000E+000, 1.00000000E-001, 4.54066569E-001
 3.65000000E+000, 0.00000000E+000, 1.00000000E+000, 1.00000000E-001, 5.05096504E-001
 3.75000000E+000, 0.00000000E+000, 1.00000000E+000, 1.00000000E-001, 5.49995236E-001
 3.85000000E+000, 0.00000000E+000, 1.00000000E+000, 1.00000000E-001, 5.86424942E-001
 3.95000000E+000, 0.00000000E+000, 1.00000000E+000, 1.00000000E-001, 6.12453764E-001
 4.05000000E+000, 0.00000000E+000, 1.00000000E+000, 1.00000000E-001, 6.26727972E-001
 4.15000000E+000, 0.00000000E+000, 1.00000000E+000, 1.00000000E-001, 6.28588263E-001
 4.25000000E+000, 0.00000000E+000, 1.00000000E+000, 1.00000000E-001, 6.18116446E-001
 4.35000000E+000, 0.00000000E+000, 1.00000000E+000, 1.00000000E-001, 5.96108691E-001
 4.45000000E+000, 0.00000000E+000, 1.00000000E+000, 1.00000000E-001, 5.63981607E-001
 4.55000000E+000, 0.00000000E+000, 1.00000000E+000, 1.00000000E-001, 5.23626189E-001
 4.65000000E+000, 0.00000000E+000, 1.00000000E+000, 1.00000000E-001, 4.77230622E-001
 4.75000000E+000, 0.00000000E+000, 1.00000000E+000, 1.00000000E-001, 4.27095640E-001
 4.85000000E+000, 0.00000000E+000, 1.00000000E+000, 1.00000000E-001, 3.75465542E-001
 4.95000000E+000, 0.00000000E+000, 1.00000000E+000, 1.00000000E-001, 3.24394532E-001
 5.05000000E+000, 0.00000000E+000, 1.00000000E+000, 1.00000000E-001, 2.75662429E-001
 5.15000000E+000, 0.00000000E+000, 1.00000000E+000, 1.00000000E-001, 2.30746335E-001
 5.25000000E+000, 0.00000000E+000, 1.00000000E+000, 1.00000000E-001, 1.90846047E-001
 5.35000000E+000, 0.00000000E+000, 1.00000000E+000, 1.00000000E-001, 1.56951360E-001
 5.45000000E+000, 0.00000000E+000, 1.00000000E+000, 1.00000000E-001, 1.29930412E-001
 5.55000000E+000, 0.00000000E+000, 1.00000000E+000, 1.00000000E-001, 1.10612006E-001
 5.65000000E+000, 0.00000000E+000, 1.00000000E+000, 1.00000000E-001, 9.98339765E-002
 5.75000000E+000, 0.00000000E+000, 1.00000000E+000, 1.00000000E-001, 9.84359796E-002
 5.85000000E+000, 0.00000000E+000, 1.00000000E+000, 1.00000000E-001, 1.07188446E-001
 5.95000000E+000, 0.00000000E+000, 1.00000000E+000, 1.00000000E-001, 1.26667026E-001
 6.05000000E+000, 0.00000000E+000, 1.00000000E+000, 1.00000000E-001, 1.57098919E-001
 6.15000000E+000, 0.00000000E+000, 1.00000000E+000, 1.00000000E-001, 1.98218604E-001
 6.25000000E+000, 0.00000000E+000, 1.00000000E+000, 1.00000000E-001, 2.49171796E-001
 6.35000000E+000, 0.00000000E+000, 1.00000000E+000, 1.00000000E-001, 3.08497100E-001
 6.45000000E+000, 0.00000000E+000, 1.00000000E+000, 1.00000000E-001, 3.74197439E-001
 6.55000000E+000, 0.00000000E+000, 1.00000000E+000, 1.00000000E-001, 4.43892792E-001
 6.65000000E+000, 0.00000000E+000, 1.00000000E+000, 1.00000000E-001, 5.15027910E-001
 6.75000000E+000, 0.00000000E+000, 1.00000000E+000, 1.00000000E-001, 5.85097683E-001
 6.85000000E+000, 0.00000000E+000, 1.00000000E+000, 1.00000000E-001, 6.51850838E-001
 6.95000000E+000, 0.00000000E+000, 1.00000000E+000, 1.00000000E-001, 7.13438868E-001
 7.05000000E+000, 0.00000000E+000, 1.00000000E+000, 1.00000000E-001, 7.68489225E-001
 7.15000000E+000, 0.00000000E+000, 1.00000000E+000, 1.00000000E-001, 8.16096750E-001
 7.25000000E+000, 0.00000000E+000, 1.00000000E+000, 1.00000000E-001, 8.55742413E-001
 7.35000000E+000, 0.00000000E+000, 1.00000000E+000, 1.00000000E-001, 8.87161531E-001
 7.45000000E+000, 0.00000000E+000, 1.00000000E+000, 1.00000000E-001, 9.10193149E-001
 7.55000000E+000, 0.00000000E+000, 1.00000000E+000, 1.00000000E-001, 9.24646382E-001
 7.65000000E+000, 0.00000000E+000, 1.00000000E+000, 1.00000000E-001, 9.30216933E-001
 7.75000000E+000, 0.00000000E+000, 1.00000000E+000, 1.00000000E-001, 9.26476894E-001
 7.85000000E+000, 0.00000000E+000, 1.00000000E+000, 1.00000000E-001, 9.12944448E-001
 7.95000000E+000, 0.00000000E+000, 1.00000000E+000, 1.00000000E-001, 8.89220447E-001
 8.05000000E+000, 0.00000000E+000, 1.00000000E+000, 1.00000000E-001, 8.55160914E-001
 8.15000000E+000, 0.00000000E+000, 1.00000000E+000, 1.00000000E-001, 8.11043563E-001
 8.25000000E+000, 0.00000000E+000, 1.00000000E+000, 1.00000000E-001, 7.57685962E-001
 8.35000000E+000, 0.00000000E+000, 1.00000000E+000, 1.00000000E-001, 6.96483379E-001
 8.45000000E+000, 0.00000000E+000, 1.00000000E+000, 1.00000000E-001, 6.29352858E-001
 8.55000000E+000, 0.00000000E+000, 1.00000000E+000, 1.00000000E-001, 5.58591377E-001
 8.65000000E+000, 0.00000000E+000, 1.00000000E+000, 1.00000000E-001, 4.86674222E-001
 8.75000000E+000, 0.00000000E+000, 1.00000000E+000, 1.00000000E-001, 4.16030504E-001
 8.85000000E+000, 0.00000000E+000, 1.00000000E+000, 1.00000000E-001, 3.48834188E-001
 8.95000000E+000, 0.00000000E+000, 1.00000000E+000, 1.00000000E-001, 2.86841937E-001
 9.05000000E+000, 0.00000000E+000, 1.00000000E+000, 1.00000000E-001, 2.31296466E-001
 9.15000000E+000, 0.00000000E+000, 1.00000000E+000, 1.00000000E-001, 1.82899869E-001
 9.25000000E+000, 0.00000000E+000, 1.00000000E+000, 1.00000000E-001, 1.41848885E-001
 9.35000000E+000, 0.00000000E+000, 1.00000000E+000, 1.00000000E-001, 1.07915733E-001
 9.45000000E+000, 0.00000000E+000, 1.00000000E+000, 1.00000000E-001, 8.05545911E-002
 9.55000000E+000, 0.00000000E+000, 1.00000000E+000, 1.00000000E-001, 5.90146921E-002
 9.65000000E+000, 0.00000000E+000, 1.00000000E+000, 1.00000000E-001, 4.24448360E-002
 9.75000000E+000, 0.00000000E+000, 1.00000000E+000, 1.00000000E-001, 2.99793242E-002
 9.85000000E+000, 0.00000000E+000, 1.00000000E+000, 1.00000000E-001, 2.07982868E-002
 9.95000000E+000, 0.00000000E+000, 1.00000000E+000, 1.00000000E-001, 1.41205332E-002
