   20.000000000000014      ,         100
X,ZB,H,U,T1
 5.00000000E-002, 0.00000000E+000, 1.00000000E+000, 1.00000000E-001, 1.56934366E-010
 1.50000000E-001, 0.00000000E+000, 1.00000000E+000, 1.00000000E-001, 9.30145217E-010
 2.50000000E-001, 0.00000000E+000, 1.00000000E+000, 1.00000000E-001, 3.91524515E-009
 3.50000000E-001, 0.00000000E+000, 1.00000000E+000, 1.00000000E-001, 1.39049159E-008
 4.50000000E-001, 0.00000000E+000, 1.00000000E+000, 1.00000000E-001, 4.40709146E-008
 5.50000000E-001, 0.00000000E+000, 1.00000000E+000, 1.00000000E-001, 1.28054537E-007
 6.50000000E-001, 0.00000000E+000, 1.00000000E+000, 1.00000000E-001, 3.46595949E-007
 7.50000000E-001, 0.00000000E+000, 1.00000000E+000, 1.00000000E-001, 8.83319616E-007
 8.50000000E-001, 0.00000000E+000, 1.00000000E+000, 1.00000000E-001, 2.13648046E-006
 9.50000000E-001, 0.00000000E+000, 1.00000000E+000, 1.00000000E-001, 4.93372589E-006
 1.05000000E+000, 0.00000000E+000, 1.00000000E+000, 1.00000000E-001, 1.09287873E-005
 1.15000000E+000, 0.00000000E+000, 1.00000000E+000, 1.00000000E-001, 2.33060632E-005
 1.25000000E+000, 0.00000000E+000, 1.00000000E+000, 1.00000000E-001, 4.79834643E-005
 1.35000000E+000, 0.00000000E+000, 1.00000000E+000, 1.00000000E-001, 9.55839412E-005
 1.45000000E+000, 0.00000000E+000, 1.00000000E+000, 1.00000000E-001, 1.84532755E-004
 1.55000000E+000, 0.00000000E+000, 1.00000000E+000, 1.00000000E-001, 3.45710517E-004
 1.65000000E+000, 0.00000000E+000, 1.00000000E+000, 1.00000000E-001, 6.29116883E-004
 1.75000000E+000, 0.00000000E+000, 1.00000000E+000, 1.00000000E-001, 1.11292783E-003
 1.85000000E+000, 0.00000000E+000, 1.00000000E+000, 1.00000000E-001, 1.91510335E-003
 1.95000000E+000, 0.00000000E+000, 1.00000000E+000, 1.00000000E-001, 3.20726866E-003
 2.05000000E+000, 0.00000000E+000, 1.00000000E+000, 1.00000000E-001, 5.22992341E-003
 2.15000000E+000, 0.00000000E+000, 1.00000000E+000, 1.00000000E-001, 8.30715258E-003
 2.25000000E+000, 0.00000000E+000, 1.00000000E+000, 1.00000000E-001, 1.28580213E-002
 2.35000000E+000, 0.00000000E+000, 1.00000000E+000, 1.00000000E-001, 1.94009228E-002
 2.45000000E+000, 0.00000000E+000, 1.00000000E+000, 1.00000000E-001, 2.85465861E-002
 2.55000000E+000, 0.00000000E+000, 1.00000000E+000, 1.00000000E-001, 4.09755431E-002
 2.65000000E+000, 0.00000000E+000, 1.00000000E+000, 1.00000000E-001, 5.73968834E-002
 2.75000000E+000, 0.00000000E+000, 1.00000000E+000, 1.00000000E-001, 7.84872293E-002
 2.85000000E+000, 0.00000000E+000, 1.00000000E+000, 1.00000000E-001, 1.04811965E-001
 2.95000000E+000, 0.00000000E+000, 1.00000000E+000, 1.00000000E-001, 1.36734512E-001
 3.05000000E+000, 0.00000000E+000, 1.00000000E+000, 1.00000000E-001, 1.74323212E-001
 3.15000000E+000, 0.00000000E+000, 1.00000000E+000, 1.00000000E-001, 2.17268370E-001
 3.25000000E+000, 0.00000000E+000, 1.00000000E+000, 1.00000000E-001, 2.64823386E-001
 3.35000000E+000, 0.00000000E+000, 1.00000000E+000, 1.00000000E-001, 3.15783033E-001
 3.45000000E+000, 0.00000000E+000, 1.00000000E+000, 1.00000000E-001, 3.68508536E-001
 3.55000000E+000, 0.00000000E+000, 1.00000000E+000, 1.00000000E-001, 4.21003511E-001
 3.65000000E+000, 0.00000000E+000, 1.00000000E+000, 1.00000000E-001, 4.71037679E-001
 3.75000000E+000, 0.00000000E+000, 1.00000000E+000, 1.00000000E-001, 5.16307946E-001
 3.85000000E+000, 0.00000000E+000, 1.00000000E+000, 1.00000000E-001, 5.54620121E-001
 3.95000000E+000, 0.00000000E+000, 1.00000000E+000, 1.00000000E-001, 5.84070568E-001
 4.05000000E+000, 0.00000000E+000, 1.00000000E+000, 1.00000000E-001, 6.03206258E-001
 4.15000000E+000, 0.00000000E+000, 1.00000000E+000, 1.00000000E-001, 6.11144165E-001
 4.25000000E+000, 0.00000000E+000, 1.00000000E+000, 1.00000000E-001, 6.07636407E-001
 4.35000000E+000, 0.00000000E+000, 1.00000000E+000, 1.00000000E-001, 5.93074957E-001
 4.45000000E+000, 0.00000000E+000, 1.00000000E+000, 1.00000000E-001, 5.68437800E-001
 4.55000000E+000, 0.00000000E+000, 1.00000000E+000, 1.00000000E-001, 5.35185927E-001
 4.65000000E+000, 0.00000000E+000, 1.00000000E+000, 1.00000000E-001, 4.95126293E-001
 4.75000000E+000, 0.00000000E+000, 1.00000000E+000, 1.00000000E-001, 4.50259301E-001
 4.85000000E+000, 0.00000000E+000, 1.00000000E+000, 1.00000000E-001, 4.02630226E-001
 4.95000000E+000, 0.00000000E+000, 1.00000000E+000, 1.00000000E-001, 3.54202407E-001
 5.05000000E+000, 0.00000000E+000, 1.00000000E+000, 1.00000000E-001, 3.06766194E-001
 5.15000000E+000, 0.00000000E+000, 1.00000000E+000, 1.00000000E-001, 2.61891819E-001
 5.25000000E+000, 0.00000000E+000, 1.00000000E+000, 1.00000000E-001, 2.20926920E-001
 5.35000000E+000, 0.00000000E+000, 1.00000000E+000, 1.00000000E-001, 1.85031082E-001
 5.45000000E+000, 0.00000000E+000, 1.00000000E+000, 1.00000000E-001, 1.55231865E-001
 5.55000000E+000, 0.00000000E+000, 1.00000000E+000, 1.00000000E-001, 1.32481293E-001
 5.65000000E+000, 0.00000000E+000, 1.00000000E+000, 1.00000000E-001, 1.17690626E-001
 5.75000000E+000, 0.00000000E+000, 1.00000000E+000, 1.00000000E-001, 1.11725837E-001
 5.85000000E+000, 0.00000000E+000, 1.00000000E+000, 1.00000000E-001, 1.15356090E-001
 5.95000000E+000, 0.00000000E+000, 1.00000000E+000, 1.00000000E-001, 1.29160692E-001
 6.05000000E+000, 0.00000000E+000, 1.00000000E+000, 1.00000000E-001, 1.53412802E-001
 6.15000000E+000, 0.00000000E+000, 1.00000000E+000, 1.00000000E-001, 1.87966948E-001
 6.25000000E+000, 0.00000000E+000, 1.00000000E+000, 1.00000000E-001, 2.32179228E-001
 6.35000000E+000, 0.00000000E+000, 1.00000000E+000, 1.00000000E-001, 2.84883427E-001
 6.45000000E+000, 0.00000000E+000, 1.00000000E+000, 1.00000000E-001, 3.44434554E-001
 6.55000000E+000, 0.00000000E+000, 1.00000000E+000, 1.00000000E-001, 4.08816853E-001
 6.65000000E+000, 0.00000000E+000, 1.00000000E+000, 1.00000000E-001, 4.75799855E-001
 6.75000000E+000, 0.00000000E+000, 1.00000000E+000, 1.00000000E-001, 5.43116681E-001
 6.85000000E+000, 0.00000000E+000, 1.00000000E+000, 1.00000000E-001, 6.08635256E-001
 6.95000000E+000, 0.00000000E+000, 1.00000000E+000, 1.00000000E-001, 6.70495583E-001
 7.05000000E+000, 0.00000000E+000, 1.00000000E+000, 1.00000000E-001, 7.27193471E-001
 7.15000000E+000, 0.00000000E+000, 1.00000000E+000, 1.00000000E-001, 7.77601641E-001
 7.25000000E+000, 0.00000000E+000, 1.00000000E+000, 1.00000000E-001, 8.20930908E-001
 7.35000000E+000, 0.00000000E+000, 1.00000000E+000, 1.00000000E-001, 8.56645473E-001
 7.45000000E+000, 0.00000000E+000, 1.00000000E+000, 1.00000000E-001, 8.84355309E-001
 7.55000000E+000, 0.00000000E+000, 1.00000000E+000, 1.00000000E-001, 9.03713526E-001
 7.65000000E+000, 0.00000000E+000, 1.00000000E+000, 1.00000000E-001, 9.14345787E-001
 7.75000000E+000, 0.00000000E+000, 1.00000000E+000, 1.00000000E-001, 9.15831852E-001
 7.85000000E+000, 0.00000000E+000, 1.00000000E+000, 1.00000000E-001, 9.07747096E-001
 7.95000000E+000, 0.00000000E+000, 1.00000000E+000, 1.00000000E-001, 8.89756788E-001
 8.05000000E+000, 0.00000000E+000, 1.00000000E+000, 1.00000000E-001, 8.61742049E-001
 8.15000000E+000, 0.00000000E+000, 1.00000000E+000, 1.00000000E-001, 8.23927232E-001
 8.25000000E+000, 0.00000000E+000, 1.00000000E+000, 1.00000000E-001, 7.76976851E-001
 8.35000000E+000, 0.00000000E+000, 1.00000000E+000, 1.00000000E-001, 7.22036390E-001
 8.45000000E+000, 0.00000000E+000, 1.00000000E+000, 1.00000000E-001, 6.60703737E-001
 8.55000000E+000, 0.00000000E+000, 1.00000000E+000, 1.00000000E-001, 5.94933039E-001
 8.65000000E+000, 0.00000000E+000, 1.00000000E+000, 1.00000000E-001, 5.26886624E-001
 8.75000000E+000, 0.00000000E+000, 1.00000000E+000, 1.00000000E-001, 4.58759939E-001
 8.85000000E+000, 0.00000000E+000, 1.00000000E+000, 1.00000000E-001, 3.92607644E-001
 8.95000000E+000, 0.00000000E+000, 1.00000000E+000, 1.00000000E-001, 3.30196029E-001
 9.05000000E+000, 0.00000000E+000, 1.00000000E+000, 1.00000000E-001, 2.72899498E-001
 9.15000000E+000, 0.00000000E+000, 1.00000000E+000, 1.00000000E-001, 2.21649181E-001
 9.25000000E+000, 0.00000000E+000, 1.00000000E+000, 1.00000000E-001, 1.76932404E-001
 9.35000000E+000, 0.00000000E+000, 1.00000000E+000, 1.00000000E-001, 1.38834320E-001
 9.45000000E+000, 0.00000000E+000, 1.00000000E+000, 1.00000000E-001, 1.07108733E-001
 9.55000000E+000, 0.00000000E+000, 1.00000000E+000, 1.00000000E-001, 8.12638728E-002
 9.65000000E+000, 0.00000000E+000, 1.00000000E+000, 1.00000000E-001, 6.06501131E-002
 9.75000000E+000, 0.00000000E+000, 1.00000000E+000, 1.00000000E-001, 4.45375514E-002
 9.85000000E+000, 0.00000000E+000, 1.00000000E+000, 1.00000000E-001, 3.21401301E-002
 9.95000000E+000, 0.00000000E+000, 1.00000000E+000, 1.00000000E-001, 2.19583303E-002
