   1.0006607547430222      ,         500
X,ZB,H,U,ZF,QS
 1.00000000E-002, 1.00000743E-001, 4.00000103E-001, 4.99999980E+000,-1.00000000E-001, 1.24999985E+000
 3.00000000E-002, 1.00000834E-001, 4.00000122E-001, 4.99999960E+000,-1.00000000E-001, 1.24999970E+000
 5.00000000E-002, 1.00000931E-001, 4.00000146E-001, 4.99999938E+000,-1.00000000E-001, 1.24999954E+000
 7.00000000E-002, 1.00001038E-001, 4.00000174E-001, 4.99999914E+000,-1.00000000E-001, 1.24999936E+000
 9.00000000E-002, 1.00001159E-001, 4.00000206E-001, 4.99999887E+000,-1.00000000E-001, 1.24999916E+000
 1.10000000E-001, 1.00001296E-001, 4.00000241E-001, 4.99999857E+000,-1.00000000E-001, 1.24999894E+000
 1.30000000E-001, 1.00001450E-001, 4.00000280E-001, 4.99999825E+000,-1.00000000E-001, 1.24999870E+000
 1.50000000E-001, 1.00001626E-001, 4.00000323E-001, 4.99999788E+000,-1.00000000E-001, 1.24999843E+000
 1.70000000E-001, 1.00001824E-001, 4.00000370E-001, 4.99999748E+000,-1.00000000E-001, 1.24999813E+000
 1.90000000E-001, 1.00002048E-001, 4.00000423E-001, 4.99999703E+000,-1.00000000E-001, 1.24999780E+000
 2.10000000E-001, 1.00002300E-001, 4.00000482E-001, 4.99999652E+000,-1.00000000E-001, 1.24999742E+000
 2.30000000E-001, 1.00002585E-001, 4.00000548E-001, 4.99999596E+000,-1.00000000E-001, 1.24999701E+000
 2.50000000E-001, 1.00002906E-001, 4.00000620E-001, 4.99999533E+000,-1.00000000E-001, 1.24999654E+000
 2.70000000E-001, 1.00003266E-001, 4.00000702E-001, 4.99999463E+000,-1.00000000E-001, 1.24999602E+000
 2.90000000E-001, 1.00003671E-001, 4.00000792E-001, 4.99999385E+000,-1.00000000E-001, 1.24999544E+000
 3.10000000E-001, 1.00004125E-001, 4.00000892E-001, 4.99999298E+000,-1.00000000E-001, 1.24999480E+000
 3.30000000E-001, 1.00004635E-001, 4.00001004E-001, 4.99999200E+000,-1.00000000E-001, 1.24999407E+000
 3.50000000E-001, 1.00005206E-001, 4.00001129E-001, 4.99999092E+000,-1.00000000E-001, 1.24999327E+000
 3.70000000E-001, 1.00005845E-001, 4.00001267E-001, 4.99998970E+000,-1.00000000E-001, 1.24999237E+000
 3.90000000E-001, 1.00006560E-001, 4.00001421E-001, 4.99998835E+000,-1.00000000E-001, 1.24999136E+000
 4.10000000E-001, 1.00007359E-001, 4.00001593E-001, 4.99998684E+000,-1.00000000E-001, 1.24999025E+000
 4.30000000E-001, 1.00008251E-001, 4.00001783E-001, 4.99998517E+000,-1.00000000E-001, 1.24998900E+000
 4.50000000E-001, 1.00009247E-001, 4.00001994E-001, 4.99998330E+000,-1.00000000E-001, 1.24998761E+000
 4.70000000E-001, 1.00010356E-001, 4.00002228E-001, 4.99998122E+000,-1.00000000E-001, 1.24998607E+000
 4.90000000E-001, 1.00011593E-001, 4.00002488E-001, 4.99997891E+000,-1.00000000E-001, 1.24998436E+000
 5.10000000E-001, 1.00012969E-001, 4.00002776E-001, 4.99997634E+000,-1.00000000E-001, 1.24998245E+000
 5.30000000E-001, 1.00014499E-001, 4.00003096E-001, 4.99997348E+000,-1.00000000E-001, 1.24998033E+000
 5.50000000E-001, 1.00016200E-001, 4.00003449E-001, 4.99997031E+000,-1.00000000E-001, 1.24997798E+000
 5.70000000E-001, 1.00018088E-001, 4.00003840E-001, 4.99996680E+000,-1.00000000E-001, 1.24997537E+000
 5.90000000E-001, 1.00020184E-001, 4.00004272E-001, 4.99996290E+000,-1.00000000E-001, 1.24997248E+000
 6.10000000E-001, 1.00022508E-001, 4.00004749E-001, 4.99995859E+000,-1.00000000E-001, 1.24996927E+000
 6.30000000E-001, 1.00025082E-001, 4.00005276E-001, 4.99995381E+000,-1.00000000E-001, 1.24996573E+000
 6.50000000E-001, 1.00027933E-001, 4.00005857E-001, 4.99994853E+000,-1.00000000E-001, 1.24996181E+000
 6.70000000E-001, 1.00031086E-001, 4.00006497E-001, 4.99994269E+000,-1.00000000E-001, 1.24995747E+000
 6.90000000E-001, 1.00034571E-001, 4.00007202E-001, 4.99993624E+000,-1.00000000E-001, 1.24995268E+000
 7.10000000E-001, 1.00038421E-001, 4.00007979E-001, 4.99992912E+000,-1.00000000E-001, 1.24994739E+000
 7.30000000E-001, 1.00042671E-001, 4.00008832E-001, 4.99992127E+000,-1.00000000E-001, 1.24994156E+000
 7.50000000E-001, 1.00047358E-001, 4.00009770E-001, 4.99991261E+000,-1.00000000E-001, 1.24993513E+000
 7.70000000E-001, 1.00052523E-001, 4.00010800E-001, 4.99990308E+000,-1.00000000E-001, 1.24992805E+000
 7.90000000E-001, 1.00058211E-001, 4.00011931E-001, 4.99989259E+000,-1.00000000E-001, 1.24992025E+000
 8.10000000E-001, 1.00064470E-001, 4.00013170E-001, 4.99988105E+000,-1.00000000E-001, 1.24991168E+000
 8.30000000E-001, 1.00071352E-001, 4.00014528E-001, 4.99986838E+000,-1.00000000E-001, 1.24990226E+000
 8.50000000E-001, 1.00078914E-001, 4.00016014E-001, 4.99985445E+000,-1.00000000E-001, 1.24989191E+000
 8.70000000E-001, 1.00087216E-001, 4.00017640E-001, 4.99983918E+000,-1.00000000E-001, 1.24988056E+000
 8.90000000E-001, 1.00096324E-001, 4.00019417E-001, 4.99982243E+000,-1.00000000E-001, 1.24986811E+000
 9.10000000E-001, 1.00106308E-001, 4.00021358E-001, 4.99980408E+000,-1.00000000E-001, 1.24985447E+000
 9.30000000E-001, 1.00117245E-001, 4.00023476E-001, 4.99978399E+000,-1.00000000E-001, 1.24983953E+000
 9.50000000E-001, 1.00129216E-001, 4.00025786E-001, 4.99976201E+000,-1.00000000E-001, 1.24982319E+000
 9.70000000E-001, 1.00142308E-001, 4.00028303E-001, 4.99973798E+000,-1.00000000E-001, 1.24980533E+000
 9.90000000E-001, 1.00156617E-001, 4.00031044E-001, 4.99971174E+000,-1.00000000E-001, 1.24978582E+000
 1.01000000E+000, 1.00172244E-001, 4.00034026E-001, 4.99968309E+000,-1.00000000E-001, 1.24976452E+000
 1.03000000E+000, 1.00189295E-001, 4.00037268E-001, 4.99965185E+000,-1.00000000E-001, 1.24974128E+000
 1.05000000E+000, 1.00207888E-001, 4.00040789E-001, 4.99961781E+000,-1.00000000E-001, 1.24971596E+000
 1.07000000E+000, 1.00228145E-001, 4.00044611E-001, 4.99958073E+000,-1.00000000E-001, 1.24968839E+000
 1.09000000E+000, 1.00250200E-001, 4.00048757E-001, 4.99954038E+000,-1.00000000E-001, 1.24965838E+000
 1.11000000E+000, 1.00274193E-001, 4.00053249E-001, 4.99949651E+000,-1.00000000E-001, 1.24962574E+000
 1.13000000E+000, 1.00300274E-001, 4.00058114E-001, 4.99944885E+000,-1.00000000E-001, 1.24959029E+000
 1.15000000E+000, 1.00328603E-001, 4.00063378E-001, 4.99939710E+000,-1.00000000E-001, 1.24955179E+000
 1.17000000E+000, 1.00359350E-001, 4.00069069E-001, 4.99934096E+000,-1.00000000E-001, 1.24951002E+000
 1.19000000E+000, 1.00392696E-001, 4.00075217E-001, 4.99928011E+000,-1.00000000E-001, 1.24946475E+000
 1.21000000E+000, 1.00428832E-001, 4.00081853E-001, 4.99921420E+000,-1.00000000E-001, 1.24941571E+000
 1.23000000E+000, 1.00467962E-001, 4.00089011E-001, 4.99914287E+000,-1.00000000E-001, 1.24936262E+000
 1.25000000E+000, 1.00510300E-001, 4.00096725E-001, 4.99906572E+000,-1.00000000E-001, 1.24930522E+000
 1.27000000E+000, 1.00556074E-001, 4.00105032E-001, 4.99898236E+000,-1.00000000E-001, 1.24924318E+000
 1.29000000E+000, 1.00605525E-001, 4.00113971E-001, 4.99889234E+000,-1.00000000E-001, 1.24917618E+000
 1.31000000E+000, 1.00658905E-001, 4.00123581E-001, 4.99879522E+000,-1.00000000E-001, 1.24910390E+000
 1.33000000E+000, 1.00716481E-001, 4.00133905E-001, 4.99869052E+000,-1.00000000E-001, 1.24902596E+000
 1.35000000E+000, 1.00778536E-001, 4.00144987E-001, 4.99857772E+000,-1.00000000E-001, 1.24894201E+000
 1.37000000E+000, 1.00845365E-001, 4.00156873E-001, 4.99845631E+000,-1.00000000E-001, 1.24885163E+000
 1.39000000E+000, 1.00917278E-001, 4.00169611E-001, 4.99832572E+000,-1.00000000E-001, 1.24875443E+000
 1.41000000E+000, 1.00994600E-001, 4.00183251E-001, 4.99818538E+000,-1.00000000E-001, 1.24864995E+000
 1.43000000E+000, 1.01077675E-001, 4.00197845E-001, 4.99803467E+000,-1.00000000E-001, 1.24853776E+000
 1.45000000E+000, 1.01166857E-001, 4.00213447E-001, 4.99787295E+000,-1.00000000E-001, 1.24841737E+000
 1.47000000E+000, 1.01262522E-001, 4.00230114E-001, 4.99769957E+000,-1.00000000E-001, 1.24828830E+000
 1.49000000E+000, 1.01365057E-001, 4.00247902E-001, 4.99751382E+000,-1.00000000E-001, 1.24815001E+000
 1.51000000E+000, 1.01474869E-001, 4.00266873E-001, 4.99731498E+000,-1.00000000E-001, 1.24800198E+000
 1.53000000E+000, 1.01592381E-001, 4.00287088E-001, 4.99710230E+000,-1.00000000E-001, 1.24784365E+000
 1.55000000E+000, 1.01718031E-001, 4.00308611E-001, 4.99687499E+000,-1.00000000E-001, 1.24767443E+000
 1.57000000E+000, 1.01852275E-001, 4.00331508E-001, 4.99663225E+000,-1.00000000E-001, 1.24749372E+000
 1.59000000E+000, 1.01995585E-001, 4.00355847E-001, 4.99637324E+000,-1.00000000E-001, 1.24730090E+000
 1.61000000E+000, 1.02148452E-001, 4.00381696E-001, 4.99609708E+000,-1.00000000E-001, 1.24709532E+000
 1.63000000E+000, 1.02311379E-001, 4.00409127E-001, 4.99580288E+000,-1.00000000E-001, 1.24687632E+000
 1.65000000E+000, 1.02484888E-001, 4.00438213E-001, 4.99548971E+000,-1.00000000E-001, 1.24664320E+000
 1.67000000E+000, 1.02669518E-001, 4.00469027E-001, 4.99515662E+000,-1.00000000E-001, 1.24639527E+000
 1.69000000E+000, 1.02865819E-001, 4.00501645E-001, 4.99480263E+000,-1.00000000E-001, 1.24613179E+000
 1.71000000E+000, 1.03074360E-001, 4.00536143E-001, 4.99442673E+000,-1.00000000E-001, 1.24585203E+000
 1.73000000E+000, 1.03295722E-001, 4.00572600E-001, 4.99402789E+000,-1.00000000E-001, 1.24555521E+000
 1.75000000E+000, 1.03530502E-001, 4.00611094E-001, 4.99360506E+000,-1.00000000E-001, 1.24524057E+000
 1.77000000E+000, 1.03779307E-001, 4.00651705E-001, 4.99315716E+000,-1.00000000E-001, 1.24490729E+000
 1.79000000E+000, 1.04042757E-001, 4.00694513E-001, 4.99268309E+000,-1.00000000E-001, 1.24455459E+000
 1.81000000E+000, 1.04321486E-001, 4.00739599E-001, 4.99218174E+000,-1.00000000E-001, 1.24418162E+000
 1.83000000E+000, 1.04616132E-001, 4.00787043E-001, 4.99165197E+000,-1.00000000E-001, 1.24378756E+000
 1.85000000E+000, 1.04927348E-001, 4.00836927E-001, 4.99109263E+000,-1.00000000E-001, 1.24337157E+000
 1.87000000E+000, 1.05255790E-001, 4.00889331E-001, 4.99050256E+000,-1.00000000E-001, 1.24293278E+000
 1.89000000E+000, 1.05602123E-001, 4.00944335E-001, 4.98988060E+000,-1.00000000E-001, 1.24247035E+000
 1.91000000E+000, 1.05967016E-001, 4.01002019E-001, 4.98922555E+000,-1.00000000E-001, 1.24198340E+000
 1.93000000E+000, 1.06351138E-001, 4.01062461E-001, 4.98853624E+000,-1.00000000E-001, 1.24147108E+000
 1.95000000E+000, 1.06755164E-001, 4.01125739E-001, 4.98781147E+000,-1.00000000E-001, 1.24093251E+000
 1.97000000E+000, 1.07179765E-001, 4.01191929E-001, 4.98705007E+000,-1.00000000E-001, 1.24036683E+000
 1.99000000E+000, 1.07625612E-001, 4.01261105E-001, 4.98625085E+000,-1.00000000E-001, 1.23977320E+000
 2.01000000E+000, 1.08093369E-001, 4.01333338E-001, 4.98541263E+000,-1.00000000E-001, 1.23915076E+000
 2.03000000E+000, 1.08583694E-001, 4.01408699E-001, 4.98453427E+000,-1.00000000E-001, 1.23849866E+000
 2.05000000E+000, 1.09097239E-001, 4.01487253E-001, 4.98361461E+000,-1.00000000E-001, 1.23781610E+000
 2.07000000E+000, 1.09634640E-001, 4.01569065E-001, 4.98265253E+000,-1.00000000E-001, 1.23710226E+000
 2.09000000E+000, 1.10196523E-001, 4.01654195E-001, 4.98164693E+000,-1.00000000E-001, 1.23635636E+000
 2.11000000E+000, 1.10783496E-001, 4.01742700E-001, 4.98059673E+000,-1.00000000E-001, 1.23557764E+000
 2.13000000E+000, 1.11396149E-001, 4.01834631E-001, 4.97950090E+000,-1.00000000E-001, 1.23476535E+000
 2.15000000E+000, 1.12035051E-001, 4.01930039E-001, 4.97835843E+000,-1.00000000E-001, 1.23391881E+000
 2.17000000E+000, 1.12700746E-001, 4.02028964E-001, 4.97716837E+000,-1.00000000E-001, 1.23303733E+000
 2.19000000E+000, 1.13393752E-001, 4.02131447E-001, 4.97592980E+000,-1.00000000E-001, 1.23212029E+000
 2.21000000E+000, 1.14114557E-001, 4.02237520E-001, 4.97464185E+000,-1.00000000E-001, 1.23116710E+000
 2.23000000E+000, 1.14863617E-001, 4.02347210E-001, 4.97330374E+000,-1.00000000E-001, 1.23017722E+000
 2.25000000E+000, 1.15641353E-001, 4.02460539E-001, 4.97191470E+000,-1.00000000E-001, 1.22915014E+000
 2.27000000E+000, 1.16448146E-001, 4.02577520E-001, 4.97047408E+000,-1.00000000E-001, 1.22808542E+000
 2.29000000E+000, 1.17284339E-001, 4.02698162E-001, 4.96898125E+000,-1.00000000E-001, 1.22698268E+000
 2.31000000E+000, 1.18150228E-001, 4.02822467E-001, 4.96743571E+000,-1.00000000E-001, 1.22584159E+000
 2.33000000E+000, 1.19046066E-001, 4.02950427E-001, 4.96583699E+000,-1.00000000E-001, 1.22466189E+000
 2.35000000E+000, 1.19972054E-001, 4.03082028E-001, 4.96418474E+000,-1.00000000E-001, 1.22344338E+000
 2.37000000E+000, 1.20928341E-001, 4.03217249E-001, 4.96247870E+000,-1.00000000E-001, 1.22218593E+000
 2.39000000E+000, 1.21915022E-001, 4.03356060E-001, 4.96071869E+000,-1.00000000E-001, 1.22088950E+000
 2.41000000E+000, 1.22932134E-001, 4.03498422E-001, 4.95890464E+000,-1.00000000E-001, 1.21955411E+000
 2.43000000E+000, 1.23979656E-001, 4.03644287E-001, 4.95703659E+000,-1.00000000E-001, 1.21817986E+000
 2.45000000E+000, 1.25057501E-001, 4.03793601E-001, 4.95511469E+000,-1.00000000E-001, 1.21676694E+000
 2.47000000E+000, 1.26165520E-001, 4.03946298E-001, 4.95313919E+000,-1.00000000E-001, 1.21531564E+000
 2.49000000E+000, 1.27303495E-001, 4.04102303E-001, 4.95111047E+000,-1.00000000E-001, 1.21382631E+000
 2.51000000E+000, 1.28471143E-001, 4.04261532E-001, 4.94902903E+000,-1.00000000E-001, 1.21229941E+000
 2.53000000E+000, 1.29668104E-001, 4.04423893E-001, 4.94689551E+000,-1.00000000E-001, 1.21073548E+000
 2.55000000E+000, 1.30893951E-001, 4.04589283E-001, 4.94471064E+000,-1.00000000E-001, 1.20913518E+000
 2.57000000E+000, 1.32148178E-001, 4.04757587E-001, 4.94247533E+000,-1.00000000E-001, 1.20749923E+000
 2.59000000E+000, 1.33430208E-001, 4.04928685E-001, 4.94019060E+000,-1.00000000E-001, 1.20582849E+000
 2.61000000E+000, 1.34739382E-001, 4.05102443E-001, 4.93785760E+000,-1.00000000E-001, 1.20412389E+000
 2.63000000E+000, 1.36074965E-001, 4.05278718E-001, 4.93547763E+000,-1.00000000E-001, 1.20238648E+000
 2.65000000E+000, 1.37436145E-001, 4.05457358E-001, 4.93305215E+000,-1.00000000E-001, 1.20061738E+000
 2.67000000E+000, 1.38822027E-001, 4.05638201E-001, 4.93058272E+000,-1.00000000E-001, 1.19881786E+000
 2.69000000E+000, 1.40231637E-001, 4.05821075E-001, 4.92807109E+000,-1.00000000E-001, 1.19698925E+000
 2.71000000E+000, 1.41663923E-001, 4.06005797E-001, 4.92551913E+000,-1.00000000E-001, 1.19513301E+000
 2.73000000E+000, 1.43117749E-001, 4.06192176E-001, 4.92292886E+000,-1.00000000E-001, 1.19325069E+000
 2.75000000E+000, 1.44591901E-001, 4.06380010E-001, 4.92030244E+000,-1.00000000E-001, 1.19134393E+000
 2.77000000E+000, 1.46085086E-001, 4.06569090E-001, 4.91764219E+000,-1.00000000E-001, 1.18941449E+000
 2.79000000E+000, 1.47595932E-001, 4.06759196E-001, 4.91495056E+000,-1.00000000E-001, 1.18746422E+000
 2.81000000E+000, 1.49122988E-001, 4.06950100E-001, 4.91223014E+000,-1.00000000E-001, 1.18549507E+000
 2.83000000E+000, 1.50664729E-001, 4.07141563E-001, 4.90948368E+000,-1.00000000E-001, 1.18350906E+000
 2.85000000E+000, 1.52219553E-001, 4.07333343E-001, 4.90671405E+000,-1.00000000E-001, 1.18150834E+000
 2.87000000E+000, 1.53785787E-001, 4.07525185E-001, 4.90392425E+000,-1.00000000E-001, 1.17949513E+000
 2.89000000E+000, 1.55361686E-001, 4.07716830E-001, 4.90111743E+000,-1.00000000E-001, 1.17747173E+000
 2.91000000E+000, 1.56945438E-001, 4.07908011E-001, 4.89829686E+000,-1.00000000E-001, 1.17544052E+000
 2.93000000E+000, 1.58535164E-001, 4.08098453E-001, 4.89546593E+000,-1.00000000E-001, 1.17340397E+000
 2.95000000E+000, 1.60128926E-001, 4.08287878E-001, 4.89262814E+000,-1.00000000E-001, 1.17136462E+000
 2.97000000E+000, 1.61724722E-001, 4.08476001E-001, 4.88978711E+000,-1.00000000E-001, 1.16932508E+000
 2.99000000E+000, 1.63320500E-001, 4.08662533E-001, 4.88694656E+000,-1.00000000E-001, 1.16728801E+000
 3.01000000E+000, 1.64914154E-001, 4.08847181E-001, 4.88411032E+000,-1.00000000E-001, 1.16525614E+000
 3.03000000E+000, 1.66503533E-001, 4.09029650E-001, 4.88128228E+000,-1.00000000E-001, 1.16323225E+000
 3.05000000E+000, 1.68086442E-001, 4.09209641E-001, 4.87846644E+000,-1.00000000E-001, 1.16121916E+000
 3.07000000E+000, 1.69660653E-001, 4.09386856E-001, 4.87566686E+000,-1.00000000E-001, 1.15921974E+000
 3.09000000E+000, 1.71223903E-001, 4.09560994E-001, 4.87288764E+000,-1.00000000E-001, 1.15723686E+000
 3.11000000E+000, 1.72773907E-001, 4.09731758E-001, 4.87013297E+000,-1.00000000E-001, 1.15527345E+000
 3.13000000E+000, 1.74308358E-001, 4.09898851E-001, 4.86740703E+000,-1.00000000E-001, 1.15333244E+000
 3.15000000E+000, 1.75824940E-001, 4.10061979E-001, 4.86471407E+000,-1.00000000E-001, 1.15141675E+000
 3.17000000E+000, 1.77321329E-001, 4.10220851E-001, 4.86205832E+000,-1.00000000E-001, 1.14952933E+000
 3.19000000E+000, 1.78795203E-001, 4.10375185E-001, 4.85944402E+000,-1.00000000E-001, 1.14767308E+000
 3.21000000E+000, 1.80244249E-001, 4.10524701E-001, 4.85687540E+000,-1.00000000E-001, 1.14585091E+000
 3.23000000E+000, 1.81666171E-001, 4.10669129E-001, 4.85435664E+000,-1.00000000E-001, 1.14406567E+000
 3.25000000E+000, 1.83058698E-001, 4.10808209E-001, 4.85189191E+000,-1.00000000E-001, 1.14232021E+000
 3.27000000E+000, 1.84419593E-001, 4.10941690E-001, 4.84948527E+000,-1.00000000E-001, 1.14061727E+000
 3.29000000E+000, 1.85746658E-001, 4.11069331E-001, 4.84714075E+000,-1.00000000E-001, 1.13895958E+000
 3.31000000E+000, 1.87037745E-001, 4.11190906E-001, 4.84486224E+000,-1.00000000E-001, 1.13734978E+000
 3.33000000E+000, 1.88290766E-001, 4.11306201E-001, 4.84265357E+000,-1.00000000E-001, 1.13579041E+000
 3.35000000E+000, 1.89503696E-001, 4.11415018E-001, 4.84051841E+000,-1.00000000E-001, 1.13428394E+000
 3.37000000E+000, 1.90674585E-001, 4.11517175E-001, 4.83846030E+000,-1.00000000E-001, 1.13283272E+000
 3.39000000E+000, 1.91801568E-001, 4.11612504E-001, 4.83648263E+000,-1.00000000E-001, 1.13143902E+000
 3.41000000E+000, 1.92882867E-001, 4.11700858E-001, 4.83458861E+000,-1.00000000E-001, 1.13010494E+000
 3.43000000E+000, 1.93916801E-001, 4.11782107E-001, 4.83278126E+000,-1.00000000E-001, 1.12883249E+000
 3.45000000E+000, 1.94901796E-001, 4.11856139E-001, 4.83106342E+000,-1.00000000E-001, 1.12762353E+000
 3.47000000E+000, 1.95836385E-001, 4.11922861E-001, 4.82943772E+000,-1.00000000E-001, 1.12647977E+000
 3.49000000E+000, 1.96719221E-001, 4.11982203E-001, 4.82790655E+000,-1.00000000E-001, 1.12540277E+000
 3.51000000E+000, 1.97549077E-001, 4.12034110E-001, 4.82647208E+000,-1.00000000E-001, 1.12439394E+000
 3.53000000E+000, 1.98324852E-001, 4.12078551E-001, 4.82513626E+000,-1.00000000E-001, 1.12345453E+000
 3.55000000E+000, 1.99045578E-001, 4.12115513E-001, 4.82390075E+000,-1.00000000E-001, 1.12258561E+000
 3.57000000E+000, 1.99710416E-001, 4.12145002E-001, 4.82276701E+000,-1.00000000E-001, 1.12178808E+000
 3.59000000E+000, 2.00318667E-001, 4.12167045E-001, 4.82173622E+000,-1.00000000E-001, 1.12106270E+000
 3.61000000E+000, 2.00869765E-001, 4.12181686E-001, 4.82080929E+000,-1.00000000E-001, 1.12041002E+000
 3.63000000E+000, 2.01363284E-001, 4.12188988E-001, 4.81998689E+000,-1.00000000E-001, 1.11983044E+000
 3.65000000E+000, 2.01798934E-001, 4.12189029E-001, 4.81926945E+000,-1.00000000E-001, 1.11932419E+000
 3.67000000E+000, 2.02176558E-001, 4.12181906E-001, 4.81865713E+000,-1.00000000E-001, 1.11889133E+000
 3.69000000E+000, 2.02496135E-001, 4.12167728E-001, 4.81814984E+000,-1.00000000E-001, 1.11853177E+000
 3.71000000E+000, 2.02757771E-001, 4.12146617E-001, 4.81774726E+000,-1.00000000E-001, 1.11824524E+000
 3.73000000E+000, 2.02961691E-001, 4.12118713E-001, 4.81744885E+000,-1.00000000E-001, 1.11803133E+000
 3.75000000E+000, 2.03108253E-001, 4.12084198E-001, 4.81725403E+000,-1.00000000E-001, 1.11788963E+000
 3.77000000E+000, 2.03197986E-001, 4.12042028E-001, 4.81716059E+000,-1.00000000E-001, 1.11781914E+000
 3.79000000E+000, 2.03228351E-001, 4.12008727E-001, 4.81715434E+000,-1.00000000E-001, 1.11781046E+000
 3.81000000E+000, 2.03181159E-001, 4.11997121E-001, 4.81724257E+000,-1.00000000E-001, 1.11786127E+000
 3.83000000E+000, 2.03029689E-001, 4.11973335E-001, 4.81752198E+000,-1.00000000E-001, 1.11804618E+000
 3.85000000E+000, 2.02777696E-001, 4.11936296E-001, 4.81799049E+000,-1.00000000E-001, 1.11836305E+000
 3.87000000E+000, 2.02427484E-001, 4.11886739E-001, 4.81863803E+000,-1.00000000E-001, 1.11880337E+000
 3.89000000E+000, 2.01981732E-001, 4.11825691E-001, 4.81945416E+000,-1.00000000E-001, 1.11936107E+000
 3.91000000E+000, 2.01443886E-001, 4.11753746E-001, 4.82043312E+000,-1.00000000E-001, 1.12003352E+000
 3.93000000E+000, 2.00817692E-001, 4.11671308E-001, 4.82157097E+000,-1.00000000E-001, 1.12081809E+000
 3.95000000E+000, 2.00106747E-001, 4.11578830E-001, 4.82286261E+000,-1.00000000E-001, 1.12171087E+000
 3.97000000E+000, 1.99314459E-001, 4.11476817E-001, 4.82430158E+000,-1.00000000E-001, 1.12270723E+000
 3.99000000E+000, 1.98444144E-001, 4.11365714E-001, 4.82588093E+000,-1.00000000E-001, 1.12380238E+000
 4.01000000E+000, 1.97499094E-001, 4.11245869E-001, 4.82759375E+000,-1.00000000E-001, 1.12499169E+000
 4.03000000E+000, 1.96482585E-001, 4.11117617E-001, 4.82943352E+000,-1.00000000E-001, 1.12627095E+000
 4.05000000E+000, 1.95397884E-001, 4.10981360E-001, 4.83139420E+000,-1.00000000E-001, 1.12763627E+000
 4.07000000E+000, 1.94248232E-001, 4.10837568E-001, 4.83347014E+000,-1.00000000E-001, 1.12908396E+000
 4.09000000E+000, 1.93036834E-001, 4.10686723E-001, 4.83565579E+000,-1.00000000E-001, 1.13061030E+000
 4.11000000E+000, 1.91766853E-001, 4.10529270E-001, 4.83794545E+000,-1.00000000E-001, 1.13221139E+000
 4.13000000E+000, 1.90441414E-001, 4.10365604E-001, 4.84033322E+000,-1.00000000E-001, 1.13388322E+000
 4.15000000E+000, 1.89063629E-001, 4.10196095E-001, 4.84281309E+000,-1.00000000E-001, 1.13562175E+000
 4.17000000E+000, 1.87636614E-001, 4.10021118E-001, 4.84537906E+000,-1.00000000E-001, 1.13742300E+000
 4.19000000E+000, 1.86163512E-001, 4.09841070E-001, 4.84802527E+000,-1.00000000E-001, 1.13928307E+000
 4.21000000E+000, 1.84647494E-001, 4.09656368E-001, 4.85074596E+000,-1.00000000E-001, 1.14119813E+000
 4.23000000E+000, 1.83091750E-001, 4.09467441E-001, 4.85353541E+000,-1.00000000E-001, 1.14316432E+000
 4.25000000E+000, 1.81499487E-001, 4.09274709E-001, 4.85638784E+000,-1.00000000E-001, 1.14517769E+000
 4.27000000E+000, 1.79873921E-001, 4.09078579E-001, 4.85929737E+000,-1.00000000E-001, 1.14723420E+000
 4.29000000E+000, 1.78218273E-001, 4.08879447E-001, 4.86225805E+000,-1.00000000E-001, 1.14932978E+000
 4.31000000E+000, 1.76535769E-001, 4.08677703E-001, 4.86526394E+000,-1.00000000E-001, 1.15146034E+000
 4.33000000E+000, 1.74829638E-001, 4.08473737E-001, 4.86830915E+000,-1.00000000E-001, 1.15362183E+000
 4.35000000E+000, 1.73103106E-001, 4.08267946E-001, 4.87138786E+000,-1.00000000E-001, 1.15581024E+000
 4.37000000E+000, 1.71359381E-001, 4.08060723E-001, 4.87449434E+000,-1.00000000E-001, 1.15802156E+000
 4.39000000E+000, 1.69601645E-001, 4.07852456E-001, 4.87762293E+000,-1.00000000E-001, 1.16025183E+000
 4.41000000E+000, 1.67833040E-001, 4.07643523E-001, 4.88076801E+000,-1.00000000E-001, 1.16249709E+000
 4.43000000E+000, 1.66056661E-001, 4.07434284E-001, 4.88392406E+000,-1.00000000E-001, 1.16475340E+000
 4.45000000E+000, 1.64275546E-001, 4.07225092E-001, 4.88708565E+000,-1.00000000E-001, 1.16701693E+000
 4.47000000E+000, 1.62492669E-001, 4.07016288E-001, 4.89024749E+000,-1.00000000E-001, 1.16928387E+000
 4.49000000E+000, 1.60710931E-001, 4.06808202E-001, 4.89340447E+000,-1.00000000E-001, 1.17155056E+000
 4.51000000E+000, 1.58933155E-001, 4.06601157E-001, 4.89655163E+000,-1.00000000E-001, 1.17381342E+000
 4.53000000E+000, 1.57162074E-001, 4.06395461E-001, 4.89968420E+000,-1.00000000E-001, 1.17606898E+000
 4.55000000E+000, 1.55400323E-001, 4.06191408E-001, 4.90279759E+000,-1.00000000E-001, 1.17831386E+000
 4.57000000E+000, 1.53650437E-001, 4.05989276E-001, 4.90588738E+000,-1.00000000E-001, 1.18054483E+000
 4.59000000E+000, 1.51914838E-001, 4.05789326E-001, 4.90894938E+000,-1.00000000E-001, 1.18275876E+000
 4.61000000E+000, 1.50195836E-001, 4.05591807E-001, 4.91197958E+000,-1.00000000E-001, 1.18495268E+000
 4.63000000E+000, 1.48495625E-001, 4.05396949E-001, 4.91497421E+000,-1.00000000E-001, 1.18712376E+000
 4.65000000E+000, 1.46816275E-001, 4.05204969E-001, 4.91792972E+000,-1.00000000E-001, 1.18926932E+000
 4.67000000E+000, 1.45159735E-001, 4.05016068E-001, 4.92084281E+000,-1.00000000E-001, 1.19138685E+000
 4.69000000E+000, 1.43527823E-001, 4.04830434E-001, 4.92371038E+000,-1.00000000E-001, 1.19347397E+000
 4.71000000E+000, 1.41922233E-001, 4.04648233E-001, 4.92652959E+000,-1.00000000E-001, 1.19552848E+000
 4.73000000E+000, 1.40344525E-001, 4.04469621E-001, 4.92929780E+000,-1.00000000E-001, 1.19754833E+000
 4.75000000E+000, 1.38796132E-001, 4.04294734E-001, 4.93201262E+000,-1.00000000E-001, 1.19953164E+000
 4.77000000E+000, 1.37278357E-001, 4.04123695E-001, 4.93467189E+000,-1.00000000E-001, 1.20147667E+000
 4.79000000E+000, 1.35792375E-001, 4.03956611E-001, 4.93727367E+000,-1.00000000E-001, 1.20338188E+000
 4.81000000E+000, 1.34339233E-001, 4.03793576E-001, 4.93981625E+000,-1.00000000E-001, 1.20524587E+000
 4.83000000E+000, 1.32919854E-001, 4.03634669E-001, 4.94229814E+000,-1.00000000E-001, 1.20706740E+000
 4.85000000E+000, 1.31535039E-001, 4.03479955E-001, 4.94471807E+000,-1.00000000E-001, 1.20884539E+000
 4.87000000E+000, 1.30185468E-001, 4.03329486E-001, 4.94707497E+000,-1.00000000E-001, 1.21057890E+000
 4.89000000E+000, 1.28871706E-001, 4.03183302E-001, 4.94936796E+000,-1.00000000E-001, 1.21226716E+000
 4.91000000E+000, 1.27594203E-001, 4.03041429E-001, 4.95159637E+000,-1.00000000E-001, 1.21390952E+000
 4.93000000E+000, 1.26353302E-001, 4.02903883E-001, 4.95375973E+000,-1.00000000E-001, 1.21550549E+000
 4.95000000E+000, 1.25149243E-001, 4.02770667E-001, 4.95585771E+000,-1.00000000E-001, 1.21705471E+000
 4.97000000E+000, 1.23982162E-001, 4.02641776E-001, 4.95789019E+000,-1.00000000E-001, 1.21855695E+000
 4.99000000E+000, 1.22852103E-001, 4.02517193E-001, 4.95985720E+000,-1.00000000E-001, 1.22001210E+000
 5.01000000E+000, 1.21759017E-001, 4.02396893E-001, 4.96175892E+000,-1.00000000E-001, 1.22142016E+000
 5.03000000E+000, 1.20702772E-001, 4.02280843E-001, 4.96359567E+000,-1.00000000E-001, 1.22278126E+000
 5.05000000E+000, 1.19683152E-001, 4.02168999E-001, 4.96536791E+000,-1.00000000E-001, 1.22409564E+000
 5.07000000E+000, 1.18699868E-001, 4.02061312E-001, 4.96707624E+000,-1.00000000E-001, 1.22536360E+000
 5.09000000E+000, 1.17752559E-001, 4.01957725E-001, 4.96872137E+000,-1.00000000E-001, 1.22658558E+000
 5.11000000E+000, 1.16840801E-001, 4.01858176E-001, 4.97030410E+000,-1.00000000E-001, 1.22776207E+000
 5.13000000E+000, 1.15964106E-001, 4.01762596E-001, 4.97182536E+000,-1.00000000E-001, 1.22889367E+000
 5.15000000E+000, 1.15121933E-001, 4.01670911E-001, 4.97328615E+000,-1.00000000E-001, 1.22998104E+000
 5.17000000E+000, 1.14313691E-001, 4.01583043E-001, 4.97468757E+000,-1.00000000E-001, 1.23102488E+000
 5.19000000E+000, 1.13538741E-001, 4.01498910E-001, 4.97603078E+000,-1.00000000E-001, 1.23202601E+000
 5.21000000E+000, 1.12796406E-001, 4.01418424E-001, 4.97731701E+000,-1.00000000E-001, 1.23298525E+000
 5.23000000E+000, 1.12085971E-001, 4.01341498E-001, 4.97854756E+000,-1.00000000E-001, 1.23390350E+000
 5.25000000E+000, 1.11406690E-001, 4.01268038E-001, 4.97972377E+000,-1.00000000E-001, 1.23478169E+000
 5.27000000E+000, 1.10757788E-001, 4.01197952E-001, 4.98084703E+000,-1.00000000E-001, 1.23562079E+000
 5.29000000E+000, 1.10138468E-001, 4.01131143E-001, 4.98191875E+000,-1.00000000E-001, 1.23642182E+000
 5.31000000E+000, 1.09547914E-001, 4.01067515E-001, 4.98294038E+000,-1.00000000E-001, 1.23718578E+000
 5.33000000E+000, 1.08985291E-001, 4.01006968E-001, 4.98391342E+000,-1.00000000E-001, 1.23791375E+000
 5.35000000E+000, 1.08449757E-001, 4.00949405E-001, 4.98483935E+000,-1.00000000E-001, 1.23860679E+000
 5.37000000E+000, 1.07940457E-001, 4.00894727E-001, 4.98571967E+000,-1.00000000E-001, 1.23926599E+000
 5.39000000E+000, 1.07456533E-001, 4.00842834E-001, 4.98655590E+000,-1.00000000E-001, 1.23989242E+000
 5.41000000E+000, 1.06997124E-001, 4.00793628E-001, 4.98734955E+000,-1.00000000E-001, 1.24048720E+000
 5.43000000E+000, 1.06561369E-001, 4.00747013E-001, 4.98810213E+000,-1.00000000E-001, 1.24105142E+000
 5.45000000E+000, 1.06148410E-001, 4.00702889E-001, 4.98881514E+000,-1.00000000E-001, 1.24158616E+000
 5.47000000E+000, 1.05757397E-001, 4.00661164E-001, 4.98949007E+000,-1.00000000E-001, 1.24209253E+000
 5.49000000E+000, 1.05387485E-001, 4.00621741E-001, 4.99012840E+000,-1.00000000E-001, 1.24257159E+000
 5.51000000E+000, 1.05037840E-001, 4.00584529E-001, 4.99073156E+000,-1.00000000E-001, 1.24302440E+000
 5.53000000E+000, 1.04707643E-001, 4.00549437E-001, 4.99130100E+000,-1.00000000E-001, 1.24345203E+000
 5.55000000E+000, 1.04396084E-001, 4.00516376E-001, 4.99183812E+000,-1.00000000E-001, 1.24385551E+000
 5.57000000E+000, 1.04102370E-001, 4.00485260E-001, 4.99234429E+000,-1.00000000E-001, 1.24423584E+000
 5.59000000E+000, 1.03825727E-001, 4.00456004E-001, 4.99282085E+000,-1.00000000E-001, 1.24459403E+000
 5.61000000E+000, 1.03565393E-001, 4.00428527E-001, 4.99326913E+000,-1.00000000E-001, 1.24493104E+000
 5.63000000E+000, 1.03320629E-001, 4.00402748E-001, 4.99369039E+000,-1.00000000E-001, 1.24524782E+000
 5.65000000E+000, 1.03090713E-001, 4.00378591E-001, 4.99408589E+000,-1.00000000E-001, 1.24554529E+000
 5.67000000E+000, 1.02874940E-001, 4.00355982E-001, 4.99445684E+000,-1.00000000E-001, 1.24582437E+000
 5.69000000E+000, 1.02672628E-001, 4.00334847E-001, 4.99480441E+000,-1.00000000E-001, 1.24608591E+000
 5.71000000E+000, 1.02483109E-001, 4.00315117E-001, 4.99512975E+000,-1.00000000E-001, 1.24633077E+000
 5.73000000E+000, 1.02305739E-001, 4.00296726E-001, 4.99543396E+000,-1.00000000E-001, 1.24655977E+000
 5.75000000E+000, 1.02139889E-001, 4.00279608E-001, 4.99571812E+000,-1.00000000E-001, 1.24677372E+000
 5.77000000E+000, 1.01984949E-001, 4.00263700E-001, 4.99598326E+000,-1.00000000E-001, 1.24697338E+000
 5.79000000E+000, 1.01840328E-001, 4.00248944E-001, 4.99623039E+000,-1.00000000E-001, 1.24715951E+000
 5.81000000E+000, 1.01705452E-001, 4.00235281E-001, 4.99646050E+000,-1.00000000E-001, 1.24733284E+000
 5.83000000E+000, 1.01579765E-001, 4.00222656E-001, 4.99667451E+000,-1.00000000E-001, 1.24749408E+000
 5.85000000E+000, 1.01462727E-001, 4.00211017E-001, 4.99687335E+000,-1.00000000E-001, 1.24764389E+000
 5.87000000E+000, 1.01353818E-001, 4.00200314E-001, 4.99705788E+000,-1.00000000E-001, 1.24778294E+000
 5.89000000E+000, 1.01252533E-001, 4.00190499E-001, 4.99722896E+000,-1.00000000E-001, 1.24791187E+000
 5.91000000E+000, 1.01158389E-001, 4.00181526E-001, 4.99738738E+000,-1.00000000E-001, 1.24803126E+000
 5.93000000E+000, 1.01070918E-001, 4.00173355E-001, 4.99753393E+000,-1.00000000E-001, 1.24814171E+000
 5.95000000E+000, 1.00989675E-001, 4.00165946E-001, 4.99766934E+000,-1.00000000E-001, 1.24824377E+000
 5.97000000E+000, 1.00914232E-001, 4.00159261E-001, 4.99779431E+000,-1.00000000E-001, 1.24833797E+000
 5.99000000E+000, 1.00844183E-001, 4.00153269E-001, 4.99790951E+000,-1.00000000E-001, 1.24842480E+000
 6.01000000E+000, 1.00779142E-001, 4.00147939E-001, 4.99801556E+000,-1.00000000E-001, 1.24850472E+000
 6.03000000E+000, 1.00718745E-001, 4.00143244E-001, 4.99811303E+000,-1.00000000E-001, 1.24857818E+000
 6.05000000E+000, 1.00662650E-001, 4.00139160E-001, 4.99820248E+000,-1.00000000E-001, 1.24864559E+000
 6.07000000E+000, 1.00610534E-001, 4.00135667E-001, 4.99828440E+000,-1.00000000E-001, 1.24870732E+000
 6.09000000E+000, 1.00562096E-001, 4.00132747E-001, 4.99835927E+000,-1.00000000E-001, 1.24876371E+000
 6.11000000E+000, 1.00517055E-001, 4.00130386E-001, 4.99842749E+000,-1.00000000E-001, 1.24881510E+000
 6.13000000E+000, 1.00475149E-001, 4.00128574E-001, 4.99848946E+000,-1.00000000E-001, 1.24886177E+000
 6.15000000E+000, 1.00436133E-001, 4.00127302E-001, 4.99854553E+000,-1.00000000E-001, 1.24890398E+000
 6.17000000E+000, 1.00399781E-001, 4.00126566E-001, 4.99859602E+000,-1.00000000E-001, 1.24894198E+000
 6.19000000E+000, 1.00365881E-001, 4.00126363E-001, 4.99864122E+000,-1.00000000E-001, 1.24897597E+000
 6.21000000E+000, 1.00334237E-001, 4.00126695E-001, 4.99868137E+000,-1.00000000E-001, 1.24900615E+000
 6.23000000E+000, 1.00304665E-001, 4.00127565E-001, 4.99871670E+000,-1.00000000E-001, 1.24903270E+000
 6.25000000E+000, 1.00276991E-001, 4.00128980E-001, 4.99874742E+000,-1.00000000E-001, 1.24905575E+000
 6.27000000E+000, 1.00251056E-001, 4.00130947E-001, 4.99877371E+000,-1.00000000E-001, 1.24907546E+000
 6.29000000E+000, 1.00226705E-001, 4.00133478E-001, 4.99879572E+000,-1.00000000E-001, 1.24909192E+000
 6.31000000E+000, 1.00203796E-001, 4.00136588E-001, 4.99881359E+000,-1.00000000E-001, 1.24910526E+000
 6.33000000E+000, 1.00182191E-001, 4.00140292E-001, 4.99882743E+000,-1.00000000E-001, 1.24911554E+000
 6.35000000E+000, 1.00161761E-001, 4.00144608E-001, 4.99883735E+000,-1.00000000E-001, 1.24912285E+000
 6.37000000E+000, 1.00142382E-001, 4.00149558E-001, 4.99884341E+000,-1.00000000E-001, 1.24912724E+000
 6.39000000E+000, 1.00123935E-001, 4.00155166E-001, 4.99884569E+000,-1.00000000E-001, 1.24912877E+000
 6.41000000E+000, 1.00106308E-001, 4.00161456E-001, 4.99884424E+000,-1.00000000E-001, 1.24912747E+000
 6.43000000E+000, 1.00089391E-001, 4.00168457E-001, 4.99883909E+000,-1.00000000E-001, 1.24912336E+000
 6.45000000E+000, 1.00073080E-001, 4.00176199E-001, 4.99883025E+000,-1.00000000E-001, 1.24911646E+000
 6.47000000E+000, 1.00057274E-001, 4.00184716E-001, 4.99881774E+000,-1.00000000E-001, 1.24910678E+000
 6.49000000E+000, 1.00041876E-001, 4.00194043E-001, 4.99880153E+000,-1.00000000E-001, 1.24909429E+000
 6.51000000E+000, 1.00026793E-001, 4.00204216E-001, 4.99878162E+000,-1.00000000E-001, 1.24907898E+000
 6.53000000E+000, 1.00011933E-001, 4.00215277E-001, 4.99875795E+000,-1.00000000E-001, 1.24906084E+000
 6.55000000E+000, 9.99972101E-002, 4.00227268E-001, 4.99873049E+000,-1.00000000E-001, 1.24903981E+000
 6.57000000E+000, 9.99825388E-002, 4.00240233E-001, 4.99869916E+000,-1.00000000E-001, 1.24901585E+000
 6.59000000E+000, 9.99678371E-002, 4.00254220E-001, 4.99866390E+000,-1.00000000E-001, 1.24898890E+000
 6.61000000E+000, 9.99530251E-002, 4.00269279E-001, 4.99862461E+000,-1.00000000E-001, 1.24895889E+000
 6.63000000E+000, 9.99380251E-002, 4.00285460E-001, 4.99858119E+000,-1.00000000E-001, 1.24892576E+000
 6.65000000E+000, 9.99227614E-002, 4.00302819E-001, 4.99853354E+000,-1.00000000E-001, 1.24888941E+000
 6.67000000E+000, 9.99071603E-002, 4.00321412E-001, 4.99848153E+000,-1.00000000E-001, 1.24884976E+000
 6.69000000E+000, 9.98911495E-002, 4.00341296E-001, 4.99842503E+000,-1.00000000E-001, 1.24880671E+000
 6.71000000E+000, 9.98746584E-002, 4.00362533E-001, 4.99836390E+000,-1.00000000E-001, 1.24876014E+000
 6.73000000E+000, 9.98576178E-002, 4.00385185E-001, 4.99829798E+000,-1.00000000E-001, 1.24870995E+000
 6.75000000E+000, 9.98399598E-002, 4.00409316E-001, 4.99822712E+000,-1.00000000E-001, 1.24865600E+000
 6.77000000E+000, 9.98216176E-002, 4.00434993E-001, 4.99815114E+000,-1.00000000E-001, 1.24859819E+000
 6.79000000E+000, 9.98025256E-002, 4.00462283E-001, 4.99806988E+000,-1.00000000E-001, 1.24853637E+000
 6.81000000E+000, 9.97826191E-002, 4.00491255E-001, 4.99798314E+000,-1.00000000E-001, 1.24847040E+000
 6.83000000E+000, 9.97618346E-002, 4.00521982E-001, 4.99789073E+000,-1.00000000E-001, 1.24840014E+000
 6.85000000E+000, 9.97401094E-002, 4.00554534E-001, 4.99779245E+000,-1.00000000E-001, 1.24832545E+000
 6.87000000E+000, 9.97173816E-002, 4.00588985E-001, 4.99768811E+000,-1.00000000E-001, 1.24824616E+000
 6.89000000E+000, 9.96935903E-002, 4.00625410E-001, 4.99757749E+000,-1.00000000E-001, 1.24816214E+000
 6.91000000E+000, 9.96686756E-002, 4.00663882E-001, 4.99746039E+000,-1.00000000E-001, 1.24807321E+000
 6.93000000E+000, 9.96425784E-002, 4.00704478E-001, 4.99733658E+000,-1.00000000E-001, 1.24797921E+000
 6.95000000E+000, 9.96152406E-002, 4.00747274E-001, 4.99720585E+000,-1.00000000E-001, 1.24787999E+000
 6.97000000E+000, 9.95866052E-002, 4.00792344E-001, 4.99706799E+000,-1.00000000E-001, 1.24777539E+000
 6.99000000E+000, 9.95566163E-002, 4.00839766E-001, 4.99692277E+000,-1.00000000E-001, 1.24766523E+000
 7.01000000E+000, 9.95252192E-002, 4.00889613E-001, 4.99676997E+000,-1.00000000E-001, 1.24754936E+000
 7.03000000E+000, 9.94923603E-002, 4.00941960E-001, 4.99660939E+000,-1.00000000E-001, 1.24742762E+000
 7.05000000E+000, 9.94579877E-002, 4.00996881E-001, 4.99644079E+000,-1.00000000E-001, 1.24729984E+000
 7.07000000E+000, 9.94220509E-002, 4.01054447E-001, 4.99626397E+000,-1.00000000E-001, 1.24716588E+000
 7.09000000E+000, 9.93845011E-002, 4.01114729E-001, 4.99607873E+000,-1.00000000E-001, 1.24702557E+000
 7.11000000E+000, 9.93452915E-002, 4.01177795E-001, 4.99588486E+000,-1.00000000E-001, 1.24687877E+000
 7.13000000E+000, 9.93043771E-002, 4.01243711E-001, 4.99568216E+000,-1.00000000E-001, 1.24672534E+000
 7.15000000E+000, 9.92617152E-002, 4.01312539E-001, 4.99547045E+000,-1.00000000E-001, 1.24656514E+000
 7.17000000E+000, 9.92172657E-002, 4.01384340E-001, 4.99524956E+000,-1.00000000E-001, 1.24639805E+000
 7.19000000E+000, 9.91709908E-002, 4.01459169E-001, 4.99501932E+000,-1.00000000E-001, 1.24622393E+000
 7.21000000E+000, 9.91228557E-002, 4.01537080E-001, 4.99477957E+000,-1.00000000E-001, 1.24604269E+000
 7.23000000E+000, 9.90728288E-002, 4.01618119E-001, 4.99453017E+000,-1.00000000E-001, 1.24585421E+000
 7.25000000E+000, 9.90208814E-002, 4.01702330E-001, 4.99427099E+000,-1.00000000E-001, 1.24565842E+000
 7.27000000E+000, 9.89669888E-002, 4.01789751E-001, 4.99400193E+000,-1.00000000E-001, 1.24545523E+000
 7.29000000E+000, 9.89111297E-002, 4.01880413E-001, 4.99372289E+000,-1.00000000E-001, 1.24524458E+000
 7.31000000E+000, 9.88532870E-002, 4.01974342E-001, 4.99343379E+000,-1.00000000E-001, 1.24502641E+000
 7.33000000E+000, 9.87934479E-002, 4.02071558E-001, 4.99313459E+000,-1.00000000E-001, 1.24480071E+000
 7.35000000E+000, 9.87316039E-002, 4.02172073E-001, 4.99282524E+000,-1.00000000E-001, 1.24456744E+000
 7.37000000E+000, 9.86677515E-002, 4.02275892E-001, 4.99250574E+000,-1.00000000E-001, 1.24432661E+000
 7.39000000E+000, 9.86018921E-002, 4.02383011E-001, 4.99217611E+000,-1.00000000E-001, 1.24407823E+000
 7.41000000E+000, 9.85340322E-002, 4.02493420E-001, 4.99183638E+000,-1.00000000E-001, 1.24382235E+000
 7.43000000E+000, 9.84641841E-002, 4.02607099E-001, 4.99148661E+000,-1.00000000E-001, 1.24355902E+000
 7.45000000E+000, 9.83923654E-002, 4.02724017E-001, 4.99112691E+000,-1.00000000E-001, 1.24328832E+000
 7.47000000E+000, 9.83185998E-002, 4.02844138E-001, 4.99075740E+000,-1.00000000E-001, 1.24301035E+000
 7.49000000E+000, 9.82429171E-002, 4.02967411E-001, 4.99037822E+000,-1.00000000E-001, 1.24272523E+000
 7.51000000E+000, 9.81653532E-002, 4.03093780E-001, 4.98998956E+000,-1.00000000E-001, 1.24243311E+000
 7.53000000E+000, 9.80859507E-002, 4.03223176E-001, 4.98959164E+000,-1.00000000E-001, 1.24213416E+000
 7.55000000E+000, 9.80047584E-002, 4.03355518E-001, 4.98918470E+000,-1.00000000E-001, 1.24182858E+000
 7.57000000E+000, 9.79218321E-002, 4.03490718E-001, 4.98876903E+000,-1.00000000E-001, 1.24151658E+000
 7.59000000E+000, 9.78372342E-002, 4.03628673E-001, 4.98834494E+000,-1.00000000E-001, 1.24119840E+000
 7.61000000E+000, 9.77510338E-002, 4.03769273E-001, 4.98791278E+000,-1.00000000E-001, 1.24087433E+000
 7.63000000E+000, 9.76633072E-002, 4.03912393E-001, 4.98747293E+000,-1.00000000E-001, 1.24054465E+000
 7.65000000E+000, 9.75741372E-002, 4.04057898E-001, 4.98702581E+000,-1.00000000E-001, 1.24020969E+000
 7.67000000E+000, 9.74836136E-002, 4.04205644E-001, 4.98657187E+000,-1.00000000E-001, 1.23986978E+000
 7.69000000E+000, 9.73918330E-002, 4.04355474E-001, 4.98611159E+000,-1.00000000E-001, 1.23952530E+000
 7.71000000E+000, 9.72988986E-002, 4.04507219E-001, 4.98564550E+000,-1.00000000E-001, 1.23917665E+000
 7.73000000E+000, 9.72049201E-002, 4.04660702E-001, 4.98517413E+000,-1.00000000E-001, 1.23882424E+000
 7.75000000E+000, 9.71100135E-002, 4.04815735E-001, 4.98469808E+000,-1.00000000E-001, 1.23846852E+000
 7.77000000E+000, 9.70143009E-002, 4.04972117E-001, 4.98421796E+000,-1.00000000E-001, 1.23810995E+000
 7.79000000E+000, 9.69179104E-002, 4.05129641E-001, 4.98373441E+000,-1.00000000E-001, 1.23774901E+000
 7.81000000E+000, 9.68209753E-002, 4.05288090E-001, 4.98324809E+000,-1.00000000E-001, 1.23738621E+000
 7.83000000E+000, 9.67236346E-002, 4.05447237E-001, 4.98275971E+000,-1.00000000E-001, 1.23702208E+000
 7.85000000E+000, 9.66260317E-002, 4.05606848E-001, 4.98226998E+000,-1.00000000E-001, 1.23665715E+000
 7.87000000E+000, 9.65283146E-002, 4.05766681E-001, 4.98177965E+000,-1.00000000E-001, 1.23629199E+000
 7.89000000E+000, 9.64306352E-002, 4.05926488E-001, 4.98128947E+000,-1.00000000E-001, 1.23592715E+000
 7.91000000E+000, 9.63331487E-002, 4.06086017E-001, 4.98080023E+000,-1.00000000E-001, 1.23556324E+000
 7.93000000E+000, 9.62360134E-002, 4.06245007E-001, 4.98031272E+000,-1.00000000E-001, 1.23520082E+000
 7.95000000E+000, 9.61393898E-002, 4.06403196E-001, 4.97982774E+000,-1.00000000E-001, 1.23484052E+000
 7.97000000E+000, 9.60434401E-002, 4.06560319E-001, 4.97934611E+000,-1.00000000E-001, 1.23448293E+000
 7.99000000E+000, 9.59483277E-002, 4.06716107E-001, 4.97886865E+000,-1.00000000E-001, 1.23412866E+000
 8.01000000E+000, 9.58542165E-002, 4.06870293E-001, 4.97839617E+000,-1.00000000E-001, 1.23377832E+000
 8.03000000E+000, 9.57612703E-002, 4.07022607E-001, 4.97792950E+000,-1.00000000E-001, 1.23343252E+000
 8.05000000E+000, 9.56696519E-002, 4.07172782E-001, 4.97746946E+000,-1.00000000E-001, 1.23309186E+000
 8.07000000E+000, 9.55795224E-002, 4.07320554E-001, 4.97701685E+000,-1.00000000E-001, 1.23275693E+000
 8.09000000E+000, 9.54910407E-002, 4.07465662E-001, 4.97657247E+000,-1.00000000E-001, 1.23242833E+000
 8.11000000E+000, 9.54043626E-002, 4.07607849E-001, 4.97613711E+000,-1.00000000E-001, 1.23210663E+000
 8.13000000E+000, 9.53196399E-002, 4.07746866E-001, 4.97571151E+000,-1.00000000E-001, 1.23179238E+000
 8.15000000E+000, 9.52370202E-002, 4.07882469E-001, 4.97529642E+000,-1.00000000E-001, 1.23148613E+000
 8.17000000E+000, 9.51566454E-002, 4.08014425E-001, 4.97489256E+000,-1.00000000E-001, 1.23118839E+000
 8.19000000E+000, 9.50786514E-002, 4.08142509E-001, 4.97450060E+000,-1.00000000E-001, 1.23089966E+000
 8.21000000E+000, 9.50031670E-002, 4.08266510E-001, 4.97412119E+000,-1.00000000E-001, 1.23062041E+000
 8.23000000E+000, 9.49303133E-002, 4.08386227E-001, 4.97375493E+000,-1.00000000E-001, 1.23035108E+000
 8.25000000E+000, 9.48602021E-002, 4.08501476E-001, 4.97340239E+000,-1.00000000E-001, 1.23009206E+000
 8.27000000E+000, 9.47929354E-002, 4.08612087E-001, 4.97306407E+000,-1.00000000E-001, 1.22984373E+000
 8.29000000E+000, 9.47286044E-002, 4.08717909E-001, 4.97274044E+000,-1.00000000E-001, 1.22960640E+000
 8.31000000E+000, 9.46672880E-002, 4.08818810E-001, 4.97243188E+000,-1.00000000E-001, 1.22938037E+000
 8.33000000E+000, 9.46090524E-002, 4.08914678E-001, 4.97213875E+000,-1.00000000E-001, 1.22916585E+000
 8.35000000E+000, 9.45539497E-002, 4.09005425E-001, 4.97186129E+000,-1.00000000E-001, 1.22896303E+000
 8.37000000E+000, 9.45020170E-002, 4.09090987E-001, 4.97159970E+000,-1.00000000E-001, 1.22877204E+000
 8.39000000E+000, 9.44532756E-002, 4.09171326E-001, 4.97135410E+000,-1.00000000E-001, 1.22859293E+000
 8.41000000E+000, 9.44077299E-002, 4.09246431E-001, 4.97112450E+000,-1.00000000E-001, 1.22842571E+000
 8.43000000E+000, 9.43653672E-002, 4.09316319E-001, 4.97091085E+000,-1.00000000E-001, 1.22827031E+000
 8.45000000E+000, 9.43261567E-002, 4.09381038E-001, 4.97071301E+000,-1.00000000E-001, 1.22812661E+000
 8.47000000E+000, 9.42900498E-002, 4.09440662E-001, 4.97053072E+000,-1.00000000E-001, 1.22799441E+000
 8.49000000E+000, 9.42569802E-002, 4.09495297E-001, 4.97036368E+000,-1.00000000E-001, 1.22787345E+000
 8.51000000E+000, 9.42268644E-002, 4.09545073E-001, 4.97021148E+000,-1.00000000E-001, 1.22776341E+000
 8.53000000E+000, 9.41996037E-002, 4.09590150E-001, 4.97007362E+000,-1.00000000E-001, 1.22766391E+000
 8.55000000E+000, 9.41750850E-002, 4.09630709E-001, 4.96994955E+000,-1.00000000E-001, 1.22757454E+000
 8.57000000E+000, 9.41531832E-002, 4.09666953E-001, 4.96983865E+000,-1.00000000E-001, 1.22749480E+000
 8.59000000E+000, 9.41337631E-002, 4.09699100E-001, 4.96974025E+000,-1.00000000E-001, 1.22742420E+000
 8.61000000E+000, 9.41166817E-002, 4.09727385E-001, 4.96965362E+000,-1.00000000E-001, 1.22736219E+000
 8.63000000E+000, 9.41017914E-002, 4.09752047E-001, 4.96957804E+000,-1.00000000E-001, 1.22730823E+000
 8.65000000E+000, 9.40889438E-002, 4.09773330E-001, 4.96951275E+000,-1.00000000E-001, 1.22726175E+000
 8.67000000E+000, 9.40779934E-002, 4.09791476E-001, 4.96945703E+000,-1.00000000E-001, 1.22722225E+000
 8.69000000E+000, 9.40688167E-002, 4.09806738E-001, 4.96941029E+000,-1.00000000E-001, 1.22718937E+000
 8.71000000E+000, 9.40615713E-002, 4.09819517E-001, 4.96937418E+000,-1.00000000E-001, 1.22716563E+000
 8.73000000E+000, 9.40578600E-002, 4.09831728E-001, 4.96936176E+000,-1.00000000E-001, 1.22716424E+000
 8.75000000E+000, 9.40611287E-002, 4.09832964E-001, 4.96939498E+000,-1.00000000E-001, 1.22719743E+000
 8.77000000E+000, 9.40727303E-002, 4.09818561E-001, 4.96946902E+000,-1.00000000E-001, 1.22725886E+000
 8.79000000E+000, 9.40912184E-002, 4.09791995E-001, 4.96957472E+000,-1.00000000E-001, 1.22734238E+000
 8.81000000E+000, 9.41152649E-002, 4.09755798E-001, 4.96970638E+000,-1.00000000E-001, 1.22744437E+000
 8.83000000E+000, 9.41440472E-002, 4.09711512E-001, 4.96986069E+000,-1.00000000E-001, 1.22756269E+000
 8.85000000E+000, 9.41770751E-002, 4.09660050E-001, 4.97003566E+000,-1.00000000E-001, 1.22769604E+000
 8.87000000E+000, 9.42140485E-002, 4.09601954E-001, 4.97023007E+000,-1.00000000E-001, 1.22784364E+000
 8.89000000E+000, 9.42547718E-002, 4.09537569E-001, 4.97044311E+000,-1.00000000E-001, 1.22800492E+000
 8.91000000E+000, 9.42991028E-002, 4.09467134E-001, 4.97067414E+000,-1.00000000E-001, 1.22817945E+000
 8.93000000E+000, 9.43469248E-002, 4.09390835E-001, 4.97092266E+000,-1.00000000E-001, 1.22836686E+000
 8.95000000E+000, 9.43981305E-002, 4.09308836E-001, 4.97118815E+000,-1.00000000E-001, 1.22856678E+000
 8.97000000E+000, 9.44526138E-002, 4.09221297E-001, 4.97147015E+000,-1.00000000E-001, 1.22877886E+000
 8.99000000E+000, 9.45102653E-002, 4.09128379E-001, 4.97176812E+000,-1.00000000E-001, 1.22900272E+000
 9.01000000E+000, 9.45709697E-002, 4.09030252E-001, 4.97208155E+000,-1.00000000E-001, 1.22923795E+000
 9.03000000E+000, 9.46346045E-002, 4.08927093E-001, 4.97240986E+000,-1.00000000E-001, 1.22948415E+000
 9.05000000E+000, 9.47010396E-002, 4.08819092E-001, 4.97275247E+000,-1.00000000E-001, 1.22974086E+000
 9.07000000E+000, 9.47701370E-002, 4.08706452E-001, 4.97310873E+000,-1.00000000E-001, 1.23000762E+000
 9.09000000E+000, 9.48417515E-002, 4.08589384E-001, 4.97347799E+000,-1.00000000E-001, 1.23028392E+000
 9.11000000E+000, 9.49157310E-002, 4.08468114E-001, 4.97385956E+000,-1.00000000E-001, 1.23056927E+000
 9.13000000E+000, 9.49919186E-002, 4.08342874E-001, 4.97425272E+000,-1.00000000E-001, 1.23086313E+000
 9.15000000E+000, 9.50701536E-002, 4.08213905E-001, 4.97465675E+000,-1.00000000E-001, 1.23116496E+000
 9.17000000E+000, 9.51502732E-002, 4.08081453E-001, 4.97507091E+000,-1.00000000E-001, 1.23147422E+000
 9.19000000E+000, 9.52321145E-002, 4.07945767E-001, 4.97549445E+000,-1.00000000E-001, 1.23179035E+000
 9.21000000E+000, 9.53155156E-002, 4.07807098E-001, 4.97592661E+000,-1.00000000E-001, 1.23211279E+000
 9.23000000E+000, 9.54003167E-002, 4.07665699E-001, 4.97636664E+000,-1.00000000E-001, 1.23244100E+000
 9.25000000E+000, 9.54863609E-002, 4.07521819E-001, 4.97681379E+000,-1.00000000E-001, 1.23277441E+000
 9.27000000E+000, 9.55734948E-002, 4.07375711E-001, 4.97726728E+000,-1.00000000E-001, 1.23311246E+000
 9.29000000E+000, 9.56615690E-002, 4.07227624E-001, 4.97772637E+000,-1.00000000E-001, 1.23345459E+000
 9.31000000E+000, 9.57504384E-002, 4.07077809E-001, 4.97819029E+000,-1.00000000E-001, 1.23380023E+000
 9.33000000E+000, 9.58399623E-002, 4.06926512E-001, 4.97865829E+000,-1.00000000E-001, 1.23414884E+000
 9.35000000E+000, 9.59300051E-002, 4.06773978E-001, 4.97912961E+000,-1.00000000E-001, 1.23449985E+000
 9.37000000E+000, 9.60204359E-002, 4.06620444E-001, 4.97960353E+000,-1.00000000E-001, 1.23485272E+000
 9.39000000E+000, 9.61111286E-002, 4.06466142E-001, 4.98007933E+000,-1.00000000E-001, 1.23520695E+000
 9.41000000E+000, 9.62019619E-002, 4.06311296E-001, 4.98055633E+000,-1.00000000E-001, 1.23556200E+000
 9.43000000E+000, 9.62928182E-002, 4.06156118E-001, 4.98103387E+000,-1.00000000E-001, 1.23591742E+000
 9.45000000E+000, 9.63835832E-002, 4.06000811E-001, 4.98151134E+000,-1.00000000E-001, 1.23627273E+000
 9.47000000E+000, 9.64741452E-002, 4.05845569E-001, 4.98198813E+000,-1.00000000E-001, 1.23662750E+000
 9.49000000E+000, 9.65643943E-002, 4.05690573E-001, 4.98246370E+000,-1.00000000E-001, 1.23698132E+000
 9.51000000E+000, 9.66542230E-002, 4.05535999E-001, 4.98293752E+000,-1.00000000E-001, 1.23733381E+000
 9.53000000E+000, 9.67435256E-002, 4.05382012E-001, 4.98340907E+000,-1.00000000E-001, 1.23768458E+000
 9.55000000E+000, 9.68322001E-002, 4.05228775E-001, 4.98387789E+000,-1.00000000E-001, 1.23803328E+000
 9.57000000E+000, 9.69201489E-002, 4.05076445E-001, 4.98434348E+000,-1.00000000E-001, 1.23837955E+000
 9.59000000E+000, 9.70072809E-002, 4.04925175E-001, 4.98480538E+000,-1.00000000E-001, 1.23872305E+000
 9.61000000E+000, 9.70935128E-002, 4.04775114E-001, 4.98526314E+000,-1.00000000E-001, 1.23906345E+000
 9.63000000E+000, 9.71787693E-002, 4.04626407E-001, 4.98571629E+000,-1.00000000E-001, 1.23940039E+000
 9.65000000E+000, 9.72629833E-002, 4.04479194E-001, 4.98616439E+000,-1.00000000E-001, 1.23973355E+000
 9.67000000E+000, 9.73460930E-002, 4.04333606E-001, 4.98660701E+000,-1.00000000E-001, 1.24006259E+000
 9.69000000E+000, 9.74280382E-002, 4.04189765E-001, 4.98704372E+000,-1.00000000E-001, 1.24038722E+000
 9.71000000E+000, 9.75087549E-002, 4.04047780E-001, 4.98747415E+000,-1.00000000E-001, 1.24070714E+000
 9.73000000E+000, 9.75881683E-002, 4.03907747E-001, 4.98789798E+000,-1.00000000E-001, 1.24102211E+000
 9.75000000E+000, 9.76661866E-002, 4.03769745E-001, 4.98831494E+000,-1.00000000E-001, 1.24133194E+000
 9.77000000E+000, 9.77426940E-002, 4.03633836E-001, 4.98872487E+000,-1.00000000E-001, 1.24163648E+000
 9.79000000E+000, 9.78175467E-002, 4.03500072E-001, 4.98912763E+000,-1.00000000E-001, 1.24193565E+000
 9.81000000E+000, 9.78905708E-002, 4.03368498E-001, 4.98952319E+000,-1.00000000E-001, 1.24222940E+000
 9.83000000E+000, 9.79615663E-002, 4.03239165E-001, 4.98991153E+000,-1.00000000E-001, 1.24251773E+000
 9.85000000E+000, 9.80303167E-002, 4.03112128E-001, 4.99029269E+000,-1.00000000E-001, 1.24280067E+000
 9.87000000E+000, 9.80966043E-002, 4.02987451E-001, 4.99066671E+000,-1.00000000E-001, 1.24307826E+000
 9.89000000E+000, 9.81602272E-002, 4.02865199E-001, 4.99103368E+000,-1.00000000E-001, 1.24335056E+000
 9.91000000E+000, 9.82210199E-002, 4.02745400E-001, 4.99139372E+000,-1.00000000E-001, 1.24361769E+000
 9.93000000E+000, 9.82788409E-002, 4.02627972E-001, 4.99174673E+000,-1.00000000E-001, 1.24387958E+000
 9.95000000E+000, 9.83333638E-002, 4.02514037E-001, 4.99209198E+000,-1.00000000E-001, 1.24413567E+000
 9.97000000E+000, 9.83855365E-002, 4.02403124E-001, 4.99243959E+000,-1.00000000E-001, 1.24439346E+000
 9.99000000E+000, 9.84390129E-002, 4.02255839E-001, 4.99277623E+000,-1.00000000E-001, 1.24464298E+000
