   1.0000460918181422      ,         500
X,ZB,H,U,ZF,QS
 1.00000000E-002, 1.00000153E-001, 4.00000004E-001, 4.99999995E+000,-1.00000000E-001, 1.24999997E+000
 3.00000000E-002, 1.00000194E-001, 4.00000007E-001, 4.99999991E+000,-1.00000000E-001, 1.24999993E+000
 5.00000000E-002, 1.00000222E-001, 4.00000011E-001, 4.99999985E+000,-1.00000000E-001, 1.24999989E+000
 7.00000000E-002, 1.00000251E-001, 4.00000015E-001, 4.99999979E+000,-1.00000000E-001, 1.24999985E+000
 9.00000000E-002, 1.00000284E-001, 4.00000020E-001, 4.99999973E+000,-1.00000000E-001, 1.24999980E+000
 1.10000000E-001, 1.00000323E-001, 4.00000025E-001, 4.99999965E+000,-1.00000000E-001, 1.24999974E+000
 1.30000000E-001, 1.00000368E-001, 4.00000031E-001, 4.99999957E+000,-1.00000000E-001, 1.24999968E+000
 1.50000000E-001, 1.00000419E-001, 4.00000037E-001, 4.99999947E+000,-1.00000000E-001, 1.24999960E+000
 1.70000000E-001, 1.00000478E-001, 4.00000045E-001, 4.99999936E+000,-1.00000000E-001, 1.24999952E+000
 1.90000000E-001, 1.00000546E-001, 4.00000053E-001, 4.99999924E+000,-1.00000000E-001, 1.24999943E+000
 2.10000000E-001, 1.00000623E-001, 4.00000062E-001, 4.99999910E+000,-1.00000000E-001, 1.24999932E+000
 2.30000000E-001, 1.00000712E-001, 4.00000072E-001, 4.99999894E+000,-1.00000000E-001, 1.24999921E+000
 2.50000000E-001, 1.00000813E-001, 4.00000084E-001, 4.99999876E+000,-1.00000000E-001, 1.24999907E+000
 2.70000000E-001, 1.00000928E-001, 4.00000097E-001, 4.99999855E+000,-1.00000000E-001, 1.24999892E+000
 2.90000000E-001, 1.00001060E-001, 4.00000112E-001, 4.99999832E+000,-1.00000000E-001, 1.24999874E+000
 3.10000000E-001, 1.00001210E-001, 4.00000129E-001, 4.99999806E+000,-1.00000000E-001, 1.24999854E+000
 3.30000000E-001, 1.00001380E-001, 4.00000148E-001, 4.99999776E+000,-1.00000000E-001, 1.24999832E+000
 3.50000000E-001, 1.00001574E-001, 4.00000170E-001, 4.99999742E+000,-1.00000000E-001, 1.24999806E+000
 3.70000000E-001, 1.00001795E-001, 4.00000195E-001, 4.99999703E+000,-1.00000000E-001, 1.24999777E+000
 3.90000000E-001, 1.00002045E-001, 4.00000222E-001, 4.99999660E+000,-1.00000000E-001, 1.24999745E+000
 4.10000000E-001, 1.00002328E-001, 4.00000254E-001, 4.99999610E+000,-1.00000000E-001, 1.24999708E+000
 4.30000000E-001, 1.00002649E-001, 4.00000289E-001, 4.99999554E+000,-1.00000000E-001, 1.24999666E+000
 4.50000000E-001, 1.00003013E-001, 4.00000330E-001, 4.99999491E+000,-1.00000000E-001, 1.24999618E+000
 4.70000000E-001, 1.00003424E-001, 4.00000375E-001, 4.99999420E+000,-1.00000000E-001, 1.24999565E+000
 4.90000000E-001, 1.00003889E-001, 4.00000426E-001, 4.99999339E+000,-1.00000000E-001, 1.24999504E+000
 5.10000000E-001, 1.00004413E-001, 4.00000484E-001, 4.99999248E+000,-1.00000000E-001, 1.24999436E+000
 5.30000000E-001, 1.00005004E-001, 4.00000549E-001, 4.99999145E+000,-1.00000000E-001, 1.24999359E+000
 5.50000000E-001, 1.00005671E-001, 4.00000622E-001, 4.99999030E+000,-1.00000000E-001, 1.24999272E+000
 5.70000000E-001, 1.00006422E-001, 4.00000705E-001, 4.99998900E+000,-1.00000000E-001, 1.24999175E+000
 5.90000000E-001, 1.00007266E-001, 4.00000798E-001, 4.99998754E+000,-1.00000000E-001, 1.24999065E+000
 6.10000000E-001, 1.00008216E-001, 4.00000902E-001, 4.99998589E+000,-1.00000000E-001, 1.24998942E+000
 6.30000000E-001, 1.00009282E-001, 4.00001019E-001, 4.99998405E+000,-1.00000000E-001, 1.24998804E+000
 6.50000000E-001, 1.00010479E-001, 4.00001151E-001, 4.99998198E+000,-1.00000000E-001, 1.24998648E+000
 6.70000000E-001, 1.00011821E-001, 4.00001298E-001, 4.99997966E+000,-1.00000000E-001, 1.24998474E+000
 6.90000000E-001, 1.00013324E-001, 4.00001463E-001, 4.99997706E+000,-1.00000000E-001, 1.24998279E+000
 7.10000000E-001, 1.00015008E-001, 4.00001648E-001, 4.99997415E+000,-1.00000000E-001, 1.24998061E+000
 7.30000000E-001, 1.00016890E-001, 4.00001854E-001, 4.99997089E+000,-1.00000000E-001, 1.24997817E+000
 7.50000000E-001, 1.00018994E-001, 4.00002085E-001, 4.99996726E+000,-1.00000000E-001, 1.24997544E+000
 7.70000000E-001, 1.00021344E-001, 4.00002343E-001, 4.99996319E+000,-1.00000000E-001, 1.24997240E+000
 7.90000000E-001, 1.00023965E-001, 4.00002631E-001, 4.99995866E+000,-1.00000000E-001, 1.24996900E+000
 8.10000000E-001, 1.00026888E-001, 4.00002951E-001, 4.99995361E+000,-1.00000000E-001, 1.24996521E+000
 8.30000000E-001, 1.00030143E-001, 4.00003309E-001, 4.99994799E+000,-1.00000000E-001, 1.24996099E+000
 8.50000000E-001, 1.00033765E-001, 4.00003706E-001, 4.99994173E+000,-1.00000000E-001, 1.24995630E+000
 8.70000000E-001, 1.00037793E-001, 4.00004148E-001, 4.99993477E+000,-1.00000000E-001, 1.24995108E+000
 8.90000000E-001, 1.00042268E-001, 4.00004639E-001, 4.99992703E+000,-1.00000000E-001, 1.24994528E+000
 9.10000000E-001, 1.00047236E-001, 4.00005184E-001, 4.99991845E+000,-1.00000000E-001, 1.24993884E+000
 9.30000000E-001, 1.00052746E-001, 4.00005789E-001, 4.99990892E+000,-1.00000000E-001, 1.24993170E+000
 9.50000000E-001, 1.00058853E-001, 4.00006459E-001, 4.99989837E+000,-1.00000000E-001, 1.24992378E+000
 9.70000000E-001, 1.00065614E-001, 4.00007201E-001, 4.99988669E+000,-1.00000000E-001, 1.24991502E+000
 9.90000000E-001, 1.00073095E-001, 4.00008022E-001, 4.99987376E+000,-1.00000000E-001, 1.24990532E+000
 1.01000000E+000, 1.00081364E-001, 4.00008929E-001, 4.99985947E+000,-1.00000000E-001, 1.24989461E+000
 1.03000000E+000, 1.00090497E-001, 4.00009931E-001, 4.99984369E+000,-1.00000000E-001, 1.24988277E+000
 1.05000000E+000, 1.00100576E-001, 4.00011037E-001, 4.99982627E+000,-1.00000000E-001, 1.24986971E+000
 1.07000000E+000, 1.00111689E-001, 4.00012257E-001, 4.99980707E+000,-1.00000000E-001, 1.24985531E+000
 1.09000000E+000, 1.00123931E-001, 4.00013600E-001, 4.99978592E+000,-1.00000000E-001, 1.24983945E+000
 1.11000000E+000, 1.00137406E-001, 4.00015079E-001, 4.99976263E+000,-1.00000000E-001, 1.24982198E+000
 1.13000000E+000, 1.00152226E-001, 4.00016706E-001, 4.99973702E+000,-1.00000000E-001, 1.24980278E+000
 1.15000000E+000, 1.00168511E-001, 4.00018493E-001, 4.99970888E+000,-1.00000000E-001, 1.24978168E+000
 1.17000000E+000, 1.00186390E-001, 4.00020455E-001, 4.99967798E+000,-1.00000000E-001, 1.24975851E+000
 1.19000000E+000, 1.00206002E-001, 4.00022608E-001, 4.99964409E+000,-1.00000000E-001, 1.24973309E+000
 1.21000000E+000, 1.00227497E-001, 4.00024967E-001, 4.99960695E+000,-1.00000000E-001, 1.24970524E+000
 1.23000000E+000, 1.00251036E-001, 4.00027551E-001, 4.99956627E+000,-1.00000000E-001, 1.24967473E+000
 1.25000000E+000, 1.00276791E-001, 4.00030378E-001, 4.99952176E+000,-1.00000000E-001, 1.24964136E+000
 1.27000000E+000, 1.00304946E-001, 4.00033469E-001, 4.99947310E+000,-1.00000000E-001, 1.24960487E+000
 1.29000000E+000, 1.00335697E-001, 4.00036845E-001, 4.99941996E+000,-1.00000000E-001, 1.24956502E+000
 1.31000000E+000, 1.00369256E-001, 4.00040529E-001, 4.99936196E+000,-1.00000000E-001, 1.24952153E+000
 1.33000000E+000, 1.00405847E-001, 4.00044546E-001, 4.99929872E+000,-1.00000000E-001, 1.24947412E+000
 1.35000000E+000, 1.00445709E-001, 4.00048923E-001, 4.99922982E+000,-1.00000000E-001, 1.24942246E+000
 1.37000000E+000, 1.00489096E-001, 4.00053687E-001, 4.99915483E+000,-1.00000000E-001, 1.24936624E+000
 1.39000000E+000, 1.00536280E-001, 4.00058868E-001, 4.99907328E+000,-1.00000000E-001, 1.24930509E+000
 1.41000000E+000, 1.00587548E-001, 4.00064498E-001, 4.99898467E+000,-1.00000000E-001, 1.24923866E+000
 1.43000000E+000, 1.00643204E-001, 4.00070611E-001, 4.99888846E+000,-1.00000000E-001, 1.24916654E+000
 1.45000000E+000, 1.00703571E-001, 4.00077241E-001, 4.99878412E+000,-1.00000000E-001, 1.24908831E+000
 1.47000000E+000, 1.00768989E-001, 4.00084426E-001, 4.99867103E+000,-1.00000000E-001, 1.24900354E+000
 1.49000000E+000, 1.00839820E-001, 4.00092207E-001, 4.99854859E+000,-1.00000000E-001, 1.24891176E+000
 1.51000000E+000, 1.00916443E-001, 4.00100625E-001, 4.99841612E+000,-1.00000000E-001, 1.24881248E+000
 1.53000000E+000, 1.00999258E-001, 4.00109724E-001, 4.99827295E+000,-1.00000000E-001, 1.24870517E+000
 1.55000000E+000, 1.01088686E-001, 4.00119550E-001, 4.99811834E+000,-1.00000000E-001, 1.24858929E+000
 1.57000000E+000, 1.01185169E-001, 4.00130153E-001, 4.99795152E+000,-1.00000000E-001, 1.24846428E+000
 1.59000000E+000, 1.01289170E-001, 4.00141583E-001, 4.99777170E+000,-1.00000000E-001, 1.24832953E+000
 1.61000000E+000, 1.01401176E-001, 4.00153895E-001, 4.99757802E+000,-1.00000000E-001, 1.24818441E+000
 1.63000000E+000, 1.01521694E-001, 4.00167144E-001, 4.99736962E+000,-1.00000000E-001, 1.24802826E+000
 1.65000000E+000, 1.01651254E-001, 4.00181389E-001, 4.99714556E+000,-1.00000000E-001, 1.24786040E+000
 1.67000000E+000, 1.01790408E-001, 4.00196691E-001, 4.99690490E+000,-1.00000000E-001, 1.24768012E+000
 1.69000000E+000, 1.01939732E-001, 4.00213114E-001, 4.99664663E+000,-1.00000000E-001, 1.24748667E+000
 1.71000000E+000, 1.02099824E-001, 4.00230725E-001, 4.99636971E+000,-1.00000000E-001, 1.24727927E+000
 1.73000000E+000, 1.02271304E-001, 4.00249592E-001, 4.99607308E+000,-1.00000000E-001, 1.24705714E+000
 1.75000000E+000, 1.02454814E-001, 4.00269786E-001, 4.99575561E+000,-1.00000000E-001, 1.24681942E+000
 1.77000000E+000, 1.02651019E-001, 4.00291382E-001, 4.99541615E+000,-1.00000000E-001, 1.24656528E+000
 1.79000000E+000, 1.02860604E-001, 4.00314455E-001, 4.99505350E+000,-1.00000000E-001, 1.24629381E+000
 1.81000000E+000, 1.03084275E-001, 4.00339085E-001, 4.99466644E+000,-1.00000000E-001, 1.24600411E+000
 1.83000000E+000, 1.03322758E-001, 4.00365353E-001, 4.99425371E+000,-1.00000000E-001, 1.24569525E+000
 1.85000000E+000, 1.03576799E-001, 4.00393342E-001, 4.99381400E+000,-1.00000000E-001, 1.24536626E+000
 1.87000000E+000, 1.03847161E-001, 4.00423137E-001, 4.99334599E+000,-1.00000000E-001, 1.24501615E+000
 1.89000000E+000, 1.04134625E-001, 4.00454827E-001, 4.99284831E+000,-1.00000000E-001, 1.24464392E+000
 1.91000000E+000, 1.04439986E-001, 4.00488500E-001, 4.99231957E+000,-1.00000000E-001, 1.24424854E+000
 1.93000000E+000, 1.04764054E-001, 4.00524248E-001, 4.99175836E+000,-1.00000000E-001, 1.24382898E+000
 1.95000000E+000, 1.05107652E-001, 4.00562164E-001, 4.99116325E+000,-1.00000000E-001, 1.24338416E+000
 1.97000000E+000, 1.05471612E-001, 4.00602343E-001, 4.99053276E+000,-1.00000000E-001, 1.24291303E+000
 1.99000000E+000, 1.05856777E-001, 4.00644879E-001, 4.98986543E+000,-1.00000000E-001, 1.24241449E+000
 2.01000000E+000, 1.06263995E-001, 4.00689869E-001, 4.98915977E+000,-1.00000000E-001, 1.24188746E+000
 2.03000000E+000, 1.06694117E-001, 4.00737411E-001, 4.98841427E+000,-1.00000000E-001, 1.24133085E+000
 2.05000000E+000, 1.07147997E-001, 4.00787603E-001, 4.98762745E+000,-1.00000000E-001, 1.24074356E+000
 2.07000000E+000, 1.07626490E-001, 4.00840543E-001, 4.98679778E+000,-1.00000000E-001, 1.24012449E+000
 2.09000000E+000, 1.08130443E-001, 4.00896328E-001, 4.98592378E+000,-1.00000000E-001, 1.23947256E+000
 2.11000000E+000, 1.08660700E-001, 4.00955058E-001, 4.98500395E+000,-1.00000000E-001, 1.23878669E+000
 2.13000000E+000, 1.09218093E-001, 4.01016828E-001, 4.98403681E+000,-1.00000000E-001, 1.23806582E+000
 2.15000000E+000, 1.09803442E-001, 4.01081736E-001, 4.98302091E+000,-1.00000000E-001, 1.23730891E+000
 2.17000000E+000, 1.10417549E-001, 4.01149876E-001, 4.98195481E+000,-1.00000000E-001, 1.23651493E+000
 2.19000000E+000, 1.11061197E-001, 4.01221341E-001, 4.98083712E+000,-1.00000000E-001, 1.23568289E+000
 2.21000000E+000, 1.11735147E-001, 4.01296223E-001, 4.97966647E+000,-1.00000000E-001, 1.23481182E+000
 2.23000000E+000, 1.12440130E-001, 4.01374609E-001, 4.97844154E+000,-1.00000000E-001, 1.23390081E+000
 2.25000000E+000, 1.13176846E-001, 4.01456587E-001, 4.97716107E+000,-1.00000000E-001, 1.23294896E+000
 2.27000000E+000, 1.13945962E-001, 4.01542238E-001, 4.97582384E+000,-1.00000000E-001, 1.23195544E+000
 2.29000000E+000, 1.14748105E-001, 4.01631641E-001, 4.97442870E+000,-1.00000000E-001, 1.23091948E+000
 2.31000000E+000, 1.15583858E-001, 4.01724870E-001, 4.97297457E+000,-1.00000000E-001, 1.22984033E+000
 2.33000000E+000, 1.16453758E-001, 4.01821996E-001, 4.97146047E+000,-1.00000000E-001, 1.22871733E+000
 2.35000000E+000, 1.17358291E-001, 4.01923084E-001, 4.96988546E+000,-1.00000000E-001, 1.22754989E+000
 2.37000000E+000, 1.18297888E-001, 4.02028193E-001, 4.96824874E+000,-1.00000000E-001, 1.22633749E+000
 2.39000000E+000, 1.19272921E-001, 4.02137376E-001, 4.96654956E+000,-1.00000000E-001, 1.22507968E+000
 2.41000000E+000, 1.20283699E-001, 4.02250681E-001, 4.96478732E+000,-1.00000000E-001, 1.22377608E+000
 2.43000000E+000, 1.21330464E-001, 4.02368148E-001, 4.96296151E+000,-1.00000000E-001, 1.22242644E+000
 2.45000000E+000, 1.22413387E-001, 4.02489809E-001, 4.96107173E+000,-1.00000000E-001, 1.22103056E+000
 2.47000000E+000, 1.23532565E-001, 4.02615690E-001, 4.95911774E+000,-1.00000000E-001, 1.21958836E+000
 2.49000000E+000, 1.24688019E-001, 4.02745808E-001, 4.95709939E+000,-1.00000000E-001, 1.21809986E+000
 2.51000000E+000, 1.25879686E-001, 4.02880171E-001, 4.95501670E+000,-1.00000000E-001, 1.21656518E+000
 2.53000000E+000, 1.27107421E-001, 4.03018779E-001, 4.95286982E+000,-1.00000000E-001, 1.21498455E+000
 2.55000000E+000, 1.28370989E-001, 4.03161621E-001, 4.95065906E+000,-1.00000000E-001, 1.21335831E+000
 2.57000000E+000, 1.29670066E-001, 4.03308677E-001, 4.94838487E+000,-1.00000000E-001, 1.21168693E+000
 2.59000000E+000, 1.31004235E-001, 4.03459918E-001, 4.94604788E+000,-1.00000000E-001, 1.20997100E+000
 2.61000000E+000, 1.32372985E-001, 4.03615302E-001, 4.94364887E+000,-1.00000000E-001, 1.20821121E+000
 2.63000000E+000, 1.33775704E-001, 4.03774777E-001, 4.94118880E+000,-1.00000000E-001, 1.20640841E+000
 2.65000000E+000, 1.35211683E-001, 4.03938282E-001, 4.93866880E+000,-1.00000000E-001, 1.20456355E+000
 2.67000000E+000, 1.36680112E-001, 4.04105740E-001, 4.93609017E+000,-1.00000000E-001, 1.20267772E+000
 2.69000000E+000, 1.38180077E-001, 4.04277067E-001, 4.93345442E+000,-1.00000000E-001, 1.20075215E+000
 2.71000000E+000, 1.39710564E-001, 4.04452164E-001, 4.93076320E+000,-1.00000000E-001, 1.19878818E+000
 2.73000000E+000, 1.41270454E-001, 4.04630920E-001, 4.92801838E+000,-1.00000000E-001, 1.19678729E+000
 2.75000000E+000, 1.42858525E-001, 4.04813214E-001, 4.92522199E+000,-1.00000000E-001, 1.19475110E+000
 2.77000000E+000, 1.44473456E-001, 4.04998909E-001, 4.92237625E+000,-1.00000000E-001, 1.19268136E+000
 2.79000000E+000, 1.46113824E-001, 4.05187860E-001, 4.91948356E+000,-1.00000000E-001, 1.19057991E+000
 2.81000000E+000, 1.47778112E-001, 4.05379908E-001, 4.91654650E+000,-1.00000000E-001, 1.18844876E+000
 2.83000000E+000, 1.49464715E-001, 4.05574882E-001, 4.91356781E+000,-1.00000000E-001, 1.18629000E+000
 2.85000000E+000, 1.51171943E-001, 4.05772603E-001, 4.91055037E+000,-1.00000000E-001, 1.18410582E+000
 2.87000000E+000, 1.52898038E-001, 4.05972879E-001, 4.90749720E+000,-1.00000000E-001, 1.18189852E+000
 2.89000000E+000, 1.54641187E-001, 4.06175514E-001, 4.90441145E+000,-1.00000000E-001, 1.17967044E+000
 2.91000000E+000, 1.56399542E-001, 4.06380305E-001, 4.90129629E+000,-1.00000000E-001, 1.17742398E+000
 2.93000000E+000, 1.58171249E-001, 4.06587045E-001, 4.89815497E+000,-1.00000000E-001, 1.17516154E+000
 2.95000000E+000, 1.59954481E-001, 4.06795532E-001, 4.89499065E+000,-1.00000000E-001, 1.17288546E+000
 2.97000000E+000, 1.61747487E-001, 4.07005568E-001, 4.89180639E+000,-1.00000000E-001, 1.17059802E+000
 2.99000000E+000, 1.63548639E-001, 4.07216969E-001, 4.88860506E+000,-1.00000000E-001, 1.16830130E+000
 3.01000000E+000, 1.65356500E-001, 4.07429576E-001, 4.88538913E+000,-1.00000000E-001, 1.16599715E+000
 3.03000000E+000, 1.67169002E-001, 4.07643233E-001, 4.88216188E+000,-1.00000000E-001, 1.16368792E+000
 3.05000000E+000, 1.68979660E-001, 4.07856898E-001, 4.87893564E+000,-1.00000000E-001, 1.16138246E+000
 3.07000000E+000, 1.70781208E-001, 4.08070049E-001, 4.87572303E+000,-1.00000000E-001, 1.15908978E+000
 3.09000000E+000, 1.72570178E-001, 4.08282136E-001, 4.87253021E+000,-1.00000000E-001, 1.15681422E+000
 3.11000000E+000, 1.74345501E-001, 4.08492988E-001, 4.86935903E+000,-1.00000000E-001, 1.15455703E+000
 3.13000000E+000, 1.76105690E-001, 4.08702445E-001, 4.86621211E+000,-1.00000000E-001, 1.15232000E+000
 3.15000000E+000, 1.77848623E-001, 4.08910255E-001, 4.86309346E+000,-1.00000000E-001, 1.15010593E+000
 3.17000000E+000, 1.79571718E-001, 4.09116112E-001, 4.86000790E+000,-1.00000000E-001, 1.14791814E+000
 3.19000000E+000, 1.81272126E-001, 4.09319660E-001, 4.85696064E+000,-1.00000000E-001, 1.14576023E+000
 3.21000000E+000, 1.82946886E-001, 4.09520513E-001, 4.85395696E+000,-1.00000000E-001, 1.14363583E+000
 3.23000000E+000, 1.84593006E-001, 4.09718273E-001, 4.85100220E+000,-1.00000000E-001, 1.14154860E+000
 3.25000000E+000, 1.86207499E-001, 4.09912583E-001, 4.84810192E+000,-1.00000000E-001, 1.13950231E+000
 3.27000000E+000, 1.87787384E-001, 4.10103068E-001, 4.84526171E+000,-1.00000000E-001, 1.13750078E+000
 3.29000000E+000, 1.89329606E-001, 4.10289356E-001, 4.84248722E+000,-1.00000000E-001, 1.13554784E+000
 3.31000000E+000, 1.90831006E-001, 4.10471041E-001, 4.83978433E+000,-1.00000000E-001, 1.13364744E+000
 3.33000000E+000, 1.92288310E-001, 4.10647661E-001, 4.83715891E+000,-1.00000000E-001, 1.13180354E+000
 3.35000000E+000, 1.93698180E-001, 4.10818796E-001, 4.83461709E+000,-1.00000000E-001, 1.13002026E+000
 3.37000000E+000, 1.95057420E-001, 4.10984042E-001, 4.83216499E+000,-1.00000000E-001, 1.12830170E+000
 3.39000000E+000, 1.96363154E-001, 4.11143005E-001, 4.82980797E+000,-1.00000000E-001, 1.12665142E+000
 3.41000000E+000, 1.97612984E-001, 4.11295412E-001, 4.82755065E+000,-1.00000000E-001, 1.12507246E+000
 3.43000000E+000, 1.98805072E-001, 4.11440976E-001, 4.82539648E+000,-1.00000000E-001, 1.12356703E+000
 3.45000000E+000, 1.99937899E-001, 4.11579450E-001, 4.82334800E+000,-1.00000000E-001, 1.12213671E+000
 3.47000000E+000, 2.01009922E-001, 4.11710698E-001, 4.82140841E+000,-1.00000000E-001, 1.12078353E+000
 3.49000000E+000, 2.02019146E-001, 4.11834384E-001, 4.81958144E+000,-1.00000000E-001, 1.11950991E+000
 3.51000000E+000, 2.02962578E-001, 4.11950151E-001, 4.81787251E+000,-1.00000000E-001, 1.11831946E+000
 3.53000000E+000, 2.03836085E-001, 4.12057542E-001, 4.81628978E+000,-1.00000000E-001, 1.11721768E+000
 3.55000000E+000, 2.04634349E-001, 4.12155704E-001, 4.81484251E+000,-1.00000000E-001, 1.11621082E+000
 3.57000000E+000, 2.05350903E-001, 4.12243928E-001, 4.81354253E+000,-1.00000000E-001, 1.11530694E+000
 3.59000000E+000, 2.05978757E-001, 4.12321354E-001, 4.81240349E+000,-1.00000000E-001, 1.11451537E+000
 3.61000000E+000, 2.06510920E-001, 4.12386869E-001, 4.81143740E+000,-1.00000000E-001, 1.11384428E+000
 3.63000000E+000, 2.06941449E-001, 4.12440011E-001, 4.81065607E+000,-1.00000000E-001, 1.11330173E+000
 3.65000000E+000, 2.07267584E-001, 4.12480225E-001, 4.81006527E+000,-1.00000000E-001, 1.11289161E+000
 3.67000000E+000, 2.07491495E-001, 4.12507530E-001, 4.80965963E+000,-1.00000000E-001, 1.11261008E+000
 3.69000000E+000, 2.07622680E-001, 4.12523616E-001, 4.80942375E+000,-1.00000000E-001, 1.11244641E+000
 3.71000000E+000, 2.07679736E-001, 4.12530211E-001, 4.80932392E+000,-1.00000000E-001, 1.11237717E+000
 3.73000000E+000, 2.07689812E-001, 4.12531148E-001, 4.80930678E+000,-1.00000000E-001, 1.11236531E+000
 3.75000000E+000, 2.07675049E-001, 4.12529477E-001, 4.80933257E+000,-1.00000000E-001, 1.11238319E+000
 3.77000000E+000, 2.07629456E-001, 4.12524123E-001, 4.80941372E+000,-1.00000000E-001, 1.11243948E+000
 3.79000000E+000, 2.07536577E-001, 4.12512917E-001, 4.80958071E+000,-1.00000000E-001, 1.11255535E+000
 3.81000000E+000, 2.07380647E-001, 4.12493839E-001, 4.80986235E+000,-1.00000000E-001, 1.11275080E+000
 3.83000000E+000, 2.07146117E-001, 4.12465015E-001, 4.81028673E+000,-1.00000000E-001, 1.11304535E+000
 3.85000000E+000, 2.06818969E-001, 4.12424797E-001, 4.81087912E+000,-1.00000000E-001, 1.11345660E+000
 3.87000000E+000, 2.06387931E-001, 4.12371806E-001, 4.81166011E+000,-1.00000000E-001, 1.11399895E+000
 3.89000000E+000, 2.05845750E-001, 4.12305111E-001, 4.81264308E+000,-1.00000000E-001, 1.11468182E+000
 3.91000000E+000, 2.05190251E-001, 4.12224428E-001, 4.81383191E+000,-1.00000000E-001, 1.11550809E+000
 3.93000000E+000, 2.04424844E-001, 4.12130219E-001, 4.81522010E+000,-1.00000000E-001, 1.11647343E+000
 3.95000000E+000, 2.03558159E-001, 4.12023607E-001, 4.81679156E+000,-1.00000000E-001, 1.11756689E+000
 3.97000000E+000, 2.02602584E-001, 4.11906172E-001, 4.81852346E+000,-1.00000000E-001, 1.11877281E+000
 3.99000000E+000, 2.01571817E-001, 4.11779647E-001, 4.82039061E+000,-1.00000000E-001, 1.12007388E+000
 4.01000000E+000, 2.00477923E-001, 4.11645566E-001, 4.82237082E+000,-1.00000000E-001, 1.12145483E+000
 4.03000000E+000, 1.99328691E-001, 4.11504944E-001, 4.82444963E+000,-1.00000000E-001, 1.12290575E+000
 4.05000000E+000, 1.98126189E-001, 4.11358076E-001, 4.82662308E+000,-1.00000000E-001, 1.12442407E+000
 4.07000000E+000, 1.96867125E-001, 4.11204569E-001, 4.82889707E+000,-1.00000000E-001, 1.12601408E+000
 4.09000000E+000, 1.95545081E-001, 4.11043629E-001, 4.83128324E+000,-1.00000000E-001, 1.12768414E+000
 4.11000000E+000, 1.94153949E-001, 4.10874500E-001, 4.83379270E+000,-1.00000000E-001, 1.12944227E+000
 4.13000000E+000, 1.92691324E-001, 4.10696900E-001, 4.83642975E+000,-1.00000000E-001, 1.13129177E+000
 4.15000000E+000, 1.91160488E-001, 4.10511265E-001, 4.83918832E+000,-1.00000000E-001, 1.13322865E+000
 4.17000000E+000, 1.89570079E-001, 4.10318701E-001, 4.84205246E+000,-1.00000000E-001, 1.13524201E+000
 4.19000000E+000, 1.87931556E-001, 4.10120667E-001, 4.84500109E+000,-1.00000000E-001, 1.13731724E+000
 4.21000000E+000, 1.86255537E-001, 4.09918508E-001, 4.84801464E+000,-1.00000000E-001, 1.13944077E+000
 4.23000000E+000, 1.84548716E-001, 4.09713075E-001, 4.85108073E+000,-1.00000000E-001, 1.14160403E+000
 4.25000000E+000, 1.82812778E-001, 4.09504585E-001, 4.85419621E+000,-1.00000000E-001, 1.14380494E+000
 4.27000000E+000, 1.81045759E-001, 4.09292794E-001, 4.85736467E+000,-1.00000000E-001, 1.14604618E+000
 4.29000000E+000, 1.79245076E-001, 4.09077379E-001, 4.86059088E+000,-1.00000000E-001, 1.14833127E+000
 4.31000000E+000, 1.77410568E-001, 4.08858319E-001, 4.86387519E+000,-1.00000000E-001, 1.15066064E+000
 4.33000000E+000, 1.75545995E-001, 4.08636084E-001, 4.86721078E+000,-1.00000000E-001, 1.15302960E+000
 4.35000000E+000, 1.73658319E-001, 4.08411543E-001, 4.87058495E+000,-1.00000000E-001, 1.15542926E+000
 4.37000000E+000, 1.71755343E-001, 4.08185664E-001, 4.87398343E+000,-1.00000000E-001, 1.15784958E+000
 4.39000000E+000, 1.69843148E-001, 4.07959194E-001, 4.87739516E+000,-1.00000000E-001, 1.16028273E+000
 4.41000000E+000, 1.67924712E-001, 4.07732493E-001, 4.88081474E+000,-1.00000000E-001, 1.16272489E+000
 4.43000000E+000, 1.66000349E-001, 4.07505573E-001, 4.88424183E+000,-1.00000000E-001, 1.16517585E+000
 4.45000000E+000, 1.64070276E-001, 4.07278222E-001, 4.88767789E+000,-1.00000000E-001, 1.16763669E+000
 4.47000000E+000, 1.62142389E-001, 4.07051656E-001, 4.89110591E+000,-1.00000000E-001, 1.17009522E+000
 4.49000000E+000, 1.60227401E-001, 4.06827314E-001, 4.89450727E+000,-1.00000000E-001, 1.17253804E+000
 4.51000000E+000, 1.58327845E-001, 4.06605217E-001, 4.89787826E+000,-1.00000000E-001, 1.17496239E+000
 4.53000000E+000, 1.56443669E-001, 4.06385343E-001, 4.90121908E+000,-1.00000000E-001, 1.17736834E+000
 4.55000000E+000, 1.54575737E-001, 4.06167764E-001, 4.90452824E+000,-1.00000000E-001, 1.17975473E+000
 4.57000000E+000, 1.52725965E-001, 4.05952750E-001, 4.90780241E+000,-1.00000000E-001, 1.18211905E+000
 4.59000000E+000, 1.50896678E-001, 4.05740564E-001, 4.91103782E+000,-1.00000000E-001, 1.18445849E+000
 4.61000000E+000, 1.49090241E-001, 4.05531435E-001, 4.91423027E+000,-1.00000000E-001, 1.18676989E+000
 4.63000000E+000, 1.47308855E-001, 4.05325628E-001, 4.91737587E+000,-1.00000000E-001, 1.18905031E+000
 4.65000000E+000, 1.45554625E-001, 4.05123292E-001, 4.92047089E+000,-1.00000000E-001, 1.19129690E+000
 4.67000000E+000, 1.43829453E-001, 4.04924704E-001, 4.92351209E+000,-1.00000000E-001, 1.19350719E+000
 4.69000000E+000, 1.42135146E-001, 4.04730002E-001, 4.92649667E+000,-1.00000000E-001, 1.19567897E+000
 4.71000000E+000, 1.40473317E-001, 4.04539419E-001, 4.92942192E+000,-1.00000000E-001, 1.19781015E+000
 4.73000000E+000, 1.38845447E-001, 4.04353060E-001, 4.93228544E+000,-1.00000000E-001, 1.19989880E+000
 4.75000000E+000, 1.37252858E-001, 4.04171051E-001, 4.93508478E+000,-1.00000000E-001, 1.20194299E+000
 4.77000000E+000, 1.35696712E-001, 4.03993494E-001, 4.93781800E+000,-1.00000000E-001, 1.20394113E+000
 4.79000000E+000, 1.34178065E-001, 4.03820475E-001, 4.94048341E+000,-1.00000000E-001, 1.20589182E+000
 4.81000000E+000, 1.32697800E-001, 4.03652121E-001, 4.94307973E+000,-1.00000000E-001, 1.20779398E+000
 4.83000000E+000, 1.31256684E-001, 4.03488483E-001, 4.94560590E+000,-1.00000000E-001, 1.20964667E+000
 4.85000000E+000, 1.29855317E-001, 4.03329620E-001, 4.94806091E+000,-1.00000000E-001, 1.21144898E+000
 4.87000000E+000, 1.28494166E-001, 4.03175527E-001, 4.95044398E+000,-1.00000000E-001, 1.21320018E+000
 4.89000000E+000, 1.27173574E-001, 4.03026224E-001, 4.95275452E+000,-1.00000000E-001, 1.21489970E+000
 4.91000000E+000, 1.25893766E-001, 4.02881712E-001, 4.95499228E+000,-1.00000000E-001, 1.21654720E+000
 4.93000000E+000, 1.24654862E-001, 4.02742033E-001, 4.95715738E+000,-1.00000000E-001, 1.21814262E+000
 4.95000000E+000, 1.23456881E-001, 4.02607144E-001, 4.95924994E+000,-1.00000000E-001, 1.21968591E+000
 4.97000000E+000, 1.22299704E-001, 4.02477051E-001, 4.96127027E+000,-1.00000000E-001, 1.22117716E+000
 4.99000000E+000, 1.21183145E-001, 4.02351640E-001, 4.96321866E+000,-1.00000000E-001, 1.22261647E+000
 5.01000000E+000, 1.20106890E-001, 4.02230895E-001, 4.96509563E+000,-1.00000000E-001, 1.22400409E+000
 5.03000000E+000, 1.19070579E-001, 4.02114741E-001, 4.96690206E+000,-1.00000000E-001, 1.22534054E+000
 5.05000000E+000, 1.18073771E-001, 4.02003132E-001, 4.96863882E+000,-1.00000000E-001, 1.22662637E+000
 5.07000000E+000, 1.17115931E-001, 4.01896046E-001, 4.97030716E+000,-1.00000000E-001, 1.22786240E+000
 5.09000000E+000, 1.16196499E-001, 4.01793329E-001, 4.97190799E+000,-1.00000000E-001, 1.22904919E+000
 5.11000000E+000, 1.15314770E-001, 4.01694963E-001, 4.97344250E+000,-1.00000000E-001, 1.23018752E+000
 5.13000000E+000, 1.14470070E-001, 4.01600756E-001, 4.97491193E+000,-1.00000000E-001, 1.23127824E+000
 5.15000000E+000, 1.13661616E-001, 4.01510683E-001, 4.97631758E+000,-1.00000000E-001, 1.23232222E+000
 5.17000000E+000, 1.12888621E-001, 4.01424642E-001, 4.97766127E+000,-1.00000000E-001, 1.23332073E+000
 5.19000000E+000, 1.12150277E-001, 4.01342513E-001, 4.97894432E+000,-1.00000000E-001, 1.23427468E+000
 5.21000000E+000, 1.11445671E-001, 4.01264262E-001, 4.98016847E+000,-1.00000000E-001, 1.23518530E+000
 5.23000000E+000, 1.10773964E-001, 4.01189653E-001, 4.98133508E+000,-1.00000000E-001, 1.23605354E+000
 5.25000000E+000, 1.10134175E-001, 4.01118685E-001, 4.98244570E+000,-1.00000000E-001, 1.23688048E+000
 5.27000000E+000, 1.09525399E-001, 4.01051158E-001, 4.98350222E+000,-1.00000000E-001, 1.23766748E+000
 5.29000000E+000, 1.08946650E-001, 4.00987030E-001, 4.98450624E+000,-1.00000000E-001, 1.23841568E+000
 5.31000000E+000, 1.08396917E-001, 4.00926184E-001, 4.98545988E+000,-1.00000000E-001, 1.23912662E+000
 5.33000000E+000, 1.07875231E-001, 4.00868458E-001, 4.98636469E+000,-1.00000000E-001, 1.23980141E+000
 5.35000000E+000, 1.07380562E-001, 4.00813785E-001, 4.98722237E+000,-1.00000000E-001, 1.24044127E+000
 5.37000000E+000, 1.06912026E-001, 4.00761989E-001, 4.98803452E+000,-1.00000000E-001, 1.24104738E+000
 5.39000000E+000, 1.06468726E-001, 4.00713022E-001, 4.98880253E+000,-1.00000000E-001, 1.24162072E+000
 5.41000000E+000, 1.06049810E-001, 4.00666792E-001, 4.98952824E+000,-1.00000000E-001, 1.24216264E+000
 5.43000000E+000, 1.05654406E-001, 4.00623187E-001, 4.99021311E+000,-1.00000000E-001, 1.24267422E+000
 5.45000000E+000, 1.05281500E-001, 4.00582118E-001, 4.99085886E+000,-1.00000000E-001, 1.24315670E+000
 5.47000000E+000, 1.04930048E-001, 4.00543442E-001, 4.99146736E+000,-1.00000000E-001, 1.24361146E+000
 5.49000000E+000, 1.04598952E-001, 4.00506999E-001, 4.99204021E+000,-1.00000000E-001, 1.24403968E+000
 5.51000000E+000, 1.04287129E-001, 4.00472750E-001, 4.99257962E+000,-1.00000000E-001, 1.24444299E+000
 5.53000000E+000, 1.03993676E-001, 4.00440483E-001, 4.99308714E+000,-1.00000000E-001, 1.24482254E+000
 5.55000000E+000, 1.03717676E-001, 4.00410238E-001, 4.99356437E+000,-1.00000000E-001, 1.24517950E+000
 5.57000000E+000, 1.03458404E-001, 4.00381840E-001, 4.99401278E+000,-1.00000000E-001, 1.24551498E+000
 5.59000000E+000, 1.03215115E-001, 4.00355205E-001, 4.99443305E+000,-1.00000000E-001, 1.24582945E+000
 5.61000000E+000, 1.02987050E-001, 4.00330347E-001, 4.99482696E+000,-1.00000000E-001, 1.24612425E+000
 5.63000000E+000, 1.02773596E-001, 4.00306991E-001, 4.99519527E+000,-1.00000000E-001, 1.24639993E+000
 5.65000000E+000, 1.02573913E-001, 4.00285345E-001, 4.99553965E+000,-1.00000000E-001, 1.24665774E+000
 5.67000000E+000, 1.02387438E-001, 4.00265059E-001, 4.99586136E+000,-1.00000000E-001, 1.24689860E+000
 5.69000000E+000, 1.02213400E-001, 4.00246256E-001, 4.99616103E+000,-1.00000000E-001, 1.24712300E+000
 5.71000000E+000, 1.02051162E-001, 4.00228801E-001, 4.99644054E+000,-1.00000000E-001, 1.24733232E+000
 5.73000000E+000, 1.01900167E-001, 4.00212504E-001, 4.99669998E+000,-1.00000000E-001, 1.24752663E+000
 5.75000000E+000, 1.01759639E-001, 4.00197588E-001, 4.99694125E+000,-1.00000000E-001, 1.24770735E+000
 5.77000000E+000, 1.01629161E-001, 4.00183637E-001, 4.99716512E+000,-1.00000000E-001, 1.24787505E+000
 5.79000000E+000, 1.01507927E-001, 4.00170932E-001, 4.99737244E+000,-1.00000000E-001, 1.24803038E+000
 5.81000000E+000, 1.01395400E-001, 4.00159176E-001, 4.99756504E+000,-1.00000000E-001, 1.24817468E+000
 5.83000000E+000, 1.01290950E-001, 4.00148291E-001, 4.99774274E+000,-1.00000000E-001, 1.24830783E+000
 5.85000000E+000, 1.01193807E-001, 4.00138457E-001, 4.99790788E+000,-1.00000000E-001, 1.24843158E+000
 5.87000000E+000, 1.01103618E-001, 4.00129223E-001, 4.99806065E+000,-1.00000000E-001, 1.24854606E+000
 5.89000000E+000, 1.01019598E-001, 4.00121033E-001, 4.99820215E+000,-1.00000000E-001, 1.24865210E+000
 5.91000000E+000, 1.00941525E-001, 4.00113444E-001, 4.99833361E+000,-1.00000000E-001, 1.24875063E+000
 5.93000000E+000, 1.00868982E-001, 4.00106579E-001, 4.99845424E+000,-1.00000000E-001, 1.24884105E+000
 5.95000000E+000, 1.00801641E-001, 4.00100502E-001, 4.99856631E+000,-1.00000000E-001, 1.24892505E+000
 5.97000000E+000, 1.00739529E-001, 4.00094801E-001, 4.99866843E+000,-1.00000000E-001, 1.24900160E+000
 5.99000000E+000, 1.00682034E-001, 4.00090149E-001, 4.99876178E+000,-1.00000000E-001, 1.24907157E+000
 6.01000000E+000, 1.00629241E-001, 4.00085891E-001, 4.99884712E+000,-1.00000000E-001, 1.24913555E+000
 6.03000000E+000, 1.00580618E-001, 4.00082454E-001, 4.99892341E+000,-1.00000000E-001, 1.24919274E+000
 6.05000000E+000, 1.00535827E-001, 4.00079635E-001, 4.99899357E+000,-1.00000000E-001, 1.24924534E+000
 6.07000000E+000, 1.00494777E-001, 4.00077023E-001, 4.99905601E+000,-1.00000000E-001, 1.24929215E+000
 6.09000000E+000, 1.00456694E-001, 4.00075488E-001, 4.99911231E+000,-1.00000000E-001, 1.24933436E+000
 6.11000000E+000, 1.00421706E-001, 4.00074063E-001, 4.99916324E+000,-1.00000000E-001, 1.24937255E+000
 6.13000000E+000, 1.00389270E-001, 4.00073373E-001, 4.99920801E+000,-1.00000000E-001, 1.24940611E+000
 6.15000000E+000, 1.00359190E-001, 4.00073475E-001, 4.99924768E+000,-1.00000000E-001, 1.24943585E+000
 6.17000000E+000, 1.00331378E-001, 4.00073956E-001, 4.99928237E+000,-1.00000000E-001, 1.24946186E+000
 6.19000000E+000, 1.00305617E-001, 4.00074915E-001, 4.99931238E+000,-1.00000000E-001, 1.24948437E+000
 6.21000000E+000, 1.00281723E-001, 4.00076393E-001, 4.99933788E+000,-1.00000000E-001, 1.24950348E+000
 6.23000000E+000, 1.00259507E-001, 4.00078409E-001, 4.99935901E+000,-1.00000000E-001, 1.24951933E+000
 6.25000000E+000, 1.00238791E-001, 4.00080996E-001, 4.99937620E+000,-1.00000000E-001, 1.24953221E+000
 6.27000000E+000, 1.00219447E-001, 4.00084169E-001, 4.99938910E+000,-1.00000000E-001, 1.24954189E+000
 6.29000000E+000, 1.00201264E-001, 4.00087931E-001, 4.99939827E+000,-1.00000000E-001, 1.24954877E+000
 6.31000000E+000, 1.00184208E-001, 4.00092351E-001, 4.99940408E+000,-1.00000000E-001, 1.24955313E+000
 6.33000000E+000, 1.00168071E-001, 4.00097376E-001, 4.99940404E+000,-1.00000000E-001, 1.24955309E+000
 6.35000000E+000, 1.00152594E-001, 4.00103057E-001, 4.99940153E+000,-1.00000000E-001, 1.24955121E+000
 6.37000000E+000, 1.00138022E-001, 4.00109437E-001, 4.99939565E+000,-1.00000000E-001, 1.24954680E+000
 6.39000000E+000, 1.00124122E-001, 4.00116538E-001, 4.99938626E+000,-1.00000000E-001, 1.24953977E+000
 6.41000000E+000, 1.00110718E-001, 4.00124387E-001, 4.99937339E+000,-1.00000000E-001, 1.24953011E+000
 6.43000000E+000, 1.00097661E-001, 4.00133022E-001, 4.99935702E+000,-1.00000000E-001, 1.24951784E+000
 6.45000000E+000, 1.00084819E-001, 4.00142486E-001, 4.99933715E+000,-1.00000000E-001, 1.24950294E+000
 6.47000000E+000, 1.00072087E-001, 4.00152825E-001, 4.99931371E+000,-1.00000000E-001, 1.24948537E+000
 6.49000000E+000, 1.00059386E-001, 4.00164087E-001, 4.99928661E+000,-1.00000000E-001, 1.24946505E+000
 6.51000000E+000, 1.00046633E-001, 4.00176319E-001, 4.99925581E+000,-1.00000000E-001, 1.24944196E+000
 6.53000000E+000, 1.00033771E-001, 4.00189570E-001, 4.99922120E+000,-1.00000000E-001, 1.24941601E+000
 6.55000000E+000, 1.00020757E-001, 4.00203897E-001, 4.99918262E+000,-1.00000000E-001, 1.24938708E+000
 6.57000000E+000, 1.00007510E-001, 4.00219354E-001, 4.99913997E+000,-1.00000000E-001, 1.24935511E+000
 6.59000000E+000, 9.99939219E-002, 4.00235996E-001, 4.99909318E+000,-1.00000000E-001, 1.24932003E+000
 6.61000000E+000, 9.99798951E-002, 4.00253887E-001, 4.99904214E+000,-1.00000000E-001, 1.24928176E+000
 6.63000000E+000, 9.99653568E-002, 4.00273096E-001, 4.99898665E+000,-1.00000000E-001, 1.24924016E+000
 6.65000000E+000, 9.99502498E-002, 4.00293700E-001, 4.99892650E+000,-1.00000000E-001, 1.24919507E+000
 6.67000000E+000, 9.99345148E-002, 4.00315775E-001, 4.99886146E+000,-1.00000000E-001, 1.24914631E+000
 6.69000000E+000, 9.99180796E-002, 4.00339394E-001, 4.99879132E+000,-1.00000000E-001, 1.24909374E+000
 6.71000000E+000, 9.99008612E-002, 4.00364630E-001, 4.99871591E+000,-1.00000000E-001, 1.24903721E+000
 6.73000000E+000, 9.98827780E-002, 4.00391559E-001, 4.99863505E+000,-1.00000000E-001, 1.24897660E+000
 6.75000000E+000, 9.98637599E-002, 4.00420257E-001, 4.99854854E+000,-1.00000000E-001, 1.24891175E+000
 6.77000000E+000, 9.98437481E-002, 4.00450808E-001, 4.99845615E+000,-1.00000000E-001, 1.24884250E+000
 6.79000000E+000, 9.98226857E-002, 4.00483302E-001, 4.99835762E+000,-1.00000000E-001, 1.24876866E+000
 6.81000000E+000, 9.98005082E-002, 4.00517830E-001, 4.99825269E+000,-1.00000000E-001, 1.24869001E+000
 6.83000000E+000, 9.97771418E-002, 4.00554487E-001, 4.99814108E+000,-1.00000000E-001, 1.24860636E+000
 6.85000000E+000, 9.97525098E-002, 4.00593369E-001, 4.99802249E+000,-1.00000000E-001, 1.24851750E+000
 6.87000000E+000, 9.97265400E-002, 4.00634573E-001, 4.99789665E+000,-1.00000000E-001, 1.24842319E+000
 6.89000000E+000, 9.96991667E-002, 4.00678194E-001, 4.99776326E+000,-1.00000000E-001, 1.24832324E+000
 6.91000000E+000, 9.96703278E-002, 4.00724327E-001, 4.99762203E+000,-1.00000000E-001, 1.24821741E+000
 6.93000000E+000, 9.96399607E-002, 4.00773063E-001, 4.99747270E+000,-1.00000000E-001, 1.24810553E+000
 6.95000000E+000, 9.96079998E-002, 4.00824496E-001, 4.99731500E+000,-1.00000000E-001, 1.24798738E+000
 6.97000000E+000, 9.95743783E-002, 4.00878718E-001, 4.99714867E+000,-1.00000000E-001, 1.24786277E+000
 6.99000000E+000, 9.95390292E-002, 4.00935826E-001, 4.99697342E+000,-1.00000000E-001, 1.24773149E+000
 7.01000000E+000, 9.95018861E-002, 4.00995922E-001, 4.99678893E+000,-1.00000000E-001, 1.24759330E+000
 7.03000000E+000, 9.94628826E-002, 4.01059111E-001, 4.99659490E+000,-1.00000000E-001, 1.24744796E+000
 7.05000000E+000, 9.94219521E-002, 4.01125497E-001, 4.99639099E+000,-1.00000000E-001, 1.24729525E+000
 7.07000000E+000, 9.93790295E-002, 4.01195183E-001, 4.99617689E+000,-1.00000000E-001, 1.24713492E+000
 7.09000000E+000, 9.93340533E-002, 4.01268266E-001, 4.99595233E+000,-1.00000000E-001, 1.24696676E+000
 7.11000000E+000, 9.92869675E-002, 4.01344833E-001, 4.99571702E+000,-1.00000000E-001, 1.24679058E+000
 7.13000000E+000, 9.92377226E-002, 4.01424964E-001, 4.99547075E+000,-1.00000000E-001, 1.24660620E+000
 7.15000000E+000, 9.91862748E-002, 4.01508727E-001, 4.99521329E+000,-1.00000000E-001, 1.24641346E+000
 7.17000000E+000, 9.91325843E-002, 4.01596187E-001, 4.99494445E+000,-1.00000000E-001, 1.24621223E+000
 7.19000000E+000, 9.90766134E-002, 4.01687405E-001, 4.99466405E+000,-1.00000000E-001, 1.24600237E+000
 7.21000000E+000, 9.90183253E-002, 4.01782440E-001, 4.99437189E+000,-1.00000000E-001, 1.24578373E+000
 7.23000000E+000, 9.89576827E-002, 4.01881352E-001, 4.99406782E+000,-1.00000000E-001, 1.24555620E+000
 7.25000000E+000, 9.88946481E-002, 4.01984200E-001, 4.99375164E+000,-1.00000000E-001, 1.24531965E+000
 7.27000000E+000, 9.88291854E-002, 4.02091036E-001, 4.99342320E+000,-1.00000000E-001, 1.24507395E+000
 7.29000000E+000, 9.87612617E-002, 4.02201909E-001, 4.99308238E+000,-1.00000000E-001, 1.24481903E+000
 7.31000000E+000, 9.86908506E-002, 4.02316852E-001, 4.99272907E+000,-1.00000000E-001, 1.24455480E+000
 7.33000000E+000, 9.86179352E-002, 4.02435886E-001, 4.99236321E+000,-1.00000000E-001, 1.24428122E+000
 7.35000000E+000, 9.85425102E-002, 4.02559019E-001, 4.99198479E+000,-1.00000000E-001, 1.24399829E+000
 7.37000000E+000, 9.84645821E-002, 4.02686243E-001, 4.99159382E+000,-1.00000000E-001, 1.24370603E+000
 7.39000000E+000, 9.83841673E-002, 4.02817541E-001, 4.99119038E+000,-1.00000000E-001, 1.24340448E+000
 7.41000000E+000, 9.83012901E-002, 4.02952881E-001, 4.99077455E+000,-1.00000000E-001, 1.24309373E+000
 7.43000000E+000, 9.82159790E-002, 4.03092226E-001, 4.99034645E+000,-1.00000000E-001, 1.24277387E+000
 7.45000000E+000, 9.81282658E-002, 4.03235527E-001, 4.98990625E+000,-1.00000000E-001, 1.24244502E+000
 7.47000000E+000, 9.80381863E-002, 4.03382723E-001, 4.98945413E+000,-1.00000000E-001, 1.24210733E+000
 7.49000000E+000, 9.79457826E-002, 4.03533742E-001, 4.98899031E+000,-1.00000000E-001, 1.24176096E+000
 7.51000000E+000, 9.78511069E-002, 4.03688495E-001, 4.98851506E+000,-1.00000000E-001, 1.24140612E+000
 7.53000000E+000, 9.77542229E-002, 4.03846876E-001, 4.98802871E+000,-1.00000000E-001, 1.24104307E+000
 7.55000000E+000, 9.76552079E-002, 4.04008761E-001, 4.98753164E+000,-1.00000000E-001, 1.24067208E+000
 7.57000000E+000, 9.75541513E-002, 4.04174004E-001, 4.98702430E+000,-1.00000000E-001, 1.24029351E+000
 7.59000000E+000, 9.74511542E-002, 4.04342440E-001, 4.98650721E+000,-1.00000000E-001, 1.23990774E+000
 7.61000000E+000, 9.73463276E-002, 4.04513889E-001, 4.98598094E+000,-1.00000000E-001, 1.23951520E+000
 7.63000000E+000, 9.72397916E-002, 4.04688154E-001, 4.98544610E+000,-1.00000000E-001, 1.23911636E+000
 7.65000000E+000, 9.71316741E-002, 4.04865026E-001, 4.98490334E+000,-1.00000000E-001, 1.23871169E+000
 7.67000000E+000, 9.70221094E-002, 4.05044287E-001, 4.98435333E+000,-1.00000000E-001, 1.23830172E+000
 7.69000000E+000, 9.69112359E-002, 4.05225710E-001, 4.98379677E+000,-1.00000000E-001, 1.23788695E+000
 7.71000000E+000, 9.67991946E-002, 4.05409065E-001, 4.98323436E+000,-1.00000000E-001, 1.23746791E+000
 7.73000000E+000, 9.66861258E-002, 4.05594123E-001, 4.98266679E+000,-1.00000000E-001, 1.23704513E+000
 7.75000000E+000, 9.65721664E-002, 4.05780658E-001, 4.98209477E+000,-1.00000000E-001, 1.23661913E+000
 7.77000000E+000, 9.64574445E-002, 4.05968461E-001, 4.98151894E+000,-1.00000000E-001, 1.23619039E+000
 7.79000000E+000, 9.63420734E-002, 4.06157345E-001, 4.98093988E+000,-1.00000000E-001, 1.23575935E+000
 7.81000000E+000, 9.62261327E-002, 4.06347154E-001, 4.98035802E+000,-1.00000000E-001, 1.23532633E+000
 7.83000000E+000, 9.61098205E-002, 4.06537711E-001, 4.97977356E+000,-1.00000000E-001, 1.23489145E+000
 7.85000000E+000, 9.59935874E-002, 4.06728197E-001, 4.97918955E+000,-1.00000000E-001, 1.23445701E+000
 7.87000000E+000, 9.58780281E-002, 4.06917527E-001, 4.97860968E+000,-1.00000000E-001, 1.23402577E+000
 7.89000000E+000, 9.57633753E-002, 4.07105450E-001, 4.97803437E+000,-1.00000000E-001, 1.23359802E+000
 7.91000000E+000, 9.56498059E-002, 4.07291568E-001, 4.97746440E+000,-1.00000000E-001, 1.23317433E+000
 7.93000000E+000, 9.55375612E-002, 4.07475425E-001, 4.97690098E+000,-1.00000000E-001, 1.23275560E+000
 7.95000000E+000, 9.54269013E-002, 4.07656647E-001, 4.97634556E+000,-1.00000000E-001, 1.23234292E+000
 7.97000000E+000, 9.53180420E-002, 4.07835002E-001, 4.97579949E+000,-1.00000000E-001, 1.23193727E+000
 7.99000000E+000, 9.52111195E-002, 4.08010322E-001, 4.97526337E+000,-1.00000000E-001, 1.23153911E+000
 8.01000000E+000, 9.51062032E-002, 4.08182393E-001, 4.97473704E+000,-1.00000000E-001, 1.23114830E+000
 8.03000000E+000, 9.50033947E-002, 4.08350977E-001, 4.97422087E+000,-1.00000000E-001, 1.23076510E+000
 8.05000000E+000, 9.49029551E-002, 4.08515713E-001, 4.97371645E+000,-1.00000000E-001, 1.23039071E+000
 8.07000000E+000, 9.48053073E-002, 4.08675921E-001, 4.97322599E+000,-1.00000000E-001, 1.23002674E+000
 8.09000000E+000, 9.47109231E-002, 4.08830763E-001, 4.97275195E+000,-1.00000000E-001, 1.22967504E+000
 8.11000000E+000, 9.46202485E-002, 4.08979518E-001, 4.97229699E+000,-1.00000000E-001, 1.22933754E+000
 8.13000000E+000, 9.45335885E-002, 4.09121672E-001, 4.97186253E+000,-1.00000000E-001, 1.22901533E+000
 8.15000000E+000, 9.44509832E-002, 4.09257059E-001, 4.97144837E+000,-1.00000000E-001, 1.22870823E+000
 8.17000000E+000, 9.43722527E-002, 4.09386072E-001, 4.97105380E+000,-1.00000000E-001, 1.22841570E+000
 8.19000000E+000, 9.42971438E-002, 4.09509312E-001, 4.97067763E+000,-1.00000000E-001, 1.22813686E+000
 8.21000000E+000, 9.42253877E-002, 4.09627172E-001, 4.97031793E+000,-1.00000000E-001, 1.22787026E+000
 8.23000000E+000, 9.41568589E-002, 4.09739716E-001, 4.96997380E+000,-1.00000000E-001, 1.22761523E+000
 8.25000000E+000, 9.40917836E-002, 4.09846581E-001, 4.96964658E+000,-1.00000000E-001, 1.22737275E+000
 8.27000000E+000, 9.40307367E-002, 4.09946838E-001, 4.96933927E+000,-1.00000000E-001, 1.22714505E+000
 8.29000000E+000, 9.39745047E-002, 4.10039226E-001, 4.96905617E+000,-1.00000000E-001, 1.22693531E+000
 8.31000000E+000, 9.39239762E-002, 4.10122351E-001, 4.96880225E+000,-1.00000000E-001, 1.22674721E+000
 8.33000000E+000, 9.38799440E-002, 4.10194829E-001, 4.96858132E+000,-1.00000000E-001, 1.22658358E+000
 8.35000000E+000, 9.38429174E-002, 4.10255643E-001, 4.96839566E+000,-1.00000000E-001, 1.22644608E+000
 8.37000000E+000, 9.38130849E-002, 4.10304527E-001, 4.96824655E+000,-1.00000000E-001, 1.22633566E+000
 8.39000000E+000, 9.37902884E-002, 4.10341866E-001, 4.96813337E+000,-1.00000000E-001, 1.22625187E+000
 8.41000000E+000, 9.37739660E-002, 4.10368468E-001, 4.96805269E+000,-1.00000000E-001, 1.22619215E+000
 8.43000000E+000, 9.37632197E-002, 4.10385701E-001, 4.96799968E+000,-1.00000000E-001, 1.22615292E+000
 8.45000000E+000, 9.37569882E-002, 4.10395558E-001, 4.96796981E+000,-1.00000000E-001, 1.22613083E+000
 8.47000000E+000, 9.37541308E-002, 4.10400111E-001, 4.96795731E+000,-1.00000000E-001, 1.22612162E+000
 8.49000000E+000, 9.37533216E-002, 4.10401253E-001, 4.96795470E+000,-1.00000000E-001, 1.22611972E+000
 8.51000000E+000, 9.37536095E-002, 4.10400896E-001, 4.96795581E+000,-1.00000000E-001, 1.22612052E+000
 8.53000000E+000, 9.37550038E-002, 4.10398834E-001, 4.96796207E+000,-1.00000000E-001, 1.22612514E+000
 8.55000000E+000, 9.37582019E-002, 4.10393788E-001, 4.96797749E+000,-1.00000000E-001, 1.22613654E+000
 8.57000000E+000, 9.37638856E-002, 4.10384628E-001, 4.96800549E+000,-1.00000000E-001, 1.22615725E+000
 8.59000000E+000, 9.37725982E-002, 4.10370449E-001, 4.96804882E+000,-1.00000000E-001, 1.22618933E+000
 8.61000000E+000, 9.37847074E-002, 4.10350636E-001, 4.96810938E+000,-1.00000000E-001, 1.22623417E+000
 8.63000000E+000, 9.38003729E-002, 4.10324924E-001, 4.96818799E+000,-1.00000000E-001, 1.22629237E+000
 8.65000000E+000, 9.38195285E-002, 4.10293426E-001, 4.96828433E+000,-1.00000000E-001, 1.22636372E+000
 8.67000000E+000, 9.38418902E-002, 4.10256620E-001, 4.96839696E+000,-1.00000000E-001, 1.22644715E+000
 8.69000000E+000, 9.38669924E-002, 4.10215293E-001, 4.96852352E+000,-1.00000000E-001, 1.22654088E+000
 8.71000000E+000, 9.38942531E-002, 4.10170423E-001, 4.96866099E+000,-1.00000000E-001, 1.22664272E+000
 8.73000000E+000, 9.39230630E-002, 4.10123037E-001, 4.96880624E+000,-1.00000000E-001, 1.22675031E+000
 8.75000000E+000, 9.39528873E-002, 4.10074037E-001, 4.96895647E+000,-1.00000000E-001, 1.22686160E+000
 8.77000000E+000, 9.39833629E-002, 4.10024036E-001, 4.96910978E+000,-1.00000000E-001, 1.22697516E+000
 8.79000000E+000, 9.40143736E-002, 4.09973233E-001, 4.96926550E+000,-1.00000000E-001, 1.22709052E+000
 8.81000000E+000, 9.40460883E-002, 4.09921347E-001, 4.96942446E+000,-1.00000000E-001, 1.22720827E+000
 8.83000000E+000, 9.40789510E-002, 4.09867633E-001, 4.96958891E+000,-1.00000000E-001, 1.22733008E+000
 8.85000000E+000, 9.41136243E-002, 4.09810979E-001, 4.96976224E+000,-1.00000000E-001, 1.22745849E+000
 8.87000000E+000, 9.41508954E-002, 4.09750065E-001, 4.96994852E+000,-1.00000000E-001, 1.22759649E+000
 8.89000000E+000, 9.41915643E-002, 4.09683550E-001, 4.97015186E+000,-1.00000000E-001, 1.22774716E+000
 8.91000000E+000, 9.42363338E-002, 4.09610262E-001, 4.97037591E+000,-1.00000000E-001, 1.22791319E+000
 8.93000000E+000, 9.42857239E-002, 4.09529340E-001, 4.97062334E+000,-1.00000000E-001, 1.22809657E+000
 8.95000000E+000, 9.43400218E-002, 4.09440316E-001, 4.97089564E+000,-1.00000000E-001, 1.22829841E+000
 8.97000000E+000, 9.43992736E-002, 4.09343126E-001, 4.97119304E+000,-1.00000000E-001, 1.22851889E+000
 8.99000000E+000, 9.44633100E-002, 4.09238067E-001, 4.97151465E+000,-1.00000000E-001, 1.22875735E+000
 9.01000000E+000, 9.45317956E-002, 4.09125707E-001, 4.97185877E+000,-1.00000000E-001, 1.22901254E+000
 9.03000000E+000, 9.46042881E-002, 4.09006787E-001, 4.97222312E+000,-1.00000000E-001, 1.22928277E+000
 9.05000000E+000, 9.46802935E-002, 4.08882123E-001, 4.97260521E+000,-1.00000000E-001, 1.22956620E+000
 9.07000000E+000, 9.47593112E-002, 4.08752525E-001, 4.97300255E+000,-1.00000000E-001, 1.22986098E+000
 9.09000000E+000, 9.48408650E-002, 4.08618741E-001, 4.97341284E+000,-1.00000000E-001, 1.23016542E+000
 9.11000000E+000, 9.49245202E-002, 4.08481417E-001, 4.97383411E+000,-1.00000000E-001, 1.23047806E+000
 9.13000000E+000, 9.50098869E-002, 4.08341079E-001, 4.97426480E+000,-1.00000000E-001, 1.23079774E+000
 9.15000000E+000, 9.50966130E-002, 4.08198124E-001, 4.97470379E+000,-1.00000000E-001, 1.23112364E+000
 9.17000000E+000, 9.51843690E-002, 4.08052828E-001, 4.97515044E+000,-1.00000000E-001, 1.23145527E+000
 9.19000000E+000, 9.52728213E-002, 4.07905359E-001, 4.97560449E+000,-1.00000000E-001, 1.23179246E+000
 9.21000000E+000, 9.53614097E-002, 4.07755760E-001, 4.97606672E+000,-1.00000000E-001, 1.23213579E+000
 9.23000000E+000, 9.54495462E-002, 4.07604041E-001, 4.97653774E+000,-1.00000000E-001, 1.23248571E+000
 9.25000000E+000, 9.55368127E-002, 4.07450201E-001, 4.97701813E+000,-1.00000000E-001, 1.23284267E+000
 9.27000000E+000, 9.56227272E-002, 4.07294238E-001, 4.97750857E+000,-1.00000000E-001, 1.23320717E+000
 9.29000000E+000, 9.57067570E-002, 4.07136181E-001, 4.97800967E+000,-1.00000000E-001, 1.23357965E+000
 9.31000000E+000, 9.57883957E-002, 4.06976110E-001, 4.97852179E+000,-1.00000000E-001, 1.23396041E+000
 9.33000000E+000, 9.58671691E-002, 4.06814157E-001, 4.97904505E+000,-1.00000000E-001, 1.23434954E+000
 9.35000000E+000, 9.59426261E-002, 4.06650501E-001, 4.97957936E+000,-1.00000000E-001, 1.23474697E+000
 9.37000000E+000, 9.60143631E-002, 4.06485375E-001, 4.98012430E+000,-1.00000000E-001, 1.23515238E+000
 9.39000000E+000, 9.60821524E-002, 4.06319083E-001, 4.98067885E+000,-1.00000000E-001, 1.23556505E+000
 9.41000000E+000, 9.61461929E-002, 4.06152006E-001, 4.98124113E+000,-1.00000000E-001, 1.23598356E+000
 9.43000000E+000, 9.62073101E-002, 4.05984492E-001, 4.98180764E+000,-1.00000000E-001, 1.23640533E+000
 9.45000000E+000, 9.62667512E-002, 4.05817639E-001, 4.98237471E+000,-1.00000000E-001, 1.23682759E+000
 9.47000000E+000, 9.63263398E-002, 4.05651950E-001, 4.98293792E+000,-1.00000000E-001, 1.23724708E+000
 9.49000000E+000, 9.63862176E-002, 4.05486243E-001, 4.98350334E+000,-1.00000000E-001, 1.23766831E+000
 9.51000000E+000, 9.64511783E-002, 4.05323674E-001, 4.98404480E+000,-1.00000000E-001, 1.23807177E+000
 9.53000000E+000, 9.65171097E-002, 4.05160697E-001, 4.98459922E+000,-1.00000000E-001, 1.23848499E+000
 9.55000000E+000, 9.65986908E-002, 4.05003504E-001, 4.98509249E+000,-1.00000000E-001, 1.23885271E+000
 9.57000000E+000, 9.66821374E-002, 4.04844999E-001, 4.98561441E+000,-1.00000000E-001, 1.23924186E+000
 9.59000000E+000, 9.67923036E-002, 4.04695312E-001, 4.98603578E+000,-1.00000000E-001, 1.23955610E+000
 9.61000000E+000, 9.69000999E-002, 4.04543501E-001, 4.98649574E+000,-1.00000000E-001, 1.23989917E+000
 9.63000000E+000, 9.70334063E-002, 4.04400144E-001, 4.98686443E+000,-1.00000000E-001, 1.24017422E+000
 9.65000000E+000, 9.71637712E-002, 4.04254849E-001, 4.98726862E+000,-1.00000000E-001, 1.24047580E+000
 9.67000000E+000, 9.73173714E-002, 4.04117962E-001, 4.98758690E+000,-1.00000000E-001, 1.24071332E+000
 9.69000000E+000, 9.74688504E-002, 4.03979200E-001, 4.98793873E+000,-1.00000000E-001, 1.24097591E+000
 9.71000000E+000, 9.76425449E-002, 4.03849768E-001, 4.98820101E+000,-1.00000000E-001, 1.24117168E+000
 9.73000000E+000, 9.78134487E-002, 4.03718965E-001, 4.98848054E+000,-1.00000000E-001, 1.24138035E+000
 9.75000000E+000, 9.79896843E-002, 4.03593635E-001, 4.98873992E+000,-1.00000000E-001, 1.24157399E+000
 9.77000000E+000, 9.81507298E-002, 4.03469621E-001, 4.98901118E+000,-1.00000000E-001, 1.24177652E+000
 9.79000000E+000, 9.82962662E-002, 4.03346827E-001, 4.98929668E+000,-1.00000000E-001, 1.24198971E+000
 9.81000000E+000, 9.84255517E-002, 4.03225588E-001, 4.98959824E+000,-1.00000000E-001, 1.24221493E+000
 9.83000000E+000, 9.85394406E-002, 4.03104993E-001, 4.98991570E+000,-1.00000000E-001, 1.24245205E+000
 9.85000000E+000, 9.86402047E-002, 4.02984797E-001, 4.99024454E+000,-1.00000000E-001, 1.24269771E+000
 9.87000000E+000, 9.87304286E-002, 4.02867490E-001, 4.99057927E+000,-1.00000000E-001, 1.24294780E+000
 9.89000000E+000, 9.88129557E-002, 4.02751955E-001, 4.99091603E+000,-1.00000000E-001, 1.24319945E+000
 9.91000000E+000, 9.88895484E-002, 4.02639980E-001, 4.99124819E+000,-1.00000000E-001, 1.24344767E+000
 9.93000000E+000, 9.89611120E-002, 4.02530496E-001, 4.99157740E+000,-1.00000000E-001, 1.24369371E+000
 9.95000000E+000, 9.90290765E-002, 4.02425783E-001, 4.99189587E+000,-1.00000000E-001, 1.24393179E+000
 9.97000000E+000, 9.90946192E-002, 4.02321418E-001, 4.99222228E+000,-1.00000000E-001, 1.24417583E+000
 9.99000000E+000, 9.91749789E-002, 4.02173018E-001, 4.99268538E+000,-1.00000000E-001, 1.24452212E+000
