   1.0006770357861503      ,         500
X,ZB,H,U,ZF,QS
 1.00000000E-002, 1.00000308E-001, 4.00000003E-001, 4.99999998E+000,-1.00000000E-001, 1.24999998E+000
 3.00000000E-002, 1.00000348E-001, 4.00000010E-001, 4.99999989E+000,-1.00000000E-001, 1.24999992E+000
 5.00000000E-002, 1.00000389E-001, 4.00000016E-001, 4.99999980E+000,-1.00000000E-001, 1.24999985E+000
 7.00000000E-002, 1.00000437E-001, 4.00000024E-001, 4.99999970E+000,-1.00000000E-001, 1.24999978E+000
 9.00000000E-002, 1.00000491E-001, 4.00000032E-001, 4.99999959E+000,-1.00000000E-001, 1.24999970E+000
 1.10000000E-001, 1.00000554E-001, 4.00000040E-001, 4.99999946E+000,-1.00000000E-001, 1.24999960E+000
 1.30000000E-001, 1.00000626E-001, 4.00000050E-001, 4.99999932E+000,-1.00000000E-001, 1.24999950E+000
 1.50000000E-001, 1.00000708E-001, 4.00000061E-001, 4.99999917E+000,-1.00000000E-001, 1.24999938E+000
 1.70000000E-001, 1.00000802E-001, 4.00000072E-001, 4.99999899E+000,-1.00000000E-001, 1.24999925E+000
 1.90000000E-001, 1.00000909E-001, 4.00000086E-001, 4.99999879E+000,-1.00000000E-001, 1.24999910E+000
 2.10000000E-001, 1.00001031E-001, 4.00000100E-001, 4.99999857E+000,-1.00000000E-001, 1.24999894E+000
 2.30000000E-001, 1.00001170E-001, 4.00000117E-001, 4.99999832E+000,-1.00000000E-001, 1.24999875E+000
 2.50000000E-001, 1.00001328E-001, 4.00000135E-001, 4.99999803E+000,-1.00000000E-001, 1.24999854E+000
 2.70000000E-001, 1.00001507E-001, 4.00000156E-001, 4.99999771E+000,-1.00000000E-001, 1.24999830E+000
 2.90000000E-001, 1.00001710E-001, 4.00000180E-001, 4.99999735E+000,-1.00000000E-001, 1.24999803E+000
 3.10000000E-001, 1.00001940E-001, 4.00000206E-001, 4.99999694E+000,-1.00000000E-001, 1.24999773E+000
 3.30000000E-001, 1.00002201E-001, 4.00000235E-001, 4.99999648E+000,-1.00000000E-001, 1.24999739E+000
 3.50000000E-001, 1.00002495E-001, 4.00000269E-001, 4.99999596E+000,-1.00000000E-001, 1.24999700E+000
 3.70000000E-001, 1.00002828E-001, 4.00000306E-001, 4.99999537E+000,-1.00000000E-001, 1.24999657E+000
 3.90000000E-001, 1.00003204E-001, 4.00000348E-001, 4.99999472E+000,-1.00000000E-001, 1.24999608E+000
 4.10000000E-001, 1.00003627E-001, 4.00000395E-001, 4.99999397E+000,-1.00000000E-001, 1.24999553E+000
 4.30000000E-001, 1.00004104E-001, 4.00000448E-001, 4.99999314E+000,-1.00000000E-001, 1.24999491E+000
 4.50000000E-001, 1.00004642E-001, 4.00000508E-001, 4.99999220E+000,-1.00000000E-001, 1.24999421E+000
 4.70000000E-001, 1.00005246E-001, 4.00000575E-001, 4.99999115E+000,-1.00000000E-001, 1.24999343E+000
 4.90000000E-001, 1.00005925E-001, 4.00000650E-001, 4.99998997E+000,-1.00000000E-001, 1.24999256E+000
 5.10000000E-001, 1.00006688E-001, 4.00000734E-001, 4.99998864E+000,-1.00000000E-001, 1.24999157E+000
 5.30000000E-001, 1.00007544E-001, 4.00000829E-001, 4.99998716E+000,-1.00000000E-001, 1.24999047E+000
 5.50000000E-001, 1.00008504E-001, 4.00000935E-001, 4.99998549E+000,-1.00000000E-001, 1.24998923E+000
 5.70000000E-001, 1.00009579E-001, 4.00001053E-001, 4.99998363E+000,-1.00000000E-001, 1.24998784E+000
 5.90000000E-001, 1.00010783E-001, 4.00001185E-001, 4.99998154E+000,-1.00000000E-001, 1.24998629E+000
 6.10000000E-001, 1.00012128E-001, 4.00001334E-001, 4.99997921E+000,-1.00000000E-001, 1.24998456E+000
 6.30000000E-001, 1.00013632E-001, 4.00001499E-001, 4.99997660E+000,-1.00000000E-001, 1.24998263E+000
 6.50000000E-001, 1.00015312E-001, 4.00001684E-001, 4.99997369E+000,-1.00000000E-001, 1.24998047E+000
 6.70000000E-001, 1.00017185E-001, 4.00001890E-001, 4.99997045E+000,-1.00000000E-001, 1.24997806E+000
 6.90000000E-001, 1.00019274E-001, 4.00002119E-001, 4.99996683E+000,-1.00000000E-001, 1.24997537E+000
 7.10000000E-001, 1.00021600E-001, 4.00002375E-001, 4.99996281E+000,-1.00000000E-001, 1.24997238E+000
 7.30000000E-001, 1.00024190E-001, 4.00002660E-001, 4.99995833E+000,-1.00000000E-001, 1.24996905E+000
 7.50000000E-001, 1.00027069E-001, 4.00002976E-001, 4.99995335E+000,-1.00000000E-001, 1.24996534E+000
 7.70000000E-001, 1.00030268E-001, 4.00003327E-001, 4.99994781E+000,-1.00000000E-001, 1.24996123E+000
 7.90000000E-001, 1.00033820E-001, 4.00003718E-001, 4.99994167E+000,-1.00000000E-001, 1.24995666E+000
 8.10000000E-001, 1.00037761E-001, 4.00004150E-001, 4.99993485E+000,-1.00000000E-001, 1.24995160E+000
 8.30000000E-001, 1.00042129E-001, 4.00004630E-001, 4.99992730E+000,-1.00000000E-001, 1.24994598E+000
 8.50000000E-001, 1.00046967E-001, 4.00005162E-001, 4.99991893E+000,-1.00000000E-001, 1.24993976E+000
 8.70000000E-001, 1.00052320E-001, 4.00005750E-001, 4.99990967E+000,-1.00000000E-001, 1.24993288E+000
 8.90000000E-001, 1.00058240E-001, 4.00006400E-001, 4.99989944E+000,-1.00000000E-001, 1.24992526E+000
 9.10000000E-001, 1.00064781E-001, 4.00007118E-001, 4.99988813E+000,-1.00000000E-001, 1.24991685E+000
 9.30000000E-001, 1.00072001E-001, 4.00007911E-001, 4.99987564E+000,-1.00000000E-001, 1.24990757E+000
 9.50000000E-001, 1.00079966E-001, 4.00008786E-001, 4.99986187E+000,-1.00000000E-001, 1.24989733E+000
 9.70000000E-001, 1.00088744E-001, 4.00009750E-001, 4.99984669E+000,-1.00000000E-001, 1.24988604E+000
 9.90000000E-001, 1.00098411E-001, 4.00010812E-001, 4.99982998E+000,-1.00000000E-001, 1.24987361E+000
 1.01000000E+000, 1.00109048E-001, 4.00011980E-001, 4.99981159E+000,-1.00000000E-001, 1.24985993E+000
 1.03000000E+000, 1.00120743E-001, 4.00013264E-001, 4.99979137E+000,-1.00000000E-001, 1.24984489E+000
 1.05000000E+000, 1.00133591E-001, 4.00014675E-001, 4.99976916E+000,-1.00000000E-001, 1.24982836E+000
 1.07000000E+000, 1.00147693E-001, 4.00016224E-001, 4.99974478E+000,-1.00000000E-001, 1.24981022E+000
 1.09000000E+000, 1.00163159E-001, 4.00017923E-001, 4.99971804E+000,-1.00000000E-001, 1.24979033E+000
 1.11000000E+000, 1.00180108E-001, 4.00019784E-001, 4.99968874E+000,-1.00000000E-001, 1.24976852E+000
 1.13000000E+000, 1.00198666E-001, 4.00021822E-001, 4.99965666E+000,-1.00000000E-001, 1.24974465E+000
 1.15000000E+000, 1.00218968E-001, 4.00024052E-001, 4.99962156E+000,-1.00000000E-001, 1.24971852E+000
 1.17000000E+000, 1.00241162E-001, 4.00026490E-001, 4.99958319E+000,-1.00000000E-001, 1.24968997E+000
 1.19000000E+000, 1.00265403E-001, 4.00029152E-001, 4.99954128E+000,-1.00000000E-001, 1.24965878E+000
 1.21000000E+000, 1.00291857E-001, 4.00032058E-001, 4.99949555E+000,-1.00000000E-001, 1.24962473E+000
 1.23000000E+000, 1.00320702E-001, 4.00035227E-001, 4.99944568E+000,-1.00000000E-001, 1.24958761E+000
 1.25000000E+000, 1.00352130E-001, 4.00038679E-001, 4.99939134E+000,-1.00000000E-001, 1.24954716E+000
 1.27000000E+000, 1.00386342E-001, 4.00042437E-001, 4.99933220E+000,-1.00000000E-001, 1.24950313E+000
 1.29000000E+000, 1.00423554E-001, 4.00046525E-001, 4.99926786E+000,-1.00000000E-001, 1.24945523E+000
 1.31000000E+000, 1.00463995E-001, 4.00050968E-001, 4.99919794E+000,-1.00000000E-001, 1.24940318E+000
 1.33000000E+000, 1.00507909E-001, 4.00055793E-001, 4.99912202E+000,-1.00000000E-001, 1.24934664E+000
 1.35000000E+000, 1.00555553E-001, 4.00061027E-001, 4.99903964E+000,-1.00000000E-001, 1.24928531E+000
 1.37000000E+000, 1.00607201E-001, 4.00066702E-001, 4.99895034E+000,-1.00000000E-001, 1.24921881E+000
 1.39000000E+000, 1.00663143E-001, 4.00072849E-001, 4.99885362E+000,-1.00000000E-001, 1.24914678E+000
 1.41000000E+000, 1.00723683E-001, 4.00079502E-001, 4.99874894E+000,-1.00000000E-001, 1.24906883E+000
 1.43000000E+000, 1.00789145E-001, 4.00086696E-001, 4.99863574E+000,-1.00000000E-001, 1.24898454E+000
 1.45000000E+000, 1.00859869E-001, 4.00094469E-001, 4.99851345E+000,-1.00000000E-001, 1.24889346E+000
 1.47000000E+000, 1.00936212E-001, 4.00102860E-001, 4.99838144E+000,-1.00000000E-001, 1.24879514E+000
 1.49000000E+000, 1.01018551E-001, 4.00111911E-001, 4.99823905E+000,-1.00000000E-001, 1.24868910E+000
 1.51000000E+000, 1.01107281E-001, 4.00121666E-001, 4.99808560E+000,-1.00000000E-001, 1.24857481E+000
 1.53000000E+000, 1.01202816E-001, 4.00132169E-001, 4.99792038E+000,-1.00000000E-001, 1.24845176E+000
 1.55000000E+000, 1.01305590E-001, 4.00143469E-001, 4.99774264E+000,-1.00000000E-001, 1.24831938E+000
 1.57000000E+000, 1.01416055E-001, 4.00155617E-001, 4.99755158E+000,-1.00000000E-001, 1.24817708E+000
 1.59000000E+000, 1.01534685E-001, 4.00168664E-001, 4.99734639E+000,-1.00000000E-001, 1.24802425E+000
 1.61000000E+000, 1.01661974E-001, 4.00182665E-001, 4.99712621E+000,-1.00000000E-001, 1.24786027E+000
 1.63000000E+000, 1.01798435E-001, 4.00197677E-001, 4.99689015E+000,-1.00000000E-001, 1.24768446E+000
 1.65000000E+000, 1.01944601E-001, 4.00213759E-001, 4.99663729E+000,-1.00000000E-001, 1.24749614E+000
 1.67000000E+000, 1.02101027E-001, 4.00230973E-001, 4.99636666E+000,-1.00000000E-001, 1.24729459E+000
 1.69000000E+000, 1.02268287E-001, 4.00249382E-001, 4.99607727E+000,-1.00000000E-001, 1.24707908E+000
 1.71000000E+000, 1.02446974E-001, 4.00269052E-001, 4.99576808E+000,-1.00000000E-001, 1.24684884E+000
 1.73000000E+000, 1.02637700E-001, 4.00290052E-001, 4.99543804E+000,-1.00000000E-001, 1.24660307E+000
 1.75000000E+000, 1.02841099E-001, 4.00312452E-001, 4.99508603E+000,-1.00000000E-001, 1.24634097E+000
 1.77000000E+000, 1.03057820E-001, 4.00336323E-001, 4.99471094E+000,-1.00000000E-001, 1.24606170E+000
 1.79000000E+000, 1.03288532E-001, 4.00361742E-001, 4.99431159E+000,-1.00000000E-001, 1.24576439E+000
 1.81000000E+000, 1.03533919E-001, 4.00388785E-001, 4.99388680E+000,-1.00000000E-001, 1.24544816E+000
 1.83000000E+000, 1.03794682E-001, 4.00417530E-001, 4.99343533E+000,-1.00000000E-001, 1.24511212E+000
 1.85000000E+000, 1.04071538E-001, 4.00448057E-001, 4.99295595E+000,-1.00000000E-001, 1.24475533E+000
 1.87000000E+000, 1.04365217E-001, 4.00480449E-001, 4.99244738E+000,-1.00000000E-001, 1.24437686E+000
 1.89000000E+000, 1.04676460E-001, 4.00514789E-001, 4.99190832E+000,-1.00000000E-001, 1.24397575E+000
 1.91000000E+000, 1.05006022E-001, 4.00551163E-001, 4.99133745E+000,-1.00000000E-001, 1.24355104E+000
 1.93000000E+000, 1.05354665E-001, 4.00589656E-001, 4.99073344E+000,-1.00000000E-001, 1.24310174E+000
 1.95000000E+000, 1.05723160E-001, 4.00630356E-001, 4.99009493E+000,-1.00000000E-001, 1.24262686E+000
 1.97000000E+000, 1.06112283E-001, 4.00673352E-001, 4.98942057E+000,-1.00000000E-001, 1.24212541E+000
 1.99000000E+000, 1.06522814E-001, 4.00718732E-001, 4.98870899E+000,-1.00000000E-001, 1.24159638E+000
 2.01000000E+000, 1.06955537E-001, 4.00766587E-001, 4.98795880E+000,-1.00000000E-001, 1.24103877E+000
 2.03000000E+000, 1.07411232E-001, 4.00817005E-001, 4.98716863E+000,-1.00000000E-001, 1.24045158E+000
 2.05000000E+000, 1.07890678E-001, 4.00870077E-001, 4.98633711E+000,-1.00000000E-001, 1.23983381E+000
 2.07000000E+000, 1.08394647E-001, 4.00925893E-001, 4.98546287E+000,-1.00000000E-001, 1.23918447E+000
 2.09000000E+000, 1.08923905E-001, 4.00984541E-001, 4.98454455E+000,-1.00000000E-001, 1.23850259E+000
 2.11000000E+000, 1.09479205E-001, 4.01046110E-001, 4.98358081E+000,-1.00000000E-001, 1.23778719E+000
 2.13000000E+000, 1.10061287E-001, 4.01110687E-001, 4.98257035E+000,-1.00000000E-001, 1.23703734E+000
 2.15000000E+000, 1.10670872E-001, 4.01178358E-001, 4.98151186E+000,-1.00000000E-001, 1.23625211E+000
 2.17000000E+000, 1.11308664E-001, 4.01249206E-001, 4.98040409E+000,-1.00000000E-001, 1.23543062E+000
 2.19000000E+000, 1.11975341E-001, 4.01323314E-001, 4.97924581E+000,-1.00000000E-001, 1.23457199E+000
 2.21000000E+000, 1.12671556E-001, 4.01400760E-001, 4.97803586E+000,-1.00000000E-001, 1.23367541E+000
 2.23000000E+000, 1.13397930E-001, 4.01481622E-001, 4.97677310E+000,-1.00000000E-001, 1.23274008E+000
 2.25000000E+000, 1.14155052E-001, 4.01565973E-001, 4.97545645E+000,-1.00000000E-001, 1.23176527E+000
 2.27000000E+000, 1.14943474E-001, 4.01653883E-001, 4.97408491E+000,-1.00000000E-001, 1.23075028E+000
 2.29000000E+000, 1.15763706E-001, 4.01745417E-001, 4.97265752E+000,-1.00000000E-001, 1.22969446E+000
 2.31000000E+000, 1.16616216E-001, 4.01840636E-001, 4.97117342E+000,-1.00000000E-001, 1.22859725E+000
 2.33000000E+000, 1.17501423E-001, 4.01939599E-001, 4.96963180E+000,-1.00000000E-001, 1.22745812E+000
 2.35000000E+000, 1.18419695E-001, 4.02042356E-001, 4.96803197E+000,-1.00000000E-001, 1.22627661E+000
 2.37000000E+000, 1.19371346E-001, 4.02148953E-001, 4.96637329E+000,-1.00000000E-001, 1.22505235E+000
 2.39000000E+000, 1.20356632E-001, 4.02259431E-001, 4.96465525E+000,-1.00000000E-001, 1.22378503E+000
 2.41000000E+000, 1.21375747E-001, 4.02373823E-001, 4.96287744E+000,-1.00000000E-001, 1.22247443E+000
 2.43000000E+000, 1.22428821E-001, 4.02492156E-001, 4.96103955E+000,-1.00000000E-001, 1.22112041E+000
 2.45000000E+000, 1.23515915E-001, 4.02614451E-001, 4.95914138E+000,-1.00000000E-001, 1.21972292E+000
 2.47000000E+000, 1.24637020E-001, 4.02740720E-001, 4.95718287E+000,-1.00000000E-001, 1.21828200E+000
 2.49000000E+000, 1.25792052E-001, 4.02870967E-001, 4.95516407E+000,-1.00000000E-001, 1.21679778E+000
 2.51000000E+000, 1.26980852E-001, 4.03005188E-001, 4.95308516E+000,-1.00000000E-001, 1.21527052E+000
 2.53000000E+000, 1.28203179E-001, 4.03143372E-001, 4.95094648E+000,-1.00000000E-001, 1.21370054E+000
 2.55000000E+000, 1.29458710E-001, 4.03285497E-001, 4.94874849E+000,-1.00000000E-001, 1.21208829E+000
 2.57000000E+000, 1.30747041E-001, 4.03431531E-001, 4.94649180E+000,-1.00000000E-001, 1.21043433E+000
 2.59000000E+000, 1.32067676E-001, 4.03581436E-001, 4.94417718E+000,-1.00000000E-001, 1.20873934E+000
 2.61000000E+000, 1.33420035E-001, 4.03735161E-001, 4.94180554E+000,-1.00000000E-001, 1.20700408E+000
 2.63000000E+000, 1.34803446E-001, 4.03892646E-001, 4.93937796E+000,-1.00000000E-001, 1.20522946E+000
 2.65000000E+000, 1.36217144E-001, 4.04053818E-001, 4.93689568E+000,-1.00000000E-001, 1.20341649E+000
 2.67000000E+000, 1.37660272E-001, 4.04218598E-001, 4.93436010E+000,-1.00000000E-001, 1.20156631E+000
 2.69000000E+000, 1.39131881E-001, 4.04386892E-001, 4.93177279E+000,-1.00000000E-001, 1.19968018E+000
 2.71000000E+000, 1.40630922E-001, 4.04558596E-001, 4.92913549E+000,-1.00000000E-001, 1.19775946E+000
 2.73000000E+000, 1.42156256E-001, 4.04733595E-001, 4.92645010E+000,-1.00000000E-001, 1.19580566E+000
 2.75000000E+000, 1.43706645E-001, 4.04911764E-001, 4.92371872E+000,-1.00000000E-001, 1.19382038E+000
 2.77000000E+000, 1.45280758E-001, 4.05092962E-001, 4.92094358E+000,-1.00000000E-001, 1.19180537E+000
 2.79000000E+000, 1.46877166E-001, 4.05277041E-001, 4.91812712E+000,-1.00000000E-001, 1.18976249E+000
 2.81000000E+000, 1.48494349E-001, 4.05463839E-001, 4.91527193E+000,-1.00000000E-001, 1.18769371E+000
 2.83000000E+000, 1.50130691E-001, 4.05653182E-001, 4.91238079E+000,-1.00000000E-001, 1.18560112E+000
 2.85000000E+000, 1.51784484E-001, 4.05844885E-001, 4.90945664E+000,-1.00000000E-001, 1.18348694E+000
 2.87000000E+000, 1.53453931E-001, 4.06038751E-001, 4.90650257E+000,-1.00000000E-001, 1.18135347E+000
 2.89000000E+000, 1.55137145E-001, 4.06234570E-001, 4.90352188E+000,-1.00000000E-001, 1.17920316E+000
 2.91000000E+000, 1.56832151E-001, 4.06432124E-001, 4.90051799E+000,-1.00000000E-001, 1.17703853E+000
 2.93000000E+000, 1.58536893E-001, 4.06631179E-001, 4.89749450E+000,-1.00000000E-001, 1.17486224E+000
 2.95000000E+000, 1.60249231E-001, 4.06831492E-001, 4.89445517E+000,-1.00000000E-001, 1.17267701E+000
 2.97000000E+000, 1.61966948E-001, 4.07032811E-001, 4.89140390E+000,-1.00000000E-001, 1.17048570E+000
 2.99000000E+000, 1.63687750E-001, 4.07234870E-001, 4.88834474E+000,-1.00000000E-001, 1.16829121E+000
 3.01000000E+000, 1.65409275E-001, 4.07437394E-001, 4.88528187E+000,-1.00000000E-001, 1.16609657E+000
 3.03000000E+000, 1.67129091E-001, 4.07640097E-001, 4.88221963E+000,-1.00000000E-001, 1.16390487E+000
 3.05000000E+000, 1.68844704E-001, 4.07842686E-001, 4.87916245E+000,-1.00000000E-001, 1.16171927E+000
 3.07000000E+000, 1.70553561E-001, 4.08044856E-001, 4.87611491E+000,-1.00000000E-001, 1.15954302E+000
 3.09000000E+000, 1.72253056E-001, 4.08246295E-001, 4.87308167E+000,-1.00000000E-001, 1.15737941E+000
 3.11000000E+000, 1.73940534E-001, 4.08446682E-001, 4.87006753E+000,-1.00000000E-001, 1.15523180E+000
 3.13000000E+000, 1.75613298E-001, 4.08645689E-001, 4.86707734E+000,-1.00000000E-001, 1.15310360E+000
 3.15000000E+000, 1.77268613E-001, 4.08842981E-001, 4.86411606E+000,-1.00000000E-001, 1.15099825E+000
 3.17000000E+000, 1.78903713E-001, 4.09038218E-001, 4.86118872E+000,-1.00000000E-001, 1.14891924E+000
 3.19000000E+000, 1.80515806E-001, 4.09231054E-001, 4.85830038E+000,-1.00000000E-001, 1.14687007E+000
 3.21000000E+000, 1.82102085E-001, 4.09421137E-001, 4.85545617E+000,-1.00000000E-001, 1.14485426E+000
 3.23000000E+000, 1.83659728E-001, 4.09608113E-001, 4.85266127E+000,-1.00000000E-001, 1.14287536E+000
 3.25000000E+000, 1.85185911E-001, 4.09791626E-001, 4.84992084E+000,-1.00000000E-001, 1.14093690E+000
 3.27000000E+000, 1.86677813E-001, 4.09971318E-001, 4.84724007E+000,-1.00000000E-001, 1.13904240E+000
 3.29000000E+000, 1.88132626E-001, 4.10146829E-001, 4.84462416E+000,-1.00000000E-001, 1.13719538E+000
 3.31000000E+000, 1.89547560E-001, 4.10317801E-001, 4.84207824E+000,-1.00000000E-001, 1.13539931E+000
 3.33000000E+000, 1.90919852E-001, 4.10483878E-001, 4.83960743E+000,-1.00000000E-001, 1.13365763E+000
 3.35000000E+000, 1.92246780E-001, 4.10644705E-001, 4.83721679E+000,-1.00000000E-001, 1.13197374E+000
 3.37000000E+000, 1.93525664E-001, 4.10799935E-001, 4.83491130E+000,-1.00000000E-001, 1.13035097E+000
 3.39000000E+000, 1.94753883E-001, 4.10949223E-001, 4.83269584E+000,-1.00000000E-001, 1.12879257E+000
 3.41000000E+000, 1.95928878E-001, 4.11092234E-001, 4.83057519E+000,-1.00000000E-001, 1.12730172E+000
 3.43000000E+000, 1.97048168E-001, 4.11228639E-001, 4.82855399E+000,-1.00000000E-001, 1.12588150E+000
 3.45000000E+000, 1.98109353E-001, 4.11358120E-001, 4.82663673E+000,-1.00000000E-001, 1.12453489E+000
 3.47000000E+000, 1.99110128E-001, 4.11480370E-001, 4.82482774E+000,-1.00000000E-001, 1.12326473E+000
 3.49000000E+000, 2.00048294E-001, 4.11595096E-001, 4.82313115E+000,-1.00000000E-001, 1.12207377E+000
 3.51000000E+000, 2.00921758E-001, 4.11702019E-001, 4.82155090E+000,-1.00000000E-001, 1.12096457E+000
 3.53000000E+000, 2.01728550E-001, 4.11800872E-001, 4.82009069E+000,-1.00000000E-001, 1.11993960E+000
 3.55000000E+000, 2.02466825E-001, 4.11891408E-001, 4.81875400E+000,-1.00000000E-001, 1.11900112E+000
 3.57000000E+000, 2.03134872E-001, 4.11973396E-001, 4.81754407E+000,-1.00000000E-001, 1.11815126E+000
 3.59000000E+000, 2.03731115E-001, 4.12046623E-001, 4.81646386E+000,-1.00000000E-001, 1.11739196E+000
 3.61000000E+000, 2.04254120E-001, 4.12110895E-001, 4.81551609E+000,-1.00000000E-001, 1.11672501E+000
 3.63000000E+000, 2.04702597E-001, 4.12166038E-001, 4.81470320E+000,-1.00000000E-001, 1.11615201E+000
 3.65000000E+000, 2.05075399E-001, 4.12211898E-001, 4.81402734E+000,-1.00000000E-001, 1.11567436E+000
 3.67000000E+000, 2.05371526E-001, 4.12248339E-001, 4.81349040E+000,-1.00000000E-001, 1.11529333E+000
 3.69000000E+000, 2.05590125E-001, 4.12275247E-001, 4.81309399E+000,-1.00000000E-001, 1.11500997E+000
 3.71000000E+000, 2.05730485E-001, 4.12292529E-001, 4.81283944E+000,-1.00000000E-001, 1.11482518E+000
 3.73000000E+000, 2.05792044E-001, 4.12300109E-001, 4.81272779E+000,-1.00000000E-001, 1.11473966E+000
 3.75000000E+000, 2.05774387E-001, 4.12297937E-001, 4.81275980E+000,-1.00000000E-001, 1.11475394E+000
 3.77000000E+000, 2.05677245E-001, 4.12285978E-001, 4.81293596E+000,-1.00000000E-001, 1.11486838E+000
 3.79000000E+000, 2.05500502E-001, 4.12264224E-001, 4.81325646E+000,-1.00000000E-001, 1.11508314E+000
 3.81000000E+000, 2.05244195E-001, 4.12232684E-001, 4.81372119E+000,-1.00000000E-001, 1.11539820E+000
 3.83000000E+000, 2.04908523E-001, 4.12191391E-001, 4.81432973E+000,-1.00000000E-001, 1.11581336E+000
 3.85000000E+000, 2.04493848E-001, 4.12140402E-001, 4.81508135E+000,-1.00000000E-001, 1.11632819E+000
 3.87000000E+000, 2.04000703E-001, 4.12079796E-001, 4.81597501E+000,-1.00000000E-001, 1.11694207E+000
 3.89000000E+000, 2.03429798E-001, 4.12009677E-001, 4.81700930E+000,-1.00000000E-001, 1.11765416E+000
 3.91000000E+000, 2.02782028E-001, 4.11930172E-001, 4.81818251E+000,-1.00000000E-001, 1.11846339E+000
 3.93000000E+000, 2.02058470E-001, 4.11841436E-001, 4.81949254E+000,-1.00000000E-001, 1.11936849E+000
 3.95000000E+000, 2.01260395E-001, 4.11743646E-001, 4.82093695E+000,-1.00000000E-001, 1.12036790E+000
 3.97000000E+000, 2.00389263E-001, 4.11637007E-001, 4.82251295E+000,-1.00000000E-001, 1.12145989E+000
 3.99000000E+000, 1.99446723E-001, 4.11521745E-001, 4.82421738E+000,-1.00000000E-001, 1.12264243E+000
 4.01000000E+000, 1.98434613E-001, 4.11398113E-001, 4.82604675E+000,-1.00000000E-001, 1.12391330E+000
 4.03000000E+000, 1.97354954E-001, 4.11266387E-001, 4.82799724E+000,-1.00000000E-001, 1.12527004E+000
 4.05000000E+000, 1.96209940E-001, 4.11126863E-001, 4.83006469E+000,-1.00000000E-001, 1.12670997E+000
 4.07000000E+000, 1.95001933E-001, 4.10979859E-001, 4.83224466E+000,-1.00000000E-001, 1.12823019E+000
 4.09000000E+000, 1.93733451E-001, 4.10825712E-001, 4.83453240E+000,-1.00000000E-001, 1.12982761E+000
 4.11000000E+000, 1.92407159E-001, 4.10664775E-001, 4.83692292E+000,-1.00000000E-001, 1.13149895E+000
 4.13000000E+000, 1.91025855E-001, 4.10497419E-001, 4.83941099E+000,-1.00000000E-001, 1.13324077E+000
 4.15000000E+000, 1.89592456E-001, 4.10324025E-001, 4.84199117E+000,-1.00000000E-001, 1.13504947E+000
 4.17000000E+000, 1.88109988E-001, 4.10144989E-001, 4.84465783E+000,-1.00000000E-001, 1.13692130E+000
 4.19000000E+000, 1.86581573E-001, 4.09960714E-001, 4.84740518E+000,-1.00000000E-001, 1.13885238E+000
 4.21000000E+000, 1.85010410E-001, 4.09771614E-001, 4.85022731E+000,-1.00000000E-001, 1.14083875E+000
 4.23000000E+000, 1.83399768E-001, 4.09578106E-001, 4.85311818E+000,-1.00000000E-001, 1.14287634E+000
 4.25000000E+000, 1.81752969E-001, 4.09380612E-001, 4.85607169E+000,-1.00000000E-001, 1.14496101E+000
 4.27000000E+000, 1.80073374E-001, 4.09179557E-001, 4.85908167E+000,-1.00000000E-001, 1.14708854E+000
 4.29000000E+000, 1.78364371E-001, 4.08975367E-001, 4.86214192E+000,-1.00000000E-001, 1.14925472E+000
 4.31000000E+000, 1.76629365E-001, 4.08768464E-001, 4.86524625E+000,-1.00000000E-001, 1.15145525E+000
 4.33000000E+000, 1.74871756E-001, 4.08559270E-001, 4.86838845E+000,-1.00000000E-001, 1.15368588E+000
 4.35000000E+000, 1.73094936E-001, 4.08348202E-001, 4.87156240E+000,-1.00000000E-001, 1.15594232E+000
 4.37000000E+000, 1.71302272E-001, 4.08135670E-001, 4.87476199E+000,-1.00000000E-001, 1.15822034E+000
 4.39000000E+000, 1.69497093E-001, 4.07922076E-001, 4.87798125E+000,-1.00000000E-001, 1.16051571E+000
 4.41000000E+000, 1.67682684E-001, 4.07707817E-001, 4.88121426E+000,-1.00000000E-001, 1.16282427E+000
 4.43000000E+000, 1.65862268E-001, 4.07493275E-001, 4.88445526E+000,-1.00000000E-001, 1.16514194E+000
 4.45000000E+000, 1.64039000E-001, 4.07278825E-001, 4.88769863E+000,-1.00000000E-001, 1.16746469E+000
 4.47000000E+000, 1.62215958E-001, 4.07064827E-001, 4.89093888E+000,-1.00000000E-001, 1.16978860E+000
 4.49000000E+000, 1.60396130E-001, 4.06851630E-001, 4.89417072E+000,-1.00000000E-001, 1.17210985E+000
 4.51000000E+000, 1.58582411E-001, 4.06639567E-001, 4.89738905E+000,-1.00000000E-001, 1.17442473E+000
 4.53000000E+000, 1.56777589E-001, 4.06428959E-001, 4.90058895E+000,-1.00000000E-001, 1.17672966E+000
 4.55000000E+000, 1.54984344E-001, 4.06220109E-001, 4.90376573E+000,-1.00000000E-001, 1.17902119E+000
 4.57000000E+000, 1.53205238E-001, 4.06013305E-001, 4.90691490E+000,-1.00000000E-001, 1.18129600E+000
 4.59000000E+000, 1.51442714E-001, 4.05808820E-001, 4.91003223E+000,-1.00000000E-001, 1.18355094E+000
 4.61000000E+000, 1.49699086E-001, 4.05606909E-001, 4.91311369E+000,-1.00000000E-001, 1.18578301E+000
 4.63000000E+000, 1.47976538E-001, 4.05407811E-001, 4.91615552E+000,-1.00000000E-001, 1.18798936E+000
 4.65000000E+000, 1.46277123E-001, 4.05211747E-001, 4.91915419E+000,-1.00000000E-001, 1.19016731E+000
 4.67000000E+000, 1.44602759E-001, 4.05018922E-001, 4.92210642E+000,-1.00000000E-001, 1.19231435E+000
 4.69000000E+000, 1.42955226E-001, 4.04829524E-001, 4.92500918E+000,-1.00000000E-001, 1.19442815E+000
 4.71000000E+000, 1.41336167E-001, 4.04643725E-001, 4.92785969E+000,-1.00000000E-001, 1.19650654E+000
 4.73000000E+000, 1.39747089E-001, 4.04461678E-001, 4.93065541E+000,-1.00000000E-001, 1.19854752E+000
 4.75000000E+000, 1.38189361E-001, 4.04283521E-001, 4.93339405E+000,-1.00000000E-001, 1.20054927E+000
 4.77000000E+000, 1.36664219E-001, 4.04109378E-001, 4.93607357E+000,-1.00000000E-001, 1.20251015E+000
 4.79000000E+000, 1.35172762E-001, 4.03939353E-001, 4.93869214E+000,-1.00000000E-001, 1.20442868E+000
 4.81000000E+000, 1.33715961E-001, 4.03773540E-001, 4.94124820E+000,-1.00000000E-001, 1.20630354E+000
 4.83000000E+000, 1.32294655E-001, 4.03612013E-001, 4.94374039E+000,-1.00000000E-001, 1.20813359E+000
 4.85000000E+000, 1.30909560E-001, 4.03454836E-001, 4.94616757E+000,-1.00000000E-001, 1.20991784E+000
 4.87000000E+000, 1.29561269E-001, 4.03302056E-001, 4.94852884E+000,-1.00000000E-001, 1.21165548E+000
 4.89000000E+000, 1.28250259E-001, 4.03153710E-001, 4.95082346E+000,-1.00000000E-001, 1.21334581E+000
 4.91000000E+000, 1.26976892E-001, 4.03009821E-001, 4.95305094E+000,-1.00000000E-001, 1.21498832E+000
 4.93000000E+000, 1.25741420E-001, 4.02870399E-001, 4.95521092E+000,-1.00000000E-001, 1.21658262E+000
 4.95000000E+000, 1.24543992E-001, 4.02735445E-001, 4.95730327E+000,-1.00000000E-001, 1.21812845E+000
 4.97000000E+000, 1.23384659E-001, 4.02604947E-001, 4.95932801E+000,-1.00000000E-001, 1.21962570E+000
 4.99000000E+000, 1.22263374E-001, 4.02478885E-001, 4.96128530E+000,-1.00000000E-001, 1.22107436E+000
 5.01000000E+000, 1.21180005E-001, 4.02357228E-001, 4.96317550E+000,-1.00000000E-001, 1.22247456E+000
 5.03000000E+000, 1.20134334E-001, 4.02239937E-001, 4.96499906E+000,-1.00000000E-001, 1.22382652E+000
 5.05000000E+000, 1.19126065E-001, 4.02126966E-001, 4.96675661E+000,-1.00000000E-001, 1.22513058E+000
 5.07000000E+000, 1.18154828E-001, 4.02018260E-001, 4.96844885E+000,-1.00000000E-001, 1.22638717E+000
 5.09000000E+000, 1.17220186E-001, 4.01913757E-001, 4.97007665E+000,-1.00000000E-001, 1.22759680E+000
 5.11000000E+000, 1.16321639E-001, 4.01813390E-001, 4.97164095E+000,-1.00000000E-001, 1.22876008E+000
 5.13000000E+000, 1.15458630E-001, 4.01717086E-001, 4.97314278E+000,-1.00000000E-001, 1.22987769E+000
 5.15000000E+000, 1.14630550E-001, 4.01624766E-001, 4.97458328E+000,-1.00000000E-001, 1.23095037E+000
 5.17000000E+000, 1.13836741E-001, 4.01536347E-001, 4.97596366E+000,-1.00000000E-001, 1.23197894E+000
 5.19000000E+000, 1.13076505E-001, 4.01451742E-001, 4.97728519E+000,-1.00000000E-001, 1.23296427E+000
 5.21000000E+000, 1.12349103E-001, 4.01370861E-001, 4.97854920E+000,-1.00000000E-001, 1.23390728E+000
 5.23000000E+000, 1.11653767E-001, 4.01293611E-001, 4.97975710E+000,-1.00000000E-001, 1.23480893E+000
 5.25000000E+000, 1.10989696E-001, 4.01219895E-001, 4.98091030E+000,-1.00000000E-001, 1.23567023E+000
 5.27000000E+000, 1.10356067E-001, 4.01149617E-001, 4.98201029E+000,-1.00000000E-001, 1.23649223E+000
 5.29000000E+000, 1.09752036E-001, 4.01082676E-001, 4.98305858E+000,-1.00000000E-001, 1.23727597E+000
 5.31000000E+000, 1.09176744E-001, 4.01018971E-001, 4.98405668E+000,-1.00000000E-001, 1.23802256E+000
 5.33000000E+000, 1.08629316E-001, 4.00958402E-001, 4.98500616E+000,-1.00000000E-001, 1.23873310E+000
 5.35000000E+000, 1.08108869E-001, 4.00900867E-001, 4.98590857E+000,-1.00000000E-001, 1.23940872E+000
 5.37000000E+000, 1.07614515E-001, 4.00846262E-001, 4.98676548E+000,-1.00000000E-001, 1.24005054E+000
 5.39000000E+000, 1.07145363E-001, 4.00794488E-001, 4.98757846E+000,-1.00000000E-001, 1.24065971E+000
 5.41000000E+000, 1.06700519E-001, 4.00745442E-001, 4.98834907E+000,-1.00000000E-001, 1.24123736E+000
 5.43000000E+000, 1.06279094E-001, 4.00699024E-001, 4.98907889E+000,-1.00000000E-001, 1.24178462E+000
 5.45000000E+000, 1.05880204E-001, 4.00655134E-001, 4.98976944E+000,-1.00000000E-001, 1.24230263E+000
 5.47000000E+000, 1.05502972E-001, 4.00613676E-001, 4.99042228E+000,-1.00000000E-001, 1.24279250E+000
 5.49000000E+000, 1.05146529E-001, 4.00574552E-001, 4.99103890E+000,-1.00000000E-001, 1.24325535E+000
 5.51000000E+000, 1.04810021E-001, 4.00537668E-001, 4.99162080E+000,-1.00000000E-001, 1.24369228E+000
 5.53000000E+000, 1.04492603E-001, 4.00502930E-001, 4.99216945E+000,-1.00000000E-001, 1.24410435E+000
 5.55000000E+000, 1.04193447E-001, 4.00470249E-001, 4.99268628E+000,-1.00000000E-001, 1.24449263E+000
 5.57000000E+000, 1.03911741E-001, 4.00439536E-001, 4.99317270E+000,-1.00000000E-001, 1.24485817E+000
 5.59000000E+000, 1.03646690E-001, 4.00410705E-001, 4.99363008E+000,-1.00000000E-001, 1.24520197E+000
 5.61000000E+000, 1.03397517E-001, 4.00383673E-001, 4.99405977E+000,-1.00000000E-001, 1.24552502E+000
 5.63000000E+000, 1.03163465E-001, 4.00358359E-001, 4.99446306E+000,-1.00000000E-001, 1.24582830E+000
 5.65000000E+000, 1.02943798E-001, 4.00334685E-001, 4.99484123E+000,-1.00000000E-001, 1.24611275E+000
 5.67000000E+000, 1.02737799E-001, 4.00312575E-001, 4.99519549E+000,-1.00000000E-001, 1.24637927E+000
 5.69000000E+000, 1.02544773E-001, 4.00291958E-001, 4.99552705E+000,-1.00000000E-001, 1.24662876E+000
 5.71000000E+000, 1.02364048E-001, 4.00272764E-001, 4.99583704E+000,-1.00000000E-001, 1.24686206E+000
 5.73000000E+000, 1.02194973E-001, 4.00254926E-001, 4.99612658E+000,-1.00000000E-001, 1.24708000E+000
 5.75000000E+000, 1.02036919E-001, 4.00238382E-001, 4.99639674E+000,-1.00000000E-001, 1.24728339E+000
 5.77000000E+000, 1.01889281E-001, 4.00223070E-001, 4.99664853E+000,-1.00000000E-001, 1.24747297E+000
 5.79000000E+000, 1.01751475E-001, 4.00208934E-001, 4.99688294E+000,-1.00000000E-001, 1.24764950E+000
 5.81000000E+000, 1.01622939E-001, 4.00195920E-001, 4.99710091E+000,-1.00000000E-001, 1.24781366E+000
 5.83000000E+000, 1.01503134E-001, 4.00183976E-001, 4.99730335E+000,-1.00000000E-001, 1.24796615E+000
 5.85000000E+000, 1.01391544E-001, 4.00173056E-001, 4.99749112E+000,-1.00000000E-001, 1.24810759E+000
 5.87000000E+000, 1.01287672E-001, 4.00163113E-001, 4.99766502E+000,-1.00000000E-001, 1.24823861E+000
 5.89000000E+000, 1.01191045E-001, 4.00154108E-001, 4.99782586E+000,-1.00000000E-001, 1.24835978E+000
 5.91000000E+000, 1.01101210E-001, 4.00146001E-001, 4.99797435E+000,-1.00000000E-001, 1.24847167E+000
 5.93000000E+000, 1.01017732E-001, 4.00138758E-001, 4.99811121E+000,-1.00000000E-001, 1.24857479E+000
 5.95000000E+000, 1.00940201E-001, 4.00132345E-001, 4.99823710E+000,-1.00000000E-001, 1.24866965E+000
 5.97000000E+000, 1.00868221E-001, 4.00126735E-001, 4.99835264E+000,-1.00000000E-001, 1.24875671E+000
 5.99000000E+000, 1.00801419E-001, 4.00121900E-001, 4.99845843E+000,-1.00000000E-001, 1.24883642E+000
 6.01000000E+000, 1.00739439E-001, 4.00117819E-001, 4.99855501E+000,-1.00000000E-001, 1.24890919E+000
 6.03000000E+000, 1.00681941E-001, 4.00114472E-001, 4.99864290E+000,-1.00000000E-001, 1.24897540E+000
 6.05000000E+000, 1.00628604E-001, 4.00111841E-001, 4.99872260E+000,-1.00000000E-001, 1.24903544E+000
 6.07000000E+000, 1.00579124E-001, 4.00109913E-001, 4.99879454E+000,-1.00000000E-001, 1.24908962E+000
 6.09000000E+000, 1.00533210E-001, 4.00108678E-001, 4.99885915E+000,-1.00000000E-001, 1.24913827E+000
 6.11000000E+000, 1.00490589E-001, 4.00108127E-001, 4.99891681E+000,-1.00000000E-001, 1.24918167E+000
 6.13000000E+000, 1.00451000E-001, 4.00108256E-001, 4.99896789E+000,-1.00000000E-001, 1.24922010E+000
 6.15000000E+000, 1.00414198E-001, 4.00109062E-001, 4.99901271E+000,-1.00000000E-001, 1.24925381E+000
 6.17000000E+000, 1.00379950E-001, 4.00110548E-001, 4.99905157E+000,-1.00000000E-001, 1.24928300E+000
 6.19000000E+000, 1.00348036E-001, 4.00112716E-001, 4.99908474E+000,-1.00000000E-001, 1.24930790E+000
 6.21000000E+000, 1.00318247E-001, 4.00115574E-001, 4.99911246E+000,-1.00000000E-001, 1.24932869E+000
 6.23000000E+000, 1.00290385E-001, 4.00119132E-001, 4.99913496E+000,-1.00000000E-001, 1.24934552E+000
 6.25000000E+000, 1.00264265E-001, 4.00123403E-001, 4.99915243E+000,-1.00000000E-001, 1.24935855E+000
 6.27000000E+000, 1.00239709E-001, 4.00128401E-001, 4.99916504E+000,-1.00000000E-001, 1.24936790E+000
 6.29000000E+000, 1.00216550E-001, 4.00134145E-001, 4.99917294E+000,-1.00000000E-001, 1.24937368E+000
 6.31000000E+000, 1.00194630E-001, 4.00140656E-001, 4.99917624E+000,-1.00000000E-001, 1.24937599E+000
 6.33000000E+000, 1.00173799E-001, 4.00147959E-001, 4.99917507E+000,-1.00000000E-001, 1.24937490E+000
 6.35000000E+000, 1.00153914E-001, 4.00156080E-001, 4.99916948E+000,-1.00000000E-001, 1.24937047E+000
 6.37000000E+000, 1.00134839E-001, 4.00165048E-001, 4.99915956E+000,-1.00000000E-001, 1.24936276E+000
 6.39000000E+000, 1.00116447E-001, 4.00174896E-001, 4.99914533E+000,-1.00000000E-001, 1.24935178E+000
 6.41000000E+000, 1.00098615E-001, 4.00185658E-001, 4.99912683E+000,-1.00000000E-001, 1.24933757E+000
 6.43000000E+000, 1.00081226E-001, 4.00197374E-001, 4.99910405E+000,-1.00000000E-001, 1.24932012E+000
 6.45000000E+000, 1.00064169E-001, 4.00210082E-001, 4.99907700E+000,-1.00000000E-001, 1.24929942E+000
 6.47000000E+000, 1.00047339E-001, 4.00223825E-001, 4.99904563E+000,-1.00000000E-001, 1.24927546E+000
 6.49000000E+000, 1.00030632E-001, 4.00238650E-001, 4.99900992E+000,-1.00000000E-001, 1.24924820E+000
 6.51000000E+000, 1.00013951E-001, 4.00254604E-001, 4.99896978E+000,-1.00000000E-001, 1.24921759E+000
 6.53000000E+000, 9.99972026E-002, 4.00271739E-001, 4.99892517E+000,-1.00000000E-001, 1.24918359E+000
 6.55000000E+000, 9.99802963E-002, 4.00290106E-001, 4.99887597E+000,-1.00000000E-001, 1.24914611E+000
 6.57000000E+000, 9.99631448E-002, 4.00309762E-001, 4.99882210E+000,-1.00000000E-001, 1.24910510E+000
 6.59000000E+000, 9.99456637E-002, 4.00330765E-001, 4.99876345E+000,-1.00000000E-001, 1.24906045E+000
 6.61000000E+000, 9.99277713E-002, 4.00353174E-001, 4.99869987E+000,-1.00000000E-001, 1.24901208E+000
 6.63000000E+000, 9.99093882E-002, 4.00377051E-001, 4.99863124E+000,-1.00000000E-001, 1.24895989E+000
 6.65000000E+000, 9.98904374E-002, 4.00402461E-001, 4.99855741E+000,-1.00000000E-001, 1.24890375E+000
 6.67000000E+000, 9.98708437E-002, 4.00429470E-001, 4.99847822E+000,-1.00000000E-001, 1.24884356E+000
 6.69000000E+000, 9.98505338E-002, 4.00458147E-001, 4.99839351E+000,-1.00000000E-001, 1.24877918E+000
 6.71000000E+000, 9.98294361E-002, 4.00488560E-001, 4.99830308E+000,-1.00000000E-001, 1.24871049E+000
 6.73000000E+000, 9.98074804E-002, 4.00520782E-001, 4.99820677E+000,-1.00000000E-001, 1.24863734E+000
 6.75000000E+000, 9.97845982E-002, 4.00554884E-001, 4.99810437E+000,-1.00000000E-001, 1.24855960E+000
 6.77000000E+000, 9.97607221E-002, 4.00590943E-001, 4.99799569E+000,-1.00000000E-001, 1.24847710E+000
 6.79000000E+000, 9.97357862E-002, 4.00629031E-001, 4.99788053E+000,-1.00000000E-001, 1.24838970E+000
 6.81000000E+000, 9.97097258E-002, 4.00669226E-001, 4.99775866E+000,-1.00000000E-001, 1.24829725E+000
 6.83000000E+000, 9.96824774E-002, 4.00711605E-001, 4.99762989E+000,-1.00000000E-001, 1.24819958E+000
 6.85000000E+000, 9.96539788E-002, 4.00756244E-001, 4.99749398E+000,-1.00000000E-001, 1.24809652E+000
 6.87000000E+000, 9.96241691E-002, 4.00803221E-001, 4.99735073E+000,-1.00000000E-001, 1.24798792E+000
 6.89000000E+000, 9.95929885E-002, 4.00852614E-001, 4.99719990E+000,-1.00000000E-001, 1.24787362E+000
 6.91000000E+000, 9.95603787E-002, 4.00904500E-001, 4.99704128E+000,-1.00000000E-001, 1.24775343E+000
 6.93000000E+000, 9.95262828E-002, 4.00958956E-001, 4.99687465E+000,-1.00000000E-001, 1.24762721E+000
 6.95000000E+000, 9.94906455E-002, 4.01016057E-001, 4.99669977E+000,-1.00000000E-001, 1.24749478E+000
 6.97000000E+000, 9.94534128E-002, 4.01075878E-001, 4.99651645E+000,-1.00000000E-001, 1.24735599E+000
 6.99000000E+000, 9.94145329E-002, 4.01138493E-001, 4.99632445E+000,-1.00000000E-001, 1.24721068E+000
 7.01000000E+000, 9.93739556E-002, 4.01203972E-001, 4.99612358E+000,-1.00000000E-001, 1.24705869E+000
 7.03000000E+000, 9.93316327E-002, 4.01272384E-001, 4.99591362E+000,-1.00000000E-001, 1.24689988E+000
 7.05000000E+000, 9.92875183E-002, 4.01343797E-001, 4.99569439E+000,-1.00000000E-001, 1.24673410E+000
 7.07000000E+000, 9.92415691E-002, 4.01418273E-001, 4.99546569E+000,-1.00000000E-001, 1.24656121E+000
 7.09000000E+000, 9.91937441E-002, 4.01495872E-001, 4.99522735E+000,-1.00000000E-001, 1.24638109E+000
 7.11000000E+000, 9.91440052E-002, 4.01576651E-001, 4.99497919E+000,-1.00000000E-001, 1.24619361E+000
 7.13000000E+000, 9.90923174E-002, 4.01660662E-001, 4.99472108E+000,-1.00000000E-001, 1.24599867E+000
 7.15000000E+000, 9.90386489E-002, 4.01747952E-001, 4.99445287E+000,-1.00000000E-001, 1.24579617E+000
 7.17000000E+000, 9.89829715E-002, 4.01838563E-001, 4.99417443E+000,-1.00000000E-001, 1.24558601E+000
 7.19000000E+000, 9.89252605E-002, 4.01932531E-001, 4.99388565E+000,-1.00000000E-001, 1.24536814E+000
 7.21000000E+000, 9.88654954E-002, 4.02029887E-001, 4.99358646E+000,-1.00000000E-001, 1.24514247E+000
 7.23000000E+000, 9.88036600E-002, 4.02130656E-001, 4.99327678E+000,-1.00000000E-001, 1.24490897E+000
 7.25000000E+000, 9.87397424E-002, 4.02234853E-001, 4.99295656E+000,-1.00000000E-001, 1.24466762E+000
 7.27000000E+000, 9.86737358E-002, 4.02342488E-001, 4.99262577E+000,-1.00000000E-001, 1.24441840E+000
 7.29000000E+000, 9.86056381E-002, 4.02453564E-001, 4.99228443E+000,-1.00000000E-001, 1.24416131E+000
 7.31000000E+000, 9.85354526E-002, 4.02568072E-001, 4.99193255E+000,-1.00000000E-001, 1.24389639E+000
 7.33000000E+000, 9.84631882E-002, 4.02685998E-001, 4.99157018E+000,-1.00000000E-001, 1.24362368E+000
 7.35000000E+000, 9.83888597E-002, 4.02807317E-001, 4.99119741E+000,-1.00000000E-001, 1.24334325E+000
 7.37000000E+000, 9.83124876E-002, 4.02931994E-001, 4.99081434E+000,-1.00000000E-001, 1.24305519E+000
 7.39000000E+000, 9.82340990E-002, 4.03059984E-001, 4.99042112E+000,-1.00000000E-001, 1.24275962E+000
 7.41000000E+000, 9.81537271E-002, 4.03191233E-001, 4.99001792E+000,-1.00000000E-001, 1.24245667E+000
 7.43000000E+000, 9.80714121E-002, 4.03325676E-001, 4.98960495E+000,-1.00000000E-001, 1.24214651E+000
 7.45000000E+000, 9.79872008E-002, 4.03463235E-001, 4.98918244E+000,-1.00000000E-001, 1.24182932E+000
 7.47000000E+000, 9.79011470E-002, 4.03603822E-001, 4.98875066E+000,-1.00000000E-001, 1.24150533E+000
 7.49000000E+000, 9.78133117E-002, 4.03747338E-001, 4.98830994E+000,-1.00000000E-001, 1.24117476E+000
 7.51000000E+000, 9.77237630E-002, 4.03893672E-001, 4.98786060E+000,-1.00000000E-001, 1.24083789E+000
 7.53000000E+000, 9.76325764E-002, 4.04042701E-001, 4.98740304E+000,-1.00000000E-001, 1.24049501E+000
 7.55000000E+000, 9.75398347E-002, 4.04194289E-001, 4.98693767E+000,-1.00000000E-001, 1.24014645E+000
 7.57000000E+000, 9.74456280E-002, 4.04348290E-001, 4.98646495E+000,-1.00000000E-001, 1.23979255E+000
 7.59000000E+000, 9.73500538E-002, 4.04504544E-001, 4.98598536E+000,-1.00000000E-001, 1.23943369E+000
 7.61000000E+000, 9.72532167E-002, 4.04662881E-001, 4.98549944E+000,-1.00000000E-001, 1.23907027E+000
 7.63000000E+000, 9.71552288E-002, 4.04823118E-001, 4.98500775E+000,-1.00000000E-001, 1.23870272E+000
 7.65000000E+000, 9.70562090E-002, 4.04985060E-001, 4.98451089E+000,-1.00000000E-001, 1.23833149E+000
 7.67000000E+000, 9.69562831E-002, 4.05148503E-001, 4.98400948E+000,-1.00000000E-001, 1.23795706E+000
 7.69000000E+000, 9.68555836E-002, 4.05313230E-001, 4.98350420E+000,-1.00000000E-001, 1.23757995E+000
 7.71000000E+000, 9.67542494E-002, 4.05479014E-001, 4.98299575E+000,-1.00000000E-001, 1.23720067E+000
 7.73000000E+000, 9.66524254E-002, 4.05645617E-001, 4.98248485E+000,-1.00000000E-001, 1.23681977E+000
 7.75000000E+000, 9.65502625E-002, 4.05812794E-001, 4.98197225E+000,-1.00000000E-001, 1.23643783E+000
 7.77000000E+000, 9.64479167E-002, 4.05980289E-001, 4.98145875E+000,-1.00000000E-001, 1.23605543E+000
 7.79000000E+000, 9.63455490E-002, 4.06147838E-001, 4.98094515E+000,-1.00000000E-001, 1.23567318E+000
 7.81000000E+000, 9.62433251E-002, 4.06315171E-001, 4.98043229E+000,-1.00000000E-001, 1.23529170E+000
 7.83000000E+000, 9.61414143E-002, 4.06482011E-001, 4.97992101E+000,-1.00000000E-001, 1.23491163E+000
 7.85000000E+000, 9.60399896E-002, 4.06648073E-001, 4.97941218E+000,-1.00000000E-001, 1.23453361E+000
 7.87000000E+000, 9.59392265E-002, 4.06813070E-001, 4.97890668E+000,-1.00000000E-001, 1.23415830E+000
 7.89000000E+000, 9.58393030E-002, 4.06976711E-001, 4.97840541E+000,-1.00000000E-001, 1.23378637E+000
 7.91000000E+000, 9.57403983E-002, 4.07138702E-001, 4.97790927E+000,-1.00000000E-001, 1.23341847E+000
 7.93000000E+000, 9.56426925E-002, 4.07298747E-001, 4.97741915E+000,-1.00000000E-001, 1.23305529E+000
 7.95000000E+000, 9.55463657E-002, 4.07456550E-001, 4.97693596E+000,-1.00000000E-001, 1.23269748E+000
 7.97000000E+000, 9.54515972E-002, 4.07611818E-001, 4.97646061E+000,-1.00000000E-001, 1.23234572E+000
 7.99000000E+000, 9.53585647E-002, 4.07764258E-001, 4.97599397E+000,-1.00000000E-001, 1.23200066E+000
 8.01000000E+000, 9.52674435E-002, 4.07913583E-001, 4.97553694E+000,-1.00000000E-001, 1.23166294E+000
 8.03000000E+000, 9.51784057E-002, 4.08059510E-001, 4.97509037E+000,-1.00000000E-001, 1.23133321E+000
 8.05000000E+000, 9.50916190E-002, 4.08201763E-001, 4.97465510E+000,-1.00000000E-001, 1.23101207E+000
 8.07000000E+000, 9.50072461E-002, 4.08340074E-001, 4.97423196E+000,-1.00000000E-001, 1.23070012E+000
 8.09000000E+000, 9.49254436E-002, 4.08474186E-001, 4.97382172E+000,-1.00000000E-001, 1.23039793E+000
 8.11000000E+000, 9.48463615E-002, 4.08603852E-001, 4.97342513E+000,-1.00000000E-001, 1.23010606E+000
 8.13000000E+000, 9.47701417E-002, 4.08728838E-001, 4.97304291E+000,-1.00000000E-001, 1.22982501E+000
 8.15000000E+000, 9.46969174E-002, 4.08848925E-001, 4.97267573E+000,-1.00000000E-001, 1.22955528E+000
 8.17000000E+000, 9.46268127E-002, 4.08963908E-001, 4.97232421E+000,-1.00000000E-001, 1.22929730E+000
 8.19000000E+000, 9.45599411E-002, 4.09073600E-001, 4.97198891E+000,-1.00000000E-001, 1.22905148E+000
 8.21000000E+000, 9.44964053E-002, 4.09177831E-001, 4.97167035E+000,-1.00000000E-001, 1.22881820E+000
 8.23000000E+000, 9.44362965E-002, 4.09276451E-001, 4.97136899E+000,-1.00000000E-001, 1.22859777E+000
 8.25000000E+000, 9.43796938E-002, 4.09369329E-001, 4.97108522E+000,-1.00000000E-001, 1.22839048E+000
 8.27000000E+000, 9.43266642E-002, 4.09456354E-001, 4.97081938E+000,-1.00000000E-001, 1.22819655E+000
 8.29000000E+000, 9.42772616E-002, 4.09537437E-001, 4.97057174E+000,-1.00000000E-001, 1.22801617E+000
 8.31000000E+000, 9.42315277E-002, 4.09612508E-001, 4.97034251E+000,-1.00000000E-001, 1.22784949E+000
 8.33000000E+000, 9.41894912E-002, 4.09681519E-001, 4.97013182E+000,-1.00000000E-001, 1.22769659E+000
 8.35000000E+000, 9.41511689E-002, 4.09744442E-001, 4.96993978E+000,-1.00000000E-001, 1.22755752E+000
 8.37000000E+000, 9.41165653E-002, 4.09801269E-001, 4.96976638E+000,-1.00000000E-001, 1.22743229E+000
 8.39000000E+000, 9.40856738E-002, 4.09852009E-001, 4.96961161E+000,-1.00000000E-001, 1.22732085E+000
 8.41000000E+000, 9.40584773E-002, 4.09896691E-001, 4.96947538E+000,-1.00000000E-001, 1.22722314E+000
 8.43000000E+000, 9.40349490E-002, 4.09935357E-001, 4.96935755E+000,-1.00000000E-001, 1.22713904E+000
 8.45000000E+000, 9.40150536E-002, 4.09968065E-001, 4.96925794E+000,-1.00000000E-001, 1.22706841E+000
 8.47000000E+000, 9.39987484E-002, 4.09994884E-001, 4.96917635E+000,-1.00000000E-001, 1.22701108E+000
 8.49000000E+000, 9.39859847E-002, 4.10015895E-001, 4.96911252E+000,-1.00000000E-001, 1.22696688E+000
 8.51000000E+000, 9.39767087E-002, 4.10031185E-001, 4.96906618E+000,-1.00000000E-001, 1.22693558E+000
 8.53000000E+000, 9.39708633E-002, 4.10040847E-001, 4.96903706E+000,-1.00000000E-001, 1.22691699E+000
 8.55000000E+000, 9.39683889E-002, 4.10044980E-001, 4.96902485E+000,-1.00000000E-001, 1.22691087E+000
 8.57000000E+000, 9.39692250E-002, 4.10043681E-001, 4.96902925E+000,-1.00000000E-001, 1.22691700E+000
 8.59000000E+000, 9.39733112E-002, 4.10037051E-001, 4.96904995E+000,-1.00000000E-001, 1.22693515E+000
 8.61000000E+000, 9.39805882E-002, 4.10025186E-001, 4.96908666E+000,-1.00000000E-001, 1.22696512E+000
 8.63000000E+000, 9.39909987E-002, 4.10008181E-001, 4.96913909E+000,-1.00000000E-001, 1.22700667E+000
 8.65000000E+000, 9.40044880E-002, 4.09986126E-001, 4.96920696E+000,-1.00000000E-001, 1.22705963E+000
 8.67000000E+000, 9.40210046E-002, 4.09959104E-001, 4.96929002E+000,-1.00000000E-001, 1.22712379E+000
 8.69000000E+000, 9.40405003E-002, 4.09927196E-001, 4.96938804E+000,-1.00000000E-001, 1.22719899E+000
 8.71000000E+000, 9.40629308E-002, 4.09890474E-001, 4.96950077E+000,-1.00000000E-001, 1.22728506E+000
 8.73000000E+000, 9.40882549E-002, 4.09849006E-001, 4.96962802E+000,-1.00000000E-001, 1.22738186E+000
 8.75000000E+000, 9.41164347E-002, 4.09802855E-001, 4.96976960E+000,-1.00000000E-001, 1.22748925E+000
 8.77000000E+000, 9.41474352E-002, 4.09752078E-001, 4.96992534E+000,-1.00000000E-001, 1.22760710E+000
 8.79000000E+000, 9.41812234E-002, 4.09696730E-001, 4.97009506E+000,-1.00000000E-001, 1.22773530E+000
 8.81000000E+000, 9.42177677E-002, 4.09636862E-001, 4.97027862E+000,-1.00000000E-001, 1.22787373E+000
 8.83000000E+000, 9.42570374E-002, 4.09572526E-001, 4.97047584E+000,-1.00000000E-001, 1.22802229E+000
 8.85000000E+000, 9.42990015E-002, 4.09503774E-001, 4.97068660E+000,-1.00000000E-001, 1.22818085E+000
 8.87000000E+000, 9.43436281E-002, 4.09430657E-001, 4.97091071E+000,-1.00000000E-001, 1.22834930E+000
 8.89000000E+000, 9.43908834E-002, 4.09353231E-001, 4.97114801E+000,-1.00000000E-001, 1.22852752E+000
 8.91000000E+000, 9.44407309E-002, 4.09271558E-001, 4.97139833E+000,-1.00000000E-001, 1.22871537E+000
 8.93000000E+000, 9.44931308E-002, 4.09185703E-001, 4.97166146E+000,-1.00000000E-001, 1.22891271E+000
 8.95000000E+000, 9.45480394E-002, 4.09095738E-001, 4.97193717E+000,-1.00000000E-001, 1.22911937E+000
 8.97000000E+000, 9.46054080E-002, 4.09001743E-001, 4.97222524E+000,-1.00000000E-001, 1.22933517E+000
 8.99000000E+000, 9.46651831E-002, 4.08903807E-001, 4.97252539E+000,-1.00000000E-001, 1.22955990E+000
 9.01000000E+000, 9.47273058E-002, 4.08802027E-001, 4.97283732E+000,-1.00000000E-001, 1.22979336E+000
 9.03000000E+000, 9.47917116E-002, 4.08696510E-001, 4.97316072E+000,-1.00000000E-001, 1.23003529E+000
 9.05000000E+000, 9.48583301E-002, 4.08587371E-001, 4.97349522E+000,-1.00000000E-001, 1.23028544E+000
 9.07000000E+000, 9.49270854E-002, 4.08474736E-001, 4.97384045E+000,-1.00000000E-001, 1.23054352E+000
 9.09000000E+000, 9.49978957E-002, 4.08358738E-001, 4.97419601E+000,-1.00000000E-001, 1.23080922E+000
 9.11000000E+000, 9.50706743E-002, 4.08239522E-001, 4.97456144E+000,-1.00000000E-001, 1.23108222E+000
 9.13000000E+000, 9.51453291E-002, 4.08117238E-001, 4.97493630E+000,-1.00000000E-001, 1.23136218E+000
 9.15000000E+000, 9.52217632E-002, 4.07992046E-001, 4.97532010E+000,-1.00000000E-001, 1.23164873E+000
 9.17000000E+000, 9.52998755E-002, 4.07864112E-001, 4.97571232E+000,-1.00000000E-001, 1.23194150E+000
 9.19000000E+000, 9.53795613E-002, 4.07733608E-001, 4.97611245E+000,-1.00000000E-001, 1.23224010E+000
 9.21000000E+000, 9.54607122E-002, 4.07600712E-001, 4.97651994E+000,-1.00000000E-001, 1.23254412E+000
 9.23000000E+000, 9.55432170E-002, 4.07465607E-001, 4.97693424E+000,-1.00000000E-001, 1.23285314E+000
 9.25000000E+000, 9.56269623E-002, 4.07328479E-001, 4.97735476E+000,-1.00000000E-001, 1.23316676E+000
 9.27000000E+000, 9.57118328E-002, 4.07189517E-001, 4.97778095E+000,-1.00000000E-001, 1.23348452E+000
 9.29000000E+000, 9.57977120E-002, 4.07048913E-001, 4.97821220E+000,-1.00000000E-001, 1.23380601E+000
 9.31000000E+000, 9.58844823E-002, 4.06906858E-001, 4.97864793E+000,-1.00000000E-001, 1.23413078E+000
 9.33000000E+000, 9.59720261E-002, 4.06763546E-001, 4.97908755E+000,-1.00000000E-001, 1.23445840E+000
 9.35000000E+000, 9.60602255E-002, 4.06619170E-001, 4.97953047E+000,-1.00000000E-001, 1.23478843E+000
 9.37000000E+000, 9.61489635E-002, 4.06473922E-001, 4.97997609E+000,-1.00000000E-001, 1.23512043E+000
 9.39000000E+000, 9.62381236E-002, 4.06327991E-001, 4.98042385E+000,-1.00000000E-001, 1.23545396E+000
 9.41000000E+000, 9.63275908E-002, 4.06181567E-001, 4.98087314E+000,-1.00000000E-001, 1.23578860E+000
 9.43000000E+000, 9.64172516E-002, 4.06034834E-001, 4.98132341E+000,-1.00000000E-001, 1.23612394E+000
 9.45000000E+000, 9.65069943E-002, 4.05887975E-001, 4.98177410E+000,-1.00000000E-001, 1.23645954E+000
 9.47000000E+000, 9.65967096E-002, 4.05741169E-001, 4.98222465E+000,-1.00000000E-001, 1.23679500E+000
 9.49000000E+000, 9.66862903E-002, 4.05594589E-001, 4.98267452E+000,-1.00000000E-001, 1.23712992E+000
 9.51000000E+000, 9.67756320E-002, 4.05448407E-001, 4.98312319E+000,-1.00000000E-001, 1.23746392E+000
 9.53000000E+000, 9.68646331E-002, 4.05302788E-001, 4.98357015E+000,-1.00000000E-001, 1.23779662E+000
 9.55000000E+000, 9.69531950E-002, 4.05157891E-001, 4.98401490E+000,-1.00000000E-001, 1.23812763E+000
 9.57000000E+000, 9.70412223E-002, 4.05013872E-001, 4.98445695E+000,-1.00000000E-001, 1.23845662E+000
 9.59000000E+000, 9.71286229E-002, 4.04870880E-001, 4.98489586E+000,-1.00000000E-001, 1.23878323E+000
 9.61000000E+000, 9.72153080E-002, 4.04729059E-001, 4.98533116E+000,-1.00000000E-001, 1.23910713E+000
 9.63000000E+000, 9.73011928E-002, 4.04588546E-001, 4.98576243E+000,-1.00000000E-001, 1.23942801E+000
 9.65000000E+000, 9.73861957E-002, 4.04449473E-001, 4.98618925E+000,-1.00000000E-001, 1.23974555E+000
 9.67000000E+000, 9.74702390E-002, 4.04311965E-001, 4.98661124E+000,-1.00000000E-001, 1.24005947E+000
 9.69000000E+000, 9.75532490E-002, 4.04176140E-001, 4.98702802E+000,-1.00000000E-001, 1.24036949E+000
 9.71000000E+000, 9.76351557E-002, 4.04042111E-001, 4.98743923E+000,-1.00000000E-001, 1.24067534E+000
 9.73000000E+000, 9.77158928E-002, 4.03909983E-001, 4.98784454E+000,-1.00000000E-001, 1.24097678E+000
 9.75000000E+000, 9.77953984E-002, 4.03779855E-001, 4.98824363E+000,-1.00000000E-001, 1.24127357E+000
 9.77000000E+000, 9.78736142E-002, 4.03651820E-001, 4.98863621E+000,-1.00000000E-001, 1.24156548E+000
 9.79000000E+000, 9.79504859E-002, 4.03525962E-001, 4.98902199E+000,-1.00000000E-001, 1.24185232E+000
 9.81000000E+000, 9.80259633E-002, 4.03402362E-001, 4.98940072E+000,-1.00000000E-001, 1.24213389E+000
 9.83000000E+000, 9.81000000E-002, 4.03281091E-001, 4.98977217E+000,-1.00000000E-001, 1.24241002E+000
 9.85000000E+000, 9.81725535E-002, 4.03162214E-001, 4.99013610E+000,-1.00000000E-001, 1.24268054E+000
 9.87000000E+000, 9.82435853E-002, 4.03045791E-001, 4.99049233E+000,-1.00000000E-001, 1.24294529E+000
 9.89000000E+000, 9.83130606E-002, 4.02931873E-001, 4.99084067E+000,-1.00000000E-001, 1.24320416E+000
 9.91000000E+000, 9.83809486E-002, 4.02820506E-001, 4.99118096E+000,-1.00000000E-001, 1.24345702E+000
 9.93000000E+000, 9.84472221E-002, 4.02711730E-001, 4.99151305E+000,-1.00000000E-001, 1.24370375E+000
 9.95000000E+000, 9.85118577E-002, 4.02605576E-001, 4.99183682E+000,-1.00000000E-001, 1.24394427E+000
 9.97000000E+000, 9.85748353E-002, 4.02502073E-001, 4.99215216E+000,-1.00000000E-001, 1.24417850E+000
 9.99000000E+000, 9.86361386E-002, 4.02401240E-001, 4.99245898E+000,-1.00000000E-001, 1.24440636E+000
