   40.007837352422285      ,         250
X,ZB,H,U,Q,FR
 7.60000000E-002, 0.00000000E+000, 3.48294603E-001, 2.94128664E-003, 1.02443426E-003, 1.59148898E-003
 2.28000000E-001, 0.00000000E+000, 3.47766873E-001, 8.80196731E-003, 3.06103265E-003, 4.76623339E-003
 3.80000000E-001, 0.00000000E+000, 3.47801369E-001, 1.45507573E-002, 5.06077332E-003, 7.87879160E-003
 5.32000000E-001, 0.00000000E+000, 3.47838753E-001, 2.04102205E-002, 7.09946566E-003, 1.10509184E-002
 6.84000000E-001, 0.00000000E+000, 3.47894084E-001, 2.62850976E-002, 9.14442996E-003, 1.42306826E-002
 8.36000000E-001, 0.00000000E+000, 3.47956975E-001, 3.22470641E-002, 1.12205909E-002, 1.74568977E-002
 9.88000000E-001, 0.00000000E+000, 3.48013824E-001, 3.81995297E-002, 1.32939644E-002, 2.06775665E-002
 1.14000000E+000, 0.00000000E+000, 3.48034833E-001, 4.40077597E-002, 1.53162333E-002, 2.38208669E-002
 1.29200000E+000, 0.00000000E+000, 3.48031052E-001, 4.97479478E-002, 1.73138306E-002, 2.69281074E-002
 1.44400000E+000, 0.00000000E+000, 3.48006881E-001, 5.55181958E-002, 1.93207141E-002, 3.00525333E-002
 1.59600000E+000, 0.00000000E+000, 3.47968397E-001, 6.12838271E-002, 2.13248351E-002, 3.31753594E-002
 1.74800000E+000, 0.00000000E+000, 3.47925909E-001, 6.69799562E-002, 2.33040622E-002, 3.62611132E-002
 1.90000000E+000, 0.00000000E+000, 3.47882718E-001, 7.25900337E-002, 2.52528183E-002, 3.93006949E-002
 2.05200000E+000, 0.00000000E+000, 3.47845098E-001, 7.81541710E-002, 2.71855453E-002, 4.23154414E-002
 2.20400000E+000, 0.00000000E+000, 3.47817266E-001, 8.36938503E-002, 2.91101662E-002, 4.53166334E-002
 2.35600000E+000, 0.00000000E+000, 3.47802567E-001, 8.92261330E-002, 3.10330781E-002, 4.83131482E-002
 2.50800000E+000, 0.00000000E+000, 3.47798986E-001, 9.47416232E-002, 3.29510405E-002, 5.12998770E-002
 2.66000000E+000, 0.00000000E+000, 3.47800887E-001, 1.00211237E-001, 3.48535570E-002, 5.42613679E-002
 2.81200000E+000, 0.00000000E+000, 3.47803699E-001, 1.05611901E-001, 3.67322099E-002, 5.71854339E-002
 2.96400000E+000, 0.00000000E+000, 3.47804601E-001, 1.10933123E-001, 3.85830506E-002, 6.00666258E-002
 3.11600000E+000, 0.00000000E+000, 3.47799644E-001, 1.16162851E-001, 4.04013984E-002, 6.28987995E-002
 3.26800000E+000, 0.00000000E+000, 3.47785453E-001, 1.21289805E-001, 4.21828298E-002, 6.56762354E-002
 3.42000000E+000, 0.00000000E+000, 3.47761146E-001, 1.26318761E-001, 4.39287572E-002, 6.84017144E-002
 3.57200000E+000, 0.00000000E+000, 3.47728493E-001, 1.31270587E-001, 4.56465235E-002, 7.10864699E-002
 3.72400000E+000, 0.00000000E+000, 3.47689650E-001, 1.36175134E-001, 4.73466845E-002, 7.37465296E-002
 3.87600000E+000, 0.00000000E+000, 3.47650517E-001, 1.41072525E-001, 4.90439362E-002, 7.64030432E-002
 4.02800000E+000, 0.00000000E+000, 3.47610535E-001, 1.45992713E-001, 5.07486050E-002, 7.90723002E-002
 4.18000000E+000, 0.00000000E+000, 3.47568847E-001, 1.50960452E-001, 5.24691501E-002, 8.17678209E-002
 4.33200000E+000, 0.00000000E+000, 3.47526857E-001, 1.55993286E-001, 5.42118562E-002, 8.44989628E-002
 4.48400000E+000, 0.00000000E+000, 3.47488731E-001, 1.61099365E-001, 5.59802139E-002, 8.72696281E-002
 4.63600000E+000, 0.00000000E+000, 3.47458199E-001, 1.66253983E-001, 5.77663096E-002, 9.00659089E-002
 4.78800000E+000, 0.00000000E+000, 3.47437908E-001, 1.71428715E-001, 5.95608341E-002, 9.28719636E-002
 4.94000000E+000, 0.00000000E+000, 3.47417993E-001, 1.76562660E-001, 6.13410448E-002, 9.56560332E-002
 5.09200000E+000, 0.00000000E+000, 3.47390780E-001, 1.81615064E-001, 6.30913986E-002, 9.83971191E-002
 5.24400000E+000, 0.00000000E+000, 3.47348075E-001, 1.86541913E-001, 6.47949744E-002, 1.01072646E-001
 5.39600000E+000, 0.00000000E+000, 3.47282807E-001, 1.91304615E-001, 6.64368035E-002, 1.03662926E-001
 5.54800000E+000, 0.00000000E+000, 3.47190368E-001, 1.95875698E-001, 6.80061555E-002, 1.06154004E-001
 5.70000000E+000, 0.00000000E+000, 3.47070879E-001, 2.00251867E-001, 6.95015914E-002, 1.08544331E-001
 5.85200000E+000, 0.00000000E+000, 3.46930293E-001, 2.04454814E-001, 7.09315684E-002, 1.10844944E-001
 6.00400000E+000, 0.00000000E+000, 3.46774075E-001, 2.08522160E-001, 7.23100791E-002, 1.13075512E-001
 6.15600000E+000, 0.00000000E+000, 3.46616044E-001, 2.12511497E-001, 7.36598943E-002, 1.15265081E-001
 6.30800000E+000, 0.00000000E+000, 3.46464943E-001, 2.16487452E-001, 7.50053128E-002, 1.17447220E-001
 6.46000000E+000, 0.00000000E+000, 3.46321058E-001, 2.20457753E-001, 7.63491622E-002, 1.19626001E-001
 6.61200000E+000, 0.00000000E+000, 3.46184556E-001, 2.24431260E-001, 7.76946359E-002, 1.21806135E-001
 6.76400000E+000, 0.00000000E+000, 3.46055162E-001, 2.28414637E-001, 7.90440641E-002, 1.23991217E-001
 6.91600000E+000, 0.00000000E+000, 3.45933018E-001, 2.32414991E-001, 8.04000195E-002, 1.26185016E-001
 7.06800000E+000, 0.00000000E+000, 3.45818511E-001, 2.36439710E-001, 8.17652285E-002, 1.28391407E-001
 7.22000000E+000, 0.00000000E+000, 3.45712122E-001, 2.40495995E-001, 8.31423809E-002, 1.30614143E-001
 7.37200000E+000, 0.00000000E+000, 3.45614199E-001, 2.44589907E-001, 8.45337448E-002, 1.32856376E-001
 7.52400000E+000, 0.00000000E+000, 3.45524961E-001, 2.48728292E-001, 8.59418334E-002, 1.35121710E-001
 7.67600000E+000, 0.00000000E+000, 3.45444702E-001, 2.52924158E-001, 8.73713106E-002, 1.37417076E-001
 7.82800000E+000, 0.00000000E+000, 3.45373927E-001, 2.57194241E-001, 8.88281848E-002, 1.39751386E-001
 7.98000000E+000, 0.00000000E+000, 3.45310994E-001, 2.61543900E-001, 9.03139839E-002, 1.42127806E-001
 8.13200000E+000, 0.00000000E+000, 3.45249339E-001, 2.65941145E-001, 9.18160044E-002, 1.44530253E-001
 8.28400000E+000, 0.00000000E+000, 3.45180174E-001, 2.70371724E-001, 9.33269585E-002, 1.46952848E-001
 8.43600000E+000, 0.00000000E+000, 3.45097316E-001, 2.74817575E-001, 9.48388076E-002, 1.49387194E-001
 8.58800000E+000, 0.00000000E+000, 3.45001045E-001, 2.79273071E-001, 9.63495013E-002, 1.51830322E-001
 8.74000000E+000, 0.00000000E+000, 3.44901834E-001, 2.83707348E-001, 9.78511848E-002, 1.54263255E-001
 8.89200000E+000, 0.00000000E+000, 3.44807033E-001, 2.88154630E-001, 9.93577430E-002, 1.56702961E-001
 9.04400000E+000, 0.00000000E+000, 3.44723394E-001, 2.92635539E-001, 1.00878316E-001, 1.59159054E-001
 9.19600000E+000, 0.00000000E+000, 3.44652569E-001, 2.97161554E-001, 1.02417493E-001, 1.61637274E-001
 9.34800000E+000, 0.00000000E+000, 3.44593342E-001, 3.01705251E-001, 1.03965620E-001, 1.64122864E-001
 9.50000000E+000, 0.00000000E+000, 3.44534023E-001, 3.06210464E-001, 1.05499923E-001, 1.66587967E-001
 9.65200000E+000, 0.00000000E+000, 3.44467970E-001, 3.10650882E-001, 1.07009279E-001, 1.69019895E-001
 9.80400000E+000, 0.00000000E+000, 3.44387375E-001, 3.14994076E-001, 1.08479983E-001, 1.71403006E-001
 9.95600000E+000, 0.00000000E+000, 3.44287202E-001, 3.19221819E-001, 1.09903987E-001, 1.73728787E-001
 1.01080000E+001, 0.00000000E+000, 3.44167098E-001, 3.23341546E-001, 1.11283521E-001, 1.76001551E-001
 1.02600000E+001, 0.00000000E+000, 3.44032947E-001, 3.27385164E-001, 1.12631283E-001, 1.78237317E-001
 1.04120000E+001, 0.00000000E+000, 3.43896950E-001, 3.31417971E-001, 1.13973629E-001, 1.80468559E-001
 1.05640000E+001, 0.00000000E+000, 3.43764155E-001, 3.35495123E-001, 1.15331197E-001, 1.82723992E-001
 1.07160000E+001, 0.00000000E+000, 3.43637385E-001, 3.39640265E-001, 1.16713092E-001, 1.85015719E-001
 1.08680000E+001, 0.00000000E+000, 3.43516430E-001, 3.43860217E-001, 1.18121634E-001, 1.87347471E-001
 1.10200000E+001, 0.00000000E+000, 3.43400140E-001, 3.48156676E-001, 1.19557051E-001, 1.89720452E-001
 1.11720000E+001, 0.00000000E+000, 3.43287689E-001, 3.52536630E-001, 1.21021485E-001, 1.92138675E-001
 1.13240000E+001, 0.00000000E+000, 3.43178211E-001, 3.57013754E-001, 1.22519342E-001, 1.94609821E-001
 1.14760000E+001, 0.00000000E+000, 3.43070291E-001, 3.61581098E-001, 1.24047733E-001, 1.97130500E-001
 1.16280000E+001, 0.00000000E+000, 3.42962009E-001, 3.66216247E-001, 1.25598260E-001, 1.99689054E-001
 1.17800000E+001, 0.00000000E+000, 3.42858563E-001, 3.70861244E-001, 1.27152953E-001, 2.02252365E-001
 1.19320000E+001, 0.00000000E+000, 3.42747903E-001, 3.75443051E-001, 1.28682318E-001, 2.04784143E-001
 1.20840000E+001, 0.00000000E+000, 3.42619180E-001, 3.79887912E-001, 1.30156885E-001, 2.07247498E-001
 1.22360000E+001, 0.00000000E+000, 3.42466978E-001, 3.84163457E-001, 1.31563298E-001, 2.09626585E-001
 1.23880000E+001, 0.00000000E+000, 3.42292500E-001, 3.88277956E-001, 1.32904632E-001, 2.11925737E-001
 1.25400000E+001, 0.00000000E+000, 3.42098058E-001, 3.92266204E-001, 1.34193506E-001, 2.14163397E-001
 1.26920000E+001, 0.00000000E+000, 3.41897286E-001, 3.96186905E-001, 1.35455228E-001, 2.16367461E-001
 1.28440000E+001, 0.00000000E+000, 3.41700413E-001, 4.00130852E-001, 1.36724877E-001, 2.18584290E-001
 1.29960000E+001, 0.00000000E+000, 3.41511138E-001, 4.04138765E-001, 1.38017889E-001, 2.20834912E-001
 1.31480000E+001, 0.00000000E+000, 3.41329870E-001, 4.08232758E-001, 1.39342034E-001, 2.23131231E-001
 1.33000000E+001, 0.00000000E+000, 3.41152560E-001, 4.12390099E-001, 1.40687938E-001, 2.25462112E-001
 1.34520000E+001, 0.00000000E+000, 3.40975087E-001, 4.16581147E-001, 1.42043793E-001, 2.27812707E-001
 1.36040000E+001, 0.00000000E+000, 3.40797980E-001, 4.20768540E-001, 1.43397069E-001, 2.30162419E-001
 1.37560000E+001, 0.00000000E+000, 3.40621596E-001, 4.24939723E-001, 1.44743647E-001, 2.32504252E-001
 1.39080000E+001, 0.00000000E+000, 3.40451935E-001, 4.29111982E-001, 1.46092004E-001, 2.34845583E-001
 1.40600000E+001, 0.00000000E+000, 3.40294233E-001, 4.33306891E-001, 1.47451836E-001, 2.37196327E-001
 1.42120000E+001, 0.00000000E+000, 3.40152381E-001, 4.37542341E-001, 1.48831069E-001, 2.39564789E-001
 1.43640000E+001, 0.00000000E+000, 3.40027354E-001, 4.41842006E-001, 1.50238368E-001, 2.41963430E-001
 1.45160000E+001, 0.00000000E+000, 3.39913728E-001, 4.46162439E-001, 1.51656738E-001, 2.44370238E-001
 1.46680000E+001, 0.00000000E+000, 3.39796372E-001, 4.50454625E-001, 1.53062847E-001, 2.46763738E-001
 1.48200000E+001, 0.00000000E+000, 3.39666225E-001, 4.54697513E-001, 1.54445387E-001, 2.49135752E-001
 1.49720000E+001, 0.00000000E+000, 3.39513523E-001, 4.58867148E-001, 1.55791602E-001, 2.51476893E-001
 1.51240000E+001, 0.00000000E+000, 3.39331849E-001, 4.62963227E-001, 1.57098168E-001, 2.53789613E-001
 1.52760000E+001, 0.00000000E+000, 3.39127926E-001, 4.67023114E-001, 1.58380580E-001, 2.56092144E-001
 1.54280000E+001, 0.00000000E+000, 3.38911652E-001, 4.71084360E-001, 1.59655979E-001, 2.58401538E-001
 1.55800000E+001, 0.00000000E+000, 3.38699873E-001, 4.75151836E-001, 1.60933867E-001, 2.60714120E-001
 1.57320000E+001, 0.00000000E+000, 3.38507282E-001, 4.79261434E-001, 1.62233485E-001, 2.63043839E-001
 1.58840000E+001, 0.00000000E+000, 3.38337494E-001, 4.83427596E-001, 1.63561682E-001, 2.65397014E-001
 1.60360000E+001, 0.00000000E+000, 3.38185956E-001, 4.87612889E-001, 1.64903831E-001, 2.67754668E-001
 1.61880000E+001, 0.00000000E+000, 3.38034948E-001, 4.91741884E-001, 1.66225942E-001, 2.70082259E-001
 1.63400000E+001, 0.00000000E+000, 3.37876445E-001, 4.95816713E-001, 1.67524788E-001, 2.72384169E-001
 1.64920000E+001, 0.00000000E+000, 3.37710868E-001, 4.99852545E-001, 1.68805637E-001, 2.74668621E-001
 1.66440000E+001, 0.00000000E+000, 3.37541244E-001, 5.03909510E-001, 1.70090243E-001, 2.76967487E-001
 1.67960000E+001, 0.00000000E+000, 3.37369374E-001, 5.08029535E-001, 1.71393606E-001, 2.79303124E-001
 1.69480000E+001, 0.00000000E+000, 3.37196104E-001, 5.12222246E-001, 1.72719346E-001, 2.81680524E-001
 1.71000000E+001, 0.00000000E+000, 3.37031388E-001, 5.16444055E-001, 1.74057857E-001, 2.84071567E-001
 1.72520000E+001, 0.00000000E+000, 3.36874045E-001, 5.20642559E-001, 1.75390965E-001, 2.86447838E-001
 1.74040000E+001, 0.00000000E+000, 3.36717818E-001, 5.24763085E-001, 1.76697081E-001, 2.88781845E-001
 1.75560000E+001, 0.00000000E+000, 3.36559429E-001, 5.28786020E-001, 1.77967921E-001, 2.91064167E-001
 1.77080000E+001, 0.00000000E+000, 3.36391457E-001, 5.32707575E-001, 1.79198277E-001, 2.93295940E-001
 1.78600000E+001, 0.00000000E+000, 3.36214598E-001, 5.36543358E-001, 1.80393710E-001, 2.95485516E-001
 1.80120000E+001, 0.00000000E+000, 3.36037740E-001, 5.40386836E-001, 1.81590371E-001, 2.97680504E-001
 1.81640000E+001, 0.00000000E+000, 3.35860853E-001, 5.44299650E-001, 1.82808945E-001, 2.99914885E-001
 1.83160000E+001, 0.00000000E+000, 3.35685022E-001, 5.48326091E-001, 1.84064856E-001, 3.02212615E-001
 1.84680000E+001, 0.00000000E+000, 3.35517427E-001, 5.52475562E-001, 1.85365179E-001, 3.04575657E-001
 1.86200000E+001, 0.00000000E+000, 3.35365766E-001, 5.56706959E-001, 1.86700456E-001, 3.06977783E-001
 1.87720000E+001, 0.00000000E+000, 3.35236198E-001, 5.60982075E-001, 1.88061498E-001, 3.09394928E-001
 1.89240000E+001, 0.00000000E+000, 3.35111385E-001, 5.65189553E-001, 1.89401454E-001, 3.11773496E-001
 1.90760000E+001, 0.00000000E+000, 3.34979170E-001, 5.69284938E-001, 1.90698596E-001, 3.14094586E-001
 1.92280000E+001, 0.00000000E+000, 3.34827375E-001, 5.73240759E-001, 1.91936699E-001, 3.16348837E-001
 1.93800000E+001, 0.00000000E+000, 3.34645851E-001, 5.77055055E-001, 1.93109080E-001, 3.18540155E-001
 1.95320000E+001, 0.00000000E+000, 3.34433096E-001, 5.80760981E-001, 1.94225693E-001, 3.20687819E-001
 1.96840000E+001, 0.00000000E+000, 3.34199017E-001, 5.84473847E-001, 1.95330585E-001, 3.22851016E-001
 1.98360000E+001, 0.00000000E+000, 3.33953281E-001, 5.88258447E-001, 1.96450839E-001, 3.25061080E-001
 1.99880000E+001, 0.00000000E+000, 3.33719600E-001, 5.92152569E-001, 1.97612919E-001, 3.27327444E-001
 2.01400000E+001, 0.00000000E+000, 3.33521364E-001, 5.96187536E-001, 1.98841280E-001, 3.29655800E-001
 2.02920000E+001, 0.00000000E+000, 3.33365005E-001, 6.00362122E-001, 2.00139721E-001, 3.32041937E-001
 2.04440000E+001, 0.00000000E+000, 3.33243754E-001, 6.04687722E-001, 2.01508406E-001, 3.34495131E-001
 2.05960000E+001, 0.00000000E+000, 3.33142566E-001, 6.09089481E-001, 2.02913633E-001, 3.36981217E-001
 2.07480000E+001, 0.00000000E+000, 3.33035482E-001, 6.13487195E-001, 2.04313004E-001, 3.39468833E-001
 2.09000000E+001, 0.00000000E+000, 3.32908453E-001, 6.17816505E-001, 2.05676337E-001, 3.41929644E-001
 2.10520000E+001, 0.00000000E+000, 3.32753578E-001, 6.22009890E-001, 2.06976017E-001, 3.44330570E-001
 2.12040000E+001, 0.00000000E+000, 3.32568178E-001, 6.26036941E-001, 2.08199965E-001, 3.46656441E-001
 2.13560000E+001, 0.00000000E+000, 3.32353365E-001, 6.29943678E-001, 2.09363901E-001, 3.48932434E-001
 2.15080000E+001, 0.00000000E+000, 3.32117513E-001, 6.33854758E-001, 2.10514266E-001, 3.51223466E-001
 2.16600000E+001, 0.00000000E+000, 3.31867351E-001, 6.37801385E-001, 2.11665456E-001, 3.53543496E-001
 2.18120000E+001, 0.00000000E+000, 3.31652338E-001, 6.41680758E-001, 2.12814923E-001, 3.55809176E-001
 2.19640000E+001, 0.00000000E+000, 3.31490367E-001, 6.45393301E-001, 2.13941662E-001, 3.57955184E-001
 2.21160000E+001, 0.00000000E+000, 3.31370623E-001, 6.48883110E-001, 2.15020800E-001, 3.59955759E-001
 2.22680000E+001, 0.00000000E+000, 3.31279328E-001, 6.52249084E-001, 2.16076638E-001, 3.61872823E-001
 2.24200000E+001, 0.00000000E+000, 3.31193413E-001, 6.55590178E-001, 2.17127149E-001, 3.63773662E-001
 2.25720000E+001, 0.00000000E+000, 3.31090070E-001, 6.59052277E-001, 2.18205664E-001, 3.65751778E-001
 2.27240000E+001, 0.00000000E+000, 3.30990969E-001, 6.62370394E-001, 2.19238619E-001, 3.67648247E-001
 2.28760000E+001, 0.00000000E+000, 3.31077529E-001, 6.65511740E-001, 2.20335982E-001, 3.69343557E-001
 2.30280000E+001, 0.00000000E+000, 3.31394577E-001, 6.67171186E-001, 2.21096913E-001, 3.70087351E-001
 2.31800000E+001, 0.00000000E+000, 3.31939147E-001, 6.67378246E-001, 2.21528966E-001, 3.69898413E-001
 2.33320000E+001, 0.00000000E+000, 3.32789185E-001, 6.66162414E-001, 2.21691647E-001, 3.68752677E-001
 2.34840000E+001, 0.00000000E+000, 3.34392846E-001, 6.60965304E-001, 2.21022069E-001, 3.64997452E-001
 2.36360000E+001, 0.00000000E+000, 3.37211878E-001, 6.49147493E-001, 2.18900245E-001, 3.56969911E-001
 2.37880000E+001, 0.00000000E+000, 3.41195149E-001, 6.30903765E-001, 2.15261304E-001, 3.44906480E-001
 2.39400000E+001, 0.00000000E+000, 3.44829301E-001, 6.14718855E-001, 2.11973073E-001, 3.34282862E-001
 2.40920000E+001, 0.00000000E+000, 3.47926334E-001, 6.00259816E-001, 2.08846197E-001, 3.24964021E-001
 2.42440000E+001, 0.00000000E+000, 3.50839291E-001, 5.86976873E-001, 2.05934550E-001, 3.16451047E-001
 2.43960000E+001, 0.00000000E+000, 3.53657705E-001, 5.74402214E-001, 2.03141769E-001, 3.08435389E-001
 2.45480000E+001, 0.00000000E+000, 3.56522308E-001, 5.62712030E-001, 2.00619392E-001, 3.00941793E-001
 2.47000000E+001, 0.00000000E+000, 3.59337989E-001, 5.51412765E-001, 1.98143554E-001, 2.93741229E-001
 2.48520000E+001, 0.00000000E+000, 3.62171548E-001, 5.40585658E-001, 1.95784745E-001, 2.86844821E-001
 2.50040000E+001, 0.00000000E+000, 3.64904607E-001, 5.29354145E-001, 1.93163766E-001, 2.79831309E-001
 2.51560000E+001, 0.00000000E+000, 3.67724307E-001, 5.19652138E-001, 1.91088722E-001, 2.73647326E-001
 2.53080000E+001, 0.00000000E+000, 3.69763539E-001, 5.08176754E-001, 1.87905235E-001, 2.66865487E-001
 2.54600000E+001, 0.00000000E+000, 3.73342180E-001, 5.06132615E-001, 1.88960654E-001, 2.64515090E-001
 2.56120000E+001, 1.49333333E-002, 3.61534817E-001, 5.03296106E-001, 1.81959065E-001, 2.67293357E-001
 2.57640000E+001, 3.52000000E-002, 3.41107456E-001, 5.25186903E-001, 1.79145168E-001, 2.87149417E-001
 2.59160000E+001, 5.54666667E-002, 3.22439708E-001, 5.46789128E-001, 1.76306527E-001, 3.07493026E-001
 2.60680000E+001, 7.57333333E-002, 3.03678190E-001, 5.70302451E-001, 1.73188416E-001, 3.30474608E-001
 2.62200000E+001, 9.60000000E-002, 2.85133631E-001, 5.95317552E-001, 1.69745055E-001, 3.56011579E-001
 2.63720000E+001, 1.16266667E-001, 2.66861074E-001, 6.21591633E-001, 1.65878611E-001, 3.84239673E-001
 2.65240000E+001, 1.36533333E-001, 2.48930194E-001, 6.48796635E-001, 1.61505072E-001, 4.15249826E-001
 2.66760000E+001, 1.56800000E-001, 2.31343692E-001, 6.76693428E-001, 1.56548756E-001, 4.49265207E-001
 2.68280000E+001, 1.77066667E-001, 2.14130201E-001, 7.04973841E-001, 1.50956190E-001, 4.86489755E-001
 2.69800000E+001, 1.97333333E-001, 1.97374500E-001, 7.33223938E-001, 1.44719708E-001, 5.27024460E-001
 2.71320000E+001, 2.17600000E-001, 1.81170989E-001, 7.61033753E-001, 1.37877237E-001, 5.70951542E-001
 2.72840000E+001, 2.37866667E-001, 1.65616437E-001, 7.88238248E-001, 1.30545210E-001, 6.18508176E-001
 2.74360000E+001, 2.58133333E-001, 1.50831409E-001, 8.15336808E-001, 1.22978399E-001, 6.70395073E-001
 2.75880000E+001, 2.78400000E-001, 1.36906307E-001, 8.42299441E-001, 1.15316106E-001, 7.26933098E-001
 2.77400000E+001, 2.98666667E-001, 1.23742213E-001, 8.71192534E-001, 1.07803293E-001, 7.90851356E-001
 2.78920000E+001, 3.18933333E-001, 1.10906252E-001, 9.00221468E-001, 9.98401895E-002, 8.63199160E-001
 2.80440000E+001, 3.39200000E-001, 9.89606018E-002, 9.32756084E-001, 9.23061034E-002, 9.46839975E-001
 2.81960000E+001, 3.59466667E-001, 8.34807693E-002, 9.59733848E-001, 8.01193199E-002, 1.06071143E+000
 2.83480000E+001, 3.79733333E-001, 8.83133567E-002, 8.71931882E-001, 7.70032313E-002, 9.36934046E-001
 2.85000000E+001, 4.00000000E-001, 6.04514405E-002, 1.10691116E+000, 6.69143742E-002, 1.43763653E+000
 2.86520000E+001, 3.79733333E-001, 4.10944152E-002, 1.49009666E+000, 6.12346507E-002, 2.34726810E+000
 2.88040000E+001, 3.59466667E-001, 3.46542841E-002, 1.71186935E+000, 5.93236067E-002, 2.93651219E+000
 2.89560000E+001, 3.39200000E-001, 2.67268114E-002, 1.71299698E+000, 4.57829473E-002, 3.34597492E+000
 2.91080000E+001, 3.18933333E-001, 2.13808949E-002, 1.63648357E+000, 3.49894831E-002, 3.57386685E+000
 2.92600000E+001, 2.98666667E-001, 1.66589979E-002, 1.52224822E+000, 2.53591299E-002, 3.76617675E+000
 2.94120000E+001, 2.78400000E-001, 1.07274745E-002, 1.31614627E+000, 1.41189256E-002, 4.05784141E+000
 2.95640000E+001, 2.58133333E-001, 5.28092654E-003, 9.85091074E-001, 5.20219359E-003, 4.32873480E+000
 2.97160000E+001, 2.37866667E-001, 1.98572727E-003, 5.07474662E-001, 1.00770627E-003, 3.63658901E+000
 2.98680000E+001, 2.17600000E-001, 9.28507373E-004, 9.20928626E-002, 8.55089019E-005, 9.65101416E-001
 3.00200000E+001, 1.97333333E-001, 8.59461498E-004, 3.70506188E-002, 3.18435803E-005, 4.03572821E-001
 3.01720000E+001, 1.77066667E-001, 9.44075633E-004, 4.10116648E-002, 3.87181134E-005, 4.26229656E-001
 3.03240000E+001, 1.56800000E-001, 1.03308203E-003, 4.57542180E-002, 4.72678604E-005, 4.54572744E-001
 3.04760000E+001, 1.36533333E-001, 1.12199328E-003, 5.05729698E-002, 5.67425322E-005, 4.82128704E-001
 3.06280000E+001, 1.16266667E-001, 1.21063595E-003, 5.54491570E-002, 6.71287429E-005, 5.08894578E-001
 3.07800000E+001, 9.60000000E-002, 1.29890980E-003, 6.03717080E-002, 7.84174033E-005, 5.34913580E-001
 3.09320000E+001, 7.57333333E-002, 1.38672468E-003, 6.53305873E-002, 9.05955378E-005, 5.60223211E-001
 3.10840000E+001, 5.54666667E-002, 1.47399685E-003, 7.03164929E-002, 1.03646289E-004, 5.84855506E-001
 3.12360000E+001, 3.52000000E-002, 1.56064655E-003, 7.53206592E-002, 1.17548927E-004, 6.08837638E-001
 3.13880000E+001, 1.49333333E-002, 1.64659589E-003, 8.03346877E-002, 1.32278767E-004, 6.32192377E-001
 3.15400000E+001, 0.00000000E+000, 8.13979609E-003, 2.73482959E-002, 2.22609552E-004, 9.67972828E-002
 3.16920000E+001, 0.00000000E+000, 8.48451899E-003, 1.27145600E-002, 1.07876925E-004, 4.40785581E-002
 3.18440000E+001, 0.00000000E+000, 8.54386598E-003, 8.69490740E-003, 7.42881236E-005, 3.00384422E-002
 3.19960000E+001, 0.00000000E+000, 8.60792683E-003, 4.88324796E-003, 4.20346411E-005, 1.68073465E-002
 3.21480000E+001, 0.00000000E+000, 8.67640477E-003, 1.26861194E-003, 1.10069907E-005, 4.34909158E-003
 3.23000000E+001, 0.00000000E+000, 8.74479813E-003,-2.21605214E-003,-1.93789286E-005,-7.56736601E-003
 3.24520000E+001, 0.00000000E+000, 8.80955828E-003,-5.74542816E-003,-5.06146842E-005,-1.95472196E-002
 3.26040000E+001, 0.00000000E+000, 8.87178256E-003,-9.23943956E-003,-8.19702988E-005,-3.13241895E-002
 3.27560000E+001, 0.00000000E+000, 8.93545396E-003,-1.25859932E-002,-1.12461562E-004,-4.25176096E-002
 3.29080000E+001, 0.00000000E+000, 9.00459924E-003,-1.56630929E-002,-1.41039874E-004,-5.27090255E-002
 3.30600000E+001, 0.00000000E+000, 9.08201904E-003,-1.84337983E-002,-1.67416107E-004,-6.17679640E-002
 3.32120000E+001, 0.00000000E+000, 9.15945583E-003,-2.12659419E-002,-1.94784456E-004,-7.09560524E-002
 3.33640000E+001, 0.00000000E+000, 9.23426003E-003,-2.47760865E-002,-2.28788826E-004,-8.23325028E-002
 3.35160000E+001, 0.00000000E+000, 9.29913533E-003,-2.93265724E-002,-2.72711765E-004,-9.71135166E-002
 3.36680000E+001, 0.00000000E+000, 9.34258104E-003,-3.45847148E-002,-3.23110500E-004,-1.14259000E-001
 3.38200000E+001, 0.00000000E+000, 9.36118423E-003,-3.94688744E-002,-3.69475405E-004,-1.30265378E-001
 3.39720000E+001, 0.00000000E+000, 9.37860063E-003,-4.25845062E-002,-3.99383077E-004,-1.40417829E-001
 3.41240000E+001, 0.00000000E+000, 9.42225442E-003,-4.34011204E-002,-4.08936398E-004,-1.42778622E-001
 3.42760000E+001, 0.00000000E+000, 9.45325172E-003,-4.14771547E-002,-3.92093984E-004,-1.36225373E-001
 3.44280000E+001, 0.00000000E+000, 9.47776941E-003,-3.77796561E-002,-3.58066869E-004,-1.23920909E-001
 3.45800000E+001, 0.00000000E+000, 9.49514316E-003,-3.29361345E-002,-3.12733312E-004,-1.07934809E-001
 3.47320000E+001, 0.00000000E+000, 9.50353401E-003,-2.73479464E-002,-2.59902139E-004,-8.95822183E-002
 3.48840000E+001, 0.00000000E+000, 9.50546577E-003,-2.11603886E-002,-2.01139349E-004,-6.93069196E-002
 3.50360000E+001, 0.00000000E+000, 9.50410285E-003,-1.44267941E-002,-1.37113735E-004,-4.72556705E-002
 3.51880000E+001, 0.00000000E+000, 9.50091254E-003,-7.17540522E-003,-6.81728974E-005,-2.35073368E-002
 3.53400000E+001, 0.00000000E+000, 9.49645545E-003, 5.42194062E-004, 5.14892176E-006, 1.77669814E-003
 3.54920000E+001, 0.00000000E+000, 9.49104123E-003, 8.62239942E-003, 8.18355484E-005, 2.82625189E-002
 3.56440000E+001, 0.00000000E+000, 9.48027347E-003, 1.70524591E-002, 1.61661976E-004, 5.59263200E-002
 3.57960000E+001, 0.00000000E+000, 9.45221790E-003, 2.60575723E-002, 2.46301852E-004, 8.55867921E-002
 3.59480000E+001, 0.00000000E+000, 9.42071013E-003, 3.51285282E-002, 3.30935681E-004, 1.15573374E-001
 3.61000000E+001, 0.00000000E+000, 9.39203682E-003, 4.38254979E-002, 4.11610690E-004, 1.44406461E-001
 3.62520000E+001, 0.00000000E+000, 9.35777180E-003, 5.23768486E-002, 4.90130597E-004, 1.72899126E-001
 3.64040000E+001, 0.00000000E+000, 9.31320192E-003, 6.09137932E-002, 5.67302456E-004, 2.01560670E-001
 3.65560000E+001, 0.00000000E+000, 9.25260762E-003, 6.95762306E-002, 6.43761562E-004, 2.30976865E-001
 3.67080000E+001, 0.00000000E+000, 9.16701004E-003, 7.86181873E-002, 7.20693712E-004, 2.62209747E-001
 3.68600000E+001, 0.00000000E+000, 9.05069637E-003, 8.81764094E-002, 7.98057909E-004, 2.95972302E-001
 3.70120000E+001, 0.00000000E+000, 8.90248818E-003, 9.82261030E-002, 8.74456721E-004, 3.32438160E-001
 3.71640000E+001, 0.00000000E+000, 8.71758165E-003, 1.08849863E-001, 9.48907566E-004, 3.72279852E-001
 3.73160000E+001, 0.00000000E+000, 8.48152044E-003, 1.20423320E-001, 1.02137285E-003, 4.17554723E-001
 3.74680000E+001, 0.00000000E+000, 8.16690667E-003, 1.33695141E-001, 1.09187574E-003, 4.72418055E-001
 3.76200000E+001, 0.00000000E+000, 7.72353192E-003, 1.50066160E-001, 1.15904077E-003, 5.45273578E-001
 3.77720000E+001, 0.00000000E+000, 7.06269525E-003, 1.72671806E-001, 1.21952834E-003, 6.56108790E-001
 3.79240000E+001, 0.00000000E+000, 6.06481516E-003, 1.92834112E-001, 1.16950325E-003, 7.90705458E-001
