   40.005802863680579      ,         250
X,ZB,H,U,Q,FR
 7.60000000E-002, 0.00000000E+000, 3.49308019E-001, 2.80501795E-003, 9.79815264E-004, 1.51555264E-003
 2.28000000E-001, 0.00000000E+000, 3.48676002E-001, 8.60345531E-003, 2.99981840E-003, 4.65266236E-003
 3.80000000E-001, 0.00000000E+000, 3.48663207E-001, 1.44226450E-002, 5.02864567E-003, 7.79976491E-003
 5.32000000E-001, 0.00000000E+000, 3.48665431E-001, 2.01789061E-002, 7.03568698E-003, 1.09127155E-002
 6.84000000E-001, 0.00000000E+000, 3.48668164E-001, 2.59336056E-002, 9.04222266E-003, 1.40247915E-002
 8.36000000E-001, 0.00000000E+000, 3.48669581E-001, 3.16762484E-002, 1.10445443E-002, 1.71303552E-002
 9.88000000E-001, 0.00000000E+000, 3.48669716E-001, 3.74046356E-002, 1.30418636E-002, 2.02282342E-002
 1.14000000E+000, 0.00000000E+000, 3.48668179E-001, 4.31165544E-002, 1.50333705E-002, 2.33172618E-002
 1.29200000E+000, 0.00000000E+000, 3.48664617E-001, 4.88064818E-002, 1.70170933E-002, 2.63944869E-002
 1.44400000E+000, 0.00000000E+000, 3.48659423E-001, 5.44724666E-002, 1.89923388E-002, 2.94588641E-002
 1.59600000E+000, 0.00000000E+000, 3.48653120E-001, 6.01133667E-002, 2.09587128E-002, 3.25097727E-002
 1.74800000E+000, 0.00000000E+000, 3.48646052E-001, 6.57272965E-002, 2.29155624E-002, 3.55461895E-002
 1.90000000E+000, 0.00000000E+000, 3.48638262E-001, 7.13112284E-002, 2.48618227E-002, 3.85664845E-002
 2.05200000E+000, 0.00000000E+000, 3.48629477E-001, 7.68611395E-002, 2.67960589E-002, 4.15685069E-002
 2.20400000E+000, 0.00000000E+000, 3.48619204E-001, 8.23726345E-002, 2.87166823E-002, 4.45499234E-002
 2.35600000E+000, 0.00000000E+000, 3.48606875E-001, 8.78417723E-002, 3.06222457E-002, 4.75086593E-002
 2.50800000E+000, 0.00000000E+000, 3.48591978E-001, 9.32657556E-002, 3.25116942E-002, 5.04432637E-002
 2.66000000E+000, 0.00000000E+000, 3.48574145E-001, 9.86433156E-002, 3.43845094E-002, 5.33531093E-002
 2.81200000E+000, 0.00000000E+000, 3.48553189E-001, 1.03974795E-001, 3.62407463E-002, 5.62384315E-002
 2.96400000E+000, 0.00000000E+000, 3.48529108E-001, 1.09261995E-001, 3.80809857E-002, 5.91002418E-002
 3.11600000E+000, 0.00000000E+000, 3.48502058E-001, 1.14507852E-001, 3.99062220E-002, 6.19401498E-002
 3.26800000E+000, 0.00000000E+000, 3.48472297E-001, 1.19715961E-001, 4.17176960E-002, 6.47601113E-002
 3.42000000E+000, 0.00000000E+000, 3.48440115E-001, 1.24890008E-001, 4.35166888E-002, 6.75621214E-002
 3.57200000E+000, 0.00000000E+000, 3.48405753E-001, 1.30033163E-001, 4.53043020E-002, 7.03478980E-002
 3.72400000E+000, 0.00000000E+000, 3.48369343E-001, 1.35147576E-001, 4.70812724E-002, 7.31186148E-002
 3.87600000E+000, 0.00000000E+000, 3.48330879E-001, 1.40234067E-001, 4.88478560E-002, 7.58747375E-002
 4.02800000E+000, 0.00000000E+000, 3.48290218E-001, 1.45292023E-001, 5.06037903E-002, 7.86159723E-002
 4.18000000E+000, 0.00000000E+000, 3.48247098E-001, 1.50319455E-001, 5.23483139E-002, 8.13412979E-002
 4.33200000E+000, 0.00000000E+000, 3.48201157E-001, 1.55313151E-001, 5.40802190E-002, 8.40490456E-002
 4.48400000E+000, 0.00000000E+000, 3.48151958E-001, 1.60268916E-001, 5.57979370E-002, 8.67370281E-002
 4.63600000E+000, 0.00000000E+000, 3.48099031E-001, 1.65181951E-001, 5.74996772E-002, 8.94027430E-002
 4.78800000E+000, 0.00000000E+000, 3.48041929E-001, 1.70047413E-001, 5.91836295E-002, 9.20436651E-002
 4.94000000E+000, 0.00000000E+000, 3.47980300E-001, 1.74861065E-001, 6.08482060E-002, 9.46575915E-002
 5.09200000E+000, 0.00000000E+000, 3.47913943E-001, 1.79619889E-001, 6.24922637E-002, 9.72429587E-002
 5.24400000E+000, 0.00000000E+000, 3.47842837E-001, 1.84322465E-001, 6.41152493E-002, 9.97990475E-002
 5.39600000E+000, 0.00000000E+000, 3.47767131E-001, 1.88969084E-001, 6.57172361E-002, 1.02326036E-001
 5.54800000E+000, 0.00000000E+000, 3.47687110E-001, 1.93561582E-001, 6.72988671E-002, 1.04824917E-001
 5.70000000E+000, 0.00000000E+000, 3.47603153E-001, 1.98103057E-001, 6.88612472E-002, 1.07297346E-001
 5.85200000E+000, 0.00000000E+000, 3.47515703E-001, 2.02597521E-001, 7.04058199E-002, 1.09745462E-001
 6.00400000E+000, 0.00000000E+000, 3.47425210E-001, 2.07049528E-001, 7.19342256E-002, 1.12171684E-001
 6.15600000E+000, 0.00000000E+000, 3.47332050E-001, 2.11463719E-001, 7.34481270E-002, 1.14578490E-001
 6.30800000E+000, 0.00000000E+000, 3.47236507E-001, 2.15844614E-001, 7.49491297E-002, 1.16968302E-001
 6.46000000E+000, 0.00000000E+000, 3.47138984E-001, 2.20197128E-001, 7.64390073E-002, 1.19343732E-001
 6.61200000E+000, 0.00000000E+000, 3.47040153E-001, 2.24527083E-001, 7.79199132E-002, 1.21707833E-001
 6.76400000E+000, 0.00000000E+000, 3.46940658E-001, 2.28840190E-001, 7.93939661E-002, 1.24063594E-001
 6.91600000E+000, 0.00000000E+000, 3.46840764E-001, 2.33140651E-001, 8.08626816E-002, 1.26413250E-001
 7.06800000E+000, 0.00000000E+000, 3.46740780E-001, 2.37431514E-001, 8.23271885E-002, 1.28758397E-001
 7.22000000E+000, 0.00000000E+000, 3.46640818E-001, 2.41715261E-001, 8.37883758E-002, 1.31100359E-001
 7.37200000E+000, 0.00000000E+000, 3.46540899E-001, 2.45993575E-001, 8.52468346E-002, 1.33440043E-001
 7.52400000E+000, 0.00000000E+000, 3.46441121E-001, 2.50268462E-001, 8.67032865E-002, 1.35778519E-001
 7.67600000E+000, 0.00000000E+000, 3.46341428E-001, 2.54541166E-001, 8.81581511E-002, 1.38116469E-001
 7.82800000E+000, 0.00000000E+000, 3.46242026E-001, 2.58813950E-001, 8.96122663E-002, 1.40455079E-001
 7.98000000E+000, 0.00000000E+000, 3.46142802E-001, 2.63088012E-001, 9.10660215E-002, 1.42795021E-001
 8.13200000E+000, 0.00000000E+000, 3.46043746E-001, 2.67364688E-001, 9.25198782E-002, 1.45137021E-001
 8.28400000E+000, 0.00000000E+000, 3.45944859E-001, 2.71645239E-001, 9.39742738E-002, 1.47481761E-001
 8.43600000E+000, 0.00000000E+000, 3.45846126E-001, 2.75930708E-001, 9.54295662E-002, 1.49829813E-001
 8.58800000E+000, 0.00000000E+000, 3.45747510E-001, 2.80221855E-001, 9.68860086E-002, 1.52181595E-001
 8.74000000E+000, 0.00000000E+000, 3.45648942E-001, 2.84519073E-001, 9.83437165E-002, 1.54537338E-001
 8.89200000E+000, 0.00000000E+000, 3.45550217E-001, 2.88822786E-001, 9.98027764E-002, 1.56897320E-001
 9.04400000E+000, 0.00000000E+000, 3.45451106E-001, 2.93133038E-001, 1.01263132E-001, 1.59261622E-001
 9.19600000E+000, 0.00000000E+000, 3.45351313E-001, 2.97449444E-001, 1.02724556E-001, 1.61630109E-001
 9.34800000E+000, 0.00000000E+000, 3.45250527E-001, 3.01770952E-001, 1.04186580E-001, 1.64002292E-001
 9.50000000E+000, 0.00000000E+000, 3.45148471E-001, 3.06095887E-001, 1.05648527E-001, 1.66377340E-001
 9.65200000E+000, 0.00000000E+000, 3.45045013E-001, 3.10421904E-001, 1.07109530E-001, 1.68754025E-001
 9.80400000E+000, 0.00000000E+000, 3.44939767E-001, 3.14746772E-001, 1.08568678E-001, 1.71131245E-001
 9.95600000E+000, 0.00000000E+000, 3.44832405E-001, 3.19068032E-001, 1.10024997E-001, 1.73507765E-001
 1.01080000E+001, 0.00000000E+000, 3.44722779E-001, 3.23383994E-001, 1.11477829E-001, 1.75882726E-001
 1.02600000E+001, 0.00000000E+000, 3.44610815E-001, 3.27693397E-001, 1.12926689E-001, 1.78255483E-001
 1.04120000E+001, 0.00000000E+000, 3.44496484E-001, 3.31995238E-001, 1.14371192E-001, 1.80625523E-001
 1.05640000E+001, 0.00000000E+000, 3.44379797E-001, 3.36288884E-001, 1.15811098E-001, 1.82992520E-001
 1.07160000E+001, 0.00000000E+000, 3.44260790E-001, 3.40574149E-001, 1.17246326E-001, 1.85356388E-001
 1.08680000E+001, 0.00000000E+000, 3.44139484E-001, 3.44851249E-001, 1.18676931E-001, 1.87717262E-001
 1.10200000E+001, 0.00000000E+000, 3.44015850E-001, 3.49120711E-001, 1.20103058E-001, 1.90075458E-001
 1.11720000E+001, 0.00000000E+000, 3.43889778E-001, 3.53383374E-001, 1.21524930E-001, 1.92431488E-001
 1.13240000E+001, 0.00000000E+000, 3.43761033E-001, 3.57640543E-001, 1.22942882E-001, 1.94786153E-001
 1.14760000E+001, 0.00000000E+000, 3.43629240E-001, 3.61894160E-001, 1.24357415E-001, 1.97140647E-001
 1.16280000E+001, 0.00000000E+000, 3.43493968E-001, 3.66146497E-001, 1.25769113E-001, 1.99496364E-001
 1.17800000E+001, 0.00000000E+000, 3.43354864E-001, 3.70399349E-001, 1.27178418E-001, 2.01854423E-001
 1.19320000E+001, 0.00000000E+000, 3.43211298E-001, 3.74655434E-001, 1.28585978E-001, 2.04216537E-001
 1.20840000E+001, 0.00000000E+000, 3.43062178E-001, 3.78920253E-001, 1.29993207E-001, 2.06586081E-001
 1.22360000E+001, 0.00000000E+000, 3.42906303E-001, 3.83200091E-001, 1.31401726E-001, 2.08966913E-001
 1.23880000E+001, 0.00000000E+000, 3.42743530E-001, 3.87496358E-001, 1.32811869E-001, 2.11359927E-001
 1.25400000E+001, 0.00000000E+000, 3.42579091E-001, 3.91786891E-001, 1.34217997E-001, 2.13751481E-001
 1.26920000E+001, 0.00000000E+000, 3.42414965E-001, 3.96049911E-001, 1.35613416E-001, 2.16129083E-001
 1.28440000E+001, 0.00000000E+000, 3.42252135E-001, 4.00289435E-001, 1.36999914E-001, 2.18494598E-001
 1.29960000E+001, 0.00000000E+000, 3.42090468E-001, 4.04507325E-001, 1.38378100E-001, 2.20849064E-001
 1.31480000E+001, 0.00000000E+000, 3.41929893E-001, 4.08707430E-001, 1.39749288E-001, 2.23194586E-001
 1.33000000E+001, 0.00000000E+000, 3.41769988E-001, 4.12892592E-001, 1.41114296E-001, 2.25532839E-001
 1.34520000E+001, 0.00000000E+000, 3.41610553E-001, 4.17066577E-001, 1.42474344E-001, 2.27865936E-001
 1.36040000E+001, 0.00000000E+000, 3.41451278E-001, 4.21232102E-001, 1.43830240E-001, 2.30195457E-001
 1.37560000E+001, 0.00000000E+000, 3.41291764E-001, 4.25391529E-001, 1.45182625E-001, 2.32522826E-001
 1.39080000E+001, 0.00000000E+000, 3.41131646E-001, 4.29548037E-001, 1.46532429E-001, 2.34849907E-001
 1.40600000E+001, 0.00000000E+000, 3.40970633E-001, 4.33703772E-001, 1.47880250E-001, 2.37177982E-001
 1.42120000E+001, 0.00000000E+000, 3.40808550E-001, 4.37859884E-001, 1.49226392E-001, 2.39507753E-001
 1.43640000E+001, 0.00000000E+000, 3.40645102E-001, 4.42017732E-001, 1.50571175E-001, 2.41840079E-001
 1.45160000E+001, 0.00000000E+000, 3.40479920E-001, 4.46179120E-001, 1.51915031E-001, 2.44176098E-001
 1.46680000E+001, 0.00000000E+000, 3.40312752E-001, 4.50345261E-001, 1.53258235E-001, 2.46516586E-001
 1.48200000E+001, 0.00000000E+000, 3.40144952E-001, 4.54510397E-001, 1.54599417E-001, 2.48857919E-001
 1.49720000E+001, 0.00000000E+000, 3.39977013E-001, 4.58668492E-001, 1.55936744E-001, 2.51196619E-001
 1.51240000E+001, 0.00000000E+000, 3.39808924E-001, 4.62820722E-001, 1.57270611E-001, 2.53533332E-001
 1.52760000E+001, 0.00000000E+000, 3.39640304E-001, 4.66969332E-001, 1.58601606E-001, 2.55869434E-001
 1.54280000E+001, 0.00000000E+000, 3.39470748E-001, 4.71116563E-001, 1.59930292E-001, 2.58206311E-001
 1.55800000E+001, 0.00000000E+000, 3.39300020E-001, 4.75264056E-001, 1.61257104E-001, 2.60544966E-001
 1.57320000E+001, 0.00000000E+000, 3.39127617E-001, 4.79414259E-001, 1.62582615E-001, 2.62886949E-001
 1.58840000E+001, 0.00000000E+000, 3.38952561E-001, 4.83572434E-001, 1.63908115E-001, 2.65235551E-001
 1.60360000E+001, 0.00000000E+000, 3.38775121E-001, 4.87738134E-001, 1.65233546E-001, 2.67590454E-001
 1.61880000E+001, 0.00000000E+000, 3.38598522E-001, 4.91892105E-001, 1.66553940E-001, 2.69939837E-001
 1.63400000E+001, 0.00000000E+000, 3.38423907E-001, 4.96028810E-001, 1.67868008E-001, 2.72280189E-001
 1.64920000E+001, 0.00000000E+000, 3.38251575E-001, 5.00147906E-001, 1.69175817E-001, 2.74611171E-001
 1.66440000E+001, 0.00000000E+000, 3.38080965E-001, 5.04249890E-001, 1.70477289E-001, 2.76933256E-001
 1.67960000E+001, 0.00000000E+000, 3.37911890E-001, 5.08339977E-001, 1.71774122E-001, 2.79249360E-001
 1.69480000E+001, 0.00000000E+000, 3.37743442E-001, 5.12421042E-001, 1.73066847E-001, 2.81561423E-001
 1.71000000E+001, 0.00000000E+000, 3.37574920E-001, 5.16495840E-001, 1.74356042E-001, 2.83871243E-001
 1.72520000E+001, 0.00000000E+000, 3.37405993E-001, 5.20567900E-001, 1.75642730E-001, 2.86180901E-001
 1.74040000E+001, 0.00000000E+000, 3.37236815E-001, 5.24636851E-001, 1.76926861E-001, 2.88490132E-001
 1.75560000E+001, 0.00000000E+000, 3.37067752E-001, 5.28699113E-001, 1.78207421E-001, 2.90796810E-001
 1.77080000E+001, 0.00000000E+000, 3.36899397E-001, 5.32753224E-001, 1.79484240E-001, 2.93099872E-001
 1.78600000E+001, 0.00000000E+000, 3.36731659E-001, 5.36796589E-001, 1.80756406E-001, 2.95397919E-001
 1.80120000E+001, 0.00000000E+000, 3.36564817E-001, 5.40830904E-001, 1.82024654E-001, 2.97691751E-001
 1.81640000E+001, 0.00000000E+000, 3.36398640E-001, 5.44857732E-001, 1.83289400E-001, 2.99982321E-001
 1.83160000E+001, 0.00000000E+000, 3.36232612E-001, 5.48877981E-001, 1.84550677E-001, 3.02270351E-001
 1.84680000E+001, 0.00000000E+000, 3.36066327E-001, 5.52894019E-001, 1.85809062E-001, 3.04557326E-001
 1.86200000E+001, 0.00000000E+000, 3.35899476E-001, 5.56908999E-001, 1.87065441E-001, 3.06845128E-001
 1.87720000E+001, 0.00000000E+000, 3.35731720E-001, 5.60924808E-001, 1.88320251E-001, 3.09134957E-001
 1.89240000E+001, 0.00000000E+000, 3.35562479E-001, 5.64943862E-001, 1.89573963E-001, 3.11428430E-001
 1.90760000E+001, 0.00000000E+000, 3.35390818E-001, 5.68970702E-001, 1.90827549E-001, 3.13728504E-001
 1.92280000E+001, 0.00000000E+000, 3.35216099E-001, 5.73008707E-001, 1.92081743E-001, 3.16037375E-001
 1.93800000E+001, 0.00000000E+000, 3.35038543E-001, 5.77057054E-001, 1.93336355E-001, 3.18354525E-001
 1.95320000E+001, 0.00000000E+000, 3.34860153E-001, 5.81106934E-001, 1.94589557E-001, 3.20674171E-001
 1.96840000E+001, 0.00000000E+000, 3.34681647E-001, 5.85151672E-001, 1.95839526E-001, 3.22992294E-001
 1.98360000E+001, 0.00000000E+000, 3.34502843E-001, 5.89195357E-001, 1.97087522E-001, 3.25311239E-001
 1.99880000E+001, 0.00000000E+000, 3.34323170E-001, 5.93241964E-001, 1.98334534E-001, 3.27633487E-001
 2.01400000E+001, 0.00000000E+000, 3.34141355E-001, 5.97298624E-001, 1.99582172E-001, 3.29963619E-001
 2.02920000E+001, 0.00000000E+000, 3.33956391E-001, 6.01371062E-001, 2.00831710E-001, 3.32305328E-001
 2.04440000E+001, 0.00000000E+000, 3.33771471E-001, 6.05442574E-001, 2.02079458E-001, 3.34647827E-001
 2.05960000E+001, 0.00000000E+000, 3.33588549E-001, 6.09501899E-001, 2.03322854E-001, 3.36983902E-001
 2.07480000E+001, 0.00000000E+000, 3.33407145E-001, 6.13551707E-001, 2.04562522E-001, 3.39315248E-001
 2.09000000E+001, 0.00000000E+000, 3.33225844E-001, 6.17596026E-001, 2.05798957E-001, 3.41644798E-001
 2.10520000E+001, 0.00000000E+000, 3.33043325E-001, 6.21643491E-001, 2.07034215E-001, 3.43978012E-001
 2.12040000E+001, 0.00000000E+000, 3.32855681E-001, 6.25713146E-001, 2.08272176E-001, 3.46327479E-001
 2.13560000E+001, 0.00000000E+000, 3.32658549E-001, 6.29826319E-001, 2.09517109E-001, 3.48707364E-001
 2.15080000E+001, 0.00000000E+000, 3.32468333E-001, 6.33904886E-001, 2.10753301E-001, 3.51065874E-001
 2.16600000E+001, 0.00000000E+000, 3.32291831E-001, 6.37866537E-001, 2.11957840E-001, 3.53353702E-001
 2.18120000E+001, 0.00000000E+000, 3.32139676E-001, 6.41740263E-001, 2.13147403E-001, 3.55581017E-001
 2.19640000E+001, 0.00000000E+000, 3.31994846E-001, 6.45511285E-001, 2.14306420E-001, 3.57748505E-001
 2.21160000E+001, 0.00000000E+000, 3.31855990E-001, 6.49265372E-001, 2.15462603E-001, 3.59904328E-001
 2.22680000E+001, 0.00000000E+000, 3.31708941E-001, 6.53071171E-001, 2.16629547E-001, 3.62094212E-001
 2.24200000E+001, 0.00000000E+000, 3.31553626E-001, 6.56926600E-001, 2.17806396E-001, 3.64317149E-001
 2.25720000E+001, 0.00000000E+000, 3.31430807E-001, 6.60575568E-001, 2.18935093E-001, 3.66408659E-001
 2.27240000E+001, 0.00000000E+000, 3.31405552E-001, 6.63847508E-001, 2.20002750E-001, 3.68237572E-001
 2.28760000E+001, 0.00000000E+000, 3.31588012E-001, 6.66089197E-001, 2.20867193E-001, 3.69379372E-001
 2.30280000E+001, 0.00000000E+000, 3.31983020E-001, 6.66914641E-001, 2.21404337E-001, 3.69617031E-001
 2.31800000E+001, 0.00000000E+000, 3.32527709E-001, 6.66655887E-001, 2.21681555E-001, 3.69170897E-001
 2.33320000E+001, 0.00000000E+000, 3.33410084E-001, 6.64756448E-001, 2.21636503E-001, 3.67631614E-001
 2.34840000E+001, 0.00000000E+000, 3.34900469E-001, 6.59638723E-001, 2.20913317E-001, 3.63988718E-001
 2.36360000E+001, 0.00000000E+000, 3.37277821E-001, 6.49783250E-001, 2.19157479E-001, 3.57284585E-001
 2.37880000E+001, 0.00000000E+000, 3.40653332E-001, 6.34689500E-001, 2.16209093E-001, 3.47251917E-001
 2.39400000E+001, 0.00000000E+000, 3.44256965E-001, 6.18733944E-001, 2.13003470E-001, 3.36745835E-001
 2.40920000E+001, 0.00000000E+000, 3.47439107E-001, 6.04313015E-001, 2.09961974E-001, 3.27387622E-001
 2.42440000E+001, 0.00000000E+000, 3.50490121E-001, 5.91541385E-001, 2.07329411E-001, 3.19070683E-001
 2.43960000E+001, 0.00000000E+000, 3.53381451E-001, 5.79367315E-001, 2.04737662E-001, 3.11223064E-001
 2.45480000E+001, 0.00000000E+000, 3.56236437E-001, 5.67783242E-001, 2.02265079E-001, 3.03775720E-001
 2.47000000E+001, 0.00000000E+000, 3.58978329E-001, 5.56212751E-001, 1.99668324E-001, 2.96446607E-001
 2.48520000E+001, 0.00000000E+000, 3.61751444E-001, 5.45081015E-001, 1.97183844E-001, 2.89398035E-001
 2.50040000E+001, 0.00000000E+000, 3.64372466E-001, 5.33845570E-001, 1.94518627E-001, 2.82411596E-001
 2.51560000E+001, 0.00000000E+000, 3.67150673E-001, 5.24058807E-001, 1.92408544E-001, 2.76183366E-001
 2.53080000E+001, 0.00000000E+000, 3.69099818E-001, 5.13298672E-001, 1.89458446E-001, 2.69797477E-001
 2.54600000E+001, 0.00000000E+000, 3.72740044E-001, 5.10942425E-001, 1.90448702E-001, 2.67244390E-001
 2.56120000E+001, 1.49333333E-002, 3.61057828E-001, 5.09085191E-001, 1.83809193E-001, 2.70546388E-001
 2.57640000E+001, 3.52000000E-002, 3.40579936E-001, 5.30924206E-001, 1.80822132E-001, 2.90511049E-001
 2.59160000E+001, 5.54666667E-002, 3.21708099E-001, 5.52895016E-001, 1.77870805E-001, 3.11280085E-001
 2.60680000E+001, 7.57333333E-002, 3.03062290E-001, 5.75869725E-001, 1.74524398E-001, 3.34039600E-001
 2.62200000E+001, 9.60000000E-002, 2.84536116E-001, 6.00370805E-001, 1.70827177E-001, 3.59410304E-001
 2.63720000E+001, 1.16266667E-001, 2.66221062E-001, 6.26454566E-001, 1.66775400E-001, 3.87710919E-001
 2.65240000E+001, 1.36533333E-001, 2.48171588E-001, 6.54011311E-001, 1.62307026E-001, 4.19226655E-001
 2.66760000E+001, 1.56800000E-001, 2.30442045E-001, 6.82832640E-001, 1.57353350E-001, 4.54227131E-001
 2.68280000E+001, 1.77066667E-001, 2.13102990E-001, 7.12603402E-001, 1.51857916E-001, 4.92938545E-001
 2.69800000E+001, 1.97333333E-001, 1.96259279E-001, 7.42874095E-001, 1.45795934E-001, 5.35475707E-001
 2.71320000E+001, 2.17600000E-001, 1.80008487E-001, 7.72758019E-001, 1.39103001E-001, 5.81616460E-001
 2.72840000E+001, 2.37866667E-001, 1.64569668E-001, 8.02768974E-001, 1.32111423E-001, 6.31910165E-001
 2.74360000E+001, 2.58133333E-001, 1.49722368E-001, 8.31223331E-001, 1.24452726E-001, 6.85984083E-001
 2.75880000E+001, 2.78400000E-001, 1.35655944E-001, 8.59066502E-001, 1.16537477E-001, 7.44812625E-001
 2.77400000E+001, 2.98666667E-001, 1.22406818E-001, 8.86989186E-001, 1.08573524E-001, 8.09571442E-001
 2.78920000E+001, 3.18933333E-001, 1.09728981E-001, 9.13622576E-001, 1.00250874E-001, 8.80736123E-001
 2.80440000E+001, 3.39200000E-001, 9.77069639E-002, 9.45721229E-001, 9.24035500E-002, 9.66139943E-001
 2.81960000E+001, 3.59466667E-001, 8.25335179E-002, 9.62489952E-001, 7.94376817E-002, 1.06984456E+000
 2.83480000E+001, 3.79733333E-001, 8.53769715E-002, 8.99960644E-001, 7.68359142E-002, 9.83541759E-001
 2.85000000E+001, 4.00000000E-001, 5.83631220E-002, 1.13046351E+000, 6.59773795E-002, 1.49426267E+000
 2.86520000E+001, 3.79733333E-001, 4.04023933E-002, 1.53802703E+000, 6.21399732E-002, 2.44343101E+000
 2.88040000E+001, 3.59466667E-001, 3.09798478E-002, 1.65656297E+000, 5.13200686E-002, 3.00543934E+000
 2.89560000E+001, 3.39200000E-001, 2.28932751E-002, 1.60807692E+000, 3.68141473E-002, 3.39384898E+000
 2.91080000E+001, 3.18933333E-001, 1.80423868E-002, 1.51778455E+000, 2.73844560E-002, 3.60830128E+000
 2.92600000E+001, 2.98666667E-001, 1.23364793E-002, 1.34916431E+000, 1.66439375E-002, 3.87890270E+000
 2.94120000E+001, 2.78400000E-001, 6.88056319E-003, 1.06993602E+000, 7.36176236E-003, 4.11894006E+000
 2.95640000E+001, 2.58133333E-001, 3.02654471E-003, 6.56625554E-001, 1.98730660E-003, 3.81139440E+000
 2.97160000E+001, 2.37866667E-001, 1.31593093E-003, 1.99727046E-001, 2.62826998E-004, 1.75816645E+000
 2.98680000E+001, 2.17600000E-001, 9.76148944E-004, 4.63786725E-002, 4.52724922E-005, 4.74023560E-001
 3.00200000E+001, 1.97333333E-001, 1.02547206E-003, 4.52708138E-002, 4.64239547E-005, 4.51435849E-001
 3.01720000E+001, 1.77066667E-001, 1.10508505E-003, 4.96024761E-002, 5.48149550E-005, 4.76480534E-001
 3.03240000E+001, 1.56800000E-001, 1.18365701E-003, 5.39672496E-002, 6.38787135E-005, 5.00906891E-001
 3.04760000E+001, 1.36533333E-001, 1.26062745E-003, 5.82951236E-002, 7.34884332E-005, 5.24298368E-001
 3.06280000E+001, 1.16266667E-001, 1.33610190E-003, 6.25856655E-002, 8.36208268E-005, 5.46757491E-001
 3.07800000E+001, 9.60000000E-002, 1.41018429E-003, 6.68397672E-002, 9.42563900E-005, 5.68377203E-001
 3.09320000E+001, 7.57333333E-002, 1.48296776E-003, 7.10584917E-002, 1.05377452E-004, 5.89236701E-001
 3.10840000E+001, 5.54666667E-002, 1.55453603E-003, 7.52429924E-002, 1.16967943E-004, 6.09404030E-001
 3.12360000E+001, 3.52000000E-002, 1.62496474E-003, 7.93944704E-002, 1.29013215E-004, 6.28938157E-001
 3.13880000E+001, 1.49333333E-002, 1.69432251E-003, 8.35141446E-002, 1.41499895E-004, 6.47890565E-001
 3.15400000E+001, 0.00000000E+000, 8.00849518E-003, 2.49292269E-002, 1.99645594E-004, 8.89555420E-002
 3.16920000E+001, 0.00000000E+000, 8.35507815E-003, 1.09907515E-002, 9.18285881E-005, 3.83965135E-002
 3.18440000E+001, 0.00000000E+000, 8.41059032E-003, 6.52842634E-003, 5.49079194E-005, 2.27318576E-002
 3.19960000E+001, 0.00000000E+000, 8.46794257E-003, 2.42825633E-003, 2.05623351E-005, 8.42646140E-003
 3.21480000E+001, 0.00000000E+000, 8.52606306E-003,-1.52410906E-003,-1.29946500E-005,-5.27085943E-003
 3.23000000E+001, 0.00000000E+000, 8.58043769E-003,-5.46863265E-003,-4.69232617E-005,-1.88522716E-002
 3.24520000E+001, 0.00000000E+000, 8.63255228E-003,-9.37226348E-003,-8.09065545E-005,-3.22117663E-002
 3.26040000E+001, 0.00000000E+000, 8.68506291E-003,-1.31603707E-002,-1.14298648E-004,-4.50942634E-002
 3.27560000E+001, 0.00000000E+000, 8.74103394E-003,-1.67781658E-002,-1.46658517E-004,-5.73063486E-002
 3.29080000E+001, 0.00000000E+000, 8.80316966E-003,-2.01940125E-002,-1.77771318E-004,-6.87294300E-002
 3.30600000E+001, 0.00000000E+000, 8.86784076E-003,-2.34795198E-002,-2.08212643E-004,-7.96195882E-002
 3.32120000E+001, 0.00000000E+000, 8.93297334E-003,-2.69550991E-002,-2.40789181E-004,-9.10715174E-002
 3.33640000E+001, 0.00000000E+000, 8.99780818E-003,-3.08841082E-002,-2.77889281E-004,-1.03969597E-001
 3.35160000E+001, 0.00000000E+000, 9.05993607E-003,-3.52206220E-002,-3.19096583E-004,-1.18160988E-001
 3.36680000E+001, 0.00000000E+000, 9.11596250E-003,-3.94000447E-002,-3.59169330E-004,-1.31775632E-001
 3.38200000E+001, 0.00000000E+000, 9.17713374E-003,-4.25483845E-002,-3.90472215E-004,-1.41830359E-001
 3.39720000E+001, 0.00000000E+000, 9.25030650E-003,-4.40474459E-002,-4.07452375E-004,-1.46245438E-001
 3.41240000E+001, 0.00000000E+000, 9.33742685E-003,-4.33506712E-002,-4.04783721E-004,-1.43258988E-001
 3.42760000E+001, 0.00000000E+000, 9.39105893E-003,-4.10273739E-002,-3.85290486E-004,-1.35193588E-001
 3.44280000E+001, 0.00000000E+000, 9.42990605E-003,-3.73301046E-002,-3.52019379E-004,-1.22756694E-001
 3.45800000E+001, 0.00000000E+000, 9.45602104E-003,-3.26095975E-002,-3.08357040E-004,-1.07085553E-001
 3.47320000E+001, 0.00000000E+000, 9.47065473E-003,-2.71615112E-002,-2.57237295E-004,-8.91258298E-002
 3.48840000E+001, 0.00000000E+000, 9.47703427E-003,-2.11303360E-002,-2.00252919E-004,-6.93122245E-002
 3.50360000E+001, 0.00000000E+000, 9.47917127E-003,-1.45667717E-002,-1.38080924E-004,-4.77768803E-002
 3.51880000E+001, 0.00000000E+000, 9.47955871E-003,-7.51493965E-003,-7.12383117E-005,-2.46473990E-002
 3.53400000E+001, 0.00000000E+000, 9.47889828E-003,-3.72883874E-005,-3.53452831E-007,-1.22302217E-004
 3.54920000E+001, 0.00000000E+000, 9.47730640E-003, 7.76879478E-003, 7.36272485E-005, 2.54830172E-002
 3.56440000E+001, 0.00000000E+000, 9.47358164E-003, 1.58106154E-002, 1.49783155E-004, 5.18718015E-002
 3.57960000E+001, 0.00000000E+000, 9.46064182E-003, 2.41871450E-002, 2.28825916E-004, 7.94079469E-002
 3.59480000E+001, 0.00000000E+000, 9.43028332E-003, 3.30266455E-002, 3.11450624E-004, 1.08602983E-001
 3.61000000E+001, 0.00000000E+000, 9.39820392E-003, 4.18086026E-002, 3.92925773E-004, 1.37715518E-001
 3.62520000E+001, 0.00000000E+000, 9.36134664E-003, 5.03817106E-002, 4.71640657E-004, 1.66281297E-001
 3.64040000E+001, 0.00000000E+000, 9.31658033E-003, 5.89304248E-002, 5.49030037E-004, 1.94962446E-001
 3.65560000E+001, 0.00000000E+000, 9.25953944E-003, 6.75534727E-002, 6.25514044E-004, 2.24177822E-001
 3.67080000E+001, 0.00000000E+000, 9.18245013E-003, 7.64380704E-002, 7.01888770E-004, 2.54724128E-001
 3.68600000E+001, 0.00000000E+000, 9.07914416E-003, 8.57279781E-002, 7.78336672E-004, 2.87302750E-001
 3.70120000E+001, 0.00000000E+000, 8.94601312E-003, 9.54883525E-002, 8.54240054E-004, 3.22385347E-001
 3.71640000E+001, 0.00000000E+000, 8.77722143E-003, 1.05842210E-001, 9.29000517E-004, 3.60761374E-001
 3.73160000E+001, 0.00000000E+000, 8.56081250E-003, 1.17082639E-001, 1.00232252E-003, 4.04086803E-001
 3.74680000E+001, 0.00000000E+000, 8.27674133E-003, 1.29728328E-001, 1.07372782E-003, 4.55349422E-001
 3.76200000E+001, 0.00000000E+000, 7.88768628E-003, 1.44805816E-001, 1.14218285E-003, 5.20655967E-001
 3.77720000E+001, 0.00000000E+000, 7.36837202E-003, 1.63705153E-001, 1.20624047E-003, 6.08998520E-001
 3.79240000E+001, 0.00000000E+000, 6.75819877E-003, 1.79781485E-001, 1.21499901E-003, 6.98343573E-001
