   40.000611473176498      ,         250
X,ZB,H,U,Q,FR
 7.60000000E-002, 0.00000000E+000, 3.48505770E-001, 2.83532237E-003, 9.88126206E-004, 1.53368834E-003
 2.28000000E-001, 0.00000000E+000, 3.47881615E-001, 8.65083127E-003, 3.00946515E-003, 4.68362118E-003
 3.80000000E-001, 0.00000000E+000, 3.47896218E-001, 1.44988697E-002, 5.04410194E-003, 7.84962579E-003
 5.32000000E-001, 0.00000000E+000, 3.47934859E-001, 2.02584114E-002, 7.04860752E-003, 1.09672078E-002
 6.84000000E-001, 0.00000000E+000, 3.47978903E-001, 2.60799524E-002, 9.07527323E-003, 1.41178966E-002
 8.36000000E-001, 0.00000000E+000, 3.48031878E-001, 3.19448894E-002, 1.11178399E-002, 1.72914549E-002
 9.88000000E-001, 0.00000000E+000, 3.48079199E-001, 3.78019542E-002, 1.31580739E-002, 2.04604355E-002
 1.14000000E+000, 0.00000000E+000, 3.48105160E-001, 4.35783077E-002, 1.51698338E-002, 2.35860269E-002
 1.29200000E+000, 0.00000000E+000, 3.48107782E-001, 4.92696674E-002, 1.71511546E-002, 2.66662793E-002
 1.44400000E+000, 0.00000000E+000, 3.48094756E-001, 5.49808828E-002, 1.91385570E-002, 2.97579238E-002
 1.59600000E+000, 0.00000000E+000, 3.48065384E-001, 6.07177634E-002, 2.11337516E-002, 3.28643470E-002
 1.74800000E+000, 0.00000000E+000, 3.48029228E-001, 6.64419547E-002, 2.31237422E-002, 3.59645143E-002
 1.90000000E+000, 0.00000000E+000, 3.47992517E-001, 7.20892548E-002, 2.50865212E-002, 3.90234123E-002
 2.05200000E+000, 0.00000000E+000, 3.47961817E-001, 7.76926748E-002, 2.70340843E-002, 4.20585153E-002
 2.20400000E+000, 0.00000000E+000, 3.47942526E-001, 8.32775989E-002, 2.89758181E-002, 4.50831339E-002
 2.35600000E+000, 0.00000000E+000, 3.47936618E-001, 8.88593135E-002, 3.09174090E-002, 4.81052575E-002
 2.50800000E+000, 0.00000000E+000, 3.47940513E-001, 9.44166679E-002, 3.28513838E-002, 5.11135245E-002
 2.66000000E+000, 0.00000000E+000, 3.47948306E-001, 9.99176323E-002, 3.47661709E-002, 5.40909276E-002
 2.81200000E+000, 0.00000000E+000, 3.47956277E-001, 1.05354519E-001, 3.66587663E-002, 5.70335613E-002
 2.96400000E+000, 0.00000000E+000, 3.47960320E-001, 1.10703179E-001, 3.85203137E-002, 5.99287047E-002
 3.11600000E+000, 0.00000000E+000, 3.47957597E-001, 1.15960721E-001, 4.03494139E-002, 6.27750988E-002
 3.26800000E+000, 0.00000000E+000, 3.47945061E-001, 1.21119874E-001, 4.21430619E-002, 6.55691767E-002
 3.42000000E+000, 0.00000000E+000, 3.47923464E-001, 1.26190295E-001, 4.39045644E-002, 6.83162082E-002
 3.57200000E+000, 0.00000000E+000, 3.47895991E-001, 1.31196058E-001, 4.56425827E-002, 7.10290054E-002
 3.72400000E+000, 0.00000000E+000, 3.47863813E-001, 1.36161928E-001, 4.73658074E-002, 7.37209161E-002
 3.87600000E+000, 0.00000000E+000, 3.47829797E-001, 1.41105539E-001, 4.90807109E-002, 7.64012260E-002
 4.02800000E+000, 0.00000000E+000, 3.47796044E-001, 1.46057341E-001, 5.07981655E-002, 7.90862041E-002
 4.18000000E+000, 0.00000000E+000, 3.47762605E-001, 1.51033937E-001, 5.25239552E-002, 8.17848311E-002
 4.33200000E+000, 0.00000000E+000, 3.47730822E-001, 1.56052797E-001, 5.42643672E-002, 8.45064038E-002
 4.48400000E+000, 0.00000000E+000, 3.47703046E-001, 1.61130218E-001, 5.60254677E-002, 8.72594370E-002
 4.63600000E+000, 0.00000000E+000, 3.47681281E-001, 1.66261698E-001, 5.78060803E-002, 9.00411879E-002
 4.78800000E+000, 0.00000000E+000, 3.47667043E-001, 1.71423991E-001, 5.95984722E-002, 9.28387959E-002
 4.94000000E+000, 0.00000000E+000, 3.47652371E-001, 1.76561500E-001, 6.13820241E-002, 9.56231556E-002
 5.09200000E+000, 0.00000000E+000, 3.47628782E-001, 1.81622757E-001, 6.31372980E-002, 9.83675964E-002
 5.24400000E+000, 0.00000000E+000, 3.47589457E-001, 1.86559529E-001, 6.48461255E-002, 1.01047087E-001
 5.39600000E+000, 0.00000000E+000, 3.47529117E-001, 1.91336401E-001, 6.64949704E-002, 1.03643402E-001
 5.54800000E+000, 0.00000000E+000, 3.47445274E-001, 1.95935233E-001, 6.80767708E-002, 1.06147310E-001
 5.70000000E+000, 0.00000000E+000, 3.47340034E-001, 2.00362805E-001, 6.95940237E-002, 1.08562376E-001
 5.85200000E+000, 0.00000000E+000, 3.47219471E-001, 2.04649839E-001, 7.10584089E-002, 1.10904465E-001
 6.00400000E+000, 0.00000000E+000, 3.47090514E-001, 2.08836301E-001, 7.24850991E-002, 1.13194227E-001
 6.15600000E+000, 0.00000000E+000, 3.46957712E-001, 2.12954881E-001, 7.38863383E-002, 1.15448684E-001
 6.30800000E+000, 0.00000000E+000, 3.46822702E-001, 2.17028225E-001, 7.52703153E-002, 1.17679853E-001
 6.46000000E+000, 0.00000000E+000, 3.46686079E-001, 2.21070221E-001, 7.66419681E-002, 1.19895174E-001
 6.61200000E+000, 0.00000000E+000, 3.46551554E-001, 2.25107217E-001, 7.80112557E-002, 1.22108291E-001
 6.76400000E+000, 0.00000000E+000, 3.46419249E-001, 2.29151030E-001, 7.93823276E-002, 1.24325572E-001
 6.91600000E+000, 0.00000000E+000, 3.46289921E-001, 2.33210481E-001, 8.07584391E-002, 1.26551646E-001
 7.06800000E+000, 0.00000000E+000, 3.46164884E-001, 2.37292444E-001, 8.21423114E-002, 1.28789976E-001
 7.22000000E+000, 0.00000000E+000, 3.46045366E-001, 2.41400656E-001, 8.35355785E-002, 1.31042324E-001
 7.37200000E+000, 0.00000000E+000, 3.45932278E-001, 2.45536999E-001, 8.49391733E-002, 1.33309488E-001
 7.52400000E+000, 0.00000000E+000, 3.45826167E-001, 2.49703080E-001, 8.63538589E-002, 1.35592177E-001
 7.67600000E+000, 0.00000000E+000, 3.45727264E-001, 2.53901549E-001, 8.77806877E-002, 1.37891722E-001
 7.82800000E+000, 0.00000000E+000, 3.45635588E-001, 2.58137288E-001, 8.92214333E-002, 1.40210706E-001
 7.98000000E+000, 0.00000000E+000, 3.45551110E-001, 2.62417659E-001, 9.06787133E-002, 1.42553068E-001
 8.13200000E+000, 0.00000000E+000, 3.45473544E-001, 2.66751426E-001, 9.21555607E-002, 1.44923566E-001
 8.28400000E+000, 0.00000000E+000, 3.45401512E-001, 2.71142852E-001, 9.36531511E-002, 1.47324746E-001
 8.43600000E+000, 0.00000000E+000, 3.45332496E-001, 2.75579305E-001, 9.51664894E-002, 1.49750243E-001
 8.58800000E+000, 0.00000000E+000, 3.45261811E-001, 2.80047956E-001, 9.66898645E-002, 1.52194092E-001
 8.74000000E+000, 0.00000000E+000, 3.45187908E-001, 2.84531608E-001, 9.82168704E-002, 1.54647317E-001
 8.89200000E+000, 0.00000000E+000, 3.45111100E-001, 2.89006606E-001, 9.97393877E-002, 1.57097026E-001
 9.04400000E+000, 0.00000000E+000, 3.45031666E-001, 2.93462847E-001, 1.01253975E-001, 1.59537693E-001
 9.19600000E+000, 0.00000000E+000, 3.44950373E-001, 2.97893539E-001, 1.02758487E-001, 1.61965469E-001
 9.34800000E+000, 0.00000000E+000, 3.44866422E-001, 3.02292224E-001, 1.04250438E-001, 1.64377049E-001
 9.50000000E+000, 0.00000000E+000, 3.44777442E-001, 3.06651604E-001, 1.05726556E-001, 1.66769059E-001
 9.65200000E+000, 0.00000000E+000, 3.44680470E-001, 3.10966091E-001, 1.07183938E-001, 1.69139233E-001
 9.80400000E+000, 0.00000000E+000, 3.44573023E-001, 3.15235897E-001, 1.08621786E-001, 1.71488377E-001
 9.95600000E+000, 0.00000000E+000, 3.44454522E-001, 3.19468523E-001, 1.10042377E-001, 1.73820817E-001
 1.01080000E+001, 0.00000000E+000, 3.44327315E-001, 3.23677856E-001, 1.11451127E-001, 1.76143617E-001
 1.02600000E+001, 0.00000000E+000, 3.44195130E-001, 3.27885572E-001, 1.12856617E-001, 1.78467691E-001
 1.04120000E+001, 0.00000000E+000, 3.44062088E-001, 3.32091972E-001, 1.14260257E-001, 1.80792173E-001
 1.05640000E+001, 0.00000000E+000, 3.43931903E-001, 3.36310110E-001, 1.15667776E-001, 1.83123192E-001
 1.07160000E+001, 0.00000000E+000, 3.43807970E-001, 3.40548236E-001, 1.17083198E-001, 1.85464299E-001
 1.08680000E+001, 0.00000000E+000, 3.43691833E-001, 3.44811780E-001, 1.18508993E-001, 1.87817972E-001
 1.10200000E+001, 0.00000000E+000, 3.43584032E-001, 3.49108868E-001, 1.19948233E-001, 1.90188413E-001
 1.11720000E+001, 0.00000000E+000, 3.43484689E-001, 3.53451105E-001, 1.21405043E-001, 1.92581831E-001
 1.13240000E+001, 0.00000000E+000, 3.43392943E-001, 3.57851556E-001, 1.22883699E-001, 1.95005512E-001
 1.14760000E+001, 0.00000000E+000, 3.43306112E-001, 3.62299665E-001, 1.24379690E-001, 1.97454403E-001
 1.16280000E+001, 0.00000000E+000, 3.43216651E-001, 3.66767211E-001, 1.25880614E-001, 1.99915278E-001
 1.17800000E+001, 0.00000000E+000, 3.43112960E-001, 3.71218173E-001, 1.27369766E-001, 2.02371955E-001
 1.19320000E+001, 0.00000000E+000, 3.42985320E-001, 3.75616914E-001, 1.28831088E-001, 2.04808055E-001
 1.20840000E+001, 0.00000000E+000, 3.42829116E-001, 3.79947212E-001, 1.30256967E-001, 2.07216375E-001
 1.22360000E+001, 0.00000000E+000, 3.42646267E-001, 3.84204190E-001, 1.31646132E-001, 2.09593955E-001
 1.23880000E+001, 0.00000000E+000, 3.42445471E-001, 3.88388758E-001, 1.33001971E-001, 2.11938861E-001
 1.25400000E+001, 0.00000000E+000, 3.42235584E-001, 3.92515636E-001, 1.34332818E-001, 2.14256516E-001
 1.26920000E+001, 0.00000000E+000, 3.42023288E-001, 3.96597270E-001, 1.35645502E-001, 2.16551671E-001
 1.28440000E+001, 0.00000000E+000, 3.41817019E-001, 4.00670440E-001, 1.36955975E-001, 2.18841721E-001
 1.29960000E+001, 0.00000000E+000, 3.41620691E-001, 4.04748162E-001, 1.38270347E-001, 2.21132441E-001
 1.31480000E+001, 0.00000000E+000, 3.41436568E-001, 4.08842391E-001, 1.39593743E-001, 2.23429524E-001
 1.33000000E+001, 0.00000000E+000, 3.41265430E-001, 4.12956769E-001, 1.40927869E-001, 2.25734583E-001
 1.34520000E+001, 0.00000000E+000, 3.41101992E-001, 4.17066922E-001, 1.42262358E-001, 2.28035928E-001
 1.36040000E+001, 0.00000000E+000, 3.40945187E-001, 4.21173919E-001, 1.43597221E-001, 2.30334422E-001
 1.37560000E+001, 0.00000000E+000, 3.40794614E-001, 4.25287843E-001, 1.44935806E-001, 2.32635648E-001
 1.39080000E+001, 0.00000000E+000, 3.40650343E-001, 4.29423531E-001, 1.46283273E-001, 2.34947637E-001
 1.40600000E+001, 0.00000000E+000, 3.40513583E-001, 4.33605442E-001, 1.47648543E-001, 2.37283294E-001
 1.42120000E+001, 0.00000000E+000, 3.40384790E-001, 4.37855866E-001, 1.49039477E-001, 2.39654594E-001
 1.43640000E+001, 0.00000000E+000, 3.40259821E-001, 4.42153500E-001, 1.50447071E-001, 2.42051284E-001
 1.45160000E+001, 0.00000000E+000, 3.40129736E-001, 4.46472654E-001, 1.51858626E-001, 2.44462485E-001
 1.46680000E+001, 0.00000000E+000, 3.39983941E-001, 4.50779446E-001, 1.53257773E-001, 2.46873550E-001
 1.48200000E+001, 0.00000000E+000, 3.39817676E-001, 4.55037081E-001, 1.54629643E-001, 2.49266241E-001
 1.49720000E+001, 0.00000000E+000, 3.39634031E-001, 4.59215994E-001, 1.55965379E-001, 2.51623422E-001
 1.51240000E+001, 0.00000000E+000, 3.39439412E-001, 4.63314574E-001, 1.57267227E-001, 2.53941972E-001
 1.52760000E+001, 0.00000000E+000, 3.39240692E-001, 4.67344704E-001, 1.58542341E-001, 2.56225892E-001
 1.54280000E+001, 0.00000000E+000, 3.39049082E-001, 4.71366519E-001, 1.59816386E-001, 2.58503903E-001
 1.55800000E+001, 0.00000000E+000, 3.38866699E-001, 4.75404183E-001, 1.61098646E-001, 2.60788365E-001
 1.57320000E+001, 0.00000000E+000, 3.38694155E-001, 4.79485670E-001, 1.62398994E-001, 2.63094300E-001
 1.58840000E+001, 0.00000000E+000, 3.38529438E-001, 4.83613613E-001, 1.63717444E-001, 2.65423857E-001
 1.60360000E+001, 0.00000000E+000, 3.38363665E-001, 4.87762562E-001, 1.65041128E-001, 2.67766512E-001
 1.61880000E+001, 0.00000000E+000, 3.38190968E-001, 4.91919319E-001, 1.66362671E-001, 2.70117384E-001
 1.63400000E+001, 0.00000000E+000, 3.38007941E-001, 4.96089593E-001, 1.67682222E-001, 2.72481062E-001
 1.64920000E+001, 0.00000000E+000, 3.37821191E-001, 5.00251294E-001, 1.68995488E-001, 2.74842845E-001
 1.66440000E+001, 0.00000000E+000, 3.37638951E-001, 5.04399599E-001, 1.70304952E-001, 2.77196741E-001
 1.67960000E+001, 0.00000000E+000, 3.37469007E-001, 5.08542118E-001, 1.71617203E-001, 2.79543655E-001
 1.69480000E+001, 0.00000000E+000, 3.37316204E-001, 5.12704602E-001, 1.72943570E-001, 2.81895583E-001
 1.71000000E+001, 0.00000000E+000, 3.37180755E-001, 5.16882548E-001, 1.74282848E-001, 2.84249781E-001
 1.72520000E+001, 0.00000000E+000, 3.37047070E-001, 5.21011030E-001, 1.75605241E-001, 2.86576978E-001
 1.74040000E+001, 0.00000000E+000, 3.36908418E-001, 5.25087563E-001, 1.76906420E-001, 2.88878659E-001
 1.75560000E+001, 0.00000000E+000, 3.36757137E-001, 5.29109830E-001, 1.78181511E-001, 2.91156898E-001
 1.77080000E+001, 0.00000000E+000, 3.36587121E-001, 5.33082016E-001, 1.79428541E-001, 2.93416777E-001
 1.78600000E+001, 0.00000000E+000, 3.36399497E-001, 5.37019487E-001, 1.80653085E-001, 2.95666442E-001
 1.80120000E+001, 0.00000000E+000, 3.36199411E-001, 5.40959866E-001, 1.81870389E-001, 2.97924508E-001
 1.81640000E+001, 0.00000000E+000, 3.35997554E-001, 5.44883593E-001, 1.83079554E-001, 3.00175562E-001
 1.83160000E+001, 0.00000000E+000, 3.35802948E-001, 5.48811308E-001, 1.84292455E-001, 3.02426928E-001
 1.84680000E+001, 0.00000000E+000, 3.35622046E-001, 5.52754066E-001, 1.85516451E-001, 3.04681696E-001
 1.86200000E+001, 0.00000000E+000, 3.35457574E-001, 5.56727089E-001, 1.86758319E-001, 3.06946871E-001
 1.87720000E+001, 0.00000000E+000, 3.35310154E-001, 5.60755956E-001, 1.88027166E-001, 3.09236110E-001
 1.89240000E+001, 0.00000000E+000, 3.35178672E-001, 5.64878029E-001, 1.89335068E-001, 3.11570373E-001
 1.90760000E+001, 0.00000000E+000, 3.35056088E-001, 5.69071520E-001, 1.90670877E-001, 3.13940795E-001
 1.92280000E+001, 0.00000000E+000, 3.34927297E-001, 5.73299325E-001, 1.92013593E-001, 3.16333959E-001
 1.93800000E+001, 0.00000000E+000, 3.34778569E-001, 5.77512606E-001, 1.93338844E-001, 3.18729530E-001
 1.95320000E+001, 0.00000000E+000, 3.34602378E-001, 5.81645699E-001, 1.94620034E-001, 3.21095092E-001
 1.96840000E+001, 0.00000000E+000, 3.34400306E-001, 5.85648583E-001, 1.95841065E-001, 3.23402537E-001
 1.98360000E+001, 0.00000000E+000, 3.34179952E-001, 5.89518919E-001, 1.97005404E-001, 3.25647096E-001
 1.99880000E+001, 0.00000000E+000, 3.33949247E-001, 5.93280473E-001, 1.98125567E-001, 3.27838141E-001
 2.01400000E+001, 0.00000000E+000, 3.33724333E-001, 5.97032058E-001, 1.99244125E-001, 3.30022366E-001
 2.02920000E+001, 0.00000000E+000, 3.33507142E-001, 6.00839421E-001, 2.00384238E-001, 3.32235096E-001
 2.04440000E+001, 0.00000000E+000, 3.33300481E-001, 6.04763914E-001, 2.01568104E-001, 3.34508807E-001
 2.05960000E+001, 0.00000000E+000, 3.33110186E-001, 6.08838552E-001, 2.02810323E-001, 3.36858761E-001
 2.07480000E+001, 0.00000000E+000, 3.32946497E-001, 6.13056781E-001, 2.04115108E-001, 3.39275996E-001
 2.09000000E+001, 0.00000000E+000, 3.32815989E-001, 6.17410346E-001, 2.05484035E-001, 3.41752319E-001
 2.10520000E+001, 0.00000000E+000, 3.32720956E-001, 6.21854863E-001, 2.06904144E-001, 3.44261626E-001
 2.12040000E+001, 0.00000000E+000, 3.32624139E-001, 6.26236461E-001, 2.08301364E-001, 3.46737750E-001
 2.13560000E+001, 0.00000000E+000, 3.32494523E-001, 6.30517684E-001, 2.09643677E-001, 3.49176239E-001
 2.15080000E+001, 0.00000000E+000, 3.32310493E-001, 6.34677285E-001, 2.10909921E-001, 3.51577106E-001
 2.16600000E+001, 0.00000000E+000, 3.32085785E-001, 6.38639695E-001, 2.12083165E-001, 3.53891739E-001
 2.18120000E+001, 0.00000000E+000, 3.31843412E-001, 6.42297224E-001, 2.13142102E-001, 3.56048453E-001
 2.19640000E+001, 0.00000000E+000, 3.31616500E-001, 6.45706246E-001, 2.14126845E-001, 3.58060637E-001
 2.21160000E+001, 0.00000000E+000, 3.31435659E-001, 6.49082323E-001, 2.15129028E-001, 3.60030940E-001
 2.22680000E+001, 0.00000000E+000, 3.31284423E-001, 6.52586878E-001, 2.16191867E-001, 3.62057449E-001
 2.24200000E+001, 0.00000000E+000, 3.31140216E-001, 6.56347679E-001, 2.17343113E-001, 3.64223236E-001
 2.25720000E+001, 0.00000000E+000, 3.31018734E-001, 6.60265786E-001, 2.18560345E-001, 3.66464715E-001
 2.27240000E+001, 0.00000000E+000, 3.30982220E-001, 6.64017917E-001, 2.19778124E-001, 3.68567574E-001
 2.28760000E+001, 0.00000000E+000, 3.31138154E-001, 6.66918783E-001, 2.20842255E-001, 3.70090550E-001
 2.30280000E+001, 0.00000000E+000, 3.31505696E-001, 6.68235195E-001, 2.21523773E-001, 3.70615439E-001
 2.31800000E+001, 0.00000000E+000, 3.32024009E-001, 6.68293092E-001, 2.21889352E-001, 3.70358133E-001
 2.33320000E+001, 0.00000000E+000, 3.32818386E-001, 6.66937079E-001, 2.21968922E-001, 3.69165295E-001
 2.34840000E+001, 0.00000000E+000, 3.34197186E-001, 6.62356960E-001, 2.21357832E-001, 3.65873006E-001
 2.36360000E+001, 0.00000000E+000, 3.36525341E-001, 6.52596110E-001, 2.19615128E-001, 3.59232196E-001
 2.37880000E+001, 0.00000000E+000, 3.40062174E-001, 6.36457468E-001, 2.16435110E-001, 3.48521747E-001
 2.39400000E+001, 0.00000000E+000, 3.43879354E-001, 6.19235963E-001, 2.12942463E-001, 3.37204047E-001
 2.40920000E+001, 0.00000000E+000, 3.47148735E-001, 6.04316078E-001, 2.09787562E-001, 3.27526176E-001
 2.42440000E+001, 0.00000000E+000, 3.50193075E-001, 5.91251735E-001, 2.07052263E-001, 3.19049678E-001
 2.43960000E+001, 0.00000000E+000, 3.53084026E-001, 5.79018986E-001, 2.04442355E-001, 3.11166925E-001
 2.45480000E+001, 0.00000000E+000, 3.55919550E-001, 5.67347975E-001, 2.01930236E-001, 3.03677941E-001
 2.47000000E+001, 0.00000000E+000, 3.58657834E-001, 5.55768829E-001, 1.99330844E-001, 2.96342325E-001
 2.48520000E+001, 0.00000000E+000, 3.61433950E-001, 5.44614791E-001, 1.96842275E-001, 2.89277476E-001
 2.50040000E+001, 0.00000000E+000, 3.64092042E-001, 5.33471866E-001, 1.94232861E-001, 2.82322562E-001
 2.51560000E+001, 0.00000000E+000, 3.66929728E-001, 5.23676721E-001, 1.92152557E-001, 2.76065082E-001
 2.53080000E+001, 0.00000000E+000, 3.68926831E-001, 5.13049060E-001, 1.89277564E-001, 2.69729492E-001
 2.54600000E+001, 0.00000000E+000, 3.72638770E-001, 5.11105317E-001, 1.90457657E-001, 2.67365914E-001
 2.56120000E+001, 1.49333333E-002, 3.60966437E-001, 5.09324859E-001, 1.83849180E-001, 2.70708019E-001
 2.57640000E+001, 3.52000000E-002, 3.40516648E-001, 5.30907470E-001, 1.80782832E-001, 2.90528887E-001
 2.59160000E+001, 5.54666667E-002, 3.21613647E-001, 5.52433464E-001, 1.77670141E-001, 3.11065898E-001
 2.60680000E+001, 7.57333333E-002, 3.02924079E-001, 5.74903451E-001, 1.74152099E-001, 3.33555169E-001
 2.62200000E+001, 9.60000000E-002, 2.84381581E-001, 5.99061271E-001, 1.70361991E-001, 3.58723783E-001
 2.63720000E+001, 1.16266667E-001, 2.66099690E-001, 6.25110058E-001, 1.66341592E-001, 3.86967028E-001
 2.65240000E+001, 1.36533333E-001, 2.48131459E-001, 6.52916776E-001, 1.62009192E-001, 4.18558890E-001
 2.66760000E+001, 1.56800000E-001, 2.30514080E-001, 6.82132440E-001, 1.57241132E-001, 4.53690446E-001
 2.68280000E+001, 1.77066667E-001, 2.13293037E-001, 7.12194548E-001, 1.51906138E-001, 4.92436193E-001
 2.69800000E+001, 1.97333333E-001, 1.96561710E-001, 7.42365254E-001, 1.45920584E-001, 5.34697107E-001
 2.71320000E+001, 2.17600000E-001, 1.80404174E-001, 7.72051437E-001, 1.39281302E-001, 5.80447043E-001
 2.72840000E+001, 2.37866667E-001, 1.64806550E-001, 8.00542561E-001, 1.31934658E-001, 6.29704579E-001
 2.74360000E+001, 2.58133333E-001, 1.50004800E-001, 8.29014059E-001, 1.24356088E-001, 6.83516457E-001
 2.75880000E+001, 2.78400000E-001, 1.35847651E-001, 8.56330086E-001, 1.16330431E-001, 7.41916097E-001
 2.77400000E+001, 2.98666667E-001, 1.22474917E-001, 8.84390421E-001, 1.08315643E-001, 8.06975060E-001
 2.78920000E+001, 3.18933333E-001, 1.09520729E-001, 9.11762770E-001, 9.98569235E-002, 8.79778511E-001
 2.80440000E+001, 3.39200000E-001, 9.75996777E-002, 9.45146669E-001, 9.22460103E-002, 9.66083522E-001
 2.81960000E+001, 3.59466667E-001, 8.28107766E-002, 9.63606800E-001, 7.97970274E-002, 1.06929143E+000
 2.83480000E+001, 3.79733333E-001, 8.63993092E-002, 8.93944943E-001, 7.72362255E-002, 9.71170083E-001
 2.85000000E+001, 4.00000000E-001, 5.95953600E-002, 1.12066568E+000, 6.67864746E-002, 1.46591742E+000
 2.86520000E+001, 3.79733333E-001, 4.06692355E-002, 1.51419968E+000, 6.15813434E-002, 2.39767218E+000
 2.88040000E+001, 3.59466667E-001, 3.35197380E-002, 1.70757531E+000, 5.72374770E-002, 2.97830532E+000
 2.89560000E+001, 3.39200000E-001, 2.50134893E-002, 1.68125233E+000, 4.20539872E-002, 3.39457507E+000
 2.91080000E+001, 3.18933333E-001, 2.05893584E-002, 1.61167628E+000, 3.31833805E-002, 3.58670836E+000
 2.92600000E+001, 2.98666667E-001, 1.51886348E-002, 1.47313888E+000, 2.23749686E-002, 3.81701600E+000
 2.94120000E+001, 2.78400000E-001, 9.19344698E-003, 1.22871062E+000, 1.12960859E-002, 4.09213623E+000
 2.95640000E+001, 2.58133333E-001, 4.22822992E-003, 8.39379236E-001, 3.54908840E-003, 4.12210056E+000
 2.97160000E+001, 2.37866667E-001, 1.64728608E-003, 3.24433992E-001, 5.34435600E-004, 2.55259253E+000
 2.98680000E+001, 2.17600000E-001, 1.00760917E-003, 5.52217262E-002, 5.56419176E-005, 5.55524967E-001
 3.00200000E+001, 1.97333333E-001, 1.02272665E-003, 4.51581636E-002, 4.61844573E-005, 4.50916519E-001
 3.01720000E+001, 1.77066667E-001, 1.10154494E-003, 4.94104161E-002, 5.44277938E-005, 4.75397683E-001
 3.03240000E+001, 1.56800000E-001, 1.17994834E-003, 5.37627183E-002, 6.34372304E-005, 4.99792091E-001
 3.04760000E+001, 1.36533333E-001, 1.25675992E-003, 5.80788310E-002, 7.29911473E-005, 5.23156184E-001
 3.06280000E+001, 1.16266667E-001, 1.33207986E-003, 6.23578438E-002, 8.30656277E-005, 5.45589015E-001
 3.07800000E+001, 9.60000000E-002, 1.40601130E-003, 6.66006052E-002, 9.36412038E-005, 5.67183291E-001
 3.09320000E+001, 7.57333333E-002, 1.47864676E-003, 7.08081415E-002, 1.04700229E-004, 5.88018021E-001
 3.10840000E+001, 5.54666667E-002, 1.55006944E-003, 7.49815752E-002, 1.16226648E-004, 6.08161106E-001
 3.12360000E+001, 3.52000000E-002, 1.62035453E-003, 7.91220808E-002, 1.28205822E-004, 6.27671391E-001
 3.13880000E+001, 1.49333333E-002, 1.68957031E-003, 8.32308552E-002, 1.40624382E-004, 6.46600269E-001
 3.15400000E+001, 0.00000000E+000, 8.03757121E-003, 2.46557687E-002, 1.98172497E-004, 8.78204764E-002
 3.16920000E+001, 0.00000000E+000, 8.37948965E-003, 1.07521122E-002, 9.00972126E-005, 3.75080651E-002
 3.18440000E+001, 0.00000000E+000, 8.43384031E-003, 6.26551913E-003, 5.28423878E-005, 2.17863277E-002
 3.19960000E+001, 0.00000000E+000, 8.49083170E-003, 2.18184421E-003, 1.85256720E-005, 7.56115743E-003
 3.21480000E+001, 0.00000000E+000, 8.54913843E-003,-1.72229852E-003,-1.47241685E-005,-5.94821849E-003
 3.23000000E+001, 0.00000000E+000, 8.60386385E-003,-5.61697387E-003,-4.83276784E-005,-1.93372761E-002
 3.24520000E+001, 0.00000000E+000, 8.65509167E-003,-9.51351114E-003,-8.23403110E-005,-3.26546215E-002
 3.26040000E+001, 0.00000000E+000, 8.70620412E-003,-1.33078991E-002,-1.15861286E-004,-4.55443737E-002
 3.27560000E+001, 0.00000000E+000, 8.76036919E-003,-1.69366188E-002,-1.48371033E-004,-5.77836759E-002
 3.29080000E+001, 0.00000000E+000, 8.82079470E-003,-2.03371858E-002,-1.79390141E-004,-6.91475280E-002
 3.30600000E+001, 0.00000000E+000, 8.88503863E-003,-2.35594092E-002,-2.09326261E-004,-7.98131393E-002
 3.32120000E+001, 0.00000000E+000, 8.95005195E-003,-2.69576631E-002,-2.41272485E-004,-9.09932385E-002
 3.33640000E+001, 0.00000000E+000, 9.01531419E-003,-3.08594647E-002,-2.78207770E-004,-1.03785723E-001
 3.35160000E+001, 0.00000000E+000, 9.07824038E-003,-3.52715037E-002,-3.20203189E-004,-1.18212335E-001
 3.36680000E+001, 0.00000000E+000, 9.13049994E-003,-3.96440458E-002,-3.61969958E-004,-1.32486110E-001
 3.38200000E+001, 0.00000000E+000, 9.18607851E-003,-4.29797923E-002,-3.94815747E-004,-1.43198640E-001
 3.39720000E+001, 0.00000000E+000, 9.25363100E-003,-4.45842691E-002,-4.12566375E-004,-1.48001195E-001
 3.41240000E+001, 0.00000000E+000, 9.33707589E-003,-4.38859103E-002,-4.09766075E-004,-1.45030494E-001
 3.42760000E+001, 0.00000000E+000, 9.38583730E-003,-4.14922609E-002,-3.89439610E-004,-1.36763513E-001
 3.44280000E+001, 0.00000000E+000, 9.42037961E-003,-3.76974931E-002,-3.55124696E-004,-1.24027482E-001
 3.45800000E+001, 0.00000000E+000, 9.44282431E-003,-3.28915962E-002,-3.10589564E-004,-1.08087047E-001
 3.47320000E+001, 0.00000000E+000, 9.45419491E-003,-2.73923213E-002,-2.58972344E-004,-8.99614030E-002
 3.48840000E+001, 0.00000000E+000, 9.45772741E-003,-2.13405996E-002,-2.01833574E-004,-7.00733499E-002
 3.50360000E+001, 0.00000000E+000, 9.45758425E-003,-1.47754309E-002,-1.39739882E-004,-4.85165269E-002
 3.51880000E+001, 0.00000000E+000, 9.45623840E-003,-7.72831296E-003,-7.30807698E-005,-2.53784535E-002
 3.53400000E+001, 0.00000000E+000, 9.45426688E-003,-2.55848698E-004,-2.41886187E-006,-8.40250814E-004
 3.54920000E+001, 0.00000000E+000, 9.45172817E-003, 7.54798920E-003, 7.13415421E-005, 2.47922143E-002
 3.56440000E+001, 0.00000000E+000, 9.44710946E-003, 1.55994570E-002, 1.47369778E-004, 5.12506841E-002
 3.57960000E+001, 0.00000000E+000, 9.43249442E-003, 2.40161854E-002, 2.26532535E-004, 7.89642306E-002
 3.59480000E+001, 0.00000000E+000, 9.40091574E-003, 3.28855779E-002, 3.09154546E-004, 1.08307880E-001
 3.61000000E+001, 0.00000000E+000, 9.36933119E-003, 4.16274622E-002, 3.90021480E-004, 1.37329962E-001
 3.62520000E+001, 0.00000000E+000, 9.33280772E-003, 5.01730767E-002, 4.68255677E-004, 1.65845707E-001
 3.64040000E+001, 0.00000000E+000, 9.28812389E-003, 5.86881721E-002, 5.45103013E-004, 1.94458191E-001
 3.65560000E+001, 0.00000000E+000, 9.23109525E-003, 6.72800859E-002, 6.21068882E-004, 2.23614304E-001
 3.67080000E+001, 0.00000000E+000, 9.15390915E-003, 7.61396938E-002, 6.96975840E-004, 2.54125055E-001
 3.68600000E+001, 0.00000000E+000, 9.05027234E-003, 8.54126625E-002, 7.73007856E-004, 2.86702246E-001
 3.70120000E+001, 0.00000000E+000, 8.91666249E-003, 9.51609444E-002, 8.48518024E-004, 3.21808298E-001
 3.71640000E+001, 0.00000000E+000, 8.74758206E-003, 1.05498212E-001, 9.22854262E-004, 3.60197541E-001
 3.73160000E+001, 0.00000000E+000, 8.53116437E-003, 1.16715192E-001, 9.95716487E-004, 4.03517982E-001
 3.74680000E+001, 0.00000000E+000, 8.24735319E-003, 1.29330766E-001, 1.06663650E-003, 4.54762045E-001
 3.76200000E+001, 0.00000000E+000, 7.85888025E-003, 1.44370526E-001, 1.13459067E-003, 5.20041331E-001
 3.77720000E+001, 0.00000000E+000, 7.34070845E-003, 1.63218500E-001, 1.19813942E-003, 6.08331147E-001
 3.79240000E+001, 0.00000000E+000, 6.73094153E-003, 1.79236902E-001, 1.20643311E-003, 6.97636475E-001
