x, y
1.0508662530976816, 0.002339174168807995
1.117942630808908, 0.02573099438165146
1.162660215949727, 0.044444466256878645
1.162660215949727, 0.06432748595412836
1.229737344233065, 0.08421050565137808
1.2968137219442941, 0.10409360387339102
1.4533260205092688, 0.12280699722385513
1.7216315313541828, 0.1485379916055066
2.0122965853416144, 0.1660818371339483
2.3253211824715665, 0.18479530900917565
2.7724985350239737, 0.20233915453761736
3.1973163444338626, 0.21637427807522855
3.64449369698627, 0.22923977526605413
4.225823804961134, 0.24327482027890227
4.896590584361855, 0.2584795701632992
5.388485522055083, 0.2666666404917457
6.327557812300719, 0.28070176402935704
7.28898814454465, 0.290058460704589
8.272778019931103, 0.30409358424220023
9.41308019388253, 0.31111110674862436
10.553382367833958, 0.32397660393944994
10.866405463819692, 0.32631577810825807
11.268865231231283, 0.32748540445504354
11.67132499864287, 0.32748540445504354
12.185577978334397, 0.32514623028623557
12.588037745745986, 0.31578945508624034
12.923420384874237, 0.30760230623303075
13.281162567145007, 0.2947368090422052
13.750699462839933, 0.27602341569174094
14.041364516827366, 0.2631579185009152
14.24259289938894, 0.25380114330092
14.55561749651889, 0.25380114330092
14.823923007363804, 0.2584795701632992
14.935719221932182, 0.290058460704589
15.02515439221382, 0.3333333006146821
15.159305646492058, 0.3742689663559671
15.226382774775393, 0.40701756176880577
15.338178989343769, 0.4315789298036715
15.427614159625406, 0.4631578988697244
15.852431969035296, 0.4561403763633004
16.008944267600274, 0.44678360116330523
16.18781460816355, 0.4573099241853229
16.344326906728522, 0.4491227753321132
16.679709545856774, 0.4538012021944924
16.903298972705084, 0.4421052528256891
17.350474824113277, 0.4573099241853229
17.618780334958192, 0.4421052528256891
17.95416297408644, 0.4456140533412827
18.28954861550313, 0.42923975563486333
18.53549608434974, 0.4374269044880731
19.00502997775623, 0.42923975563486333
19.18390031831951, 0.4374269044880731
19.31805457488618, 0.41988305895963135
19.541644001734493, 0.43040938198164896
19.74287238429607, 0.4140350842752298
20.03353893942772, 0.4222222331284394
20.122974109709357, 0.40818710959082805
20.391279620554275, 0.41169591010642165
20.749023303969263, 0.39181289040917194
21.35271145394243, 0.39999996073761857
21.822248349637352, 0.38479528937798485
22.783677180737065, 0.3707602443651367
23.163778906150355, 0.3777777668715607
23.901621312690196, 0.357894747174311
24.50530946266336, 0.3555555730055029
25.31022899748654, 0.3415204494678917
26.13750657430802, 0.3286549522770661
27.009503237414535, 0.31812862925504837
28.19452149536256, 0.30643275841100825
29.29010758531739, 0.2947368090422052
30.519844929550455, 0.2830409381981649
31.45891571865187, 0.2713450673541248
31.950810656345098, 0.2619882921541296
32.465063636036625, 0.2654970926697232
32.73337214916997, 0.25614031746972815
33.24762512886151, 0.2608187443321072
33.80659719483806, 0.244444446625688
34.14197983396632, 0.24795324714128147
34.47736247309457, 0.23859647194128641
35.05869258106943, 0.24678362079449587
35.170485793349364, 0.3660818960275206
35.25992096363101, 0.3789473932183463
35.72945785932594, 0.35321639883669503
35.95304728617425, 0.3801169410403687
36.377865095584134, 0.34619879780550783
36.71324773471239, 0.39181289040917194
37.31693588468555, 0.33567247478349005
37.853549908663815, 0.37309941853394457
38.45723805863698, 0.32631577810825807
38.85969782604857, 0.3567251208275254
39.038568166611846, 0.36140346916514154
39.3739508057401, 0.32748540445504354
39.888206787720065, 0.34619879780550783