x, y
1.2849495284726373, -0.001117277514362623
1.3563361902948838, 0.018994467896919838
1.4277220533226835, 0.042458120866565474
1.6656757288764643, 0.07877095285067226
1.9988113539284242, 0.10949720972477713
2.498513193917474, 0.14189945788570144
3.2123734217843745, 0.1826815874654476
3.8310524989475385, 0.2078212317219127
4.592504899755191, 0.2329609134860157
5.61570466620367, 0.2530726213896603
6.662700519122529, 0.26033522529411945
7.733492458511762, 0.2765363118669438
8.613920498904644, 0.28826817585940445
9.803688077879103, 0.2983240485650457
11.01725174332394, 0.30000000234422736
11.778702546542709, 0.3022346323882281
12.325996559472513, 0.28882681461658577
12.682926673405962, 0.2793296181757636
13.206424599865391, 0.2776536268889442
13.39678849886175, 0.298882687322227
13.515764138446974, 0.3346368805491524
13.587150800269217, 0.3608938585814369
13.753718612795195, 0.39944135811718223
13.920286425321175, 0.4446927477849298
14.015467576024912, 0.4782122922140356
14.301011028136116, 0.5083798915771403
14.84830504106592, 0.5139664854409611
15.014872853591902, 0.4927374437614972
15.371802967525351, 0.5039106127353199
15.75252757034029, 0.4972067038494987
16.775728934377657, 0.4944134162944978
17.608564801829786, 0.4715083833282145
18.77453948951164, 0.45418994422575193
20.29744109594917, 0.42960893872646794
21.558596934334762, 0.4078212395360039
23.105293029653783, 0.38659217910272126
24.62819783126909, 0.36312850737925656
26.127304948825135, 0.34413407698997456
27.53123091567744, 0.3307262592183322
29.10172469505573, 0.3083798837630491
30.624629496671034, 0.28938549088140486
32.12373661422708, 0.2743016818229431
33.432481430375645, 0.25865923400729995
34.76502073540571, 0.2446927399708386
35.788222099443075, 0.2491620375664779
36.002378889732036, 0.28826817585940445
36.07376555155428, 0.33966481690197303
36.19274119113951, 0.3899441429225412
36.668650139835954, 0.36256984986825636
37.144555893354635, 0.3407821319239734
38.09637059556975, 0.3340782042843333
38.71504967273292, 0.36424582240125697
39.238547599192344, 0.33687151059315323