6.402835195347674535e+00,9.453150724737298394e-03
6.639101474320536767e+00,2.446710132841955002e-02
7.277022806945152134e+00,2.168670138894700575e-02
7.844063462745282322e+00,3.280815181150184556e-02
8.316597606956264599e+00,4.003702738526156157e-02
8.552865472194387308e+00,5.004630289849382879e-02
9.403425662761950576e+00,4.949025277766636033e-02
1.013585350697570853e+01,5.227057804947134179e-02
1.072652158380575393e+01,4.392952756638897338e-02
1.136444133016511415e+01,4.337347744556150492e-02
1.190785615120058338e+01,3.113992678135187042e-02
1.266390983017900318e+01,3.113992678135187042e-02
1.344359093018733375e+01,3.169597690217933889e-02
1.431778012805007272e+01,3.113992678135187042e-02
1.486119336282028947e+01,4.615380271736641699e-02
1.547548886068024743e+01,4.059311483992285308e-02
1.627879579545323807e+01,3.725670211345665644e-02
1.727111575340451921e+01,3.225202702300666857e-02
1.802717101864819327e+01,2.835952684187932615e-02
1.878322628389187088e+01,1.612597617766961880e-02
1.932663951866208762e+01,1.445782581518721514e-02
