   40.007400421703508      ,         250
X,ZB,H,U,Q,FR
 7.60000000E-002, 0.00000000E+000, 3.48289348E-001, 2.91950114E-003, 1.01683115E-003, 1.57971307E-003
 2.28000000E-001, 0.00000000E+000, 3.47765969E-001, 8.73033672E-003, 3.03611400E-003, 4.72745183E-003
 3.80000000E-001, 0.00000000E+000, 3.47799995E-001, 1.44272025E-002, 5.01778095E-003, 7.81190583E-003
 5.32000000E-001, 0.00000000E+000, 3.47837923E-001, 2.02249294E-002, 7.03499744E-003, 1.09506074E-002
 6.84000000E-001, 0.00000000E+000, 3.47895535E-001, 2.60235451E-002, 9.05347515E-003, 1.40890493E-002
 8.36000000E-001, 0.00000000E+000, 3.47962715E-001, 3.18913212E-002, 1.10969907E-002, 1.72641744E-002
 9.88000000E-001, 0.00000000E+000, 3.48024612E-001, 3.77313415E-002, 1.31314355E-002, 2.04238178E-002
 1.14000000E+000, 0.00000000E+000, 3.48062684E-001, 4.34610587E-002, 1.51271727E-002, 2.35240031E-002
 1.29200000E+000, 0.00000000E+000, 3.48073831E-001, 4.90777656E-002, 1.70826859E-002, 2.65637115E-002
 1.44400000E+000, 0.00000000E+000, 3.48068696E-001, 5.46634379E-002, 1.90266315E-002, 2.95872171E-002
 1.59600000E+000, 0.00000000E+000, 3.48048054E-001, 6.02644611E-002, 2.09749284E-002, 3.26198028E-002
 1.74800000E+000, 0.00000000E+000, 3.48008609E-001, 6.58856664E-002, 2.29287791E-002, 3.56644563E-002
 1.90000000E+000, 0.00000000E+000, 3.47956588E-001, 7.15121698E-002, 2.48831306E-002, 3.87130227E-002
 2.05200000E+000, 0.00000000E+000, 3.47906236E-001, 7.70701468E-002, 2.68131847E-002, 4.17248456E-002
 2.20400000E+000, 0.00000000E+000, 3.47862795E-001, 8.25853582E-002, 2.87283735E-002, 4.47135060E-002
 2.35600000E+000, 0.00000000E+000, 3.47826496E-001, 8.80640103E-002, 3.06309962E-002, 4.76822550E-002
 2.50800000E+000, 0.00000000E+000, 3.47801013E-001, 9.35274061E-002, 3.25289265E-002, 5.06422656E-002
 2.66000000E+000, 0.00000000E+000, 3.47788904E-001, 9.89960133E-002, 3.44297150E-002, 5.36042844E-002
 2.81200000E+000, 0.00000000E+000, 3.47788148E-001, 1.04461363E-001, 3.63304240E-002, 5.65637193E-002
 2.96400000E+000, 0.00000000E+000, 3.47792029E-001, 1.09882616E-001, 3.82162978E-002, 5.94988861E-002
 3.11600000E+000, 0.00000000E+000, 3.47796915E-001, 1.15246016E-001, 4.00822089E-002, 6.24026046E-002
 3.26800000E+000, 0.00000000E+000, 3.47799546E-001, 1.20532034E-001, 4.19209868E-002, 6.52645937E-002
 3.42000000E+000, 0.00000000E+000, 3.47796391E-001, 1.25730264E-001, 4.37285321E-002, 6.80795930E-002
 3.57200000E+000, 0.00000000E+000, 3.47783941E-001, 1.30827323E-001, 4.54996419E-002, 7.08407825E-002
 3.72400000E+000, 0.00000000E+000, 3.47761317E-001, 1.35824739E-001, 4.72345902E-002, 7.35491913E-002
 3.87600000E+000, 0.00000000E+000, 3.47729468E-001, 1.40740361E-001, 4.89395709E-002, 7.62144943E-002
 4.02800000E+000, 0.00000000E+000, 3.47692559E-001, 1.45600124E-001, 5.06240798E-002, 7.88503647E-002
 4.18000000E+000, 0.00000000E+000, 3.47658024E-001, 1.50457135E-001, 5.23076303E-002, 8.14847464E-002
 4.33200000E+000, 0.00000000E+000, 3.47625359E-001, 1.55333520E-001, 5.39978708E-002, 8.41296570E-002
 4.48400000E+000, 0.00000000E+000, 3.47593363E-001, 1.60253237E-001, 5.57029616E-002, 8.67982025E-002
 4.63600000E+000, 0.00000000E+000, 3.47561556E-001, 1.65245169E-001, 5.74328680E-002, 8.95060856E-002
 4.78800000E+000, 0.00000000E+000, 3.47530230E-001, 1.70323664E-001, 5.91926223E-002, 9.22610424E-002
 4.94000000E+000, 0.00000000E+000, 3.47496901E-001, 1.75476908E-001, 6.09776819E-002, 9.50570133E-002
 5.09200000E+000, 0.00000000E+000, 3.47472052E-001, 1.80634657E-001, 6.27654949E-002, 9.78544989E-002
 5.24400000E+000, 0.00000000E+000, 3.47446508E-001, 1.85733681E-001, 6.45325189E-002, 1.00620472E-001
 5.39600000E+000, 0.00000000E+000, 3.47413999E-001, 1.90723374E-001, 6.62599700E-002, 1.03328452E-001
 5.54800000E+000, 0.00000000E+000, 3.47367042E-001, 1.95563688E-001, 6.79323800E-002, 1.05957956E-001
 5.70000000E+000, 0.00000000E+000, 3.47299158E-001, 2.00223565E-001, 6.95374756E-002, 1.08493316E-001
 5.85200000E+000, 0.00000000E+000, 3.47206986E-001, 2.04689146E-001, 7.10695016E-002, 1.10927761E-001
 6.00400000E+000, 0.00000000E+000, 3.47092628E-001, 2.08973161E-001, 7.25330436E-002, 1.13268063E-001
 6.15600000E+000, 0.00000000E+000, 3.46960531E-001, 2.13109463E-001, 7.39405725E-002, 1.15532017E-001
 6.30800000E+000, 0.00000000E+000, 3.46828172E-001, 2.17184691E-001, 7.53257693E-002, 1.17763765E-001
 6.46000000E+000, 0.00000000E+000, 3.46700939E-001, 2.21254839E-001, 7.67092604E-002, 1.19992728E-001
 6.61200000E+000, 0.00000000E+000, 3.46577002E-001, 2.25324811E-001, 7.80923974E-002, 1.22221836E-001
 6.76400000E+000, 0.00000000E+000, 3.46454785E-001, 2.29404540E-001, 7.94783006E-002, 1.24456730E-001
 6.91600000E+000, 0.00000000E+000, 3.46334205E-001, 2.33503186E-001, 8.08701405E-002, 1.26702381E-001
 7.06800000E+000, 0.00000000E+000, 3.46216604E-001, 2.37625763E-001, 8.22699848E-002, 1.28961251E-001
 7.22000000E+000, 0.00000000E+000, 3.46104274E-001, 2.41773005E-001, 8.36786705E-002, 1.31233281E-001
 7.37200000E+000, 0.00000000E+000, 3.45999795E-001, 2.45946165E-001, 8.50973229E-002, 1.33518607E-001
 7.52400000E+000, 0.00000000E+000, 3.45905697E-001, 2.50152435E-001, 8.65291523E-002, 1.35820566E-001
 7.67600000E+000, 0.00000000E+000, 3.45824203E-001, 2.54406287E-001, 8.79798514E-002, 1.38146474E-001
 7.82800000E+000, 0.00000000E+000, 3.45755460E-001, 2.58722442E-001, 8.94546969E-002, 1.40504177E-001
 7.98000000E+000, 0.00000000E+000, 3.45696776E-001, 2.63084352E-001, 9.09474121E-002, 1.42885122E-001
 8.13200000E+000, 0.00000000E+000, 3.45637228E-001, 2.67449506E-001, 9.24405061E-002, 1.45268416E-001
 8.28400000E+000, 0.00000000E+000, 3.45567629E-001, 2.71796889E-001, 9.39242066E-002, 1.47644616E-001
 8.43600000E+000, 0.00000000E+000, 3.45480737E-001, 2.76112058E-001, 9.53913973E-002, 1.50007548E-001
 8.58800000E+000, 0.00000000E+000, 3.45371039E-001, 2.80395474E-001, 9.68404760E-002, 1.52358855E-001
 8.74000000E+000, 0.00000000E+000, 3.45239891E-001, 2.84659042E-001, 9.82756568E-002, 1.54704931E-001
 8.89200000E+000, 0.00000000E+000, 3.45096251E-001, 2.88913155E-001, 9.97028467E-002, 1.57049608E-001
 9.04400000E+000, 0.00000000E+000, 3.44953145E-001, 2.93111933E-001, 1.01109883E-001, 1.59365057E-001
 9.19600000E+000, 0.00000000E+000, 3.44821265E-001, 2.97316572E-001, 1.02521077E-001, 1.61682031E-001
 9.34800000E+000, 0.00000000E+000, 3.44701374E-001, 3.01546209E-001, 1.03943393E-001, 1.64010640E-001
 9.50000000E+000, 0.00000000E+000, 3.44590116E-001, 3.05789520E-001, 1.05372046E-001, 1.66345420E-001
 9.65200000E+000, 0.00000000E+000, 3.44482693E-001, 3.10041402E-001, 1.06803897E-001, 1.68684682E-001
 9.80400000E+000, 0.00000000E+000, 3.44377137E-001, 3.14313584E-001, 1.08242412E-001, 1.71035261E-001
 9.95600000E+000, 0.00000000E+000, 3.44273358E-001, 3.18623714E-001, 1.09693656E-001, 1.73406769E-001
 1.01080000E+001, 0.00000000E+000, 3.44173487E-001, 3.22986686E-001, 1.11163454E-001, 1.75806761E-001
 1.02600000E+001, 0.00000000E+000, 3.44081490E-001, 3.27406241E-001, 1.12654427E-001, 1.78236217E-001
 1.04120000E+001, 0.00000000E+000, 3.43998584E-001, 3.31873529E-001, 1.14164024E-001, 1.80689928E-001
 1.05640000E+001, 0.00000000E+000, 3.43923775E-001, 3.36353858E-001, 1.15680089E-001, 1.83149178E-001
 1.07160000E+001, 0.00000000E+000, 3.43846630E-001, 3.40802577E-001, 1.17183817E-001, 1.85592380E-001
 1.08680000E+001, 0.00000000E+000, 3.43760095E-001, 3.45193207E-001, 1.18663649E-001, 1.88007065E-001
 1.10200000E+001, 0.00000000E+000, 3.43658346E-001, 3.49507046E-001, 1.20111013E-001, 1.90384745E-001
 1.11720000E+001, 0.00000000E+000, 3.43539510E-001, 3.53745667E-001, 1.21525613E-001, 1.92726947E-001
 1.13240000E+001, 0.00000000E+000, 3.43406479E-001, 3.57931619E-001, 1.22916037E-001, 1.95045296E-001
 1.14760000E+001, 0.00000000E+000, 3.43267044E-001, 3.62108004E-001, 1.24299744E-001, 1.97361178E-001
 1.16280000E+001, 0.00000000E+000, 3.43124870E-001, 3.66311136E-001, 1.25690461E-001, 1.99693386E-001
 1.17800000E+001, 0.00000000E+000, 3.42983471E-001, 3.70562556E-001, 1.27096832E-001, 2.02052671E-001
 1.19320000E+001, 0.00000000E+000, 3.42842622E-001, 3.74855795E-001, 1.28516544E-001, 2.04435580E-001
 1.20840000E+001, 0.00000000E+000, 3.42699323E-001, 3.79177707E-001, 1.29943944E-001, 2.06835858E-001
 1.22360000E+001, 0.00000000E+000, 3.42549624E-001, 3.83512327E-001, 1.31372003E-001, 2.09246036E-001
 1.23880000E+001, 0.00000000E+000, 3.42388820E-001, 3.87841463E-001, 1.32792581E-001, 2.11657717E-001
 1.25400000E+001, 0.00000000E+000, 3.42216033E-001, 3.92147666E-001, 1.34199219E-001, 2.14061772E-001
 1.26920000E+001, 0.00000000E+000, 3.42033942E-001, 3.96417931E-001, 1.35588388E-001, 2.16450377E-001
 1.28440000E+001, 0.00000000E+000, 3.41845428E-001, 4.00647877E-001, 1.36959645E-001, 2.18820304E-001
 1.29960000E+001, 0.00000000E+000, 3.41653560E-001, 4.04841044E-001, 1.38315384E-001, 2.21172547E-001
 1.31480000E+001, 0.00000000E+000, 3.41460100E-001, 4.08992133E-001, 1.39654495E-001, 2.23503656E-001
 1.33000000E+001, 0.00000000E+000, 3.41270297E-001, 4.13117104E-001, 1.40984597E-001, 2.25820617E-001
 1.34520000E+001, 0.00000000E+000, 3.41087794E-001, 4.17224605E-001, 1.42310220E-001, 2.28126891E-001
 1.36040000E+001, 0.00000000E+000, 3.40913411E-001, 4.21311633E-001, 1.43630786E-001, 2.30420474E-001
 1.37560000E+001, 0.00000000E+000, 3.40747005E-001, 4.25376172E-001, 1.44945656E-001, 2.32700220E-001
 1.39080000E+001, 0.00000000E+000, 3.40590527E-001, 4.29433978E-001, 1.46261145E-001, 2.34973984E-001
 1.40600000E+001, 0.00000000E+000, 3.40443805E-001, 4.33500661E-001, 1.47582615E-001, 2.37250264E-001
 1.42120000E+001, 0.00000000E+000, 3.40305972E-001, 4.37597208E-001, 1.48916943E-001, 2.39540756E-001
 1.43640000E+001, 0.00000000E+000, 3.40176970E-001, 4.41753803E-001, 1.50274470E-001, 2.41861923E-001
 1.45160000E+001, 0.00000000E+000, 3.40055819E-001, 4.45987973E-001, 1.51660805E-001, 2.44223640E-001
 1.46680000E+001, 0.00000000E+000, 3.39934513E-001, 4.50278290E-001, 1.53065131E-001, 2.46617015E-001
 1.48200000E+001, 0.00000000E+000, 3.39804279E-001, 4.54612217E-001, 1.54479177E-001, 2.49038413E-001
 1.49720000E+001, 0.00000000E+000, 3.39660647E-001, 4.58951383E-001, 1.55887724E-001, 2.51468578E-001
 1.51240000E+001, 0.00000000E+000, 3.39499182E-001, 4.63237054E-001, 1.57268601E-001, 2.53877132E-001
 1.52760000E+001, 0.00000000E+000, 3.39319522E-001, 4.67419931E-001, 1.58604707E-001, 2.56237366E-001
 1.54280000E+001, 0.00000000E+000, 3.39125094E-001, 4.71489001E-001, 1.59893752E-001, 2.58542093E-001
 1.55800000E+001, 0.00000000E+000, 3.38919570E-001, 4.75452733E-001, 1.61140236E-001, 2.60794654E-001
 1.57320000E+001, 0.00000000E+000, 3.38717410E-001, 4.79384179E-001, 1.62375768E-001, 2.63029583E-001
 1.58840000E+001, 0.00000000E+000, 3.38523928E-001, 4.83342930E-001, 1.63623147E-001, 2.65277455E-001
 1.60360000E+001, 0.00000000E+000, 3.38340310E-001, 4.87364925E-001, 1.64895200E-001, 2.67557456E-001
 1.61880000E+001, 0.00000000E+000, 3.38165330E-001, 4.91473376E-001, 1.66199256E-001, 2.69882742E-001
 1.63400000E+001, 0.00000000E+000, 3.37994529E-001, 4.95672037E-001, 1.67534437E-001, 2.72257118E-001
 1.64920000E+001, 0.00000000E+000, 3.37822110E-001, 4.99959087E-001, 1.68897234E-001, 2.74681930E-001
 1.66440000E+001, 0.00000000E+000, 3.37650617E-001, 5.04287631E-001, 1.70273030E-001, 2.77130420E-001
 1.67960000E+001, 0.00000000E+000, 3.37490919E-001, 5.08618690E-001, 1.71654189E-001, 2.79576670E-001
 1.69480000E+001, 0.00000000E+000, 3.37338636E-001, 5.12904482E-001, 1.73022499E-001, 2.81996105E-001
 1.71000000E+001, 0.00000000E+000, 3.37193826E-001, 5.17121025E-001, 1.74370017E-001, 2.84375414E-001
 1.72520000E+001, 0.00000000E+000, 3.37051418E-001, 5.21237189E-001, 1.75683734E-001, 2.86699525E-001
 1.74040000E+001, 0.00000000E+000, 3.36906172E-001, 5.25248273E-001, 1.76959385E-001, 2.88968037E-001
 1.75560000E+001, 0.00000000E+000, 3.36750960E-001, 5.29160649E-001, 1.78195357E-001, 2.91187534E-001
 1.77080000E+001, 0.00000000E+000, 3.36576338E-001, 5.32985140E-001, 1.79390187E-001, 2.93368155E-001
 1.78600000E+001, 0.00000000E+000, 3.36386447E-001, 5.36762437E-001, 1.80559609E-001, 2.95530650E-001
 1.80120000E+001, 0.00000000E+000, 3.36185380E-001, 5.40579859E-001, 1.81735045E-001, 2.97721438E-001
 1.81640000E+001, 0.00000000E+000, 3.35982553E-001, 5.44457645E-001, 1.82928270E-001, 2.99947603E-001
 1.83160000E+001, 0.00000000E+000, 3.35791889E-001, 5.48417284E-001, 1.84154076E-001, 3.02214774E-001
 1.84680000E+001, 0.00000000E+000, 3.35625580E-001, 5.52462439E-001, 1.85420527E-001, 3.04519346E-001
 1.86200000E+001, 0.00000000E+000, 3.35488079E-001, 5.56589721E-001, 1.86729216E-001, 3.06857183E-001
 1.87720000E+001, 0.00000000E+000, 3.35379304E-001, 5.60805563E-001, 1.88082579E-001, 3.09231582E-001
 1.89240000E+001, 0.00000000E+000, 3.35280680E-001, 5.65012677E-001, 1.89437835E-001, 3.11597229E-001
 1.90760000E+001, 0.00000000E+000, 3.35173280E-001, 5.69172370E-001, 1.90771370E-001, 3.13941532E-001
 1.92280000E+001, 0.00000000E+000, 3.35043157E-001, 5.73274849E-001, 1.92071815E-001, 3.16265757E-001
 1.93800000E+001, 0.00000000E+000, 3.34876435E-001, 5.77308238E-001, 1.93326925E-001, 3.18570179E-001
 1.95320000E+001, 0.00000000E+000, 3.34664567E-001, 5.81273931E-001, 1.94531788E-001, 3.20860044E-001
 1.96840000E+001, 0.00000000E+000, 3.34420411E-001, 5.85177443E-001, 1.95695281E-001, 3.23132653E-001
 1.98360000E+001, 0.00000000E+000, 3.34158958E-001, 5.88964108E-001, 1.96807632E-001, 3.25350841E-001
 1.99880000E+001, 0.00000000E+000, 3.33906022E-001, 5.92700585E-001, 1.97906295E-001, 3.27538901E-001
 2.01400000E+001, 0.00000000E+000, 3.33679284E-001, 5.96498947E-001, 1.99039342E-001, 3.29749934E-001
 2.02920000E+001, 0.00000000E+000, 3.33487237E-001, 6.00454045E-001, 2.00243760E-001, 3.32031911E-001
 2.04440000E+001, 0.00000000E+000, 3.33328244E-001, 6.04621838E-001, 2.01537535E-001, 3.34416295E-001
 2.05960000E+001, 0.00000000E+000, 3.33194854E-001, 6.09002385E-001, 2.02916461E-001, 3.36906593E-001
 2.07480000E+001, 0.00000000E+000, 3.33076001E-001, 6.13515194E-001, 2.04347187E-001, 3.39463677E-001
 2.09000000E+001, 0.00000000E+000, 3.32971090E-001, 6.18043171E-001, 2.05790508E-001, 3.42022917E-001
 2.10520000E+001, 0.00000000E+000, 3.32861232E-001, 6.22444937E-001, 2.07187789E-001, 3.44515677E-001
 2.12040000E+001, 0.00000000E+000, 3.32731725E-001, 6.26659387E-001, 2.08509459E-001, 3.46915818E-001
 2.13560000E+001, 0.00000000E+000, 3.32567705E-001, 6.30697039E-001, 2.09749467E-001, 3.49237133E-001
 2.15080000E+001, 0.00000000E+000, 3.32355520E-001, 6.34639377E-001, 2.10925900E-001, 3.51532292E-001
 2.16600000E+001, 0.00000000E+000, 3.32107947E-001, 6.38555718E-001, 2.12069429E-001, 3.53833397E-001
 2.18120000E+001, 0.00000000E+000, 3.31861637E-001, 6.42234042E-001, 2.13132841E-001, 3.56003654E-001
 2.19640000E+001, 0.00000000E+000, 3.31651261E-001, 6.45645467E-001, 2.14129133E-001, 3.58008170E-001
 2.21160000E+001, 0.00000000E+000, 3.31497671E-001, 6.48914682E-001, 2.15113706E-001, 3.59904286E-001
 2.22680000E+001, 0.00000000E+000, 3.31398972E-001, 6.52208830E-001, 2.16141336E-001, 3.61785165E-001
 2.24200000E+001, 0.00000000E+000, 3.31321145E-001, 6.55587687E-001, 2.17210063E-001, 3.63702151E-001
 2.25720000E+001, 0.00000000E+000, 3.31234698E-001, 6.59097214E-001, 2.18315867E-001, 3.65696852E-001
 2.27240000E+001, 0.00000000E+000, 3.31168496E-001, 6.62492828E-001, 2.19396754E-001, 3.67617631E-001
 2.28760000E+001, 0.00000000E+000, 3.31286523E-001, 6.65477538E-001, 2.20463740E-001, 3.69208062E-001
 2.30280000E+001, 0.00000000E+000, 3.31638614E-001, 6.66933384E-001, 2.21180863E-001, 3.69819298E-001
 2.31800000E+001, 0.00000000E+000, 3.32193280E-001, 6.66943331E-001, 2.21554093E-001, 3.69515935E-001
 2.33320000E+001, 0.00000000E+000, 3.33096144E-001, 6.65406876E-001, 2.21644465E-001, 3.68164695E-001
 2.34840000E+001, 0.00000000E+000, 3.34789005E-001, 6.59733628E-001, 2.20871565E-001, 3.64101684E-001
 2.36360000E+001, 0.00000000E+000, 3.37770589E-001, 6.47160513E-001, 2.18591788E-001, 3.55582806E-001
 2.37880000E+001, 0.00000000E+000, 3.41776414E-001, 6.28991408E-001, 2.14974428E-001, 3.43568491E-001
 2.39400000E+001, 0.00000000E+000, 3.45405633E-001, 6.13430912E-001, 2.11882492E-001, 3.33304063E-001
 2.40920000E+001, 0.00000000E+000, 3.48503490E-001, 5.99239229E-001, 2.08836963E-001, 3.24142763E-001
 2.42440000E+001, 0.00000000E+000, 3.51427416E-001, 5.86112224E-001, 2.05975904E-001, 3.15720381E-001
 2.43960000E+001, 0.00000000E+000, 3.54210726E-001, 5.73350990E-001, 2.03087070E-001, 3.07630486E-001
 2.45480000E+001, 0.00000000E+000, 3.56986974E-001, 5.61349891E-001, 2.00394599E-001, 3.00017865E-001
 2.47000000E+001, 0.00000000E+000, 3.59731309E-001, 5.49800930E-001, 1.97780609E-001, 2.92722435E-001
 2.48520000E+001, 0.00000000E+000, 3.62542233E-001, 5.38655374E-001, 1.95285322E-001, 2.85674420E-001
 2.50040000E+001, 0.00000000E+000, 3.65282374E-001, 5.27468016E-001, 1.92674769E-001, 2.78690029E-001
 2.51560000E+001, 0.00000000E+000, 3.68169287E-001, 5.17789524E-001, 1.90634200E-001, 2.72501652E-001
 2.53080000E+001, 0.00000000E+000, 3.70271254E-001, 5.06476100E-001, 1.87533541E-001, 2.65789987E-001
 2.54600000E+001, 0.00000000E+000, 3.73893621E-001, 5.04899433E-001, 1.88778677E-001, 2.63675946E-001
 2.56120000E+001, 1.49333333E-002, 3.62125070E-001, 5.02138407E-001, 1.81836906E-001, 2.66461092E-001
 2.57640000E+001, 3.52000000E-002, 3.41728650E-001, 5.23841230E-001, 1.79011556E-001, 2.86153222E-001
 2.59160000E+001, 5.54666667E-002, 3.23040344E-001, 5.44967384E-001, 1.76046451E-001, 3.06183503E-001
 2.60680000E+001, 7.57333333E-002, 3.04211145E-001, 5.68307273E-001, 1.72885406E-001, 3.29029860E-001
 2.62200000E+001, 9.60000000E-002, 2.85579949E-001, 5.93280396E-001, 1.69428986E-001, 3.54515967E-001
 2.63720000E+001, 1.16266667E-001, 2.67259340E-001, 6.19478636E-001, 1.65561452E-001, 3.82648087E-001
 2.65240000E+001, 1.36533333E-001, 2.49357399E-001, 6.46505405E-001, 1.61210906E-001, 4.13428765E-001
 2.66760000E+001, 1.56800000E-001, 2.31863326E-001, 6.74174744E-001, 1.56316399E-001, 4.47091184E-001
 2.68280000E+001, 1.77066667E-001, 2.14795888E-001, 7.02118023E-001, 1.50812064E-001, 4.83767623E-001
 2.69800000E+001, 1.97333333E-001, 1.98211783E-001, 7.29770633E-001, 1.44649138E-001, 5.23433250E-001
 2.71320000E+001, 2.17600000E-001, 1.82117099E-001, 7.56363204E-001, 1.37746673E-001, 5.65971666E-001
 2.72840000E+001, 2.37866667E-001, 1.66632324E-001, 7.82453137E-001, 1.30381985E-001, 6.12094347E-001
 2.74360000E+001, 2.58133333E-001, 1.51808879E-001, 8.08396974E-001, 1.22721838E-001, 6.62545566E-001
 2.75880000E+001, 2.78400000E-001, 1.37792076E-001, 8.33993058E-001, 1.14917635E-001, 7.17447247E-001
 2.77400000E+001, 2.98666667E-001, 1.24662737E-001, 8.61348457E-001, 1.07378056E-001, 7.79022874E-001
 2.78920000E+001, 3.18933333E-001, 1.11964943E-001, 8.88696376E-001, 9.95028386E-002, 8.48109713E-001
 2.80440000E+001, 3.39200000E-001, 1.00114064E-001, 9.19673492E-001, 9.20722509E-002, 9.28166270E-001
 2.81960000E+001, 3.59466667E-001, 8.47697861E-002, 9.45304375E-001, 8.01332497E-002, 1.03678996E+000
 2.83480000E+001, 3.79733333E-001, 8.99978082E-002, 8.53718070E-001, 7.68327551E-002, 9.08736906E-001
 2.85000000E+001, 4.00000000E-001, 6.13248769E-002, 1.09711613E+000, 6.72805119E-002, 1.41473116E+000
 2.86520000E+001, 3.79733333E-001, 4.13255567E-002, 1.47456341E+000, 6.09371540E-002, 2.31629439E+000
 2.88040000E+001, 3.59466667E-001, 3.54434365E-002, 1.71294525E+000, 6.07126664E-002, 2.90546220E+000
 2.89560000E+001, 3.39200000E-001, 2.82275070E-002, 1.73398433E+000, 4.89460547E-002, 3.29570677E+000
 2.91080000E+001, 3.18933333E-001, 2.20252485E-002, 1.65366239E+000, 3.64223251E-002, 3.55816512E+000
 2.92600000E+001, 2.98666667E-001, 1.76121596E-002, 1.54214151E+000, 2.71604424E-002, 3.71071483E+000
 2.94120000E+001, 2.78400000E-001, 1.18566832E-002, 1.34877839E+000, 1.59920381E-002, 3.95547505E+000
 2.95640000E+001, 2.58133333E-001, 6.20914621E-003, 1.03455194E+000, 6.42368423E-003, 4.19252840E+000
 2.97160000E+001, 2.37866667E-001, 2.47125067E-003, 5.72009844E-001, 1.41357971E-003, 3.67438587E+000
 2.98680000E+001, 2.17600000E-001, 1.09806164E-003, 1.24384764E-001, 1.36582138E-004, 1.19865302E+000
 3.00200000E+001, 1.97333333E-001, 9.40836284E-004, 4.18043461E-002, 3.93310457E-005, 4.35215210E-001
 3.01720000E+001, 1.77066667E-001, 1.01647501E-003, 4.49560483E-002, 4.56966995E-005, 4.50276660E-001
 3.03240000E+001, 1.56800000E-001, 1.10006647E-003, 4.94870436E-002, 5.44390375E-005, 4.76454796E-001
 3.04760000E+001, 1.36533333E-001, 1.18300666E-003, 5.40527165E-002, 6.39447235E-005, 5.01838053E-001
 3.06280000E+001, 1.16266667E-001, 1.26516992E-003, 5.86336150E-002, 7.41814859E-005, 5.26395176E-001
 3.07800000E+001, 9.60000000E-002, 1.34655461E-003, 6.32245520E-002, 8.51353122E-005, 5.50190938E-001
 3.09320000E+001, 7.57333333E-002, 1.42715929E-003, 6.78210145E-002, 9.67913912E-005, 5.73281221E-001
 3.10840000E+001, 5.54666667E-002, 1.50698222E-003, 7.24188563E-002, 1.09133929E-004, 5.95713245E-001
 3.12360000E+001, 3.52000000E-002, 1.58637223E-003, 7.70120477E-002, 1.22169773E-004, 6.17441449E-001
 3.13880000E+001, 1.49333333E-002, 1.73977840E-003, 8.10903854E-002, 1.41079301E-004, 6.20814792E-001
 3.15400000E+001, 0.00000000E+000, 8.07505839E-003, 2.71548316E-002, 2.19276850E-004, 9.64970276E-002
 3.16920000E+001, 0.00000000E+000, 8.43913918E-003, 1.16095063E-002, 9.79742393E-005, 4.03556489E-002
 3.18440000E+001, 0.00000000E+000, 8.49519232E-003, 7.45397580E-003, 6.33229579E-005, 2.58250416E-002
 3.19960000E+001, 0.00000000E+000, 8.55490279E-003, 3.46755059E-003, 2.96645582E-005, 1.19716752E-002
 3.21480000E+001, 0.00000000E+000, 8.61828108E-003,-3.07827552E-004,-2.65294437E-006,-1.05885580E-003
 3.23000000E+001, 0.00000000E+000, 8.68091687E-003,-3.96339533E-003,-3.44059053E-005,-1.35838930E-002
 3.24520000E+001, 0.00000000E+000, 8.73984390E-003,-7.64340236E-003,-6.68021435E-005,-2.61080564E-002
 3.26040000E+001, 0.00000000E+000, 8.79752560E-003,-1.12570238E-002,-9.90339554E-005,-3.83250716E-002
 3.27560000E+001, 0.00000000E+000, 8.85670721E-003,-1.47244065E-002,-1.30409757E-004,-4.99621723E-002
 3.29080000E+001, 0.00000000E+000, 8.92107327E-003,-1.79265852E-002,-1.59924380E-004,-6.06078217E-002
 3.30600000E+001, 0.00000000E+000, 8.99457776E-003,-2.08468171E-002,-1.87508317E-004,-7.01922273E-002
 3.32120000E+001, 0.00000000E+000, 9.06924403E-003,-2.37480941E-002,-2.15377261E-004,-7.96311297E-002
 3.33640000E+001, 0.00000000E+000, 9.14415598E-003,-2.71998107E-002,-2.48719312E-004,-9.08309231E-002
 3.35160000E+001, 0.00000000E+000, 9.21411340E-003,-3.15401528E-002,-2.90614545E-004,-1.04924444E-001
 3.36680000E+001, 0.00000000E+000, 9.26889971E-003,-3.64487889E-002,-3.37840169E-004,-1.20895092E-001
 3.38200000E+001, 0.00000000E+000, 9.30191308E-003,-4.10200054E-002,-3.81564524E-004,-1.35815468E-001
 3.39720000E+001, 0.00000000E+000, 9.33097373E-003,-4.39974585E-002,-4.10539130E-004,-1.45446664E-001
 3.41240000E+001, 0.00000000E+000, 9.37742881E-003,-4.48349716E-002,-4.20436754E-004,-1.47847733E-001
 3.42760000E+001, 0.00000000E+000, 9.41200675E-003,-4.30278258E-002,-4.04978187E-004,-1.41627616E-001
 3.44280000E+001, 0.00000000E+000, 9.43705736E-003,-3.94876783E-002,-3.72647485E-004,-1.29802471E-001
 3.45800000E+001, 0.00000000E+000, 9.45391514E-003,-3.47842285E-002,-3.28847145E-004,-1.14239471E-001
 3.47320000E+001, 0.00000000E+000, 9.46238046E-003,-2.92660575E-002,-2.76926571E-004,-9.60735143E-002
 3.48840000E+001, 0.00000000E+000, 9.46541231E-003,-2.30823652E-002,-2.18484103E-004,-7.57617849E-002
 3.50360000E+001, 0.00000000E+000, 9.46572583E-003,-1.63091699E-002,-1.54378131E-004,-5.35296685E-002
 3.51880000E+001, 0.00000000E+000, 9.46463166E-003,-8.99106143E-003,-8.50970847E-005,-2.95120084E-002
 3.53400000E+001, 0.00000000E+000, 9.46246330E-003,-1.17891940E-003,-1.11554816E-005,-3.87009539E-003
 3.54920000E+001, 0.00000000E+000, 9.45923827E-003, 7.01546064E-003, 6.63609137E-005, 2.30339154E-002
 3.56440000E+001, 0.00000000E+000, 9.45153163E-003, 1.55195675E-002, 1.46683683E-004, 5.09762842E-002
 3.57960000E+001, 0.00000000E+000, 9.42633963E-003, 2.45770731E-002, 2.31671839E-004, 8.08347834E-002
 3.59480000E+001, 0.00000000E+000, 9.39523047E-003, 3.37514954E-002, 3.17103078E-004, 1.11193387E-001
 3.61000000E+001, 0.00000000E+000, 9.36711090E-003, 4.25041477E-002, 3.98141065E-004, 1.40238785E-001
 3.62520000E+001, 0.00000000E+000, 9.33375754E-003, 5.10692750E-002, 4.76668231E-004, 1.68799476E-001
 3.64040000E+001, 0.00000000E+000, 9.29051504E-003, 5.95982722E-002, 5.53698645E-004, 1.97448315E-001
 3.65560000E+001, 0.00000000E+000, 9.23252271E-003, 6.82244006E-002, 6.29883328E-004, 2.26735329E-001
 3.67080000E+001, 0.00000000E+000, 9.15078706E-003, 7.72051002E-002, 7.06487432E-004, 2.57724927E-001
 3.68600000E+001, 0.00000000E+000, 9.03902469E-003, 8.66991563E-002, 7.83675814E-004, 2.91201591E-001
 3.70120000E+001, 0.00000000E+000, 8.89567184E-003, 9.66975821E-002, 8.60189958E-004, 3.27390367E-001
 3.71640000E+001, 0.00000000E+000, 8.71675121E-003, 1.07256704E-001, 9.34930004E-004, 3.66848527E-001
 3.73160000E+001, 0.00000000E+000, 8.48895167E-003, 1.18713263E-001, 1.00775115E-003, 4.11445077E-001
 3.74680000E+001, 0.00000000E+000, 8.18614618E-003, 1.31775599E-001, 1.07873432E-003, 4.65087760E-001
 3.76200000E+001, 0.00000000E+000, 7.76142318E-003, 1.47746483E-001, 1.14672298E-003, 5.35532866E-001
 3.77720000E+001, 0.00000000E+000, 7.11960727E-003, 1.69676288E-001, 1.20802853E-003, 6.42144539E-001
 3.79240000E+001, 0.00000000E+000, 6.23735693E-003, 1.90356650E-001, 1.18732237E-003, 7.69675060E-001
