   40.003815856852867      ,         250
X,ZB,H,U,Q,FR
 7.60000000E-002, 0.00000000E+000, 3.49238223E-001, 2.88123584E-003, 1.00623769E-003, 1.55688876E-003
 2.28000000E-001, 0.00000000E+000, 3.48697988E-001, 8.63164034E-003, 3.00983562E-003, 4.66775738E-003
 3.80000000E-001, 0.00000000E+000, 3.48701732E-001, 1.43613920E-002, 5.00784226E-003, 7.76621022E-003
 5.32000000E-001, 0.00000000E+000, 3.48707525E-001, 2.00933612E-002, 7.00670624E-003, 1.08657971E-002
 6.84000000E-001, 0.00000000E+000, 3.48712963E-001, 2.58179821E-002, 9.00306504E-003, 1.39613659E-002
 8.36000000E-001, 0.00000000E+000, 3.48715484E-001, 3.15212269E-002, 1.09919399E-002, 1.70453984E-002
 9.88000000E-001, 0.00000000E+000, 3.48715585E-001, 3.72052460E-002, 1.29740491E-002, 2.01190820E-002
 1.14000000E+000, 0.00000000E+000, 3.48712952E-001, 4.28718041E-002, 1.49499534E-002, 2.31834134E-002
 1.29200000E+000, 0.00000000E+000, 3.48706916E-001, 4.85145985E-002, 1.69173760E-002, 2.62350453E-002
 1.44400000E+000, 0.00000000E+000, 3.48698041E-001, 5.41333004E-002, 1.88761758E-002, 2.92738208E-002
 1.59600000E+000, 0.00000000E+000, 3.48687117E-001, 5.97288521E-002, 2.08266812E-002, 3.23002494E-002
 1.74800000E+000, 0.00000000E+000, 3.48674821E-001, 6.53013518E-002, 2.27689371E-002, 3.53143760E-002
 1.90000000E+000, 0.00000000E+000, 3.48661676E-001, 7.08498844E-002, 2.47026394E-002, 3.83156942E-002
 2.05200000E+000, 0.00000000E+000, 3.48647945E-001, 7.63723097E-002, 2.66270488E-002, 4.13030410E-002
 2.20400000E+000, 0.00000000E+000, 3.48633567E-001, 8.18651202E-002, 2.85409289E-002, 4.42745303E-002
 2.35600000E+000, 0.00000000E+000, 3.48618214E-001, 8.73238593E-002, 3.04426879E-002, 4.72277813E-002
 2.50800000E+000, 0.00000000E+000, 3.48601429E-001, 9.27439709E-002, 3.23306807E-002, 5.01603737E-002
 2.66000000E+000, 0.00000000E+000, 3.48582763E-001, 9.81216623E-002, 3.42035201E-002, 5.30703072E-002
 2.81200000E+000, 0.00000000E+000, 3.48561864E-001, 1.03454514E-001, 3.60602981E-002, 5.59563229E-002
 2.96400000E+000, 0.00000000E+000, 3.48538519E-001, 1.08741775E-001, 3.79006974E-002, 5.88180588E-002
 3.11600000E+000, 0.00000000E+000, 3.48512666E-001, 1.13984372E-001, 3.97249974E-002, 6.16560484E-002
 3.26800000E+000, 0.00000000E+000, 3.48484353E-001, 1.19184644E-001, 4.15339836E-002, 6.44715811E-002
 3.42000000E+000, 0.00000000E+000, 3.48453681E-001, 1.24345903E-001, 4.33287876E-002, 6.72664658E-002
 3.57200000E+000, 0.00000000E+000, 3.48420731E-001, 1.29471921E-001, 4.51107013E-002, 7.00427607E-002
 3.72400000E+000, 0.00000000E+000, 3.48385524E-001, 1.34566453E-001, 4.68810043E-002, 7.28025204E-002
 3.87600000E+000, 0.00000000E+000, 3.48348009E-001, 1.39632831E-001, 4.86408186E-002, 7.55475760E-002
 4.02800000E+000, 0.00000000E+000, 3.48308094E-001, 1.44673571E-001, 5.03909759E-002, 7.82793258E-002
 4.18000000E+000, 0.00000000E+000, 3.48265664E-001, 1.49689989E-001, 5.21318833E-002, 8.09985202E-002
 4.33200000E+000, 0.00000000E+000, 3.48220585E-001, 1.54681822E-001, 5.38633946E-002, 8.37050610E-002
 4.48400000E+000, 0.00000000E+000, 3.48172695E-001, 1.59647008E-001, 5.55847290E-002, 8.63978803E-002
 4.63600000E+000, 0.00000000E+000, 3.48121776E-001, 1.64581742E-001, 5.72944884E-002, 8.90749769E-002
 4.78800000E+000, 0.00000000E+000, 3.48067555E-001, 1.69480911E-001, 5.89908064E-002, 9.17336506E-002
 4.94000000E+000, 0.00000000E+000, 3.48009732E-001, 1.74338834E-001, 6.06716110E-002, 9.43709010E-002
 5.09200000E+000, 0.00000000E+000, 3.47948044E-001, 1.79150136E-001, 6.23349394E-002, 9.69838904E-002
 5.24400000E+000, 0.00000000E+000, 3.47882343E-001, 1.83910527E-001, 6.39792251E-002, 9.95703550E-002
 5.39600000E+000, 0.00000000E+000, 3.47812641E-001, 1.88617419E-001, 6.56035228E-002, 1.02128929E-001
 5.54800000E+000, 0.00000000E+000, 3.47739100E-001, 1.93270366E-001, 6.72076632E-002, 1.04659382E-001
 5.70000000E+000, 0.00000000E+000, 3.47661992E-001, 1.97871100E-001, 6.87922608E-002, 1.07162644E-001
 5.85200000E+000, 0.00000000E+000, 3.47581699E-001, 2.02422877E-001, 7.03584876E-002, 1.09640448E-001
 6.00400000E+000, 0.00000000E+000, 3.47498668E-001, 2.06929661E-001, 7.19077817E-002, 1.12094895E-001
 6.15600000E+000, 0.00000000E+000, 3.47413288E-001, 2.11395914E-001, 7.34417493E-002, 1.14528358E-001
 6.30800000E+000, 0.00000000E+000, 3.47325813E-001, 2.15826401E-001, 7.49620804E-002, 1.16943395E-001
 6.46000000E+000, 0.00000000E+000, 3.47236413E-001, 2.20225468E-001, 7.64703017E-002, 1.19342346E-001
 6.61200000E+000, 0.00000000E+000, 3.47145241E-001, 2.24597021E-001, 7.79677868E-002, 1.21727315E-001
 6.76400000E+000, 0.00000000E+000, 3.47052396E-001, 2.28944830E-001, 7.94558517E-002, 1.24100341E-001
 6.91600000E+000, 0.00000000E+000, 3.46957973E-001, 2.33272326E-001, 8.09356933E-002, 1.26463280E-001
 7.06800000E+000, 0.00000000E+000, 3.46862116E-001, 2.37582703E-001, 8.24084388E-002, 1.28817849E-001
 7.22000000E+000, 0.00000000E+000, 3.46764910E-001, 2.41878738E-001, 8.38750590E-002, 1.31165549E-001
 7.37200000E+000, 0.00000000E+000, 3.46666373E-001, 2.46162595E-001, 8.53362940E-002, 1.33507561E-001
 7.52400000E+000, 0.00000000E+000, 3.46566604E-001, 2.50436484E-001, 8.67929220E-002, 1.35845076E-001
 7.67600000E+000, 0.00000000E+000, 3.46465798E-001, 2.54703062E-001, 8.82458997E-002, 1.38179507E-001
 7.82800000E+000, 0.00000000E+000, 3.46364090E-001, 2.58964695E-001, 8.96960710E-002, 1.40512121E-001
 7.98000000E+000, 0.00000000E+000, 3.46261531E-001, 2.63223095E-001, 9.11440317E-002, 1.42843844E-001
 8.13200000E+000, 0.00000000E+000, 3.46158169E-001, 2.67479886E-001, 9.25903477E-002, 1.45175555E-001
 8.28400000E+000, 0.00000000E+000, 3.46054139E-001, 2.71736857E-001, 9.40356642E-002, 1.47508207E-001
 8.43600000E+000, 0.00000000E+000, 3.45949417E-001, 2.75995783E-001, 9.54805803E-002, 1.49842774E-001
 8.58800000E+000, 0.00000000E+000, 3.45843997E-001, 2.80258432E-001, 9.69256961E-002, 1.52180226E-001
 8.74000000E+000, 0.00000000E+000, 3.45737792E-001, 2.84526768E-001, 9.83716564E-002, 1.54521659E-001
 8.89200000E+000, 0.00000000E+000, 3.45630750E-001, 2.88802206E-001, 9.98189233E-002, 1.56867862E-001
 9.04400000E+000, 0.00000000E+000, 3.45522801E-001, 2.93085832E-001, 1.01267838E-001, 1.59219453E-001
 9.19600000E+000, 0.00000000E+000, 3.45413793E-001, 2.97378658E-001, 1.02718690E-001, 1.61577029E-001
 9.34800000E+000, 0.00000000E+000, 3.45303964E-001, 3.01679123E-001, 1.04170997E-001, 1.63939699E-001
 9.50000000E+000, 0.00000000E+000, 3.45193838E-001, 3.05983362E-001, 1.05623571E-001, 1.66305248E-001
 9.65200000E+000, 0.00000000E+000, 3.45084001E-001, 3.10287988E-001, 1.07075420E-001, 1.68671695E-001
 9.80400000E+000, 0.00000000E+000, 3.44974009E-001, 3.14592584E-001, 1.08526265E-001, 1.71038922E-001
 9.95600000E+000, 0.00000000E+000, 3.44863514E-001, 3.18896717E-001, 1.09975842E-001, 1.73406783E-001
 1.01080000E+001, 0.00000000E+000, 3.44752083E-001, 3.23200136E-001, 1.11423920E-001, 1.75775258E-001
 1.02600000E+001, 0.00000000E+000, 3.44639337E-001, 3.27502490E-001, 1.12870241E-001, 1.78144263E-001
 1.04120000E+001, 0.00000000E+000, 3.44525031E-001, 3.31802840E-001, 1.14314384E-001, 1.80513367E-001
 1.05640000E+001, 0.00000000E+000, 3.44409061E-001, 3.36099596E-001, 1.15755747E-001, 1.82881748E-001
 1.07160000E+001, 0.00000000E+000, 3.44291387E-001, 3.40390872E-001, 1.17193646E-001, 1.85248408E-001
 1.08680000E+001, 0.00000000E+000, 3.44171936E-001, 3.44675034E-001, 1.18627474E-001, 1.87612495E-001
 1.10200000E+001, 0.00000000E+000, 3.44050528E-001, 3.48951104E-001, 1.20056811E-001, 1.89973542E-001
 1.11720000E+001, 0.00000000E+000, 3.43926875E-001, 3.53218816E-001, 1.21481444E-001, 1.92331506E-001
 1.13240000E+001, 0.00000000E+000, 3.43800617E-001, 3.57478458E-001, 1.22901314E-001, 1.94686667E-001
 1.14760000E+001, 0.00000000E+000, 3.43671343E-001, 3.61730803E-001, 1.24316511E-001, 1.97039588E-001
 1.16280000E+001, 0.00000000E+000, 3.43538587E-001, 3.65977292E-001, 1.25727322E-001, 1.99391222E-001
 1.17800000E+001, 0.00000000E+000, 3.43401850E-001, 3.70220214E-001, 1.27134306E-001, 2.01742999E-001
 1.19320000E+001, 0.00000000E+000, 3.43260764E-001, 3.74462248E-001, 1.28538198E-001, 2.04096528E-001
 1.20840000E+001, 0.00000000E+000, 3.43114720E-001, 3.78707846E-001, 1.29940237E-001, 2.06454468E-001
 1.22360000E+001, 0.00000000E+000, 3.42962310E-001, 3.82966106E-001, 1.31342940E-001, 2.08822264E-001
 1.23880000E+001, 0.00000000E+000, 3.42803193E-001, 3.87241041E-001, 1.32747465E-001, 2.11202283E-001
 1.25400000E+001, 0.00000000E+000, 3.42636859E-001, 3.91537861E-001, 1.34155303E-001, 2.13597607E-001
 1.26920000E+001, 0.00000000E+000, 3.42468297E-001, 3.95836356E-001, 1.35561403E-001, 2.15995723E-001
 1.28440000E+001, 0.00000000E+000, 3.42301307E-001, 4.00108315E-001, 1.36957599E-001, 2.18380048E-001
 1.29960000E+001, 0.00000000E+000, 3.42137129E-001, 4.04358220E-001, 1.38345961E-001, 2.20752602E-001
 1.31480000E+001, 0.00000000E+000, 3.41974914E-001, 4.08583173E-001, 1.39725196E-001, 2.23112042E-001
 1.33000000E+001, 0.00000000E+000, 3.41815541E-001, 4.12791956E-001, 1.41098706E-001, 2.25462845E-001
 1.34520000E+001, 0.00000000E+000, 3.41657406E-001, 4.16981573E-001, 1.42464843E-001, 2.27803872E-001
 1.36040000E+001, 0.00000000E+000, 3.41500166E-001, 4.21156247E-001, 1.43824928E-001, 2.30137529E-001
 1.37560000E+001, 0.00000000E+000, 3.41343913E-001, 4.25322094E-001, 1.45181108E-001, 2.32467112E-001
 1.39080000E+001, 0.00000000E+000, 3.41187664E-001, 4.29478255E-001, 1.46532683E-001, 2.34792477E-001
 1.40600000E+001, 0.00000000E+000, 3.41031002E-001, 4.33627668E-001, 1.47880478E-001, 2.37115373E-001
 1.42120000E+001, 0.00000000E+000, 3.40873554E-001, 4.37773740E-001, 1.49225491E-001, 2.39437799E-001
 1.43640000E+001, 0.00000000E+000, 3.40715032E-001, 4.41919083E-001, 1.50568475E-001, 2.41761291E-001
 1.45160000E+001, 0.00000000E+000, 3.40555198E-001, 4.46064926E-001, 1.51909729E-001, 2.44086622E-001
 1.46680000E+001, 0.00000000E+000, 3.40393719E-001, 4.50212593E-001, 1.53249539E-001, 2.46414652E-001
 1.48200000E+001, 0.00000000E+000, 3.40230180E-001, 4.54364133E-001, 1.54588391E-001, 2.48746674E-001
 1.49720000E+001, 0.00000000E+000, 3.40065267E-001, 4.58517117E-001, 1.55925746E-001, 2.51081129E-001
 1.51240000E+001, 0.00000000E+000, 3.39899991E-001, 4.62664432E-001, 1.57259637E-001, 2.53413762E-001
 1.52760000E+001, 0.00000000E+000, 3.39734353E-001, 4.66806259E-001, 1.58590122E-001, 2.55744673E-001
 1.54280000E+001, 0.00000000E+000, 3.39567937E-001, 4.70944574E-001, 1.59917678E-001, 2.58075108E-001
 1.55800000E+001, 0.00000000E+000, 3.39400342E-001, 4.75081746E-001, 1.61242907E-001, 2.60406527E-001
 1.57320000E+001, 0.00000000E+000, 3.39231240E-001, 4.79219860E-001, 1.62566347E-001, 2.62740213E-001
 1.58840000E+001, 0.00000000E+000, 3.39059758E-001, 4.83363437E-001, 1.63889090E-001, 2.65079004E-001
 1.60360000E+001, 0.00000000E+000, 3.38884434E-001, 4.87520485E-001, 1.65213104E-001, 2.67427902E-001
 1.61880000E+001, 0.00000000E+000, 3.38703844E-001, 4.91699029E-001, 1.66540351E-001, 2.69791925E-001
 1.63400000E+001, 0.00000000E+000, 3.38522670E-001, 4.95876659E-001, 1.67865491E-001, 2.72156961E-001
 1.64920000E+001, 0.00000000E+000, 3.38344051E-001, 5.00030249E-001, 1.69182260E-001, 2.74509048E-001
 1.66440000E+001, 0.00000000E+000, 3.38169162E-001, 5.04163252E-001, 1.70492464E-001, 2.76849565E-001
 1.67960000E+001, 0.00000000E+000, 3.37996647E-001, 5.08272808E-001, 1.71794505E-001, 2.79177452E-001
 1.69480000E+001, 0.00000000E+000, 3.37826835E-001, 5.12369175E-001, 1.73092057E-001, 2.81498173E-001
 1.71000000E+001, 0.00000000E+000, 3.37658693E-001, 5.16455729E-001, 1.74385766E-001, 2.83813984E-001
 1.72520000E+001, 0.00000000E+000, 3.37491025E-001, 5.20532337E-001, 1.75674992E-001, 2.86125299E-001
 1.74040000E+001, 0.00000000E+000, 3.37324150E-001, 5.24602845E-001, 1.76961209E-001, 2.88434086E-001
 1.75560000E+001, 0.00000000E+000, 3.37158382E-001, 5.28667292E-001, 1.78244609E-001, 2.90740224E-001
 1.77080000E+001, 0.00000000E+000, 3.36993735E-001, 5.32722334E-001, 1.79524089E-001, 2.93041852E-001
 1.78600000E+001, 0.00000000E+000, 3.36830529E-001, 5.36766970E-001, 1.80799503E-001, 2.95338264E-001
 1.80120000E+001, 0.00000000E+000, 3.36667846E-001, 5.40795922E-001, 1.82068598E-001, 2.97626945E-001
 1.81640000E+001, 0.00000000E+000, 3.36506703E-001, 5.44816998E-001, 1.83334572E-001, 2.99911727E-001
 1.83160000E+001, 0.00000000E+000, 3.36346091E-001, 5.48828393E-001, 1.84596285E-001, 3.02192052E-001
 1.84680000E+001, 0.00000000E+000, 3.36185184E-001, 5.52830655E-001, 1.85853475E-001, 3.04468586E-001
 1.86200000E+001, 0.00000000E+000, 3.36023485E-001, 5.56827159E-001, 1.87107003E-001, 3.06743418E-001
 1.87720000E+001, 0.00000000E+000, 3.35860610E-001, 5.60821450E-001, 1.88357834E-001, 3.09018684E-001
 1.89240000E+001, 0.00000000E+000, 3.35696229E-001, 5.64816716E-001, 1.89606842E-001, 3.11296307E-001
 1.90760000E+001, 0.00000000E+000, 3.35529247E-001, 5.68818837E-001, 1.90855356E-001, 3.13580059E-001
 1.92280000E+001, 0.00000000E+000, 3.35358265E-001, 5.72835978E-001, 1.92105280E-001, 3.15875133E-001
 1.93800000E+001, 0.00000000E+000, 3.35182564E-001, 5.76873665E-001, 1.93357994E-001, 3.18184971E-001
 1.95320000E+001, 0.00000000E+000, 3.35002068E-001, 5.80934712E-001, 1.94614330E-001, 3.20511223E-001
 1.96840000E+001, 0.00000000E+000, 3.34818500E-001, 5.85012073E-001, 1.95872865E-001, 3.22849237E-001
 1.98360000E+001, 0.00000000E+000, 3.34635392E-001, 5.89087462E-001, 1.97129514E-001, 3.25187245E-001
 1.99880000E+001, 0.00000000E+000, 3.34452672E-001, 5.93164031E-001, 1.98385295E-001, 3.27527018E-001
 2.01400000E+001, 0.00000000E+000, 3.34268701E-001, 5.97248688E-001, 1.99641543E-001, 3.29873179E-001
 2.02920000E+001, 0.00000000E+000, 3.34081121E-001, 6.01353601E-001, 2.00900885E-001, 3.32233642E-001
 2.04440000E+001, 0.00000000E+000, 3.33893247E-001, 6.05459701E-001, 2.02158906E-001, 3.34596260E-001
 2.05960000E+001, 0.00000000E+000, 3.33708795E-001, 6.09548952E-001, 2.03411846E-001, 3.36949193E-001
 2.07480000E+001, 0.00000000E+000, 3.33527004E-001, 6.13618731E-001, 2.04658417E-001, 3.39291333E-001
 2.09000000E+001, 0.00000000E+000, 3.33346729E-001, 6.17676325E-001, 2.05900383E-001, 3.41627258E-001
 2.10520000E+001, 0.00000000E+000, 3.33165520E-001, 6.21727547E-001, 2.07138181E-001, 3.43961429E-001
 2.12040000E+001, 0.00000000E+000, 3.32980880E-001, 6.25789175E-001, 2.08375830E-001, 3.46304437E-001
 2.13560000E+001, 0.00000000E+000, 3.32784590E-001, 6.29904505E-001, 2.09622512E-001, 3.48684602E-001
 2.15080000E+001, 0.00000000E+000, 3.32586073E-001, 6.34041608E-001, 2.10873408E-001, 3.51079433E-001
 2.16600000E+001, 0.00000000E+000, 3.32400242E-001, 6.38032454E-001, 2.12082142E-001, 3.53387971E-001
 2.18120000E+001, 0.00000000E+000, 3.32250827E-001, 6.41896539E-001, 2.13270656E-001, 3.55608110E-001
 2.19640000E+001, 0.00000000E+000, 3.32129783E-001, 6.45602007E-001, 2.14423655E-001, 3.57726093E-001
 2.21160000E+001, 0.00000000E+000, 3.32018366E-001, 6.49171599E-001, 2.15536894E-001, 3.59764342E-001
 2.22680000E+001, 0.00000000E+000, 3.31913999E-001, 6.52737800E-001, 2.16652813E-001, 3.61797563E-001
 2.24200000E+001, 0.00000000E+000, 3.31811436E-001, 6.56305532E-001, 2.17769681E-001, 3.63831292E-001
 2.25720000E+001, 0.00000000E+000, 3.31729145E-001, 6.59785839E-001, 2.18870192E-001, 3.65806008E-001
 2.27240000E+001, 0.00000000E+000, 3.31703796E-001, 6.63005586E-001, 2.19921470E-001, 3.67605182E-001
 2.28760000E+001, 0.00000000E+000, 3.31862070E-001, 6.65446182E-001, 2.20836348E-001, 3.68870383E-001
 2.30280000E+001, 0.00000000E+000, 3.32241671E-001, 6.66418901E-001, 2.21412129E-001, 3.69198487E-001
 2.31800000E+001, 0.00000000E+000, 3.32794009E-001, 6.66130978E-001, 2.21684398E-001, 3.68732604E-001
 2.33320000E+001, 0.00000000E+000, 3.33753572E-001, 6.63874003E-001, 2.21570319E-001, 3.66954620E-001
 2.34840000E+001, 0.00000000E+000, 3.35464678E-001, 6.57633920E-001, 2.20612951E-001, 3.62577178E-001
 2.36360000E+001, 0.00000000E+000, 3.38254707E-001, 6.45611668E-001, 2.18381186E-001, 3.54477852E-001
 2.37880000E+001, 0.00000000E+000, 3.41925310E-001, 6.28829168E-001, 2.15012608E-001, 3.43405077E-001
 2.39400000E+001, 0.00000000E+000, 3.45382494E-001, 6.13864684E-001, 2.12018116E-001, 3.33550923E-001
 2.40920000E+001, 0.00000000E+000, 3.48461450E-001, 6.00029795E-001, 2.09087252E-001, 3.24589977E-001
 2.42440000E+001, 0.00000000E+000, 3.51449320E-001, 5.87429924E-001, 2.06451847E-001, 3.16420324E-001
 2.43960000E+001, 0.00000000E+000, 3.54312293E-001, 5.75228913E-001, 2.03810675E-001, 3.08593842E-001
 2.45480000E+001, 0.00000000E+000, 3.57177057E-001, 5.63747014E-001, 2.01357499E-001, 3.01218843E-001
 2.47000000E+001, 0.00000000E+000, 3.59957778E-001, 5.52221581E-001, 1.98776453E-001, 2.93918723E-001
 2.48520000E+001, 0.00000000E+000, 3.62751817E-001, 5.41035298E-001, 1.96261537E-001, 2.86853703E-001
 2.50040000E+001, 0.00000000E+000, 3.65421496E-001, 5.29580997E-001, 1.93520280E-001, 2.79753163E-001
 2.51560000E+001, 0.00000000E+000, 3.68230679E-001, 5.19786289E-001, 1.91401258E-001, 2.73529703E-001
 2.53080000E+001, 0.00000000E+000, 3.70243927E-001, 5.08477611E-001, 1.88260747E-001, 2.66850193E-001
 2.54600000E+001, 0.00000000E+000, 3.73820077E-001, 5.06692835E-001, 1.89411954E-001, 2.64638551E-001
 2.56120000E+001, 1.49333333E-002, 3.62044393E-001, 5.03999337E-001, 1.82470134E-001, 2.67478396E-001
 2.57640000E+001, 3.52000000E-002, 3.41652881E-001, 5.25960810E-001, 1.79696026E-001, 2.87342920E-001
 2.59160000E+001, 5.54666667E-002, 3.22987782E-001, 5.47242954E-001, 1.76752788E-001, 3.07487022E-001
 2.60680000E+001, 7.57333333E-002, 3.04191127E-001, 5.70502478E-001, 1.73541792E-001, 3.30311674E-001
 2.62200000E+001, 9.60000000E-002, 2.85555609E-001, 5.95257821E-001, 1.69979210E-001, 3.55712741E-001
 2.63720000E+001, 1.16266667E-001, 2.67132326E-001, 6.21424612E-001, 1.66002602E-001, 3.83941348E-001
 2.65240000E+001, 1.36533333E-001, 2.49051721E-001, 6.48698949E-001, 1.61559590E-001, 4.15085994E-001
 2.66760000E+001, 1.56800000E-001, 2.31385364E-001, 6.76816683E-001, 1.56605474E-001, 4.49306573E-001
 2.68280000E+001, 1.77066667E-001, 2.14185860E-001, 7.05452477E-001, 1.51097945E-001, 4.86756796E-001
 2.69800000E+001, 1.97333333E-001, 1.97540159E-001, 7.34269327E-001, 1.45047680E-001, 5.27554517E-001
 2.71320000E+001, 2.17600000E-001, 1.81463100E-001, 7.62507764E-001, 1.38367023E-001, 5.71596770E-001
 2.72840000E+001, 2.37866667E-001, 1.66089398E-001, 7.90607585E-001, 1.31311538E-001, 6.19483409E-001
 2.74360000E+001, 2.58133333E-001, 1.51347275E-001, 8.17655658E-001, 1.23749955E-001, 6.71154957E-001
 2.75880000E+001, 2.78400000E-001, 1.37336118E-001, 8.43940303E-001, 1.15903485E-001, 7.27208593E-001
 2.77400000E+001, 2.98666667E-001, 1.24145477E-001, 8.70682331E-001, 1.08091274E-001, 7.89103443E-001
 2.78920000E+001, 3.18933333E-001, 1.11476451E-001, 8.96252046E-001, 9.99109974E-002, 8.57192281E-001
 2.80440000E+001, 3.39200000E-001, 9.94850164E-002, 9.25474706E-001, 9.20708663E-002, 9.36969328E-001
 2.81960000E+001, 3.59466667E-001, 8.38503215E-002, 9.49894798E-001, 7.96489842E-002, 1.04752115E+000
 2.83480000E+001, 3.79733333E-001, 8.81026146E-002, 8.68601603E-001, 7.65260723E-002, 9.34471125E-001
 2.85000000E+001, 4.00000000E-001, 5.96326391E-002, 1.11033237E+000, 6.62120494E-002, 1.45194660E+000
 2.86520000E+001, 3.79733333E-001, 4.12654564E-002, 1.51458985E+000, 6.25002415E-002, 2.38090121E+000
 2.88040000E+001, 3.59466667E-001, 3.33141653E-002, 1.67703609E+000, 5.58690575E-002, 2.93405060E+000
 2.89560000E+001, 3.39200000E-001, 2.45495668E-002, 1.63978623E+000, 4.02560417E-002, 3.34198870E+000
 2.91080000E+001, 3.18933333E-001, 1.98480268E-002, 1.56252226E+000, 3.10129837E-002, 3.54166275E+000
 2.92600000E+001, 2.98666667E-001, 1.43519965E-002, 1.42034931E+000, 2.03848483E-002, 3.78598304E+000
 2.94120000E+001, 2.78400000E-001, 8.66543289E-003, 1.18429299E+000, 1.02624115E-002, 4.06259647E+000
 2.95640000E+001, 2.58133333E-001, 4.10416734E-003, 8.26234772E-001, 3.39100576E-003, 4.11841964E+000
 2.97160000E+001, 2.37866667E-001, 1.65135839E-003, 3.59242794E-001, 5.93238604E-004, 2.82297515E+000
 2.98680000E+001, 2.17600000E-001, 9.51449459E-004, 6.38321510E-002, 6.07330655E-005, 6.60824713E-001
 3.00200000E+001, 1.97333333E-001, 9.39042549E-004, 4.10367999E-002, 3.85353012E-005, 4.27632309E-001
 3.01720000E+001, 1.77066667E-001, 1.02086307E-003, 4.51853250E-002, 4.61280297E-005, 4.51599364E-001
 3.03240000E+001, 1.56800000E-001, 1.10477999E-003, 4.97423744E-002, 5.49543801E-005, 4.77890360E-001
 3.04760000E+001, 1.36533333E-001, 1.18795782E-003, 5.43251252E-002, 6.45359575E-005, 5.03315011E-001
 3.06280000E+001, 1.16266667E-001, 1.27034730E-003, 5.89225057E-002, 7.48520462E-005, 5.27909686E-001
 3.07800000E+001, 9.60000000E-002, 1.35194808E-003, 6.35294120E-002, 8.58884666E-005, 5.51740022E-001
 3.09320000E+001, 7.57333333E-002, 1.43275915E-003, 6.81413357E-002, 9.76301220E-005, 5.74862139E-001
 3.10840000E+001, 5.54666667E-002, 1.51277906E-003, 7.27541300E-002, 1.10060925E-004, 5.97323440E-001
 3.12360000E+001, 3.52000000E-002, 1.59235490E-003, 7.73617571E-002, 1.23187373E-004, 6.19078968E-001
 3.13880000E+001, 1.49333333E-002, 1.74550028E-003, 8.14542571E-002, 1.42178428E-004, 6.22577591E-001
 3.15400000E+001, 0.00000000E+000, 8.04462449E-003, 2.75098565E-002, 2.21306465E-004, 9.79433816E-002
 3.16920000E+001, 0.00000000E+000, 8.41382404E-003, 1.18873790E-002, 1.00018316E-004, 4.13836752E-002
 3.18440000E+001, 0.00000000E+000, 8.47103251E-003, 7.75542420E-003, 6.56964505E-005, 2.69077288E-002
 3.19960000E+001, 0.00000000E+000, 8.53143034E-003, 3.75530633E-003, 3.20381343E-005, 1.29829715E-002
 3.21480000E+001, 0.00000000E+000, 8.59491325E-003,-5.23716862E-005,-4.50130099E-007,-1.80391249E-004
 3.23000000E+001, 0.00000000E+000, 8.65707659E-003,-3.76846894E-003,-3.26239243E-005,-1.29335864E-002
 3.24520000E+001, 0.00000000E+000, 8.71627070E-003,-7.47153477E-003,-6.51239196E-005,-2.55554849E-002
 3.26040000E+001, 0.00000000E+000, 8.77510930E-003,-1.10757325E-002,-9.71907631E-005,-3.77559888E-002
 3.27560000E+001, 0.00000000E+000, 8.83618708E-003,-1.45254060E-002,-1.28349205E-004,-4.93441290E-002
 3.29080000E+001, 0.00000000E+000, 8.90313845E-003,-1.77270318E-002,-1.57826219E-004,-5.99934890E-002
 3.30600000E+001, 0.00000000E+000, 8.97711942E-003,-2.06815465E-002,-1.85660712E-004,-6.97034329E-002
 3.32120000E+001, 0.00000000E+000, 9.05152293E-003,-2.37019088E-002,-2.14538371E-004,-7.95540243E-002
 3.33640000E+001, 0.00000000E+000, 9.12425084E-003,-2.72679264E-002,-2.48799400E-004,-9.11576589E-002
 3.35160000E+001, 0.00000000E+000, 9.19141657E-003,-3.16120118E-002,-2.90559169E-004,-1.05293259E-001
 3.36680000E+001, 0.00000000E+000, 9.24546699E-003,-3.64041562E-002,-3.36573424E-004,-1.20899972E-001
 3.38200000E+001, 0.00000000E+000, 9.28482668E-003,-4.07487813E-002,-3.78345372E-004,-1.35041540E-001
 3.39720000E+001, 0.00000000E+000, 9.32272731E-003,-4.35496251E-002,-4.06001280E-004,-1.44029877E-001
 3.41240000E+001, 0.00000000E+000, 9.37778839E-003,-4.42966206E-002,-4.15404334E-004,-1.46069667E-001
 3.42760000E+001, 0.00000000E+000, 9.41944571E-003,-4.25365049E-002,-4.00670298E-004,-1.39955119E-001
 3.44280000E+001, 0.00000000E+000, 9.45039080E-003,-3.90866049E-002,-3.69383691E-004,-1.28393407E-001
 3.45800000E+001, 0.00000000E+000, 9.47183278E-003,-3.44667010E-002,-3.26462829E-004,-1.13089521E-001
 3.47320000E+001, 0.00000000E+000, 9.48392314E-003,-2.90041051E-002,-2.75072703E-004,-9.51053866E-002
 3.48840000E+001, 0.00000000E+000, 9.48982912E-003,-2.28464712E-002,-2.16809108E-004,-7.48909936E-002
 3.50360000E+001, 0.00000000E+000, 9.49250648E-003,-1.60765557E-002,-1.52606809E-004,-5.26917008E-002
 3.51880000E+001, 0.00000000E+000, 9.49334991E-003,-8.75382496E-003,-8.31031234E-005,-2.86898166E-002
 3.53400000E+001, 0.00000000E+000, 9.49268086E-003,-9.45449846E-004,-8.97485366E-006,-3.09872984E-003
 3.54920000E+001, 0.00000000E+000, 9.49060052E-003, 7.23370803E-003, 6.86522332E-005, 2.37112139E-002
 3.56440000E+001, 0.00000000E+000, 9.48440434E-003, 1.56942882E-002, 1.48850976E-004, 5.14607668E-002
 3.57960000E+001, 0.00000000E+000, 9.46178726E-003, 2.46688780E-002, 2.33411675E-004, 8.09846045E-002
 3.59480000E+001, 0.00000000E+000, 9.42952435E-003, 3.38701751E-002, 3.19379641E-004, 1.11381281E-001
 3.61000000E+001, 0.00000000E+000, 9.40048581E-003, 4.26730038E-002, 4.01146967E-004, 1.40545752E-001
 3.62520000E+001, 0.00000000E+000, 9.36639885E-003, 5.12798881E-002, 4.80307885E-004, 1.69200018E-001
 3.64040000E+001, 0.00000000E+000, 9.32261010E-003, 5.98461686E-002, 5.57922496E-004, 1.97928006E-001
 3.65560000E+001, 0.00000000E+000, 9.26438791E-003, 6.85058241E-002, 6.34664528E-004, 2.27278727E-001
 3.67080000E+001, 0.00000000E+000, 9.18291338E-003, 7.75082969E-002, 7.11751976E-004, 2.58284062E-001
 3.68600000E+001, 0.00000000E+000, 9.07177869E-003, 8.70125446E-002, 7.89358548E-004, 2.91726112E-001
 3.70120000E+001, 0.00000000E+000, 8.92912245E-003, 9.70180671E-002, 8.66286201E-004, 3.27859587E-001
 3.71640000E+001, 0.00000000E+000, 8.75053202E-003, 1.07596289E-001, 9.41524771E-004, 3.67298980E-001
 3.73160000E+001, 0.00000000E+000, 8.52251635E-003, 1.19089914E-001, 1.01494574E-003, 4.11936921E-001
 3.74680000E+001, 0.00000000E+000, 8.21909308E-003, 1.32200813E-001, 1.08657079E-003, 4.65652388E-001
 3.76200000E+001, 0.00000000E+000, 7.79358246E-003, 1.48221182E-001, 1.15517400E-003, 5.36143893E-001
 3.77720000E+001, 0.00000000E+000, 7.14995863E-003, 1.70217629E-001, 1.21704900E-003, 6.42824514E-001
 3.79240000E+001, 0.00000000E+000, 6.26642280E-003, 1.90992137E-001, 1.19683748E-003, 7.70451489E-001
