   20.003514426528600      ,         100
X,ZB,H,U,T1
 5.00000000E-002, 0.00000000E+000, 1.00000000E+000, 1.00000000E-001,-1.67231100E-006
 1.50000000E-001, 0.00000000E+000, 1.00000000E+000, 1.00000000E-001,-3.36777866E-007
 2.50000000E-001, 0.00000000E+000, 1.00000000E+000, 1.00000000E-001, 1.55467608E-007
 3.50000000E-001, 0.00000000E+000, 1.00000000E+000, 1.00000000E-001, 1.11759315E-007
 4.50000000E-001, 0.00000000E+000, 1.00000000E+000, 1.00000000E-001, 3.05223524E-008
 5.50000000E-001, 0.00000000E+000, 1.00000000E+000, 1.00000000E-001,-4.64745581E-009
 6.50000000E-001, 0.00000000E+000, 1.00000000E+000, 1.00000000E-001,-3.22183918E-009
 7.50000000E-001, 0.00000000E+000, 1.00000000E+000, 1.00000000E-001, 1.37255150E-009
 8.50000000E-001, 0.00000000E+000, 1.00000000E+000, 1.00000000E-001, 1.07022694E-008
 9.50000000E-001, 0.00000000E+000, 1.00000000E+000, 1.00000000E-001, 3.63510019E-008
 1.05000000E+000, 0.00000000E+000, 1.00000000E+000, 1.00000000E-001, 1.14000943E-007
 1.15000000E+000, 0.00000000E+000, 1.00000000E+000, 1.00000000E-001, 3.40376994E-007
 1.25000000E+000, 0.00000000E+000, 1.00000000E+000, 1.00000000E-001, 9.63733402E-007
 1.35000000E+000, 0.00000000E+000, 1.00000000E+000, 1.00000000E-001, 2.58850569E-006
 1.45000000E+000, 0.00000000E+000, 1.00000000E+000, 1.00000000E-001, 6.61261943E-006
 1.55000000E+000, 0.00000000E+000, 1.00000000E+000, 1.00000000E-001, 1.61160854E-005
 1.65000000E+000, 0.00000000E+000, 1.00000000E+000, 1.00000000E-001, 3.75833206E-005
 1.75000000E+000, 0.00000000E+000, 1.00000000E+000, 1.00000000E-001, 8.40925752E-005
 1.85000000E+000, 0.00000000E+000, 1.00000000E+000, 1.00000000E-001, 1.80960200E-004
 1.95000000E+000, 0.00000000E+000, 1.00000000E+000, 1.00000000E-001, 3.75275682E-004
 2.05000000E+000, 0.00000000E+000, 1.00000000E+000, 1.00000000E-001, 7.51239864E-004
 2.15000000E+000, 0.00000000E+000, 1.00000000E+000, 1.00000000E-001, 1.45356447E-003
 2.25000000E+000, 0.00000000E+000, 1.00000000E+000, 1.00000000E-001, 2.72112300E-003
 2.35000000E+000, 0.00000000E+000, 1.00000000E+000, 1.00000000E-001, 4.93215671E-003
 2.45000000E+000, 0.00000000E+000, 1.00000000E+000, 1.00000000E-001, 8.66018165E-003
 2.55000000E+000, 0.00000000E+000, 1.00000000E+000, 1.00000000E-001, 1.47359850E-002
 2.65000000E+000, 0.00000000E+000, 1.00000000E+000, 1.00000000E-001, 2.43058188E-002
 2.75000000E+000, 0.00000000E+000, 1.00000000E+000, 1.00000000E-001, 3.88699108E-002
 2.85000000E+000, 0.00000000E+000, 1.00000000E+000, 1.00000000E-001, 6.02805024E-002
 2.95000000E+000, 0.00000000E+000, 1.00000000E+000, 1.00000000E-001, 9.06774552E-002
 3.05000000E+000, 0.00000000E+000, 1.00000000E+000, 1.00000000E-001, 1.32344883E-001
 3.15000000E+000, 0.00000000E+000, 1.00000000E+000, 1.00000000E-001, 1.87485892E-001
 3.25000000E+000, 0.00000000E+000, 1.00000000E+000, 1.00000000E-001, 2.57932918E-001
 3.35000000E+000, 0.00000000E+000, 1.00000000E+000, 1.00000000E-001, 3.44832460E-001
 3.45000000E+000, 0.00000000E+000, 1.00000000E+000, 1.00000000E-001, 4.48355004E-001
 3.55000000E+000, 0.00000000E+000, 1.00000000E+000, 1.00000000E-001, 5.67467174E-001
 3.65000000E+000, 0.00000000E+000, 1.00000000E+000, 1.00000000E-001, 7.00334865E-001
 3.75000000E+000, 0.00000000E+000, 1.00000000E+000, 1.00000000E-001, 8.27879440E-001
 3.85000000E+000, 0.00000000E+000, 1.00000000E+000, 1.00000000E-001, 9.04357581E-001
 3.95000000E+000, 0.00000000E+000, 1.00000000E+000, 1.00000000E-001, 9.15286971E-001
 4.05000000E+000, 0.00000000E+000, 1.00000000E+000, 1.00000000E-001, 9.03604989E-001
 4.15000000E+000, 0.00000000E+000, 1.00000000E+000, 1.00000000E-001, 8.75795311E-001
 4.25000000E+000, 0.00000000E+000, 1.00000000E+000, 1.00000000E-001, 8.27247707E-001
 4.35000000E+000, 0.00000000E+000, 1.00000000E+000, 1.00000000E-001, 7.55499647E-001
 4.45000000E+000, 0.00000000E+000, 1.00000000E+000, 1.00000000E-001, 6.60518566E-001
 4.55000000E+000, 0.00000000E+000, 1.00000000E+000, 1.00000000E-001, 5.45017503E-001
 4.65000000E+000, 0.00000000E+000, 1.00000000E+000, 1.00000000E-001, 4.14258592E-001
 4.75000000E+000, 0.00000000E+000, 1.00000000E+000, 1.00000000E-001, 2.81424789E-001
 4.85000000E+000, 0.00000000E+000, 1.00000000E+000, 1.00000000E-001, 1.76585657E-001
 4.95000000E+000, 0.00000000E+000, 1.00000000E+000, 1.00000000E-001, 1.05654060E-001
 5.05000000E+000, 0.00000000E+000, 1.00000000E+000, 1.00000000E-001, 6.13945782E-002
 5.15000000E+000, 0.00000000E+000, 1.00000000E+000, 1.00000000E-001, 3.46776013E-002
 5.25000000E+000, 0.00000000E+000, 1.00000000E+000, 1.00000000E-001, 1.86720403E-002
 5.35000000E+000, 0.00000000E+000, 1.00000000E+000, 1.00000000E-001, 9.00407582E-003
 5.45000000E+000, 0.00000000E+000, 1.00000000E+000, 1.00000000E-001, 3.47208653E-003
 5.55000000E+000, 0.00000000E+000, 1.00000000E+000, 1.00000000E-001, 1.83446093E-003
 5.65000000E+000, 0.00000000E+000, 1.00000000E+000, 1.00000000E-001, 2.41231119E-003
 5.75000000E+000, 0.00000000E+000, 1.00000000E+000, 1.00000000E-001, 4.49157417E-003
 5.85000000E+000, 0.00000000E+000, 1.00000000E+000, 1.00000000E-001, 9.67359946E-003
 5.95000000E+000, 0.00000000E+000, 1.00000000E+000, 1.00000000E-001, 2.06873124E-002
 6.05000000E+000, 0.00000000E+000, 1.00000000E+000, 1.00000000E-001, 4.17526406E-002
 6.15000000E+000, 0.00000000E+000, 1.00000000E+000, 1.00000000E-001, 7.86894308E-002
 6.25000000E+000, 0.00000000E+000, 1.00000000E+000, 1.00000000E-001, 1.38464220E-001
 6.35000000E+000, 0.00000000E+000, 1.00000000E+000, 1.00000000E-001, 2.27948088E-001
 6.45000000E+000, 0.00000000E+000, 1.00000000E+000, 1.00000000E-001, 3.51888945E-001
 6.55000000E+000, 0.00000000E+000, 1.00000000E+000, 1.00000000E-001, 5.10468766E-001
 6.65000000E+000, 0.00000000E+000, 1.00000000E+000, 1.00000000E-001, 6.98071679E-001
 6.75000000E+000, 0.00000000E+000, 1.00000000E+000, 1.00000000E-001, 8.78441066E-001
 6.85000000E+000, 0.00000000E+000, 1.00000000E+000, 1.00000000E-001, 9.87210490E-001
 6.95000000E+000, 0.00000000E+000, 1.00000000E+000, 1.00000000E-001, 1.01939911E+000
 7.05000000E+000, 0.00000000E+000, 1.00000000E+000, 1.00000000E-001, 1.01609960E+000
 7.15000000E+000, 0.00000000E+000, 1.00000000E+000, 1.00000000E-001, 1.00974825E+000
 7.25000000E+000, 0.00000000E+000, 1.00000000E+000, 1.00000000E-001, 1.00316603E+000
 7.35000000E+000, 0.00000000E+000, 1.00000000E+000, 1.00000000E-001, 9.99962793E-001
 7.45000000E+000, 0.00000000E+000, 1.00000000E+000, 1.00000000E-001, 9.99222309E-001
 7.55000000E+000, 0.00000000E+000, 1.00000000E+000, 1.00000000E-001, 9.98981256E-001
 7.65000000E+000, 0.00000000E+000, 1.00000000E+000, 1.00000000E-001, 9.98243406E-001
 7.75000000E+000, 0.00000000E+000, 1.00000000E+000, 1.00000000E-001, 9.95996045E-001
 7.85000000E+000, 0.00000000E+000, 1.00000000E+000, 1.00000000E-001, 9.90634071E-001
 7.95000000E+000, 0.00000000E+000, 1.00000000E+000, 1.00000000E-001, 9.79466891E-001
 8.05000000E+000, 0.00000000E+000, 1.00000000E+000, 1.00000000E-001, 9.58294456E-001
 8.15000000E+000, 0.00000000E+000, 1.00000000E+000, 1.00000000E-001, 9.21296815E-001
 8.25000000E+000, 0.00000000E+000, 1.00000000E+000, 1.00000000E-001, 8.61497700E-001
 8.35000000E+000, 0.00000000E+000, 1.00000000E+000, 1.00000000E-001, 7.72013211E-001
 8.45000000E+000, 0.00000000E+000, 1.00000000E+000, 1.00000000E-001, 6.48083480E-001
 8.55000000E+000, 0.00000000E+000, 1.00000000E+000, 1.00000000E-001, 4.89517783E-001
 8.65000000E+000, 0.00000000E+000, 1.00000000E+000, 1.00000000E-001, 3.01927681E-001
 8.75000000E+000, 0.00000000E+000, 1.00000000E+000, 1.00000000E-001, 1.21561733E-001
 8.85000000E+000, 0.00000000E+000, 1.00000000E+000, 1.00000000E-001, 1.27907325E-002
 8.95000000E+000, 0.00000000E+000, 1.00000000E+000, 1.00000000E-001,-1.94004273E-002
 9.05000000E+000, 0.00000000E+000, 1.00000000E+000, 1.00000000E-001,-1.61030536E-002
 9.15000000E+000, 0.00000000E+000, 1.00000000E+000, 1.00000000E-001,-9.76711562E-003
 9.25000000E+000, 0.00000000E+000, 1.00000000E+000, 1.00000000E-001,-3.09083299E-003
 9.35000000E+000, 0.00000000E+000, 1.00000000E+000, 1.00000000E-001, 2.15141780E-004
 9.45000000E+000, 0.00000000E+000, 1.00000000E+000, 1.00000000E-001, 5.52225235E-004
 9.55000000E+000, 0.00000000E+000, 1.00000000E+000, 1.00000000E-001, 3.37721064E-004
 9.65000000E+000, 0.00000000E+000, 1.00000000E+000, 1.00000000E-001, 9.71403812E-005
 9.75000000E+000, 0.00000000E+000, 1.00000000E+000, 1.00000000E-001,-1.23717635E-005
 9.85000000E+000, 0.00000000E+000, 1.00000000E+000, 1.00000000E-001,-1.49708698E-005
 9.95000000E+000, 0.00000000E+000, 1.00000000E+000, 1.00000000E-001,-5.82956977E-006
