   20.003514426528600      ,         100
X,ZB,H,U,T1
 5.00000000E-002, 0.00000000E+000, 1.00000000E+000, 1.00000000E-001, 4.17942904E-007
 1.50000000E-001, 0.00000000E+000, 1.00000000E+000, 1.00000000E-001, 1.90202200E-007
 2.50000000E-001, 0.00000000E+000, 1.00000000E+000, 1.00000000E-001, 5.43175256E-008
 3.50000000E-001, 0.00000000E+000, 1.00000000E+000, 1.00000000E-001, 1.50046203E-008
 4.50000000E-001, 0.00000000E+000, 1.00000000E+000, 1.00000000E-001, 3.97086076E-009
 5.50000000E-001, 0.00000000E+000, 1.00000000E+000, 1.00000000E-001, 1.13957849E-009
 6.50000000E-001, 0.00000000E+000, 1.00000000E+000, 1.00000000E-001, 7.75077377E-010
 7.50000000E-001, 0.00000000E+000, 1.00000000E+000, 1.00000000E-001, 1.30376943E-009
 8.50000000E-001, 0.00000000E+000, 1.00000000E+000, 1.00000000E-001, 4.03399530E-009
 9.50000000E-001, 0.00000000E+000, 1.00000000E+000, 1.00000000E-001, 1.37616185E-008
 1.05000000E+000, 0.00000000E+000, 1.00000000E+000, 1.00000000E-001, 4.52917146E-008
 1.15000000E+000, 0.00000000E+000, 1.00000000E+000, 1.00000000E-001, 1.42207824E-007
 1.25000000E+000, 0.00000000E+000, 1.00000000E+000, 1.00000000E-001, 4.25457905E-007
 1.35000000E+000, 0.00000000E+000, 1.00000000E+000, 1.00000000E-001, 1.21200188E-006
 1.45000000E+000, 0.00000000E+000, 1.00000000E+000, 1.00000000E-001, 3.28798271E-006
 1.55000000E+000, 0.00000000E+000, 1.00000000E+000, 1.00000000E-001, 8.50336949E-006
 1.65000000E+000, 0.00000000E+000, 1.00000000E+000, 1.00000000E-001, 2.09998385E-005
 1.75000000E+000, 0.00000000E+000, 1.00000000E+000, 1.00000000E-001, 4.96226784E-005
 1.85000000E+000, 0.00000000E+000, 1.00000000E+000, 1.00000000E-001, 1.12435685E-004
 1.95000000E+000, 0.00000000E+000, 1.00000000E+000, 1.00000000E-001, 2.44778290E-004
 2.05000000E+000, 0.00000000E+000, 1.00000000E+000, 1.00000000E-001, 5.12955245E-004
 2.15000000E+000, 0.00000000E+000, 1.00000000E+000, 1.00000000E-001, 1.03631243E-003
 2.25000000E+000, 0.00000000E+000, 1.00000000E+000, 1.00000000E-001, 2.02084579E-003
 2.35000000E+000, 0.00000000E+000, 1.00000000E+000, 1.00000000E-001, 3.80711874E-003
 2.45000000E+000, 0.00000000E+000, 1.00000000E+000, 1.00000000E-001, 6.93344032E-003
 2.55000000E+000, 0.00000000E+000, 1.00000000E+000, 1.00000000E-001, 1.22112860E-002
 2.65000000E+000, 0.00000000E+000, 1.00000000E+000, 1.00000000E-001, 2.08035447E-002
 2.75000000E+000, 0.00000000E+000, 1.00000000E+000, 1.00000000E-001, 3.42882306E-002
 2.85000000E+000, 0.00000000E+000, 1.00000000E+000, 1.00000000E-001, 5.46837712E-002
 2.95000000E+000, 0.00000000E+000, 1.00000000E+000, 1.00000000E-001, 8.44125708E-002
 3.05000000E+000, 0.00000000E+000, 1.00000000E+000, 1.00000000E-001, 1.26194630E-001
 3.15000000E+000, 0.00000000E+000, 1.00000000E+000, 1.00000000E-001, 1.82897106E-001
 3.25000000E+000, 0.00000000E+000, 1.00000000E+000, 1.00000000E-001, 2.57411162E-001
 3.35000000E+000, 0.00000000E+000, 1.00000000E+000, 1.00000000E-001, 3.52653600E-001
 3.45000000E+000, 0.00000000E+000, 1.00000000E+000, 1.00000000E-001, 4.71743295E-001
 3.55000000E+000, 0.00000000E+000, 1.00000000E+000, 1.00000000E-001, 6.18088706E-001
 3.65000000E+000, 0.00000000E+000, 1.00000000E+000, 1.00000000E-001, 7.58271315E-001
 3.75000000E+000, 0.00000000E+000, 1.00000000E+000, 1.00000000E-001, 8.42344508E-001
 3.85000000E+000, 0.00000000E+000, 1.00000000E+000, 1.00000000E-001, 8.79068917E-001
 3.95000000E+000, 0.00000000E+000, 1.00000000E+000, 1.00000000E-001, 8.86698310E-001
 4.05000000E+000, 0.00000000E+000, 1.00000000E+000, 1.00000000E-001, 8.82837256E-001
 4.15000000E+000, 0.00000000E+000, 1.00000000E+000, 1.00000000E-001, 8.64657294E-001
 4.25000000E+000, 0.00000000E+000, 1.00000000E+000, 1.00000000E-001, 8.23115062E-001
 4.35000000E+000, 0.00000000E+000, 1.00000000E+000, 1.00000000E-001, 7.52091033E-001
 4.45000000E+000, 0.00000000E+000, 1.00000000E+000, 1.00000000E-001, 6.49536019E-001
 4.55000000E+000, 0.00000000E+000, 1.00000000E+000, 1.00000000E-001, 5.18095322E-001
 4.65000000E+000, 0.00000000E+000, 1.00000000E+000, 1.00000000E-001, 3.73840702E-001
 4.75000000E+000, 0.00000000E+000, 1.00000000E+000, 1.00000000E-001, 2.60762904E-001
 4.85000000E+000, 0.00000000E+000, 1.00000000E+000, 1.00000000E-001, 1.77825770E-001
 4.95000000E+000, 0.00000000E+000, 1.00000000E+000, 1.00000000E-001, 1.18121436E-001
 5.05000000E+000, 0.00000000E+000, 1.00000000E+000, 1.00000000E-001, 7.65899681E-002
 5.15000000E+000, 0.00000000E+000, 1.00000000E+000, 1.00000000E-001, 4.84768299E-002
 5.25000000E+000, 0.00000000E+000, 1.00000000E+000, 1.00000000E-001, 2.95003774E-002
 5.35000000E+000, 0.00000000E+000, 1.00000000E+000, 1.00000000E-001, 1.67455650E-002
 5.45000000E+000, 0.00000000E+000, 1.00000000E+000, 1.00000000E-001, 8.84969147E-003
 5.55000000E+000, 0.00000000E+000, 1.00000000E+000, 1.00000000E-001, 5.10469392E-003
 5.65000000E+000, 0.00000000E+000, 1.00000000E+000, 1.00000000E-001, 4.30146522E-003
 5.75000000E+000, 0.00000000E+000, 1.00000000E+000, 1.00000000E-001, 4.85890665E-003
 5.85000000E+000, 0.00000000E+000, 1.00000000E+000, 1.00000000E-001, 7.81015417E-003
 5.95000000E+000, 0.00000000E+000, 1.00000000E+000, 1.00000000E-001, 1.61586463E-002
 6.05000000E+000, 0.00000000E+000, 1.00000000E+000, 1.00000000E-001, 3.48304659E-002
 6.15000000E+000, 0.00000000E+000, 1.00000000E+000, 1.00000000E-001, 7.12674661E-002
 6.25000000E+000, 0.00000000E+000, 1.00000000E+000, 1.00000000E-001, 1.35261131E-001
 6.35000000E+000, 0.00000000E+000, 1.00000000E+000, 1.00000000E-001, 2.37387158E-001
 6.45000000E+000, 0.00000000E+000, 1.00000000E+000, 1.00000000E-001, 3.85714194E-001
 6.55000000E+000, 0.00000000E+000, 1.00000000E+000, 1.00000000E-001, 5.80848073E-001
 6.65000000E+000, 0.00000000E+000, 1.00000000E+000, 1.00000000E-001, 7.63019914E-001
 6.75000000E+000, 0.00000000E+000, 1.00000000E+000, 1.00000000E-001, 8.75147520E-001
 6.85000000E+000, 0.00000000E+000, 1.00000000E+000, 1.00000000E-001, 9.38094994E-001
 6.95000000E+000, 0.00000000E+000, 1.00000000E+000, 1.00000000E-001, 9.70967172E-001
 7.05000000E+000, 0.00000000E+000, 1.00000000E+000, 1.00000000E-001, 9.87069279E-001
 7.15000000E+000, 0.00000000E+000, 1.00000000E+000, 1.00000000E-001, 9.94546133E-001
 7.25000000E+000, 0.00000000E+000, 1.00000000E+000, 1.00000000E-001, 9.97861801E-001
 7.35000000E+000, 0.00000000E+000, 1.00000000E+000, 1.00000000E-001, 9.99200797E-001
 7.45000000E+000, 0.00000000E+000, 1.00000000E+000, 1.00000000E-001, 9.99568816E-001
 7.55000000E+000, 0.00000000E+000, 1.00000000E+000, 1.00000000E-001, 9.99536605E-001
 7.65000000E+000, 0.00000000E+000, 1.00000000E+000, 1.00000000E-001, 9.99110617E-001
 7.75000000E+000, 0.00000000E+000, 1.00000000E+000, 1.00000000E-001, 9.97626463E-001
 7.85000000E+000, 0.00000000E+000, 1.00000000E+000, 1.00000000E-001, 9.93684711E-001
 7.95000000E+000, 0.00000000E+000, 1.00000000E+000, 1.00000000E-001, 9.84531211E-001
 8.05000000E+000, 0.00000000E+000, 1.00000000E+000, 1.00000000E-001, 9.65325507E-001
 8.15000000E+000, 0.00000000E+000, 1.00000000E+000, 1.00000000E-001, 9.28609825E-001
 8.25000000E+000, 0.00000000E+000, 1.00000000E+000, 1.00000000E-001, 8.64527820E-001
 8.35000000E+000, 0.00000000E+000, 1.00000000E+000, 1.00000000E-001, 7.62426958E-001
 8.45000000E+000, 0.00000000E+000, 1.00000000E+000, 1.00000000E-001, 6.14175020E-001
 8.55000000E+000, 0.00000000E+000, 1.00000000E+000, 1.00000000E-001, 4.19123493E-001
 8.65000000E+000, 0.00000000E+000, 1.00000000E+000, 1.00000000E-001, 2.36970831E-001
 8.75000000E+000, 0.00000000E+000, 1.00000000E+000, 1.00000000E-001, 1.24856722E-001
 8.85000000E+000, 0.00000000E+000, 1.00000000E+000, 1.00000000E-001, 6.19118186E-002
 8.95000000E+000, 0.00000000E+000, 1.00000000E+000, 1.00000000E-001, 2.90210910E-002
 9.05000000E+000, 0.00000000E+000, 1.00000000E+000, 1.00000000E-001, 1.29063654E-002
 9.15000000E+000, 0.00000000E+000, 1.00000000E+000, 1.00000000E-001, 5.46289184E-003
 9.25000000E+000, 0.00000000E+000, 1.00000000E+000, 1.00000000E-001, 2.20689525E-003
 9.35000000E+000, 0.00000000E+000, 1.00000000E+000, 1.00000000E-001, 8.53008813E-004
 9.45000000E+000, 0.00000000E+000, 1.00000000E+000, 1.00000000E-001, 3.16150726E-004
 9.55000000E+000, 0.00000000E+000, 1.00000000E+000, 1.00000000E-001, 1.12578268E-004
 9.65000000E+000, 0.00000000E+000, 1.00000000E+000, 1.00000000E-001, 3.85903754E-005
 9.75000000E+000, 0.00000000E+000, 1.00000000E+000, 1.00000000E-001, 1.27321570E-005
 9.85000000E+000, 0.00000000E+000, 1.00000000E+000, 1.00000000E-001, 4.12788389E-006
 9.95000000E+000, 0.00000000E+000, 1.00000000E+000, 1.00000000E-001, 1.04888641E-006
