   30.001790345947146      ,         100
X,ZB,H,U,T1,T2
 5.00000000E-002, 0.00000000E+000, 1.00000000E+000, 1.00000000E-001, 8.57425749E-008, 9.99975124E-001
 1.50000000E-001, 0.00000000E+000, 1.00000000E+000, 1.00000000E-001, 1.76347932E-007, 9.99949756E-001
 2.50000000E-001, 0.00000000E+000, 1.00000000E+000, 1.00000000E-001, 3.56741653E-007, 9.99901478E-001
 3.50000000E-001, 0.00000000E+000, 1.00000000E+000, 1.00000000E-001, 6.84021895E-007, 9.99818794E-001
 4.50000000E-001, 0.00000000E+000, 1.00000000E+000, 1.00000000E-001, 1.26355204E-006, 9.99682183E-001
 5.50000000E-001, 0.00000000E+000, 1.00000000E+000, 1.00000000E-001, 2.26891906E-006, 9.99462644E-001
 6.50000000E-001, 0.00000000E+000, 1.00000000E+000, 1.00000000E-001, 3.98158636E-006, 9.99118676E-001
 7.50000000E-001, 0.00000000E+000, 1.00000000E+000, 1.00000000E-001, 6.85168607E-006, 9.98592183E-001
 8.50000000E-001, 0.00000000E+000, 1.00000000E+000, 1.00000000E-001, 1.15890361E-005, 9.97803767E-001
 9.50000000E-001, 0.00000000E+000, 1.00000000E+000, 1.00000000E-001, 1.92973567E-005, 9.96647543E-001
 1.05000000E+000, 0.00000000E+000, 1.00000000E+000, 1.00000000E-001, 3.16689290E-005, 9.94985781E-001
 1.15000000E+000, 0.00000000E+000, 1.00000000E+000, 1.00000000E-001, 5.12620682E-005, 9.92643836E-001
 1.25000000E+000, 0.00000000E+000, 1.00000000E+000, 1.00000000E-001, 8.18896905E-005, 9.89405970E-001
 1.35000000E+000, 0.00000000E+000, 1.00000000E+000, 1.00000000E-001, 1.29152800E-004, 9.85012850E-001
 1.45000000E+000, 0.00000000E+000, 1.00000000E+000, 1.00000000E-001, 2.01160051E-004, 9.79161599E-001
 1.55000000E+000, 0.00000000E+000, 1.00000000E+000, 1.00000000E-001, 3.09438893E-004, 9.71509298E-001
 1.65000000E+000, 0.00000000E+000, 1.00000000E+000, 1.00000000E-001, 4.70096550E-004, 9.61680726E-001
 1.75000000E+000, 0.00000000E+000, 1.00000000E+000, 1.00000000E-001, 7.05608158E-004, 9.49280900E-001
 1.85000000E+000, 0.00000000E+000, 1.00000000E+000, 1.00000000E-001, 1.04648008E-003, 9.33912564E-001
 1.95000000E+000, 0.00000000E+000, 1.00000000E+000, 1.00000000E-001, 1.53354772E-003, 9.15198261E-001
 2.05000000E+000, 0.00000000E+000, 1.00000000E+000, 1.00000000E-001, 2.22057448E-003, 8.92806020E-001
 2.15000000E+000, 0.00000000E+000, 1.00000000E+000, 1.00000000E-001, 3.17710851E-003, 8.66477046E-001
 2.25000000E+000, 0.00000000E+000, 1.00000000E+000, 1.00000000E-001, 4.49148691E-003, 8.36053254E-001
 2.35000000E+000, 0.00000000E+000, 1.00000000E+000, 1.00000000E-001, 6.27378273E-003, 8.01502101E-001
 2.45000000E+000, 0.00000000E+000, 1.00000000E+000, 1.00000000E-001, 8.65840590E-003, 7.62936032E-001
 2.55000000E+000, 0.00000000E+000, 1.00000000E+000, 1.00000000E-001, 1.18059827E-002, 7.20624054E-001
 2.65000000E+000, 0.00000000E+000, 1.00000000E+000, 1.00000000E-001, 1.59040569E-002, 6.74993452E-001
 2.75000000E+000, 0.00000000E+000, 1.00000000E+000, 1.00000000E-001, 2.11660960E-002, 6.26620521E-001
 2.85000000E+000, 0.00000000E+000, 1.00000000E+000, 1.00000000E-001, 2.78282619E-002, 5.76210201E-001
 2.95000000E+000, 0.00000000E+000, 1.00000000E+000, 1.00000000E-001, 3.61434400E-002, 5.24565696E-001
 3.05000000E+000, 0.00000000E+000, 1.00000000E+000, 1.00000000E-001, 4.63721164E-002, 4.72550196E-001
 3.15000000E+000, 0.00000000E+000, 1.00000000E+000, 1.00000000E-001, 5.87698816E-002, 4.21043750E-001
 3.25000000E+000, 0.00000000E+000, 1.00000000E+000, 1.00000000E-001, 7.35716009E-002, 3.70898855E-001
 3.35000000E+000, 0.00000000E+000, 1.00000000E+000, 1.00000000E-001, 9.09726357E-002, 3.22898492E-001
 3.45000000E+000, 0.00000000E+000, 1.00000000E+000, 1.00000000E-001, 1.11107900E-001, 2.77720003E-001
 3.55000000E+000, 0.00000000E+000, 1.00000000E+000, 1.00000000E-001, 1.34029948E-001, 2.35907570E-001
 3.65000000E+000, 0.00000000E+000, 1.00000000E+000, 1.00000000E-001, 1.59687696E-001, 1.97855041E-001
 3.75000000E+000, 0.00000000E+000, 1.00000000E+000, 1.00000000E-001, 1.87907659E-001, 1.63799771E-001
 3.85000000E+000, 0.00000000E+000, 1.00000000E+000, 1.00000000E-001, 2.18379790E-001, 1.33827020E-001
 3.95000000E+000, 0.00000000E+000, 1.00000000E+000, 1.00000000E-001, 2.50649961E-001, 1.07883507E-001
 4.05000000E+000, 0.00000000E+000, 1.00000000E+000, 1.00000000E-001, 2.84120871E-001, 8.57979961E-002
 4.15000000E+000, 0.00000000E+000, 1.00000000E+000, 1.00000000E-001, 3.18062702E-001, 6.73064253E-002
 4.25000000E+000, 0.00000000E+000, 1.00000000E+000, 1.00000000E-001, 3.51634114E-001, 5.20790098E-002
 4.35000000E+000, 0.00000000E+000, 1.00000000E+000, 1.00000000E-001, 3.83913292E-001, 3.97469884E-002
 4.45000000E+000, 0.00000000E+000, 1.00000000E+000, 1.00000000E-001, 4.13937819E-001, 2.99271227E-002
 4.55000000E+000, 0.00000000E+000, 1.00000000E+000, 1.00000000E-001, 4.40751142E-001, 2.22426323E-002
 4.65000000E+000, 0.00000000E+000, 1.00000000E+000, 1.00000000E-001, 4.63452652E-001, 1.63398646E-002
 4.75000000E+000, 0.00000000E+000, 1.00000000E+000, 1.00000000E-001, 4.81247739E-001, 1.19005657E-002
 4.85000000E+000, 0.00000000E+000, 1.00000000E+000, 1.00000000E-001, 4.93493981E-001, 8.65008681E-003
 4.95000000E+000, 0.00000000E+000, 1.00000000E+000, 1.00000000E-001, 4.99739728E-001, 6.36219406E-003
 5.05000000E+000, 0.00000000E+000, 1.00000000E+000, 1.00000000E-001, 4.99750668E-001, 4.86133287E-003
 5.15000000E+000, 0.00000000E+000, 1.00000000E+000, 1.00000000E-001, 4.93524830E-001, 4.02323048E-003
 5.25000000E+000, 0.00000000E+000, 1.00000000E+000, 1.00000000E-001, 4.81296893E-001, 3.77480965E-003
 5.35000000E+000, 0.00000000E+000, 1.00000000E+000, 1.00000000E-001, 4.63518782E-001, 4.09448530E-003
 5.45000000E+000, 0.00000000E+000, 1.00000000E+000, 1.00000000E-001, 4.40832465E-001, 5.00982470E-003
 5.55000000E+000, 0.00000000E+000, 1.00000000E+000, 1.00000000E-001, 4.14032090E-001, 6.59860496E-003
 5.65000000E+000, 0.00000000E+000, 1.00000000E+000, 1.00000000E-001, 3.84017899E-001, 8.98993751E-003
 5.75000000E+000, 0.00000000E+000, 1.00000000E+000, 1.00000000E-001, 3.51746187E-001, 1.23638077E-002
 5.85000000E+000, 0.00000000E+000, 1.00000000E+000, 1.00000000E-001, 3.18179237E-001, 1.69499818E-002
 5.95000000E+000, 0.00000000E+000, 1.00000000E+000, 1.00000000E-001, 2.84238862E-001, 2.30253007E-002
 6.05000000E+000, 0.00000000E+000, 1.00000000E+000, 1.00000000E-001, 2.50766542E-001, 3.09083433E-002
 6.15000000E+000, 0.00000000E+000, 1.00000000E+000, 1.00000000E-001, 2.18492365E-001, 4.09506196E-002
 6.25000000E+000, 0.00000000E+000, 1.00000000E+000, 1.00000000E-001, 1.88014016E-001, 5.35236686E-002
 6.35000000E+000, 0.00000000E+000, 1.00000000E+000, 1.00000000E-001, 1.59786094E-001, 6.90017764E-002
 6.45000000E+000, 0.00000000E+000, 1.00000000E+000, 1.00000000E-001, 1.34119160E-001, 8.77404933E-002
 6.55000000E+000, 0.00000000E+000, 1.00000000E+000, 1.00000000E-001, 1.11187220E-001, 1.10051692E-001
 6.65000000E+000, 0.00000000E+000, 1.00000000E+000, 1.00000000E-001, 9.10418515E-002, 1.36176482E-001
 6.75000000E+000, 0.00000000E+000, 1.00000000E+000, 1.00000000E-001, 7.36309300E-002, 1.66257838E-001
 6.85000000E+000, 0.00000000E+000, 1.00000000E+000, 1.00000000E-001, 5.88198885E-002, 2.00315177E-001
 6.95000000E+000, 0.00000000E+000, 1.00000000E+000, 1.00000000E-001, 4.64136173E-002, 2.38223294E-001
 7.05000000E+000, 0.00000000E+000, 1.00000000E+000, 1.00000000E-001, 3.61774069E-002, 2.79697961E-001
 7.15000000E+000, 0.00000000E+000, 1.00000000E+000, 1.00000000E-001, 2.78557345E-002, 3.24290066E-001
 7.25000000E+000, 0.00000000E+000, 1.00000000E+000, 1.00000000E-001, 2.11881080E-002, 3.71389493E-001
 7.35000000E+000, 0.00000000E+000, 1.00000000E+000, 1.00000000E-001, 1.59215798E-002, 4.20239049E-001
 7.45000000E+000, 0.00000000E+000, 1.00000000E+000, 1.00000000E-001, 1.18198883E-002, 4.69957765E-001
 7.55000000E+000, 0.00000000E+000, 1.00000000E+000, 1.00000000E-001, 8.66944626E-003, 5.19571958E-001
 7.65000000E+000, 0.00000000E+000, 1.00000000E+000, 1.00000000E-001, 6.28258419E-003, 5.68051718E-001
 7.75000000E+000, 0.00000000E+000, 1.00000000E+000, 1.00000000E-001, 4.49855511E-003, 6.14350031E-001
 7.85000000E+000, 0.00000000E+000, 1.00000000E+000, 1.00000000E-001, 3.18284041E-003, 6.57441670E-001
 7.95000000E+000, 0.00000000E+000, 1.00000000E+000, 1.00000000E-001, 2.22527430E-003, 6.96359311E-001
 8.05000000E+000, 0.00000000E+000, 1.00000000E+000, 1.00000000E-001, 1.53744391E-003, 7.30224912E-001
 8.15000000E+000, 0.00000000E+000, 1.00000000E+000, 1.00000000E-001, 1.04974193E-003, 7.58275207E-001
 8.25000000E+000, 0.00000000E+000, 1.00000000E+000, 1.00000000E-001, 7.08360187E-004, 7.79881019E-001
 8.35000000E+000, 0.00000000E+000, 1.00000000E+000, 1.00000000E-001, 4.72427314E-004, 7.94560812E-001
 8.45000000E+000, 0.00000000E+000, 1.00000000E+000, 1.00000000E-001, 3.11419874E-004, 8.01989419E-001
 8.55000000E+000, 0.00000000E+000, 1.00000000E+000, 1.00000000E-001, 2.02916809E-004, 8.02002578E-001
 8.65000000E+000, 0.00000000E+000, 1.00000000E+000, 1.00000000E-001, 1.30636080E-004, 7.94599329E-001
 8.75000000E+000, 0.00000000E+000, 1.00000000E+000, 1.00000000E-001, 8.31204472E-005, 7.79943671E-001
 8.85000000E+000, 0.00000000E+000, 1.00000000E+000, 1.00000000E-001, 5.22792727E-005, 7.58360519E-001
 8.95000000E+000, 0.00000000E+000, 1.00000000E+000, 1.00000000E-001, 3.25057020E-005, 7.30331002E-001
 9.05000000E+000, 0.00000000E+000, 1.00000000E+000, 1.00000000E-001, 1.99810619E-005, 6.96484184E-001
 9.15000000E+000, 0.00000000E+000, 1.00000000E+000, 1.00000000E-001, 1.21431168E-005, 6.57583997E-001
 9.25000000E+000, 0.00000000E+000, 1.00000000E+000, 1.00000000E-001, 7.29659413E-006, 6.14511207E-001
 9.35000000E+000, 0.00000000E+000, 1.00000000E+000, 1.00000000E-001, 4.33526124E-006, 5.68241631E-001
 9.45000000E+000, 0.00000000E+000, 1.00000000E+000, 1.00000000E-001, 2.54708735E-006, 5.19825438E-001
 9.55000000E+000, 0.00000000E+000, 1.00000000E+000, 1.00000000E-001, 1.47993637E-006, 4.70381364E-001
 9.65000000E+000, 0.00000000E+000, 1.00000000E+000, 1.00000000E-001, 8.50566757E-007, 4.21143110E-001
 9.75000000E+000, 0.00000000E+000, 1.00000000E+000, 1.00000000E-001, 4.84104258E-007, 3.73658747E-001
 9.85000000E+000, 0.00000000E+000, 1.00000000E+000, 1.00000000E-001, 2.75167129E-007, 3.30421392E-001
 9.95000000E+000, 0.00000000E+000, 1.00000000E+000, 1.00000000E-001, 1.62932215E-007, 2.96935908E-001
