   30.001790345947146      ,         100
X,ZB,H,U,T1,T2
 5.00000000E-002, 0.00000000E+000, 1.00000000E+000, 1.00000000E-001, 6.94995372E-018, 1.00000000E+000
 1.50000000E-001, 0.00000000E+000, 1.00000000E+000, 1.00000000E-001, 2.66341021E-017, 1.00000000E+000
 2.50000000E-001, 0.00000000E+000, 1.00000000E+000, 1.00000000E-001, 1.13312007E-016, 1.00000000E+000
 3.50000000E-001, 0.00000000E+000, 1.00000000E+000, 1.00000000E-001, 5.08865138E-016, 1.00000000E+000
 4.50000000E-001, 0.00000000E+000, 1.00000000E+000, 1.00000000E-001, 2.26372578E-015, 1.00000000E+000
 5.50000000E-001, 0.00000000E+000, 1.00000000E+000, 1.00000000E-001, 9.99314026E-015, 1.00000000E+000
 6.50000000E-001, 0.00000000E+000, 1.00000000E+000, 1.00000000E-001, 4.35525171E-014, 9.99999999E-001
 7.50000000E-001, 0.00000000E+000, 1.00000000E+000, 1.00000000E-001, 1.86182780E-013, 9.99999998E-001
 8.50000000E-001, 0.00000000E+000, 1.00000000E+000, 1.00000000E-001, 7.75364464E-013, 9.99999991E-001
 9.50000000E-001, 0.00000000E+000, 1.00000000E+000, 1.00000000E-001, 3.12570454E-012, 9.99999964E-001
 1.05000000E+000, 0.00000000E+000, 1.00000000E+000, 1.00000000E-001, 1.21332968E-011, 9.99999867E-001
 1.15000000E+000, 0.00000000E+000, 1.00000000E+000, 1.00000000E-001, 4.51762521E-011, 9.99999536E-001
 1.25000000E+000, 0.00000000E+000, 1.00000000E+000, 1.00000000E-001, 1.60934577E-010, 9.99998473E-001
 1.35000000E+000, 0.00000000E+000, 1.00000000E+000, 1.00000000E-001, 5.47801970E-010, 9.99995243E-001
 1.45000000E+000, 0.00000000E+000, 1.00000000E+000, 1.00000000E-001, 1.78105108E-009, 9.99985982E-001
 1.55000000E+000, 0.00000000E+000, 1.00000000E+000, 1.00000000E-001, 5.53304319E-009, 9.99960905E-001
 1.65000000E+000, 0.00000000E+000, 1.00000000E+000, 1.00000000E-001, 1.64386505E-008, 9.99896740E-001
 1.75000000E+000, 0.00000000E+000, 1.00000000E+000, 1.00000000E-001, 4.67641500E-008, 9.99741430E-001
 1.85000000E+000, 0.00000000E+000, 1.00000000E+000, 1.00000000E-001, 1.27564503E-007, 9.99385477E-001
 1.95000000E+000, 0.00000000E+000, 1.00000000E+000, 1.00000000E-001, 3.34190262E-007, 9.98612239E-001
 2.05000000E+000, 0.00000000E+000, 1.00000000E+000, 1.00000000E-001, 8.42174122E-007, 9.97018692E-001
 2.15000000E+000, 0.00000000E+000, 1.00000000E+000, 1.00000000E-001, 2.04477885E-006, 9.93900449E-001
 2.25000000E+000, 0.00000000E+000, 1.00000000E+000, 1.00000000E-001, 4.79066526E-006, 9.88102792E-001
 2.35000000E+000, 0.00000000E+000, 1.00000000E+000, 1.00000000E-001, 1.08462933E-005, 9.77855025E-001
 2.45000000E+000, 0.00000000E+000, 1.00000000E+000, 1.00000000E-001, 2.37621529E-005, 9.60628606E-001
 2.55000000E+000, 0.00000000E+000, 1.00000000E+000, 1.00000000E-001, 5.04355524E-005, 9.33085685E-001
 2.65000000E+000, 0.00000000E+000, 1.00000000E+000, 1.00000000E-001, 1.03825135E-004, 8.91204234E-001
 2.75000000E+000, 0.00000000E+000, 1.00000000E+000, 1.00000000E-001, 2.07486685E-004, 8.30664427E-001
 2.85000000E+000, 0.00000000E+000, 1.00000000E+000, 1.00000000E-001, 4.02853743E-004, 7.47543870E-001
 2.95000000E+000, 0.00000000E+000, 1.00000000E+000, 1.00000000E-001, 7.60439767E-004, 6.39289806E-001
 3.05000000E+000, 0.00000000E+000, 1.00000000E+000, 1.00000000E-001, 1.39630926E-003, 5.05819939E-001
 3.15000000E+000, 0.00000000E+000, 1.00000000E+000, 1.00000000E-001, 2.49512042E-003, 3.50489877E-001
 3.25000000E+000, 0.00000000E+000, 1.00000000E+000, 1.00000000E-001, 4.34060112E-003, 1.84442909E-001
 3.35000000E+000, 0.00000000E+000, 1.00000000E+000, 1.00000000E-001, 7.35328262E-003, 5.72742284E-002
 3.45000000E+000, 0.00000000E+000, 1.00000000E+000, 1.00000000E-001, 1.21335228E-002,-7.11142824E-003
 3.55000000E+000, 0.00000000E+000, 1.00000000E+000, 1.00000000E-001, 1.95052804E-002,-1.88455113E-002
 3.65000000E+000, 0.00000000E+000, 1.00000000E+000, 1.00000000E-001, 3.05529825E-002,-1.51471958E-002
 3.75000000E+000, 0.00000000E+000, 1.00000000E+000, 1.00000000E-001, 4.66407255E-002,-9.58599922E-003
 3.85000000E+000, 0.00000000E+000, 1.00000000E+000, 1.00000000E-001, 6.94008738E-002,-3.58038149E-003
 3.95000000E+000, 0.00000000E+000, 1.00000000E+000, 1.00000000E-001, 1.00678978E-001,-1.21881359E-004
 4.05000000E+000, 0.00000000E+000, 1.00000000E+000, 1.00000000E-001, 1.42424777E-001, 6.15918551E-004
 4.15000000E+000, 0.00000000E+000, 1.00000000E+000, 1.00000000E-001, 1.96525261E-001, 4.53028945E-004
 4.25000000E+000, 0.00000000E+000, 1.00000000E+000, 1.00000000E-001, 2.64584667E-001, 2.20220402E-004
 4.35000000E+000, 0.00000000E+000, 1.00000000E+000, 1.00000000E-001, 3.47665990E-001, 3.96867039E-005
 4.45000000E+000, 0.00000000E+000, 1.00000000E+000, 1.00000000E-001, 4.46016250E-001,-1.95303671E-005
 4.55000000E+000, 0.00000000E+000, 1.00000000E+000, 1.00000000E-001, 5.58792802E-001,-1.56201803E-005
 4.65000000E+000, 0.00000000E+000, 1.00000000E+000, 1.00000000E-001, 6.84342234E-001,-7.49727576E-006
 4.75000000E+000, 0.00000000E+000, 1.00000000E+000, 1.00000000E-001, 8.04132489E-001,-1.11050820E-006
 4.85000000E+000, 0.00000000E+000, 1.00000000E+000, 1.00000000E-001, 8.76149088E-001, 6.63247609E-007
 4.95000000E+000, 0.00000000E+000, 1.00000000E+000, 1.00000000E-001, 8.87610557E-001, 4.64125228E-007
 5.05000000E+000, 0.00000000E+000, 1.00000000E+000, 1.00000000E-001, 8.77474773E-001, 1.66051257E-007
 5.15000000E+000, 0.00000000E+000, 1.00000000E+000, 1.00000000E-001, 8.53426086E-001,-4.24579248E-010
 5.25000000E+000, 0.00000000E+000, 1.00000000E+000, 1.00000000E-001, 8.11379142E-001,-1.98848677E-008
 5.35000000E+000, 0.00000000E+000, 1.00000000E+000, 1.00000000E-001, 7.48886547E-001,-9.93708376E-009
 5.45000000E+000, 0.00000000E+000, 1.00000000E+000, 1.00000000E-001, 6.65314155E-001, 5.57876948E-009
 5.55000000E+000, 0.00000000E+000, 1.00000000E+000, 1.00000000E-001, 5.62079739E-001, 4.24971476E-008
 5.65000000E+000, 0.00000000E+000, 1.00000000E+000, 1.00000000E-001, 4.42787993E-001, 1.76000264E-007
 5.75000000E+000, 0.00000000E+000, 1.00000000E+000, 1.00000000E-001, 3.13052043E-001, 6.72450131E-007
 5.85000000E+000, 0.00000000E+000, 1.00000000E+000, 1.00000000E-001, 1.96368518E-001, 2.38562128E-006
 5.95000000E+000, 0.00000000E+000, 1.00000000E+000, 1.00000000E-001, 1.12875232E-001, 7.84601142E-006
 6.05000000E+000, 0.00000000E+000, 1.00000000E+000, 1.00000000E-001, 6.11955986E-002, 2.40006914E-005
 6.15000000E+000, 0.00000000E+000, 1.00000000E+000, 1.00000000E-001, 3.20430322E-002, 6.85551681E-005
 6.25000000E+000, 0.00000000E+000, 1.00000000E+000, 1.00000000E-001, 1.63309619E-002, 1.83505735E-004
 6.35000000E+000, 0.00000000E+000, 1.00000000E+000, 1.00000000E-001, 7.94173470E-003, 4.61749864E-004
 6.45000000E+000, 0.00000000E+000, 1.00000000E+000, 1.00000000E-001, 3.48423733E-003, 1.09520510E-003
 6.55000000E+000, 0.00000000E+000, 1.00000000E+000, 1.00000000E-001, 1.20519371E-003, 2.45444825E-003
 6.65000000E+000, 0.00000000E+000, 1.00000000E+000, 1.00000000E-001, 1.66796655E-004, 5.20828236E-003
 6.75000000E+000, 0.00000000E+000, 1.00000000E+000, 1.00000000E-001,-1.37658959E-004, 1.04838322E-002
 6.85000000E+000, 0.00000000E+000, 1.00000000E+000, 1.00000000E-001,-1.17417442E-004, 2.00510184E-002
 6.95000000E+000, 0.00000000E+000, 1.00000000E+000, 1.00000000E-001,-7.82134790E-005, 3.64891474E-002
 7.05000000E+000, 0.00000000E+000, 1.00000000E+000, 1.00000000E-001,-3.72505189E-005, 6.32623750E-002
 7.15000000E+000, 0.00000000E+000, 1.00000000E+000, 1.00000000E-001,-1.18651371E-005, 1.04606157E-001
 7.25000000E+000, 0.00000000E+000, 1.00000000E+000, 1.00000000E-001,-8.35349610E-007, 1.65125577E-001
 7.35000000E+000, 0.00000000E+000, 1.00000000E+000, 1.00000000E-001, 1.28067149E-006, 2.49046434E-001
 7.45000000E+000, 0.00000000E+000, 1.00000000E+000, 1.00000000E-001, 8.73701510E-007, 3.59150291E-001
 7.55000000E+000, 0.00000000E+000, 1.00000000E+000, 1.00000000E-001, 4.12467544E-007, 4.95558952E-001
 7.65000000E+000, 0.00000000E+000, 1.00000000E+000, 1.00000000E-001, 1.27277963E-007, 6.54695980E-001
 7.75000000E+000, 0.00000000E+000, 1.00000000E+000, 1.00000000E-001, 8.68902994E-009, 8.23670319E-001
 7.85000000E+000, 0.00000000E+000, 1.00000000E+000, 1.00000000E-001,-1.21911001E-008, 9.49794625E-001
 7.95000000E+000, 0.00000000E+000, 1.00000000E+000, 1.00000000E-001,-7.80648161E-009, 1.01084353E+000
 8.05000000E+000, 0.00000000E+000, 1.00000000E+000, 1.00000000E-001,-3.25649912E-009, 1.01951194E+000
 8.15000000E+000, 0.00000000E+000, 1.00000000E+000, 1.00000000E-001,-7.41464589E-010, 1.01549024E+000
 8.25000000E+000, 0.00000000E+000, 1.00000000E+000, 1.00000000E-001, 1.15513148E-010, 1.00965059E+000
 8.35000000E+000, 0.00000000E+000, 1.00000000E+000, 1.00000000E-001, 1.04914852E-010, 1.00358635E+000
 8.45000000E+000, 0.00000000E+000, 1.00000000E+000, 1.00000000E-001, 5.34381597E-011, 9.99593608E-001
 8.55000000E+000, 0.00000000E+000, 1.00000000E+000, 1.00000000E-001, 1.10420095E-011, 9.96633324E-001
 8.65000000E+000, 0.00000000E+000, 1.00000000E+000, 1.00000000E-001,-1.90602003E-012, 9.93361733E-001
 8.75000000E+000, 0.00000000E+000, 1.00000000E+000, 1.00000000E-001,-1.26325705E-012, 9.88340793E-001
 8.85000000E+000, 0.00000000E+000, 1.00000000E+000, 1.00000000E-001,-2.84263189E-013, 9.79323706E-001
 8.95000000E+000, 0.00000000E+000, 1.00000000E+000, 1.00000000E-001, 9.44086825E-014, 9.63377441E-001
 9.05000000E+000, 0.00000000E+000, 1.00000000E+000, 1.00000000E-001, 7.46758860E-014, 9.36884995E-001
 9.15000000E+000, 0.00000000E+000, 1.00000000E+000, 1.00000000E-001, 2.72492627E-014, 8.95614081E-001
 9.25000000E+000, 0.00000000E+000, 1.00000000E+000, 1.00000000E-001,-3.48503149E-015, 8.35040121E-001
 9.35000000E+000, 0.00000000E+000, 1.00000000E+000, 1.00000000E-001,-5.60442721E-015, 7.51026406E-001
 9.45000000E+000, 0.00000000E+000, 1.00000000E+000, 1.00000000E-001,-2.98728441E-015, 6.40849779E-001
 9.55000000E+000, 0.00000000E+000, 1.00000000E+000, 1.00000000E-001,-3.78777038E-016, 5.04406544E-001
 9.65000000E+000, 0.00000000E+000, 1.00000000E+000, 1.00000000E-001, 1.79830488E-016, 3.45256669E-001
 9.75000000E+000, 0.00000000E+000, 1.00000000E+000, 1.00000000E-001, 1.14268845E-016, 1.76498162E-001
 9.85000000E+000, 0.00000000E+000, 1.00000000E+000, 1.00000000E-001, 7.19281807E-017, 4.95420736E-002
 9.95000000E+000, 0.00000000E+000, 1.00000000E+000, 1.00000000E-001, 4.24062658E-017,-1.28461402E-002
