   30.001790345947146      ,         100
X,ZB,H,U,T1,T2
 5.00000000E-002, 0.00000000E+000, 1.00000000E+000, 1.00000000E-001, 6.94995372E-018, 1.00000000E+000
 1.50000000E-001, 0.00000000E+000, 1.00000000E+000, 1.00000000E-001, 2.49386866E-017, 1.00000000E+000
 2.50000000E-001, 0.00000000E+000, 1.00000000E+000, 1.00000000E-001, 7.45467676E-017, 1.00000000E+000
 3.50000000E-001, 0.00000000E+000, 1.00000000E+000, 1.00000000E-001, 2.83029419E-016, 1.00000000E+000
 4.50000000E-001, 0.00000000E+000, 1.00000000E+000, 1.00000000E-001, 1.06284600E-015, 1.00000000E+000
 5.50000000E-001, 0.00000000E+000, 1.00000000E+000, 1.00000000E-001, 3.96761525E-015, 1.00000000E+000
 6.50000000E-001, 0.00000000E+000, 1.00000000E+000, 1.00000000E-001, 1.47976533E-014, 1.00000000E+000
 7.50000000E-001, 0.00000000E+000, 1.00000000E+000, 1.00000000E-001, 5.51246316E-014, 9.99999999E-001
 8.50000000E-001, 0.00000000E+000, 1.00000000E+000, 1.00000000E-001, 2.04806479E-013, 9.99999997E-001
 9.50000000E-001, 0.00000000E+000, 1.00000000E+000, 1.00000000E-001, 7.57027127E-013, 9.99999990E-001
 1.05000000E+000, 0.00000000E+000, 1.00000000E+000, 1.00000000E-001, 2.77393666E-012, 9.99999964E-001
 1.15000000E+000, 0.00000000E+000, 1.00000000E+000, 1.00000000E-001, 1.00308907E-011, 9.99999874E-001
 1.25000000E+000, 0.00000000E+000, 1.00000000E+000, 1.00000000E-001, 3.56164908E-011, 9.99999569E-001
 1.35000000E+000, 0.00000000E+000, 1.00000000E+000, 1.00000000E-001, 1.23548455E-010, 9.99998579E-001
 1.45000000E+000, 0.00000000E+000, 1.00000000E+000, 1.00000000E-001, 4.16774935E-010, 9.99995494E-001
 1.55000000E+000, 0.00000000E+000, 1.00000000E+000, 1.00000000E-001, 1.36201149E-009, 9.99986324E-001
 1.65000000E+000, 0.00000000E+000, 1.00000000E+000, 1.00000000E-001, 4.29936594E-009, 9.99960382E-001
 1.75000000E+000, 0.00000000E+000, 1.00000000E+000, 1.00000000E-001, 1.30825723E-008, 9.99890689E-001
 1.85000000E+000, 0.00000000E+000, 1.00000000E+000, 1.00000000E-001, 3.83282678E-008, 9.99713132E-001
 1.95000000E+000, 0.00000000E+000, 1.00000000E+000, 1.00000000E-001, 1.08056145E-007, 9.99284545E-001
 2.05000000E+000, 0.00000000E+000, 1.00000000E+000, 1.00000000E-001, 2.93146668E-007, 9.98305001E-001
 2.15000000E+000, 0.00000000E+000, 1.00000000E+000, 1.00000000E-001, 7.65603237E-007, 9.96186157E-001
 2.25000000E+000, 0.00000000E+000, 1.00000000E+000, 1.00000000E-001, 1.92624176E-006, 9.91850034E-001
 2.35000000E+000, 0.00000000E+000, 1.00000000E+000, 1.00000000E-001, 4.67299008E-006, 9.83458096E-001
 2.45000000E+000, 0.00000000E+000, 1.00000000E+000, 1.00000000E-001, 1.09418948E-005, 9.68105930E-001
 2.55000000E+000, 0.00000000E+000, 1.00000000E+000, 1.00000000E-001, 2.47547343E-005, 9.41576031E-001
 2.65000000E+000, 0.00000000E+000, 1.00000000E+000, 1.00000000E-001, 5.41676552E-005, 8.98308966E-001
 2.75000000E+000, 0.00000000E+000, 1.00000000E+000, 1.00000000E-001, 1.14751998E-004, 8.31801323E-001
 2.85000000E+000, 0.00000000E+000, 1.00000000E+000, 1.00000000E-001, 2.35560091E-004, 7.35619955E-001
 2.95000000E+000, 0.00000000E+000, 1.00000000E+000, 1.00000000E-001, 4.68919588E-004, 6.05088868E-001
 3.05000000E+000, 0.00000000E+000, 1.00000000E+000, 1.00000000E-001, 9.05797057E-004, 4.39442305E-001
 3.15000000E+000, 0.00000000E+000, 1.00000000E+000, 1.00000000E-001, 1.69873875E-003, 2.72327904E-001
 3.25000000E+000, 0.00000000E+000, 1.00000000E+000, 1.00000000E-001, 3.09430659E-003, 1.59151082E-001
 3.35000000E+000, 0.00000000E+000, 1.00000000E+000, 1.00000000E-001, 5.47617536E-003, 8.86236048E-002
 3.45000000E+000, 0.00000000E+000, 1.00000000E+000, 1.00000000E-001, 9.41833736E-003, 4.71891706E-002
 3.55000000E+000, 0.00000000E+000, 1.00000000E+000, 1.00000000E-001, 1.57450337E-002, 2.40870805E-002
 3.65000000E+000, 0.00000000E+000, 1.00000000E+000, 1.00000000E-001, 2.55903817E-002, 1.18123028E-002
 3.75000000E+000, 0.00000000E+000, 1.00000000E+000, 1.00000000E-001, 4.04471625E-002, 5.57635252E-003
 3.85000000E+000, 0.00000000E+000, 1.00000000E+000, 1.00000000E-001, 6.21925951E-002, 2.53863050E-003
 3.95000000E+000, 0.00000000E+000, 1.00000000E+000, 1.00000000E-001, 9.30811512E-002, 1.11628579E-003
 4.05000000E+000, 0.00000000E+000, 1.00000000E+000, 1.00000000E-001, 1.35701601E-001, 4.74795226E-004
 4.15000000E+000, 0.00000000E+000, 1.00000000E+000, 1.00000000E-001, 1.92905544E-001, 1.95598265E-004
 4.25000000E+000, 0.00000000E+000, 1.00000000E+000, 1.00000000E-001, 2.67720868E-001, 7.81403972E-005
 4.35000000E+000, 0.00000000E+000, 1.00000000E+000, 1.00000000E-001, 3.63254462E-001, 3.03054057E-005
 4.45000000E+000, 0.00000000E+000, 1.00000000E+000, 1.00000000E-001, 4.82553018E-001, 1.14220265E-005
 4.55000000E+000, 0.00000000E+000, 1.00000000E+000, 1.00000000E-001, 6.26033182E-001, 4.18752115E-006
 4.65000000E+000, 0.00000000E+000, 1.00000000E+000, 1.00000000E-001, 7.47358401E-001, 1.49466678E-006
 4.75000000E+000, 0.00000000E+000, 1.00000000E+000, 1.00000000E-001, 8.17590241E-001, 5.19820408E-007
 4.85000000E+000, 0.00000000E+000, 1.00000000E+000, 1.00000000E-001, 8.47826603E-001, 1.76286280E-007
 4.95000000E+000, 0.00000000E+000, 1.00000000E+000, 1.00000000E-001, 8.54031025E-001, 5.83694958E-008
 5.05000000E+000, 0.00000000E+000, 1.00000000E+000, 1.00000000E-001, 8.50786169E-001, 1.88845026E-008
 5.15000000E+000, 0.00000000E+000, 1.00000000E+000, 1.00000000E-001, 8.35574390E-001, 5.87114234E-009
 5.25000000E+000, 0.00000000E+000, 1.00000000E+000, 1.00000000E-001, 8.00589611E-001, 1.70063497E-009
 5.35000000E+000, 0.00000000E+000, 1.00000000E+000, 1.00000000E-001, 7.39996710E-001, 7.82166080E-010
 5.45000000E+000, 0.00000000E+000, 1.00000000E+000, 1.00000000E-001, 6.50830967E-001, 1.17220878E-009
 5.55000000E+000, 0.00000000E+000, 1.00000000E+000, 1.00000000E-001, 5.33728414E-001, 4.83887762E-009
 5.65000000E+000, 0.00000000E+000, 1.00000000E+000, 1.00000000E-001, 3.95378029E-001, 2.41513729E-008
 5.75000000E+000, 0.00000000E+000, 1.00000000E+000, 1.00000000E-001, 2.75630277E-001, 1.11671152E-007
 5.85000000E+000, 0.00000000E+000, 1.00000000E+000, 1.00000000E-001, 1.88917210E-001, 4.71705321E-007
 5.95000000E+000, 0.00000000E+000, 1.00000000E+000, 1.00000000E-001, 1.26900057E-001, 1.83016957E-006
 6.05000000E+000, 0.00000000E+000, 1.00000000E+000, 1.00000000E-001, 8.33409543E-002, 6.55489758E-006
 6.15000000E+000, 0.00000000E+000, 1.00000000E+000, 1.00000000E-001, 5.34266293E-002, 2.17615820E-005
 6.25000000E+000, 0.00000000E+000, 1.00000000E+000, 1.00000000E-001, 3.33979935E-002, 6.72047280E-005
 6.35000000E+000, 0.00000000E+000, 1.00000000E+000, 1.00000000E-001, 2.03476554E-002, 1.93651362E-004
 6.45000000E+000, 0.00000000E+000, 1.00000000E+000, 1.00000000E-001, 1.20798263E-002, 5.22039441E-004
 6.55000000E+000, 0.00000000E+000, 1.00000000E+000, 1.00000000E-001, 6.98854622E-003, 1.31961413E-003
 6.65000000E+000, 0.00000000E+000, 1.00000000E+000, 1.00000000E-001, 3.94086326E-003, 3.13413277E-003
 6.75000000E+000, 0.00000000E+000, 1.00000000E+000, 1.00000000E-001, 2.16679569E-003, 7.00587924E-003
 6.85000000E+000, 0.00000000E+000, 1.00000000E+000, 1.00000000E-001, 1.16208372E-003, 1.47613138E-002
 6.95000000E+000, 0.00000000E+000, 1.00000000E+000, 1.00000000E-001, 6.08184478E-004, 2.93528939E-002
 7.05000000E+000, 0.00000000E+000, 1.00000000E+000, 1.00000000E-001, 3.10744890E-004, 5.51441343E-002
 7.15000000E+000, 0.00000000E+000, 1.00000000E+000, 1.00000000E-001, 1.55073338E-004, 9.79600738E-002
 7.25000000E+000, 0.00000000E+000, 1.00000000E+000, 1.00000000E-001, 7.56182479E-005, 1.64666985E-001
 7.35000000E+000, 0.00000000E+000, 1.00000000E+000, 1.00000000E-001, 3.60462769E-005, 2.62067850E-001
 7.45000000E+000, 0.00000000E+000, 1.00000000E+000, 1.00000000E-001, 1.68043423E-005, 3.95057103E-001
 7.55000000E+000, 0.00000000E+000, 1.00000000E+000, 1.00000000E-001, 7.66456101E-006, 5.64278568E-001
 7.65000000E+000, 0.00000000E+000, 1.00000000E+000, 1.00000000E-001, 3.42159984E-006, 7.32292861E-001
 7.75000000E+000, 0.00000000E+000, 1.00000000E+000, 1.00000000E-001, 1.49559131E-006, 8.44748608E-001
 7.85000000E+000, 0.00000000E+000, 1.00000000E+000, 1.00000000E-001, 6.40321800E-007, 9.14161159E-001
 7.95000000E+000, 0.00000000E+000, 1.00000000E+000, 1.00000000E-001, 2.68620738E-007, 9.54654143E-001
 8.05000000E+000, 0.00000000E+000, 1.00000000E+000, 1.00000000E-001, 1.10455051E-007, 9.77196715E-001
 8.15000000E+000, 0.00000000E+000, 1.00000000E+000, 1.00000000E-001, 4.45328200E-008, 9.89182937E-001
 8.25000000E+000, 0.00000000E+000, 1.00000000E+000, 1.00000000E-001, 1.76101191E-008, 9.95089576E-001
 8.35000000E+000, 0.00000000E+000, 1.00000000E+000, 1.00000000E-001, 6.83228767E-009, 9.97482911E-001
 8.45000000E+000, 0.00000000E+000, 1.00000000E+000, 1.00000000E-001, 2.60148686E-009, 9.97988751E-001
 8.55000000E+000, 0.00000000E+000, 1.00000000E+000, 1.00000000E-001, 9.72421353E-010, 9.97747237E-001
 8.65000000E+000, 0.00000000E+000, 1.00000000E+000, 1.00000000E-001, 3.56932788E-010, 9.96450654E-001
 8.75000000E+000, 0.00000000E+000, 1.00000000E+000, 1.00000000E-001, 1.28687240E-010, 9.92933816E-001
 8.85000000E+000, 0.00000000E+000, 1.00000000E+000, 1.00000000E-001, 4.55843739E-011, 9.85355018E-001
 8.95000000E+000, 0.00000000E+000, 1.00000000E+000, 1.00000000E-001, 1.58686084E-011, 9.70805298E-001
 9.05000000E+000, 0.00000000E+000, 1.00000000E+000, 1.00000000E-001, 5.43014489E-012, 9.44981029E-001
 9.15000000E+000, 0.00000000E+000, 1.00000000E+000, 1.00000000E-001, 1.82699408E-012, 9.02108417E-001
 9.25000000E+000, 0.00000000E+000, 1.00000000E+000, 1.00000000E-001, 6.04524178E-013, 8.35352970E-001
 9.35000000E+000, 0.00000000E+000, 1.00000000E+000, 1.00000000E-001, 1.96754970E-013, 7.37924189E-001
 9.45000000E+000, 0.00000000E+000, 1.00000000E+000, 1.00000000E-001, 6.29976037E-014, 6.04943310E-001
 9.55000000E+000, 0.00000000E+000, 1.00000000E+000, 1.00000000E-001, 1.98405057E-014, 4.35410286E-001
 9.65000000E+000, 0.00000000E+000, 1.00000000E+000, 1.00000000E-001, 6.14048587E-015, 2.68669270E-001
 9.75000000E+000, 0.00000000E+000, 1.00000000E+000, 1.00000000E-001, 1.86249948E-015, 1.53269766E-001
 9.85000000E+000, 0.00000000E+000, 1.00000000E+000, 1.00000000E-001, 5.55382661E-016, 8.97071348E-002
 9.95000000E+000, 0.00000000E+000, 1.00000000E+000, 1.00000000E-001, 1.89057079E-016, 3.74768808E-002
