   2.0007000286794998      ,         200
X,ZB,H,U,ZF,QS
 2.50000000E-002, 9.99985557E-002, 4.38286095E-001, 9.12656973E-001,-1.00000000E-001, 7.60174655E-003
 7.50000000E-002, 9.99940976E-002, 4.38281913E-001, 9.12709420E-001,-1.00000000E-001, 7.60302342E-003
 1.25000000E-001, 9.99920275E-002, 4.38271137E-001, 9.12783905E-001,-1.00000000E-001, 7.60483715E-003
 1.75000000E-001, 9.99904358E-002, 4.38256660E-001, 9.12872906E-001,-1.00000000E-001, 7.60700556E-003
 2.25000000E-001, 9.99888004E-002, 4.38239057E-001, 9.12975416E-001,-1.00000000E-001, 7.60950492E-003
 2.75000000E-001, 9.99869532E-002, 4.38218240E-001, 9.13092435E-001,-1.00000000E-001, 7.61236041E-003
 3.25000000E-001, 9.99848225E-002, 4.38193905E-001, 9.13225666E-001,-1.00000000E-001, 7.61561435E-003
 3.75000000E-001, 9.99823606E-002, 4.38165663E-001, 9.13377132E-001,-1.00000000E-001, 7.61931706E-003
 4.25000000E-001, 9.99795238E-002, 4.38133074E-001, 9.13549075E-001,-1.00000000E-001, 7.62352440E-003
 4.75000000E-001, 9.99762669E-002, 4.38095658E-001, 9.13743934E-001,-1.00000000E-001, 7.62829727E-003
 5.25000000E-001, 9.99725414E-002, 4.38052895E-001, 9.13964338E-001,-1.00000000E-001, 7.63370148E-003
 5.75000000E-001, 9.99682949E-002, 4.38004224E-001, 9.14213105E-001,-1.00000000E-001, 7.63980787E-003
 6.25000000E-001, 9.99634707E-002, 4.37949047E-001, 9.14493251E-001,-1.00000000E-001, 7.64669238E-003
 6.75000000E-001, 9.99580087E-002, 4.37886727E-001, 9.14807981E-001,-1.00000000E-001, 7.65443620E-003
 7.25000000E-001, 9.99518436E-002, 4.37816587E-001, 9.15160696E-001,-1.00000000E-001, 7.66312571E-003
 7.75000000E-001, 9.99449062E-002, 4.37737912E-001, 9.15554984E-001,-1.00000000E-001, 7.67285260E-003
 8.25000000E-001, 9.99371228E-002, 4.37649951E-001, 9.15994622E-001,-1.00000000E-001, 7.68371385E-003
 8.75000000E-001, 9.99284152E-002, 4.37551916E-001, 9.16483565E-001,-1.00000000E-001, 7.69581165E-003
 9.25000000E-001, 9.99187010E-002, 4.37442985E-001, 9.17025940E-001,-1.00000000E-001, 7.70925338E-003
 9.75000000E-001, 9.99078931E-002, 4.37322304E-001, 9.17626039E-001,-1.00000000E-001, 7.72415152E-003
 1.02500000E+000, 9.98959007E-002, 4.37188991E-001, 9.18288302E-001,-1.00000000E-001, 7.74062354E-003
 1.07500000E+000, 9.98826278E-002, 4.37042137E-001, 9.19017312E-001,-1.00000000E-001, 7.75879169E-003
 1.12500000E+000, 9.98679749E-002, 4.36880807E-001, 9.19817773E-001,-1.00000000E-001, 7.77878291E-003
 1.17500000E+000, 9.98518380E-002, 4.36704049E-001, 9.20694500E-001,-1.00000000E-001, 7.80072861E-003
 1.22500000E+000, 9.98341097E-002, 4.36510894E-001, 9.21652402E-001,-1.00000000E-001, 7.82476451E-003
 1.27500000E+000, 9.98146782E-002, 4.36300359E-001, 9.22696459E-001,-1.00000000E-001, 7.85103036E-003
 1.32500000E+000, 9.97934284E-002, 4.36071453E-001, 9.23831712E-001,-1.00000000E-001, 7.87966984E-003
 1.37500000E+000, 9.97702423E-002, 4.35823181E-001, 9.25063238E-001,-1.00000000E-001, 7.91083027E-003
 1.42500000E+000, 9.97449985E-002, 4.35554545E-001, 9.26396135E-001,-1.00000000E-001, 7.94466252E-003
 1.47500000E+000, 9.97175733E-002, 4.35264551E-001, 9.27835507E-001,-1.00000000E-001, 7.98132079E-003
 1.52500000E+000, 9.96878413E-002, 4.34952211E-001, 9.29386442E-001,-1.00000000E-001, 8.02096254E-003
 1.57500000E+000, 9.96556751E-002, 4.34616545E-001, 9.31054002E-001,-1.00000000E-001, 8.06374839E-003
 1.62500000E+000, 9.96209468E-002, 4.34256584E-001, 9.32843208E-001,-1.00000000E-001, 8.10984214E-003
 1.67500000E+000, 9.95835296E-002, 4.33871373E-001, 9.34759033E-001,-1.00000000E-001, 8.15941091E-003
 1.72500000E+000, 9.95432974E-002, 4.33459968E-001, 9.36806395E-001,-1.00000000E-001, 8.21262523E-003
 1.77500000E+000, 9.95001282E-002, 4.33021439E-001, 9.38990154E-001,-1.00000000E-001, 8.26965943E-003
 1.82500000E+000, 9.94539050E-002, 4.32554866E-001, 9.41315117E-001,-1.00000000E-001, 8.33069207E-003
 1.87500000E+000, 9.94045191E-002, 4.32059336E-001, 9.43786050E-001,-1.00000000E-001, 8.39590655E-003
 1.92500000E+000, 9.93518730E-002, 4.31533937E-001, 9.46407686E-001,-1.00000000E-001, 8.46549194E-003
 1.97500000E+000, 9.92958843E-002, 4.30977750E-001, 9.49184755E-001,-1.00000000E-001, 8.53964398E-003
 2.02500000E+000, 9.92364913E-002, 4.30389844E-001, 9.52122009E-001,-1.00000000E-001, 8.61856639E-003
 2.07500000E+000, 9.91736593E-002, 4.29769256E-001, 9.55224265E-001,-1.00000000E-001, 8.70247246E-003
 2.12500000E+000, 9.91073881E-002, 4.29114980E-001, 9.58496448E-001,-1.00000000E-001, 8.79158690E-003
 2.17500000E+000, 9.90377214E-002, 4.28425950E-001, 9.61943655E-001,-1.00000000E-001, 8.88614814E-003
 2.22500000E+000, 9.89647574E-002, 4.27701016E-001, 9.65571216E-001,-1.00000000E-001, 8.98641092E-003
 2.27500000E+000, 9.88886636E-002, 4.26938917E-001, 9.69384774E-001,-1.00000000E-001, 9.09264949E-003
 2.32500000E+000, 9.88096912E-002, 4.26138258E-001, 9.73390380E-001,-1.00000000E-001, 9.20516117E-003
 2.37500000E+000, 9.87281939E-002, 4.25297468E-001, 9.77594589E-001,-1.00000000E-001, 9.32427062E-003
 2.42500000E+000, 9.86446480E-002, 4.24414772E-001, 9.82004577E-001,-1.00000000E-001, 9.45033458E-003
 2.47500000E+000, 9.85596767E-002, 4.23488140E-001, 9.86628272E-001,-1.00000000E-001, 9.58374761E-003
 2.52500000E+000, 9.84740748E-002, 4.22515251E-001, 9.91474490E-001,-1.00000000E-001, 9.72494833E-003
 2.57500000E+000, 9.83888384E-002, 4.21493434E-001, 9.96553099E-001,-1.00000000E-001, 9.87442689E-003
 2.62500000E+000, 9.83051938E-002, 4.20419619E-001, 1.00187519E+000,-1.00000000E-001, 1.00327333E-002
 2.67500000E+000, 9.82246291E-002, 4.19290280E-001, 1.00745326E+000,-1.00000000E-001, 1.02004871E-002
 2.72500000E+000, 9.81489242E-002, 4.18101374E-001, 1.01330141E+000,-1.00000000E-001, 1.03783880E-002
 2.77500000E+000, 9.80801811E-002, 4.16848282E-001, 1.01943561E+000,-1.00000000E-001, 1.05672286E-002
 2.82500000E+000, 9.80208502E-002, 4.15525752E-001, 1.02587385E+000,-1.00000000E-001, 1.07679083E-002
 2.87500000E+000, 9.79737495E-002, 4.14127838E-001, 1.03263647E+000,-1.00000000E-001, 1.09814487E-002
 2.92500000E+000, 9.79420766E-002, 4.12647855E-001, 1.03974632E+000,-1.00000000E-001, 1.12090120E-002
 2.97500000E+000, 9.79294086E-002, 4.11078337E-001, 1.04722912E+000,-1.00000000E-001, 1.14519199E-002
 3.02500000E+000, 9.79396860E-002, 4.09411012E-001, 1.05511361E+000,-1.00000000E-001, 1.17116759E-002
 3.07500000E+000, 9.79771763E-002, 4.07636794E-001, 1.06343182E+000,-1.00000000E-001, 1.19899893E-002
 3.12500000E+000, 9.80464138E-002, 4.05745804E-001, 1.07221927E+000,-1.00000000E-001, 1.22888007E-002
 3.17500000E+000, 9.81521086E-002, 4.03727422E-001, 1.08151513E+000,-1.00000000E-001, 1.26103100E-002
 3.22500000E+000, 9.82990235E-002, 4.01570376E-001, 1.09136225E+000,-1.00000000E-001, 1.29570055E-002
 3.27500000E+000, 9.84918130E-002, 3.99262879E-001, 1.10180718E+000,-1.00000000E-001, 1.33316940E-002
 3.32500000E+000, 9.87348205E-002, 3.96792830E-001, 1.11290001E+000,-1.00000000E-001, 1.37375298E-002
 3.37500000E+000, 9.90318335E-002, 3.94148063E-001, 1.12469401E+000,-1.00000000E-001, 1.41780428E-002
 3.42500000E+000, 9.93857987E-002, 3.91316688E-001, 1.13724508E+000,-1.00000000E-001, 1.46571608E-002
 3.47500000E+000, 9.97984984E-002, 3.88287495E-001, 1.15061088E+000,-1.00000000E-001, 1.51792250E-002
 3.52500000E+000, 1.00270199E-001, 3.85050458E-001, 1.16484957E+000,-1.00000000E-001, 1.57489913E-002
 3.57500000E+000, 1.00799287E-001, 3.81597331E-001, 1.18001809E+000,-1.00000000E-001, 1.63716114E-002
 3.62500000E+000, 1.01381907E-001, 3.77922336E-001, 1.19616983E+000,-1.00000000E-001, 1.70525827E-002
 3.67500000E+000, 1.02011645E-001, 3.74022957E-001, 1.21335153E+000,-1.00000000E-001, 1.77976543E-002
 3.72500000E+000, 1.02679289E-001, 3.69900830E-001, 1.23159935E+000,-1.00000000E-001, 1.86126690E-002
 3.77500000E+000, 1.03372722E-001, 3.65562717E-001, 1.25093379E+000,-1.00000000E-001, 1.95033180E-002
 3.82500000E+000, 1.04077028E-001, 3.61021555E-001, 1.27135338E+000,-1.00000000E-001, 2.04747796E-002
 3.87500000E+000, 1.04774875E-001, 3.56297534E-001, 1.29282699E+000,-1.00000000E-001, 2.15312054E-002
 3.92500000E+000, 1.05447292E-001, 3.51419164E-001, 1.31528478E+000,-1.00000000E-001, 2.26750197E-002
 3.97500000E+000, 1.06074912E-001, 3.46424232E-001, 1.33860773E+000,-1.00000000E-001, 2.39060002E-002
 4.02500000E+000, 1.06639790E-001, 3.41360556E-001, 1.36261639E+000,-1.00000000E-001, 2.52201249E-002
 4.07500000E+000, 1.07127801E-001, 3.36286357E-001, 1.38705959E+000,-1.00000000E-001, 2.66082087E-002
 4.12500000E+000, 1.07531613E-001, 3.31270064E-001, 1.41160439E+000,-1.00000000E-001, 2.80544148E-002
 4.17500000E+000, 1.07854031E-001, 3.26389339E-001, 1.43582954E+000,-1.00000000E-001, 2.95348161E-002
 4.22500000E+000, 1.08111349E-001, 3.21729123E-001, 1.45922485E+000,-1.00000000E-001, 3.10162958E-002
 4.27500000E+000, 1.08336144E-001, 3.17378587E-001, 1.48119934E+000,-1.00000000E-001, 3.24561807E-002
 4.32500000E+000, 1.08578744E-001, 3.13427006E-001, 1.50110071E+000,-1.00000000E-001, 3.38030590E-002
 4.37500000E+000, 1.08906554E-001, 3.09958751E-001, 1.51824743E+000,-1.00000000E-001, 3.49991773E-002
 4.42500000E+000, 1.09400581E-001, 3.07047799E-001, 1.53197282E+000,-1.00000000E-001, 3.59845977E-002
 4.47500000E+000, 1.10148931E-001, 3.04752235E-001, 1.54167839E+000,-1.00000000E-001, 3.67029282E-002
 4.52500000E+000, 1.11237716E-001, 3.03109223E-001, 1.54689107E+000,-1.00000000E-001, 3.71079869E-002
 4.57500000E+000, 1.12740453E-001, 3.02130944E-001, 1.54731816E+000,-1.00000000E-001, 3.71703564E-002
 4.62500000E+000, 1.14707758E-001, 3.01801198E-001, 1.54289482E+000,-1.00000000E-001, 3.68827113E-002
 4.67500000E+000, 1.17158888E-001, 3.02070890E-001, 1.53383426E+000,-1.00000000E-001, 3.62638581E-002
 4.72500000E+000, 1.20076747E-001, 3.02862393E-001, 1.52061001E+000,-1.00000000E-001, 3.53566952E-002
 4.77500000E+000, 1.23411974E-001, 3.04071726E-001, 1.50393154E+000,-1.00000000E-001, 3.42232825E-002
 4.82500000E+000, 1.27088231E-001, 3.05572727E-001, 1.48470341E+000,-1.00000000E-001, 3.29385052E-002
 4.87500000E+000, 1.31011687E-001, 3.07224146E-001, 1.46395799E+000,-1.00000000E-001, 3.15819004E-002
 4.92500000E+000, 1.35082027E-001, 3.08879168E-001, 1.44277202E+000,-1.00000000E-001, 3.02295410E-002
 4.97500000E+000, 1.39202955E-001, 3.10396396E-001, 1.42217804E+000,-1.00000000E-001, 2.89473754E-002
 5.02500000E+000, 1.43290410E-001, 3.11650745E-001, 1.40308387E+000,-1.00000000E-001, 2.77869391E-002
 5.07500000E+000, 1.47277490E-001, 3.12542473E-001, 1.38621227E+000,-1.00000000E-001, 2.67837167E-002
 5.12500000E+000, 1.51116017E-001, 3.13002844E-001, 1.37206824E+000,-1.00000000E-001, 2.59578165E-002
 5.17500000E+000, 1.54775396E-001, 3.12995707E-001, 1.36093536E+000,-1.00000000E-001, 2.53162231E-002
 5.22500000E+000, 1.58239810E-001, 3.12515135E-001, 1.35289620E+000,-1.00000000E-001, 2.48557901E-002
 5.27500000E+000, 1.61504234E-001, 3.11578796E-001, 1.34788226E+000,-1.00000000E-001, 2.45670035E-002
 5.32500000E+000, 1.64571603E-001, 3.10226828E-001, 1.34568240E+000,-1.00000000E-001, 2.44349657E-002
 5.37500000E+000, 1.67451532E-001, 3.08511291E-001, 1.34600395E+000,-1.00000000E-001, 2.44422178E-002
 5.42500000E+000, 1.70156516E-001, 3.06489932E-001, 1.34851490E+000,-1.00000000E-001, 2.45707059E-002
 5.47500000E+000, 1.72700454E-001, 3.04221281E-001, 1.35287322E+000,-1.00000000E-001, 2.48027868E-002
 5.52500000E+000, 1.75097682E-001, 3.01761146E-001, 1.35874744E+000,-1.00000000E-001, 2.51218380E-002
 5.57500000E+000, 1.77362335E-001, 2.99160410E-001, 1.36583036E+000,-1.00000000E-001, 2.55126192E-002
 5.62500000E+000, 1.79507956E-001, 2.96463604E-001, 1.37384743E+000,-1.00000000E-001, 2.59614744E-002
 5.67500000E+000, 1.81547364E-001, 2.93708199E-001, 1.38256149E+000,-1.00000000E-001, 2.64564666E-002
 5.72500000E+000, 1.83492541E-001, 2.90924487E-001, 1.39177422E+000,-1.00000000E-001, 2.69874249E-002
 5.77500000E+000, 1.85354574E-001, 2.88135849E-001, 1.40132553E+000,-1.00000000E-001, 2.75459472E-002
 5.82500000E+000, 1.87143616E-001, 2.85359331E-001, 1.41109125E+000,-1.00000000E-001, 2.81253427E-002
 5.87500000E+000, 1.88868827E-001, 2.82606490E-001, 1.42097924E+000,-1.00000000E-001, 2.87205095E-002
 5.92500000E+000, 1.90538308E-001, 2.79884414E-001, 1.43092458E+000,-1.00000000E-001, 2.93277458E-002
 5.97500000E+000, 1.92159047E-001, 2.77196822E-001, 1.44088410E+000,-1.00000000E-001, 2.99445103E-002
 6.02500000E+000, 1.93736898E-001, 2.74545114E-001, 1.45083083E+000,-1.00000000E-001, 3.05691561E-002
 6.07500000E+000, 1.95276604E-001, 2.71929314E-001, 1.46074888E+000,-1.00000000E-001, 3.12006661E-002
 6.12500000E+000, 1.96781861E-001, 2.69348817E-001, 1.47062915E+000,-1.00000000E-001, 3.18384134E-002
 6.17500000E+000, 1.98255419E-001, 2.66802937E-001, 1.48046590E+000,-1.00000000E-001, 3.24819645E-002
 6.22500000E+000, 1.99699197E-001, 2.64291278E-001, 1.49025434E+000,-1.00000000E-001, 3.31309292E-002
 6.27500000E+000, 2.01114377E-001, 2.61813981E-001, 1.49998896E+000,-1.00000000E-001, 3.37848509E-002
 6.32500000E+000, 2.02501405E-001, 2.59372012E-001, 1.50966217E+000,-1.00000000E-001, 3.44431070E-002
 6.37500000E+000, 2.03859640E-001, 2.56967972E-001, 1.51926190E+000,-1.00000000E-001, 3.51047268E-002
 6.42500000E+000, 2.05185839E-001, 2.54608921E-001, 1.52876419E+000,-1.00000000E-001, 3.57678354E-002
 6.47500000E+000, 2.06468526E-001, 2.52316622E-001, 1.53810714E+000,-1.00000000E-001, 3.64276645E-002
 6.52500000E+000, 2.07667345E-001, 2.50164313E-001, 1.54709156E+000,-1.00000000E-001, 3.70689376E-002
 6.57500000E+000, 2.08645142E-001, 2.48402530E-001, 1.55506447E+000,-1.00000000E-001, 3.76415685E-002
 6.62500000E+000, 2.08919233E-001, 2.47953160E-001, 1.55995458E+000,-1.00000000E-001, 3.79849805E-002
 6.67500000E+000, 2.06290525E-001, 2.52566123E-001, 1.55110560E+000,-1.00000000E-001, 3.72745227E-002
 6.72500000E+000, 1.93109690E-001, 2.72762911E-001, 1.48506119E+000,-1.00000000E-001, 3.25178301E-002
 6.77500000E+000, 1.63385885E-001, 3.14818239E-001, 1.33630775E+000,-1.00000000E-001, 2.35843422E-002
 6.82500000E+000, 1.33578578E-001, 3.57362688E-001, 1.19578433E+000,-1.00000000E-001, 1.69478114E-002
 6.87500000E+000, 1.17081620E-001, 3.82543699E-001, 1.11655374E+000,-1.00000000E-001, 1.38564981E-002
 6.92500000E+000, 1.09792216E-001, 3.94266644E-001, 1.08030312E+000,-1.00000000E-001, 1.25819318E-002
 6.97500000E+000, 1.06530470E-001, 3.99516976E-001, 1.06438605E+000,-1.00000000E-001, 1.20475696E-002
 7.02500000E+000, 1.04880555E-001, 4.02059894E-001, 1.05692273E+000,-1.00000000E-001, 1.18013158E-002
 7.07500000E+000, 1.03892948E-001, 4.03488952E-001, 1.05288435E+000,-1.00000000E-001, 1.16686580E-002
 7.12500000E+000, 1.03206106E-001, 4.04429153E-001, 1.05030048E+000,-1.00000000E-001, 1.15838012E-002
 7.17500000E+000, 1.02680384E-001, 4.05122536E-001, 1.04841357E+000,-1.00000000E-001, 1.15218461E-002
 7.22500000E+000, 1.02258233E-001, 4.05666611E-001, 1.04692431E+000,-1.00000000E-001, 1.14729988E-002
 7.27500000E+000, 1.01912493E-001, 4.06105106E-001, 1.04570361E+000,-1.00000000E-001, 1.14330215E-002
 7.32500000E+000, 1.01627604E-001, 4.06461408E-001, 1.04468617E+000,-1.00000000E-001, 1.13997552E-002
 7.37500000E+000, 1.01392840E-001, 4.06750701E-001, 1.04383191E+000,-1.00000000E-001, 1.13718661E-002
 7.42500000E+000, 1.01199866E-001, 4.06984362E-001, 1.04311193E+000,-1.00000000E-001, 1.13483915E-002
 7.47500000E+000, 1.01041806E-001, 4.07171601E-001, 1.04250333E+000,-1.00000000E-001, 1.13285704E-002
 7.52500000E+000, 1.00912857E-001, 4.07320124E-001, 1.04198721E+000,-1.00000000E-001, 1.13117758E-002
 7.57500000E+000, 1.00808092E-001, 4.07436455E-001, 1.04154764E+000,-1.00000000E-001, 1.12974826E-002
 7.62500000E+000, 1.00723326E-001, 4.07526122E-001, 1.04117121E+000,-1.00000000E-001, 1.12852487E-002
 7.67500000E+000, 1.00655017E-001, 4.07593797E-001, 1.04084657E+000,-1.00000000E-001, 1.12747027E-002
 7.72500000E+000, 1.00600184E-001, 4.07643417E-001, 1.04056423E+000,-1.00000000E-001, 1.12655332E-002
 7.77500000E+000, 1.00556327E-001, 4.07678276E-001, 1.04031623E+000,-1.00000000E-001, 1.12574802E-002
 7.82500000E+000, 1.00521364E-001, 4.07701118E-001, 1.04009598E+000,-1.00000000E-001, 1.12503288E-002
 7.87500000E+000, 1.00493569E-001, 4.07714210E-001, 1.03989805E+000,-1.00000000E-001, 1.12439021E-002
 7.92500000E+000, 1.00471516E-001, 4.07719412E-001, 1.03971804E+000,-1.00000000E-001, 1.12380570E-002
 7.97500000E+000, 1.00454039E-001, 4.07718233E-001, 1.03955249E+000,-1.00000000E-001, 1.12326797E-002
 8.02500000E+000, 1.00440183E-001, 4.07711870E-001, 1.03939873E+000,-1.00000000E-001, 1.12276836E-002
 8.07500000E+000, 1.00429171E-001, 4.07701245E-001, 1.03925493E+000,-1.00000000E-001, 1.12230074E-002
 8.12500000E+000, 1.00420368E-001, 4.07687021E-001, 1.03912006E+000,-1.00000000E-001, 1.12186156E-002
 8.17500000E+000, 1.00413255E-001, 4.07669607E-001, 1.03899400E+000,-1.00000000E-001, 1.12145010E-002
 8.22500000E+000, 1.00407400E-001, 4.07649138E-001, 1.03887767E+000,-1.00000000E-001, 1.12106890E-002
 8.27500000E+000, 1.00402433E-001, 4.07625443E-001, 1.03877333E+000,-1.00000000E-001, 1.12072462E-002
 8.32500000E+000, 1.00398020E-001, 4.07597987E-001, 1.03868491E+000,-1.00000000E-001, 1.12042906E-002
 8.37500000E+000, 1.00393840E-001, 4.07565788E-001, 1.03861848E+000,-1.00000000E-001, 1.12020070E-002
 8.42500000E+000, 1.00389561E-001, 4.07527324E-001, 1.03858281E+000,-1.00000000E-001, 1.12006641E-002
 8.47500000E+000, 1.00384810E-001, 4.07480413E-001, 1.03858998E+000,-1.00000000E-001, 1.12006356E-002
 8.52500000E+000, 1.00379153E-001, 4.07422109E-001, 1.03865602E+000,-1.00000000E-001, 1.12024204E-002
 8.57500000E+000, 1.00372067E-001, 4.07348613E-001, 1.03880138E+000,-1.00000000E-001, 1.12066606E-002
 8.62500000E+000, 1.00362920E-001, 4.07255227E-001, 1.03905122E+000,-1.00000000E-001, 1.12141531E-002
 8.67500000E+000, 1.00350960E-001, 4.07136404E-001, 1.03943524E+000,-1.00000000E-001, 1.12258493E-002
 8.72500000E+000, 1.00335312E-001, 4.06985901E-001, 1.03998695E+000,-1.00000000E-001, 1.12428363E-002
 8.77500000E+000, 1.00314994E-001, 4.06797083E-001, 1.04074214E+000,-1.00000000E-001, 1.12662959E-002
 8.82500000E+000, 1.00288948E-001, 4.06563395E-001, 1.04173654E+000,-1.00000000E-001, 1.12974373E-002
 8.87500000E+000, 1.00256100E-001, 4.06278978E-001, 1.04300270E+000,-1.00000000E-001, 1.13374010E-002
 8.92500000E+000, 1.00215443E-001, 4.05939427E-001, 1.04456606E+000,-1.00000000E-001, 1.13871391E-002
 8.97500000E+000, 1.00166136E-001, 4.05542599E-001, 1.04644082E+000,-1.00000000E-001, 1.14472782E-002
 9.02500000E+000, 1.00107625E-001, 4.05089390E-001, 1.04862576E+000,-1.00000000E-001, 1.15179772E-002
 9.07500000E+000, 1.00039765E-001, 4.04584369E-001, 1.05110080E+000,-1.00000000E-001, 1.15987981E-002
 9.12500000E+000, 9.99629314E-002, 4.04036144E-001, 1.05382485E+000,-1.00000000E-001, 1.16886085E-002
 9.17500000E+000, 9.98781137E-002, 4.03457353E-001, 1.05673552E+000,-1.00000000E-001, 1.17855381E-002
 9.22500000E+000, 9.97869550E-002, 4.02864194E-001, 1.05975115E+000,-1.00000000E-001, 1.18870082E-002
 9.27500000E+000, 9.96917335E-002, 4.02275478E-001, 1.06277537E+000,-1.00000000E-001, 1.19898497E-002
 9.32500000E+000, 9.95952651E-002, 4.01711241E-001, 1.06570408E+000,-1.00000000E-001, 1.20905129E-002
 9.37500000E+000, 9.95007230E-002, 4.01191032E-001, 1.06843420E+000,-1.00000000E-001, 1.21853594E-002
 9.42500000E+000, 9.94113821E-002, 4.00732086E-001, 1.07087333E+000,-1.00000000E-001, 1.22710066E-002
 9.47500000E+000, 9.93303154E-002, 4.00347617E-001, 1.07294895E+000,-1.00000000E-001, 1.23446786E-002
 9.52500000E+000, 9.92600838E-002, 4.00045542E-001, 1.07461565E+000,-1.00000000E-001, 1.24045045E-002
 9.57500000E+000, 9.92024755E-002, 3.99827824E-001, 1.07585910E+000,-1.00000000E-001, 1.24497064E-002
 9.62500000E+000, 9.91583500E-002, 3.99690608E-001, 1.07669591E+000,-1.00000000E-001, 1.24806360E-002
 9.67500000E+000, 9.91276235E-002, 3.99625094E-001, 1.07716943E+000,-1.00000000E-001, 1.24986526E-002
 9.72500000E+000, 9.91093943E-002, 3.99618979E-001, 1.07734231E+000,-1.00000000E-001, 1.25058658E-002
 9.77500000E+000, 9.91023096E-002, 3.99658060E-001, 1.07728789E+000,-1.00000000E-001, 1.25048235E-002
 9.82500000E+000, 9.91039208E-002, 3.99728642E-001, 1.07707783E+000,-1.00000000E-001, 1.24980598E-002
 9.87500000E+000, 9.91182149E-002, 3.99812294E-001, 1.07680080E+000,-1.00000000E-001, 1.24887129E-002
 9.92500000E+000, 9.91133033E-002, 3.99926062E-001, 1.07641525E+000,-1.00000000E-001, 1.24753962E-002
 9.97500000E+000, 9.92208257E-002, 3.99922490E-001, 1.07633917E+000,-1.00000000E-001, 1.24727856E-002
