   2.0009429774828131      ,         200
X,ZB,H,U,ZF,QS
 2.50000000E-002, 9.99975602E-002, 4.38352787E-001, 9.12510921E-001,-1.00000000E-001, 7.59820076E-003
 7.50000000E-002, 9.99970347E-002, 4.38348774E-001, 9.12538653E-001,-1.00000000E-001, 7.59887226E-003
 1.25000000E-001, 9.99964421E-002, 4.38343450E-001, 9.12572090E-001,-1.00000000E-001, 7.59968242E-003
 1.75000000E-001, 9.99957501E-002, 4.38336843E-001, 9.12611238E-001,-1.00000000E-001, 7.60063161E-003
 2.25000000E-001, 9.99949274E-002, 4.38328783E-001, 9.12657019E-001,-1.00000000E-001, 7.60174241E-003
 2.75000000E-001, 9.99939478E-002, 4.38319055E-001, 9.12710553E-001,-1.00000000E-001, 7.60304235E-003
 3.25000000E-001, 9.99927847E-002, 4.38307408E-001, 9.12773128E-001,-1.00000000E-001, 7.60456296E-003
 3.75000000E-001, 9.99914094E-002, 4.38293555E-001, 9.12846194E-001,-1.00000000E-001, 7.60633994E-003
 4.25000000E-001, 9.99897898E-002, 4.38277173E-001, 9.12931383E-001,-1.00000000E-001, 7.60841344E-003
 4.75000000E-001, 9.99878901E-002, 4.38257899E-001, 9.13030519E-001,-1.00000000E-001, 7.61082842E-003
 5.25000000E-001, 9.99856702E-002, 4.38235328E-001, 9.13145635E-001,-1.00000000E-001, 7.61363506E-003
 5.75000000E-001, 9.99830855E-002, 4.38209010E-001, 9.13278988E-001,-1.00000000E-001, 7.61688917E-003
 6.25000000E-001, 9.99800866E-002, 4.38178446E-001, 9.13433071E-001,-1.00000000E-001, 7.62065259E-003
 6.75000000E-001, 9.99766188E-002, 4.38143086E-001, 9.13610635E-001,-1.00000000E-001, 7.62499362E-003
 7.25000000E-001, 9.99726218E-002, 4.38102325E-001, 9.13814697E-001,-1.00000000E-001, 7.62998740E-003
 7.75000000E-001, 9.99680295E-002, 4.38055502E-001, 9.14048558E-001,-1.00000000E-001, 7.63571638E-003
 8.25000000E-001, 9.99627695E-002, 4.38001896E-001, 9.14315814E-001,-1.00000000E-001, 7.64227064E-003
 8.75000000E-001, 9.99567629E-002, 4.37940724E-001, 9.14620368E-001,-1.00000000E-001, 7.64974829E-003
 9.25000000E-001, 9.99499239E-002, 4.37871140E-001, 9.14966436E-001,-1.00000000E-001, 7.65825581E-003
 9.75000000E-001, 9.99421599E-002, 4.37792234E-001, 9.15358560E-001,-1.00000000E-001, 7.66790835E-003
 1.02500000E+000, 9.99333707E-002, 4.37703031E-001, 9.15801605E-001,-1.00000000E-001, 7.67882996E-003
 1.07500000E+000, 9.99234488E-002, 4.37602490E-001, 9.16300766E-001,-1.00000000E-001, 7.69115382E-003
 1.12500000E+000, 9.99122793E-002, 4.37489507E-001, 9.16861561E-001,-1.00000000E-001, 7.70502235E-003
 1.17500000E+000, 9.98997395E-002, 4.37362915E-001, 9.17489824E-001,-1.00000000E-001, 7.72058726E-003
 1.22500000E+000, 9.98856994E-002, 4.37221486E-001, 9.18191697E-001,-1.00000000E-001, 7.73800960E-003
 1.27500000E+000, 9.98700215E-002, 4.37063938E-001, 9.18973608E-001,-1.00000000E-001, 7.75745956E-003
 1.32500000E+000, 9.98525612E-002, 4.36888935E-001, 9.19842257E-001,-1.00000000E-001, 7.77911636E-003
 1.37500000E+000, 9.98331672E-002, 4.36695098E-001, 9.20804580E-001,-1.00000000E-001, 7.80316791E-003
 1.42500000E+000, 9.98116822E-002, 4.36481006E-001, 9.21867729E-001,-1.00000000E-001, 7.82981052E-003
 1.47500000E+000, 9.97879433E-002, 4.36245207E-001, 9.23039026E-001,-1.00000000E-001, 7.85924838E-003
 1.52500000E+000, 9.97617832E-002, 4.35986225E-001, 9.24325931E-001,-1.00000000E-001, 7.89169310E-003
 1.57500000E+000, 9.97330315E-002, 4.35702570E-001, 9.25735997E-001,-1.00000000E-001, 7.92736313E-003
 1.62500000E+000, 9.97015156E-002, 4.35392743E-001, 9.27276823E-001,-1.00000000E-001, 7.96648317E-003
 1.67500000E+000, 9.96670630E-002, 4.35055250E-001, 9.28956012E-001,-1.00000000E-001, 8.00928362E-003
 1.72500000E+000, 9.96295035E-002, 4.34688608E-001, 9.30781126E-001,-1.00000000E-001, 8.05599996E-003
 1.77500000E+000, 9.95886713E-002, 4.34291352E-001, 9.32759640E-001,-1.00000000E-001, 8.10687228E-003
 1.82500000E+000, 9.95444087E-002, 4.33862042E-001, 9.34898910E-001,-1.00000000E-001, 8.16214492E-003
 1.87500000E+000, 9.94965695E-002, 4.33399268E-001, 9.37206134E-001,-1.00000000E-001, 8.22206624E-003
 1.92500000E+000, 9.94450237E-002, 4.32901653E-001, 9.39688334E-001,-1.00000000E-001, 8.28688858E-003
 1.97500000E+000, 9.93896629E-002, 4.32367849E-001, 9.42352342E-001,-1.00000000E-001, 8.35686858E-003
 2.02500000E+000, 9.93304063E-002, 4.31796539E-001, 9.45204795E-001,-1.00000000E-001, 8.43226769E-003
 2.07500000E+000, 9.92672090E-002, 4.31186423E-001, 9.48252154E-001,-1.00000000E-001, 8.51335320E-003
 2.12500000E+000, 9.92000700E-002, 4.30536213E-001, 9.51500728E-001,-1.00000000E-001, 8.60039963E-003
 2.17500000E+000, 9.91290430E-002, 4.29844612E-001, 9.54956720E-001,-1.00000000E-001, 8.69369065E-003
 2.22500000E+000, 9.90542485E-002, 4.29110292E-001, 9.58626293E-001,-1.00000000E-001, 8.79352160E-003
 2.27500000E+000, 9.89758868E-002, 4.28331873E-001, 9.62515652E-001,-1.00000000E-001, 8.90020256E-003
 2.32500000E+000, 9.88942541E-002, 4.27507888E-001, 9.66631139E-001,-1.00000000E-001, 9.01406218E-003
 2.37500000E+000, 9.88097594E-002, 4.26636748E-001, 9.70979360E-001,-1.00000000E-001, 9.13545219E-003
 2.42500000E+000, 9.87229433E-002, 4.25716703E-001, 9.75567314E-001,-1.00000000E-001, 9.26475271E-003
 2.47500000E+000, 9.86344984E-002, 4.24745796E-001, 9.80402551E-001,-1.00000000E-001, 9.40237841E-003
 2.52500000E+000, 9.85452909E-002, 4.23721814E-001, 9.85493336E-001,-1.00000000E-001, 9.54878547E-003
 2.57500000E+000, 9.84563825E-002, 4.22642241E-001, 9.90848838E-001,-1.00000000E-001, 9.70447970E-003
 2.62500000E+000, 9.83690525E-002, 4.21504200E-001, 9.96479327E-001,-1.00000000E-001, 9.87002565E-003
 2.67500000E+000, 9.82848207E-002, 4.20304399E-001, 1.00239637E+000,-1.00000000E-001, 1.00460567E-002
 2.72500000E+000, 9.82054695E-002, 4.19039081E-001, 1.00861306E+000,-1.00000000E-001, 1.02332860E-002
 2.77500000E+000, 9.81330635E-002, 4.17703954E-001, 1.01514427E+000,-1.00000000E-001, 1.04325200E-002
 2.82500000E+000, 9.80699662E-002, 4.16294105E-001, 1.02200705E+000,-1.00000000E-001, 1.06446793E-002
 2.87500000E+000, 9.80188635E-002, 4.14804010E-001, 1.02922061E+000,-1.00000000E-001, 1.08708106E-002
 2.92500000E+000, 9.79828312E-002, 4.13227553E-001, 1.03680590E+000,-1.00000000E-001, 1.11120750E-002
 2.97500000E+000, 9.79657649E-002, 4.11559472E-001, 1.04479819E+000,-1.00000000E-001, 1.13702089E-002
 3.02500000E+000, 9.79723504E-002, 4.09788410E-001, 1.05325373E+000,-1.00000000E-001, 1.16477549E-002
 3.07500000E+000, 9.80061928E-002, 4.07901935E-001, 1.06219610E+000,-1.00000000E-001, 1.19461017E-002
 3.12500000E+000, 9.80710231E-002, 4.05893998E-001, 1.07164550E+000,-1.00000000E-001, 1.22668979E-002
 3.17500000E+000, 9.81708655E-002, 4.03754733E-001, 1.08164015E+000,-1.00000000E-001, 1.26124606E-002
 3.22500000E+000, 9.83096852E-002, 4.01473635E-001, 1.09222243E+000,-1.00000000E-001, 1.29854170E-002
 3.27500000E+000, 9.84911384E-002, 3.99039886E-001, 1.10343757E+000,-1.00000000E-001, 1.33886986E-002
 3.32500000E+000, 9.87183459E-002, 3.96442597E-001, 1.11533312E+000,-1.00000000E-001, 1.38255590E-002
 3.37500000E+000, 9.89936413E-002, 3.93671145E-001, 1.12795824E+000,-1.00000000E-001, 1.42995877E-002
 3.42500000E+000, 9.93182931E-002, 3.90715574E-001, 1.14136275E+000,-1.00000000E-001, 1.48147113E-002
 3.47500000E+000, 9.96922126E-002, 3.87567062E-001, 1.15559576E+000,-1.00000000E-001, 1.53751778E-002
 3.52500000E+000, 1.00113666E-001, 3.84218464E-001, 1.17070380E+000,-1.00000000E-001, 1.59855207E-002
 3.57500000E+000, 1.00579016E-001, 3.80664939E-001, 1.18672858E+000,-1.00000000E-001, 1.66504955E-002
 3.62500000E+000, 1.01082525E-001, 3.76904635E-001, 1.20370414E+000,-1.00000000E-001, 1.73749782E-002
 3.67500000E+000, 1.01616266E-001, 3.72939428E-001, 1.22165348E+000,-1.00000000E-001, 1.81638138E-002
 3.72500000E+000, 1.02170179E-001, 3.68775694E-001, 1.24058448E+000,-1.00000000E-001, 1.90216019E-002
 3.77500000E+000, 1.02732342E-001, 3.64425082E-001, 1.26048510E+000,-1.00000000E-001, 1.99524009E-002
 3.82500000E+000, 1.03289498E-001, 3.59905295E-001, 1.28131793E+000,-1.00000000E-001, 2.09593313E-002
 3.87500000E+000, 1.03827912E-001, 3.55240843E-001, 1.30301368E+000,-1.00000000E-001, 2.20440520E-002
 3.92500000E+000, 1.04334585E-001, 3.50463799E-001, 1.32546381E+000,-1.00000000E-001, 2.32060815E-002
 3.97500000E+000, 1.04798893E-001, 3.45614503E-001, 1.34851201E+000,-1.00000000E-001, 2.44419348E-002
 4.02500000E+000, 1.05214611E-001, 3.40742171E-001, 1.37194510E+000,-1.00000000E-001, 2.57440713E-002
 4.07500000E+000, 1.05582259E-001, 3.35905125E-001, 1.39548446E+000,-1.00000000E-001, 2.70997165E-002
 4.12500000E+000, 1.05911522E-001, 3.31170141E-001, 1.41878117E+000,-1.00000000E-001, 2.84897482E-002
 4.17500000E+000, 1.06223281E-001, 3.26610243E-001, 1.44141843E+000,-1.00000000E-001, 2.98879875E-002
 4.22500000E+000, 1.06550372E-001, 3.22300906E-001, 1.46292349E+000,-1.00000000E-001, 3.12612204E-002
 4.27500000E+000, 1.06936064E-001, 3.18316032E-001, 1.48278788E+000,-1.00000000E-001, 3.25701322E-002
 4.32500000E+000, 1.07430518E-001, 3.14724407E-001, 1.50049748E+000,-1.00000000E-001, 3.37714894E-002
 4.37500000E+000, 1.08087551E-001, 3.11583915E-001, 1.51557717E+000,-1.00000000E-001, 3.48220685E-002
 4.42500000E+000, 1.08962630E-001, 3.08933176E-001, 1.52763787E+000,-1.00000000E-001, 3.56834115E-002
 4.47500000E+000, 1.10109324E-001, 3.06788300E-001, 1.53639730E+000,-1.00000000E-001, 3.63249217E-002
 4.52500000E+000, 1.11573208E-001, 3.05147741E-001, 1.54167431E+000,-1.00000000E-001, 3.67248514E-002
 4.57500000E+000, 1.13386429E-001, 3.03996474E-001, 1.54338622E+000,-1.00000000E-001, 3.68711479E-002
 4.62500000E+000, 1.15561804E-001, 3.03308931E-001, 1.54155950E+000,-1.00000000E-001, 3.67629757E-002
 4.67500000E+000, 1.18093711E-001, 3.03053642E-001, 1.53632057E+000,-1.00000000E-001, 3.64102203E-002
 4.72500000E+000, 1.20961727E-001, 3.03185454E-001, 1.52791313E+000,-1.00000000E-001, 3.58340719E-002
 4.77500000E+000, 1.24129931E-001, 3.03647360E-001, 1.51669912E+000,-1.00000000E-001, 3.50661776E-002
 4.82500000E+000, 1.27549374E-001, 3.04370593E-001, 1.50315491E+000,-1.00000000E-001, 3.41469504E-002
 4.87500000E+000, 1.31161402E-001, 3.05275740E-001, 1.48785832E+000,-1.00000000E-001, 3.31230357E-002
 4.92500000E+000, 1.34901827E-001, 3.06274635E-001, 1.47146714E+000,-1.00000000E-001, 3.20442889E-002
 4.97500000E+000, 1.38705561E-001, 3.07273611E-001, 1.45468681E+000,-1.00000000E-001, 3.09604153E-002
 5.02500000E+000, 1.42511103E-001, 3.08178212E-001, 1.43822874E+000,-1.00000000E-001, 2.99176482E-002
 5.07500000E+000, 1.46264327E-001, 3.08899117E-001, 1.42276319E+000,-1.00000000E-001, 2.89558676E-002
 5.12500000E+000, 1.49921109E-001, 3.09358485E-001, 1.40887309E+000,-1.00000000E-001, 2.81065245E-002
 5.17500000E+000, 1.53448553E-001, 3.09495651E-001, 1.39701638E+000,-1.00000000E-001, 2.73916003E-002
 5.22500000E+000, 1.56824879E-001, 3.09271028E-001, 1.38750325E+000,-1.00000000E-001, 2.68236328E-002
 5.27500000E+000, 1.60038276E-001, 3.08667440E-001, 1.38049126E+000,-1.00000000E-001, 2.64066490E-002
 5.32500000E+000, 1.63085125E-001, 3.07688693E-001, 1.37599688E+000,-1.00000000E-001, 2.61376693E-002
 5.37500000E+000, 1.65968011E-001, 3.06356450E-001, 1.37391975E+000,-1.00000000E-001, 2.60084841E-002
 5.42500000E+000, 1.68694330E-001, 3.04704515E-001, 1.37407693E+000,-1.00000000E-001, 2.60075933E-002
 5.47500000E+000, 1.71273874E-001, 3.02772341E-001, 1.37623569E+000,-1.00000000E-001, 2.61218632E-002
 5.52500000E+000, 1.73715596E-001, 3.00608497E-001, 1.38012655E+000,-1.00000000E-001, 2.63369471E-002
 5.57500000E+000, 1.76031566E-001, 2.98259122E-001, 1.38547270E+000,-1.00000000E-001, 2.66384258E-002
 5.62500000E+000, 1.78233468E-001, 2.95768116E-001, 1.39200874E+000,-1.00000000E-001, 2.70126465E-002
 5.67500000E+000, 1.80332631E-001, 2.93174335E-001, 1.39949415E+000,-1.00000000E-001, 2.74472534E-002
 5.72500000E+000, 1.82339579E-001, 2.90511207E-001, 1.40771796E+000,-1.00000000E-001, 2.79313356E-002
 5.77500000E+000, 1.84263953E-001, 2.87806477E-001, 1.41650073E+000,-1.00000000E-001, 2.84554927E-002
 5.82500000E+000, 1.86114502E-001, 2.85082398E-001, 1.42569389E+000,-1.00000000E-001, 2.90118100E-002
 5.87500000E+000, 1.87899122E-001, 2.82356183E-001, 1.43517779E+000,-1.00000000E-001, 2.95937804E-002
 5.92500000E+000, 1.89624925E-001, 2.79640595E-001, 1.44485853E+000,-1.00000000E-001, 3.01961861E-002
 5.97500000E+000, 1.91298301E-001, 2.76944614E-001, 1.45466452E+000,-1.00000000E-001, 3.08149484E-002
 6.02500000E+000, 1.92924931E-001, 2.74274144E-001, 1.46454255E+000,-1.00000000E-001, 3.14469553E-002
 6.07500000E+000, 1.94509718E-001, 2.71632766E-001, 1.47445415E+000,-1.00000000E-001, 3.20898852E-002
 6.12500000E+000, 1.96056720E-001, 2.69022533E-001, 1.48437280E+000,-1.00000000E-001, 3.27420904E-002
 6.17500000E+000, 1.97569523E-001, 2.66444357E-001, 1.49428508E+000,-1.00000000E-001, 3.34027476E-002
 6.22500000E+000, 1.99053008E-001, 2.63896250E-001, 1.50420081E+000,-1.00000000E-001, 3.40726396E-002
 6.27500000E+000, 2.00516678E-001, 2.61366821E-001, 1.51416662E+000,-1.00000000E-001, 3.47551482E-002
 6.32500000E+000, 2.01973465E-001, 2.58828298E-001, 1.52421647E+000,-1.00000000E-001, 3.54525926E-002
 6.37500000E+000, 2.03409087E-001, 2.56266796E-001, 1.53402791E+000,-1.00000000E-001, 3.61409015E-002
 6.42500000E+000, 2.04671626E-001, 2.53889805E-001, 1.54199214E+000,-1.00000000E-001, 3.67003558E-002
 6.47500000E+000, 2.05356143E-001, 2.52589856E-001, 1.54515726E+000,-1.00000000E-001, 3.69134014E-002
 6.52500000E+000, 2.05007636E-001, 2.53146060E-001, 1.54244128E+000,-1.00000000E-001, 3.67079238E-002
 6.57500000E+000, 2.03236472E-001, 2.55629652E-001, 1.53266486E+000,-1.00000000E-001, 3.59918353E-002
 6.62500000E+000, 1.99407613E-001, 2.61275237E-001, 1.51059669E+000,-1.00000000E-001, 3.44250126E-002
 6.67500000E+000, 1.92632000E-001, 2.71473709E-001, 1.47146952E+000,-1.00000000E-001, 3.17746217E-002
 6.72500000E+000, 1.82217130E-001, 2.87231875E-001, 1.41326672E+000,-1.00000000E-001, 2.81078859E-002
 6.77500000E+000, 1.68321831E-001, 3.08155448E-001, 1.34037716E+000,-1.00000000E-001, 2.39509179E-002
 6.82500000E+000, 1.52436639E-001, 3.31814664E-001, 1.26372536E+000,-1.00000000E-001, 2.00657867E-002
 6.87500000E+000, 1.37047578E-001, 3.54515195E-001, 1.19524201E+000,-1.00000000E-001, 1.69872315E-002
 6.92500000E+000, 1.24437553E-001, 3.73113523E-001, 1.14205066E+000,-1.00000000E-001, 1.48358787E-002
 6.97500000E+000, 1.15560825E-001, 3.86344363E-001, 1.10528379E+000,-1.00000000E-001, 1.34655728E-002
 7.02500000E+000, 1.09996403E-001, 3.94755652E-001, 1.08214655E+000,-1.00000000E-001, 1.26506014E-002
 7.07500000E+000, 1.06730871E-001, 3.99730011E-001, 1.06849373E+000,-1.00000000E-001, 1.21863723E-002
 7.12500000E+000, 1.04836284E-001, 4.02599523E-001, 1.06063328E+000,-1.00000000E-001, 1.19243806E-002
 7.17500000E+000, 1.03694472E-001, 4.04293483E-001, 1.05601268E+000,-1.00000000E-001, 1.17718980E-002
 7.22500000E+000, 1.02955193E-001, 4.05356826E-001, 1.05312628E+000,-1.00000000E-001, 1.16770227E-002
 7.27500000E+000, 1.02436352E-001, 4.06079024E-001, 1.05116921E+000,-1.00000000E-001, 1.16127634E-002
 7.32500000E+000, 1.02046813E-001, 4.06606264E-001, 1.04973394E+000,-1.00000000E-001, 1.15656460E-002
 7.37500000E+000, 1.01740823E-001, 4.07011571E-001, 1.04861724E+000,-1.00000000E-001, 1.15289945E-002
 7.42500000E+000, 1.01494289E-001, 4.07332568E-001, 1.04771499E+000,-1.00000000E-001, 1.14993920E-002
 7.47500000E+000, 1.01293279E-001, 4.07590183E-001, 1.04696975E+000,-1.00000000E-001, 1.14749493E-002
 7.52500000E+000, 1.01128714E-001, 4.07797449E-001, 1.04634613E+000,-1.00000000E-001, 1.14545002E-002
 7.57500000E+000, 1.00993992E-001, 4.07963517E-001, 1.04581974E+000,-1.00000000E-001, 1.14372426E-002
 7.62500000E+000, 1.00883934E-001, 4.08095451E-001, 1.04537240E+000,-1.00000000E-001, 1.14225799E-002
 7.67500000E+000, 1.00794301E-001, 4.08199042E-001, 1.04498988E+000,-1.00000000E-001, 1.14100476E-002
 7.72500000E+000, 1.00721558E-001, 4.08279169E-001, 1.04466086E+000,-1.00000000E-001, 1.13992753E-002
 7.77500000E+000, 1.00662736E-001, 4.08339981E-001, 1.04437612E+000,-1.00000000E-001, 1.13899620E-002
 7.82500000E+000, 1.00615341E-001, 4.08384989E-001, 1.04412811E+000,-1.00000000E-001, 1.13818583E-002
 7.87500000E+000, 1.00577282E-001, 4.08417129E-001, 1.04391049E+000,-1.00000000E-001, 1.13747534E-002
 7.92500000E+000, 1.00546811E-001, 4.08438820E-001, 1.04371782E+000,-1.00000000E-001, 1.13684657E-002
 7.97500000E+000, 1.00522472E-001, 4.08452024E-001, 1.04354541E+000,-1.00000000E-001, 1.13628380E-002
 8.02500000E+000, 1.00503060E-001, 4.08458309E-001, 1.04338921E+000,-1.00000000E-001, 1.13577351E-002
 8.07500000E+000, 1.00487582E-001, 4.08458910E-001, 1.04324581E+000,-1.00000000E-001, 1.13530435E-002
 8.12500000E+000, 1.00475224E-001, 4.08454784E-001, 1.04311248E+000,-1.00000000E-001, 1.13486737E-002
 8.17500000E+000, 1.00465319E-001, 4.08446654E-001, 1.04298727E+000,-1.00000000E-001, 1.13445617E-002
 8.22500000E+000, 1.00457321E-001, 4.08435036E-001, 1.04286911E+000,-1.00000000E-001, 1.13406724E-002
 8.27500000E+000, 1.00450771E-001, 4.08420232E-001, 1.04275798E+000,-1.00000000E-001, 1.13370036E-002
 8.32500000E+000, 1.00445272E-001, 4.08402304E-001, 1.04265510E+000,-1.00000000E-001, 1.13335913E-002
 8.37500000E+000, 1.00440455E-001, 4.08380996E-001, 1.04256330E+000,-1.00000000E-001, 1.13305201E-002
 8.42500000E+000, 1.00435956E-001, 4.08355627E-001, 1.04248746E+000,-1.00000000E-001, 1.13279381E-002
 8.47500000E+000, 1.00431373E-001, 4.08324931E-001, 1.04243532E+000,-1.00000000E-001, 1.13260794E-002
 8.52500000E+000, 1.00426235E-001, 4.08286864E-001, 1.04241834E+000,-1.00000000E-001, 1.13252952E-002
 8.57500000E+000, 1.00419956E-001, 4.08238384E-001, 1.04245293E+000,-1.00000000E-001, 1.13260910E-002
 8.62500000E+000, 1.00411797E-001, 4.08175226E-001, 1.04256162E+000,-1.00000000E-001, 1.13291685E-002
 8.67500000E+000, 1.00400824E-001, 4.08091719E-001, 1.04277415E+000,-1.00000000E-001, 1.13354632E-002
 8.72500000E+000, 1.00385889E-001, 4.07980701E-001, 1.04312802E+000,-1.00000000E-001, 1.13461693E-002
 8.77500000E+000, 1.00365626E-001, 4.07833624E-001, 1.04366817E+000,-1.00000000E-001, 1.13627377E-002
 8.82500000E+000, 1.00338494E-001, 4.07640907E-001, 1.04444520E+000,-1.00000000E-001, 1.13868318E-002
 8.87500000E+000, 1.00302857E-001, 4.07392628E-001, 1.04551194E+000,-1.00000000E-001, 1.14202297E-002
 8.92500000E+000, 1.00257131E-001, 4.07079563E-001, 1.04691802E+000,-1.00000000E-001, 1.14646651E-002
 8.97500000E+000, 1.00199970E-001, 4.06694537E-001, 1.04870290E+000,-1.00000000E-001, 1.15216082E-002
 9.02500000E+000, 1.00130507E-001, 4.06233955E-001, 1.05088769E+000,-1.00000000E-001, 1.15920034E-002
 9.07500000E+000, 1.00048595E-001, 4.05699306E-001, 1.05346714E+000,-1.00000000E-001, 1.16759900E-002
 9.12500000E+000, 9.99550498E-002, 4.05098372E-001, 1.05640300E+000,-1.00000000E-001, 1.17726497E-002
 9.17500000E+000, 9.98518064E-002, 4.04445838E-001, 1.05962037E+000,-1.00000000E-001, 1.18798294E-002
 9.22500000E+000, 9.97419759E-002, 4.03763047E-001, 1.06300854E+000,-1.00000000E-001, 1.19940957E-002
 9.27500000E+000, 9.96297281E-002, 4.03076723E-001, 1.06642721E+000,-1.00000000E-001, 1.21108688E-002
 9.32500000E+000, 9.95199810E-002, 4.02416644E-001, 1.06971850E+000,-1.00000000E-001, 1.22247680E-002
 9.37500000E+000, 9.94178948E-002, 4.01812437E-001, 1.07272385E+000,-1.00000000E-001, 1.23301634E-002
 9.42500000E+000, 9.93282201E-002, 4.01289891E-001, 1.07530377E+000,-1.00000000E-001, 1.24218807E-002
 9.47500000E+000, 9.92546113E-002, 4.00867421E-001, 1.07735733E+000,-1.00000000E-001, 1.24959450E-002
 9.52500000E+000, 9.91990665E-002, 4.00553378E-001, 1.07883711E+000,-1.00000000E-001, 1.25502061E-002
 9.57500000E+000, 9.91616633E-002, 4.00344893E-001, 1.07975606E+000,-1.00000000E-001, 1.25846797E-002
 9.62500000E+000, 9.91406824E-002, 4.00228633E-001, 1.08018368E+000,-1.00000000E-001, 1.26014944E-002
 9.67500000E+000, 9.91329224E-002, 4.00183710E-001, 1.08023197E+000,-1.00000000E-001, 1.26044253E-002
 9.72500000E+000, 9.91345178E-002, 4.00186252E-001, 1.08004139E+000,-1.00000000E-001, 1.25983866E-002
 9.77500000E+000, 9.91440961E-002, 4.00205823E-001, 1.07976318E+000,-1.00000000E-001, 1.25888011E-002
 9.82500000E+000, 9.91670579E-002, 4.00216122E-001, 1.07952002E+000,-1.00000000E-001, 1.25801643E-002
 9.87500000E+000, 9.92140439E-002, 4.00184605E-001, 1.07941225E+000,-1.00000000E-001, 1.25761283E-002
 9.92500000E+000, 9.92808580E-002, 4.00101040E-001, 1.07943516E+000,-1.00000000E-001, 1.25766230E-002
 9.97500000E+000, 9.93286605E-002, 4.00018483E-001, 1.07947294E+000,-1.00000000E-001, 1.25775597E-002
