   2.0021533382032861      ,         200
X,ZB,H,U,ZF,QS
 2.50000000E-002, 9.99971369E-002, 4.38347292E-001, 9.12523216E-001,-1.00000000E-001, 7.59850051E-003
 7.50000000E-002, 9.99964167E-002, 4.38342413E-001, 9.12556802E-001,-1.00000000E-001, 7.59931505E-003
 1.25000000E-001, 9.99957228E-002, 4.38336159E-001, 9.12596014E-001,-1.00000000E-001, 7.60026668E-003
 1.75000000E-001, 9.99949156E-002, 4.38328450E-001, 9.12641719E-001,-1.00000000E-001, 7.60137665E-003
 2.25000000E-001, 9.99939537E-002, 4.38319093E-001, 9.12694990E-001,-1.00000000E-001, 7.60267137E-003
 2.75000000E-001, 9.99928096E-002, 4.38307845E-001, 9.12757083E-001,-1.00000000E-001, 7.60418168E-003
 3.25000000E-001, 9.99914551E-002, 4.38294429E-001, 9.12829413E-001,-1.00000000E-001, 7.60594238E-003
 3.75000000E-001, 9.99898593E-002, 4.38278535E-001, 9.12913557E-001,-1.00000000E-001, 7.60799240E-003
 4.25000000E-001, 9.99879874E-002, 4.38259815E-001, 9.13011272E-001,-1.00000000E-001, 7.61037507E-003
 4.75000000E-001, 9.99858011E-002, 4.38237884E-001, 9.13124503E-001,-1.00000000E-001, 7.61313848E-003
 5.25000000E-001, 9.99832578E-002, 4.38212316E-001, 9.13255392E-001,-1.00000000E-001, 7.61633572E-003
 5.75000000E-001, 9.99803107E-002, 4.38182643E-001, 9.13406295E-001,-1.00000000E-001, 7.62002525E-003
 6.25000000E-001, 9.99769084E-002, 4.38148351E-001, 9.13579784E-001,-1.00000000E-001, 7.62427111E-003
 6.75000000E-001, 9.99729947E-002, 4.38108882E-001, 9.13778663E-001,-1.00000000E-001, 7.62914323E-003
 7.25000000E-001, 9.99685084E-002, 4.38063629E-001, 9.14005970E-001,-1.00000000E-001, 7.63471765E-003
 7.75000000E-001, 9.99633831E-002, 4.38011935E-001, 9.14264987E-001,-1.00000000E-001, 7.64107673E-003
 8.25000000E-001, 9.99575472E-002, 4.37953095E-001, 9.14559242E-001,-1.00000000E-001, 7.64830937E-003
 8.75000000E-001, 9.99509233E-002, 4.37886354E-001, 9.14892513E-001,-1.00000000E-001, 7.65651113E-003
 9.25000000E-001, 9.99434287E-002, 4.37810908E-001, 9.15268829E-001,-1.00000000E-001, 7.66578438E-003
 9.75000000E-001, 9.99349749E-002, 4.37725900E-001, 9.15692463E-001,-1.00000000E-001, 7.67623834E-003
 1.02500000E+000, 9.99254677E-002, 4.37630428E-001, 9.16167938E-001,-1.00000000E-001, 7.68798913E-003
 1.07500000E+000, 9.99148073E-002, 4.37523543E-001, 9.16700008E-001,-1.00000000E-001, 7.70115979E-003
 1.12500000E+000, 9.99028880E-002, 4.37404250E-001, 9.17293659E-001,-1.00000000E-001, 7.71588014E-003
 1.17500000E+000, 9.98895985E-002, 4.37271513E-001, 9.17954089E-001,-1.00000000E-001, 7.73228677E-003
 1.22500000E+000, 9.98748221E-002, 4.37124257E-001, 9.18686697E-001,-1.00000000E-001, 7.75052283E-003
 1.27500000E+000, 9.98584367E-002, 4.36961372E-001, 9.19497064E-001,-1.00000000E-001, 7.77073785E-003
 1.32500000E+000, 9.98403149E-002, 4.36781720E-001, 9.20390934E-001,-1.00000000E-001, 7.79308751E-003
 1.37500000E+000, 9.98203249E-002, 4.36584134E-001, 9.21374191E-001,-1.00000000E-001, 7.81773342E-003
 1.42500000E+000, 9.97983302E-002, 4.36367427E-001, 9.22452835E-001,-1.00000000E-001, 7.84484276E-003
 1.47500000E+000, 9.97741906E-002, 4.36130400E-001, 9.23632956E-001,-1.00000000E-001, 7.87458807E-003
 1.52500000E+000, 9.97477627E-002, 4.35871840E-001, 9.24920711E-001,-1.00000000E-001, 7.90714687E-003
 1.57500000E+000, 9.97189005E-002, 4.35590532E-001, 9.26322292E-001,-1.00000000E-001, 7.94270142E-003
 1.62500000E+000, 9.96874562E-002, 4.35285261E-001, 9.27843904E-001,-1.00000000E-001, 7.98143844E-003
 1.67500000E+000, 9.96532821E-002, 4.34954818E-001, 9.29491737E-001,-1.00000000E-001, 8.02354888E-003
 1.72500000E+000, 9.96162312E-002, 4.34598005E-001, 9.31271946E-001,-1.00000000E-001, 8.06922777E-003
 1.77500000E+000, 9.95761596E-002, 4.34213634E-001, 9.33190630E-001,-1.00000000E-001, 8.11867413E-003
 1.82500000E+000, 9.95329289E-002, 4.33800536E-001, 9.35253810E-001,-1.00000000E-001, 8.17209100E-003
 1.87500000E+000, 9.94864088E-002, 4.33357556E-001, 9.37467424E-001,-1.00000000E-001, 8.22968562E-003
 1.92500000E+000, 9.94364804E-002, 4.32883557E-001, 9.39837319E-001,-1.00000000E-001, 8.29166971E-003
 1.97500000E+000, 9.93830414E-002, 4.32377410E-001, 9.42369251E-001,-1.00000000E-001, 8.35826000E-003
 2.02500000E+000, 9.93260106E-002, 4.31837998E-001, 9.45068893E-001,-1.00000000E-001, 8.42967906E-003
 2.07500000E+000, 9.92653350E-002, 4.31264199E-001, 9.47941864E-001,-1.00000000E-001, 8.50615637E-003
 2.12500000E+000, 9.92009977E-002, 4.30654876E-001, 9.50993756E-001,-1.00000000E-001, 8.58792977E-003
 2.17500000E+000, 9.91330271E-002, 4.30008864E-001, 9.54230182E-001,-1.00000000E-001, 8.67524743E-003
 2.22500000E+000, 9.90615083E-002, 4.29324946E-001, 9.57656848E-001,-1.00000000E-001, 8.76837031E-003
 2.27500000E+000, 9.89865960E-002, 4.28601823E-001, 9.61279631E-001,-1.00000000E-001, 8.86757528E-003
 2.32500000E+000, 9.89085301E-002, 4.27838092E-001, 9.65104689E-001,-1.00000000E-001, 8.97315906E-003
 2.37500000E+000, 9.88276525E-002, 4.27032195E-001, 9.69138590E-001,-1.00000000E-001, 9.08544295E-003
 2.42500000E+000, 9.87444275E-002, 4.26182383E-001, 9.73388467E-001,-1.00000000E-001, 9.20477859E-003
 2.47500000E+000, 9.86594628E-002, 4.25286663E-001, 9.77862195E-001,-1.00000000E-001, 9.33155488E-003
 2.52500000E+000, 9.85735338E-002, 4.24342737E-001, 9.82568601E-001,-1.00000000E-001, 9.46620603E-003
 2.57500000E+000, 9.84876096E-002, 4.23347941E-001, 9.87517689E-001,-1.00000000E-001, 9.60922094E-003
 2.62500000E+000, 9.84028796E-002, 4.22299178E-001, 9.92720891E-001,-1.00000000E-001, 9.76115406E-003
 2.67500000E+000, 9.83207807E-002, 4.21192843E-001, 9.98191339E-001,-1.00000000E-001, 9.92263750E-003
 2.72500000E+000, 9.82430245E-002, 4.20024757E-001, 1.00394414E+000,-1.00000000E-001, 1.00943949E-002
 2.77500000E+000, 9.81716213E-002, 4.18790089E-001, 1.00999668E+000,-1.00000000E-001, 1.02772564E-002
 2.82500000E+000, 9.81089017E-002, 4.17483292E-001, 1.01636891E+000,-1.00000000E-001, 1.04721759E-002
 2.87500000E+000, 9.80575299E-002, 4.16098040E-001, 1.02308360E+000,-1.00000000E-001, 1.06802492E-002
 2.92500000E+000, 9.80205089E-002, 4.14627179E-001, 1.03016671E+000,-1.00000000E-001, 1.09027346E-002
 2.97500000E+000, 9.80011720E-002, 4.13062691E-001, 1.03764753E+000,-1.00000000E-001, 1.11410742E-002
 3.02500000E+000, 9.80031580E-002, 4.11395674E-001, 1.04555903E+000,-1.00000000E-001, 1.13969192E-002
 3.07500000E+000, 9.80303637E-002, 4.09616349E-001, 1.05393800E+000,-1.00000000E-001, 1.16721547E-002
 3.12500000E+000, 9.80868707E-002, 4.07714091E-001, 1.06282526E+000,-1.00000000E-001, 1.19689297E-002
 3.17500000E+000, 9.81768393E-002, 4.05677495E-001, 1.07226579E+000,-1.00000000E-001, 1.22896873E-002
 3.22500000E+000, 9.83043652E-002, 4.03494483E-001, 1.08230878E+000,-1.00000000E-001, 1.26371988E-002
 3.27500000E+000, 9.84732953E-002, 4.01152447E-001, 1.09300764E+000,-1.00000000E-001, 1.30146004E-002
 3.32500000E+000, 9.86869967E-002, 3.98638452E-001, 1.10441992E+000,-1.00000000E-001, 1.34254316E-002
 3.37500000E+000, 9.89480783E-002, 3.95939492E-001, 1.11660706E+000,-1.00000000E-001, 1.38736758E-002
 3.42500000E+000, 9.92580646E-002, 3.93042805E-001, 1.12963403E+000,-1.00000000E-001, 1.43638007E-002
 3.47500000E+000, 9.96170267E-002, 3.89936259E-001, 1.14356868E+000,-1.00000000E-001, 1.49007977E-002
 3.52500000E+000, 1.00023178E-001, 3.86608803E-001, 1.15848091E+000,-1.00000000E-001, 1.54902149E-002
 3.57500000E+000, 1.00472452E-001, 3.83050996E-001, 1.17444139E+000,-1.00000000E-001, 1.61381820E-002
 3.62500000E+000, 1.00958082E-001, 3.79255599E-001, 1.19151993E+000,-1.00000000E-001, 1.68514162E-002
 3.67500000E+000, 1.01470218E-001, 3.75218229E-001, 1.20978323E+000,-1.00000000E-001, 1.76372037E-002
 3.72500000E+000, 1.01995637E-001, 3.70938065E-001, 1.22929197E+000,-1.00000000E-001, 1.85033392E-002
 3.77500000E+000, 1.02517585E-001, 3.66418586E-001, 1.25009720E+000,-1.00000000E-001, 1.94580087E-002
 3.82500000E+000, 1.03015848E-001, 3.61668315E-001, 1.27223566E+000,-1.00000000E-001, 2.05095909E-002
 3.87500000E+000, 1.03467138E-001, 3.56701558E-001, 1.29572409E+000,-1.00000000E-001, 2.16663453E-002
 3.92500000E+000, 1.03845889E-001, 3.51539080E-001, 1.32055225E+000,-1.00000000E-001, 2.29359497E-002
 3.97500000E+000, 1.04125597E-001, 3.46208744E-001, 1.34667441E+000,-1.00000000E-001, 2.43248358E-002
 4.02500000E+000, 1.04280809E-001, 3.40746050E-001, 1.37399916E+000,-1.00000000E-001, 2.58372633E-002
 4.07500000E+000, 1.04289869E-001, 3.35194633E-001, 1.40237727E+000,-1.00000000E-001, 2.74740635E-002
 4.12500000E+000, 1.04138503E-001, 3.29606686E-001, 1.43158747E+000,-1.00000000E-001, 2.92309821E-002
 4.17500000E+000, 1.03824240E-001, 3.24043368E-001, 1.46132017E+000,-1.00000000E-001, 3.10965685E-002
 4.22500000E+000, 1.03361546E-001, 3.18575143E-001, 1.49115985E+000,-1.00000000E-001, 3.30496174E-002
 4.27500000E+000, 1.02787331E-001, 3.13282030E-001, 1.52056746E+000,-1.00000000E-001, 3.50562804E-002
 4.32500000E+000, 1.02166155E-001, 3.08253585E-001, 1.54886573E+000,-1.00000000E-001, 3.70671645E-002
 4.37500000E+000, 1.01594056E-001, 3.03588463E-001, 1.57523126E+000,-1.00000000E-001, 3.90150015E-002
 4.42500000E+000, 1.01199497E-001, 2.99393302E-001, 1.59869886E+000,-1.00000000E-001, 4.08137812E-002
 4.47500000E+000, 1.01139687E-001, 2.95780752E-001, 1.61818364E+000,-1.00000000E-001, 4.23604674E-002
 4.52500000E+000, 1.01590702E-001, 2.92866476E-001, 1.63252587E+000,-1.00000000E-001, 4.35404280E-002
 4.57500000E+000, 1.02730503E-001, 2.90764902E-001, 1.64056203E+000,-1.00000000E-001, 4.42373605E-002
 4.62500000E+000, 1.04715281E-001, 2.89583224E-001, 1.64122411E+000,-1.00000000E-001, 4.43477452E-002
 4.67500000E+000, 1.07651180E-001, 2.89412423E-001, 1.63366933E+000,-1.00000000E-001, 4.37988255E-002
 4.72500000E+000, 1.11565426E-001, 2.90313015E-001, 1.61744363E+000,-1.00000000E-001, 4.25679438E-002
 4.77500000E+000, 1.16383032E-001, 2.92292438E-001, 1.59267987E+000,-1.00000000E-001, 4.06997721E-002
 4.82500000E+000, 1.21917791E-001, 2.95272373E-001, 1.56031423E+000,-1.00000000E-001, 3.83163326E-002
 4.87500000E+000, 1.27887647E-001, 2.99051387E-001, 1.52225561E+000,-1.00000000E-001, 3.56129004E-002
 4.92500000E+000, 1.33960526E-001, 3.03282531E-001, 1.48137234E+000,-1.00000000E-001, 3.28331128E-002
 4.97500000E+000, 1.39822760E-001, 3.07497551E-001, 1.44114197E+000,-1.00000000E-001, 3.02233116E-002
 5.02500000E+000, 1.45243842E-001, 3.11195891E-001, 1.40495550E+000,-1.00000000E-001, 2.79800894E-002
 5.07500000E+000, 1.50107537E-001, 3.13969512E-001, 1.37534494E+000,-1.00000000E-001, 2.62149372E-002
 5.12500000E+000, 1.54400454E-001, 3.15596145E-001, 1.35353046E+000,-1.00000000E-001, 2.49513718E-002
 5.17500000E+000, 1.58175565E-001, 3.16054086E-001, 1.33946965E+000,-1.00000000E-001, 2.41485440E-002
 5.22500000E+000, 1.61514843E-001, 3.15469956E-001, 1.33225668E+000,-1.00000000E-001, 2.37327460E-002
 5.27500000E+000, 1.64503940E-001, 3.14044305E-001, 1.33059083E+000,-1.00000000E-001, 2.36223973E-002
 5.32500000E+000, 1.67219560E-001, 3.11990748E-001, 1.33313011E+000,-1.00000000E-001, 2.37423786E-002
 5.37500000E+000, 1.69725104E-001, 3.09500226E-001, 1.33868824E+000,-1.00000000E-001, 2.40299594E-002
 5.42500000E+000, 1.72070418E-001, 3.06726424E-001, 1.34631066E+000,-1.00000000E-001, 2.44358951E-002
 5.47500000E+000, 1.74293134E-001, 3.03784230E-001, 1.35527922E+000,-1.00000000E-001, 2.49232954E-002
 5.52500000E+000, 1.76420511E-001, 3.00754589E-001, 1.36508262E+000,-1.00000000E-001, 2.54656657E-002
 5.57500000E+000, 1.78471381E-001, 2.97691656E-001, 1.37537448E+000,-1.00000000E-001, 2.60447563E-002
 5.62500000E+000, 1.80458070E-001, 2.94630012E-001, 1.38593063E+000,-1.00000000E-001, 2.66485028E-002
 5.67500000E+000, 1.82388210E-001, 2.91590867E-001, 1.39661166E+000,-1.00000000E-001, 2.72692162E-002
 5.72500000E+000, 1.84266335E-001, 2.88586801E-001, 1.40733328E+000,-1.00000000E-001, 2.79021174E-002
 5.77500000E+000, 1.86095195E-001, 2.85625025E-001, 1.41804525E+000,-1.00000000E-001, 2.85442590E-002
 5.82500000E+000, 1.87876740E-001, 2.82709402E-001, 1.42871775E+000,-1.00000000E-001, 2.91938113E-002
 5.87500000E+000, 1.89612767E-001, 2.79841576E-001, 1.43933343E+000,-1.00000000E-001, 2.98496404E-002
 5.92500000E+000, 1.91305278E-001, 2.77021593E-001, 1.44988312E+000,-1.00000000E-001, 3.05110795E-002
 5.97500000E+000, 1.92956594E-001, 2.74248307E-001, 1.46036342E+000,-1.00000000E-001, 3.11778022E-002
 6.02500000E+000, 1.94569300E-001, 2.71519735E-001, 1.47077491E+000,-1.00000000E-001, 3.18497311E-002
 6.07500000E+000, 1.96146077E-001, 2.68833455E-001, 1.48112060E+000,-1.00000000E-001, 3.25269466E-002
 6.12500000E+000, 1.97689501E-001, 2.66187002E-001, 1.49140427E+000,-1.00000000E-001, 3.32095890E-002
 6.17500000E+000, 1.99201841E-001, 2.63578233E-001, 1.50162905E+000,-1.00000000E-001, 3.38977602E-002
 6.22500000E+000, 2.00684924E-001, 2.61005598E-001, 1.51179622E+000,-1.00000000E-001, 3.45914406E-002
 6.27500000E+000, 2.02140057E-001, 2.58468292E-001, 1.52190450E+000,-1.00000000E-001, 3.52904318E-002
 6.32500000E+000, 2.03568017E-001, 2.55966272E-001, 1.53194988E+000,-1.00000000E-001, 3.59943348E-002
 6.37500000E+000, 2.04969097E-001, 2.53500187E-001, 1.54192582E+000,-1.00000000E-001, 3.67025533E-002
 6.42500000E+000, 2.06343175E-001, 2.51071360E-001, 1.55182307E+000,-1.00000000E-001, 3.74142705E-002
 6.47500000E+000, 2.07689613E-001, 2.48682172E-001, 1.56162763E+000,-1.00000000E-001, 3.81282757E-002
 6.52500000E+000, 2.09005741E-001, 2.46338501E-001, 1.57131094E+000,-1.00000000E-001, 3.88421446E-002
 6.57500000E+000, 2.10277911E-001, 2.44064594E-001, 1.58076906E+000,-1.00000000E-001, 3.95473266E-002
 6.62500000E+000, 2.11430488E-001, 2.41994514E-001, 1.58943503E+000,-1.00000000E-001, 4.01976366E-002
 6.67500000E+000, 2.12014882E-001, 2.40934392E-001, 1.59387959E+000,-1.00000000E-001, 4.05127010E-002
 6.72500000E+000, 2.09361393E-001, 2.45643686E-001, 1.57401179E+000,-1.00000000E-001, 3.88870010E-002
 6.77500000E+000, 1.91564259E-001, 2.76236651E-001, 1.45075531E+000,-1.00000000E-001, 3.01025323E-002
 6.82500000E+000, 1.48832437E-001, 3.42726160E-001, 1.22258824E+000,-1.00000000E-001, 1.79860672E-002
 6.87500000E+000, 1.17634799E-001, 3.86472174E-001, 1.10070648E+000,-1.00000000E-001, 1.32647006E-002
 6.92500000E+000, 1.08123071E-001, 3.99110618E-001, 1.06924920E+000,-1.00000000E-001, 1.22102726E-002
 6.97500000E+000, 1.05592192E-001, 4.02407123E-001, 1.06127382E+000,-1.00000000E-001, 1.19491949E-002
 7.02500000E+000, 1.04515004E-001, 4.03796855E-001, 1.05790005E+000,-1.00000000E-001, 1.18374654E-002
 7.07500000E+000, 1.03782568E-001, 4.04736173E-001, 1.05560435E+000,-1.00000000E-001, 1.17610036E-002
 7.12500000E+000, 1.03193496E-001, 4.05488281E-001, 1.05375608E+000,-1.00000000E-001, 1.16995165E-002
 7.17500000E+000, 1.02703188E-001, 4.06111594E-001, 1.05221434E+000,-1.00000000E-001, 1.16483618E-002
 7.22500000E+000, 1.02293757E-001, 4.06629597E-001, 1.05092172E+000,-1.00000000E-001, 1.16055807E-002
 7.27500000E+000, 1.01952819E-001, 4.07058507E-001, 1.04983851E+000,-1.00000000E-001, 1.15698063E-002
 7.32500000E+000, 1.01670046E-001, 4.07411808E-001, 1.04893191E+000,-1.00000000E-001, 1.15399177E-002
 7.37500000E+000, 1.01436517E-001, 4.07701120E-001, 1.04817396E+000,-1.00000000E-001, 1.15149664E-002
 7.42500000E+000, 1.01244503E-001, 4.07936507E-001, 1.04754072E+000,-1.00000000E-001, 1.14941466E-002
 7.47500000E+000, 1.01087327E-001, 4.08126662E-001, 1.04701176E+000,-1.00000000E-001, 1.14767736E-002
 7.52500000E+000, 1.00959247E-001, 4.08279061E-001, 1.04656966E+000,-1.00000000E-001, 1.14622667E-002
 7.57500000E+000, 1.00855350E-001, 4.08400097E-001, 1.04619961E+000,-1.00000000E-001, 1.14501329E-002
 7.62500000E+000, 1.00771450E-001, 4.08495205E-001, 1.04588902E+000,-1.00000000E-001, 1.14399544E-002
 7.67500000E+000, 1.00703999E-001, 4.08568976E-001, 1.04562721E+000,-1.00000000E-001, 1.14313780E-002
 7.72500000E+000, 1.00650010E-001, 4.08625268E-001, 1.04540517E+000,-1.00000000E-001, 1.14241058E-002
 7.77500000E+000, 1.00606977E-001, 4.08667304E-001, 1.04521535E+000,-1.00000000E-001, 1.14178889E-002
 7.82500000E+000, 1.00572815E-001, 4.08697766E-001, 1.04505145E+000,-1.00000000E-001, 1.14125206E-002
 7.87500000E+000, 1.00545796E-001, 4.08718879E-001, 1.04490830E+000,-1.00000000E-001, 1.14078313E-002
 7.92500000E+000, 1.00524497E-001, 4.08732475E-001, 1.04478168E+000,-1.00000000E-001, 1.14036832E-002
 7.97500000E+000, 1.00507752E-001, 4.08740060E-001, 1.04466821E+000,-1.00000000E-001, 1.13999659E-002
 8.02500000E+000, 1.00494613E-001, 4.08742860E-001, 1.04456521E+000,-1.00000000E-001, 1.13965918E-002
 8.07500000E+000, 1.00484310E-001, 4.08741855E-001, 1.04447064E+000,-1.00000000E-001, 1.13934935E-002
 8.12500000E+000, 1.00476222E-001, 4.08737815E-001, 1.04438300E+000,-1.00000000E-001, 1.13906215E-002
 8.17500000E+000, 1.00469844E-001, 4.08731311E-001, 1.04430137E+000,-1.00000000E-001, 1.13879441E-002
 8.22500000E+000, 1.00464762E-001, 4.08722717E-001, 1.04422547E+000,-1.00000000E-001, 1.13854499E-002
 8.27500000E+000, 1.00460628E-001, 4.08712194E-001, 1.04415586E+000,-1.00000000E-001, 1.13831531E-002
 8.32500000E+000, 1.00457133E-001, 4.08699634E-001, 1.04409426E+000,-1.00000000E-001, 1.13811044E-002
 8.37500000E+000, 1.00453972E-001, 4.08684568E-001, 1.04404417E+000,-1.00000000E-001, 1.13794080E-002
 8.42500000E+000, 1.00450814E-001, 4.08666017E-001, 1.04401166E+000,-1.00000000E-001, 1.13782479E-002
 8.47500000E+000, 1.00447252E-001, 4.08642269E-001, 1.04400660E+000,-1.00000000E-001, 1.13779251E-002
 8.52500000E+000, 1.00442754E-001, 4.08610590E-001, 1.04404421E+000,-1.00000000E-001, 1.13789075E-002
 8.57500000E+000, 1.00436591E-001, 4.08566863E-001, 1.04414697E+000,-1.00000000E-001, 1.13818918E-002
 8.62500000E+000, 1.00427778E-001, 4.08505201E-001, 1.04434673E+000,-1.00000000E-001, 1.13878726E-002
 8.67500000E+000, 1.00415007E-001, 4.08417593E-001, 1.04468650E+000,-1.00000000E-001, 1.13982086E-002
 8.72500000E+000, 1.00396603E-001, 4.08293702E-001, 1.04522168E+000,-1.00000000E-001, 1.14146695E-002
 8.77500000E+000, 1.00370522E-001, 4.08120946E-001, 1.04601959E+000,-1.00000000E-001, 1.14394408E-002
 8.82500000E+000, 1.00334411E-001, 4.07885027E-001, 1.04715688E+000,-1.00000000E-001, 1.14750600E-002
 8.87500000E+000, 1.00285747E-001, 4.07571021E-001, 1.04871382E+000,-1.00000000E-001, 1.15242620E-002
 8.92500000E+000, 1.00222074E-001, 4.07165089E-001, 1.05076550E+000,-1.00000000E-001, 1.15897195E-002
 8.97500000E+000, 1.00141335E-001, 4.06656715E-001, 1.05337009E+000,-1.00000000E-001, 1.16736824E-002
 9.02500000E+000, 1.00042263E-001, 4.06041238E-001, 1.05655550E+000,-1.00000000E-001, 1.17775399E-002
 9.07500000E+000, 9.99248228E-002, 4.05322302E-001, 1.06030625E+000,-1.00000000E-001, 1.19013558E-002
 9.12500000E+000, 9.97906035E-002, 4.04513747E-001, 1.06455303E+000,-1.00000000E-001, 1.20434454E-002
 9.17500000E+000, 9.96431113E-002, 4.03640445E-001, 1.06916759E+000,-1.00000000E-001, 1.22000831E-002
 9.22500000E+000, 9.94878382E-002, 4.02737628E-001, 1.07396546E+000,-1.00000000E-001, 1.23654400E-002
 9.27500000E+000, 9.93320144E-002, 4.01848443E-001, 1.07871821E+000,-1.00000000E-001, 1.25318500E-002
 9.32500000E+000, 9.91839616E-002, 4.01019671E-001, 1.08317582E+000,-1.00000000E-001, 1.26904734E-002
 9.37500000E+000, 9.90520501E-002, 4.00295963E-001, 1.08709767E+000,-1.00000000E-001, 1.28323596E-002
 9.42500000E+000, 9.89433927E-002, 3.99713401E-001, 1.09028782E+000,-1.00000000E-001, 1.29497820E-002
 9.47500000E+000, 9.88625660E-002, 3.99293679E-001, 1.09262733E+000,-1.00000000E-001, 1.30375791E-002
 9.52500000E+000, 9.88107436E-002, 3.99040484E-001, 1.09409481E+000,-1.00000000E-001, 1.30941191E-002
 9.57500000E+000, 9.87855827E-002, 3.98939372E-001, 1.09476751E+000,-1.00000000E-001, 1.31215371E-002
 9.62500000E+000, 9.87819766E-002, 3.98961554E-001, 1.09480080E+000,-1.00000000E-001, 1.31250915E-002
 9.67500000E+000, 9.87934672E-002, 3.99070617E-001, 1.09439122E+000,-1.00000000E-001, 1.31118176E-002
 9.72500000E+000, 9.88138589E-002, 3.99230055E-001, 1.09373490E+000,-1.00000000E-001, 1.30889354E-002
 9.77500000E+000, 9.88385297E-002, 3.99409247E-001, 1.09299453E+000,-1.00000000E-001, 1.30625427E-002
 9.82500000E+000, 9.88650965E-002, 3.99586331E-001, 1.09228345E+000,-1.00000000E-001, 1.30369428E-002
 9.87500000E+000, 9.88933438E-002, 3.99747942E-001, 1.09166707E+000,-1.00000000E-001, 1.30146472E-002
 9.92500000E+000, 9.89237206E-002, 3.99888106E-001, 1.09117307E+000,-1.00000000E-001, 1.29967274E-002
 9.97500000E+000, 9.90463421E-002, 3.99885703E-001, 1.09109124E+000,-1.00000000E-001, 1.29938183E-002
