   6.0253578129829384      ,         200
X,ZB,H,U,Q
 2.50000000E-002, 8.75034722E-001, 0.00000000E+000, 0.00000000E+000, 0.00000000E+000
 7.50000000E-002, 8.47534722E-001, 0.00000000E+000, 0.00000000E+000, 0.00000000E+000
 1.25000000E-001, 8.20312500E-001, 0.00000000E+000, 0.00000000E+000, 0.00000000E+000
 1.75000000E-001, 7.93368056E-001, 0.00000000E+000, 0.00000000E+000, 0.00000000E+000
 2.25000000E-001, 7.66701389E-001, 0.00000000E+000, 0.00000000E+000, 0.00000000E+000
 2.75000000E-001, 7.40312500E-001, 0.00000000E+000, 0.00000000E+000, 0.00000000E+000
 3.25000000E-001, 7.14201389E-001, 0.00000000E+000, 0.00000000E+000, 0.00000000E+000
 3.75000000E-001, 6.88368056E-001, 0.00000000E+000, 0.00000000E+000, 0.00000000E+000
 4.25000000E-001, 6.62812500E-001, 0.00000000E+000, 0.00000000E+000, 0.00000000E+000
 4.75000000E-001, 6.37534722E-001, 0.00000000E+000, 0.00000000E+000, 0.00000000E+000
 5.25000000E-001, 6.12534722E-001, 0.00000000E+000, 0.00000000E+000, 0.00000000E+000
 5.75000000E-001, 5.87812500E-001, 0.00000000E+000, 0.00000000E+000, 0.00000000E+000
 6.25000000E-001, 5.63368056E-001, 0.00000000E+000, 0.00000000E+000, 0.00000000E+000
 6.75000000E-001, 5.39201389E-001, 0.00000000E+000, 0.00000000E+000, 0.00000000E+000
 7.25000000E-001, 5.15312500E-001, 0.00000000E+000, 0.00000000E+000, 0.00000000E+000
 7.75000000E-001, 4.91701389E-001, 0.00000000E+000, 0.00000000E+000, 0.00000000E+000
 8.25000000E-001, 4.68368056E-001, 0.00000000E+000, 0.00000000E+000, 0.00000000E+000
 8.75000000E-001, 4.45312500E-001, 0.00000000E+000, 0.00000000E+000, 0.00000000E+000
 9.25000000E-001, 4.22534722E-001, 0.00000000E+000, 0.00000000E+000, 0.00000000E+000
 9.75000000E-001, 4.00034722E-001, 0.00000000E+000, 0.00000000E+000, 0.00000000E+000
 1.02500000E+000, 3.77812500E-001, 0.00000000E+000, 0.00000000E+000, 0.00000000E+000
 1.07500000E+000, 3.55868056E-001, 0.00000000E+000, 0.00000000E+000, 0.00000000E+000
 1.12500000E+000, 3.34201389E-001, 0.00000000E+000, 0.00000000E+000, 0.00000000E+000
 1.17500000E+000, 3.12812500E-001, 0.00000000E+000, 0.00000000E+000, 0.00000000E+000
 1.22500000E+000, 2.91701389E-001, 0.00000000E+000, 0.00000000E+000, 0.00000000E+000
 1.27500000E+000, 2.70868056E-001, 0.00000000E+000, 0.00000000E+000, 0.00000000E+000
 1.32500000E+000, 2.50312500E-001, 0.00000000E+000, 0.00000000E+000, 0.00000000E+000
 1.37500000E+000, 2.30034722E-001, 0.00000000E+000, 0.00000000E+000, 0.00000000E+000
 1.42500000E+000, 2.10034722E-001, 0.00000000E+000, 0.00000000E+000, 0.00000000E+000
 1.47500000E+000, 1.90312500E-001, 0.00000000E+000, 0.00000000E+000, 0.00000000E+000
 1.52500000E+000, 1.70868056E-001, 5.00821520E-003,-4.00369928E-001,-2.00513876E-003
 1.57500000E+000, 1.51701389E-001, 2.73355909E-002,-2.35338892E-001,-6.43312766E-003
 1.62500000E+000, 1.32812500E-001, 4.01470664E-002,-1.49466670E-001,-6.00064831E-003
 1.67500000E+000, 1.14201389E-001, 5.43542244E-002,-1.14957091E-001,-6.24840352E-003
 1.72500000E+000, 9.58680556E-002, 6.89711917E-002,-9.78126752E-002,-6.74625677E-003
 1.77500000E+000, 7.78125000E-002, 8.36100349E-002,-8.75555558E-002,-7.32052308E-003
 1.82500000E+000, 6.00347222E-002, 9.81411436E-002,-8.05799616E-002,-7.90820959E-003
 1.87500000E+000, 4.25347222E-002, 1.12509655E-001,-7.54160812E-002,-8.48503729E-003
 1.92500000E+000, 2.53125000E-002, 1.26684520E-001,-7.13689370E-002,-9.04133956E-003
 1.97500000E+000, 8.36805556E-003, 1.40645589E-001,-6.80686141E-002,-9.57355032E-003
 2.02500000E+000,-8.29861111E-003, 1.54379209E-001,-6.52971510E-002,-1.00805225E-002
 2.07500000E+000,-2.46875000E-002, 1.67875890E-001,-6.29156674E-002,-1.05620237E-002
 2.12500000E+000,-4.07986111E-002, 1.81128800E-001,-6.08308451E-002,-1.10182180E-002
 2.17500000E+000,-5.66319444E-002, 1.94132807E-001,-5.89776398E-002,-1.14494948E-002
 2.22500000E+000,-7.21875000E-002, 2.06883906E-001,-5.73093356E-002,-1.18563792E-002
 2.27500000E+000,-8.74652778E-002, 2.19378873E-001,-5.57914210E-002,-1.22394590E-002
 2.32500000E+000,-1.02465278E-001, 2.31615048E-001,-5.43977095E-002,-1.25993281E-002
 2.37500000E+000,-1.17187500E-001, 2.43590194E-001,-5.31078544E-002,-1.29365525E-002
 2.42500000E+000,-1.31631944E-001, 2.55302393E-001,-5.19057340E-002,-1.32516581E-002
 2.47500000E+000,-1.45798611E-001, 2.66749977E-001,-5.07783789E-002,-1.35451314E-002
 2.52500000E+000,-1.59687500E-001, 2.77931473E-001,-4.97152377E-002,-1.38174293E-002
 2.57500000E+000,-1.73298611E-001, 2.88845573E-001,-4.87076592E-002,-1.40689917E-002
 2.62500000E+000,-1.86631944E-001, 2.99491105E-001,-4.77485161E-002,-1.43002559E-002
 2.67500000E+000,-1.99687500E-001, 3.09867024E-001,-4.68319253E-002,-1.45116693E-002
 2.72500000E+000,-2.12465278E-001, 3.19972395E-001,-4.59530348E-002,-1.47037026E-002
 2.77500000E+000,-2.24965278E-001, 3.29806388E-001,-4.51078579E-002,-1.48768597E-002
 2.82500000E+000,-2.37187500E-001, 3.39368267E-001,-4.42931406E-002,-1.50316864E-002
 2.87500000E+000,-2.49131944E-001, 3.48657390E-001,-4.35062540E-002,-1.51687770E-002
 2.92500000E+000,-2.60798611E-001, 3.57673196E-001,-4.27451040E-002,-1.52887780E-002
 2.97500000E+000,-2.72187500E-001, 3.66415201E-001,-4.20080553E-002,-1.53923900E-002
 3.02500000E+000,-2.83298611E-001, 3.74882991E-001,-4.12938650E-002,-1.54803676E-002
 3.07500000E+000,-2.94131944E-001, 3.83076213E-001,-4.06016246E-002,-1.55535166E-002
 3.12500000E+000,-3.04687500E-001, 3.90994570E-001,-3.99307079E-002,-1.56126900E-002
 3.17500000E+000,-3.14965278E-001, 3.98637812E-001,-3.92807240E-002,-1.56587818E-002
 3.22500000E+000,-3.24965278E-001, 4.06005727E-001,-3.86514748E-002,-1.56927201E-002
 3.27500000E+000,-3.34687500E-001, 4.13098140E-001,-3.80429162E-002,-1.57154579E-002
 3.32500000E+000,-3.44131944E-001, 4.19914898E-001,-3.74551225E-002,-1.57279640E-002
 3.37500000E+000,-3.53298611E-001, 4.26455875E-001,-3.68882549E-002,-1.57312130E-002
 3.42500000E+000,-3.62187500E-001, 4.32720958E-001,-3.63425324E-002,-1.57261754E-002
 3.47500000E+000,-3.70798611E-001, 4.38710047E-001,-3.58182072E-002,-1.57138073E-002
 3.52500000E+000,-3.79131944E-001, 4.44423052E-001,-3.53155421E-002,-1.56950410E-002
 3.57500000E+000,-3.87187500E-001, 4.49859890E-001,-3.48347925E-002,-1.56707759E-002
 3.62500000E+000,-3.94965278E-001, 4.55020479E-001,-3.43761909E-002,-1.56418708E-002
 3.67500000E+000,-4.02465278E-001, 4.59904742E-001,-3.39399344E-002,-1.56091368E-002
 3.72500000E+000,-4.09687500E-001, 4.64512601E-001,-3.35261756E-002,-1.55733310E-002
 3.77500000E+000,-4.16631944E-001, 4.68843980E-001,-3.31350158E-002,-1.55351527E-002
 3.82500000E+000,-4.23298611E-001, 4.72898800E-001,-3.27665008E-002,-1.54952389E-002
 3.87500000E+000,-4.29687500E-001, 4.76676984E-001,-3.24206181E-002,-1.54541625E-002
 3.92500000E+000,-4.35798611E-001, 4.80178454E-001,-3.20972968E-002,-1.54124304E-002
 3.97500000E+000,-4.41631944E-001, 4.83403131E-001,-3.17964082E-002,-1.53704833E-002
 4.02500000E+000,-4.47187500E-001, 4.86350937E-001,-3.15177679E-002,-1.53286959E-002
 4.07500000E+000,-4.52465278E-001, 4.89021795E-001,-3.12611385E-002,-1.52873781E-002
 4.12500000E+000,-4.57465278E-001, 4.91415629E-001,-3.10262343E-002,-1.52467764E-002
 4.17500000E+000,-4.62187500E-001, 4.93532365E-001,-3.08127248E-002,-1.52070769E-002
 4.22500000E+000,-4.66631944E-001, 4.95371933E-001,-3.06202408E-002,-1.51684078E-002
 4.27500000E+000,-4.70798611E-001, 4.96934264E-001,-3.04483801E-002,-1.51308433E-002
 4.32500000E+000,-4.74687500E-001, 4.98219293E-001,-3.02967141E-002,-1.50944075E-002
 4.37500000E+000,-4.78298611E-001, 4.99226958E-001,-3.01647953E-002,-1.50590790E-002
 4.42500000E+000,-4.81631944E-001, 4.99957199E-001,-3.00521649E-002,-1.50247962E-002
 4.47500000E+000,-4.84687500E-001, 5.00409958E-001,-2.99583620E-002,-1.49914627E-002
 4.52500000E+000,-4.87465278E-001, 5.00585178E-001,-2.98829325E-002,-1.49589531E-002
 4.57500000E+000,-4.89965278E-001, 5.00482801E-001,-2.98254389E-002,-1.49271192E-002
 4.62500000E+000,-4.92187500E-001, 5.00102770E-001,-2.97854709E-002,-1.48957965E-002
 4.67500000E+000,-4.94131944E-001, 4.99445021E-001,-2.97626554E-002,-1.48648100E-002
 4.72500000E+000,-4.95798611E-001, 4.98509487E-001,-2.97566667E-002,-1.48339806E-002
 4.77500000E+000,-4.97187500E-001, 4.97296096E-001,-2.97672370E-002,-1.48031308E-002
 4.82500000E+000,-4.98298611E-001, 4.95804765E-001,-2.97941656E-002,-1.47720893E-002
 4.87500000E+000,-4.99131944E-001, 4.94035405E-001,-2.98373273E-002,-1.47406961E-002
 4.92500000E+000,-4.99687500E-001, 4.91987913E-001,-2.98966794E-002,-1.47088049E-002
 4.97500000E+000,-4.99965278E-001, 4.89662173E-001,-2.99722906E-002,-1.46762969E-002
 5.02500000E+000,-4.99965278E-001, 4.87055168E-001,-3.00772748E-002,-1.46492921E-002
 5.07500000E+000,-4.99687500E-001, 4.84169421E-001,-3.02122032E-002,-1.46278249E-002
 5.12500000E+000,-4.99131944E-001, 4.81001954E-001,-3.03651809E-002,-1.46057114E-002
 5.17500000E+000,-4.98298611E-001, 4.77552524E-001,-3.05367118E-002,-1.45828838E-002
 5.22500000E+000,-4.97187500E-001, 4.73820881E-001,-3.07274216E-002,-1.45592939E-002
 5.27500000E+000,-4.95798611E-001, 4.69806763E-001,-3.09380212E-002,-1.45348916E-002
 5.32500000E+000,-4.94131944E-001, 4.65509899E-001,-3.11692967E-002,-1.45096161E-002
 5.37500000E+000,-4.92187500E-001, 4.60930012E-001,-3.14220967E-002,-1.44833874E-002
 5.42500000E+000,-4.89965278E-001, 4.56066826E-001,-3.16973183E-002,-1.44560953E-002
 5.47500000E+000,-4.87465278E-001, 4.50920062E-001,-3.19958917E-002,-1.44275895E-002
 5.52500000E+000,-4.84687500E-001, 4.45489451E-001,-3.23187638E-002,-1.43976683E-002
 5.57500000E+000,-4.81631944E-001, 4.39774731E-001,-3.26668824E-002,-1.43660694E-002
 5.62500000E+000,-4.78298611E-001, 4.33775654E-001,-3.30411808E-002,-1.43324598E-002
 5.67500000E+000,-4.74687500E-001, 4.27491988E-001,-3.34425656E-002,-1.42964289E-002
 5.72500000E+000,-4.70798611E-001, 4.20923518E-001,-3.38719066E-002,-1.42574821E-002
 5.77500000E+000,-4.66631944E-001, 4.14070048E-001,-3.43300316E-002,-1.42150378E-002
 5.82500000E+000,-4.62187500E-001, 4.06931399E-001,-3.48177273E-002,-1.41684265E-002
 5.87500000E+000,-4.57465278E-001, 3.99507408E-001,-3.53357455E-002,-1.41168921E-002
 5.92500000E+000,-4.52465278E-001, 3.91797926E-001,-3.58848179E-002,-1.40595972E-002
 5.97500000E+000,-4.47187500E-001, 3.83802810E-001,-3.64656782E-002,-1.39956297E-002
 6.02500000E+000,-4.41631944E-001, 3.75521918E-001,-3.70790930E-002,-1.39240121E-002
 6.07500000E+000,-4.35798611E-001, 3.66955104E-001,-3.77259006E-002,-1.38437118E-002
 6.12500000E+000,-4.29687500E-001, 3.58102204E-001,-3.84070567E-002,-1.37536516E-002
 6.17500000E+000,-4.23298611E-001, 3.48963029E-001,-3.91236879E-002,-1.36527206E-002
 6.22500000E+000,-4.16631944E-001, 3.39537359E-001,-3.98771496E-002,-1.35397821E-002
 6.27500000E+000,-4.09687500E-001, 3.29824924E-001,-4.06690905E-002,-1.34136797E-002
 6.32500000E+000,-4.02465278E-001, 3.19825403E-001,-4.15015216E-002,-1.32732409E-002
 6.37500000E+000,-3.94965278E-001, 3.09538408E-001,-4.23768938E-002,-1.31172763E-002
 6.42500000E+000,-3.87187500E-001, 2.98963478E-001,-4.32981879E-002,-1.29445769E-002
 6.47500000E+000,-3.79131944E-001, 2.88100073E-001,-4.42690219E-002,-1.27539084E-002
 6.52500000E+000,-3.70798611E-001, 2.76947559E-001,-4.52937864E-002,-1.25440036E-002
 6.57500000E+000,-3.62187500E-001, 2.65505205E-001,-4.63778170E-002,-1.23135518E-002
 6.62500000E+000,-3.53298611E-001, 2.53772159E-001,-4.75276182E-002,-1.20611863E-002
 6.67500000E+000,-3.44131944E-001, 2.41747433E-001,-4.87511572E-002,-1.17854671E-002
 6.72500000E+000,-3.34687500E-001, 2.29429857E-001,-5.00582567E-002,-1.14848587E-002
 6.77500000E+000,-3.24965278E-001, 2.16818026E-001,-5.14611388E-002,-1.11577025E-002
 6.82500000E+000,-3.14965278E-001, 2.03910216E-001,-5.29752066E-002,-1.08021858E-002
 6.87500000E+000,-3.04687500E-001, 1.90704267E-001,-5.46202240E-002,-1.04163098E-002
 6.92500000E+000,-2.94131944E-001, 1.77197419E-001,-5.64221643E-002,-9.99786187E-003
 6.97500000E+000,-2.83298611E-001, 1.63386072E-001,-5.84162230E-002,-9.54439720E-003
 7.02500000E+000,-2.72187500E-001, 1.49265445E-001,-6.06519182E-002,-9.05323557E-003
 7.07500000E+000,-2.60798611E-001, 1.34829037E-001,-6.32021593E-002,-8.52148625E-003
 7.12500000E+000,-2.49131944E-001, 1.20067742E-001,-6.61803912E-002,-7.94613016E-003
 7.17500000E+000,-2.37187500E-001, 1.04968297E-001,-6.97755962E-002,-7.32422553E-003
 7.22500000E+000,-2.24965278E-001, 8.95101898E-002,-7.43309864E-002,-6.65338070E-003
 7.27500000E+000,-2.12465278E-001, 7.36584083E-002,-8.05464674E-002,-5.93292458E-003
 7.32500000E+000,-1.99687500E-001, 5.73398652E-002,-9.01433655E-002,-5.16880842E-003
 7.37500000E+000,-1.86631944E-001, 4.03116329E-002,-1.09373273E-001,-4.40901521E-003
 7.42500000E+000,-1.73298611E-001, 2.17659517E-002,-1.69250225E-001,-3.68389221E-003
 7.47500000E+000,-1.59687500E-001, 4.13697861E-003,-3.78578122E-001,-1.56616959E-003
 7.52500000E+000,-1.45798611E-001, 5.98562256E-004,-6.08202372E-001,-3.64046984E-004
 7.57500000E+000,-1.31631944E-001, 4.72000343E-004,-5.74267837E-001,-2.71054616E-004
 7.62500000E+000,-1.17187500E-001, 4.37302142E-004,-5.40506674E-001,-2.36364726E-004
 7.67500000E+000,-1.02465278E-001, 4.13536082E-004,-5.09849848E-001,-2.10841309E-004
 7.72500000E+000,-8.74652778E-002, 3.91964144E-004,-4.80896532E-001,-1.88494197E-004
 7.77500000E+000,-7.21875000E-002, 3.70889469E-004,-4.52979722E-001,-1.68005408E-004
 7.82500000E+000,-5.66319444E-002, 3.49822845E-004,-4.25770071E-001,-1.48944097E-004
 7.87500000E+000,-4.07986111E-002, 3.28555378E-004,-3.99085376E-001,-1.31121646E-004
 7.92500000E+000,-2.46875000E-002, 3.06947442E-004,-3.72817635E-001,-1.14435419E-004
 7.97500000E+000,-8.29861111E-003, 2.84863148E-004,-3.46903753E-001,-9.88200950E-005
 8.02500000E+000, 8.36805556E-003, 2.62139926E-004,-3.21314576E-001,-8.42293792E-005
 8.07500000E+000, 2.53125000E-002, 2.38565918E-004,-2.96053809E-001,-7.06283487E-005
 8.12500000E+000, 4.25347222E-002, 2.13858483E-004,-2.71164524E-001,-5.79908337E-005
 8.17500000E+000, 6.00347222E-002, 1.87648303E-004,-2.46743732E-001,-4.63010427E-005
 8.22500000E+000, 7.78125000E-002, 1.59492691E-004,-2.22966583E-001,-3.55615403E-005
 8.27500000E+000, 9.58680556E-002, 1.28986519E-004,-2.00120138E-001,-2.58127999E-005
 8.32500000E+000, 1.14201389E-001, 9.61280666E-005,-1.78637274E-001,-1.71720558E-005
 8.37500000E+000, 1.32812500E-001, 6.21789127E-005,-1.59094104E-001,-9.89229839E-006
 8.42500000E+000, 1.51701389E-001, 3.09409724E-005,-1.42091537E-001,-4.39645033E-006
 8.47500000E+000, 1.70868056E-001, 8.77953165E-006,-1.27963439E-001,-1.12345906E-006
 8.52500000E+000, 1.90312500E-001, 0.00000000E+000, 0.00000000E+000, 0.00000000E+000
 8.57500000E+000, 2.10034722E-001, 0.00000000E+000, 0.00000000E+000, 0.00000000E+000
 8.62500000E+000, 2.30034722E-001, 0.00000000E+000, 0.00000000E+000, 0.00000000E+000
 8.67500000E+000, 2.50312500E-001, 0.00000000E+000, 0.00000000E+000, 0.00000000E+000
 8.72500000E+000, 2.70868056E-001, 0.00000000E+000, 0.00000000E+000, 0.00000000E+000
 8.77500000E+000, 2.91701389E-001, 0.00000000E+000, 0.00000000E+000, 0.00000000E+000
 8.82500000E+000, 3.12812500E-001, 0.00000000E+000, 0.00000000E+000, 0.00000000E+000
 8.87500000E+000, 3.34201389E-001, 0.00000000E+000, 0.00000000E+000, 0.00000000E+000
 8.92500000E+000, 3.55868056E-001, 0.00000000E+000, 0.00000000E+000, 0.00000000E+000
 8.97500000E+000, 3.77812500E-001, 0.00000000E+000, 0.00000000E+000, 0.00000000E+000
 9.02500000E+000, 4.00034722E-001, 0.00000000E+000, 0.00000000E+000, 0.00000000E+000
 9.07500000E+000, 4.22534722E-001, 0.00000000E+000, 0.00000000E+000, 0.00000000E+000
 9.12500000E+000, 4.45312500E-001, 0.00000000E+000, 0.00000000E+000, 0.00000000E+000
 9.17500000E+000, 4.68368056E-001, 0.00000000E+000, 0.00000000E+000, 0.00000000E+000
 9.22500000E+000, 4.91701389E-001, 0.00000000E+000, 0.00000000E+000, 0.00000000E+000
 9.27500000E+000, 5.15312500E-001, 0.00000000E+000, 0.00000000E+000, 0.00000000E+000
 9.32500000E+000, 5.39201389E-001, 0.00000000E+000, 0.00000000E+000, 0.00000000E+000
 9.37500000E+000, 5.63368056E-001, 0.00000000E+000, 0.00000000E+000, 0.00000000E+000
 9.42500000E+000, 5.87812500E-001, 0.00000000E+000, 0.00000000E+000, 0.00000000E+000
 9.47500000E+000, 6.12534722E-001, 0.00000000E+000, 0.00000000E+000, 0.00000000E+000
 9.52500000E+000, 6.37534722E-001, 0.00000000E+000, 0.00000000E+000, 0.00000000E+000
 9.57500000E+000, 6.62812500E-001, 0.00000000E+000, 0.00000000E+000, 0.00000000E+000
 9.62500000E+000, 6.88368056E-001, 0.00000000E+000, 0.00000000E+000, 0.00000000E+000
 9.67500000E+000, 7.14201389E-001, 0.00000000E+000, 0.00000000E+000, 0.00000000E+000
 9.72500000E+000, 7.40312500E-001, 0.00000000E+000, 0.00000000E+000, 0.00000000E+000
 9.77500000E+000, 7.66701389E-001, 0.00000000E+000, 0.00000000E+000, 0.00000000E+000
 9.82500000E+000, 7.93368056E-001, 0.00000000E+000, 0.00000000E+000, 0.00000000E+000
 9.87500000E+000, 8.20312500E-001, 0.00000000E+000, 0.00000000E+000, 0.00000000E+000
 9.92500000E+000, 8.47534722E-001, 0.00000000E+000, 0.00000000E+000, 0.00000000E+000
 9.97500000E+000, 8.75034722E-001, 0.00000000E+000, 0.00000000E+000, 0.00000000E+000
