   6.0210426371397432      ,         200
X,ZB,H,U,Q
 2.50000000E-002, 8.75034722E-001, 0.00000000E+000, 0.00000000E+000, 0.00000000E+000
 7.50000000E-002, 8.47534722E-001, 0.00000000E+000, 0.00000000E+000, 0.00000000E+000
 1.25000000E-001, 8.20312500E-001, 0.00000000E+000, 0.00000000E+000, 0.00000000E+000
 1.75000000E-001, 7.93368056E-001, 0.00000000E+000, 0.00000000E+000, 0.00000000E+000
 2.25000000E-001, 7.66701389E-001, 0.00000000E+000, 0.00000000E+000, 0.00000000E+000
 2.75000000E-001, 7.40312500E-001, 0.00000000E+000, 0.00000000E+000, 0.00000000E+000
 3.25000000E-001, 7.14201389E-001, 0.00000000E+000, 0.00000000E+000, 0.00000000E+000
 3.75000000E-001, 6.88368056E-001, 0.00000000E+000, 0.00000000E+000, 0.00000000E+000
 4.25000000E-001, 6.62812500E-001, 0.00000000E+000, 0.00000000E+000, 0.00000000E+000
 4.75000000E-001, 6.37534722E-001, 0.00000000E+000, 0.00000000E+000, 0.00000000E+000
 5.25000000E-001, 6.12534722E-001, 0.00000000E+000, 0.00000000E+000, 0.00000000E+000
 5.75000000E-001, 5.87812500E-001, 0.00000000E+000, 0.00000000E+000, 0.00000000E+000
 6.25000000E-001, 5.63368056E-001, 0.00000000E+000, 0.00000000E+000, 0.00000000E+000
 6.75000000E-001, 5.39201389E-001, 0.00000000E+000, 0.00000000E+000, 0.00000000E+000
 7.25000000E-001, 5.15312500E-001, 0.00000000E+000, 0.00000000E+000, 0.00000000E+000
 7.75000000E-001, 4.91701389E-001, 0.00000000E+000, 0.00000000E+000, 0.00000000E+000
 8.25000000E-001, 4.68368056E-001, 0.00000000E+000, 0.00000000E+000, 0.00000000E+000
 8.75000000E-001, 4.45312500E-001, 0.00000000E+000, 0.00000000E+000, 0.00000000E+000
 9.25000000E-001, 4.22534722E-001, 0.00000000E+000, 0.00000000E+000, 0.00000000E+000
 9.75000000E-001, 4.00034722E-001, 0.00000000E+000, 0.00000000E+000, 0.00000000E+000
 1.02500000E+000, 3.77812500E-001, 0.00000000E+000, 0.00000000E+000, 0.00000000E+000
 1.07500000E+000, 3.55868056E-001, 0.00000000E+000, 0.00000000E+000, 0.00000000E+000
 1.12500000E+000, 3.34201389E-001, 0.00000000E+000, 0.00000000E+000, 0.00000000E+000
 1.17500000E+000, 3.12812500E-001, 0.00000000E+000, 0.00000000E+000, 0.00000000E+000
 1.22500000E+000, 2.91701389E-001, 0.00000000E+000, 0.00000000E+000, 0.00000000E+000
 1.27500000E+000, 2.70868056E-001, 0.00000000E+000, 0.00000000E+000, 0.00000000E+000
 1.32500000E+000, 2.50312500E-001, 0.00000000E+000, 0.00000000E+000, 0.00000000E+000
 1.37500000E+000, 2.30034722E-001, 0.00000000E+000, 0.00000000E+000, 0.00000000E+000
 1.42500000E+000, 2.10034722E-001, 0.00000000E+000, 0.00000000E+000, 0.00000000E+000
 1.47500000E+000, 1.90312500E-001, 0.00000000E+000, 0.00000000E+000, 0.00000000E+000
 1.52500000E+000, 1.70868056E-001, 6.20450520E-003,-2.45719790E-001,-1.52456972E-003
 1.57500000E+000, 1.51701389E-001, 2.63569309E-002,-4.06094847E-002,-1.07034138E-003
 1.62500000E+000, 1.32812500E-001, 4.00514441E-002, 2.15236150E-002, 8.62051862E-004
 1.67500000E+000, 1.14201389E-001, 5.56865162E-002,-3.96382636E-003,-2.20731681E-004
 1.72500000E+000, 9.58680556E-002, 7.09620867E-002,-6.22480855E-003,-4.41725404E-004
 1.77500000E+000, 7.78125000E-002, 8.62690307E-002,-3.49169286E-003,-3.01224958E-004
 1.82500000E+000, 6.00347222E-002, 1.01554741E-001, 2.92802152E-004, 2.97354468E-005
 1.87500000E+000, 4.25347222E-002, 1.16340139E-001, 1.06974359E-003, 1.24454118E-004
 1.92500000E+000, 2.53125000E-002, 1.30775313E-001, 5.16300751E-004, 6.75193922E-005
 1.97500000E+000, 8.36805556E-003, 1.44894891E-001,-4.09105957E-004,-5.92773632E-005
 2.02500000E+000,-8.29861111E-003, 1.58783359E-001,-8.90272138E-004,-1.41360400E-004
 2.07500000E+000,-2.46875000E-002, 1.72423568E-001,-1.01976789E-003,-1.75832018E-004
 2.12500000E+000,-4.07986111E-002, 1.85784356E-001,-9.72303619E-004,-1.80638801E-004
 2.17500000E+000,-5.66319444E-002, 1.98841824E-001,-8.53478755E-004,-1.69707273E-004
 2.22500000E+000,-7.21875000E-002, 2.11582577E-001,-5.74262170E-004,-1.21503870E-004
 2.27500000E+000,-8.74652778E-002, 2.24006053E-001,-9.26440946E-005,-2.07528380E-005
 2.32500000E+000,-1.02465278E-001, 2.36120555E-001, 5.60097318E-004, 1.32250490E-004
 2.37500000E+000,-1.17187500E-001, 2.47943049E-001, 1.28332497E-003, 3.18191507E-004
 2.42500000E+000,-1.31631944E-001, 2.59491355E-001, 1.98428427E-003, 5.14904613E-004
 2.47500000E+000,-1.45798611E-001, 2.70764515E-001, 2.56894670E-003, 6.95579608E-004
 2.52500000E+000,-1.59687500E-001, 2.81769115E-001, 3.02506692E-003, 8.52370429E-004
 2.57500000E+000,-1.73298611E-001, 2.92511014E-001, 3.36838228E-003, 9.85288914E-004
 2.62500000E+000,-1.86631944E-001, 3.02995444E-001, 3.63024906E-003, 1.09994892E-003
 2.67500000E+000,-1.99687500E-001, 3.13224053E-001, 3.83255539E-003, 1.20044853E-003
 2.72500000E+000,-2.12465278E-001, 3.23196178E-001, 3.99074191E-003, 1.28979253E-003
 2.77500000E+000,-2.24965278E-001, 3.32907907E-001, 4.10625219E-003, 1.36700382E-003
 2.82500000E+000,-2.37187500E-001, 3.42353625E-001, 4.17555347E-003, 1.42951587E-003
 2.87500000E+000,-2.49131944E-001, 3.51528996E-001, 4.20541823E-003, 1.47832645E-003
 2.92500000E+000,-2.60798611E-001, 3.60430271E-001, 4.20525549E-003, 1.51570137E-003
 2.97500000E+000,-2.72187500E-001, 3.69057895E-001, 4.18407925E-003, 1.54416748E-003
 3.02500000E+000,-2.83298611E-001, 3.77409142E-001, 4.15005829E-003, 1.56626994E-003
 3.07500000E+000,-2.94131944E-001, 3.85483226E-001, 4.11318160E-003, 1.58556251E-003
 3.12500000E+000,-3.04687500E-001, 3.93284597E-001, 4.09677326E-003, 1.61119782E-003
 3.17500000E+000,-3.14965278E-001, 4.00812735E-001, 4.10000314E-003, 1.64333347E-003
 3.22500000E+000,-3.24965278E-001, 4.08067095E-001, 4.12956291E-003, 1.68513874E-003
 3.27500000E+000,-3.34687500E-001, 4.15048388E-001, 4.19222351E-003, 1.73997561E-003
 3.32500000E+000,-3.44131944E-001, 4.21754680E-001, 4.28059695E-003, 1.80536179E-003
 3.37500000E+000,-3.53298611E-001, 4.28183529E-001, 4.38375228E-003, 1.87705052E-003
 3.42500000E+000,-3.62187500E-001, 4.34331256E-001, 4.48069505E-003, 1.94610591E-003
 3.47500000E+000,-3.70798611E-001, 4.40196923E-001, 4.56447048E-003, 2.00926586E-003
 3.52500000E+000,-3.79131944E-001, 4.45782164E-001, 4.63599816E-003, 2.06664529E-003
 3.57500000E+000,-3.87187500E-001, 4.51088633E-001, 4.69530030E-003, 2.11799659E-003
 3.62500000E+000,-3.94965278E-001, 4.56117965E-001, 4.74311663E-003, 2.16342070E-003
 3.67500000E+000,-4.02465278E-001, 4.60871852E-001, 4.78241701E-003, 2.20408138E-003
 3.72500000E+000,-4.09687500E-001, 4.65351387E-001, 4.81509189E-003, 2.24070969E-003
 3.77500000E+000,-4.16631944E-001, 4.69558601E-001, 4.84770919E-003, 2.27628355E-003
 3.82500000E+000,-4.23298611E-001, 4.73493684E-001, 4.87676333E-003, 2.30911664E-003
 3.87500000E+000,-4.29687500E-001, 4.77157067E-001, 4.91279214E-003, 2.34417349E-003
 3.92500000E+000,-4.35798611E-001, 4.80544053E-001, 4.93574090E-003, 2.37184094E-003
 3.97500000E+000,-4.41631944E-001, 4.83650546E-001, 4.93256081E-003, 2.38563573E-003
 4.02500000E+000,-4.47187500E-001, 4.86478917E-001, 4.91303552E-003, 2.39008820E-003
 4.07500000E+000,-4.52465278E-001, 4.89027675E-001, 4.87417314E-003, 2.38360556E-003
 4.12500000E+000,-4.57465278E-001, 4.91296628E-001, 4.81563689E-003, 2.36590617E-003
 4.17500000E+000,-4.62187500E-001, 4.93285971E-001, 4.73815960E-003, 2.33726766E-003
 4.22500000E+000,-4.66631944E-001, 4.94995902E-001, 4.64229130E-003, 2.29791517E-003
 4.27500000E+000,-4.70798611E-001, 4.96426396E-001, 4.52720351E-003, 2.24742332E-003
 4.32500000E+000,-4.74687500E-001, 4.97577130E-001, 4.39034407E-003, 2.18453481E-003
 4.37500000E+000,-4.78298611E-001, 4.98447658E-001, 4.22818414E-003, 2.10752848E-003
 4.42500000E+000,-4.81631944E-001, 4.99037792E-001, 4.03699746E-003, 2.01461430E-003
 4.47500000E+000,-4.84687500E-001, 4.99348316E-001, 3.80948468E-003, 1.90225976E-003
 4.52500000E+000,-4.87465278E-001, 4.99383692E-001, 3.02509453E-003, 1.51068288E-003
 4.57500000E+000,-4.89965278E-001, 4.99129622E-001, 2.71815571E-003, 1.35671203E-003
 4.62500000E+000,-4.92187500E-001, 4.98603288E-001, 2.44647170E-003, 1.21981883E-003
 4.67500000E+000,-4.94131944E-001, 4.97802639E-001, 2.18028191E-003, 1.08535009E-003
 4.72500000E+000,-4.95798611E-001, 4.96728093E-001, 1.91719103E-003, 9.52322642E-004
 4.77500000E+000,-4.97187500E-001, 4.95379836E-001, 1.65768947E-003, 8.21185938E-004
 4.82500000E+000,-4.98298611E-001, 4.93757506E-001, 1.40156437E-003, 6.92032929E-004
 4.87500000E+000,-4.99131944E-001, 4.91860175E-001, 1.14835537E-003, 5.64830275E-004
 4.92500000E+000,-4.99687500E-001, 4.89684697E-001, 9.01774076E-004, 4.41584965E-004
 4.97500000E+000,-4.99965278E-001, 4.87215067E-001, 6.91625633E-004, 3.36970429E-004
 5.02500000E+000,-4.99965278E-001, 4.84493462E-001, 1.01375598E-003, 4.91158142E-004
 5.07500000E+000,-4.99687500E-001, 4.81519229E-001, 7.09807196E-004, 3.41785814E-004
 5.12500000E+000,-4.99131944E-001, 4.78247387E-001, 5.03946470E-004, 2.41011082E-004
 5.17500000E+000,-4.98298611E-001, 4.74704567E-001, 2.41105395E-004, 1.14453832E-004
 5.22500000E+000,-4.97187500E-001, 4.70883248E-001,-5.16956045E-006,-2.43425942E-006
 5.27500000E+000,-4.95798611E-001, 4.66788429E-001,-2.61837775E-004,-1.22222843E-004
 5.32500000E+000,-4.94131944E-001, 4.62418263E-001,-5.16318658E-004,-2.38755177E-004
 5.37500000E+000,-4.92187500E-001, 4.57774116E-001,-7.80001009E-004,-3.57064272E-004
 5.42500000E+000,-4.89965278E-001, 4.52852574E-001,-1.04071804E-003,-4.71291843E-004
 5.47500000E+000,-4.87465278E-001, 4.47655036E-001,-1.31311469E-003,-5.87822404E-004
 5.52500000E+000,-4.84687500E-001, 4.42178062E-001,-1.58386630E-003,-7.00350928E-004
 5.57500000E+000,-4.81631944E-001, 4.36424220E-001,-1.87100055E-003,-8.16549956E-004
 5.62500000E+000,-4.78298611E-001, 4.30389598E-001,-2.15604405E-003,-9.27938932E-004
 5.67500000E+000,-4.74687500E-001, 4.24078513E-001,-2.46255142E-003,-1.04431514E-003
 5.72500000E+000,-4.70798611E-001, 4.17488570E-001,-2.77800887E-003,-1.15978695E-003
 5.77500000E+000,-4.66631944E-001, 4.10622186E-001,-3.11196380E-003,-1.27784138E-003
 5.82500000E+000,-4.62187500E-001, 4.03478278E-001,-3.45838044E-003,-1.39538138E-003
 5.87500000E+000,-4.57465278E-001, 3.96058225E-001,-3.82845171E-003,-1.51628979E-003
 5.92500000E+000,-4.52465278E-001, 3.88355331E-001,-4.19962869E-003,-1.63094819E-003
 5.97500000E+000,-4.47187500E-001, 3.80373790E-001,-4.61216832E-003,-1.75434795E-003
 6.02500000E+000,-4.41631944E-001, 3.72101512E-001,-5.02062996E-003,-1.86818400E-003
 6.07500000E+000,-4.35798611E-001, 3.63550725E-001,-5.50916323E-003,-2.00286029E-003
 6.12500000E+000,-4.29687500E-001, 3.54705943E-001,-6.00395478E-003,-2.12963844E-003
 6.17500000E+000,-4.23298611E-001, 3.45582821E-001,-6.58180254E-003,-2.27455789E-003
 6.22500000E+000,-4.16631944E-001, 3.36173478E-001,-7.18167575E-003,-2.41428891E-003
 6.27500000E+000,-4.09687500E-001, 3.26486618E-001,-7.82143299E-003,-2.55359320E-003
 6.32500000E+000,-4.02465278E-001, 3.16522843E-001,-8.46756427E-003,-2.68017751E-003
 6.37500000E+000,-3.94965278E-001, 3.06288232E-001,-9.09812719E-003,-2.78664929E-003
 6.42500000E+000,-3.87187500E-001, 2.95786034E-001,-9.68957487E-003,-2.86604092E-003
 6.47500000E+000,-3.79131944E-001, 2.85016075E-001,-1.02370243E-002,-2.91771649E-003
 6.52500000E+000,-3.70798611E-001, 2.73976170E-001,-1.07485701E-002,-2.94485208E-003
 6.57500000E+000,-3.62187500E-001, 2.62663501E-001,-1.12363712E-002,-2.95138461E-003
 6.62500000E+000,-3.53298611E-001, 2.51075846E-001,-1.17102957E-002,-2.94017239E-003
 6.67500000E+000,-3.44131944E-001, 2.39212063E-001,-1.21769625E-002,-2.91287633E-003
 6.72500000E+000,-3.34687500E-001, 2.27071544E-001,-1.26414082E-002,-2.87050409E-003
 6.77500000E+000,-3.24965278E-001, 2.14654037E-001,-1.31099517E-002,-2.81410405E-003
 6.82500000E+000,-3.14965278E-001, 2.01957437E-001,-1.35784451E-002,-2.74226797E-003
 6.87500000E+000,-3.04687500E-001, 1.88981072E-001,-1.40577186E-002,-2.65664273E-003
 6.92500000E+000,-2.94131944E-001, 1.75723635E-001,-1.45597686E-002,-2.55849547E-003
 6.97500000E+000,-2.83298611E-001, 1.62182768E-001,-1.50938811E-002,-2.44796742E-003
 7.02500000E+000,-2.72187500E-001, 1.48356498E-001,-1.56780778E-002,-2.32594473E-003
 7.07500000E+000,-2.60798611E-001, 1.34238508E-001,-1.62969464E-002,-2.18767777E-003
 7.12500000E+000,-2.49131944E-001, 1.19823094E-001,-1.69285989E-002,-2.02843710E-003
 7.17500000E+000,-2.37187500E-001, 1.05117906E-001,-1.76574176E-002,-1.85611076E-003
 7.22500000E+000,-2.24965278E-001, 9.01437936E-002,-1.87067333E-002,-1.68629590E-003
 7.27500000E+000,-2.12465278E-001, 7.49320470E-002,-2.05152019E-002,-1.53724607E-003
 7.32500000E+000,-1.99687500E-001, 5.94958921E-002,-2.36898609E-002,-1.40944941E-003
 7.37500000E+000,-1.86631944E-001, 4.37233763E-002,-2.81589451E-002,-1.23120415E-003
 7.42500000E+000,-1.73298611E-001, 2.57882742E-002,-6.65263196E-002,-1.71559897E-003
 7.47500000E+000,-1.59687500E-001, 8.22641670E-003,-2.25951891E-001,-1.85877441E-003
 7.52500000E+000,-1.45798611E-001, 6.55345838E-004,-5.94180772E-001,-3.89393896E-004
 7.57500000E+000,-1.31631944E-001, 4.88033307E-004,-5.65413692E-001,-2.75940714E-004
 7.62500000E+000,-1.17187500E-001, 4.51472761E-004,-5.30969132E-001,-2.39718100E-004
 7.67500000E+000,-1.02465278E-001, 4.28547199E-004,-4.99513488E-001,-2.14065106E-004
 7.72500000E+000,-8.74652778E-002, 4.09301757E-004,-4.69814123E-001,-1.92295746E-004
 7.77500000E+000,-7.21875000E-002, 3.91719788E-004,-4.41227609E-001,-1.72837586E-004
 7.82500000E+000,-5.66319444E-002, 3.75165426E-004,-4.13418616E-001,-1.55100371E-004
 7.87500000E+000,-4.07986111E-002, 3.59362394E-004,-3.86187780E-001,-1.38781365E-004
 7.92500000E+000,-2.46875000E-002, 3.44148064E-004,-3.59401656E-001,-1.23687384E-004
 7.97500000E+000,-8.29861111E-003, 3.29389253E-004,-3.32960976E-001,-1.09673767E-004
 8.02500000E+000, 8.36805556E-003, 3.14939371E-004,-3.06783443E-001,-9.66181846E-005
 8.07500000E+000, 2.53125000E-002, 3.00605145E-004,-2.80792049E-001,-8.44075346E-005
 8.12500000E+000, 4.25347222E-002, 2.86111822E-004,-2.54904751E-001,-7.29312629E-005
 8.17500000E+000, 6.00347222E-002, 2.71062452E-004,-2.29022983E-001,-6.20795312E-005
 8.22500000E+000, 7.78125000E-002, 2.54890592E-004,-2.03016782E-001,-5.17470676E-005
 8.27500000E+000, 9.58680556E-002, 2.36811642E-004,-1.76703296E-001,-4.18453977E-005
 8.32500000E+000, 1.14201389E-001, 2.15790308E-004,-1.49811510E-001,-3.23278719E-005
 8.37500000E+000, 1.32812500E-001, 1.90558143E-004,-1.21914216E-001,-2.32317466E-005
 8.42500000E+000, 1.51701389E-001, 1.59616190E-004,-9.22785738E-002,-1.47291544E-005
 8.47500000E+000, 1.70868056E-001, 1.18946106E-004,-5.96746172E-002,-7.09806334E-006
 8.52500000E+000, 1.90312500E-001, 0.00000000E+000, 0.00000000E+000, 0.00000000E+000
 8.57500000E+000, 2.10034722E-001, 0.00000000E+000, 0.00000000E+000, 0.00000000E+000
 8.62500000E+000, 2.30034722E-001, 0.00000000E+000, 0.00000000E+000, 0.00000000E+000
 8.67500000E+000, 2.50312500E-001, 0.00000000E+000, 0.00000000E+000, 0.00000000E+000
 8.72500000E+000, 2.70868056E-001, 0.00000000E+000, 0.00000000E+000, 0.00000000E+000
 8.77500000E+000, 2.91701389E-001, 0.00000000E+000, 0.00000000E+000, 0.00000000E+000
 8.82500000E+000, 3.12812500E-001, 0.00000000E+000, 0.00000000E+000, 0.00000000E+000
 8.87500000E+000, 3.34201389E-001, 0.00000000E+000, 0.00000000E+000, 0.00000000E+000
 8.92500000E+000, 3.55868056E-001, 0.00000000E+000, 0.00000000E+000, 0.00000000E+000
 8.97500000E+000, 3.77812500E-001, 0.00000000E+000, 0.00000000E+000, 0.00000000E+000
 9.02500000E+000, 4.00034722E-001, 0.00000000E+000, 0.00000000E+000, 0.00000000E+000
 9.07500000E+000, 4.22534722E-001, 0.00000000E+000, 0.00000000E+000, 0.00000000E+000
 9.12500000E+000, 4.45312500E-001, 0.00000000E+000, 0.00000000E+000, 0.00000000E+000
 9.17500000E+000, 4.68368056E-001, 0.00000000E+000, 0.00000000E+000, 0.00000000E+000
 9.22500000E+000, 4.91701389E-001, 0.00000000E+000, 0.00000000E+000, 0.00000000E+000
 9.27500000E+000, 5.15312500E-001, 0.00000000E+000, 0.00000000E+000, 0.00000000E+000
 9.32500000E+000, 5.39201389E-001, 0.00000000E+000, 0.00000000E+000, 0.00000000E+000
 9.37500000E+000, 5.63368056E-001, 0.00000000E+000, 0.00000000E+000, 0.00000000E+000
 9.42500000E+000, 5.87812500E-001, 0.00000000E+000, 0.00000000E+000, 0.00000000E+000
 9.47500000E+000, 6.12534722E-001, 0.00000000E+000, 0.00000000E+000, 0.00000000E+000
 9.52500000E+000, 6.37534722E-001, 0.00000000E+000, 0.00000000E+000, 0.00000000E+000
 9.57500000E+000, 6.62812500E-001, 0.00000000E+000, 0.00000000E+000, 0.00000000E+000
 9.62500000E+000, 6.88368056E-001, 0.00000000E+000, 0.00000000E+000, 0.00000000E+000
 9.67500000E+000, 7.14201389E-001, 0.00000000E+000, 0.00000000E+000, 0.00000000E+000
 9.72500000E+000, 7.40312500E-001, 0.00000000E+000, 0.00000000E+000, 0.00000000E+000
 9.77500000E+000, 7.66701389E-001, 0.00000000E+000, 0.00000000E+000, 0.00000000E+000
 9.82500000E+000, 7.93368056E-001, 0.00000000E+000, 0.00000000E+000, 0.00000000E+000
 9.87500000E+000, 8.20312500E-001, 0.00000000E+000, 0.00000000E+000, 0.00000000E+000
 9.92500000E+000, 8.47534722E-001, 0.00000000E+000, 0.00000000E+000, 0.00000000E+000
 9.97500000E+000, 8.75034722E-001, 0.00000000E+000, 0.00000000E+000, 0.00000000E+000
