   6.0221947250883723      ,         200
X,ZB,H,U,Q
 2.50000000E-002, 8.75034722E-001, 0.00000000E+000, 0.00000000E+000, 0.00000000E+000
 7.50000000E-002, 8.47534722E-001, 0.00000000E+000, 0.00000000E+000, 0.00000000E+000
 1.25000000E-001, 8.20312500E-001, 0.00000000E+000, 0.00000000E+000, 0.00000000E+000
 1.75000000E-001, 7.93368056E-001, 0.00000000E+000, 0.00000000E+000, 0.00000000E+000
 2.25000000E-001, 7.66701389E-001, 0.00000000E+000, 0.00000000E+000, 0.00000000E+000
 2.75000000E-001, 7.40312500E-001, 0.00000000E+000, 0.00000000E+000, 0.00000000E+000
 3.25000000E-001, 7.14201389E-001, 0.00000000E+000, 0.00000000E+000, 0.00000000E+000
 3.75000000E-001, 6.88368056E-001, 0.00000000E+000, 0.00000000E+000, 0.00000000E+000
 4.25000000E-001, 6.62812500E-001, 0.00000000E+000, 0.00000000E+000, 0.00000000E+000
 4.75000000E-001, 6.37534722E-001, 0.00000000E+000, 0.00000000E+000, 0.00000000E+000
 5.25000000E-001, 6.12534722E-001, 0.00000000E+000, 0.00000000E+000, 0.00000000E+000
 5.75000000E-001, 5.87812500E-001, 0.00000000E+000, 0.00000000E+000, 0.00000000E+000
 6.25000000E-001, 5.63368056E-001, 0.00000000E+000, 0.00000000E+000, 0.00000000E+000
 6.75000000E-001, 5.39201389E-001, 0.00000000E+000, 0.00000000E+000, 0.00000000E+000
 7.25000000E-001, 5.15312500E-001, 0.00000000E+000, 0.00000000E+000, 0.00000000E+000
 7.75000000E-001, 4.91701389E-001, 0.00000000E+000, 0.00000000E+000, 0.00000000E+000
 8.25000000E-001, 4.68368056E-001, 0.00000000E+000, 0.00000000E+000, 0.00000000E+000
 8.75000000E-001, 4.45312500E-001, 0.00000000E+000, 0.00000000E+000, 0.00000000E+000
 9.25000000E-001, 4.22534722E-001, 0.00000000E+000, 0.00000000E+000, 0.00000000E+000
 9.75000000E-001, 4.00034722E-001, 0.00000000E+000, 0.00000000E+000, 0.00000000E+000
 1.02500000E+000, 3.77812500E-001, 0.00000000E+000, 0.00000000E+000, 0.00000000E+000
 1.07500000E+000, 3.55868056E-001, 0.00000000E+000, 0.00000000E+000, 0.00000000E+000
 1.12500000E+000, 3.34201389E-001, 0.00000000E+000, 0.00000000E+000, 0.00000000E+000
 1.17500000E+000, 3.12812500E-001, 0.00000000E+000, 0.00000000E+000, 0.00000000E+000
 1.22500000E+000, 2.91701389E-001, 0.00000000E+000, 0.00000000E+000, 0.00000000E+000
 1.27500000E+000, 2.70868056E-001, 0.00000000E+000, 0.00000000E+000, 0.00000000E+000
 1.32500000E+000, 2.50312500E-001, 0.00000000E+000, 0.00000000E+000, 0.00000000E+000
 1.37500000E+000, 2.30034722E-001, 0.00000000E+000, 0.00000000E+000, 0.00000000E+000
 1.42500000E+000, 2.10034722E-001, 0.00000000E+000, 0.00000000E+000, 0.00000000E+000
 1.47500000E+000, 1.90312500E-001, 0.00000000E+000, 0.00000000E+000, 0.00000000E+000
 1.52500000E+000, 1.70868056E-001, 5.33163119E-003,-2.81822389E-001,-1.50257304E-003
 1.57500000E+000, 1.51701389E-001, 2.68783437E-002,-3.67557296E-002,-9.87933135E-004
 1.62500000E+000, 1.32812500E-001, 3.99296137E-002, 1.94361025E-002, 7.76076066E-004
 1.67500000E+000, 1.14201389E-001, 5.55034203E-002,-5.51159439E-003,-3.05912340E-004
 1.72500000E+000, 9.58680556E-002, 7.09299612E-002,-6.18202244E-003,-4.38490612E-004
 1.77500000E+000, 7.78125000E-002, 8.63580169E-002,-2.08810320E-003,-1.80324451E-004
 1.82500000E+000, 6.00347222E-002, 1.01644101E-001, 1.72837513E-003, 1.75679136E-004
 1.87500000E+000, 4.25347222E-002, 1.16399373E-001, 2.36397973E-003, 2.75165759E-004
 1.92500000E+000, 2.53125000E-002, 1.30818940E-001, 1.80834662E-003, 2.36565988E-004
 1.97500000E+000, 8.36805556E-003, 1.44926123E-001, 8.71306565E-004, 1.26275082E-004
 2.02500000E+000,-8.29861111E-003, 1.58817014E-001, 4.59218990E-004, 7.29317886E-005
 2.07500000E+000,-2.46875000E-002, 1.72466391E-001, 3.98904579E-004, 6.87976329E-005
 2.12500000E+000,-4.07986111E-002, 1.85833857E-001, 4.72859015E-004, 8.78732147E-005
 2.17500000E+000,-5.66319444E-002, 1.98904641E-001, 6.20379367E-004, 1.23396335E-004
 2.22500000E+000,-7.21875000E-002, 2.11665255E-001, 8.04639767E-004, 1.70314282E-004
 2.27500000E+000,-8.74652778E-002, 2.24102745E-001, 1.12036230E-003, 2.51076267E-004
 2.32500000E+000,-1.02465278E-001, 2.36216619E-001, 1.63129826E-003, 3.85339760E-004
 2.37500000E+000,-1.17187500E-001, 2.48018293E-001, 2.30773522E-003, 5.72360551E-004
 2.42500000E+000,-1.31631944E-001, 2.59529182E-001, 3.04321883E-003, 7.89804093E-004
 2.47500000E+000,-1.45798611E-001, 2.70771337E-001, 3.74349497E-003, 1.01363114E-003
 2.52500000E+000,-1.59687500E-001, 2.81750004E-001, 4.34963617E-003, 1.22551001E-003
 2.57500000E+000,-1.73298611E-001, 2.92469804E-001, 4.84852714E-003, 1.41804778E-003
 2.62500000E+000,-1.86631944E-001, 3.02932125E-001, 5.23536752E-003, 1.58596101E-003
 2.67500000E+000,-1.99687500E-001, 3.13135909E-001, 5.50910223E-003, 1.72509774E-003
 2.72500000E+000,-2.12465278E-001, 3.23079658E-001, 5.67496957E-003, 1.83346723E-003
 2.77500000E+000,-2.24965278E-001, 3.32762409E-001, 5.74966345E-003, 1.91327186E-003
 2.82500000E+000,-2.37187500E-001, 3.42181988E-001, 5.76276397E-003, 1.97191403E-003
 2.87500000E+000,-2.49131944E-001, 3.51337113E-001, 5.73595446E-003, 2.01525368E-003
 2.92500000E+000,-2.60798611E-001, 3.60227375E-001, 5.68426643E-003, 2.04762838E-003
 2.97500000E+000,-2.72187500E-001, 3.68850364E-001, 5.61573830E-003, 2.07136711E-003
 3.02500000E+000,-2.83298611E-001, 3.77203723E-001, 5.54006986E-003, 2.08973498E-003
 3.07500000E+000,-2.94131944E-001, 3.85284711E-001, 5.46415480E-003, 2.10525531E-003
 3.12500000E+000,-3.04687500E-001, 3.93091434E-001, 5.39088802E-003, 2.11911190E-003
 3.17500000E+000,-3.14965278E-001, 4.00622010E-001, 5.31727528E-003, 2.13021751E-003
 3.22500000E+000,-3.24965278E-001, 4.07878229E-001, 5.25636899E-003, 2.14395848E-003
 3.27500000E+000,-3.34687500E-001, 4.14861802E-001, 5.22087814E-003, 2.16594292E-003
 3.32500000E+000,-3.44131944E-001, 4.21573134E-001, 5.21501307E-003, 2.19850941E-003
 3.37500000E+000,-3.53298611E-001, 4.28007713E-001, 5.22936902E-003, 2.23821027E-003
 3.42500000E+000,-3.62187500E-001, 4.34166131E-001, 5.26998782E-003, 2.28805023E-003
 3.47500000E+000,-3.70798611E-001, 4.40049036E-001, 5.33478221E-003, 2.34756577E-003
 3.52500000E+000,-3.79131944E-001, 4.45655946E-001, 5.41345485E-003, 2.41253834E-003
 3.57500000E+000,-3.87187500E-001, 4.50984747E-001, 5.48738688E-003, 2.47472778E-003
 3.62500000E+000,-3.94965278E-001, 4.56034297E-001, 5.54691575E-003, 2.52958382E-003
 3.67500000E+000,-4.02465278E-001, 4.60805774E-001, 5.59196258E-003, 2.57680864E-003
 3.72500000E+000,-4.09687500E-001, 4.65299470E-001, 5.62000482E-003, 2.61498526E-003
 3.77500000E+000,-4.16631944E-001, 4.69517972E-001, 5.63978055E-003, 2.64797833E-003
 3.82500000E+000,-4.23298611E-001, 4.73459951E-001, 5.64631624E-003, 2.67330461E-003
 3.87500000E+000,-4.29687500E-001, 4.77127819E-001, 5.65227094E-003, 2.69685571E-003
 3.92500000E+000,-4.35798611E-001, 4.80518580E-001, 5.64495290E-003, 2.71250475E-003
 3.97500000E+000,-4.41631944E-001, 4.83632394E-001, 5.62690344E-003, 2.72135278E-003
 4.02500000E+000,-4.47187500E-001, 4.86467889E-001, 5.59740816E-003, 2.72295933E-003
 4.07500000E+000,-4.52465278E-001, 4.89024567E-001, 5.55558939E-003, 2.71681969E-003
 4.12500000E+000,-4.57465278E-001, 4.91302281E-001, 5.50054938E-003, 2.70243246E-003
 4.17500000E+000,-4.62187500E-001, 4.93300937E-001, 5.43120633E-003, 2.67921917E-003
 4.22500000E+000,-4.66631944E-001, 4.95020308E-001, 5.34582257E-003, 2.64629074E-003
 4.27500000E+000,-4.70798611E-001, 4.96460055E-001, 5.24197813E-003, 2.60243275E-003
 4.32500000E+000,-4.74687500E-001, 4.97619921E-001, 5.11729247E-003, 2.54646667E-003
 4.37500000E+000,-4.78298611E-001, 4.98499914E-001, 4.97034638E-003, 2.47771724E-003
 4.42500000E+000,-4.81631944E-001, 4.99100293E-001, 4.80036838E-003, 2.39586527E-003
 4.47500000E+000,-4.84687500E-001, 4.99421549E-001, 4.58318001E-003, 2.28893886E-003
 4.52500000E+000,-4.87465278E-001, 4.99471125E-001, 3.92444876E-003, 1.96014883E-003
 4.57500000E+000,-4.89965278E-001, 4.99227581E-001, 3.61604937E-003, 1.80523158E-003
 4.62500000E+000,-4.92187500E-001, 4.98709735E-001, 3.36283320E-003, 1.67707765E-003
 4.67500000E+000,-4.94131944E-001, 4.97914415E-001, 3.10139233E-003, 1.54422795E-003
 4.72500000E+000,-4.95798611E-001, 4.96842457E-001, 2.82403821E-003, 1.40310209E-003
 4.77500000E+000,-4.97187500E-001, 4.95492565E-001, 2.53785064E-003, 1.25748612E-003
 4.82500000E+000,-4.98298611E-001, 4.93866197E-001, 2.24182542E-003, 1.10716180E-003
 4.87500000E+000,-4.99131944E-001, 4.91962378E-001, 1.94292853E-003, 9.55847738E-004
 4.92500000E+000,-4.99687500E-001, 4.89777373E-001, 1.64963580E-003, 8.07954290E-004
 4.97500000E+000,-4.99965278E-001, 4.87297137E-001, 1.40565820E-003, 6.84973216E-004
 5.02500000E+000,-4.99965278E-001, 4.84568759E-001, 1.60790128E-003, 7.79138727E-004
 5.07500000E+000,-4.99687500E-001, 4.81594934E-001, 1.26909845E-003, 6.11191384E-004
 5.12500000E+000,-4.99131944E-001, 4.78318694E-001, 1.01348674E-003, 4.84769655E-004
 5.17500000E+000,-4.98298611E-001, 4.74771869E-001, 6.97576570E-004, 3.31189732E-004
 5.22500000E+000,-4.97187500E-001, 4.70944680E-001, 3.92329943E-004, 1.84765699E-004
 5.27500000E+000,-4.95798611E-001, 4.66844214E-001, 7.01226801E-005, 3.27363675E-005
 5.32500000E+000,-4.94131944E-001, 4.62467067E-001,-2.49279317E-004,-1.15283474E-004
 5.37500000E+000,-4.92187500E-001, 4.57814864E-001,-5.73661068E-004,-2.62630564E-004
 5.42500000E+000,-4.89965278E-001, 4.52886038E-001,-8.94160109E-004,-4.04952629E-004
 5.47500000E+000,-4.87465278E-001, 4.47680280E-001,-1.21332167E-003,-5.43180184E-004
 5.52500000E+000,-4.84687500E-001, 4.42197590E-001,-1.53007594E-003,-6.76595894E-004
 5.57500000E+000,-4.81631944E-001, 4.36437856E-001,-1.84703722E-003,-8.06116965E-004
 5.62500000E+000,-4.78298611E-001, 4.30401184E-001,-2.16647006E-003,-9.32451280E-004
 5.67500000E+000,-4.74687500E-001, 4.24088224E-001,-2.49268653E-003,-1.05711900E-003
 5.72500000E+000,-4.70798611E-001, 4.17498904E-001,-2.82701454E-003,-1.18027547E-003
 5.77500000E+000,-4.66631944E-001, 4.10633158E-001,-3.17138515E-003,-1.30227590E-003
 5.82500000E+000,-4.62187500E-001, 4.03488422E-001,-3.52040471E-003,-1.42044254E-003
 5.87500000E+000,-4.57465278E-001, 3.96065025E-001,-3.88508846E-003,-1.53874766E-003
 5.92500000E+000,-4.52465278E-001, 3.88358367E-001,-4.26045886E-003,-1.65458485E-003
 5.97500000E+000,-4.47187500E-001, 3.80369580E-001,-4.66967091E-003,-1.77620076E-003
 6.02500000E+000,-4.41631944E-001, 3.72093981E-001,-5.11032305E-003,-1.90152045E-003
 6.07500000E+000,-4.35798611E-001, 3.63534439E-001,-5.60848520E-003,-2.03887752E-003
 6.12500000E+000,-4.29687500E-001, 3.54688390E-001,-6.15572775E-003,-2.18336517E-003
 6.17500000E+000,-4.23298611E-001, 3.45559201E-001,-6.75924617E-003,-2.33571971E-003
 6.22500000E+000,-4.16631944E-001, 3.36148499E-001,-7.40688285E-003,-2.48981255E-003
 6.27500000E+000,-4.09687500E-001, 3.26459359E-001,-8.08509835E-003,-2.63945603E-003
 6.32500000E+000,-4.02465278E-001, 3.16494353E-001,-8.76900788E-003,-2.77534148E-003
 6.37500000E+000,-3.94965278E-001, 3.06259525E-001,-9.43188745E-003,-2.88860537E-003
 6.42500000E+000,-3.87187500E-001, 2.95757342E-001,-1.00517646E-002,-2.97288317E-003
 6.47500000E+000,-3.79131944E-001, 2.84987238E-001,-1.06230952E-002,-3.02744655E-003
 6.52500000E+000,-3.70798611E-001, 2.73947824E-001,-1.11483193E-002,-3.05405780E-003
 6.57500000E+000,-3.62187500E-001, 2.62638127E-001,-1.16308648E-002,-3.05470855E-003
 6.62500000E+000,-3.53298611E-001, 2.51057869E-001,-1.20721613E-002,-3.03081109E-003
 6.67500000E+000,-3.44131944E-001, 2.39207106E-001,-1.24727404E-002,-2.98356815E-003
 6.72500000E+000,-3.34687500E-001, 2.27085565E-001,-1.28360371E-002,-2.91487874E-003
 6.77500000E+000,-3.24965278E-001, 2.14691747E-001,-1.31708888E-002,-2.82768113E-003
 6.82500000E+000,-3.14965278E-001, 2.02022530E-001,-1.34910754E-002,-2.72550117E-003
 6.87500000E+000,-3.04687500E-001, 1.89075235E-001,-1.38177577E-002,-2.61259579E-003
 6.92500000E+000,-2.94131944E-001, 1.75847111E-001,-1.41747619E-002,-2.49259092E-003
 6.97500000E+000,-2.83298611E-001, 1.62334135E-001,-1.45957402E-002,-2.36938686E-003
 7.02500000E+000,-2.72187500E-001, 1.48526357E-001,-1.50853728E-002,-2.24057547E-003
 7.07500000E+000,-2.60798611E-001, 1.34412919E-001,-1.56346563E-002,-2.10149978E-003
 7.12500000E+000,-2.49131944E-001, 1.19983985E-001,-1.62170002E-002,-1.94578031E-003
 7.17500000E+000,-2.37187500E-001, 1.05255729E-001,-1.69832603E-002,-1.78758544E-003
 7.22500000E+000,-2.24965278E-001, 9.02547532E-002,-1.81733692E-002,-1.64023295E-003
 7.27500000E+000,-2.12465278E-001, 7.50180446E-002,-2.02297200E-002,-1.51759403E-003
 7.32500000E+000,-1.99687500E-001, 5.95745011E-002,-2.38857914E-002,-1.42298410E-003
 7.37500000E+000,-1.86631944E-001, 4.38203060E-002,-2.95523061E-002,-1.29499110E-003
 7.42500000E+000,-1.73298611E-001, 2.59803764E-002,-5.85736093E-002,-1.52176442E-003
 7.47500000E+000,-1.59687500E-001, 7.68539296E-003,-2.26504505E-001,-1.74077613E-003
 7.52500000E+000,-1.45798611E-001, 6.83399715E-004,-5.97113872E-001,-4.08067450E-004
 7.57500000E+000,-1.31631944E-001, 5.25930452E-004,-5.67880659E-001,-2.98665732E-004
 7.62500000E+000,-1.17187500E-001, 4.91255063E-004,-5.34306551E-001,-2.62480798E-004
 7.67500000E+000,-1.02465278E-001, 4.69920890E-004,-5.03621137E-001,-2.36662093E-004
 7.72500000E+000,-8.74652778E-002, 4.52034468E-004,-4.74658108E-001,-2.14561825E-004
 7.77500000E+000,-7.21875000E-002, 4.35533842E-004,-4.46806131E-001,-1.94599191E-004
 7.82500000E+000,-5.66319444E-002, 4.19714982E-004,-4.19741907E-001,-1.76171967E-004
 7.87500000E+000,-4.07986111E-002, 4.04216246E-004,-3.93267791E-001,-1.58965230E-004
 7.92500000E+000,-2.46875000E-002, 3.88775775E-004,-3.67244870E-001,-1.42775909E-004
 7.97500000E+000,-8.29861111E-003, 3.73153758E-004,-3.41561712E-001,-1.27455036E-004
 8.02500000E+000, 8.36805556E-003, 3.57101914E-004,-3.16117418E-001,-1.12886135E-004
 8.07500000E+000, 2.53125000E-002, 3.40350585E-004,-2.90810562E-001,-9.89775450E-005
 8.12500000E+000, 4.25347222E-002, 3.22604615E-004,-2.65530529E-001,-8.56613742E-005
 8.17500000E+000, 6.00347222E-002, 3.03543991E-004,-2.40149459E-001,-7.28959252E-005
 8.22500000E+000, 7.78125000E-002, 2.82823558E-004,-2.14513562E-001,-6.06694889E-005
 8.27500000E+000, 9.58680556E-002, 2.60054019E-004,-1.88433318E-001,-4.90028418E-005
 8.32500000E+000, 1.14201389E-001, 2.34699622E-004,-1.61675638E-001,-3.79452110E-005
 8.37500000E+000, 1.32812500E-001, 2.05644262E-004,-1.33979721E-001,-2.75521608E-005
 8.42500000E+000, 1.51701389E-001, 1.69368942E-004,-1.05226671E-001,-1.78221299E-005
 8.47500000E+000, 1.70868056E-001, 1.11952910E-004,-7.66652386E-002,-8.58289656E-006
 8.52500000E+000, 1.90312500E-001, 0.00000000E+000, 0.00000000E+000, 0.00000000E+000
 8.57500000E+000, 2.10034722E-001, 0.00000000E+000, 0.00000000E+000, 0.00000000E+000
 8.62500000E+000, 2.30034722E-001, 0.00000000E+000, 0.00000000E+000, 0.00000000E+000
 8.67500000E+000, 2.50312500E-001, 0.00000000E+000, 0.00000000E+000, 0.00000000E+000
 8.72500000E+000, 2.70868056E-001, 0.00000000E+000, 0.00000000E+000, 0.00000000E+000
 8.77500000E+000, 2.91701389E-001, 0.00000000E+000, 0.00000000E+000, 0.00000000E+000
 8.82500000E+000, 3.12812500E-001, 0.00000000E+000, 0.00000000E+000, 0.00000000E+000
 8.87500000E+000, 3.34201389E-001, 0.00000000E+000, 0.00000000E+000, 0.00000000E+000
 8.92500000E+000, 3.55868056E-001, 0.00000000E+000, 0.00000000E+000, 0.00000000E+000
 8.97500000E+000, 3.77812500E-001, 0.00000000E+000, 0.00000000E+000, 0.00000000E+000
 9.02500000E+000, 4.00034722E-001, 0.00000000E+000, 0.00000000E+000, 0.00000000E+000
 9.07500000E+000, 4.22534722E-001, 0.00000000E+000, 0.00000000E+000, 0.00000000E+000
 9.12500000E+000, 4.45312500E-001, 0.00000000E+000, 0.00000000E+000, 0.00000000E+000
 9.17500000E+000, 4.68368056E-001, 0.00000000E+000, 0.00000000E+000, 0.00000000E+000
 9.22500000E+000, 4.91701389E-001, 0.00000000E+000, 0.00000000E+000, 0.00000000E+000
 9.27500000E+000, 5.15312500E-001, 0.00000000E+000, 0.00000000E+000, 0.00000000E+000
 9.32500000E+000, 5.39201389E-001, 0.00000000E+000, 0.00000000E+000, 0.00000000E+000
 9.37500000E+000, 5.63368056E-001, 0.00000000E+000, 0.00000000E+000, 0.00000000E+000
 9.42500000E+000, 5.87812500E-001, 0.00000000E+000, 0.00000000E+000, 0.00000000E+000
 9.47500000E+000, 6.12534722E-001, 0.00000000E+000, 0.00000000E+000, 0.00000000E+000
 9.52500000E+000, 6.37534722E-001, 0.00000000E+000, 0.00000000E+000, 0.00000000E+000
 9.57500000E+000, 6.62812500E-001, 0.00000000E+000, 0.00000000E+000, 0.00000000E+000
 9.62500000E+000, 6.88368056E-001, 0.00000000E+000, 0.00000000E+000, 0.00000000E+000
 9.67500000E+000, 7.14201389E-001, 0.00000000E+000, 0.00000000E+000, 0.00000000E+000
 9.72500000E+000, 7.40312500E-001, 0.00000000E+000, 0.00000000E+000, 0.00000000E+000
 9.77500000E+000, 7.66701389E-001, 0.00000000E+000, 0.00000000E+000, 0.00000000E+000
 9.82500000E+000, 7.93368056E-001, 0.00000000E+000, 0.00000000E+000, 0.00000000E+000
 9.87500000E+000, 8.20312500E-001, 0.00000000E+000, 0.00000000E+000, 0.00000000E+000
 9.92500000E+000, 8.47534722E-001, 0.00000000E+000, 0.00000000E+000, 0.00000000E+000
 9.97500000E+000, 8.75034722E-001, 0.00000000E+000, 0.00000000E+000, 0.00000000E+000
