   6.0199066278340636      ,         200
X,ZB,H,U,Q
 2.50000000E-002, 8.75034722E-001, 0.00000000E+000, 0.00000000E+000, 0.00000000E+000
 7.50000000E-002, 8.47534722E-001, 0.00000000E+000, 0.00000000E+000, 0.00000000E+000
 1.25000000E-001, 8.20312500E-001, 0.00000000E+000, 0.00000000E+000, 0.00000000E+000
 1.75000000E-001, 7.93368056E-001, 0.00000000E+000, 0.00000000E+000, 0.00000000E+000
 2.25000000E-001, 7.66701389E-001, 0.00000000E+000, 0.00000000E+000, 0.00000000E+000
 2.75000000E-001, 7.40312500E-001, 0.00000000E+000, 0.00000000E+000, 0.00000000E+000
 3.25000000E-001, 7.14201389E-001, 0.00000000E+000, 0.00000000E+000, 0.00000000E+000
 3.75000000E-001, 6.88368056E-001, 0.00000000E+000, 0.00000000E+000, 0.00000000E+000
 4.25000000E-001, 6.62812500E-001, 0.00000000E+000, 0.00000000E+000, 0.00000000E+000
 4.75000000E-001, 6.37534722E-001, 0.00000000E+000, 0.00000000E+000, 0.00000000E+000
 5.25000000E-001, 6.12534722E-001, 0.00000000E+000, 0.00000000E+000, 0.00000000E+000
 5.75000000E-001, 5.87812500E-001, 0.00000000E+000, 0.00000000E+000, 0.00000000E+000
 6.25000000E-001, 5.63368056E-001, 0.00000000E+000, 0.00000000E+000, 0.00000000E+000
 6.75000000E-001, 5.39201389E-001, 0.00000000E+000, 0.00000000E+000, 0.00000000E+000
 7.25000000E-001, 5.15312500E-001, 0.00000000E+000, 0.00000000E+000, 0.00000000E+000
 7.75000000E-001, 4.91701389E-001, 0.00000000E+000, 0.00000000E+000, 0.00000000E+000
 8.25000000E-001, 4.68368056E-001, 0.00000000E+000, 0.00000000E+000, 0.00000000E+000
 8.75000000E-001, 4.45312500E-001, 0.00000000E+000, 0.00000000E+000, 0.00000000E+000
 9.25000000E-001, 4.22534722E-001, 0.00000000E+000, 0.00000000E+000, 0.00000000E+000
 9.75000000E-001, 4.00034722E-001, 0.00000000E+000, 0.00000000E+000, 0.00000000E+000
 1.02500000E+000, 3.77812500E-001, 0.00000000E+000, 0.00000000E+000, 0.00000000E+000
 1.07500000E+000, 3.55868056E-001, 0.00000000E+000, 0.00000000E+000, 0.00000000E+000
 1.12500000E+000, 3.34201389E-001, 0.00000000E+000, 0.00000000E+000, 0.00000000E+000
 1.17500000E+000, 3.12812500E-001, 0.00000000E+000, 0.00000000E+000, 0.00000000E+000
 1.22500000E+000, 2.91701389E-001, 0.00000000E+000, 0.00000000E+000, 0.00000000E+000
 1.27500000E+000, 2.70868056E-001, 0.00000000E+000, 0.00000000E+000, 0.00000000E+000
 1.32500000E+000, 2.50312500E-001, 0.00000000E+000, 0.00000000E+000, 0.00000000E+000
 1.37500000E+000, 2.30034722E-001, 0.00000000E+000, 0.00000000E+000, 0.00000000E+000
 1.42500000E+000, 2.10034722E-001, 0.00000000E+000, 0.00000000E+000, 0.00000000E+000
 1.47500000E+000, 1.90312500E-001, 0.00000000E+000, 0.00000000E+000, 0.00000000E+000
 1.52500000E+000, 1.70868056E-001, 5.13494059E-003,-4.00811894E-001,-2.05814526E-003
 1.57500000E+000, 1.51701389E-001, 2.78231120E-002,-2.28429084E-001,-6.35560799E-003
 1.62500000E+000, 1.32812500E-001, 4.03804885E-002,-1.46908968E-001,-5.93225591E-003
 1.67500000E+000, 1.14201389E-001, 5.47380716E-002,-1.15191734E-001,-6.30537337E-003
 1.72500000E+000, 9.58680556E-002, 6.93990364E-002,-9.90508345E-002,-6.87403247E-003
 1.77500000E+000, 7.78125000E-002, 8.40421192E-002,-8.93284214E-002,-7.50734984E-003
 1.82500000E+000, 6.00347222E-002, 9.85694038E-002,-8.26889691E-002,-8.15060238E-003
 1.87500000E+000, 4.25347222E-002, 1.12934178E-001,-7.77373053E-002,-8.77919865E-003
 1.92500000E+000, 2.53125000E-002, 1.27106036E-001,-7.38278071E-002,-9.38395988E-003
 1.97500000E+000, 8.36805556E-003, 1.41063913E-001,-7.06235031E-002,-9.96242767E-003
 2.02500000E+000,-8.29861111E-003, 1.54793498E-001,-6.79244573E-002,-1.05142643E-002
 2.07500000E+000,-2.46875000E-002, 1.68285116E-001,-6.56002287E-002,-1.10395421E-002
 2.12500000E+000,-4.07986111E-002, 1.81532005E-001,-6.35613304E-002,-1.15384158E-002
 2.17500000E+000,-5.66319444E-002, 1.94529172E-001,-6.17448607E-002,-1.20111766E-002
 2.22500000E+000,-7.21875000E-002, 2.07272729E-001,-6.01057640E-002,-1.24582857E-002
 2.27500000E+000,-8.74652778E-002, 2.19759535E-001,-5.86110190E-002,-1.28803303E-002
 2.32500000E+000,-1.02465278E-001, 2.31987001E-001,-5.72357655E-002,-1.32779536E-002
 2.37500000E+000,-1.17187500E-001, 2.43952953E-001,-5.59607851E-002,-1.36517988E-002
 2.42500000E+000,-1.31631944E-001, 2.55655541E-001,-5.47708836E-002,-1.40024799E-002
 2.47500000E+000,-1.45798611E-001, 2.67093168E-001,-5.36538366E-002,-1.43305732E-002
 2.52500000E+000,-1.59687500E-001, 2.78264439E-001,-5.25996785E-002,-1.46366200E-002
 2.57500000E+000,-1.73298611E-001, 2.89168122E-001,-5.16002064E-002,-1.49211348E-002
 2.62500000E+000,-1.86631944E-001, 2.99803128E-001,-5.06486229E-002,-1.51846156E-002
 2.67500000E+000,-1.99687500E-001, 3.10168490E-001,-4.97392761E-002,-1.54275562E-002
 2.72500000E+000,-2.12465278E-001, 3.20263350E-001,-4.88674658E-002,-1.56504583E-002
 2.77500000E+000,-2.24965278E-001, 3.30086947E-001,-4.80292963E-002,-1.58538438E-002
 2.82500000E+000,-2.37187500E-001, 3.39638609E-001,-4.72215603E-002,-1.60382650E-002
 2.87500000E+000,-2.49131944E-001, 3.48917743E-001,-4.64416426E-002,-1.62043131E-002
 2.92500000E+000,-2.60798611E-001, 3.57923830E-001,-4.56874393E-002,-1.63526233E-002
 2.97500000E+000,-2.72187500E-001, 3.66656414E-001,-4.49572860E-002,-1.64838773E-002
 3.02500000E+000,-2.83298611E-001, 3.75115101E-001,-4.42498937E-002,-1.65988033E-002
 3.07500000E+000,-2.94131944E-001, 3.83299545E-001,-4.35642920E-002,-1.66981733E-002
 3.12500000E+000,-3.04687500E-001, 3.91209449E-001,-4.28997766E-002,-1.67827979E-002
 3.17500000E+000,-3.14965278E-001, 3.98844555E-001,-4.22558634E-002,-1.68535210E-002
 3.22500000E+000,-3.24965278E-001, 4.06204639E-001,-4.16322470E-002,-1.69112119E-002
 3.27500000E+000,-3.34687500E-001, 4.13289509E-001,-4.10287638E-002,-1.69567576E-002
 3.32500000E+000,-3.44131944E-001, 4.20098992E-001,-4.04453600E-002,-1.69910550E-002
 3.37500000E+000,-3.53298611E-001, 4.26632941E-001,-3.98820641E-002,-1.70150023E-002
 3.42500000E+000,-3.62187500E-001, 4.32891219E-001,-3.93389631E-002,-1.70294917E-002
 3.47500000E+000,-3.70798611E-001, 4.38873705E-001,-3.88161830E-002,-1.70354020E-002
 3.52500000E+000,-3.79131944E-001, 4.44580285E-001,-3.83138726E-002,-1.70335924E-002
 3.57500000E+000,-3.87187500E-001, 4.50010853E-001,-3.78321904E-002,-1.70248963E-002
 3.62500000E+000,-3.94965278E-001, 4.55165306E-001,-3.73712942E-002,-1.70101166E-002
 3.67500000E+000,-4.02465278E-001, 4.60043543E-001,-3.69313333E-002,-1.69900214E-002
 3.72500000E+000,-4.09687500E-001, 4.64645464E-001,-3.65124425E-002,-1.69653408E-002
 3.77500000E+000,-4.16631944E-001, 4.68970968E-001,-3.61147380E-002,-1.69367636E-002
 3.82500000E+000,-4.23298611E-001, 4.73019952E-001,-3.57383143E-002,-1.69049357E-002
 3.87500000E+000,-4.29687500E-001, 4.76792314E-001,-3.53832427E-002,-1.68704582E-002
 3.92500000E+000,-4.35798611E-001, 4.80287948E-001,-3.50495697E-002,-1.68338859E-002
 3.97500000E+000,-4.41631944E-001, 4.83506746E-001,-3.47373176E-002,-1.67957274E-002
 4.02500000E+000,-4.47187500E-001, 4.86448598E-001,-3.44464838E-002,-1.67564437E-002
 4.07500000E+000,-4.52465278E-001, 4.89113393E-001,-3.41770424E-002,-1.67164492E-002
 4.12500000E+000,-4.57465278E-001, 4.91501021E-001,-3.39289448E-002,-1.66761110E-002
 4.17500000E+000,-4.62187500E-001, 4.93611369E-001,-3.37021216E-002,-1.66357504E-002
 4.22500000E+000,-4.66631944E-001, 4.95444324E-001,-3.34964839E-002,-1.65956428E-002
 4.27500000E+000,-4.70798611E-001, 4.96999777E-001,-3.33119257E-002,-1.65560197E-002
 4.32500000E+000,-4.74687500E-001, 4.98277615E-001,-3.31483263E-002,-1.65170690E-002
 4.37500000E+000,-4.78298611E-001, 4.99277732E-001,-3.30055524E-002,-1.64789373E-002
 4.42500000E+000,-4.81631944E-001, 5.00000020E-001,-3.28834613E-002,-1.64417313E-002
 4.47500000E+000,-4.84687500E-001, 5.00444377E-001,-3.27819034E-002,-1.64055192E-002
 4.52500000E+000,-4.87465278E-001, 5.00610699E-001,-3.27007252E-002,-1.63703329E-002
 4.57500000E+000,-4.89965278E-001, 5.00498891E-001,-3.26397722E-002,-1.63361698E-002
 4.62500000E+000,-4.92187500E-001, 5.00108855E-001,-3.25988919E-002,-1.63029945E-002
 4.67500000E+000,-4.94131944E-001, 4.99440501E-001,-3.25779364E-002,-1.62707409E-002
 4.72500000E+000,-4.95798611E-001, 4.98493740E-001,-3.25767651E-002,-1.62393135E-002
 4.77500000E+000,-4.97187500E-001, 4.97268488E-001,-3.25952472E-002,-1.62085893E-002
 4.82500000E+000,-4.98298611E-001, 4.95764662E-001,-3.26332638E-002,-1.61784190E-002
 4.87500000E+000,-4.99131944E-001, 4.93982187E-001,-3.26907104E-002,-1.61486286E-002
 4.92500000E+000,-4.99687500E-001, 4.91920983E-001,-3.27675167E-002,-1.61190290E-002
 4.97500000E+000,-4.99965278E-001, 4.89580850E-001,-3.28641234E-002,-1.60896454E-002
 5.02500000E+000,-4.99965278E-001, 4.86958383E-001,-3.29935325E-002,-1.60664772E-002
 5.07500000E+000,-4.99687500E-001, 4.84057290E-001,-3.31560514E-002,-1.60494284E-002
 5.12500000E+000,-4.99131944E-001, 4.80874240E-001,-3.33393872E-002,-1.60320525E-002
 5.17500000E+000,-4.98298611E-001, 4.77408992E-001,-3.35432376E-002,-1.60138432E-002
 5.22500000E+000,-4.97187500E-001, 4.73661411E-001,-3.37677355E-002,-1.59944733E-002
 5.27500000E+000,-4.95798611E-001, 4.69631367E-001,-3.40130491E-002,-1.59735948E-002
 5.32500000E+000,-4.94131944E-001, 4.65318730E-001,-3.42793680E-002,-1.59508320E-002
 5.37500000E+000,-4.92187500E-001, 4.60723371E-001,-3.45669028E-002,-1.59257800E-002
 5.42500000E+000,-4.89965278E-001, 4.55845161E-001,-3.48758845E-002,-1.58980032E-002
 5.47500000E+000,-4.87465278E-001, 4.50683971E-001,-3.52065655E-002,-1.58670347E-002
 5.52500000E+000,-4.84687500E-001, 4.45239674E-001,-3.55592210E-002,-1.58323760E-002
 5.57500000E+000,-4.81631944E-001, 4.39512139E-001,-3.59341523E-002,-1.57934962E-002
 5.62500000E+000,-4.78298611E-001, 4.33501238E-001,-3.63316913E-002,-1.57498331E-002
 5.67500000E+000,-4.74687500E-001, 4.27206835E-001,-3.67522073E-002,-1.57007942E-002
 5.72500000E+000,-4.70798611E-001, 4.20628793E-001,-3.71961166E-002,-1.56457577E-002
 5.77500000E+000,-4.66631944E-001, 4.13766965E-001,-3.76638945E-002,-1.55840753E-002
 5.82500000E+000,-4.62187500E-001, 4.06621195E-001,-3.81560895E-002,-1.55150747E-002
 5.87500000E+000,-4.57465278E-001, 3.99191311E-001,-3.86733413E-002,-1.54380618E-002
 5.92500000E+000,-4.52465278E-001, 3.91477127E-001,-3.92164012E-002,-1.53523241E-002
 5.97500000E+000,-4.47187500E-001, 3.83478435E-001,-3.97861543E-002,-1.52571322E-002
 6.02500000E+000,-4.41631944E-001, 3.75195002E-001,-4.03836455E-002,-1.51517420E-002
 6.07500000E+000,-4.35798611E-001, 3.66626568E-001,-4.10101052E-002,-1.50353941E-002
 6.12500000E+000,-4.29687500E-001, 3.57772839E-001,-4.16669779E-002,-1.49073130E-002
 6.17500000E+000,-4.23298611E-001, 3.48633490E-001,-4.23559513E-002,-1.47667031E-002
 6.22500000E+000,-4.16631944E-001, 3.39208156E-001,-4.30789864E-002,-1.46127436E-002
 6.27500000E+000,-4.09687500E-001, 3.29496434E-001,-4.38383503E-002,-1.44445801E-002
 6.32500000E+000,-4.02465278E-001, 3.19497877E-001,-4.46366524E-002,-1.42613157E-002
 6.37500000E+000,-3.94965278E-001, 3.09211995E-001,-4.54768888E-002,-1.40619995E-002
 6.42500000E+000,-3.87187500E-001, 2.98638249E-001,-4.63624978E-002,-1.38456152E-002
 6.47500000E+000,-3.79131944E-001, 2.87776049E-001,-4.72974368E-002,-1.36110695E-002
 6.52500000E+000,-3.70798611E-001, 2.76624741E-001,-4.82862869E-002,-1.33571816E-002
 6.57500000E+000,-3.62187500E-001, 2.65183598E-001,-4.93344020E-002,-1.30826742E-002
 6.62500000E+000,-3.53298611E-001, 2.53451801E-001,-5.04481168E-002,-1.27861661E-002
 6.67500000E+000,-3.44131944E-001, 2.41428403E-001,-5.16350445E-002,-1.24661663E-002
 6.72500000E+000,-3.34687500E-001, 2.29112295E-001,-5.29045006E-002,-1.21210716E-002
 6.77500000E+000,-3.24965278E-001, 2.16502139E-001,-5.42681207E-002,-1.17491642E-002
 6.82500000E+000,-3.14965278E-001, 2.03596286E-001,-5.57407726E-002,-1.13486143E-002
 6.87500000E+000,-3.04687500E-001, 1.90392665E-001,-5.73419338E-002,-1.09174836E-002
 6.92500000E+000,-2.94131944E-001, 1.76888614E-001,-5.90978177E-002,-1.04537310E-002
 6.97500000E+000,-2.83298611E-001, 1.63080646E-001,-6.10447531E-002,-9.95521777E-003
 7.02500000E+000,-2.72187500E-001, 1.48964090E-001,-6.32347713E-002,-9.41971015E-003
 7.07500000E+000,-2.60798611E-001, 1.34532513E-001,-6.57453431E-002,-8.84488620E-003
 7.12500000E+000,-2.49131944E-001, 1.19776763E-001,-6.86975346E-002,-8.22836830E-003
 7.17500000E+000,-2.37187500E-001, 1.04683254E-001,-7.22927261E-002,-7.56783780E-003
 7.22500000E+000,-2.24965278E-001, 8.92305758E-002,-7.68945888E-002,-6.86134843E-003
 7.27500000E+000,-2.12465278E-001, 7.33817612E-002,-8.32374584E-002,-6.10811129E-003
 7.32500000E+000,-1.99687500E-001, 5.70623965E-002,-9.30690896E-002,-5.31074529E-003
 7.37500000E+000,-1.86631944E-001, 4.00732639E-002,-1.11900139E-001,-4.48420381E-003
 7.42500000E+000,-1.73298611E-001, 2.16015747E-002,-1.68711093E-001,-3.64442527E-003
 7.47500000E+000,-1.59687500E-001, 3.43671746E-003,-4.16969938E-001,-1.43300787E-003
 7.52500000E+000,-1.45798611E-001, 6.10645993E-004,-6.11448935E-001,-3.73378842E-004
 7.57500000E+000,-1.31631944E-001, 4.77364859E-004,-5.77896006E-001,-2.75867245E-004
 7.62500000E+000,-1.17187500E-001, 4.41335386E-004,-5.44067195E-001,-2.40116106E-004
 7.67500000E+000,-1.02465278E-001, 4.17075895E-004,-5.13415222E-001,-2.14133113E-004
 7.72500000E+000,-8.74652778E-002, 3.95171477E-004,-4.84528154E-001,-1.91471706E-004
 7.77500000E+000,-7.21875000E-002, 3.73781325E-004,-4.56722239E-001,-1.70714243E-004
 7.82500000E+000,-5.66319444E-002, 3.52363558E-004,-4.29661378E-001,-1.51397012E-004
 7.87500000E+000,-4.07986111E-002, 3.30675448E-004,-4.03162793E-001,-1.33316037E-004
 7.92500000E+000,-2.46875000E-002, 3.08543741E-004,-3.77122603E-001,-1.16358818E-004
 7.97500000E+000,-8.29861111E-003, 2.85791372E-004,-3.51486589E-001,-1.00451835E-004
 8.02500000E+000, 8.36805556E-003, 2.62202719E-004,-3.26240191E-001,-8.55410652E-005
 8.07500000E+000, 2.53125000E-002, 2.37500197E-004,-3.01408997E-001,-7.15846960E-005
 8.12500000E+000, 4.25347222E-002, 2.11330276E-004,-2.77067146E-001,-5.85526764E-005
 8.17500000E+000, 6.00347222E-002, 1.83274924E-004,-2.53353226E-001,-4.64332932E-005
 8.22500000E+000, 7.78125000E-002, 1.52933974E-004,-2.30492862E-001,-3.52501893E-005
 8.27500000E+000, 9.58680556E-002, 1.20175109E-004,-2.08822353E-001,-2.50952491E-005
 8.32500000E+000, 1.14201389E-001, 8.56965424E-005,-1.88794214E-001,-1.61790114E-005
 8.37500000E+000, 1.32812500E-001, 5.19264853E-005,-1.70922429E-001,-8.87540102E-006
 8.42500000E+000, 1.51701389E-001, 2.35773597E-005,-1.55619748E-001,-3.66910278E-006
 8.47500000E+000, 1.70868056E-001, 5.93406128E-006,-1.42965846E-001,-8.48368089E-007
 8.52500000E+000, 1.90312500E-001, 0.00000000E+000, 0.00000000E+000, 0.00000000E+000
 8.57500000E+000, 2.10034722E-001, 0.00000000E+000, 0.00000000E+000, 0.00000000E+000
 8.62500000E+000, 2.30034722E-001, 0.00000000E+000, 0.00000000E+000, 0.00000000E+000
 8.67500000E+000, 2.50312500E-001, 0.00000000E+000, 0.00000000E+000, 0.00000000E+000
 8.72500000E+000, 2.70868056E-001, 0.00000000E+000, 0.00000000E+000, 0.00000000E+000
 8.77500000E+000, 2.91701389E-001, 0.00000000E+000, 0.00000000E+000, 0.00000000E+000
 8.82500000E+000, 3.12812500E-001, 0.00000000E+000, 0.00000000E+000, 0.00000000E+000
 8.87500000E+000, 3.34201389E-001, 0.00000000E+000, 0.00000000E+000, 0.00000000E+000
 8.92500000E+000, 3.55868056E-001, 0.00000000E+000, 0.00000000E+000, 0.00000000E+000
 8.97500000E+000, 3.77812500E-001, 0.00000000E+000, 0.00000000E+000, 0.00000000E+000
 9.02500000E+000, 4.00034722E-001, 0.00000000E+000, 0.00000000E+000, 0.00000000E+000
 9.07500000E+000, 4.22534722E-001, 0.00000000E+000, 0.00000000E+000, 0.00000000E+000
 9.12500000E+000, 4.45312500E-001, 0.00000000E+000, 0.00000000E+000, 0.00000000E+000
 9.17500000E+000, 4.68368056E-001, 0.00000000E+000, 0.00000000E+000, 0.00000000E+000
 9.22500000E+000, 4.91701389E-001, 0.00000000E+000, 0.00000000E+000, 0.00000000E+000
 9.27500000E+000, 5.15312500E-001, 0.00000000E+000, 0.00000000E+000, 0.00000000E+000
 9.32500000E+000, 5.39201389E-001, 0.00000000E+000, 0.00000000E+000, 0.00000000E+000
 9.37500000E+000, 5.63368056E-001, 0.00000000E+000, 0.00000000E+000, 0.00000000E+000
 9.42500000E+000, 5.87812500E-001, 0.00000000E+000, 0.00000000E+000, 0.00000000E+000
 9.47500000E+000, 6.12534722E-001, 0.00000000E+000, 0.00000000E+000, 0.00000000E+000
 9.52500000E+000, 6.37534722E-001, 0.00000000E+000, 0.00000000E+000, 0.00000000E+000
 9.57500000E+000, 6.62812500E-001, 0.00000000E+000, 0.00000000E+000, 0.00000000E+000
 9.62500000E+000, 6.88368056E-001, 0.00000000E+000, 0.00000000E+000, 0.00000000E+000
 9.67500000E+000, 7.14201389E-001, 0.00000000E+000, 0.00000000E+000, 0.00000000E+000
 9.72500000E+000, 7.40312500E-001, 0.00000000E+000, 0.00000000E+000, 0.00000000E+000
 9.77500000E+000, 7.66701389E-001, 0.00000000E+000, 0.00000000E+000, 0.00000000E+000
 9.82500000E+000, 7.93368056E-001, 0.00000000E+000, 0.00000000E+000, 0.00000000E+000
 9.87500000E+000, 8.20312500E-001, 0.00000000E+000, 0.00000000E+000, 0.00000000E+000
 9.92500000E+000, 8.47534722E-001, 0.00000000E+000, 0.00000000E+000, 0.00000000E+000
 9.97500000E+000, 8.75034722E-001, 0.00000000E+000, 0.00000000E+000, 0.00000000E+000
