   6.0258807715329921      ,         200
X,ZB,H,U,Q
 2.50000000E-002, 8.75034722E-001, 0.00000000E+000, 0.00000000E+000, 0.00000000E+000
 7.50000000E-002, 8.47534722E-001, 0.00000000E+000, 0.00000000E+000, 0.00000000E+000
 1.25000000E-001, 8.20312500E-001, 0.00000000E+000, 0.00000000E+000, 0.00000000E+000
 1.75000000E-001, 7.93368056E-001, 0.00000000E+000, 0.00000000E+000, 0.00000000E+000
 2.25000000E-001, 7.66701389E-001, 0.00000000E+000, 0.00000000E+000, 0.00000000E+000
 2.75000000E-001, 7.40312500E-001, 0.00000000E+000, 0.00000000E+000, 0.00000000E+000
 3.25000000E-001, 7.14201389E-001, 0.00000000E+000, 0.00000000E+000, 0.00000000E+000
 3.75000000E-001, 6.88368056E-001, 0.00000000E+000, 0.00000000E+000, 0.00000000E+000
 4.25000000E-001, 6.62812500E-001, 0.00000000E+000, 0.00000000E+000, 0.00000000E+000
 4.75000000E-001, 6.37534722E-001, 0.00000000E+000, 0.00000000E+000, 0.00000000E+000
 5.25000000E-001, 6.12534722E-001, 0.00000000E+000, 0.00000000E+000, 0.00000000E+000
 5.75000000E-001, 5.87812500E-001, 0.00000000E+000, 0.00000000E+000, 0.00000000E+000
 6.25000000E-001, 5.63368056E-001, 0.00000000E+000, 0.00000000E+000, 0.00000000E+000
 6.75000000E-001, 5.39201389E-001, 0.00000000E+000, 0.00000000E+000, 0.00000000E+000
 7.25000000E-001, 5.15312500E-001, 0.00000000E+000, 0.00000000E+000, 0.00000000E+000
 7.75000000E-001, 4.91701389E-001, 0.00000000E+000, 0.00000000E+000, 0.00000000E+000
 8.25000000E-001, 4.68368056E-001, 0.00000000E+000, 0.00000000E+000, 0.00000000E+000
 8.75000000E-001, 4.45312500E-001, 0.00000000E+000, 0.00000000E+000, 0.00000000E+000
 9.25000000E-001, 4.22534722E-001, 0.00000000E+000, 0.00000000E+000, 0.00000000E+000
 9.75000000E-001, 4.00034722E-001, 0.00000000E+000, 0.00000000E+000, 0.00000000E+000
 1.02500000E+000, 3.77812500E-001, 0.00000000E+000, 0.00000000E+000, 0.00000000E+000
 1.07500000E+000, 3.55868056E-001, 0.00000000E+000, 0.00000000E+000, 0.00000000E+000
 1.12500000E+000, 3.34201389E-001, 0.00000000E+000, 0.00000000E+000, 0.00000000E+000
 1.17500000E+000, 3.12812500E-001, 0.00000000E+000, 0.00000000E+000, 0.00000000E+000
 1.22500000E+000, 2.91701389E-001, 0.00000000E+000, 0.00000000E+000, 0.00000000E+000
 1.27500000E+000, 2.70868056E-001, 0.00000000E+000, 0.00000000E+000, 0.00000000E+000
 1.32500000E+000, 2.50312500E-001, 0.00000000E+000, 0.00000000E+000, 0.00000000E+000
 1.37500000E+000, 2.30034722E-001, 0.00000000E+000, 0.00000000E+000, 0.00000000E+000
 1.42500000E+000, 2.10034722E-001, 0.00000000E+000, 0.00000000E+000, 0.00000000E+000
 1.47500000E+000, 1.90312500E-001, 0.00000000E+000, 0.00000000E+000, 0.00000000E+000
 1.52500000E+000, 1.70868056E-001, 4.90837058E-003,-4.08065724E-001,-2.00293779E-003
 1.57500000E+000, 1.51701389E-001, 2.72289873E-002,-2.45446629E-001,-6.68326315E-003
 1.62500000E+000, 1.32812500E-001, 3.98260600E-002,-1.46822942E-001,-5.84737928E-003
 1.67500000E+000, 1.14201389E-001, 5.41753883E-002,-1.12833175E-001,-6.11278108E-003
 1.72500000E+000, 9.58680556E-002, 6.88233814E-002,-9.63317267E-002,-6.62987517E-003
 1.77500000E+000, 7.78125000E-002, 8.34630724E-002,-8.64241464E-002,-7.21322479E-003
 1.82500000E+000, 6.00347222E-002, 9.79948457E-002,-7.96157393E-002,-7.80193208E-003
 1.87500000E+000, 4.25347222E-002, 1.12366638E-001,-7.45295786E-002,-8.37463817E-003
 1.92500000E+000, 2.53125000E-002, 1.26545408E-001,-7.05246118E-002,-8.92456574E-003
 1.97500000E+000, 8.36805556E-003, 1.40509786E-001,-6.72530791E-002,-9.44971576E-003
 2.02500000E+000,-8.29861111E-003, 1.54245889E-001,-6.45033827E-002,-9.94938163E-003
 2.07500000E+000,-2.46875000E-002, 1.67744359E-001,-6.21379317E-002,-1.04232875E-002
 2.12500000E+000,-4.07986111E-002, 1.80998509E-001,-6.00639095E-002,-1.08714781E-002
 2.17500000E+000,-5.66319444E-002, 1.94003296E-001,-5.82169251E-002,-1.12942754E-002
 2.22500000E+000,-7.21875000E-002, 2.06754767E-001,-5.65509992E-002,-1.16921887E-002
 2.27500000E+000,-8.74652778E-002, 2.19249747E-001,-5.50323069E-002,-1.20658193E-002
 2.32500000E+000,-1.02465278E-001, 2.31485633E-001,-5.36352714E-002,-1.24157948E-002
 2.37500000E+000,-1.17187500E-001, 2.43460254E-001,-5.23401005E-002,-1.27427342E-002
 2.42500000E+000,-1.31631944E-001, 2.55171760E-001,-5.11311871E-002,-1.30472350E-002
 2.47500000E+000,-1.45798611E-001, 2.66618556E-001,-4.99960346E-002,-1.33298706E-002
 2.52500000E+000,-1.59687500E-001, 2.77799248E-001,-4.89245117E-002,-1.35911925E-002
 2.57500000E+000,-1.73298611E-001, 2.88712608E-001,-4.79083267E-002,-1.38317379E-002
 2.62500000E+000,-1.86631944E-001, 2.99357551E-001,-4.69406521E-002,-1.40520387E-002
 2.67500000E+000,-1.99687500E-001, 3.09733117E-001,-4.60158518E-002,-1.42526332E-002
 2.72500000E+000,-2.12465278E-001, 3.19838451E-001,-4.51292789E-002,-1.44340787E-002
 2.77500000E+000,-2.24965278E-001, 3.29672799E-001,-4.42771213E-002,-1.45969625E-002
 2.82500000E+000,-2.37187500E-001, 3.39235492E-001,-4.34562797E-002,-1.47419124E-002
 2.87500000E+000,-2.49131944E-001, 3.48525941E-001,-4.26642667E-002,-1.48696037E-002
 2.92500000E+000,-2.60798611E-001, 3.57543624E-001,-4.18991222E-002,-1.49807640E-002
 2.97500000E+000,-2.72187500E-001, 3.66288086E-001,-4.11593390E-002,-1.50761755E-002
 3.02500000E+000,-2.83298611E-001, 3.74758922E-001,-4.04437964E-002,-1.51566735E-002
 3.07500000E+000,-2.94131944E-001, 3.82955777E-001,-3.97516996E-002,-1.52231430E-002
 3.12500000E+000,-3.04687500E-001, 3.90878338E-001,-3.90825243E-002,-1.52765121E-002
 3.17500000E+000,-3.14965278E-001, 3.98526325E-001,-3.84359656E-002,-1.53177441E-002
 3.22500000E+000,-3.24965278E-001, 4.05899491E-001,-3.78118906E-002,-1.53478271E-002
 3.27500000E+000,-3.34687500E-001, 4.12997611E-001,-3.72102956E-002,-1.53677632E-002
 3.32500000E+000,-3.44131944E-001, 4.19820484E-001,-3.66312675E-002,-1.53785565E-002
 3.37500000E+000,-3.53298611E-001, 4.26367927E-001,-3.60749506E-002,-1.53812019E-002
 3.42500000E+000,-3.62187500E-001, 4.32639769E-001,-3.55415176E-002,-1.53766740E-002
 3.47500000E+000,-3.70798611E-001, 4.38635854E-001,-3.50311475E-002,-1.53659173E-002
 3.52500000E+000,-3.79131944E-001, 4.44356034E-001,-3.45440070E-002,-1.53498380E-002
 3.57500000E+000,-3.87187500E-001, 4.49800170E-001,-3.40802383E-002,-1.53292970E-002
 3.62500000E+000,-3.94965278E-001, 4.54968128E-001,-3.36399505E-002,-1.53051053E-002
 3.67500000E+000,-4.02465278E-001, 4.59859776E-001,-3.32232154E-002,-1.52780204E-002
 3.72500000E+000,-4.09687500E-001, 4.64474986E-001,-3.28300661E-002,-1.52487445E-002
 3.77500000E+000,-4.16631944E-001, 4.68813629E-001,-3.24604970E-002,-1.52179234E-002
 3.82500000E+000,-4.23298611E-001, 4.72875578E-001,-3.21144661E-002,-1.51861467E-002
 3.87500000E+000,-4.29687500E-001, 4.76660704E-001,-3.17918974E-002,-1.51539482E-002
 3.92500000E+000,-4.35798611E-001, 4.80168877E-001,-3.14926828E-002,-1.51218061E-002
 3.97500000E+000,-4.41631944E-001, 4.83399968E-001,-3.12166845E-002,-1.50901443E-002
 4.02500000E+000,-4.47187500E-001, 4.86353848E-001,-3.09637359E-002,-1.50593321E-002
 4.07500000E+000,-4.52465278E-001, 4.89030390E-001,-3.07336421E-002,-1.50296850E-002
 4.12500000E+000,-4.57465278E-001, 4.91429470E-001,-3.05261804E-002,-1.50014646E-002
 4.17500000E+000,-4.62187500E-001, 4.93550968E-001,-3.03410989E-002,-1.49748787E-002
 4.22500000E+000,-4.66631944E-001, 4.95394771E-001,-3.01781167E-002,-1.49500812E-002
 4.27500000E+000,-4.70798611E-001, 4.96960775E-001,-3.00369223E-002,-1.49271722E-002
 4.32500000E+000,-4.74687500E-001, 4.98248884E-001,-2.99171733E-002,-1.49061982E-002
 4.37500000E+000,-4.78298611E-001, 4.99259012E-001,-2.98184962E-002,-1.48871530E-002
 4.42500000E+000,-4.81631944E-001, 4.99991087E-001,-2.97404862E-002,-1.48699780E-002
 4.47500000E+000,-4.84687500E-001, 5.00445047E-001,-2.96827083E-002,-1.48545644E-002
 4.52500000E+000,-4.87465278E-001, 5.00620844E-001,-2.96446990E-002,-1.48407542E-002
 4.57500000E+000,-4.89965278E-001, 5.00518442E-001,-2.96259684E-002,-1.48283436E-002
 4.62500000E+000,-4.92187500E-001, 5.00137819E-001,-2.96260044E-002,-1.48170852E-002
 4.67500000E+000,-4.94131944E-001, 4.99478964E-001,-2.96442771E-002,-1.48066928E-002
 4.72500000E+000,-4.95798611E-001, 4.98541875E-001,-2.96802457E-002,-1.47968454E-002
 4.77500000E+000,-4.97187500E-001, 4.97326561E-001,-2.97333665E-002,-1.47871929E-002
 4.82500000E+000,-4.98298611E-001, 4.95833037E-001,-2.98031028E-002,-1.47773630E-002
 4.87500000E+000,-4.99131944E-001, 4.94061320E-001,-2.98889375E-002,-1.47669679E-002
 4.92500000E+000,-4.99687500E-001, 4.92011429E-001,-2.99903859E-002,-1.47556126E-002
 4.97500000E+000,-4.99965278E-001, 4.89683380E-001,-3.01070063E-002,-1.47429006E-002
 5.02500000E+000,-4.99965278E-001, 4.87074272E-001,-3.02514921E-002,-1.47347235E-002
 5.07500000E+000,-4.99687500E-001, 4.84186782E-001,-3.04239284E-002,-1.47308640E-002
 5.12500000E+000,-4.99131944E-001, 4.81018045E-001,-3.06118202E-002,-1.47248379E-002
 5.17500000E+000,-4.98298611E-001, 4.77567948E-001,-3.08151937E-002,-1.47163488E-002
 5.22500000E+000,-4.97187500E-001, 4.73836349E-001,-3.10342131E-002,-1.47051382E-002
 5.27500000E+000,-4.95798611E-001, 4.69823080E-001,-3.12691858E-002,-1.46909852E-002
 5.32500000E+000,-4.94131944E-001, 4.65527944E-001,-3.15205690E-002,-1.46737057E-002
 5.37500000E+000,-4.92187500E-001, 4.60950714E-001,-3.17889704E-002,-1.46531486E-002
 5.42500000E+000,-4.89965278E-001, 4.56091136E-001,-3.20751446E-002,-1.46291891E-002
 5.47500000E+000,-4.87465278E-001, 4.50948931E-001,-3.23799837E-002,-1.46017191E-002
 5.52500000E+000,-4.84687500E-001, 4.45523800E-001,-3.27045035E-002,-1.45706347E-002
 5.57500000E+000,-4.81631944E-001, 4.39815428E-001,-3.30498260E-002,-1.45358234E-002
 5.62500000E+000,-4.78298611E-001, 4.33823491E-001,-3.34171606E-002,-1.44971493E-002
 5.67500000E+000,-4.74687500E-001, 4.27547656E-001,-3.38077844E-002,-1.44544390E-002
 5.72500000E+000,-4.70798611E-001, 4.20987592E-001,-3.42230251E-002,-1.44074689E-002
 5.77500000E+000,-4.66631944E-001, 4.14142968E-001,-3.46642477E-002,-1.43559545E-002
 5.82500000E+000,-4.62187500E-001, 4.07013461E-001,-3.51328470E-002,-1.42995416E-002
 5.87500000E+000,-4.57465278E-001, 3.99598750E-001,-3.56302472E-002,-1.42378022E-002
 5.92500000E+000,-4.52465278E-001, 3.91898520E-001,-3.61579096E-002,-1.41702313E-002
 5.97500000E+000,-4.47187500E-001, 3.83912460E-001,-3.67173476E-002,-1.40962472E-002
 6.02500000E+000,-4.41631944E-001, 3.75640255E-001,-3.73101487E-002,-1.40151938E-002
 6.07500000E+000,-4.35798611E-001, 3.67081588E-001,-3.79380023E-002,-1.39263421E-002
 6.12500000E+000,-4.29687500E-001, 3.58236130E-001,-3.86027306E-002,-1.38288928E-002
 6.17500000E+000,-4.23298611E-001, 3.49103538E-001,-3.93063217E-002,-1.37219759E-002
 6.22500000E+000,-4.16631944E-001, 3.39683451E-001,-4.00509635E-002,-1.36046495E-002
 6.27500000E+000,-4.09687500E-001, 3.29975490E-001,-4.08390782E-002,-1.34758948E-002
 6.32500000E+000,-4.02465278E-001, 3.19979252E-001,-4.16733576E-002,-1.33346098E-002
 6.37500000E+000,-3.94965278E-001, 3.09694315E-001,-4.25568033E-002,-1.31796001E-002
 6.42500000E+000,-3.87187500E-001, 2.99120232E-001,-4.34927733E-002,-1.30095685E-002
 6.47500000E+000,-3.79131944E-001, 2.88256531E-001,-4.44850412E-002,-1.28231036E-002
 6.52500000E+000,-3.70798611E-001, 2.77102703E-001,-4.55378741E-002,-1.26186680E-002
 6.57500000E+000,-3.62187500E-001, 2.65658189E-001,-4.66561399E-002,-1.23945856E-002
 6.62500000E+000,-3.53298611E-001, 2.53922353E-001,-4.78454620E-002,-1.21490323E-002
 6.67500000E+000,-3.44131944E-001, 2.41894442E-001,-4.91124549E-002,-1.18800299E-002
 6.72500000E+000,-3.34687500E-001, 2.29573534E-001,-5.04650974E-002,-1.15854507E-002
 6.77500000E+000,-3.24965278E-001, 2.16958469E-001,-5.19133368E-002,-1.12630381E-002
 6.82500000E+000,-3.14965278E-001, 2.04047778E-001,-5.34700679E-002,-1.09104485E-002
 6.87500000E+000,-3.04687500E-001, 1.90839582E-001,-5.51527086E-002,-1.05253198E-002
 6.92500000E+000,-2.94131944E-001, 1.77331477E-001,-5.69857066E-002,-1.01053595E-002
 6.97500000E+000,-2.83298611E-001, 1.63520362E-001,-5.90045291E-002,-9.64844195E-003
 7.02500000E+000,-2.72187500E-001, 1.49402173E-001,-6.12621284E-002,-9.15269511E-003
 7.07500000E+000,-2.60798611E-001, 1.34971430E-001,-6.38398450E-002,-8.61655516E-003
 7.12500000E+000,-2.49131944E-001, 1.20220434E-001,-6.68669300E-002,-8.03877132E-003
 7.17500000E+000,-2.37187500E-001, 1.05137752E-001,-7.05582182E-002,-7.41833245E-003
 7.22500000E+000,-2.24965278E-001, 8.97051139E-002,-7.52938957E-002,-6.75424749E-003
 7.27500000E+000,-2.12465278E-001, 7.38903830E-002,-8.18108998E-002,-6.04503872E-003
 7.32500000E+000,-1.99687500E-001, 5.76295764E-002,-9.17525212E-002,-5.28765893E-003
 7.37500000E+000,-1.86631944E-001, 4.07718288E-002,-1.09718022E-001,-4.47340440E-003
 7.42500000E+000,-1.73298611E-001, 2.25294715E-002,-1.61767177E-001,-3.64452900E-003
 7.47500000E+000,-1.59687500E-001, 2.31568825E-003,-5.16899109E-001,-1.19697719E-003
 7.52500000E+000,-1.45798611E-001, 6.08097952E-004,-6.12460075E-001,-3.72435717E-004
 7.57500000E+000,-1.31631944E-001, 4.93907946E-004,-5.77667577E-001,-2.85314606E-004
 7.62500000E+000,-1.17187500E-001, 4.60127860E-004,-5.44235253E-001,-2.50417802E-004
 7.67500000E+000,-1.02465278E-001, 4.37000092E-004,-5.13804890E-001,-2.24532784E-004
 7.72500000E+000,-8.74652778E-002, 4.16070198E-004,-4.85027198E-001,-2.01805363E-004
 7.77500000E+000,-7.21875000E-002, 3.95644062E-004,-4.57245622E-001,-1.80906515E-004
 7.82500000E+000,-5.66319444E-002, 3.75246372E-004,-4.30125685E-001,-1.61403103E-004
 7.87500000E+000,-4.07986111E-002, 3.54698696E-004,-4.03473679E-001,-1.43111588E-004
 7.92500000E+000,-2.46875000E-002, 3.33905948E-004,-3.77165414E-001,-1.25937775E-004
 7.97500000E+000,-8.29861111E-003, 3.12789607E-004,-3.51116602E-001,-1.09825624E-004
 8.02500000E+000, 8.36805556E-003, 2.91254580E-004,-3.25270795E-001,-9.47366090E-005
 8.07500000E+000, 2.53125000E-002, 2.69158404E-004,-2.99596638E-001,-8.06389530E-005
 8.12500000E+000, 4.25347222E-002, 2.46269084E-004,-2.74092267E-001,-6.75004516E-005
 8.17500000E+000, 6.00347222E-002, 2.22202049E-004,-2.48797866E-001,-5.52833956E-005
 8.22500000E+000, 7.78125000E-002, 1.96332205E-004,-2.23820183E-001,-4.39431102E-005
 8.27500000E+000, 9.58680556E-002, 1.67702713E-004,-1.99376103E-001,-3.34359135E-005
 8.32500000E+000, 1.14201389E-001, 1.35052289E-004,-1.75863655E-001,-2.37507892E-005
 8.37500000E+000, 1.32812500E-001, 9.73910705E-005,-1.53953320E-001,-1.49936787E-005
 8.42500000E+000, 1.51701389E-001, 5.61347060E-005,-1.34611405E-001,-7.55637164E-006
 8.47500000E+000, 1.70868056E-001, 1.91587251E-005,-1.18791484E-001,-2.27589339E-006
 8.52500000E+000, 1.90312500E-001, 0.00000000E+000, 0.00000000E+000, 0.00000000E+000
 8.57500000E+000, 2.10034722E-001, 0.00000000E+000, 0.00000000E+000, 0.00000000E+000
 8.62500000E+000, 2.30034722E-001, 0.00000000E+000, 0.00000000E+000, 0.00000000E+000
 8.67500000E+000, 2.50312500E-001, 0.00000000E+000, 0.00000000E+000, 0.00000000E+000
 8.72500000E+000, 2.70868056E-001, 0.00000000E+000, 0.00000000E+000, 0.00000000E+000
 8.77500000E+000, 2.91701389E-001, 0.00000000E+000, 0.00000000E+000, 0.00000000E+000
 8.82500000E+000, 3.12812500E-001, 0.00000000E+000, 0.00000000E+000, 0.00000000E+000
 8.87500000E+000, 3.34201389E-001, 0.00000000E+000, 0.00000000E+000, 0.00000000E+000
 8.92500000E+000, 3.55868056E-001, 0.00000000E+000, 0.00000000E+000, 0.00000000E+000
 8.97500000E+000, 3.77812500E-001, 0.00000000E+000, 0.00000000E+000, 0.00000000E+000
 9.02500000E+000, 4.00034722E-001, 0.00000000E+000, 0.00000000E+000, 0.00000000E+000
 9.07500000E+000, 4.22534722E-001, 0.00000000E+000, 0.00000000E+000, 0.00000000E+000
 9.12500000E+000, 4.45312500E-001, 0.00000000E+000, 0.00000000E+000, 0.00000000E+000
 9.17500000E+000, 4.68368056E-001, 0.00000000E+000, 0.00000000E+000, 0.00000000E+000
 9.22500000E+000, 4.91701389E-001, 0.00000000E+000, 0.00000000E+000, 0.00000000E+000
 9.27500000E+000, 5.15312500E-001, 0.00000000E+000, 0.00000000E+000, 0.00000000E+000
 9.32500000E+000, 5.39201389E-001, 0.00000000E+000, 0.00000000E+000, 0.00000000E+000
 9.37500000E+000, 5.63368056E-001, 0.00000000E+000, 0.00000000E+000, 0.00000000E+000
 9.42500000E+000, 5.87812500E-001, 0.00000000E+000, 0.00000000E+000, 0.00000000E+000
 9.47500000E+000, 6.12534722E-001, 0.00000000E+000, 0.00000000E+000, 0.00000000E+000
 9.52500000E+000, 6.37534722E-001, 0.00000000E+000, 0.00000000E+000, 0.00000000E+000
 9.57500000E+000, 6.62812500E-001, 0.00000000E+000, 0.00000000E+000, 0.00000000E+000
 9.62500000E+000, 6.88368056E-001, 0.00000000E+000, 0.00000000E+000, 0.00000000E+000
 9.67500000E+000, 7.14201389E-001, 0.00000000E+000, 0.00000000E+000, 0.00000000E+000
 9.72500000E+000, 7.40312500E-001, 0.00000000E+000, 0.00000000E+000, 0.00000000E+000
 9.77500000E+000, 7.66701389E-001, 0.00000000E+000, 0.00000000E+000, 0.00000000E+000
 9.82500000E+000, 7.93368056E-001, 0.00000000E+000, 0.00000000E+000, 0.00000000E+000
 9.87500000E+000, 8.20312500E-001, 0.00000000E+000, 0.00000000E+000, 0.00000000E+000
 9.92500000E+000, 8.47534722E-001, 0.00000000E+000, 0.00000000E+000, 0.00000000E+000
 9.97500000E+000, 8.75034722E-001, 0.00000000E+000, 0.00000000E+000, 0.00000000E+000
