 2.16002729E+004,271
X,ZB,H,U,L,Q,QL
 0.00000000E+000, 6.49608236E+002, 5.60786628E-001, 1.47129785E+000, 3.50000000E+001, 8.25084161E-001, 2.88779456E+001
 1.50000000E+001, 6.49562335E+002, 5.61221425E-001, 1.47013107E+000, 3.50000000E+001, 8.25069052E-001, 2.88774168E+001
 3.00000000E+001, 6.49516441E+002, 5.61680114E-001, 1.46912921E+000, 3.50000000E+001, 8.25180663E-001, 2.88813232E+001
 4.50000000E+001, 6.49470643E+002, 5.62157893E-001, 1.46808857E+000, 3.50000000E+001, 8.25297578E-001, 2.88854152E+001
 6.00000000E+001, 6.49425027E+002, 5.62499282E-001, 1.46733617E+000, 3.50000000E+001, 8.25375541E-001, 2.88881439E+001
 7.50000000E+001, 6.49379832E+002, 5.62198277E-001, 1.46797356E+000, 3.50000000E+001, 8.25292208E-001, 2.88852273E+001
 9.00100000E+001, 6.49334832E+002, 5.61372898E-001, 1.46987224E+000, 3.50000000E+001, 8.25146441E-001, 2.88801254E+001
 1.05010000E+002, 6.49288906E+002, 5.61901495E-001, 1.46885999E+000, 3.50000000E+001, 8.25354625E-001, 2.88874119E+001
 1.20010000E+002, 6.49242319E+002, 5.63867231E-001, 1.46452683E+000, 3.50000000E+001, 8.25798689E-001, 2.89029541E+001
 1.35010000E+002, 6.49197979E+002, 5.62669248E-001, 1.46823459E+000, 3.50000000E+001, 8.26130451E-001, 2.89145658E+001
 1.49600000E+002, 6.49156180E+002, 5.56933714E-001, 1.48095591E+000, 3.50000000E+001, 8.24794278E-001, 2.88677997E+001
 1.64600000E+002, 6.49114266E+002, 5.48308892E-001, 1.49921559E+000, 3.50000000E+001, 8.22033241E-001, 2.87711635E+001
 1.79600000E+002, 6.49070187E+002, 5.38203984E-001, 1.52260413E+000, 3.50000000E+001, 8.19471609E-001, 2.86815063E+001
 1.94600000E+002, 6.49022903E+002, 5.28432803E-001, 1.54586067E+000, 3.50000000E+001, 8.16883488E-001, 2.85909221E+001
 2.09600000E+002, 6.48972085E+002, 5.19572486E-001, 1.56750845E+000, 3.50000000E+001, 8.14434263E-001, 2.85051992E+001
 2.24600000E+002, 6.48917775E+002, 5.11884742E-001, 1.58672763E+000, 3.50000000E+001, 8.12221661E-001, 2.84277581E+001
 2.39600000E+002, 6.48860392E+002, 5.05060964E-001, 1.60417915E+000, 3.50000000E+001, 8.10208269E-001, 2.83572894E+001
 2.54600000E+002, 6.48799959E+002, 4.99450401E-001, 1.61774894E+000, 3.50000000E+001, 8.07985354E-001, 2.82794874E+001
 2.69860000E+002, 6.48736641E+002, 4.94713192E-001, 1.63020971E+000, 3.50000000E+001, 8.06486251E-001, 2.82270188E+001
 2.84860000E+002, 6.48671372E+002, 4.90300319E-001, 1.64313203E+000, 3.50000000E+001, 8.05628158E-001, 2.81969855E+001
 2.99860000E+002, 6.48604436E+002, 4.86752821E-001, 1.65280866E+000, 3.50000000E+001, 8.04509280E-001, 2.81578248E+001
 3.14860000E+002, 6.48535850E+002, 4.83758559E-001, 1.66105332E+000, 3.50000000E+001, 8.03548762E-001, 2.81242067E+001
 3.29860000E+002, 6.48465850E+002, 4.81216404E-001, 1.66812688E+000, 3.50000000E+001, 8.02730016E-001, 2.80955505E+001
 3.44860000E+002, 6.48394614E+002, 4.79128959E-001, 1.67398402E+000, 3.50000000E+001, 8.02054220E-001, 2.80718977E+001
 3.59860000E+002, 6.48322384E+002, 4.77323896E-001, 1.67909657E+000, 3.50000000E+001, 8.01472915E-001, 2.80515520E+001
 3.74860000E+002, 6.48249210E+002, 4.76023455E-001, 1.68279193E+000, 3.50000000E+001, 8.01048429E-001, 2.80366950E+001
 3.89860000E+002, 6.48175483E+002, 4.74654877E-001, 1.68673044E+000, 3.50000000E+001, 8.00614831E-001, 2.80215191E+001
 4.04860000E+002, 6.48100888E+002, 4.73956028E-001, 1.68709530E+000, 3.50000000E+001, 7.99608986E-001, 2.79863145E+001
 4.20220000E+002, 6.48025206E+002, 4.73676630E-001, 1.68784501E+000, 3.50000000E+001, 7.99492735E-001, 2.79822457E+001
 4.35220000E+002, 6.47949582E+002, 4.72973399E-001, 1.69154905E+000, 3.50000000E+001, 8.00057705E-001, 2.80020197E+001
 4.50220000E+002, 6.47874168E+002, 4.72787105E-001, 1.69214259E+000, 3.50000000E+001, 8.00023195E-001, 2.80008118E+001
 4.65220000E+002, 6.47798638E+002, 4.72828165E-001, 1.69203755E+000, 3.50000000E+001, 8.00043009E-001, 2.80015053E+001
 4.80220000E+002, 6.47723105E+002, 4.72998280E-001, 1.69156279E+000, 3.50000000E+001, 8.00106288E-001, 2.80037201E+001
 4.95220000E+002, 6.47647589E+002, 4.73439229E-001, 1.69030027E+000, 3.50000000E+001, 8.00254458E-001, 2.80089060E+001
 5.10220000E+002, 6.47572305E+002, 4.73825451E-001, 1.68921300E+000, 3.50000000E+001, 8.00392114E-001, 2.80137240E+001
 5.25220000E+002, 6.47497045E+002, 4.74779859E-001, 1.68646462E+000, 3.50000000E+001, 8.00699436E-001, 2.80244803E+001
 5.40220000E+002, 6.47422445E+002, 4.74993498E-001, 1.68591391E+000, 3.50000000E+001, 8.00798144E-001, 2.80279350E+001
 5.55220000E+002, 6.47347390E+002, 4.77112852E-001, 1.67979463E+000, 3.50000000E+001, 8.01451608E-001, 2.80508063E+001
 5.70220000E+002, 6.47274207E+002, 4.77201959E-001, 1.68704362E+000, 3.50000000E+001, 8.05060522E-001, 2.81771183E+001
 5.83570000E+002, 6.47204271E+002, 4.76664387E-001, 1.68889626E+000, 3.50000000E+001, 8.05036699E-001, 2.81762845E+001
 5.98570000E+002, 6.47132870E+002, 4.79413358E-001, 1.67356382E+000, 3.50000000E+001, 8.02328849E-001, 2.80815097E+001
 6.13570000E+002, 6.47060122E+002, 4.80632751E-001, 1.66997914E+000, 3.50000000E+001, 8.02646668E-001, 2.80926334E+001
 6.28570000E+002, 6.46987812E+002, 4.81912000E-001, 1.66640503E+000, 3.50000000E+001, 8.03060582E-001, 2.81071204E+001
 6.43570000E+002, 6.46916092E+002, 4.83047614E-001, 1.66326487E+000, 3.50000000E+001, 8.03436126E-001, 2.81202644E+001
 6.58570000E+002, 6.46844752E+002, 4.84485728E-001, 1.65926472E+000, 3.50000000E+001, 8.03890074E-001, 2.81361526E+001
 6.73570000E+002, 6.46774254E+002, 4.85181623E-001, 1.65740609E+000, 3.50000000E+001, 8.04142980E-001, 2.81450043E+001
 6.88570000E+002, 6.46703546E+002, 4.87362598E-001, 1.65129826E+000, 3.50000000E+001, 8.04781009E-001, 2.81673353E+001
 7.03570000E+002, 6.46634909E+002, 4.86032988E-001, 1.65522980E+000, 3.50000000E+001, 8.04496284E-001, 2.81573699E+001
 7.18570000E+002, 6.46563132E+002, 4.92289039E-001, 1.63763193E+000, 3.50000000E+001, 8.06188247E-001, 2.82165886E+001
 7.33570000E+002, 6.46498995E+002, 4.87831922E-001, 1.68047975E+000, 3.50000000E+001, 8.19791664E-001, 2.86927083E+001
 7.41580000E+002, 6.46445839E+002, 4.81895042E-001, 1.69917637E+000, 3.50000000E+001, 8.18824669E-001, 2.86588634E+001
 7.56580000E+002, 6.46368433E+002, 5.03273094E-001, 1.66403698E+000, 3.36700760E+001, 8.37465040E-001, 2.81975116E+001
 7.71580000E+002, 6.46283601E+002, 5.17761530E-001, 1.68290774E+000, 3.23401520E+001, 8.71344886E-001, 2.81794261E+001
 7.86580000E+002, 6.46198145E+002, 5.32979427E-001, 1.70428601E+000, 3.10102270E+001, 9.08349382E-001, 2.81681205E+001
 8.01580000E+002, 6.46111977E+002, 5.49274499E-001, 1.72706587E+000, 2.96803030E+001, 9.48633243E-001, 2.81557221E+001
 8.16580000E+002, 6.46024976E+002, 5.66615599E-001, 1.75182759E+000, 2.83503790E+001, 9.92612837E-001, 2.81409501E+001
 8.31580000E+002, 6.45936702E+002, 5.85615963E-001, 1.77751504E+000, 2.70204550E+001, 1.04094118E+000, 2.81267044E+001
 8.46580000E+002, 6.45847398E+002, 6.05394153E-001, 1.80715780E+000, 2.56905300E+001, 1.09404277E+000, 2.81065385E+001
 8.61580000E+002, 6.45755589E+002, 6.28120203E-001, 1.83263973E+000, 2.43606060E+001, 1.15111804E+000, 2.80419330E+001
 8.77490000E+002, 6.45658267E+002, 6.55117145E-001, 1.86384138E+000, 2.29500000E+001, 1.22103444E+000, 2.80227404E+001
 8.92490000E+002, 6.45595022E+002, 6.53736825E-001, 1.87130133E+000, 2.29500000E+001, 1.22333859E+000, 2.80756207E+001
 9.07490000E+002, 6.45532678E+002, 6.53775174E-001, 1.87126761E+000, 2.29500000E+001, 1.22338831E+000, 2.80767617E+001
 9.22490000E+002, 6.45470406E+002, 6.53722884E-001, 1.87140473E+000, 2.29500000E+001, 1.22338010E+000, 2.80765732E+001
 9.37490000E+002, 6.45408055E+002, 6.53825908E-001, 1.87113890E+000, 2.29500000E+001, 1.22339909E+000, 2.80770090E+001
 9.52490000E+002, 6.45345966E+002, 6.53330790E-001, 1.87239658E+000, 2.29500000E+001, 1.22329434E+000, 2.80746050E+001
 9.67490000E+002, 6.45283263E+002, 6.53735157E-001, 1.86951463E+000, 2.29500000E+001, 1.22216744E+000, 2.80487427E+001
 9.83030000E+002, 6.45219985E+002, 6.53694358E-001, 1.86961958E+000, 2.29500000E+001, 1.22215977E+000, 2.80485667E+001
 9.98030000E+002, 6.45143805E+002, 6.63461194E-001, 1.88781763E+000, 2.24012020E+001, 1.25249374E+000, 2.80573652E+001
 1.01303000E+003, 6.45067560E+002, 6.74046070E-001, 1.90404704E+000, 2.18524040E+001, 1.28341542E+000, 2.80457123E+001
 1.02803000E+003, 6.44990806E+002, 6.85031283E-001, 1.92090948E+000, 2.13036060E+001, 1.31588309E+000, 2.80330548E+001
 1.04303000E+003, 6.44913603E+002, 6.96117854E-001, 1.93928354E+000, 2.07548080E+001, 1.34996989E+000, 2.80183660E+001
 1.05803000E+003, 6.44835479E+002, 7.08153935E-001, 1.95716071E+000, 2.02060100E+001, 1.38597106E+000, 2.80049450E+001
 1.07303000E+003, 6.44757296E+002, 7.19445515E-001, 1.98086216E+000, 1.96572120E+001, 1.42512240E+000, 2.80139331E+001
 1.08744000E+003, 6.44679597E+002, 7.30981081E-001, 2.00206236E+000, 1.91300000E+001, 1.46346971E+000, 2.79961756E+001
 1.10244000E+003, 6.44613694E+002, 7.33406155E-001, 2.00658079E+000, 1.90030910E+001, 1.47163870E+000, 2.79656841E+001
 1.11744000E+003, 6.44547110E+002, 7.34881856E-001, 2.01519313E+000, 1.88761820E+001, 1.48092887E+000, 2.79542828E+001
 1.13244000E+003, 6.44479952E+002, 7.36600528E-001, 2.02334457E+000, 1.87492730E+001, 1.49039668E+000, 2.79438542E+001
 1.14744000E+003, 6.44412741E+002, 7.37347511E-001, 2.03403830E+000, 1.86223630E+001, 1.49979308E+000, 2.79296912E+001
 1.16244000E+003, 6.44344061E+002, 7.39641571E-001, 2.03761294E+000, 1.84954540E+001, 1.50710324E+000, 2.78745586E+001
 1.17845000E+003, 6.44272990E+002, 7.42453132E-001, 2.04415072E+000, 1.83600000E+001, 1.51768610E+000, 2.78647168E+001
 1.19345000E+003, 6.44222703E+002, 7.26793333E-001, 2.04147808E+000, 1.88115570E+001, 1.48373266E+000, 2.79113215E+001
 1.20845000E+003, 6.44171985E+002, 7.13344028E-001, 2.03121730E+000, 1.92631150E+001, 1.44895673E+000, 2.79114201E+001
 1.22345000E+003, 6.44119932E+002, 7.00540341E-001, 2.02093279E+000, 1.97146720E+001, 1.41574494E+000, 2.79109472E+001
 1.23845000E+003, 6.44066597E+002, 6.88302353E-001, 2.01078576E+000, 2.01662300E+001, 1.38402857E+000, 2.79106385E+001
 1.25345000E+003, 6.44011985E+002, 6.76740848E-001, 2.00038784E+000, 2.06177870E+001, 1.35374417E+000, 2.79112089E+001
 1.26845000E+003, 6.43956283E+002, 6.65558138E-001, 1.99042645E+000, 2.10693440E+001, 1.32474453E+000, 2.79114981E+001
 1.28345000E+003, 6.43899281E+002, 6.55411092E-001, 1.97906961E+000, 2.15209020E+001, 1.29710417E+000, 2.79148518E+001
 1.29845000E+003, 6.43841712E+002, 6.44720777E-001, 1.97045126E+000, 2.19724590E+001, 1.27039087E+000, 2.79136113E+001
 1.31345000E+003, 6.43782159E+002, 6.37063633E-001, 1.95488401E+000, 2.24240170E+001, 1.24538551E+000, 2.79265458E+001
 1.32845000E+003, 6.43723923E+002, 6.26262792E-001, 1.95771374E+000, 2.28755740E+001, 1.22604327E+000, 2.80464437E+001
 1.34122000E+003, 6.43667064E+002, 6.16670471E-001, 1.95488528E+000, 2.32600000E+001, 1.20552003E+000, 2.80403959E+001
 1.35622000E+003, 6.43597368E+002, 6.20321296E-001, 1.93824166E+000, 2.32248130E+001, 1.20233258E+000, 2.79239493E+001
 1.37122000E+003, 6.43525254E+002, 6.21156888E-001, 1.93842720E+000, 2.31896250E+001, 1.20406741E+000, 2.79218716E+001
 1.38622000E+003, 6.43453060E+002, 6.22261974E-001, 1.93809206E+000, 2.31544380E+001, 1.20600099E+000, 2.79242751E+001
 1.40122000E+003, 6.43381083E+002, 6.23265199E-001, 1.93805874E+000, 2.31192510E+001, 1.20792456E+000, 2.79263112E+001
 1.41622000E+003, 6.43308986E+002, 6.25128585E-001, 1.93571040E+000, 2.30840640E+001, 1.21006790E+000, 2.79332850E+001
 1.43122000E+003, 6.43237741E+002, 6.25682289E-001, 1.93694178E+000, 2.30488760E+001, 1.21191017E+000, 2.79331671E+001
 1.44622000E+003, 6.43165330E+002, 6.29838683E-001, 1.92847420E+000, 2.30136890E+001, 1.21462765E+000, 2.79530629E+001
 1.46122000E+003, 6.43096295E+002, 6.28962154E-001, 1.94466536E+000, 2.29785020E+001, 1.22312091E+000, 2.81054863E+001
 1.47337000E+003, 6.43032096E+002, 6.28105213E-001, 1.94949699E+000, 2.29500000E+001, 1.22448922E+000, 2.81020276E+001
 1.48837000E+003, 6.42970368E+002, 6.29601540E-001, 1.91882555E+000, 2.31583330E+001, 1.20809552E+000, 2.79774784E+001
 1.50337000E+003, 6.42906190E+002, 6.27666995E-001, 1.90839840E+000, 2.33666670E+001, 1.19783869E+000, 2.79894978E+001
 1.51837000E+003, 6.42842325E+002, 6.25843238E-001, 1.89810785E+000, 2.35750000E+001, 1.18791796E+000, 2.80051659E+001
 1.53337000E+003, 6.42778856E+002, 6.24224886E-001, 1.88749276E+000, 2.37833330E+001, 1.17821995E+000, 2.80219974E+001
 1.54837000E+003, 6.42715872E+002, 6.22701067E-001, 1.87684257E+000, 2.39916670E+001, 1.16871187E+000, 2.80393460E+001
 1.56337000E+003, 6.42653307E+002, 6.21488363E-001, 1.86557892E+000, 2.42000000E+001, 1.15943559E+000, 2.80583412E+001
 1.57837000E+003, 6.42591457E+002, 6.19986885E-001, 1.85528918E+000, 2.44083330E+001, 1.15025496E+000, 2.80758061E+001
 1.59337000E+003, 6.42529693E+002, 6.19616422E-001, 1.84222211E+000, 2.46166670E+001, 1.14147107E+000, 2.80992132E+001
 1.60837000E+003, 6.42469611E+002, 6.17528567E-001, 1.83726719E+000, 2.48250000E+001, 1.13456497E+000, 2.81655755E+001
 1.62241000E+003, 6.42410966E+002, 6.16085831E-001, 1.82820575E+000, 2.50200000E+001, 1.12633166E+000, 2.81808181E+001
 1.63741000E+003, 6.42368324E+002, 6.03178283E-001, 1.79334362E+000, 2.60435000E+001, 1.08170592E+000, 2.81714082E+001
 1.65241000E+003, 6.42324434E+002, 5.89403990E-001, 1.76744165E+000, 2.70670010E+001, 1.04173716E+000, 2.81967007E+001
 1.66741000E+003, 6.42278655E+002, 5.78580992E-001, 1.73722247E+000, 2.80905010E+001, 1.00512390E+000, 2.82344339E+001
 1.68241000E+003, 6.42234904E+002, 5.62700840E-001, 1.72358636E+000, 2.91140010E+001, 9.69863490E-001, 2.82366066E+001
 1.69741000E+003, 6.42183869E+002, 5.56786992E-001, 1.66255778E+000, 3.01375020E+001, 9.25690543E-001, 2.78980006E+001
 1.71943000E+003, 6.42130276E+002, 5.45592944E-001, 1.62043765E+000, 3.16400000E+001, 8.84099349E-001, 2.79729034E+001
 1.73443000E+003, 6.42066998E+002, 5.37322813E-001, 1.65237087E+000, 3.19286220E+001, 8.87856566E-001, 2.83480367E+001
 1.74943000E+003, 6.42009240E+002, 5.35122412E-001, 1.64540248E+000, 3.22172440E+001, 8.80491742E-001, 2.83670173E+001
 1.76443000E+003, 6.41951863E+002, 5.32836953E-001, 1.63845001E+000, 3.25058660E+001, 8.73026709E-001, 2.83784892E+001
 1.77943000E+003, 6.41894713E+002, 5.30375850E-001, 1.63210406E+000, 3.27944880E+001, 8.65628579E-001, 2.83878461E+001
 1.79443000E+003, 6.41837717E+002, 5.27747972E-001, 1.62634515E+000, 3.30831100E+001, 8.58300355E-001, 2.83952451E+001
 1.80943000E+003, 6.41780796E+002, 5.24975493E-001, 1.62111401E+000, 3.33717320E+001, 8.51045128E-001, 2.84008499E+001
 1.82443000E+003, 6.41723891E+002, 5.22059203E-001, 1.61640942E+000, 3.36603540E+001, 8.43861413E-001, 2.84046739E+001
 1.83943000E+003, 6.41666915E+002, 5.19057972E-001, 1.61207432E+000, 3.39489760E+001, 8.36760027E-001, 2.84071461E+001
 1.85443000E+003, 6.41609866E+002, 5.15876231E-001, 1.60836754E+000, 3.42375980E+001, 8.29718586E-001, 2.84075714E+001
 1.86943000E+003, 6.41552544E+002, 5.12815809E-001, 1.60447697E+000, 3.45262200E+001, 8.22801153E-001, 2.84082136E+001
 1.88443000E+003, 6.41495249E+002, 5.09304743E-001, 1.60261014E+000, 3.48148420E+001, 8.16216948E-001, 2.84164641E+001
 1.89925000E+003, 6.41437688E+002, 5.06133511E-001, 1.59936749E+000, 3.51000000E+001, 8.09493483E-001, 2.84132213E+001
 1.91425000E+003, 6.41394480E+002, 4.90870337E-001, 1.57877643E+000, 3.66709850E+001, 7.74974519E-001, 2.84190790E+001
 1.92925000E+003, 6.41349212E+002, 4.76593904E-001, 1.55959146E+000, 3.82419710E+001, 7.43291781E-001, 2.84249427E+001
 1.94425000E+003, 6.41302010E+002, 4.63248547E-001, 1.54148562E+000, 3.98129560E+001, 7.14090976E-001, 2.84300726E+001
 1.95925000E+003, 6.41252978E+002, 4.50774895E-001, 1.52426764E+000, 4.13839410E+001, 6.87101584E-001, 2.84349714E+001
 1.97425000E+003, 6.41202217E+002, 4.39135659E-001, 1.50772905E+000, 4.29549260E+001, 6.62097591E-001, 2.84403530E+001
 1.98925000E+003, 6.41149845E+002, 4.28281456E-001, 1.49173257E+000, 4.45259120E+001, 6.38881398E-001, 2.84467769E+001
 2.00425000E+003, 6.41095969E+002, 4.18216416E-001, 1.47601816E+000, 4.60968970E+001, 6.17295024E-001, 2.84553851E+001
 2.01925000E+003, 6.41040761E+002, 4.08836612E-001, 1.46066529E+000, 4.76678820E+001, 5.97173447E-001, 2.84659934E+001
 2.03425000E+003, 6.40984282E+002, 4.00288546E-001, 1.44504782E+000, 4.92388670E+001, 5.78436090E-001, 2.84815377E+001
 2.04925000E+003, 6.40926886E+002, 3.92158264E-001, 1.43019700E+000, 5.08098530E+001, 5.60863574E-001, 2.84973957E+001
 2.06425000E+003, 6.40868354E+002, 3.84865279E-001, 1.41271940E+000, 5.23808380E+001, 5.43706645E-001, 2.84798097E+001
 2.07971000E+003, 6.40808384E+002, 3.78716897E-001, 1.39438987E+000, 5.40000000E+001, 5.28079007E-001, 2.85162664E+001
 2.09471000E+003, 6.40765188E+002, 3.58420150E-001, 1.35881502E+000, 5.87864730E+001, 4.87026683E-001, 2.86305810E+001
 2.10971000E+003, 6.40718634E+002, 3.41410544E-001, 1.32190852E+000, 6.35729470E+001, 4.51313505E-001, 2.86913296E+001
 2.12471000E+003, 6.40668791E+002, 3.26858210E-001, 1.28719336E+000, 6.83594200E+001, 4.20729717E-001, 2.87608394E+001
 2.13971000E+003, 6.40616512E+002, 3.14093303E-001, 1.25512265E+000, 7.31458940E+001, 3.94225620E-001, 2.88359854E+001
 2.15471000E+003, 6.40562114E+002, 3.03373525E-001, 1.22363761E+000, 7.79323670E+001, 3.71219256E-001, 2.89299953E+001
 2.16971000E+003, 6.40506773E+002, 2.93249621E-001, 1.19612889E+000, 8.27188410E+001, 3.50764344E-001, 2.90148200E+001
 2.18471000E+003, 6.40449549E+002, 2.86072004E-001, 1.16466565E+000, 8.75053140E+001, 3.33178236E-001, 2.91548661E+001
 2.19971000E+003, 6.40393852E+002, 2.76220068E-001, 1.14550771E+000, 9.22917870E+001, 3.16412216E-001, 2.92022488E+001
 2.21471000E+003, 6.40333992E+002, 2.70610824E-001, 1.09377568E+000, 9.70782610E+001, 2.95987538E-001, 2.87339555E+001
 2.23496000E+003, 6.40269780E+002, 2.65953225E-001, 1.05395416E+000, 1.03540000E+002, 2.80302507E-001, 2.90225216E+001
 2.24996000E+003, 6.40213094E+002, 2.55202569E-001, 1.05038233E+000, 1.11202318E+002, 2.68060269E-001, 2.98089232E+001
 2.26496000E+003, 6.40161006E+002, 2.46982374E-001, 1.02152072E+000, 1.18864636E+002, 2.52297613E-001, 2.99892640E+001
 2.27996000E+003, 6.40108528E+002, 2.40072566E-001, 9.93293110E-001, 1.26526954E+002, 2.38462426E-001, 3.01719244E+001
 2.29496000E+003, 6.40056275E+002, 2.33607093E-001, 9.68054692E-001, 1.34189272E+002, 2.26144443E-001, 3.03461582E+001
 2.30996000E+003, 6.40003615E+002, 2.28904529E-001, 9.41565893E-001, 1.41851590E+002, 2.15528697E-001, 3.05730884E+001
 2.32496000E+003, 6.39951814E+002, 2.28188338E-001, 9.33617732E-001, 1.49513908E+002, 2.13040679E-001, 3.18525444E+001
 2.33384000E+003, 6.39915436E+002, 2.11298973E-001, 9.65391784E-001, 1.54050000E+002, 2.03986292E-001, 3.14240883E+001
 2.34884000E+003, 6.39852758E+002, 2.37103550E-001, 8.26727107E-001, 1.62847505E+002, 1.96019932E-001, 3.19213569E+001
 2.36384000E+003, 6.39840921E+002, 1.74485339E-001, 9.77798588E-001, 1.70968312E+002, 1.70611518E-001, 2.91691631E+001
 2.37884000E+003, 6.39688372E+002, 3.10260743E-001, 6.45398341E-001, 1.78263936E+002, 2.00241769E-001, 3.56958858E+001
 2.39384000E+003, 6.39333012E+002, 6.72725986E-001, 3.03983775E-001, 1.84734380E+002, 2.04497785E-001, 3.77777715E+001
 2.40884000E+003, 6.39173609E+002, 8.32825075E-001, 2.39347084E-001, 1.90379641E+002, 1.99334253E-001, 3.79491837E+001
 2.42384000E+003, 6.39031459E+002, 9.75355796E-001, 1.99808072E-001, 1.95199721E+002, 1.94883961E-001, 3.80412948E+001
 2.43338000E+003, 6.38962538E+002, 1.04429491E+000, 1.84228614E-001, 1.97835994E+002, 1.92389003E-001, 3.80614697E+001
 2.44838000E+003, 6.38952712E+002, 1.05386085E+000, 1.83386135E-001, 1.96867147E+002, 1.93263468E-001, 3.80472275E+001
 2.46338000E+003, 6.38954706E+002, 1.05151560E+000, 1.85931954E-001, 1.94598164E+002, 1.95510350E-001, 3.80459551E+001
 2.47838000E+003, 6.38962022E+002, 1.04378790E+000, 1.90787339E-001, 1.91029044E+002, 1.99141516E-001, 3.80418135E+001
 2.49338000E+003, 6.38969358E+002, 1.03598278E+000, 1.97221253E-001, 1.86159787E+002, 2.04317822E-001, 3.80357621E+001
 2.50838000E+003, 6.38976527E+002, 1.02815315E+000, 2.10646716E-001, 1.75559114E+002, 2.16577085E-001, 3.80220811E+001
 2.52338000E+003, 6.38976116E+002, 1.02772085E+000, 2.29523545E-001, 1.61170936E+002, 2.35886133E-001, 3.80179888E+001
 2.53488000E+003, 6.38955879E+002, 1.04721799E+000, 2.41743818E-001, 1.50140000E+002, 2.53158474E-001, 3.80092133E+001
 2.54988000E+003, 6.38896079E+002, 1.10646260E+000, 2.44705927E-001, 1.40340060E+002, 2.70757956E-001, 3.79981877E+001
 2.56488000E+003, 6.38802366E+002, 1.19975312E+000, 2.42681574E-001, 1.30540120E+002, 2.91157975E-001, 3.80077970E+001
 2.57988000E+003, 6.38708162E+002, 1.29351334E+000, 2.43397772E-001, 1.20740180E+002, 3.14838266E-001, 3.80136289E+001
 2.59488000E+003, 6.38613969E+002, 1.38722035E+000, 2.47020565E-001, 1.10940238E+002, 3.42671954E-001, 3.80161081E+001
 2.60988000E+003, 6.38519770E+002, 1.48086605E+000, 2.53818558E-001, 1.01140298E+002, 3.75871287E-001, 3.80157339E+001
 2.62488000E+003, 6.38425529E+002, 1.57448082E+000, 2.64392397E-001, 9.13403580E+001, 4.16280758E-001, 3.80232334E+001
 2.63535000E+003, 6.38360432E+002, 1.63897524E+000, 2.74532444E-001, 8.45000000E+001, 4.49951880E-001, 3.80209338E+001
 2.65035000E+003, 6.38270753E+002, 1.72882686E+000, 2.56261760E-001, 8.58227020E+001, 4.43032215E-001, 3.80222217E+001
 2.66535000E+003, 6.38179651E+002, 1.82005997E+000, 2.39780682E-001, 8.71454040E+001, 4.36415220E-001, 3.80315807E+001
 2.68035000E+003, 6.38088750E+002, 1.91107624E+000, 2.24992673E-001, 8.84681060E+001, 4.29978153E-001, 3.80393528E+001
 2.69535000E+003, 6.37997903E+002, 2.00202468E+000, 2.11644208E-001, 8.97908060E+001, 4.23716928E-001, 3.80458844E+001
 2.71035000E+003, 6.37907010E+002, 2.09299376E+000, 1.99504488E-001, 9.11135080E+001, 4.17561648E-001, 3.80455066E+001
 2.73129000E+003, 6.37789083E+002, 2.21104063E+000, 1.85134904E-001, 9.29600000E+001, 4.09340795E-001, 3.80523203E+001
 2.74629000E+003, 6.37712909E+002, 2.28722499E+000, 1.77790604E-001, 9.35968660E+001, 4.06647112E-001, 3.80608953E+001
 2.76129000E+003, 6.37645522E+002, 2.35462202E+000, 1.71546940E-001, 9.42337300E+001, 4.03928202E-001, 3.80636611E+001
 2.77629000E+003, 6.37578166E+002, 2.42198801E+000, 1.65666916E-001, 9.48705960E+001, 4.01243286E-001, 3.80661897E+001
 2.79129000E+003, 6.37510814E+002, 2.48935048E+000, 1.60118922E-001, 9.55074600E+001, 3.98592115E-001, 3.80685205E+001
 2.80629000E+003, 6.37443465E+002, 2.55670994E+000, 1.54876488E-001, 9.61443260E+001, 3.95974254E-001, 3.80706778E+001
 2.82129000E+003, 6.37376111E+002, 2.62407195E+000, 1.49911789E-001, 9.67811920E+001, 3.93379321E-001, 3.80717196E+001
 2.83822000E+003, 6.37281758E+002, 2.71845458E+000, 1.43649163E-001, 9.75000000E+001, 3.90503725E-001, 3.80741132E+001
 2.85322000E+003, 6.37167807E+002, 2.83241818E+000, 1.38981229E-001, 9.67273400E+001, 3.93652960E-001, 3.80770037E+001
 2.86822000E+003, 6.37038600E+002, 2.96164657E+000, 1.33994035E-001, 9.59546800E+001, 3.96842974E-001, 3.80789406E+001
 2.88322000E+003, 6.36907826E+002, 3.09244128E+000, 1.29374418E-001, 9.51820200E+001, 4.00082792E-001, 3.80806883E+001
 2.89822000E+003, 6.36777053E+002, 3.22323210E+000, 1.25145733E-001, 9.44093620E+001, 4.03373744E-001, 3.80822578E+001
 2.91322000E+003, 6.36646282E+002, 3.35401840E+000, 1.21262716E-001, 9.36367020E+001, 4.06717379E-001, 3.80836741E+001
 2.92822000E+003, 6.36526720E+002, 3.47359150E+000, 1.18069552E-001, 9.28640420E+001, 4.10125391E-001, 3.80859016E+001
 2.93917000E+003, 6.36449522E+002, 3.55078759E+000, 1.16210901E-001, 9.23000000E+001, 4.12640225E-001, 3.80866927E+001
 2.95417000E+003, 6.36409554E+002, 3.59070820E+000, 1.18015512E-001, 8.98765100E+001, 4.23759266E-001, 3.80860039E+001
 2.96917000E+003, 6.36399103E+002, 3.60109477E+000, 1.20936613E-001, 8.74530200E+001, 4.35504206E-001, 3.80861581E+001
 2.98417000E+003, 6.36388667E+002, 3.61146307E+000, 1.24026757E-001, 8.50295320E+001, 4.47918052E-001, 3.80862623E+001
 2.99917000E+003, 6.36378230E+002, 3.62182694E+000, 1.27300329E-001, 8.26060420E+001, 4.61059760E-001, 3.80863219E+001
 3.01417000E+003, 6.36367792E+002, 3.63218595E+000, 1.30773947E-001, 8.01825520E+001, 4.74995293E-001, 3.80863348E+001
 3.02917000E+003, 6.36357346E+002, 3.64254966E+000, 1.34470166E-001, 7.77590620E+001, 4.89814258E-001, 3.80874972E+001
 3.03981000E+003, 6.36331117E+002, 3.66871922E+000, 1.36529853E-001, 7.60400000E+001, 5.00889695E-001, 3.80876524E+001
 3.05481000E+003, 6.36279135E+002, 3.72072872E+000, 1.32136044E-001, 7.74696880E+001, 4.91642374E-001, 3.80873813E+001
 3.06981000E+003, 6.36209448E+002, 3.79044708E+000, 1.27358679E-001, 7.88993760E+001, 4.82746332E-001, 3.80883843E+001
 3.08481000E+003, 6.36139129E+002, 3.86079515E+000, 1.22815729E-001, 8.03290620E+001, 4.74166369E-001, 3.80893397E+001
 3.09981000E+003, 6.36068810E+002, 3.93114005E+000, 1.18511642E-001, 8.17587500E+001, 4.65885865E-001, 3.80902459E+001
 3.11481000E+003, 6.35998492E+002, 4.00148176E+000, 1.14429974E-001, 8.31884380E+001, 4.57889455E-001, 3.80911086E+001
 3.12981000E+003, 6.35923754E+002, 4.07624452E+000, 1.10437056E-001, 8.46181260E+001, 4.50168445E-001, 3.80924102E+001
 3.14221000E+003, 6.35858379E+002, 4.14163654E+000, 1.07198107E-001, 8.58000000E+001, 4.43975595E-001, 3.80931061E+001
 3.15721000E+003, 6.35715396E+002, 4.28463256E+000, 1.04389872E-001, 8.51682840E+001, 4.47272243E-001, 3.80934094E+001
 3.17221000E+003, 6.35560739E+002, 4.43930207E+000, 1.01507783E-001, 8.45365660E+001, 4.50623711E-001, 3.80941811E+001
 3.18721000E+003, 6.35406080E+002, 4.59397330E+000, 9.88305623E-002, 8.39048500E+001, 4.54024964E-001, 3.80948965E+001
 3.20221000E+003, 6.35251421E+002, 4.74864264E+000, 9.63385244E-002, 8.32731320E+001, 4.57477224E-001, 3.80955613E+001
 3.21721000E+003, 6.35096762E+002, 4.90331034E+000, 9.40143859E-002, 8.26414160E+001, 4.60981710E-001, 3.80961813E+001
 3.23221000E+003, 6.34942104E+002, 5.05797662E+000, 9.18429931E-002, 8.20096980E+001, 4.64539712E-001, 3.80967615E+001
 3.24721000E+003, 6.34787451E+002, 5.21263784E+000, 8.98123804E-002, 8.13779820E+001, 4.68159412E-001, 3.80978682E+001
 3.25666000E+003, 6.34693357E+002, 5.30673368E+000, 8.86542680E-002, 8.09800000E+001, 4.70464590E-001, 3.80982225E+001
 3.27166000E+003, 6.34619032E+002, 5.38104468E+000, 8.91702349E-002, 7.93989300E+001, 4.79829018E-001, 3.80979106E+001
 3.28666000E+003, 6.34546005E+002, 5.45405571E+000, 8.97646383E-002, 7.78178620E+001, 4.89581338E-001, 3.80981730E+001
 3.30166000E+003, 6.34474008E+002, 5.52603533E+000, 9.04333576E-002, 7.62367920E+001, 4.99737929E-001, 3.80984165E+001
 3.31666000E+003, 6.34402012E+002, 5.59801417E+000, 9.11616992E-002, 7.46557220E+001, 5.10324484E-001, 3.80986428E+001
 3.33166000E+003, 6.34330016E+002, 5.66999234E+000, 9.19523133E-002, 7.30746520E+001, 5.21368913E-001, 3.80988518E+001
 3.34666000E+003, 6.34259988E+002, 5.74000139E+000, 9.28401556E-002, 7.14935840E+001, 5.32902622E-001, 3.80991184E+001
 3.36083000E+003, 6.34211630E+002, 5.78833735E+000, 9.40296415E-002, 7.00000000E+001, 5.44275286E-001, 3.80992700E+001
 3.37583000E+003, 6.34187143E+002, 5.81278800E+000, 9.65574056E-002, 6.78806820E+001, 5.61267728E-001, 3.80992362E+001
 3.39083000E+003, 6.34184296E+002, 5.81559245E+000, 9.96211706E-002, 6.57613640E+001, 5.79356128E-001, 3.80992492E+001
 3.40583000E+003, 6.34181452E+002, 5.81838993E+000, 1.02889080E-001, 6.36420460E+001, 5.98648789E-001, 3.80992338E+001
 3.42083000E+003, 6.34178607E+002, 5.82118349E+000, 1.06382175E-001, 6.15227280E+001, 6.19270160E-001, 3.80991896E+001
 3.43583000E+003, 6.34175762E+002, 5.82397264E+000, 1.10124560E-001, 5.94034100E+001, 6.41362425E-001, 3.80991151E+001
 3.45083000E+003, 6.34172917E+002, 5.82675590E+000, 1.14143725E-001, 5.72840900E+001, 6.65087625E-001, 3.80989394E+001
 3.46643000E+003, 6.34139430E+002, 5.86017932E+000, 1.18033818E-001, 5.50800000E+001, 6.91699337E-001, 3.80987995E+001
 3.48143000E+003, 6.34083641E+002, 5.91603450E+000, 1.10908308E-001, 5.80661180E+001, 6.56137379E-001, 3.80993504E+001
 3.49643000E+003, 6.33997222E+002, 6.00251578E+000, 1.03964946E-001, 6.10522360E+001, 6.24051229E-001, 3.80997229E+001
 3.51143000E+003, 6.33910797E+002, 6.08899251E+000, 9.77102388E-002, 6.40383540E+001, 5.94956912E-001, 3.81000613E+001
 3.52643000E+003, 6.33824375E+002, 6.17545790E+000, 9.20506025E-002, 6.70244700E+001, 5.68454620E-001, 3.81003697E+001
 3.54143000E+003, 6.33737956E+002, 6.26191429E+000, 8.69083634E-002, 7.00105880E+001, 5.44212723E-001, 3.81006527E+001
 3.55643000E+003, 6.33651538E+002, 6.34836421E+000, 8.22185046E-002, 7.29967060E+001, 5.21953012E-001, 3.81008506E+001
 3.57232000E+003, 6.33564239E+002, 6.43569314E+000, 7.77347552E-002, 7.61600000E+001, 5.00277031E-001, 3.81010986E+001
 3.58732000E+003, 6.33493470E+002, 6.50646311E+000, 7.67017269E-002, 7.63467100E+001, 4.99056957E-001, 3.81013567E+001
 3.60232000E+003, 6.33425450E+002, 6.57448409E+000, 7.57233321E-002, 7.65334220E+001, 4.97841842E-001, 3.81015398E+001
 3.61732000E+003, 6.33358182E+002, 6.64175266E+000, 7.47743202E-002, 7.67201320E+001, 4.96632540E-001, 3.81017140E+001
 3.63232000E+003, 6.33290915E+002, 6.70902112E+000, 7.38451999E-002, 7.69068420E+001, 4.95429005E-001, 3.81018802E+001
 3.64732000E+003, 6.33223647E+002, 6.77628952E+000, 7.29353720E-002, 7.70935520E+001, 4.94231197E-001, 3.81020385E+001
 3.66232000E+003, 6.33156379E+002, 6.84355811E+000, 7.20437873E-002, 7.72802640E+001, 4.93035845E-001, 3.81019402E+001
 3.68158000E+003, 6.33073603E+002, 6.92633511E+000, 7.09629702E-002, 7.75200000E+001, 4.91513312E-001, 3.81021119E+001
 3.69658000E+003, 6.33036069E+002, 6.96391314E+000, 6.37463847E-002, 8.58311840E+001, 4.43924286E-001, 3.81025471E+001
 3.71158000E+003, 6.33000174E+002, 6.99984156E+000, 5.78205847E-002, 9.41423680E+001, 4.04734932E-001, 3.81027049E+001
 3.72658000E+003, 6.32965245E+002, 7.03479512E+000, 5.28663153E-002, 1.02453554E+002, 3.71903697E-001, 3.81028556E+001
 3.74158000E+003, 6.32930318E+002, 7.06974097E+000, 4.86579839E-002, 1.10764738E+002, 3.43999342E-001, 3.81029970E+001
 3.75658000E+003, 6.32895392E+002, 7.10468150E+000, 4.50393490E-002, 1.19075922E+002, 3.19990230E-001, 3.81031316E+001
 3.77158000E+003, 6.32860449E+002, 7.13963691E+000, 4.18949096E-002, 1.27387106E+002, 2.99114443E-001, 3.81033233E+001
 3.78467000E+003, 6.32829875E+002, 7.17021848E+000, 3.94691559E-002, 1.34640000E+002, 2.83002471E-001, 3.81034527E+001
 3.79967000E+003, 6.32794695E+002, 7.20539806E+000, 3.92764912E-002, 1.34640000E+002, 2.83002754E-001, 3.81034907E+001
 3.81467000E+003, 6.32759403E+002, 7.24068830E+000, 3.90851645E-002, 1.34640000E+002, 2.83003493E-001, 3.81035903E+001
 3.82967000E+003, 6.32724112E+002, 7.27597856E+000, 3.88956874E-002, 1.34640000E+002, 2.83004187E-001, 3.81036838E+001
 3.84467000E+003, 6.32688821E+002, 7.31126882E+000, 3.87080332E-002, 1.34640000E+002, 2.83004836E-001, 3.81037711E+001
 3.85967000E+003, 6.32653530E+002, 7.34655909E+000, 3.85221757E-002, 1.34640000E+002, 2.83005440E-001, 3.81038524E+001
 3.87467000E+003, 6.32618238E+002, 7.38184927E+000, 3.83379192E-002, 1.34640000E+002, 2.83004741E-001, 3.81037583E+001
 3.89518000E+003, 6.32540046E+002, 7.46004151E+000, 3.79361733E-002, 1.34640000E+002, 2.83005428E-001, 3.81038508E+001
 3.91018000E+003, 6.32445103E+002, 7.55497273E+000, 4.04465136E-002, 1.24696088E+002, 3.05572307E-001, 3.81036713E+001
 3.92518000E+003, 6.32320266E+002, 7.67979542E+000, 4.32364947E-002, 1.14752176E+002, 3.32047434E-001, 3.81031656E+001
 3.94018000E+003, 6.32195428E+002, 7.80461620E+000, 4.65810056E-002, 1.04808264E+002, 3.63546871E-001, 3.81027164E+001
 3.95045000E+003, 6.31997633E+002, 8.00239963E+000, 4.85853544E-002, 9.80000000E+001, 3.88799422E-001, 3.81023434E+001
 3.96545000E+003, 6.31323201E+002, 8.67682423E+000, 4.95553253E-002, 8.86114580E+001, 4.29982847E-001, 3.81014070E+001
 3.98045000E+003, 6.30586050E+002, 9.41396516E+000, 5.10861737E-002, 7.92229180E+001, 4.80923460E-001, 3.81001598E+001
 3.99199000E+003, 6.30000038E+002, 9.99996573E+000, 5.29159629E-002, 7.20000000E+001, 5.29157816E-001, 3.80993627E+001
 4.00000000E+003, 6.30000000E+002, 1.00000020E+001, 5.29158453E-002, 7.20000000E+001, 5.29158561E-001, 3.80994164E+001
 4.01000000E+003, 6.30000000E+002, 1.00000008E+001, 5.29157729E-002, 7.20000000E+001, 5.29157772E-001, 3.80993596E+001
