 2.16000000E+004,271
X,ZB,H,U,L,Q,QL
 0.00000000E+000, 6.50313979E+002, 4.52237849E-001, 1.89533640E+000, 3.50000000E+001, 8.57142857E-001, 3.00000000E+001
 1.50000000E+001, 6.49818061E+002, 4.64384057E-001, 1.84576289E+000, 3.50000000E+001, 8.57142857E-001, 3.00000000E+001
 3.00000000E+001, 6.49730075E+002, 4.77515845E-001, 1.79500401E+000, 3.50000000E+001, 8.57142857E-001, 3.00000000E+001
 4.50000000E+001, 6.49648648E+002, 4.91584659E-001, 1.74363223E+000, 3.50000000E+001, 8.57142857E-001, 3.00000000E+001
 6.00000000E+001, 6.49573254E+002, 5.06554155E-001, 1.69210508E+000, 3.50000000E+001, 8.57142857E-001, 3.00000000E+001
 7.50000000E+001, 6.49503345E+002, 5.22415027E-001, 1.64073163E+000, 3.50000000E+001, 8.57142857E-001, 3.00000000E+001
 9.00100000E+001, 6.49433308E+002, 5.56732264E-001, 1.53959616E+000, 3.50000000E+001, 8.57142857E-001, 3.00000000E+001
 1.05010000E+002, 6.49344604E+002, 6.35809406E-001, 1.34811289E+000, 3.50000000E+001, 8.57142857E-001, 3.00000000E+001
 1.20010000E+002, 6.49289612E+002, 6.72721017E-001, 1.27414312E+000, 3.50000000E+001, 8.57142857E-001, 3.00000000E+001
 1.35010000E+002, 6.49270766E+002, 6.58851105E-001, 1.30096596E+000, 3.50000000E+001, 8.57142857E-001, 3.00000000E+001
 1.49600000E+002, 6.49257627E+002, 6.31183508E-001, 1.35799311E+000, 3.50000000E+001, 8.57142857E-001, 3.00000000E+001
 1.64600000E+002, 6.49237025E+002, 6.03632763E-001, 1.41997405E+000, 3.50000000E+001, 8.57142857E-001, 3.00000000E+001
 1.79600000E+002, 6.49207455E+002, 5.79736045E-001, 1.47850537E+000, 3.50000000E+001, 8.57142857E-001, 3.00000000E+001
 1.94600000E+002, 6.49169243E+002, 5.59595188E-001, 1.53171949E+000, 3.50000000E+001, 8.57142857E-001, 3.00000000E+001
 2.09600000E+002, 6.49123197E+002, 5.42683808E-001, 1.57945169E+000, 3.50000000E+001, 8.57142857E-001, 3.00000000E+001
 2.24600000E+002, 6.49070141E+002, 5.28437563E-001, 1.62203242E+000, 3.50000000E+001, 8.57142857E-001, 3.00000000E+001
 2.39600000E+002, 6.49010821E+002, 5.16385346E-001, 1.65988997E+000, 3.50000000E+001, 8.57142857E-001, 3.00000000E+001
 2.54600000E+002, 6.48945904E+002, 5.06074647E-001, 1.69370835E+000, 3.50000000E+001, 8.57142857E-001, 3.00000000E+001
 2.69860000E+002, 6.48874687E+002, 4.97335245E-001, 1.72347097E+000, 3.50000000E+001, 8.57142857E-001, 3.00000000E+001
 2.84860000E+002, 6.48800304E+002, 4.89991097E-001, 1.74930292E+000, 3.50000000E+001, 8.57142857E-001, 3.00000000E+001
 2.99860000E+002, 6.48722050E+002, 4.83796699E-001, 1.77170051E+000, 3.50000000E+001, 8.57142857E-001, 3.00000000E+001
 3.14860000E+002, 6.48640434E+002, 4.78612200E-001, 1.79089220E+000, 3.50000000E+001, 8.57142857E-001, 3.00000000E+001
 3.29860000E+002, 6.48555947E+002, 4.74324170E-001, 1.80708240E+000, 3.50000000E+001, 8.57142857E-001, 3.00000000E+001
 3.44860000E+002, 6.48469058E+002, 4.70850355E-001, 1.82041459E+000, 3.50000000E+001, 8.57142857E-001, 3.00000000E+001
 3.59860000E+002, 6.48380229E+002, 4.68137337E-001, 1.83096453E+000, 3.50000000E+001, 8.57142857E-001, 3.00000000E+001
 3.74860000E+002, 6.48289923E+002, 4.66158211E-001, 1.83873809E+000, 3.50000000E+001, 8.57142857E-001, 3.00000000E+001
 3.89860000E+002, 6.48198612E+002, 4.64910143E-001, 1.84367425E+000, 3.50000000E+001, 8.57142857E-001, 3.00000000E+001
 4.04860000E+002, 6.48106781E+002, 4.64402290E-001, 1.84569042E+000, 3.50000000E+001, 8.57142857E-001, 3.00000000E+001
 4.20220000E+002, 6.48012736E+002, 4.64693250E-001, 1.84453477E+000, 3.50000000E+001, 8.57142857E-001, 3.00000000E+001
 4.35220000E+002, 6.47921389E+002, 4.65778300E-001, 1.84023785E+000, 3.50000000E+001, 8.57142857E-001, 3.00000000E+001
 4.50220000E+002, 6.47831032E+002, 4.67685418E-001, 1.83273377E+000, 3.50000000E+001, 8.57142857E-001, 3.00000000E+001
 4.65220000E+002, 6.47742134E+002, 4.70431679E-001, 1.82203473E+000, 3.50000000E+001, 8.57142857E-001, 3.00000000E+001
 4.80220000E+002, 6.47655124E+002, 4.74021063E-001, 1.80823791E+000, 3.50000000E+001, 8.57142857E-001, 3.00000000E+001
 4.95220000E+002, 6.47570371E+002, 4.78438612E-001, 1.79154198E+000, 3.50000000E+001, 8.57142857E-001, 3.00000000E+001
 5.10220000E+002, 6.47488179E+002, 4.83644816E-001, 1.77225689E+000, 3.50000000E+001, 8.57142857E-001, 3.00000000E+001
 5.25220000E+002, 6.47408768E+002, 4.89570081E-001, 1.75080727E+000, 3.50000000E+001, 8.57142857E-001, 3.00000000E+001
 5.40220000E+002, 6.47332279E+002, 4.96108616E-001, 1.72773226E+000, 3.50000000E+001, 8.57142857E-001, 3.00000000E+001
 5.55220000E+002, 6.47258773E+002, 5.03110878E-001, 1.70368580E+000, 3.50000000E+001, 8.57142857E-001, 3.00000000E+001
 5.70220000E+002, 6.47188249E+002, 5.09957623E-001, 1.68081193E+000, 3.50000000E+001, 8.57142857E-001, 3.00000000E+001
 5.83570000E+002, 6.47127579E+002, 5.16876193E-001, 1.65831367E+000, 3.50000000E+001, 8.57142857E-001, 3.00000000E+001
 5.98570000E+002, 6.47062417E+002, 5.23870994E-001, 1.63617163E+000, 3.50000000E+001, 8.57142857E-001, 3.00000000E+001
 6.13570000E+002, 6.46999868E+002, 5.30102069E-001, 1.61693928E+000, 3.50000000E+001, 8.57142857E-001, 3.00000000E+001
 6.28570000E+002, 6.46939690E+002, 5.34994163E-001, 1.60215366E+000, 3.50000000E+001, 8.57142857E-001, 3.00000000E+001
 6.43570000E+002, 6.46881535E+002, 5.37830056E-001, 1.59370576E+000, 3.50000000E+001, 8.57142857E-001, 3.00000000E+001
 6.58570000E+002, 6.46824859E+002, 5.37780916E-001, 1.59385138E+000, 3.50000000E+001, 8.57142857E-001, 3.00000000E+001
 6.73570000E+002, 6.46768726E+002, 5.34140292E-001, 1.60471485E+000, 3.50000000E+001, 8.57142857E-001, 3.00000000E+001
 6.88570000E+002, 6.46711611E+002, 5.26851687E-001, 1.62691490E+000, 3.50000000E+001, 8.57142857E-001, 3.00000000E+001
 7.03570000E+002, 6.46651563E+002, 5.16810273E-001, 1.65852519E+000, 3.50000000E+001, 8.57142857E-001, 3.00000000E+001
 7.18570000E+002, 6.46586767E+002, 5.05270928E-001, 1.69640248E+000, 3.50000000E+001, 8.57142857E-001, 3.00000000E+001
 7.33570000E+002, 6.46516298E+002, 4.95778236E-001, 1.72888359E+000, 3.50000000E+001, 8.57142857E-001, 3.00000000E+001
 7.41580000E+002, 6.46477418E+002, 4.86323072E-001, 1.76249680E+000, 3.50000000E+001, 8.57142857E-001, 3.00000000E+001
 7.56580000E+002, 6.46392445E+002, 4.88150564E-001, 1.82525423E+000, 3.36700760E+001, 8.90998880E-001, 3.00000000E+001
 7.71580000E+002, 6.46302642E+002, 4.93677734E-001, 1.87903841E+000, 3.23401520E+001, 9.27639425E-001, 3.00000000E+001
 7.86580000E+002, 6.46210030E+002, 5.03603445E-001, 1.92100112E+000, 3.10102270E+001, 9.67422780E-001, 3.00000000E+001
 8.01580000E+002, 6.46116577E+002, 5.17893034E-001, 1.95169907E+000, 2.96803030E+001, 1.01077135E+000, 3.00000000E+001
 8.16580000E+002, 6.46023762E+002, 5.36214778E-001, 1.97343855E+000, 2.83503790E+001, 1.05818691E+000, 3.00000000E+001
 8.31580000E+002, 6.45932493E+002, 5.58198790E-001, 1.98902255E+000, 2.70204550E+001, 1.11026998E+000, 3.00000000E+001
 8.46580000E+002, 6.45843199E+002, 5.83548291E-001, 2.00111197E+000, 2.56905300E+001, 1.16774547E+000, 3.00000000E+001
 8.61580000E+002, 6.45755949E+002, 6.12312115E-001, 2.01122341E+000, 2.43606060E+001, 1.23149646E+000, 3.00000000E+001
 8.77490000E+002, 6.45665618E+002, 6.45719357E-001, 2.02439269E+000, 2.29500000E+001, 1.30718954E+000, 3.00000000E+001
 8.92490000E+002, 6.45591428E+002, 6.54623517E-001, 1.99685699E+000, 2.29500000E+001, 1.30718954E+000, 3.00000000E+001
 9.07490000E+002, 6.45520045E+002, 6.63789484E-001, 1.96928329E+000, 2.29500000E+001, 1.30718954E+000, 3.00000000E+001
 9.22490000E+002, 6.45451401E+002, 6.72954578E-001, 1.94246326E+000, 2.29500000E+001, 1.30718954E+000, 3.00000000E+001
 9.37490000E+002, 6.45385382E+002, 6.81883217E-001, 1.91702847E+000, 2.29500000E+001, 1.30718954E+000, 3.00000000E+001
 9.52490000E+002, 6.45321849E+002, 6.90325120E-001, 1.89358536E+000, 2.29500000E+001, 1.30718954E+000, 3.00000000E+001
 9.67490000E+002, 6.45260620E+002, 6.98134126E-001, 1.87240459E+000, 2.29500000E+001, 1.30718954E+000, 3.00000000E+001
 9.83030000E+002, 6.45199623E+002, 7.04702740E-001, 1.85495170E+000, 2.29500000E+001, 1.30718954E+000, 3.00000000E+001
 9.98030000E+002, 6.45136800E+002, 7.21361808E-001, 1.85650784E+000, 2.24012020E+001, 1.33921385E+000, 3.00000000E+001
 1.01303000E+003, 6.45075367E+002, 7.36981503E-001, 1.86279664E+000, 2.18524040E+001, 1.37284667E+000, 3.00000000E+001
 1.02803000E+003, 6.45015148E+002, 7.51040151E-001, 1.87501600E+000, 2.13036060E+001, 1.40821230E+000, 3.00000000E+001
 1.04303000E+003, 6.44955886E+002, 7.62974340E-001, 1.89449124E+000, 2.07548080E+001, 1.44544821E+000, 3.00000000E+001
 1.05803000E+003, 6.44897056E+002, 7.72657321E-001, 1.92155919E+000, 2.02060100E+001, 1.48470678E+000, 3.00000000E+001
 1.07303000E+003, 6.44837823E+002, 7.80768043E-001, 1.95468736E+000, 1.96572120E+001, 1.52615742E+000, 3.00000000E+001
 1.08744000E+003, 6.44779966E+002, 7.87518404E-001, 1.99134071E+000, 1.91300000E+001, 1.56821746E+000, 3.00000000E+001
 1.10244000E+003, 6.44723440E+002, 7.82839095E-001, 2.01662200E+000, 1.90030910E+001, 1.57869054E+000, 3.00000000E+001
 1.11744000E+003, 6.44664788E+002, 7.78412556E-001, 2.04172509E+000, 1.88761820E+001, 1.58930445E+000, 3.00000000E+001
 1.13244000E+003, 6.44603933E+002, 7.74683829E-001, 2.06543880E+000, 1.87492730E+001, 1.60006204E+000, 3.00000000E+001
 1.14744000E+003, 6.44540993E+002, 7.71852277E-001, 2.08714334E+000, 1.86223630E+001, 1.61096634E+000, 3.00000000E+001
 1.16244000E+003, 6.44476210E+002, 7.69769482E-001, 2.10715057E+000, 1.84954540E+001, 1.62202020E+000, 3.00000000E+001
 1.17845000E+003, 6.44405151E+002, 7.68842304E-001, 2.12525627E+000, 1.83600000E+001, 1.63398693E+000, 3.00000000E+001
 1.19345000E+003, 6.44343372E+002, 7.52633128E-001, 2.11891327E+000, 1.88115570E+001, 1.59476432E+000, 3.00000000E+001
 1.20845000E+003, 6.44279949E+002, 7.37453178E-001, 2.11183647E+000, 1.92631150E+001, 1.55738052E+000, 3.00000000E+001
 1.22345000E+003, 6.44215039E+002, 7.23022871E-001, 2.10464893E+000, 1.97146720E+001, 1.52170931E+000, 3.00000000E+001
 1.23845000E+003, 6.44148707E+002, 7.09072681E-001, 2.09800146E+000, 2.01662300E+001, 1.48763552E+000, 3.00000000E+001
 1.25345000E+003, 6.44080921E+002, 6.95377230E-001, 2.09246759E+000, 2.06177870E+001, 1.45505432E+000, 3.00000000E+001
 1.26845000E+003, 6.44011561E+002, 6.81796409E-001, 2.08840888E+000, 2.10693440E+001, 1.42386968E+000, 3.00000000E+001
 1.28345000E+003, 6.43940448E+002, 6.68316906E-001, 2.08582725E+000, 2.15209020E+001, 1.39399362E+000, 3.00000000E+001
 1.29845000E+003, 6.43867404E+002, 6.55075308E-001, 2.08425745E+000, 2.19724590E+001, 1.36534559E+000, 3.00000000E+001
 1.31345000E+003, 6.43792333E+002, 6.42342196E-001, 2.08277036E+000, 2.24240170E+001, 1.33785129E+000, 3.00000000E+001
 1.32845000E+003, 6.43715335E+002, 6.30704187E-001, 2.07933058E+000, 2.28755740E+001, 1.31144250E+000, 3.00000000E+001
 1.34122000E+003, 6.43648542E+002, 6.21228747E-001, 2.07615608E+000, 2.32600000E+001, 1.28976784E+000, 3.00000000E+001
 1.35622000E+003, 6.43566429E+002, 6.20233335E-001, 2.08263866E+000, 2.32248130E+001, 1.29172192E+000, 3.00000000E+001
 1.37122000E+003, 6.43483816E+002, 6.20532733E-001, 2.08479249E+000, 2.31896250E+001, 1.29368198E+000, 3.00000000E+001
 1.38622000E+003, 6.43401276E+002, 6.22245744E-001, 2.08221263E+000, 2.31544380E+001, 1.29564794E+000, 3.00000000E+001
 1.40122000E+003, 6.43319382E+002, 6.25413157E-001, 2.07482027E+000, 2.31192510E+001, 1.29761989E+000, 3.00000000E+001
 1.41622000E+003, 6.43238665E+002, 6.30014411E-001, 2.06280655E+000, 2.30840640E+001, 1.29959785E+000, 3.00000000E+001
 1.43122000E+003, 6.43159579E+002, 6.35983143E-001, 2.04656668E+000, 2.30488760E+001, 1.30158191E+000, 3.00000000E+001
 1.44622000E+003, 6.43082489E+002, 6.43218750E-001, 2.02663864E+000, 2.30136890E+001, 1.30357197E+000, 3.00000000E+001
 1.46122000E+003, 6.43007690E+002, 6.50845394E-001, 2.00595740E+000, 2.29785020E+001, 1.30556813E+000, 3.00000000E+001
 1.47337000E+003, 6.42948348E+002, 6.59177604E-001, 1.98306122E+000, 2.29500000E+001, 1.30718954E+000, 3.00000000E+001
 1.48837000E+003, 6.42879920E+002, 6.64680624E-001, 1.94895109E+000, 2.31583330E+001, 1.29543003E+000, 3.00000000E+001
 1.50337000E+003, 6.42814198E+002, 6.70840682E-001, 1.91383765E+000, 2.33666670E+001, 1.28388015E+000, 3.00000000E+001
 1.51837000E+003, 6.42751212E+002, 6.77392625E-001, 1.87857738E+000, 2.35750000E+001, 1.27253446E+000, 3.00000000E+001
 1.53337000E+003, 6.42690946E+002, 6.84037988E-001, 1.84403142E+000, 2.37833330E+001, 1.26138754E+000, 3.00000000E+001
 1.54837000E+003, 6.42633308E+002, 6.90600582E-001, 1.81064742E+000, 2.39916670E+001, 1.25043416E+000, 3.00000000E+001
 1.56337000E+003, 6.42578256E+002, 6.96688859E-001, 1.77937311E+000, 2.42000000E+001, 1.23966942E+000, 3.00000000E+001
 1.57837000E+003, 6.42526343E+002, 6.99984626E-001, 1.75587920E+000, 2.44083330E+001, 1.22908844E+000, 3.00000000E+001
 1.59337000E+003, 6.42477881E+002, 6.97627972E-001, 1.74690030E+000, 2.46166670E+001, 1.21868651E+000, 3.00000000E+001
 1.60837000E+003, 6.42431351E+002, 6.90025962E-001, 1.75132427E+000, 2.48250000E+001, 1.20845921E+000, 3.00000000E+001
 1.62241000E+003, 6.42387773E+002, 6.79873186E-001, 1.76362415E+000, 2.50200000E+001, 1.19904077E+000, 3.00000000E+001
 1.63741000E+003, 6.42346280E+002, 6.54836836E-001, 1.75909302E+000, 2.60435000E+001, 1.15191890E+000, 3.00000000E+001
 1.65241000E+003, 6.42301206E+002, 6.32505898E-001, 1.75233258E+000, 2.70670010E+001, 1.10836069E+000, 3.00000000E+001
 1.66741000E+003, 6.42252949E+002, 6.13473897E-001, 1.74086735E+000, 2.80905010E+001, 1.06797668E+000, 3.00000000E+001
 1.68241000E+003, 6.42202319E+002, 5.97793860E-001, 1.72372473E+000, 2.91140010E+001, 1.03043206E+000, 3.00000000E+001
 1.69741000E+003, 6.42150210E+002, 5.85545586E-001, 1.70001710E+000, 3.01375020E+001, 9.95437512E-001, 3.00000000E+001
 1.71943000E+003, 6.42073614E+002, 5.71647443E-001, 1.65865673E+000, 3.16400000E+001, 9.48166877E-001, 3.00000000E+001
 1.73443000E+003, 6.42017235E+002, 5.73753388E-001, 1.63763012E+000, 3.19286220E+001, 9.39595827E-001, 3.00000000E+001
 1.74943000E+003, 6.41962136E+002, 5.77305048E-001, 1.61297454E+000, 3.22172440E+001, 9.31178347E-001, 3.00000000E+001
 1.76443000E+003, 6.41908645E+002, 5.82068417E-001, 1.58557022E+000, 3.25058660E+001, 9.22910345E-001, 3.00000000E+001
 1.77943000E+003, 6.41856875E+002, 5.88152999E-001, 1.55535699E+000, 3.27944880E+001, 9.14787875E-001, 3.00000000E+001
 1.79443000E+003, 6.41806602E+002, 5.96470211E-001, 1.52028905E+000, 3.30831100E+001, 9.06807129E-001, 3.00000000E+001
 1.80943000E+003, 6.41758688E+002, 6.05335958E-001, 1.48506696E+000, 3.33717320E+001, 8.98964429E-001, 3.00000000E+001
 1.82443000E+003, 6.41715822E+002, 6.08364121E-001, 1.46500458E+000, 3.36603540E+001, 8.91256224E-001, 3.00000000E+001
 1.83943000E+003, 6.41678154E+002, 6.02191970E-001, 1.46743751E+000, 3.39489760E+001, 8.83679084E-001, 3.00000000E+001
 1.85443000E+003, 6.41642264E+002, 5.89184992E-001, 1.48718943E+000, 3.42375980E+001, 8.76229693E-001, 3.00000000E+001
 1.86943000E+003, 6.41604494E+002, 5.73064934E-001, 1.51624153E+000, 3.45262200E+001, 8.68904850E-001, 3.00000000E+001
 1.88443000E+003, 6.41562568E+002, 5.56510409E-001, 1.54840132E+000, 3.48148420E+001, 8.61701455E-001, 3.00000000E+001
 1.89925000E+003, 6.41516191E+002, 5.40871614E-001, 1.58022871E+000, 3.51000000E+001, 8.54700855E-001, 3.00000000E+001
 1.91425000E+003, 6.41469709E+002, 5.14078077E-001, 1.59136424E+000, 3.66709850E+001, 8.18085470E-001, 3.00000000E+001
 1.92925000E+003, 6.41416629E+002, 4.90521830E-001, 1.59927315E+000, 3.82419710E+001, 7.84478394E-001, 3.00000000E+001
 1.94425000E+003, 6.41357695E+002, 4.70141564E-001, 1.60275885E+000, 3.98129560E+001, 7.53523551E-001, 3.00000000E+001
 1.95925000E+003, 6.41293889E+002, 4.52761535E-001, 1.60110526E+000, 4.13839410E+001, 7.24918876E-001, 3.00000000E+001
 1.97425000E+003, 6.41226331E+002, 4.38158179E-001, 1.59395977E+000, 4.29549260E+001, 6.98406511E-001, 3.00000000E+001
 1.98925000E+003, 6.41156197E+002, 4.26094887E-001, 1.58125571E+000, 4.45259120E+001, 6.73764975E-001, 3.00000000E+001
 2.00425000E+003, 6.41084649E+002, 4.16337777E-001, 1.56316112E+000, 4.60968970E+001, 6.50803025E-001, 3.00000000E+001
 2.01925000E+003, 6.41012783E+002, 4.08660417E-001, 1.54004292E+000, 4.76678820E+001, 6.29354583E-001, 3.00000000E+001
 2.03425000E+003, 6.40941576E+002, 4.02842398E-001, 1.51243957E+000, 4.92388670E+001, 6.09274783E-001, 3.00000000E+001
 2.04925000E+003, 6.40871855E+002, 3.98664248E-001, 1.48103740E+000, 5.08098530E+001, 5.90436662E-001, 3.00000000E+001
 2.06425000E+003, 6.40804284E+002, 3.95980873E-001, 1.44635401E+000, 5.23808380E+001, 5.72728523E-001, 3.00000000E+001
 2.07971000E+003, 6.40737462E+002, 3.94257924E-001, 1.40911703E+000, 5.40000000E+001, 5.55555556E-001, 3.00000000E+001
 2.09471000E+003, 6.40682280E+002, 3.79447161E-001, 1.34490789E+000, 5.87864730E+001, 5.10321482E-001, 3.00000000E+001
 2.10971000E+003, 6.40629128E+002, 3.67454339E-001, 1.28423804E+000, 6.35729470E+001, 4.71898841E-001, 3.00000000E+001
 2.12471000E+003, 6.40578347E+002, 3.57365789E-001, 1.22803264E+000, 6.83594200E+001, 4.38856854E-001, 3.00000000E+001
 2.13971000E+003, 6.40530012E+002, 3.48292966E-001, 1.17756964E+000, 7.31458940E+001, 4.10139221E-001, 3.00000000E+001
 2.15471000E+003, 6.40483936E+002, 3.39370575E-001, 1.13430332E+000, 7.79323670E+001, 3.84949170E-001, 3.00000000E+001
 2.16971000E+003, 6.40439638E+002, 3.29858358E-001, 1.09948503E+000, 8.27188410E+001, 3.62674327E-001, 3.00000000E+001
 2.18471000E+003, 6.40396300E+002, 3.19329549E-001, 1.07361290E+000, 8.75053140E+001, 3.42836322E-001, 3.00000000E+001
 2.19971000E+003, 6.40352810E+002, 3.07811481E-001, 1.05602302E+000, 9.22917870E+001, 3.25056010E-001, 3.00000000E+001
 2.21471000E+003, 6.40307957E+002, 2.95408748E-001, 1.04610653E+000, 9.70782610E+001, 3.09029021E-001, 3.00000000E+001
 2.23496000E+003, 6.40242689E+002, 2.79563708E-001, 1.03641169E+000, 1.03540000E+002, 2.89743094E-001, 3.00000000E+001
 2.24996000E+003, 6.40193606E+002, 2.63099905E-001, 1.02538444E+000, 1.11202318E+002, 2.69778549E-001, 3.00000000E+001
 2.26496000E+003, 6.40139628E+002, 2.48044782E-001, 1.01750955E+000, 1.18864636E+002, 2.52387935E-001, 3.00000000E+001
 2.27996000E+003, 6.40080805E+002, 2.35067450E-001, 1.00866211E+000, 1.26526954E+002, 2.37103629E-001, 3.00000000E+001
 2.29496000E+003, 6.40018362E+002, 2.24865082E-001, 9.94217576E-001, 1.34189272E+002, 2.23564817E-001, 3.00000000E+001
 2.30996000E+003, 6.39954472E+002, 2.17601455E-001, 9.71908213E-001, 1.41851590E+002, 2.11488641E-001, 3.00000000E+001
 2.32496000E+003, 6.39891215E+002, 2.12478530E-001, 9.44331786E-001, 1.49513908E+002, 2.00650230E-001, 3.00000000E+001
 2.33384000E+003, 6.39854317E+002, 2.11705030E-001, 9.19874068E-001, 1.54050000E+002, 1.94741967E-001, 3.00000000E+001
 2.34884000E+003, 6.39797691E+002, 2.11056467E-001, 8.72853748E-001, 1.62847505E+002, 1.84221428E-001, 3.00000000E+001
 2.36384000E+003, 6.39719786E+002, 2.78102873E-001, 6.30957572E-001, 1.70968312E+002, 1.75471113E-001, 3.00000000E+001
 2.37884000E+003, 6.39480813E+002, 5.19673331E-001, 3.23837646E-001, 1.78263936E+002, 1.68289788E-001, 3.00000000E+001
 2.39384000E+003, 6.39314274E+002, 6.86722586E-001, 2.36478791E-001, 1.84734380E+002, 1.62395327E-001, 3.00000000E+001
 2.40884000E+003, 6.39171010E+002, 8.30183091E-001, 1.89813399E-001, 1.90379641E+002, 1.57579875E-001, 3.00000000E+001
 2.42384000E+003, 6.39030092E+002, 9.71225440E-001, 1.58242091E-001, 1.95199721E+002, 1.53688744E-001, 3.00000000E+001
 2.43338000E+003, 6.38962138E+002, 1.03919820E+000, 1.45920920E-001, 1.97835994E+002, 1.51640758E-001, 3.00000000E+001
 2.44838000E+003, 6.38952699E+002, 1.04846827E+000, 1.45342530E-001, 1.96867147E+002, 1.52387031E-001, 3.00000000E+001
 2.46338000E+003, 6.38954752E+002, 1.04621616E+000, 1.47353716E-001, 1.94598164E+002, 1.54163839E-001, 3.00000000E+001
 2.47838000E+003, 6.38962110E+002, 1.03863450E+000, 1.51202548E-001, 1.91029044E+002, 1.57044182E-001, 3.00000000E+001
 2.49338000E+003, 6.38969477E+002, 1.03102591E+000, 1.56302457E-001, 1.86159787E+002, 1.61151882E-001, 3.00000000E+001
 2.50838000E+003, 6.38976766E+002, 1.02345869E+000, 1.66965813E-001, 1.75559114E+002, 1.70882612E-001, 3.00000000E+001
 2.52338000E+003, 6.38976506E+002, 1.02341232E+000, 1.81879557E-001, 1.61170936E+002, 1.86137779E-001, 3.00000000E+001
 2.53488000E+003, 6.38956124E+002, 1.04361314E+000, 1.91463195E-001, 1.50140000E+002, 1.99813507E-001, 3.00000000E+001
 2.54988000E+003, 6.38895994E+002, 1.10363590E+000, 1.93692934E-001, 1.40340060E+002, 2.13766476E-001, 3.00000000E+001
 2.56488000E+003, 6.38802089E+002, 1.19755771E+000, 1.91902572E-001, 1.30540120E+002, 2.29814405E-001, 3.00000000E+001
 2.57988000E+003, 6.38707966E+002, 1.29170204E+000, 1.92356599E-001, 1.20740180E+002, 2.48467412E-001, 3.00000000E+001
 2.59488000E+003, 6.38613848E+002, 1.38584499E+000, 1.95127062E-001, 1.10940238E+002, 2.70415861E-001, 3.00000000E+001
 2.60988000E+003, 6.38519727E+002, 1.47999485E+000, 2.00418045E-001, 1.01140298E+002, 2.96617675E-001, 3.00000000E+001
 2.62488000E+003, 6.38425581E+002, 1.57417262E+000, 2.08644140E-001, 9.13403580E+001, 3.28441892E-001, 3.00000000E+001
 2.63535000E+003, 6.38360572E+002, 1.63920424E+000, 2.16586547E-001, 8.45000000E+001, 3.55029586E-001, 3.00000000E+001
 2.65035000E+003, 6.38269970E+002, 1.72983099E+000, 2.02076308E-001, 8.58227020E+001, 3.49557859E-001, 3.00000000E+001
 2.66535000E+003, 6.38179037E+002, 1.82078687E+000, 1.89067836E-001, 8.71454040E+001, 3.44252234E-001, 3.00000000E+001
 2.68035000E+003, 6.38088267E+002, 1.91157715E+000, 1.77395539E-001, 8.84681060E+001, 3.39105259E-001, 3.00000000E+001
 2.69535000E+003, 6.37997519E+002, 2.00234400E+000, 1.66859406E-001, 8.97908060E+001, 3.34109931E-001, 3.00000000E+001
 2.71035000E+003, 6.37906753E+002, 2.09312778E+000, 1.57305079E-001, 9.11135080E+001, 3.29259631E-001, 3.00000000E+001
 2.73129000E+003, 6.37788817E+002, 2.21107716E+000, 1.45955761E-001, 9.29600000E+001, 3.22719449E-001, 3.00000000E+001
 2.74629000E+003, 6.37712761E+002, 2.28713399E+000, 1.40142009E-001, 9.35968660E+001, 3.20523553E-001, 3.00000000E+001
 2.76129000E+003, 6.37645407E+002, 2.35448292E+000, 1.35213274E-001, 9.42337300E+001, 3.18357344E-001, 3.00000000E+001
 2.77629000E+003, 6.37578066E+002, 2.42182024E+000, 1.30571298E-001, 9.48705960E+001, 3.16220212E-001, 3.00000000E+001
 2.79129000E+003, 6.37510726E+002, 2.48915692E+000, 1.26191959E-001, 9.55074600E+001, 3.14111589E-001, 3.00000000E+001
 2.80629000E+003, 6.37443387E+002, 2.55649306E+000, 1.22054270E-001, 9.61443260E+001, 3.12030894E-001, 3.00000000E+001
 2.82129000E+003, 6.37376046E+002, 2.62383161E+000, 1.18139282E-001, 9.67811920E+001, 3.09977583E-001, 3.00000000E+001
 2.83822000E+003, 6.37281680E+002, 2.71820401E+000, 1.13196915E-001, 9.75000000E+001, 3.07692308E-001, 3.00000000E+001
 2.85322000E+003, 6.37167742E+002, 2.83216104E+000, 1.09510072E-001, 9.67273400E+001, 3.10150160E-001, 3.00000000E+001
 2.86822000E+003, 6.37038536E+002, 2.96138982E+000, 1.05574617E-001, 9.59546800E+001, 3.12647596E-001, 3.00000000E+001
 2.88322000E+003, 6.36907771E+002, 3.09217702E+000, 1.01929992E-001, 9.51820200E+001, 3.15185578E-001, 3.00000000E+001
 2.89822000E+003, 6.36777005E+002, 3.22296168E+000, 9.85941280E-002, 9.44093620E+001, 3.17765096E-001, 3.00000000E+001
 2.91322000E+003, 6.36646241E+002, 3.35374366E+000, 9.55312105E-002, 9.36367020E+001, 3.20387192E-001, 3.00000000E+001
 2.92822000E+003, 6.36526682E+002, 3.47331583E+000, 9.30099468E-002, 9.28640420E+001, 3.23052921E-001, 3.00000000E+001
 2.93917000E+003, 6.36449501E+002, 3.55050423E+000, 9.15439230E-002, 9.23000000E+001, 3.25027086E-001, 3.00000000E+001
 2.95417000E+003, 6.36409562E+002, 3.59043648E+000, 9.29667838E-002, 8.98765100E+001, 3.33791332E-001, 3.00000000E+001
 2.96917000E+003, 6.36399122E+002, 3.60086232E+000, 9.52664378E-002, 8.74530200E+001, 3.43041327E-001, 3.00000000E+001
 2.98417000E+003, 6.36388687E+002, 3.61128180E+000, 9.76989928E-002, 8.50295320E+001, 3.52818595E-001, 3.00000000E+001
 2.99917000E+003, 6.36378252E+002, 3.62170066E+000, 1.00275974E-001, 8.26060420E+001, 3.63169561E-001, 3.00000000E+001
 3.01417000E+003, 6.36367817E+002, 3.63211886E+000, 1.03010460E-001, 8.01825520E+001, 3.74146236E-001, 3.00000000E+001
 3.02917000E+003, 6.36357378E+002, 3.64253949E+000, 1.05917073E-001, 7.77590620E+001, 3.85807123E-001, 3.00000000E+001
 3.03981000E+003, 6.36331133E+002, 3.66877805E+000, 1.07536948E-001, 7.60400000E+001, 3.94529195E-001, 3.00000000E+001
 3.05481000E+003, 6.36279091E+002, 3.72081540E+000, 1.04076175E-001, 7.74696880E+001, 3.87248236E-001, 3.00000000E+001
 3.06981000E+003, 6.36209402E+002, 3.79050579E+000, 1.00311453E-001, 7.88993760E+001, 3.80231144E-001, 3.00000000E+001
 3.08481000E+003, 6.36139087E+002, 3.86082093E+000, 9.67317177E-002, 8.03290620E+001, 3.73463841E-001, 3.00000000E+001
 3.09981000E+003, 6.36068774E+002, 3.93113577E+000, 9.33402519E-002, 8.17587500E+001, 3.66933203E-001, 3.00000000E+001
 3.11481000E+003, 6.35998460E+002, 4.00145020E+000, 9.01240851E-002, 8.31884380E+001, 3.60627038E-001, 3.00000000E+001
 3.12981000E+003, 6.35923722E+002, 4.07619060E+000, 8.69767886E-002, 8.46181260E+001, 3.54533968E-001, 3.00000000E+001
 3.14221000E+003, 6.35858355E+002, 4.14155966E+000, 8.44248009E-002, 8.58000000E+001, 3.49650350E-001, 3.00000000E+001
 3.15721000E+003, 6.35715372E+002, 4.28455464E+000, 8.22124655E-002, 8.51682840E+001, 3.52243800E-001, 3.00000000E+001
 3.17221000E+003, 6.35560716E+002, 4.43922371E+000, 7.99410081E-002, 8.45365660E+001, 3.54876019E-001, 3.00000000E+001
 3.18721000E+003, 6.35406059E+002, 4.59389296E+000, 7.78311267E-002, 8.39048500E+001, 3.57547865E-001, 3.00000000E+001
 3.20221000E+003, 6.35251403E+002, 4.74856100E+000, 7.58672485E-002, 8.32731320E+001, 3.60260258E-001, 3.00000000E+001
 3.21721000E+003, 6.35096746E+002, 4.90322799E+000, 7.40357392E-002, 8.26414160E+001, 3.63014109E-001, 3.00000000E+001
 3.23221000E+003, 6.34942090E+002, 5.05789406E+000, 7.23246454E-002, 8.20096980E+001, 3.65810395E-001, 3.00000000E+001
 3.24721000E+003, 6.34787436E+002, 5.21255744E+000, 7.07234576E-002, 8.13779820E+001, 3.68650085E-001, 3.00000000E+001
 3.25666000E+003, 6.34693348E+002, 5.30664972E+000, 6.98108716E-002, 8.09800000E+001, 3.70461842E-001, 3.00000000E+001
 3.27166000E+003, 6.34619032E+002, 5.38096770E+000, 7.02176385E-002, 7.93989300E+001, 3.77838845E-001, 3.00000000E+001
 3.28666000E+003, 6.34546005E+002, 5.45399540E+000, 7.06849887E-002, 7.78178620E+001, 3.85515603E-001, 3.00000000E+001
 3.30166000E+003, 6.34474009E+002, 5.52599236E+000, 7.12108815E-002, 7.62367920E+001, 3.93510787E-001, 3.00000000E+001
 3.31666000E+003, 6.34402013E+002, 5.59798926E+000, 7.17837420E-002, 7.46557220E+001, 4.01844617E-001, 3.00000000E+001
 3.33166000E+003, 6.34330017E+002, 5.66998617E+000, 7.24056571E-002, 7.30746520E+001, 4.10539074E-001, 3.00000000E+001
 3.34666000E+003, 6.34259989E+002, 5.74001446E+000, 7.31040098E-002, 7.14935840E+001, 4.19618074E-001, 3.00000000E+001
 3.36083000E+003, 6.34211633E+002, 5.78836938E+000, 7.40400967E-002, 7.00000000E+001, 4.28571429E-001, 3.00000000E+001
 3.37583000E+003, 6.34187153E+002, 5.81284571E+000, 7.60302226E-002, 6.78806820E+001, 4.41951953E-001, 3.00000000E+001
 3.39083000E+003, 6.34184310E+002, 5.81568266E+000, 7.84421956E-002, 6.57613640E+001, 4.56194917E-001, 3.00000000E+001
 3.40583000E+003, 6.34181467E+002, 5.81851792E+000, 8.10148711E-002, 6.36420460E+001, 4.71386479E-001, 3.00000000E+001
 3.42083000E+003, 6.34178625E+002, 5.82135285E+000, 8.37648367E-002, 6.15227280E+001, 4.87624671E-001, 3.00000000E+001
 3.43583000E+003, 6.34175782E+002, 5.82418745E+000, 8.67110679E-002, 5.94034100E+001, 5.05021513E-001, 3.00000000E+001
 3.45083000E+003, 6.34172939E+002, 5.82702139E+000, 8.98753561E-002, 5.72840900E+001, 5.23705622E-001, 3.00000000E+001
 3.46643000E+003, 6.34139451E+002, 5.86050420E+000, 9.29377901E-002, 5.50800000E+001, 5.44662309E-001, 3.00000000E+001
 3.48143000E+003, 6.34083591E+002, 5.91636323E+000, 8.73260132E-002, 5.80661180E+001, 5.16652413E-001, 3.00000000E+001
 3.49643000E+003, 6.33997177E+002, 6.00277941E+000, 8.18591623E-002, 6.10522360E+001, 4.91382494E-001, 3.00000000E+001
 3.51143000E+003, 6.33910762E+002, 6.08919731E+000, 7.69344844E-002, 6.40383540E+001, 4.68469255E-001, 3.00000000E+001
 3.52643000E+003, 6.33824347E+002, 6.17561378E+000, 7.24782566E-002, 6.70244700E+001, 4.47597721E-001, 3.00000000E+001
 3.54143000E+003, 6.33737934E+002, 6.26202917E+000, 6.84293545E-002, 7.00105880E+001, 4.28506614E-001, 3.00000000E+001
 3.55643000E+003, 6.33651520E+002, 6.34844403E+000, 6.47367208E-002, 7.29967060E+001, 4.10977449E-001, 3.00000000E+001
 3.57232000E+003, 6.33564223E+002, 6.43574273E+000, 6.12062320E-002, 7.61600000E+001, 3.93907563E-001, 3.00000000E+001
 3.58732000E+003, 6.33493466E+002, 6.50650053E+000, 6.03925627E-002, 7.63467100E+001, 3.92944241E-001, 3.00000000E+001
 3.60232000E+003, 6.33425446E+002, 6.57452059E+000, 5.96219303E-002, 7.65334220E+001, 3.91985609E-001, 3.00000000E+001
 3.61732000E+003, 6.33358179E+002, 6.64178843E+000, 5.88744518E-002, 7.67201320E+001, 3.91031653E-001, 3.00000000E+001
 3.63232000E+003, 6.33290911E+002, 6.70905623E+000, 5.81426530E-002, 7.69068420E+001, 3.90082328E-001, 3.00000000E+001
 3.64732000E+003, 6.33223644E+002, 6.77632403E+000, 5.74260618E-002, 7.70935520E+001, 3.89137603E-001, 3.00000000E+001
 3.66232000E+003, 6.33156376E+002, 6.84359204E+000, 5.67242216E-002, 7.72802640E+001, 3.88197432E-001, 3.00000000E+001
 3.68158000E+003, 6.33073600E+002, 6.92636836E+000, 5.58729891E-002, 7.75200000E+001, 3.86996904E-001, 3.00000000E+001
 3.69658000E+003, 6.33036051E+002, 6.96391674E+000, 5.01906224E-002, 8.58311840E+001, 3.49523315E-001, 3.00000000E+001
 3.71158000E+003, 6.33000161E+002, 6.99980555E+000, 4.55250216E-002, 9.41423680E+001, 3.18666299E-001, 3.00000000E+001
 3.72658000E+003, 6.32965236E+002, 7.03473014E+000, 4.16242848E-002, 1.02453554E+002, 2.92815611E-001, 3.00000000E+001
 3.74158000E+003, 6.32930312E+002, 7.06965417E+000, 3.83108300E-002, 1.10764738E+002, 2.70844319E-001, 3.00000000E+001
 3.75658000E+003, 6.32895388E+002, 7.10457786E+000, 3.54616569E-002, 1.19075922E+002, 2.51940103E-001, 3.00000000E+001
 3.77158000E+003, 6.32860445E+002, 7.13952021E+000, 3.29857798E-002, 1.27387106E+002, 2.35502642E-001, 3.00000000E+001
 3.78467000E+003, 6.32829873E+002, 7.17009209E+000, 3.10758072E-002, 1.34640000E+002, 2.22816399E-001, 3.00000000E+001
 3.79967000E+003, 6.32794695E+002, 7.20527021E+000, 3.09240865E-002, 1.34640000E+002, 2.22816399E-001, 3.00000000E+001
 3.81467000E+003, 6.32759403E+002, 7.24056119E+000, 3.07733604E-002, 1.34640000E+002, 2.22816399E-001, 3.00000000E+001
 3.82967000E+003, 6.32724112E+002, 7.27585217E+000, 3.06240965E-002, 1.34640000E+002, 2.22816399E-001, 3.00000000E+001
 3.84467000E+003, 6.32688821E+002, 7.31114316E+000, 3.04762736E-002, 1.34640000E+002, 2.22816399E-001, 3.00000000E+001
 3.85967000E+003, 6.32653530E+002, 7.34643416E+000, 3.03298709E-002, 1.34640000E+002, 2.22816399E-001, 3.00000000E+001
 3.87467000E+003, 6.32618238E+002, 7.38172517E+000, 3.01848679E-002, 1.34640000E+002, 2.22816399E-001, 3.00000000E+001
 3.89518000E+003, 6.32540046E+002, 7.45991806E+000, 2.98684781E-002, 1.34640000E+002, 2.22816399E-001, 3.00000000E+001
 3.91018000E+003, 6.32445104E+002, 7.55485978E+000, 3.18450560E-002, 1.24696088E+002, 2.40584933E-001, 3.00000000E+001
 3.92518000E+003, 6.32320268E+002, 7.67969700E+000, 3.40420919E-002, 1.14752176E+002, 2.61432951E-001, 3.00000000E+001
 3.94018000E+003, 6.32195431E+002, 7.80453501E+000, 3.66757239E-002, 1.04808264E+002, 2.86236971E-001, 3.00000000E+001
 3.95045000E+003, 6.31997635E+002, 8.00233447E+000, 3.82541432E-002, 9.80000000E+001, 3.06122449E-001, 3.00000000E+001
 3.96545000E+003, 6.31323200E+002, 8.67678016E+000, 3.90186984E-002, 8.86114580E+001, 3.38556668E-001, 3.00000000E+001
 3.98045000E+003, 6.30586014E+002, 9.41397841E+000, 4.02251083E-002, 7.92229180E+001, 3.78678301E-001, 3.00000000E+001
 3.99199000E+003, 6.30000034E+002, 9.99996812E+000, 4.16667995E-002, 7.20000000E+001, 4.16666667E-001, 3.00000000E+001
 4.00000000E+003, 6.30000000E+002, 1.00000014E+001, 4.16666608E-002, 7.20000000E+001, 4.16666667E-001, 3.00000000E+001
 4.01000000E+003, 6.30000000E+002, 1.00000007E+001, 4.16666638E-002, 7.20000000E+001, 4.16666667E-001, 3.00000000E+001
