 2.16000000E+004,271
X,ZB,H,U,L,Q,QL
 0.00000000E+000, 6.49824617E+002, 5.04495250E-001, 1.69901076E+000, 3.50000000E+001, 8.57142857E-001, 3.00000000E+001
 1.50000000E+001, 6.49754218E+002, 5.06643732E-001, 1.69180590E+000, 3.50000000E+001, 8.57142857E-001, 3.00000000E+001
 3.00000000E+001, 6.49684415E+002, 5.10467770E-001, 1.67913218E+000, 3.50000000E+001, 8.57142857E-001, 3.00000000E+001
 4.50000000E+001, 6.49615601E+002, 5.16915519E-001, 1.65818751E+000, 3.50000000E+001, 8.57142857E-001, 3.00000000E+001
 6.00000000E+001, 6.49548437E+002, 5.26490699E-001, 1.62803039E+000, 3.50000000E+001, 8.57142857E-001, 3.00000000E+001
 7.50000000E+001, 6.49483239E+002, 5.40284670E-001, 1.58646525E+000, 3.50000000E+001, 8.57142857E-001, 3.00000000E+001
 9.00100000E+001, 6.49413332E+002, 5.75124253E-001, 1.49036117E+000, 3.50000000E+001, 8.57142857E-001, 3.00000000E+001
 1.05010000E+002, 6.49332541E+002, 6.40275081E-001, 1.33871032E+000, 3.50000000E+001, 8.57142857E-001, 3.00000000E+001
 1.20010000E+002, 6.49283874E+002, 6.65969587E-001, 1.28706006E+000, 3.50000000E+001, 8.57142857E-001, 3.00000000E+001
 1.35010000E+002, 6.49266397E+002, 6.50082471E-001, 1.31851403E+000, 3.50000000E+001, 8.57142857E-001, 3.00000000E+001
 1.49600000E+002, 6.49254068E+002, 6.22869750E-001, 1.37611894E+000, 3.50000000E+001, 8.57142857E-001, 3.00000000E+001
 1.64600000E+002, 6.49234516E+002, 5.96035984E-001, 1.43807233E+000, 3.50000000E+001, 8.57142857E-001, 3.00000000E+001
 1.79600000E+002, 6.49205948E+002, 5.72838618E-001, 1.49630774E+000, 3.50000000E+001, 8.57142857E-001, 3.00000000E+001
 1.94600000E+002, 6.49168557E+002, 5.53397576E-001, 1.54887353E+000, 3.50000000E+001, 8.57142857E-001, 3.00000000E+001
 2.09600000E+002, 6.49123145E+002, 5.37200590E-001, 1.59557319E+000, 3.50000000E+001, 8.57142857E-001, 3.00000000E+001
 2.24600000E+002, 6.49070590E+002, 5.23669782E-001, 1.63680030E+000, 3.50000000E+001, 8.57142857E-001, 3.00000000E+001
 2.39600000E+002, 6.49011700E+002, 5.12307302E-001, 1.67310295E+000, 3.50000000E+001, 8.57142857E-001, 3.00000000E+001
 2.54600000E+002, 6.48947207E+002, 5.02640911E-001, 1.70527874E+000, 3.50000000E+001, 8.57142857E-001, 3.00000000E+001
 2.69860000E+002, 6.48876421E+002, 4.94481121E-001, 1.73341877E+000, 3.50000000E+001, 8.57142857E-001, 3.00000000E+001
 2.84860000E+002, 6.48802449E+002, 4.87643394E-001, 1.75772474E+000, 3.50000000E+001, 8.57142857E-001, 3.00000000E+001
 2.99860000E+002, 6.48724607E+002, 4.81889518E-001, 1.77871239E+000, 3.50000000E+001, 8.57142857E-001, 3.00000000E+001
 3.14860000E+002, 6.48643397E+002, 4.77095331E-001, 1.79658614E+000, 3.50000000E+001, 8.57142857E-001, 3.00000000E+001
 3.29860000E+002, 6.48559301E+002, 4.73167706E-001, 1.81149907E+000, 3.50000000E+001, 8.57142857E-001, 3.00000000E+001
 3.44860000E+002, 6.48472791E+002, 4.70037848E-001, 1.82356136E+000, 3.50000000E+001, 8.57142857E-001, 3.00000000E+001
 3.59860000E+002, 6.48384329E+002, 4.67657470E-001, 1.83284329E+000, 3.50000000E+001, 8.57142857E-001, 3.00000000E+001
 3.74860000E+002, 6.48294375E+002, 4.65996626E-001, 1.83937567E+000, 3.50000000E+001, 8.57142857E-001, 3.00000000E+001
 3.89860000E+002, 6.48203388E+002, 4.65042038E-001, 1.84315134E+000, 3.50000000E+001, 8.57142857E-001, 3.00000000E+001
 4.04860000E+002, 6.48111828E+002, 4.64792118E-001, 1.84414241E+000, 3.50000000E+001, 8.57142857E-001, 3.00000000E+001
 4.20220000E+002, 6.48017961E+002, 4.65289251E-001, 1.84217206E+000, 3.50000000E+001, 8.57142857E-001, 3.00000000E+001
 4.35220000E+002, 6.47926658E+002, 4.66521948E-001, 1.83730446E+000, 3.50000000E+001, 8.57142857E-001, 3.00000000E+001
 4.50220000E+002, 6.47836176E+002, 4.68519144E-001, 1.82947243E+000, 3.50000000E+001, 8.57142857E-001, 3.00000000E+001
 4.65220000E+002, 6.47746954E+002, 4.71300862E-001, 1.81867450E+000, 3.50000000E+001, 8.57142857E-001, 3.00000000E+001
 4.80220000E+002, 6.47659407E+002, 4.74878352E-001, 1.80497353E+000, 3.50000000E+001, 8.57142857E-001, 3.00000000E+001
 4.95220000E+002, 6.47573908E+002, 4.79248351E-001, 1.78851499E+000, 3.50000000E+001, 8.57142857E-001, 3.00000000E+001
 5.10220000E+002, 6.47490775E+002, 4.84387384E-001, 1.76954001E+000, 3.50000000E+001, 8.57142857E-001, 3.00000000E+001
 5.25220000E+002, 6.47410267E+002, 4.90245991E-001, 1.74839340E+000, 3.50000000E+001, 8.57142857E-001, 3.00000000E+001
 5.40220000E+002, 6.47332571E+002, 4.96742561E-001, 1.72552731E+000, 3.50000000E+001, 8.57142857E-001, 3.00000000E+001
 5.55220000E+002, 6.47257806E+002, 5.03756356E-001, 1.70150281E+000, 3.50000000E+001, 8.57142857E-001, 3.00000000E+001
 5.70220000E+002, 6.47186112E+002, 5.10690538E-001, 1.67839972E+000, 3.50000000E+001, 8.57142857E-001, 3.00000000E+001
 5.83570000E+002, 6.47124452E+002, 5.17795637E-001, 1.65536902E+000, 3.50000000E+001, 8.57142857E-001, 3.00000000E+001
 5.98570000E+002, 6.47058235E+002, 5.25168749E-001, 1.63212845E+000, 3.50000000E+001, 8.57142857E-001, 3.00000000E+001
 6.13570000E+002, 6.46994852E+002, 5.32035109E-001, 1.61106446E+000, 3.50000000E+001, 8.57142857E-001, 3.00000000E+001
 6.28570000E+002, 6.46934166E+002, 5.37926200E-001, 1.59342091E+000, 3.50000000E+001, 8.57142857E-001, 3.00000000E+001
 6.43570000E+002, 6.46876005E+002, 5.42222368E-001, 1.58079583E+000, 3.50000000E+001, 8.57142857E-001, 3.00000000E+001
 6.58570000E+002, 6.46820175E+002, 5.43985099E-001, 1.57567341E+000, 3.50000000E+001, 8.57142857E-001, 3.00000000E+001
 6.73570000E+002, 6.46766247E+002, 5.42156260E-001, 1.58098858E+000, 3.50000000E+001, 8.57142857E-001, 3.00000000E+001
 6.88570000E+002, 6.46713047E+002, 5.36479238E-001, 1.59771860E+000, 3.50000000E+001, 8.57142857E-001, 3.00000000E+001
 7.03570000E+002, 6.46658665E+002, 5.27974206E-001, 1.62345593E+000, 3.50000000E+001, 8.57142857E-001, 3.00000000E+001
 7.18570000E+002, 6.46601194E+002, 5.18310824E-001, 1.65372363E+000, 3.50000000E+001, 8.57142857E-001, 3.00000000E+001
 7.33570000E+002, 6.46538924E+002, 5.11169404E-001, 1.67682739E+000, 3.50000000E+001, 8.57142857E-001, 3.00000000E+001
 7.41580000E+002, 6.46505225E+002, 5.04466911E-001, 1.69910620E+000, 3.50000000E+001, 8.57142857E-001, 3.00000000E+001
 7.56580000E+002, 6.46419659E+002, 5.10632343E-001, 1.74489315E+000, 3.36700760E+001, 8.90998880E-001, 3.00000000E+001
 7.71580000E+002, 6.46329744E+002, 5.19546714E-001, 1.78547838E+000, 3.23401520E+001, 9.27639425E-001, 3.00000000E+001
 7.86580000E+002, 6.46236383E+002, 5.31375699E-001, 1.82060034E+000, 3.10102270E+001, 9.67422780E-001, 3.00000000E+001
 8.01580000E+002, 6.46140469E+002, 5.46182747E-001, 1.85061018E+000, 2.96803030E+001, 1.01077135E+000, 3.00000000E+001
 8.16580000E+002, 6.46042756E+002, 5.63993031E-001, 1.87624111E+000, 2.83503790E+001, 1.05818691E+000, 3.00000000E+001
 8.31580000E+002, 6.45943799E+002, 5.84829999E-001, 1.89844909E+000, 2.70204550E+001, 1.11026998E+000, 3.00000000E+001
 8.46580000E+002, 6.45843925E+002, 6.08737706E-001, 1.91830645E+000, 2.56905300E+001, 1.16774547E+000, 3.00000000E+001
 8.61580000E+002, 6.45743199E+002, 6.35958367E-001, 1.93644195E+000, 2.43606060E+001, 1.23149646E+000, 3.00000000E+001
 8.77490000E+002, 6.45635466E+002, 6.68078240E-001, 1.95664140E+000, 2.29500000E+001, 1.30718954E+000, 3.00000000E+001
 8.92490000E+002, 6.45567325E+002, 6.75160186E-001, 1.93611763E+000, 2.29500000E+001, 1.30718954E+000, 3.00000000E+001
 9.07490000E+002, 6.45501018E+002, 6.83009263E-001, 1.91386796E+000, 2.29500000E+001, 1.30718954E+000, 3.00000000E+001
 9.22490000E+002, 6.45436685E+002, 6.91425890E-001, 1.89057072E+000, 2.29500000E+001, 1.30718954E+000, 3.00000000E+001
 9.37490000E+002, 6.45374419E+002, 7.00183848E-001, 1.86692330E+000, 2.29500000E+001, 1.30718954E+000, 3.00000000E+001
 9.52490000E+002, 6.45314263E+002, 7.09044544E-001, 1.84359298E+000, 2.29500000E+001, 1.30718954E+000, 3.00000000E+001
 9.67490000E+002, 6.45256112E+002, 7.18037080E-001, 1.82050423E+000, 2.29500000E+001, 1.30718954E+000, 3.00000000E+001
 9.83030000E+002, 6.45198171E+002, 7.26839764E-001, 1.79845629E+000, 2.29500000E+001, 1.30718954E+000, 3.00000000E+001
 9.98030000E+002, 6.45129764E+002, 7.46769109E-001, 1.79334393E+000, 2.24012020E+001, 1.33921385E+000, 3.00000000E+001
 1.01303000E+003, 6.45063453E+002, 7.64996058E-001, 1.79458005E+000, 2.18524040E+001, 1.37284667E+000, 3.00000000E+001
 1.02803000E+003, 6.45000006E+002, 7.78863036E-001, 1.80803586E+000, 2.13036060E+001, 1.40821230E+000, 3.00000000E+001
 1.04303000E+003, 6.44938990E+002, 7.87175292E-001, 1.83624692E+000, 2.07548080E+001, 1.44544821E+000, 3.00000000E+001
 1.05803000E+003, 6.44878484E+002, 7.91108658E-001, 1.87674192E+000, 2.02060100E+001, 1.48470678E+000, 3.00000000E+001
 1.07303000E+003, 6.44816105E+002, 7.93173553E-001, 1.92411537E+000, 1.96572120E+001, 1.52615742E+000, 3.00000000E+001
 1.08744000E+003, 6.44753259E+002, 7.94424699E-001, 1.97402908E+000, 1.91300000E+001, 1.56821746E+000, 3.00000000E+001
 1.10244000E+003, 6.44698507E+002, 7.84926522E-001, 2.01125901E+000, 1.90030910E+001, 1.57869054E+000, 3.00000000E+001
 1.11744000E+003, 6.44639902E+002, 7.76617991E-001, 2.04644299E+000, 1.88761820E+001, 1.58930445E+000, 3.00000000E+001
 1.13244000E+003, 6.44577552E+002, 7.69795196E-001, 2.07855550E+000, 1.87492730E+001, 1.60006204E+000, 3.00000000E+001
 1.14744000E+003, 6.44511782E+002, 7.64505309E-001, 2.10720099E+000, 1.86223630E+001, 1.61096634E+000, 3.00000000E+001
 1.16244000E+003, 6.44443074E+002, 7.60418606E-001, 2.13306222E+000, 1.84954540E+001, 1.62202020E+000, 3.00000000E+001
 1.17845000E+003, 6.44366742E+002, 7.57949071E-001, 2.15580042E+000, 1.83600000E+001, 1.63398693E+000, 3.00000000E+001
 1.19345000E+003, 6.44313675E+002, 7.40783537E-001, 2.15280746E+000, 1.88115570E+001, 1.59476432E+000, 3.00000000E+001
 1.20845000E+003, 6.44258058E+002, 7.24970340E-001, 2.14819894E+000, 1.92631150E+001, 1.55738052E+000, 3.00000000E+001
 1.22345000E+003, 6.44200191E+002, 7.10231415E-001, 2.14255422E+000, 1.97146720E+001, 1.52170931E+000, 3.00000000E+001
 1.23845000E+003, 6.44140296E+002, 6.96295335E-001, 2.13650077E+000, 2.01662300E+001, 1.48763552E+000, 3.00000000E+001
 1.25345000E+003, 6.44078512E+002, 6.82914135E-001, 2.13065485E+000, 2.06177870E+001, 1.45505432E+000, 3.00000000E+001
 1.26845000E+003, 6.44014886E+002, 6.69884320E-001, 2.12554561E+000, 2.10693440E+001, 1.42386968E+000, 3.00000000E+001
 1.28345000E+003, 6.43949379E+002, 6.57074137E-001, 2.12151649E+000, 2.15209020E+001, 1.39399362E+000, 3.00000000E+001
 1.29845000E+003, 6.43881884E+002, 6.44456405E-001, 2.11860039E+000, 2.19724590E+001, 1.36534559E+000, 3.00000000E+001
 1.31345000E+003, 6.43812270E+002, 6.32141094E-001, 2.11638082E+000, 2.24240170E+001, 1.33785129E+000, 3.00000000E+001
 1.32845000E+003, 6.43740441E+002, 6.20643679E-001, 2.11303610E+000, 2.28755740E+001, 1.31144250E+000, 3.00000000E+001
 1.34122000E+003, 6.43677707E+002, 6.11092662E-001, 2.11059291E+000, 2.32600000E+001, 1.28976784E+000, 3.00000000E+001
 1.35622000E+003, 6.43590688E+002, 6.09842997E-001, 2.11812208E+000, 2.32248130E+001, 1.29172192E+000, 3.00000000E+001
 1.37122000E+003, 6.43502781E+002, 6.10028048E-001, 2.12069262E+000, 2.31896250E+001, 1.29368198E+000, 3.00000000E+001
 1.38622000E+003, 6.43414657E+002, 6.11907552E-001, 2.11739166E+000, 2.31544380E+001, 1.29564794E+000, 3.00000000E+001
 1.40122000E+003, 6.43327068E+002, 6.15581501E-001, 2.10795791E+000, 2.31192510E+001, 1.29761989E+000, 3.00000000E+001
 1.41622000E+003, 6.43240743E+002, 6.21001706E-001, 2.09274441E+000, 2.30840640E+001, 1.29959785E+000, 3.00000000E+001
 1.43122000E+003, 6.43156312E+002, 6.28002612E-001, 2.07257403E+000, 2.30488760E+001, 1.30158191E+000, 3.00000000E+001
 1.44622000E+003, 6.43074256E+002, 6.36333649E-001, 2.04856678E+000, 2.30136890E+001, 1.30357197E+000, 3.00000000E+001
 1.46122000E+003, 6.42995042E+002, 6.44817037E-001, 2.02471098E+000, 2.29785020E+001, 1.30556813E+000, 3.00000000E+001
 1.47337000E+003, 6.42932433E+002, 6.53807293E-001, 1.99934990E+000, 2.29500000E+001, 1.30718954E+000, 3.00000000E+001
 1.48837000E+003, 6.42864372E+002, 6.59607830E-001, 1.96393974E+000, 2.31583330E+001, 1.29543003E+000, 3.00000000E+001
 1.50337000E+003, 6.42799193E+002, 6.65464626E-001, 1.92929887E+000, 2.33666670E+001, 1.28388015E+000, 3.00000000E+001
 1.51837000E+003, 6.42736845E+002, 6.71053310E-001, 1.89632395E+000, 2.35750000E+001, 1.27253446E+000, 3.00000000E+001
 1.53337000E+003, 6.42677218E+002, 6.76084930E-001, 1.86572350E+000, 2.37833330E+001, 1.26138754E+000, 3.00000000E+001
 1.54837000E+003, 6.42620158E+002, 6.80295942E-001, 1.83807382E+000, 2.39916670E+001, 1.25043416E+000, 3.00000000E+001
 1.56337000E+003, 6.42565615E+002, 6.83078896E-001, 1.81482612E+000, 2.42000000E+001, 1.23966942E+000, 3.00000000E+001
 1.57837000E+003, 6.42513807E+002, 6.82884182E-001, 1.79984904E+000, 2.44083330E+001, 1.22908844E+000, 3.00000000E+001
 1.59337000E+003, 6.42464559E+002, 6.78269148E-001, 1.79675946E+000, 2.46166670E+001, 1.21868651E+000, 3.00000000E+001
 1.60837000E+003, 6.42416421E+002, 6.69916402E-001, 1.80389555E+000, 2.48250000E+001, 1.20845921E+000, 3.00000000E+001
 1.62241000E+003, 6.42370919E+002, 6.59859450E-001, 1.81711540E+000, 2.50200000E+001, 1.19904077E+000, 3.00000000E+001
 1.63741000E+003, 6.42337250E+002, 6.35480229E-001, 1.81267465E+000, 2.60435000E+001, 1.15191890E+000, 3.00000000E+001
 1.65241000E+003, 6.42299147E+002, 6.13650464E-001, 1.80617592E+000, 2.70670010E+001, 1.10836069E+000, 3.00000000E+001
 1.66741000E+003, 6.42256880E+002, 5.94966158E-001, 1.79502089E+000, 2.80905010E+001, 1.06797668E+000, 3.00000000E+001
 1.68241000E+003, 6.42211196E+002, 5.79553874E-001, 1.77797459E+000, 2.91140010E+001, 1.03043206E+000, 3.00000000E+001
 1.69741000E+003, 6.42162988E+002, 5.67557313E-001, 1.75389778E+000, 3.01375020E+001, 9.95437512E-001, 3.00000000E+001
 1.71943000E+003, 6.42090290E+002, 5.54300282E-001, 1.71056539E+000, 3.16400000E+001, 9.48166877E-001, 3.00000000E+001
 1.73443000E+003, 6.42029793E+002, 5.56701928E-001, 1.68778978E+000, 3.19286220E+001, 9.39595827E-001, 3.00000000E+001
 1.74943000E+003, 6.41970671E+002, 5.60637439E-001, 1.66092787E+000, 3.22172440E+001, 9.31178347E-001, 3.00000000E+001
 1.76443000E+003, 6.41913364E+002, 5.65805590E-001, 1.63114391E+000, 3.25058660E+001, 9.22910345E-001, 3.00000000E+001
 1.77943000E+003, 6.41858111E+002, 5.72053759E-001, 1.59912921E+000, 3.27944880E+001, 9.14787875E-001, 3.00000000E+001
 1.79443000E+003, 6.41804984E+002, 5.79421888E-001, 1.56502049E+000, 3.30831100E+001, 9.06807129E-001, 3.00000000E+001
 1.80943000E+003, 6.41754793E+002, 5.86222080E-001, 1.53348784E+000, 3.33717320E+001, 8.98964429E-001, 3.00000000E+001
 1.82443000E+003, 6.41709430E+002, 5.87869759E-001, 1.51607769E+000, 3.36603540E+001, 8.91256224E-001, 3.00000000E+001
 1.83943000E+003, 6.41668929E+002, 5.81690232E-001, 1.51915751E+000, 3.39489760E+001, 8.83679084E-001, 3.00000000E+001
 1.85443000E+003, 6.41630300E+002, 5.69415136E-001, 1.53882403E+000, 3.42375980E+001, 8.76229693E-001, 3.00000000E+001
 1.86943000E+003, 6.41590005E+002, 5.54218737E-001, 1.56780129E+000, 3.45262200E+001, 8.68904850E-001, 3.00000000E+001
 1.88443000E+003, 6.41545622E+002, 5.38561978E-001, 1.60000425E+000, 3.48148420E+001, 8.61701455E-001, 3.00000000E+001
 1.89925000E+003, 6.41496705E+002, 5.23740912E-001, 1.63191539E+000, 3.51000000E+001, 8.54700855E-001, 3.00000000E+001
 1.91425000E+003, 6.41456770E+002, 4.97994682E-001, 1.64275945E+000, 3.66709850E+001, 8.18085470E-001, 3.00000000E+001
 1.92925000E+003, 6.41409470E+002, 4.75266978E-001, 1.65060572E+000, 3.82419710E+001, 7.84478394E-001, 3.00000000E+001
 1.94425000E+003, 6.41355376E+002, 4.55524640E-001, 1.65418835E+000, 3.98129560E+001, 7.53523551E-001, 3.00000000E+001
 1.95925000E+003, 6.41295343E+002, 4.38617477E-001, 1.65273596E+000, 4.13839410E+001, 7.24918876E-001, 3.00000000E+001
 1.97425000E+003, 6.41230416E+002, 4.24339131E-001, 1.64586874E+000, 4.29549260E+001, 6.98406511E-001, 3.00000000E+001
 1.98925000E+003, 6.41161746E+002, 4.12462653E-001, 1.63351753E+000, 4.45259120E+001, 6.73764975E-001, 3.00000000E+001
 2.00425000E+003, 6.41090518E+002, 4.02759469E-001, 1.61586027E+000, 4.60968970E+001, 6.50803025E-001, 3.00000000E+001
 2.01925000E+003, 6.41017891E+002, 3.95007326E-001, 1.59327319E+000, 4.76678820E+001, 6.29354583E-001, 3.00000000E+001
 2.03425000E+003, 6.40944938E+002, 3.88991199E-001, 1.56629452E+000, 4.92388670E+001, 6.09274783E-001, 3.00000000E+001
 2.04925000E+003, 6.40872611E+002, 3.84499576E-001, 1.53559769E+000, 5.08098530E+001, 5.90436662E-001, 3.00000000E+001
 2.06425000E+003, 6.40801700E+002, 3.81389013E-001, 1.50169120E+000, 5.23808380E+001, 5.72728523E-001, 3.00000000E+001
 2.07971000E+003, 6.40730817E+002, 3.79161449E-001, 1.46522163E+000, 5.40000000E+001, 5.55555556E-001, 3.00000000E+001
 2.09471000E+003, 6.40681813E+002, 3.64343938E-001, 1.40065863E+000, 5.87864730E+001, 5.10321482E-001, 3.00000000E+001
 2.10971000E+003, 6.40632214E+002, 3.52309545E-001, 1.33944381E+000, 6.35729470E+001, 4.71898841E-001, 3.00000000E+001
 2.12471000E+003, 6.40583037E+002, 3.42242314E-001, 1.28229864E+000, 6.83594200E+001, 4.38856854E-001, 3.00000000E+001
 2.13971000E+003, 6.40534920E+002, 3.33350656E-001, 1.23035373E+000, 7.31458940E+001, 4.10139221E-001, 3.00000000E+001
 2.15471000E+003, 6.40488154E+002, 3.24850852E-001, 1.18500280E+000, 7.79323670E+001, 3.84949170E-001, 3.00000000E+001
 2.16971000E+003, 6.40442659E+002, 3.16034073E-001, 1.14757983E+000, 8.27188410E+001, 3.62674327E-001, 3.00000000E+001
 2.18471000E+003, 6.40397956E+002, 3.06419007E-001, 1.11884810E+000, 8.75053140E+001, 3.42836322E-001, 3.00000000E+001
 2.19971000E+003, 6.40353173E+002, 2.95880718E-001, 1.09860491E+000, 9.22917870E+001, 3.25056010E-001, 3.00000000E+001
 2.21471000E+003, 6.40307248E+002, 2.84366108E-001, 1.08672944E+000, 9.70782610E+001, 3.09029021E-001, 3.00000000E+001
 2.23496000E+003, 6.40240862E+002, 2.69422961E-001, 1.07542094E+000, 1.03540000E+002, 2.89743094E-001, 3.00000000E+001
 2.24996000E+003, 6.40193311E+002, 2.54174128E-001, 1.06139264E+000, 1.11202318E+002, 2.69778549E-001, 3.00000000E+001
 2.26496000E+003, 6.40140597E+002, 2.40723493E-001, 1.04845577E+000, 1.18864636E+002, 2.52387935E-001, 3.00000000E+001
 2.27996000E+003, 6.40083098E+002, 2.29214568E-001, 1.03441780E+000, 1.26526954E+002, 2.37103629E-001, 3.00000000E+001
 2.29496000E+003, 6.40021684E+002, 2.19859706E-001, 1.01685216E+000, 1.34189272E+002, 2.23564817E-001, 3.00000000E+001
 2.30996000E+003, 6.39957841E+002, 2.13032218E-001, 9.92754257E-001, 1.41851590E+002, 2.11488641E-001, 3.00000000E+001
 2.32496000E+003, 6.39893726E+002, 2.08535922E-001, 9.62185451E-001, 1.49513908E+002, 2.00650230E-001, 3.00000000E+001
 2.33384000E+003, 6.39855965E+002, 2.08721171E-001, 9.33024501E-001, 1.54050000E+002, 1.94741967E-001, 3.00000000E+001
 2.34884000E+003, 6.39797960E+002, 2.10620357E-001, 8.74661078E-001, 1.62847505E+002, 1.84221428E-001, 3.00000000E+001
 2.36384000E+003, 6.39728637E+002, 2.60176072E-001, 6.74432172E-001, 1.70968312E+002, 1.75471113E-001, 3.00000000E+001
 2.37884000E+003, 6.39486262E+002, 5.15874258E-001, 3.26222496E-001, 1.78263936E+002, 1.68289788E-001, 3.00000000E+001
 2.39384000E+003, 6.39314297E+002, 6.89156387E-001, 2.35643650E-001, 1.84734380E+002, 1.62395327E-001, 3.00000000E+001
 2.40884000E+003, 6.39170990E+002, 8.32892845E-001, 1.89195856E-001, 1.90379641E+002, 1.57579875E-001, 3.00000000E+001
 2.42384000E+003, 6.39030080E+002, 9.74044648E-001, 1.57784086E-001, 1.95199721E+002, 1.53688744E-001, 3.00000000E+001
 2.43338000E+003, 6.38962135E+002, 1.04204297E+000, 1.45522557E-001, 1.97835994E+002, 1.51640758E-001, 3.00000000E+001
 2.44838000E+003, 6.38952699E+002, 1.05129947E+000, 1.44951116E-001, 1.96867147E+002, 1.52387031E-001, 3.00000000E+001
 2.46338000E+003, 6.38954752E+002, 1.04902650E+000, 1.46958956E-001, 1.94598164E+002, 1.54163839E-001, 3.00000000E+001
 2.47838000E+003, 6.38962110E+002, 1.04141142E+000, 1.50799366E-001, 1.91029044E+002, 1.57044182E-001, 3.00000000E+001
 2.49338000E+003, 6.38969477E+002, 1.03375190E+000, 1.55890288E-001, 1.86159787E+002, 1.61151882E-001, 3.00000000E+001
 2.50838000E+003, 6.38976767E+002, 1.02605050E+000, 1.66544057E-001, 1.75559114E+002, 1.70882612E-001, 3.00000000E+001
 2.52338000E+003, 6.38976507E+002, 1.02576808E+000, 1.81461855E-001, 1.61170936E+002, 1.86137779E-001, 3.00000000E+001
 2.53488000E+003, 6.38956123E+002, 1.04572728E+000, 1.91076115E-001, 1.50140000E+002, 1.99813507E-001, 3.00000000E+001
 2.54988000E+003, 6.38895992E+002, 1.10549334E+000, 1.93367493E-001, 1.40340060E+002, 2.13766476E-001, 3.00000000E+001
 2.56488000E+003, 6.38802086E+002, 1.19913932E+000, 1.91649462E-001, 1.30540120E+002, 2.29814405E-001, 3.00000000E+001
 2.57988000E+003, 6.38707963E+002, 1.29298716E+000, 1.92165413E-001, 1.20740180E+002, 2.48467412E-001, 3.00000000E+001
 2.59488000E+003, 6.38613846E+002, 1.38680362E+000, 1.94992180E-001, 1.10940238E+002, 2.70415861E-001, 3.00000000E+001
 2.60988000E+003, 6.38519725E+002, 1.48058216E+000, 2.00338544E-001, 1.01140298E+002, 2.96617675E-001, 3.00000000E+001
 2.62488000E+003, 6.38425579E+002, 1.57432298E+000, 2.08624212E-001, 9.13403580E+001, 3.28441892E-001, 3.00000000E+001
 2.63535000E+003, 6.38360570E+002, 1.63899333E+000, 2.16614417E-001, 8.45000000E+001, 3.55029586E-001, 3.00000000E+001
 2.65035000E+003, 6.38269970E+002, 1.72968874E+000, 2.02092926E-001, 8.58227020E+001, 3.49557859E-001, 3.00000000E+001
 2.66535000E+003, 6.38179037E+002, 1.82070651E+000, 1.89076182E-001, 8.71454040E+001, 3.44252234E-001, 3.00000000E+001
 2.68035000E+003, 6.38088267E+002, 1.91155021E+000, 1.77398039E-001, 8.84681060E+001, 3.39105259E-001, 3.00000000E+001
 2.69535000E+003, 6.37997519E+002, 2.00236348E+000, 1.66857783E-001, 8.97908060E+001, 3.34109931E-001, 3.00000000E+001
 2.71035000E+003, 6.37906753E+002, 2.09318779E+000, 1.57300569E-001, 9.11135080E+001, 3.29259631E-001, 3.00000000E+001
 2.73129000E+003, 6.37788817E+002, 2.21118552E+000, 1.45948609E-001, 9.29600000E+001, 3.22719449E-001, 3.00000000E+001
 2.74629000E+003, 6.37712761E+002, 2.28725655E+000, 1.40134500E-001, 9.35968660E+001, 3.20523553E-001, 3.00000000E+001
 2.76129000E+003, 6.37645407E+002, 2.35461818E+000, 1.35205507E-001, 9.42337300E+001, 3.18357344E-001, 3.00000000E+001
 2.77629000E+003, 6.37578066E+002, 2.42196729E+000, 1.30563370E-001, 9.48705960E+001, 3.16220212E-001, 3.00000000E+001
 2.79129000E+003, 6.37510726E+002, 2.48931494E+000, 1.26183949E-001, 9.55074600E+001, 3.14111589E-001, 3.00000000E+001
 2.80629000E+003, 6.37443387E+002, 2.55666128E+000, 1.22046239E-001, 9.61443260E+001, 3.12030894E-001, 3.00000000E+001
 2.82129000E+003, 6.37376046E+002, 2.62400935E+000, 1.18131280E-001, 9.67811920E+001, 3.09977583E-001, 3.00000000E+001
 2.83822000E+003, 6.37281680E+002, 2.71839217E+000, 1.13189079E-001, 9.75000000E+001, 3.07692308E-001, 3.00000000E+001
 2.85322000E+003, 6.37167742E+002, 2.83234009E+000, 1.09503149E-001, 9.67273400E+001, 3.10150160E-001, 3.00000000E+001
 2.86822000E+003, 6.37038536E+002, 2.96156072E+000, 1.05568525E-001, 9.59546800E+001, 3.12647596E-001, 3.00000000E+001
 2.88322000E+003, 6.36907771E+002, 3.09234021E+000, 1.01924613E-001, 9.51820200E+001, 3.15185578E-001, 3.00000000E+001
 2.89822000E+003, 6.36777005E+002, 3.22311751E+000, 9.85893613E-002, 9.44093620E+001, 3.17765096E-001, 3.00000000E+001
 2.91322000E+003, 6.36646241E+002, 3.35389246E+000, 9.55269721E-002, 9.36367020E+001, 3.20387192E-001, 3.00000000E+001
 2.92822000E+003, 6.36526682E+002, 3.47345768E+000, 9.30061484E-002, 9.28640420E+001, 3.23052921E-001, 3.00000000E+001
 2.93917000E+003, 6.36449501E+002, 3.55064095E+000, 9.15403980E-002, 9.23000000E+001, 3.25027086E-001, 3.00000000E+001
 2.95417000E+003, 6.36409562E+002, 3.59055017E+000, 9.29638401E-002, 8.98765100E+001, 3.33791332E-001, 3.00000000E+001
 2.96917000E+003, 6.36399121E+002, 3.60095167E+000, 9.52640740E-002, 8.74530200E+001, 3.43041327E-001, 3.00000000E+001
 2.98417000E+003, 6.36388687E+002, 3.61134486E+000, 9.76972870E-002, 8.50295320E+001, 3.52818595E-001, 3.00000000E+001
 2.99917000E+003, 6.36378252E+002, 3.62173524E+000, 1.00275017E-001, 8.26060420E+001, 3.63169561E-001, 3.00000000E+001
 3.01417000E+003, 6.36367817E+002, 3.63212252E+000, 1.03010356E-001, 8.01825520E+001, 3.74146236E-001, 3.00000000E+001
 3.02917000E+003, 6.36357378E+002, 3.64250950E+000, 1.05917946E-001, 7.77590620E+001, 3.85807123E-001, 3.00000000E+001
 3.03981000E+003, 6.36331133E+002, 3.66872217E+000, 1.07538586E-001, 7.60400000E+001, 3.94529195E-001, 3.00000000E+001
 3.05481000E+003, 6.36279091E+002, 3.72078056E+000, 1.04077150E-001, 7.74696880E+001, 3.87248236E-001, 3.00000000E+001
 3.06981000E+003, 6.36209402E+002, 3.79049043E+000, 1.00311860E-001, 7.88993760E+001, 3.80231144E-001, 3.00000000E+001
 3.08481000E+003, 6.36139087E+002, 3.86082337E+000, 9.67316566E-002, 8.03290620E+001, 3.73463841E-001, 3.00000000E+001
 3.09981000E+003, 6.36068774E+002, 3.93115448E+000, 9.33398076E-002, 8.17587500E+001, 3.66933203E-001, 3.00000000E+001
 3.11481000E+003, 6.35998460E+002, 4.00148381E+000, 9.01233281E-002, 8.31884380E+001, 3.60627038E-001, 3.00000000E+001
 3.12981000E+003, 6.35923722E+002, 4.07623790E+000, 8.69757793E-002, 8.46181260E+001, 3.54533968E-001, 3.00000000E+001
 3.14221000E+003, 6.35858355E+002, 4.14161741E+000, 8.44236236E-002, 8.58000000E+001, 3.49650350E-001, 3.00000000E+001
 3.15721000E+003, 6.35715372E+002, 4.28460770E+000, 8.22114473E-002, 8.51682840E+001, 3.52243800E-001, 3.00000000E+001
 3.17221000E+003, 6.35560716E+002, 4.43927240E+000, 7.99401315E-002, 8.45365660E+001, 3.54876019E-001, 3.00000000E+001
 3.18721000E+003, 6.35406059E+002, 4.59393742E+000, 7.78303735E-002, 8.39048500E+001, 3.57547865E-001, 3.00000000E+001
 3.20221000E+003, 6.35251403E+002, 4.74860138E+000, 7.58666034E-002, 8.32731320E+001, 3.60260258E-001, 3.00000000E+001
 3.21721000E+003, 6.35096746E+002, 4.90326443E+000, 7.40351891E-002, 8.26414160E+001, 3.63014109E-001, 3.00000000E+001
 3.23221000E+003, 6.34942090E+002, 5.05792669E+000, 7.23241790E-002, 8.20096980E+001, 3.65810395E-001, 3.00000000E+001
 3.24721000E+003, 6.34787436E+002, 5.21258636E+000, 7.07230652E-002, 8.13779820E+001, 3.68650085E-001, 3.00000000E+001
 3.25666000E+003, 6.34693348E+002, 5.30667629E+000, 6.98105221E-002, 8.09800000E+001, 3.70461842E-001, 3.00000000E+001
 3.27166000E+003, 6.34619032E+002, 5.38098441E+000, 7.02174204E-002, 7.93989300E+001, 3.77838845E-001, 3.00000000E+001
 3.28666000E+003, 6.34546005E+002, 5.45400193E+000, 7.06849040E-002, 7.78178620E+001, 3.85515603E-001, 3.00000000E+001
 3.30166000E+003, 6.34474009E+002, 5.52598836E+000, 7.12109330E-002, 7.62367920E+001, 3.93510787E-001, 3.00000000E+001
 3.31666000E+003, 6.34402013E+002, 5.59797434E+000, 7.17839334E-002, 7.46557220E+001, 4.01844617E-001, 3.00000000E+001
 3.33166000E+003, 6.34330017E+002, 5.66995990E+000, 7.24059926E-002, 7.30746520E+001, 4.10539074E-001, 3.00000000E+001
 3.34666000E+003, 6.34259989E+002, 5.73997639E+000, 7.31044947E-002, 7.14935840E+001, 4.19618074E-001, 3.00000000E+001
 3.36083000E+003, 6.34211633E+002, 5.78831967E+000, 7.40407325E-002, 7.00000000E+001, 4.28571429E-001, 3.00000000E+001
 3.37583000E+003, 6.34187153E+002, 5.81277846E+000, 7.60311022E-002, 6.78806820E+001, 4.41951953E-001, 3.00000000E+001
 3.39083000E+003, 6.34184310E+002, 5.81559634E+000, 7.84433599E-002, 6.57613640E+001, 4.56194917E-001, 3.00000000E+001
 3.40583000E+003, 6.34181467E+002, 5.81841062E+000, 8.10163652E-002, 6.36420460E+001, 4.71386479E-001, 3.00000000E+001
 3.42083000E+003, 6.34178625E+002, 5.82122238E+000, 8.37667141E-002, 6.15227280E+001, 4.87624671E-001, 3.00000000E+001
 3.43583000E+003, 6.34175782E+002, 5.82403132E+000, 8.67133924E-002, 5.94034100E+001, 5.05021513E-001, 3.00000000E+001
 3.45083000E+003, 6.34172939E+002, 5.82683673E+000, 8.98782043E-002, 5.72840900E+001, 5.23705622E-001, 3.00000000E+001
 3.46643000E+003, 6.34139451E+002, 5.86028632E+000, 9.29412455E-002, 5.50800000E+001, 5.44662309E-001, 3.00000000E+001
 3.48143000E+003, 6.34083591E+002, 5.91618895E+000, 8.73285856E-002, 5.80661180E+001, 5.16652413E-001, 3.00000000E+001
 3.49643000E+003, 6.33997177E+002, 6.00264189E+000, 8.18610377E-002, 6.10522360E+001, 4.91382494E-001, 3.00000000E+001
 3.51143000E+003, 6.33910762E+002, 6.08909062E+000, 7.69358323E-002, 6.40383540E+001, 4.68469255E-001, 3.00000000E+001
 3.52643000E+003, 6.33824347E+002, 6.17553316E+000, 7.24792028E-002, 6.70244700E+001, 4.47597721E-001, 3.00000000E+001
 3.54143000E+003, 6.33737934E+002, 6.26197072E+000, 6.84299932E-002, 7.00105880E+001, 4.28506614E-001, 3.00000000E+001
 3.55643000E+003, 6.33651520E+002, 6.34840456E+000, 6.47371233E-002, 7.29967060E+001, 4.10977449E-001, 3.00000000E+001
 3.57232000E+003, 6.33564223E+002, 6.43572049E+000, 6.12064436E-002, 7.61600000E+001, 3.93907563E-001, 3.00000000E+001
 3.58732000E+003, 6.33493466E+002, 6.50647922E+000, 6.03927605E-002, 7.63467100E+001, 3.92944241E-001, 3.00000000E+001
 3.60232000E+003, 6.33425446E+002, 6.57450018E+000, 5.96221154E-002, 7.65334220E+001, 3.91985609E-001, 3.00000000E+001
 3.61732000E+003, 6.33358179E+002, 6.64176890E+000, 5.88746249E-002, 7.67201320E+001, 3.91031653E-001, 3.00000000E+001
 3.63232000E+003, 6.33290911E+002, 6.70903756E+000, 5.81428149E-002, 7.69068420E+001, 3.90082328E-001, 3.00000000E+001
 3.64732000E+003, 6.33223644E+002, 6.77630618E+000, 5.74262131E-002, 7.70935520E+001, 3.89137603E-001, 3.00000000E+001
 3.66232000E+003, 6.33156376E+002, 6.84357500E+000, 5.67243629E-002, 7.72802640E+001, 3.88197432E-001, 3.00000000E+001
 3.68158000E+003, 6.33073600E+002, 6.92635232E+000, 5.58731185E-002, 7.75200000E+001, 3.86996904E-001, 3.00000000E+001
 3.69658000E+003, 6.33036051E+002, 6.96392978E+000, 5.01905284E-002, 8.58311840E+001, 3.49523315E-001, 3.00000000E+001
 3.71158000E+003, 6.33000161E+002, 6.99984010E+000, 4.55247970E-002, 9.41423680E+001, 3.18666299E-001, 3.00000000E+001
 3.72658000E+003, 6.32965236E+002, 7.03478100E+000, 4.16239839E-002, 1.02453554E+002, 2.92815611E-001, 3.00000000E+001
 3.74158000E+003, 6.32930312E+002, 7.06971768E+000, 3.83104858E-002, 1.10764738E+002, 2.70844319E-001, 3.00000000E+001
 3.75658000E+003, 6.32895388E+002, 7.10465138E+000, 3.54612900E-002, 1.19075922E+002, 2.51940103E-001, 3.00000000E+001
 3.77158000E+003, 6.32860445E+002, 7.13960176E+000, 3.29854031E-002, 1.27387106E+002, 2.35502642E-001, 3.00000000E+001
 3.78467000E+003, 6.32829873E+002, 7.17017941E+000, 3.10754287E-002, 1.34640000E+002, 2.22816399E-001, 3.00000000E+001
 3.79967000E+003, 6.32794695E+002, 7.20535753E+000, 3.09237118E-002, 1.34640000E+002, 2.22816399E-001, 3.00000000E+001
 3.81467000E+003, 6.32759403E+002, 7.24064850E+000, 3.07729893E-002, 1.34640000E+002, 2.22816399E-001, 3.00000000E+001
 3.82967000E+003, 6.32724112E+002, 7.27593949E+000, 3.06237290E-002, 1.34640000E+002, 2.22816399E-001, 3.00000000E+001
 3.84467000E+003, 6.32688821E+002, 7.31123048E+000, 3.04759096E-002, 1.34640000E+002, 2.22816399E-001, 3.00000000E+001
 3.85967000E+003, 6.32653530E+002, 7.34652147E+000, 3.03295104E-002, 1.34640000E+002, 2.22816399E-001, 3.00000000E+001
 3.87467000E+003, 6.32618238E+002, 7.38181247E+000, 3.01845109E-002, 1.34640000E+002, 2.22816399E-001, 3.00000000E+001
 3.89518000E+003, 6.32540046E+002, 7.46000536E+000, 2.98681286E-002, 1.34640000E+002, 2.22816399E-001, 3.00000000E+001
 3.91018000E+003, 6.32445104E+002, 7.55493962E+000, 3.18447195E-002, 1.24696088E+002, 2.40584933E-001, 3.00000000E+001
 3.92518000E+003, 6.32320268E+002, 7.67976759E+000, 3.40417790E-002, 1.14752176E+002, 2.61432951E-001, 3.00000000E+001
 3.94018000E+003, 6.32195431E+002, 7.80459398E+000, 3.66754467E-002, 1.04808264E+002, 2.86236971E-001, 3.00000000E+001
 3.95045000E+003, 6.31997635E+002, 8.00238374E+000, 3.82539077E-002, 9.80000000E+001, 3.06122449E-001, 3.00000000E+001
 3.96545000E+003, 6.31323200E+002, 8.67681434E+000, 3.90185447E-002, 8.86114580E+001, 3.38556668E-001, 3.00000000E+001
 3.98045000E+003, 6.30586014E+002, 9.41399479E+000, 4.02250383E-002, 7.92229180E+001, 3.78678301E-001, 3.00000000E+001
 3.99199000E+003, 6.30000034E+002, 9.99996812E+000, 4.16667995E-002, 7.20000000E+001, 4.16666667E-001, 3.00000000E+001
 4.00000000E+003, 6.30000000E+002, 1.00000014E+001, 4.16666608E-002, 7.20000000E+001, 4.16666667E-001, 3.00000000E+001
 4.01000000E+003, 6.30000000E+002, 1.00000007E+001, 4.16666638E-002, 7.20000000E+001, 4.16666667E-001, 3.00000000E+001
