   7200.0000000000000      ,         100
X,ZB,H,U
 5.00000000E+001, 4.97500000E+000, 5.00287073E+000, 1.99885237E+000
 1.50000000E+002, 4.92500000E+000, 5.00296206E+000, 1.99881588E+000
 2.50000000E+002, 4.87500000E+000, 5.00305608E+000, 1.99877831E+000
 3.50000000E+002, 4.82500000E+000, 5.00315286E+000, 1.99873965E+000
 4.50000000E+002, 4.77500000E+000, 5.00325249E+000, 1.99869985E+000
 5.50000000E+002, 4.72500000E+000, 5.00335504E+000, 1.99865889E+000
 6.50000000E+002, 4.67500000E+000, 5.00346060E+000, 1.99861672E+000
 7.50000000E+002, 4.62500000E+000, 5.00356926E+000, 1.99857331E+000
 8.50000000E+002, 4.57500000E+000, 5.00368112E+000, 1.99852864E+000
 9.50000000E+002, 4.52500000E+000, 5.00379625E+000, 1.99848265E+000
 1.05000000E+003, 4.47500000E+000, 5.00391477E+000, 1.99843532E+000
 1.15000000E+003, 4.42500000E+000, 5.00403677E+000, 1.99838659E+000
 1.25000000E+003, 4.37500000E+000, 5.00416235E+000, 1.99833644E+000
 1.35000000E+003, 4.32500000E+000, 5.00429162E+000, 1.99828483E+000
 1.45000000E+003, 4.27500000E+000, 5.00442468E+000, 1.99823169E+000
 1.55000000E+003, 4.22500000E+000, 5.00456164E+000, 1.99817701E+000
 1.65000000E+003, 4.17500000E+000, 5.00470262E+000, 1.99812072E+000
 1.75000000E+003, 4.12500000E+000, 5.00484774E+000, 1.99806278E+000
 1.85000000E+003, 4.07500000E+000, 5.00499712E+000, 1.99800315E+000
 1.95000000E+003, 4.02500000E+000, 5.00515087E+000, 1.99794177E+000
 2.05000000E+003, 3.97500000E+000, 5.00530914E+000, 1.99787860E+000
 2.15000000E+003, 3.92500000E+000, 5.00547205E+000, 1.99781357E+000
 2.25000000E+003, 3.87500000E+000, 5.00563973E+000, 1.99774665E+000
 2.35000000E+003, 3.82500000E+000, 5.00581233E+000, 1.99767777E+000
 2.45000000E+003, 3.77500000E+000, 5.00598998E+000, 1.99760687E+000
 2.55000000E+003, 3.72500000E+000, 5.00617285E+000, 1.99753391E+000
 2.65000000E+003, 3.67500000E+000, 5.00636107E+000, 1.99745881E+000
 2.75000000E+003, 3.62500000E+000, 5.00655480E+000, 1.99738151E+000
 2.85000000E+003, 3.57500000E+000, 5.00675421E+000, 1.99730196E+000
 2.95000000E+003, 3.52500000E+000, 5.00695946E+000, 1.99722008E+000
 3.05000000E+003, 3.47500000E+000, 5.00717072E+000, 1.99713582E+000
 3.15000000E+003, 3.42500000E+000, 5.00738816E+000, 1.99704909E+000
 3.25000000E+003, 3.37500000E+000, 5.00761197E+000, 1.99695984E+000
 3.35000000E+003, 3.32500000E+000, 5.00784233E+000, 1.99686798E+000
 3.45000000E+003, 3.27500000E+000, 5.00807942E+000, 1.99677344E+000
 3.55000000E+003, 3.22500000E+000, 5.00832346E+000, 1.99667615E+000
 3.65000000E+003, 3.17500000E+000, 5.00857462E+000, 1.99657602E+000
 3.75000000E+003, 3.12500000E+000, 5.00883314E+000, 1.99647298E+000
 3.85000000E+003, 3.07500000E+000, 5.00909920E+000, 1.99636693E+000
 3.95000000E+003, 3.02500000E+000, 5.00937305E+000, 1.99625780E+000
 4.05000000E+003, 2.97500000E+000, 5.00965489E+000, 1.99614549E+000
 4.15000000E+003, 2.92500000E+000, 5.00994497E+000, 1.99602991E+000
 4.25000000E+003, 2.87500000E+000, 5.01024352E+000, 1.99591097E+000
 4.35000000E+003, 2.82500000E+000, 5.01055079E+000, 1.99578857E+000
 4.45000000E+003, 2.77500000E+000, 5.01086702E+000, 1.99566262E+000
 4.55000000E+003, 2.72500000E+000, 5.01119249E+000, 1.99553301E+000
 4.65000000E+003, 2.67500000E+000, 5.01152744E+000, 1.99539963E+000
 4.75000000E+003, 2.62500000E+000, 5.01187217E+000, 1.99526238E+000
 4.85000000E+003, 2.57500000E+000, 5.01222694E+000, 1.99512115E+000
 4.95000000E+003, 2.52500000E+000, 5.01259206E+000, 1.99497583E+000
 5.05000000E+003, 2.47500000E+000, 5.01296781E+000, 1.99482629E+000
 5.15000000E+003, 2.42500000E+000, 5.01335451E+000, 1.99467243E+000
 5.25000000E+003, 2.37500000E+000, 5.01375246E+000, 1.99451410E+000
 5.35000000E+003, 2.32500000E+000, 5.01416200E+000, 1.99435120E+000
 5.45000000E+003, 2.27500000E+000, 5.01458346E+000, 1.99418358E+000
 5.55000000E+003, 2.22500000E+000, 5.01501717E+000, 1.99401112E+000
 5.65000000E+003, 2.17500000E+000, 5.01546349E+000, 1.99383367E+000
 5.75000000E+003, 2.12500000E+000, 5.01592279E+000, 1.99365110E+000
 5.85000000E+003, 2.07500000E+000, 5.01639542E+000, 1.99346327E+000
 5.95000000E+003, 2.02500000E+000, 5.01688179E+000, 1.99327001E+000
 6.05000000E+003, 1.97500000E+000, 5.01738226E+000, 1.99307118E+000
 6.15000000E+003, 1.92500000E+000, 5.01789727E+000, 1.99286663E+000
 6.25000000E+003, 1.87500000E+000, 5.01842720E+000, 1.99265618E+000
 6.35000000E+003, 1.82500000E+000, 5.01897250E+000, 1.99243969E+000
 6.45000000E+003, 1.77500000E+000, 5.01953360E+000, 1.99221697E+000
 6.55000000E+003, 1.72500000E+000, 5.02011094E+000, 1.99198785E+000
 6.65000000E+003, 1.67500000E+000, 5.02070500E+000, 1.99175215E+000
 6.75000000E+003, 1.62500000E+000, 5.02131624E+000, 1.99150970E+000
 6.85000000E+003, 1.57500000E+000, 5.02194516E+000, 1.99126029E+000
 6.95000000E+003, 1.52500000E+000, 5.02259225E+000, 1.99100375E+000
 7.05000000E+003, 1.47500000E+000, 5.02325803E+000, 1.99073986E+000
 7.15000000E+003, 1.42500000E+000, 5.02394303E+000, 1.99046843E+000
 7.25000000E+003, 1.37500000E+000, 5.02464780E+000, 1.99018924E+000
 7.35000000E+003, 1.32500000E+000, 5.02537288E+000, 1.98990209E+000
 7.45000000E+003, 1.27500000E+000, 5.02611885E+000, 1.98960675E+000
 7.55000000E+003, 1.22500000E+000, 5.02688630E+000, 1.98930300E+000
 7.65000000E+003, 1.17500000E+000, 5.02767583E+000, 1.98899061E+000
 7.75000000E+003, 1.12500000E+000, 5.02848807E+000, 1.98866933E+000
 7.85000000E+003, 1.07500000E+000, 5.02932365E+000, 1.98833893E+000
 7.95000000E+003, 1.02500000E+000, 5.03018322E+000, 1.98799916E+000
 8.05000000E+003, 9.75000000E-001, 5.03106745E+000, 1.98764976E+000
 8.15000000E+003, 9.25000000E-001, 5.03197703E+000, 1.98729047E+000
 8.25000000E+003, 8.75000000E-001, 5.03291267E+000, 1.98692102E+000
 8.35000000E+003, 8.25000000E-001, 5.03387509E+000, 1.98654115E+000
 8.45000000E+003, 7.75000000E-001, 5.03486504E+000, 1.98615056E+000
 8.55000000E+003, 7.25000000E-001, 5.03588328E+000, 1.98574896E+000
 8.65000000E+003, 6.75000000E-001, 5.03693059E+000, 1.98533608E+000
 8.75000000E+003, 6.25000000E-001, 5.03800777E+000, 1.98491159E+000
 8.85000000E+003, 5.75000000E-001, 5.03911565E+000, 1.98447519E+000
 8.95000000E+003, 5.25000000E-001, 5.04025507E+000, 1.98402658E+000
 9.05000000E+003, 4.75000000E-001, 5.04142690E+000, 1.98356541E+000
 9.15000000E+003, 4.25000000E-001, 5.04263202E+000, 1.98309136E+000
 9.25000000E+003, 3.75000000E-001, 5.04387135E+000, 1.98260410E+000
 9.35000000E+003, 3.25000000E-001, 5.04514582E+000, 1.98210326E+000
 9.45000000E+003, 2.75000000E-001, 5.04645639E+000, 1.98158851E+000
 9.55000000E+003, 2.25000000E-001, 5.04780403E+000, 1.98105948E+000
 9.65000000E+003, 1.75000000E-001, 5.04918975E+000, 1.98051579E+000
 9.75000000E+003, 1.25000000E-001, 5.05061458E+000, 1.97995706E+000
 9.85000000E+003, 7.50000000E-002, 5.05207958E+000, 1.97938292E+000
 9.95000000E+003, 2.50000000E-002, 5.05358581E+000, 1.97879295E+000
