   20.008857441864997      ,         100
X,ZB,H,U,T1,T2
 5.00000000E-002, 0.00000000E+000, 1.00000000E+000, 1.00000000E+000, 1.00000000E+000, 1.00000000E+000
 1.50000000E-001, 0.00000000E+000, 1.00000000E+000, 1.00000000E+000, 1.00000000E+000, 1.00000000E+000
 2.50000000E-001, 0.00000000E+000, 1.00000000E+000, 1.00000000E+000, 1.00000000E+000, 1.00000000E+000
 3.50000000E-001, 0.00000000E+000, 1.00000000E+000, 1.00000000E+000, 1.00000000E+000, 1.00000000E+000
 4.50000000E-001, 0.00000000E+000, 1.00000000E+000, 1.00000000E+000, 1.00000000E+000, 1.00000000E+000
 5.50000000E-001, 0.00000000E+000, 1.00000000E+000, 1.00000000E+000, 1.00000000E+000, 1.00000000E+000
 6.50000000E-001, 0.00000000E+000, 1.00000000E+000, 1.00000000E+000, 1.00000000E+000, 1.00000000E+000
 7.50000000E-001, 0.00000000E+000, 1.00000000E+000, 1.00000000E+000, 1.00000000E+000, 1.00000000E+000
 8.50000000E-001, 0.00000000E+000, 1.00000000E+000, 1.00000000E+000, 1.00000000E+000, 1.00000000E+000
 9.50000000E-001, 0.00000000E+000, 1.00000000E+000, 1.00000000E+000, 1.00000000E+000, 1.00000000E+000
 1.05000000E+000, 0.00000000E+000, 1.00000000E+000, 1.00000000E+000, 1.00000000E+000, 1.00000000E+000
 1.15000000E+000, 0.00000000E+000, 1.00000000E+000, 1.00000000E+000, 1.00000000E+000, 1.00000000E+000
 1.25000000E+000, 0.00000000E+000, 1.00000000E+000, 1.00000000E+000, 1.00000000E+000, 1.00000000E+000
 1.35000000E+000, 0.00000000E+000, 1.00000000E+000, 1.00000000E+000, 1.00000000E+000, 1.00000000E+000
 1.45000000E+000, 0.00000000E+000, 1.00000000E+000, 1.00000000E+000, 1.00000000E+000, 1.00000000E+000
 1.55000000E+000, 0.00000000E+000, 1.00000000E+000, 1.00000000E+000, 1.00000000E+000, 1.00000000E+000
 1.65000000E+000, 0.00000000E+000, 1.00000000E+000, 1.00000000E+000, 1.00000000E+000, 1.00000000E+000
 1.75000000E+000, 0.00000000E+000, 1.00000000E+000, 1.00000000E+000, 1.00000000E+000, 1.00000000E+000
 1.85000000E+000, 0.00000000E+000, 1.00000000E+000, 1.00000000E+000, 1.00000000E+000, 1.00000000E+000
 1.95000000E+000, 0.00000000E+000, 1.00000000E+000, 1.00000000E+000, 1.00000000E+000, 1.00000000E+000
 2.05000000E+000, 0.00000000E+000, 1.00000000E+000, 1.00000000E+000, 1.00000000E+000, 1.00000000E+000
 2.15000000E+000, 0.00000000E+000, 1.00000000E+000, 1.00000000E+000, 1.00000000E+000, 1.00000000E+000
 2.25000000E+000, 0.00000000E+000, 1.00000000E+000, 1.00000000E+000, 1.00000000E+000, 1.00000000E+000
 2.35000000E+000, 0.00000000E+000, 1.00000000E+000, 1.00000000E+000, 1.00000000E+000, 1.00000000E+000
 2.45000000E+000, 0.00000000E+000, 1.00000000E+000, 1.00000000E+000, 1.00000000E+000, 1.00000000E+000
 2.55000000E+000, 0.00000000E+000, 1.00000000E+000, 1.00000000E+000, 1.00000000E+000, 1.00000000E+000
 2.65000000E+000, 0.00000000E+000, 1.00000000E+000, 1.00000000E+000, 1.00000000E+000, 1.00000000E+000
 2.75000000E+000, 0.00000000E+000, 1.00000000E+000, 1.00000000E+000, 1.00000000E+000, 1.00000000E+000
 2.85000000E+000, 0.00000000E+000, 1.00000000E+000, 1.00000000E+000, 1.00000000E+000, 1.00000000E+000
 2.95000000E+000, 0.00000000E+000, 1.00000000E+000, 1.00000000E+000, 1.00000000E+000, 1.00000000E+000
 3.05000000E+000, 0.00000000E+000, 1.00000000E+000, 1.00000000E+000, 1.00000000E+000, 1.00000000E+000
 3.15000000E+000, 0.00000000E+000, 1.00000000E+000, 1.00000000E+000, 1.00000000E+000, 1.00000000E+000
 3.25000000E+000, 0.00000000E+000, 1.00000000E+000, 1.00000000E+000, 1.00000000E+000, 1.00000000E+000
 3.35000000E+000, 0.00000000E+000, 1.00000000E+000, 1.00000000E+000, 1.00000000E+000, 1.00000000E+000
 3.45000000E+000, 0.00000000E+000, 1.00000000E+000, 1.00000000E+000, 1.00000000E+000, 1.00000000E+000
 3.55000000E+000, 0.00000000E+000, 1.00000000E+000, 1.00000000E+000, 1.00000000E+000, 1.00000000E+000
 3.65000000E+000, 0.00000000E+000, 1.00000000E+000, 1.00000000E+000, 1.00000000E+000, 1.00000000E+000
 3.75000000E+000, 0.00000000E+000, 1.00000000E+000, 1.00000000E+000, 1.00000000E+000, 1.00000000E+000
 3.85000000E+000, 0.00000000E+000, 1.00000000E+000, 1.00000000E+000, 1.00000000E+000, 1.00000000E+000
 3.95000000E+000, 0.00000000E+000, 1.00000000E+000, 1.00000000E+000, 1.00000000E+000, 1.00000000E+000
 4.05000000E+000, 0.00000000E+000, 1.00000000E+000, 1.00000000E+000, 1.00000000E+000, 1.00000000E+000
 4.15000000E+000, 0.00000000E+000, 1.00000000E+000, 1.00000000E+000, 1.00000000E+000, 1.00000000E+000
 4.25000000E+000, 0.00000000E+000, 1.00000000E+000, 1.00000000E+000, 1.00000000E+000, 1.00000000E+000
 4.35000000E+000, 0.00000000E+000, 1.00000000E+000, 1.00000000E+000, 1.00000000E+000, 1.00000000E+000
 4.45000000E+000, 0.00000000E+000, 1.00000000E+000, 1.00000000E+000, 1.00000000E+000, 1.00000000E+000
 4.55000000E+000, 0.00000000E+000, 1.00000000E+000, 1.00000000E+000, 1.00000000E+000, 1.00000000E+000
 4.65000000E+000, 0.00000000E+000, 1.00000000E+000, 1.00000000E+000, 1.00000000E+000, 1.00000000E+000
 4.75000000E+000, 0.00000000E+000, 1.00000000E+000, 1.00000000E+000, 1.00000000E+000, 1.00000000E+000
 4.85000000E+000, 0.00000000E+000, 1.00000000E+000, 1.00000000E+000, 1.00000000E+000, 1.00000000E+000
 4.95000000E+000, 0.00000000E+000, 1.00000000E+000, 1.00000000E+000, 1.00000000E+000, 1.00000000E+000
 5.05000000E+000, 0.00000000E+000, 1.00000000E+000, 1.00000000E+000, 1.00000000E+000, 1.00000000E+000
 5.15000000E+000, 0.00000000E+000, 1.00000000E+000, 1.00000000E+000, 1.00000000E+000, 1.00000000E+000
 5.25000000E+000, 0.00000000E+000, 1.00000000E+000, 1.00000000E+000, 1.00000000E+000, 1.00000000E+000
 5.35000000E+000, 0.00000000E+000, 1.00000000E+000, 1.00000000E+000, 1.00000000E+000, 1.00000000E+000
 5.45000000E+000, 0.00000000E+000, 1.00000000E+000, 1.00000000E+000, 1.00000000E+000, 1.00000000E+000
 5.55000000E+000, 0.00000000E+000, 1.00000000E+000, 1.00000000E+000, 1.00000000E+000, 1.00000000E+000
 5.65000000E+000, 0.00000000E+000, 1.00000000E+000, 1.00000000E+000, 1.00000000E+000, 1.00000000E+000
 5.75000000E+000, 0.00000000E+000, 1.00000000E+000, 1.00000000E+000, 1.00000000E+000, 1.00000000E+000
 5.85000000E+000, 0.00000000E+000, 1.00000000E+000, 1.00000000E+000, 1.00000000E+000, 1.00000000E+000
 5.95000000E+000, 0.00000000E+000, 1.00000000E+000, 1.00000000E+000, 1.00000000E+000, 1.00000000E+000
 6.05000000E+000, 0.00000000E+000, 1.00000000E+000, 1.00000000E+000, 1.00000000E+000, 1.00000000E+000
 6.15000000E+000, 0.00000000E+000, 1.00000000E+000, 1.00000000E+000, 1.00000000E+000, 1.00000000E+000
 6.25000000E+000, 0.00000000E+000, 1.00000000E+000, 1.00000000E+000, 1.00000000E+000, 1.00000000E+000
 6.35000000E+000, 0.00000000E+000, 1.00000000E+000, 1.00000000E+000, 1.00000000E+000, 1.00000000E+000
 6.45000000E+000, 0.00000000E+000, 1.00000000E+000, 1.00000000E+000, 1.00000000E+000, 1.00000000E+000
 6.55000000E+000, 0.00000000E+000, 1.00000000E+000, 1.00000000E+000, 1.00000000E+000, 1.00000000E+000
 6.65000000E+000, 0.00000000E+000, 1.00000000E+000, 1.00000000E+000, 1.00000000E+000, 1.00000000E+000
 6.75000000E+000, 0.00000000E+000, 1.00000000E+000, 1.00000000E+000, 1.00000000E+000, 1.00000000E+000
 6.85000000E+000, 0.00000000E+000, 1.00000000E+000, 1.00000000E+000, 1.00000000E+000, 1.00000000E+000
 6.95000000E+000, 0.00000000E+000, 1.00000000E+000, 1.00000000E+000, 1.00000000E+000, 1.00000000E+000
 7.05000000E+000, 0.00000000E+000, 1.00000000E+000, 1.00000000E+000, 1.00000000E+000, 1.00000000E+000
 7.15000000E+000, 0.00000000E+000, 1.00000000E+000, 1.00000000E+000, 1.00000000E+000, 1.00000000E+000
 7.25000000E+000, 0.00000000E+000, 1.00000000E+000, 1.00000000E+000, 1.00000000E+000, 1.00000000E+000
 7.35000000E+000, 0.00000000E+000, 1.00000000E+000, 1.00000000E+000, 1.00000000E+000, 1.00000000E+000
 7.45000000E+000, 0.00000000E+000, 1.00000000E+000, 1.00000000E+000, 1.00000000E+000, 1.00000000E+000
 7.55000000E+000, 0.00000000E+000, 1.00000000E+000, 1.00000000E+000, 1.00000000E+000, 1.00000000E+000
 7.65000000E+000, 0.00000000E+000, 1.00000000E+000, 1.00000000E+000, 1.00000000E+000, 1.00000000E+000
 7.75000000E+000, 0.00000000E+000, 1.00000000E+000, 1.00000000E+000, 1.00000000E+000, 1.00000000E+000
 7.85000000E+000, 0.00000000E+000, 1.00000000E+000, 1.00000000E+000, 1.00000000E+000, 1.00000000E+000
 7.95000000E+000, 0.00000000E+000, 1.00000000E+000, 1.00000000E+000, 1.00000000E+000, 1.00000000E+000
 8.05000000E+000, 0.00000000E+000, 1.00000000E+000, 1.00000000E+000, 1.00000000E+000, 1.00000000E+000
 8.15000000E+000, 0.00000000E+000, 1.00000000E+000, 1.00000000E+000, 1.00000000E+000, 1.00000000E+000
 8.25000000E+000, 0.00000000E+000, 1.00000000E+000, 1.00000000E+000, 1.00000000E+000, 1.00000000E+000
 8.35000000E+000, 0.00000000E+000, 1.00000000E+000, 1.00000000E+000, 1.00000000E+000, 1.00000000E+000
 8.45000000E+000, 0.00000000E+000, 1.00000000E+000, 1.00000000E+000, 1.00000000E+000, 1.00000000E+000
 8.55000000E+000, 0.00000000E+000, 1.00000000E+000, 1.00000000E+000, 1.00000000E+000, 1.00000000E+000
 8.65000000E+000, 0.00000000E+000, 1.00000000E+000, 1.00000000E+000, 1.00000000E+000, 1.00000000E+000
 8.75000000E+000, 0.00000000E+000, 1.00000000E+000, 1.00000000E+000, 1.00000000E+000, 1.00000000E+000
 8.85000000E+000, 0.00000000E+000, 1.00000000E+000, 1.00000000E+000, 1.00000000E+000, 1.00000000E+000
 8.95000000E+000, 0.00000000E+000, 1.00000000E+000, 1.00000000E+000, 1.00000000E+000, 1.00000000E+000
 9.05000000E+000, 0.00000000E+000, 1.00000000E+000, 1.00000000E+000, 1.00000000E+000, 1.00000000E+000
 9.15000000E+000, 0.00000000E+000, 1.00000000E+000, 1.00000000E+000, 1.00000000E+000, 1.00000000E+000
 9.25000000E+000, 0.00000000E+000, 1.00000000E+000, 1.00000000E+000, 1.00000000E+000, 1.00000000E+000
 9.35000000E+000, 0.00000000E+000, 1.00000000E+000, 1.00000000E+000, 1.00000000E+000, 1.00000000E+000
 9.45000000E+000, 0.00000000E+000, 1.00000000E+000, 1.00000000E+000, 1.00000000E+000, 1.00000000E+000
 9.55000000E+000, 0.00000000E+000, 1.00000000E+000, 1.00000000E+000, 1.00000000E+000, 1.00000000E+000
 9.65000000E+000, 0.00000000E+000, 1.00000000E+000, 1.00000000E+000, 1.00000000E+000, 1.00000000E+000
 9.75000000E+000, 0.00000000E+000, 1.00000000E+000, 1.00000000E+000, 1.00000000E+000, 1.00000000E+000
 9.85000000E+000, 0.00000000E+000, 1.00000000E+000, 1.00000000E+000, 1.00000000E+000, 1.00000000E+000
 9.95000000E+000, 0.00000000E+000, 1.00000000E+000, 1.00000000E+000, 1.00000000E+000, 1.00000000E+000
