  0.50243749298605223      ,         100
X,ZB,H,U,Q
 5.00000000E-002, 0.00000000E+000, 1.00000000E+000, 0.00000000E+000, 0.00000000E+000
 1.50000000E-001, 0.00000000E+000, 1.00000000E+000, 0.00000000E+000, 0.00000000E+000
 2.50000000E-001, 0.00000000E+000, 1.00000000E+000, 0.00000000E+000, 0.00000000E+000
 3.50000000E-001, 0.00000000E+000, 1.00000000E+000, 0.00000000E+000, 0.00000000E+000
 4.50000000E-001, 0.00000000E+000, 1.00000000E+000, 0.00000000E+000, 0.00000000E+000
 5.50000000E-001, 0.00000000E+000, 1.00000000E+000, 0.00000000E+000, 0.00000000E+000
 6.50000000E-001, 0.00000000E+000, 1.00000000E+000, 1.61764849E-016, 1.61764849E-016
 7.50000000E-001, 0.00000000E+000, 1.00000000E+000, 1.81987111E-015, 1.81987111E-015
 8.50000000E-001, 0.00000000E+000, 1.00000000E+000, 1.07373636E-014, 1.07373636E-014
 9.50000000E-001, 0.00000000E+000, 1.00000000E+000, 5.73069941E-014, 5.73069941E-014
 1.05000000E+000, 0.00000000E+000, 1.00000000E+000, 2.88598929E-013, 2.88598929E-013
 1.15000000E+000, 0.00000000E+000, 1.00000000E+000, 1.41679281E-012, 1.41679281E-012
 1.25000000E+000, 0.00000000E+000, 1.00000000E+000, 6.74370373E-012, 6.74370373E-012
 1.35000000E+000, 0.00000000E+000, 1.00000000E+000, 3.10962927E-011, 3.10962927E-011
 1.45000000E+000, 0.00000000E+000, 1.00000000E+000, 1.38917708E-010, 1.38917708E-010
 1.55000000E+000, 0.00000000E+000, 1.00000000E+000, 6.00661025E-010, 6.00661025E-010
 1.65000000E+000, 0.00000000E+000, 9.99999999E-001, 2.51122217E-009, 2.51122217E-009
 1.75000000E+000, 0.00000000E+000, 9.99999997E-001, 1.01399969E-008, 1.01399969E-008
 1.85000000E+000, 0.00000000E+000, 9.99999988E-001, 3.94965339E-008, 3.94965334E-008
 1.95000000E+000, 0.00000000E+000, 9.99999955E-001, 1.48207427E-007, 1.48207420E-007
 2.05000000E+000, 0.00000000E+000, 9.99999836E-001, 5.34975955E-007, 5.34975867E-007
 2.15000000E+000, 0.00000000E+000, 9.99999429E-001, 1.85458820E-006, 1.85458714E-006
 2.25000000E+000, 0.00000000E+000, 9.99998098E-001, 6.16346983E-006, 6.16345811E-006
 2.35000000E+000, 0.00000000E+000, 9.99993939E-001, 1.95969361E-005, 1.95968173E-005
 2.45000000E+000, 0.00000000E+000, 9.99981562E-001, 5.94762068E-005, 5.94751102E-005
 2.55000000E+000, 0.00000000E+000, 9.99946600E-001, 1.71855098E-004, 1.71845920E-004
 2.65000000E+000, 0.00000000E+000, 9.99853175E-001, 4.71367208E-004, 4.71298000E-004
 2.75000000E+000, 0.00000000E+000, 9.99618051E-001, 1.22312622E-003, 1.22265905E-003
 2.85000000E+000, 0.00000000E+000, 9.99063517E-001, 2.99128524E-003, 2.98848396E-003
 2.95000000E+000, 0.00000000E+000, 9.97844929E-001, 6.86657419E-003, 6.85177624E-003
 3.05000000E+000, 0.00000000E+000, 9.95365534E-001, 1.47336125E-002, 1.46653301E-002
 3.15000000E+000, 0.00000000E+000, 9.90724375E-001, 2.94394708E-002, 2.91664013E-002
 3.25000000E+000, 0.00000000E+000, 9.82775693E-001, 5.46307838E-002, 5.36898064E-002
 3.35000000E+000, 0.00000000E+000, 9.70362902E-001, 9.40750274E-002, 9.12869166E-002
 3.45000000E+000, 0.00000000E+000, 9.52685784E-001, 1.50580670E-001, 1.43456063E-001
 3.55000000E+000, 0.00000000E+000, 9.29617556E-001, 2.25031134E-001, 2.09192893E-001
 3.65000000E+000, 0.00000000E+000, 9.01761421E-001, 3.16137256E-001, 2.85080381E-001
 3.75000000E+000, 0.00000000E+000, 8.70202306E-001, 4.21077140E-001, 3.66422299E-001
 3.85000000E+000, 0.00000000E+000, 8.36121106E-001, 5.36599621E-001, 4.48662268E-001
 3.95000000E+000, 0.00000000E+000, 8.00484754E-001, 6.59989928E-001, 5.28311875E-001
 4.05000000E+000, 0.00000000E+000, 7.63907509E-001, 7.89568980E-001, 6.03157673E-001
 4.15000000E+000, 0.00000000E+000, 7.27260060E-001, 9.21823993E-001, 6.70405772E-001
 4.25000000E+000, 0.00000000E+000, 6.91579253E-001, 1.05333364E+000, 7.28463690E-001
 4.35000000E+000, 0.00000000E+000, 6.57374222E-001, 1.18454095E+000, 7.78686683E-001
 4.45000000E+000, 0.00000000E+000, 6.25209238E-001, 1.31524540E+000, 8.22303577E-001
 4.55000000E+000, 0.00000000E+000, 5.92871549E-001, 1.43403466E+000, 8.50198347E-001
 4.65000000E+000, 0.00000000E+000, 5.65312110E-001, 1.55246870E+000, 8.77629354E-001
 4.75000000E+000, 0.00000000E+000, 5.42732783E-001, 1.66126014E+000, 9.01620338E-001
 4.85000000E+000, 0.00000000E+000, 5.22128016E-001, 1.73199439E+000, 9.04322795E-001
 4.95000000E+000, 0.00000000E+000, 5.10043026E-001, 1.77691509E+000, 9.06303150E-001
 5.05000000E+000, 0.00000000E+000, 5.07211364E-001, 1.80491518E+000, 9.15473493E-001
 5.15000000E+000, 0.00000000E+000, 5.06407213E-001, 1.80981553E+000, 9.16503641E-001
 5.25000000E+000, 0.00000000E+000, 5.06838615E-001, 1.80726878E+000, 9.15993607E-001
 5.35000000E+000, 0.00000000E+000, 5.06758776E-001, 1.80347406E+000, 9.13926310E-001
 5.45000000E+000, 0.00000000E+000, 5.06489857E-001, 1.80105730E+000, 9.12217257E-001
 5.55000000E+000, 0.00000000E+000, 5.06523393E-001, 1.80023101E+000, 9.11859122E-001
 5.65000000E+000, 0.00000000E+000, 5.06796524E-001, 1.80022006E+000, 9.12345268E-001
 5.75000000E+000, 0.00000000E+000, 5.07164164E-001, 1.80072104E+000, 9.13261181E-001
 5.85000000E+000, 0.00000000E+000, 5.07385651E-001, 1.80065129E+000, 9.13624628E-001
 5.95000000E+000, 0.00000000E+000, 5.07374374E-001, 1.79970218E+000, 9.13122768E-001
 6.05000000E+000, 0.00000000E+000, 5.06991964E-001, 1.79749773E+000, 9.11316904E-001
 6.15000000E+000, 0.00000000E+000, 5.05615221E-001, 1.79083387E+000, 9.05472860E-001
 6.25000000E+000, 0.00000000E+000, 5.00403467E-001, 1.76819824E+000, 8.84812530E-001
 6.35000000E+000, 0.00000000E+000, 4.80815129E-001, 1.68356460E+000, 8.09483329E-001
 6.45000000E+000, 0.00000000E+000, 4.16391448E-001, 1.38148641E+000, 5.75239125E-001
 6.55000000E+000, 0.00000000E+000, 2.82727861E-001, 6.33875288E-001, 1.79214204E-001
 6.65000000E+000, 0.00000000E+000, 2.11820642E-001, 9.32271075E-002, 1.97474258E-002
 6.75000000E+000, 0.00000000E+000, 2.01311621E-001, 1.00761863E-002, 2.02845339E-003
 6.85000000E+000, 0.00000000E+000, 2.00138279E-001, 1.05701306E-003, 2.11548775E-004
 6.95000000E+000, 0.00000000E+000, 2.00014481E-001, 1.10641239E-004, 2.21298500E-005
 7.05000000E+000, 0.00000000E+000, 2.00001512E-001, 1.15524984E-005, 2.31051715E-006
 7.15000000E+000, 0.00000000E+000, 2.00000157E-001, 1.20253541E-006, 2.40507270E-007
 7.25000000E+000, 0.00000000E+000, 2.00000016E-001, 1.24746552E-007, 2.49493124E-008
 7.35000000E+000, 0.00000000E+000, 2.00000002E-001, 1.28890299E-008, 2.57780601E-009
 7.45000000E+000, 0.00000000E+000, 2.00000000E-001, 1.32534090E-009, 2.65068180E-010
 7.55000000E+000, 0.00000000E+000, 2.00000000E-001, 1.35497269E-010, 2.70994538E-011
 7.65000000E+000, 0.00000000E+000, 2.00000000E-001, 1.37578499E-011, 2.75156997E-012
 7.75000000E+000, 0.00000000E+000, 2.00000000E-001, 1.38571986E-012, 2.77143972E-013
 7.85000000E+000, 0.00000000E+000, 2.00000000E-001, 1.38349985E-013, 2.76699969E-014
 7.95000000E+000, 0.00000000E+000, 2.00000000E-001, 1.37284585E-014, 2.74569171E-015
 8.05000000E+000, 0.00000000E+000, 2.00000000E-001, 1.24803438E-015, 2.49606877E-016
 8.15000000E+000, 0.00000000E+000, 2.00000000E-001, 1.23219748E-016, 2.46439496E-017
 8.25000000E+000, 0.00000000E+000, 2.00000000E-001, 0.00000000E+000, 0.00000000E+000
 8.35000000E+000, 0.00000000E+000, 2.00000000E-001, 0.00000000E+000, 0.00000000E+000
 8.45000000E+000, 0.00000000E+000, 2.00000000E-001, 0.00000000E+000, 0.00000000E+000
 8.55000000E+000, 0.00000000E+000, 2.00000000E-001, 0.00000000E+000, 0.00000000E+000
 8.65000000E+000, 0.00000000E+000, 2.00000000E-001, 0.00000000E+000, 0.00000000E+000
 8.75000000E+000, 0.00000000E+000, 2.00000000E-001, 0.00000000E+000, 0.00000000E+000
 8.85000000E+000, 0.00000000E+000, 2.00000000E-001, 0.00000000E+000, 0.00000000E+000
 8.95000000E+000, 0.00000000E+000, 2.00000000E-001, 0.00000000E+000, 0.00000000E+000
 9.05000000E+000, 0.00000000E+000, 2.00000000E-001, 0.00000000E+000, 0.00000000E+000
 9.15000000E+000, 0.00000000E+000, 2.00000000E-001, 0.00000000E+000, 0.00000000E+000
 9.25000000E+000, 0.00000000E+000, 2.00000000E-001, 0.00000000E+000, 0.00000000E+000
 9.35000000E+000, 0.00000000E+000, 2.00000000E-001, 0.00000000E+000, 0.00000000E+000
 9.45000000E+000, 0.00000000E+000, 2.00000000E-001, 0.00000000E+000, 0.00000000E+000
 9.55000000E+000, 0.00000000E+000, 2.00000000E-001, 0.00000000E+000, 0.00000000E+000
 9.65000000E+000, 0.00000000E+000, 2.00000000E-001, 0.00000000E+000, 0.00000000E+000
 9.75000000E+000, 0.00000000E+000, 2.00000000E-001, 0.00000000E+000, 0.00000000E+000
 9.85000000E+000, 0.00000000E+000, 2.00000000E-001, 0.00000000E+000, 0.00000000E+000
 9.95000000E+000, 0.00000000E+000, 2.00000000E-001, 0.00000000E+000, 0.00000000E+000
