  0.50452334439483859      ,         100
X,ZB,H,U,Q
 5.00000000E-002, 0.00000000E+000, 1.00000000E+000, 0.00000000E+000, 0.00000000E+000
 1.50000000E-001, 0.00000000E+000, 1.00000000E+000, 0.00000000E+000, 0.00000000E+000
 2.50000000E-001, 0.00000000E+000, 1.00000000E+000, 0.00000000E+000, 0.00000000E+000
 3.50000000E-001, 0.00000000E+000, 1.00000000E+000, 0.00000000E+000, 0.00000000E+000
 4.50000000E-001, 0.00000000E+000, 1.00000000E+000, 0.00000000E+000, 0.00000000E+000
 5.50000000E-001, 0.00000000E+000, 1.00000000E+000, 5.67191316E-016, 5.67191316E-016
 6.50000000E-001, 0.00000000E+000, 1.00000000E+000, 7.21144042E-015, 7.21144042E-015
 7.50000000E-001, 0.00000000E+000, 1.00000000E+000, 6.64425429E-014, 6.64425429E-014
 8.50000000E-001, 0.00000000E+000, 1.00000000E+000, 5.43370637E-013, 5.43370637E-013
 9.50000000E-001, 0.00000000E+000, 1.00000000E+000, 4.00162770E-012, 4.00162770E-012
 1.05000000E+000, 0.00000000E+000, 1.00000000E+000, 2.67273641E-011, 2.67273641E-011
 1.15000000E+000, 0.00000000E+000, 1.00000000E+000, 1.62751271E-010, 1.62751271E-010
 1.25000000E+000, 0.00000000E+000, 1.00000000E+000, 9.07079167E-010, 9.07079167E-010
 1.35000000E+000, 0.00000000E+000, 9.99999999E-001, 4.64276451E-009, 4.64276451E-009
 1.45000000E+000, 0.00000000E+000, 9.99999994E-001, 2.18861275E-008, 2.18861273E-008
 1.55000000E+000, 0.00000000E+000, 9.99999972E-001, 9.52570140E-008, 9.52570114E-008
 1.65000000E+000, 0.00000000E+000, 9.99999888E-001, 3.83605898E-007, 3.83605855E-007
 1.75000000E+000, 0.00000000E+000, 9.99999581E-001, 1.43194896E-006, 1.43194836E-006
 1.85000000E+000, 0.00000000E+000, 9.99998543E-001, 4.96252248E-006, 4.96251525E-006
 1.95000000E+000, 0.00000000E+000, 9.99995286E-001, 1.59877483E-005, 1.59876729E-005
 2.05000000E+000, 0.00000000E+000, 9.99985806E-001, 4.79368945E-005, 4.79362141E-005
 2.15000000E+000, 0.00000000E+000, 9.99960187E-001, 1.33894278E-004, 1.33888947E-004
 2.25000000E+000, 0.00000000E+000, 9.99895878E-001, 3.48671333E-004, 3.48635029E-004
 2.35000000E+000, 0.00000000E+000, 9.99745912E-001, 8.47132431E-004, 8.46917185E-004
 2.45000000E+000, 0.00000000E+000, 9.99421026E-001, 1.92172438E-003, 1.92061175E-003
 2.55000000E+000, 0.00000000E+000, 9.98767083E-001, 4.07400606E-003, 4.06898315E-003
 2.65000000E+000, 0.00000000E+000, 9.97543598E-001, 8.08101826E-003, 8.06116803E-003
 2.75000000E+000, 0.00000000E+000, 9.95413843E-001, 1.50234113E-002, 1.49545116E-002
 2.85000000E+000, 0.00000000E+000, 9.91958204E-001, 2.62403599E-002, 2.60293403E-002
 2.95000000E+000, 0.00000000E+000, 9.86716585E-001, 4.31967076E-002, 4.26229078E-002
 3.05000000E+000, 0.00000000E+000, 9.79253349E-001, 6.72862095E-002, 6.58902460E-002
 3.15000000E+000, 0.00000000E+000, 9.69226227E-001, 9.96289151E-002, 9.65629575E-002
 3.25000000E+000, 0.00000000E+000, 9.56437241E-001, 1.40926440E-001, 1.34787295E-001
 3.35000000E+000, 0.00000000E+000, 9.40851634E-001, 1.91411988E-001, 1.80090282E-001
 3.45000000E+000, 0.00000000E+000, 9.22584452E-001, 2.50891845E-001, 2.31468915E-001
 3.55000000E+000, 0.00000000E+000, 9.01865309E-001, 3.18845896E-001, 2.87556052E-001
 3.65000000E+000, 0.00000000E+000, 8.78995412E-001, 3.94547303E-001, 3.46805269E-001
 3.75000000E+000, 0.00000000E+000, 8.54308147E-001, 4.77170634E-001, 4.07650760E-001
 3.85000000E+000, 0.00000000E+000, 8.28139350E-001, 5.65872523E-001, 4.68621303E-001
 3.95000000E+000, 0.00000000E+000, 8.00808757E-001, 6.59841074E-001, 5.28406511E-001
 4.05000000E+000, 0.00000000E+000, 7.72611526E-001, 7.58316757E-001, 5.85884267E-001
 4.15000000E+000, 0.00000000E+000, 7.43817925E-001, 8.60588896E-001, 6.40121447E-001
 4.25000000E+000, 0.00000000E+000, 7.14679744E-001, 9.65969653E-001, 6.90358945E-001
 4.35000000E+000, 0.00000000E+000, 6.85443309E-001, 1.07374222E+000, 7.35989422E-001
 4.45000000E+000, 0.00000000E+000, 6.56370915E-001, 1.18307165E+000, 7.76533820E-001
 4.55000000E+000, 0.00000000E+000, 6.27775430E-001, 1.29285336E+000, 8.11621571E-001
 4.65000000E+000, 0.00000000E+000, 6.00076622E-001, 1.40145521E+000, 8.40980511E-001
 4.75000000E+000, 0.00000000E+000, 5.73890261E-001, 1.50629299E+000, 8.64446877E-001
 4.85000000E+000, 0.00000000E+000, 5.50148948E-001, 1.60322773E+000, 8.82014050E-001
 4.95000000E+000, 0.00000000E+000, 5.30181570E-001, 1.68610754E+000, 8.93943140E-001
 5.05000000E+000, 0.00000000E+000, 5.15479945E-001, 1.74773605E+000, 9.00922882E-001
 5.15000000E+000, 0.00000000E+000, 5.06788470E-001, 1.78404503E+000, 9.04133449E-001
 5.25000000E+000, 0.00000000E+000, 5.03108776E-001, 1.79879458E+000, 9.04989339E-001
 5.35000000E+000, 0.00000000E+000, 5.02282058E-001, 1.80113673E+000, 9.04678665E-001
 5.45000000E+000, 0.00000000E+000, 5.02502310E-001, 1.79883215E+000, 9.03917312E-001
 5.55000000E+000, 0.00000000E+000, 5.02885210E-001, 1.79564225E+000, 9.03001928E-001
 5.65000000E+000, 0.00000000E+000, 5.03153741E-001, 1.79264478E+000, 9.01975929E-001
 5.75000000E+000, 0.00000000E+000, 5.03243845E-001, 1.78982797E+000, 9.00719906E-001
 5.85000000E+000, 0.00000000E+000, 5.03081575E-001, 1.78669972E+000, 8.98855710E-001
 5.95000000E+000, 0.00000000E+000, 5.02414648E-001, 1.78203056E+000, 8.95318257E-001
 6.05000000E+000, 0.00000000E+000, 5.00506111E-001, 1.77263973E+000, 8.87217020E-001
 6.15000000E+000, 0.00000000E+000, 4.95434034E-001, 1.75038214E+000, 8.67198884E-001
 6.25000000E+000, 0.00000000E+000, 4.82670351E-001, 1.69559379E+000, 8.18412850E-001
 6.35000000E+000, 0.00000000E+000, 4.53237328E-001, 1.56593925E+000, 7.09742122E-001
 6.45000000E+000, 0.00000000E+000, 3.95783525E-001, 1.29183985E+000, 5.11288931E-001
 6.55000000E+000, 0.00000000E+000, 3.13793853E-001, 8.33422034E-001, 2.61522711E-001
 6.65000000E+000, 0.00000000E+000, 2.43287232E-001, 3.44447890E-001, 8.37997738E-002
 6.75000000E+000, 0.00000000E+000, 2.10863077E-001, 8.65847199E-002, 1.82575205E-002
 6.85000000E+000, 0.00000000E+000, 2.02146548E-001, 1.68364074E-002, 3.40342164E-003
 6.95000000E+000, 0.00000000E+000, 2.00388415E-001, 3.03237391E-003, 6.07652600E-004
 7.05000000E+000, 0.00000000E+000, 2.00067735E-001, 5.28734811E-004, 1.05782776E-004
 7.15000000E+000, 0.00000000E+000, 2.00011471E-001, 8.96234690E-005, 1.79257218E-005
 7.25000000E+000, 0.00000000E+000, 2.00001881E-001, 1.47179918E-005, 2.94362604E-006
 7.35000000E+000, 0.00000000E+000, 2.00000298E-001, 2.33083363E-006, 4.66167419E-007
 7.45000000E+000, 0.00000000E+000, 2.00000045E-001, 3.54346065E-007, 7.08692290E-008
 7.55000000E+000, 0.00000000E+000, 2.00000007E-001, 5.14946701E-008, 1.02989344E-008
 7.65000000E+000, 0.00000000E+000, 2.00000001E-001, 7.12612068E-009, 1.42522414E-009
 7.75000000E+000, 0.00000000E+000, 2.00000000E-001, 9.35848839E-010, 1.87169768E-010
 7.85000000E+000, 0.00000000E+000, 2.00000000E-001, 1.16271372E-010, 2.32542744E-011
 7.95000000E+000, 0.00000000E+000, 2.00000000E-001, 1.36278749E-011, 2.72557499E-012
 8.05000000E+000, 0.00000000E+000, 2.00000000E-001, 1.50287617E-012, 3.00575234E-013
 8.15000000E+000, 0.00000000E+000, 2.00000000E-001, 1.55548007E-013, 3.11096013E-014
 8.25000000E+000, 0.00000000E+000, 2.00000000E-001, 1.50914138E-014, 3.01828275E-015
 8.35000000E+000, 0.00000000E+000, 2.00000000E-001, 1.36734231E-015, 2.73468461E-016
 8.45000000E+000, 0.00000000E+000, 2.00000000E-001, 1.01284240E-016, 2.02568479E-017
 8.55000000E+000, 0.00000000E+000, 2.00000000E-001, 0.00000000E+000, 0.00000000E+000
 8.65000000E+000, 0.00000000E+000, 2.00000000E-001, 0.00000000E+000, 0.00000000E+000
 8.75000000E+000, 0.00000000E+000, 2.00000000E-001, 0.00000000E+000, 0.00000000E+000
 8.85000000E+000, 0.00000000E+000, 2.00000000E-001, 0.00000000E+000, 0.00000000E+000
 8.95000000E+000, 0.00000000E+000, 2.00000000E-001, 0.00000000E+000, 0.00000000E+000
 9.05000000E+000, 0.00000000E+000, 2.00000000E-001, 0.00000000E+000, 0.00000000E+000
 9.15000000E+000, 0.00000000E+000, 2.00000000E-001, 0.00000000E+000, 0.00000000E+000
 9.25000000E+000, 0.00000000E+000, 2.00000000E-001, 0.00000000E+000, 0.00000000E+000
 9.35000000E+000, 0.00000000E+000, 2.00000000E-001, 0.00000000E+000, 0.00000000E+000
 9.45000000E+000, 0.00000000E+000, 2.00000000E-001, 0.00000000E+000, 0.00000000E+000
 9.55000000E+000, 0.00000000E+000, 2.00000000E-001, 0.00000000E+000, 0.00000000E+000
 9.65000000E+000, 0.00000000E+000, 2.00000000E-001, 0.00000000E+000, 0.00000000E+000
 9.75000000E+000, 0.00000000E+000, 2.00000000E-001, 0.00000000E+000, 0.00000000E+000
 9.85000000E+000, 0.00000000E+000, 2.00000000E-001, 0.00000000E+000, 0.00000000E+000
 9.95000000E+000, 0.00000000E+000, 2.00000000E-001, 0.00000000E+000, 0.00000000E+000
