   1.0012994667711506      ,         100
X,ZB,H,U,Q
 5.00000000E-002, 0.00000000E+000, 1.00000000E+000, 1.14341734E-008, 1.14341734E-008
 1.50000000E-001, 0.00000000E+000, 9.99999972E-001, 1.05005442E-007, 1.05005439E-007
 2.50000000E-001, 0.00000000E+000, 9.99999966E-001, 1.10749677E-007, 1.10749673E-007
 3.50000000E-001, 0.00000000E+000, 1.00000006E+000,-1.99296041E-007,-1.99296054E-007
 4.50000000E-001, 0.00000000E+000, 1.00000022E+000,-6.75189496E-007,-6.75189641E-007
 5.50000000E-001, 0.00000000E+000, 1.00000010E+000,-3.14190834E-007,-3.14190866E-007
 6.50000000E-001, 0.00000000E+000, 9.99999379E-001, 1.94620070E-006, 1.94619949E-006
 7.50000000E-001, 0.00000000E+000, 9.99998514E-001, 4.65238196E-006, 4.65237505E-006
 8.50000000E-001, 0.00000000E+000, 9.99999146E-001, 2.69375590E-006, 2.69375359E-006
 9.50000000E-001, 0.00000000E+000, 1.00000210E+000,-6.70627327E-006,-6.70628735E-006
 1.05000000E+000, 0.00000000E+000, 1.00000310E+000,-9.63647191E-006,-9.63650178E-006
 1.15000000E+000, 0.00000000E+000, 9.99989386E-001, 3.20406807E-005, 3.20403406E-005
 1.25000000E+000, 0.00000000E+000, 9.99932997E-001, 2.15630383E-004, 2.15615935E-004
 1.35000000E+000, 0.00000000E+000, 9.99772878E-001, 7.15273650E-004, 7.15111196E-004
 1.45000000E+000, 0.00000000E+000, 9.99363540E-001, 1.99171742E-003, 1.99044977E-003
 1.55000000E+000, 0.00000000E+000, 9.98360611E-001, 5.13526293E-003, 5.12684424E-003
 1.65000000E+000, 0.00000000E+000, 9.96016468E-001, 1.24880958E-002, 1.24383491E-002
 1.75000000E+000, 0.00000000E+000, 9.90801083E-001, 2.88707422E-002, 2.86051626E-002
 1.85000000E+000, 0.00000000E+000, 9.81226561E-001, 5.90561725E-002, 5.79474851E-002
 1.95000000E+000, 0.00000000E+000, 9.67698719E-001, 1.01962987E-001, 9.86694518E-002
 2.05000000E+000, 0.00000000E+000, 9.51553246E-001, 1.53573424E-001, 1.46133290E-001
 2.15000000E+000, 0.00000000E+000, 9.33952504E-001, 2.10340455E-001, 1.96447994E-001
 2.25000000E+000, 0.00000000E+000, 9.15623911E-001, 2.70027502E-001, 2.47243637E-001
 2.35000000E+000, 0.00000000E+000, 8.96955301E-001, 3.31439838E-001, 2.97286720E-001
 2.45000000E+000, 0.00000000E+000, 8.78149173E-001, 3.93954802E-001, 3.45951084E-001
 2.55000000E+000, 0.00000000E+000, 8.59320976E-001, 4.57217855E-001, 3.92896893E-001
 2.65000000E+000, 0.00000000E+000, 8.40543067E-001, 5.21006430E-001, 4.37928342E-001
 2.75000000E+000, 0.00000000E+000, 8.21863034E-001, 5.85173848E-001, 4.80932754E-001
 2.85000000E+000, 0.00000000E+000, 8.03312891E-001, 6.49621058E-001, 5.21848970E-001
 2.95000000E+000, 0.00000000E+000, 7.84914597E-001, 7.14280473E-001, 5.60649169E-001
 3.05000000E+000, 0.00000000E+000, 7.66683223E-001, 7.79105101E-001, 5.97326810E-001
 3.15000000E+000, 0.00000000E+000, 7.48629474E-001, 8.44063011E-001, 6.31890447E-001
 3.25000000E+000, 0.00000000E+000, 7.30760647E-001, 9.09131258E-001, 6.64357347E-001
 3.35000000E+000, 0.00000000E+000, 7.13082145E-001, 9.74294385E-001, 6.94751930E-001
 3.45000000E+000, 0.00000000E+000, 6.95598313E-001, 1.03954142E+000, 7.23103256E-001
 3.55000000E+000, 0.00000000E+000, 6.78311902E-001, 1.10485772E+000, 7.49438139E-001
 3.65000000E+000, 0.00000000E+000, 6.61229255E-001, 1.17023959E+000, 7.73796652E-001
 3.75000000E+000, 0.00000000E+000, 6.44350191E-001, 1.23565531E+000, 7.96194733E-001
 3.85000000E+000, 0.00000000E+000, 6.27685242E-001, 1.30112125E+000, 8.16694606E-001
 3.95000000E+000, 0.00000000E+000, 6.11223581E-001, 1.36660641E+000, 8.35302062E-001
 4.05000000E+000, 0.00000000E+000, 5.94963739E-001, 1.43219814E+000, 8.52105961E-001
 4.15000000E+000, 0.00000000E+000, 5.78868395E-001, 1.49800063E+000, 8.67145223E-001
 4.25000000E+000, 0.00000000E+000, 5.62880566E-001, 1.56426884E+000, 8.80496532E-001
 4.35000000E+000, 0.00000000E+000, 5.46927649E-001, 1.63125970E+000, 8.92181031E-001
 4.45000000E+000, 0.00000000E+000, 5.31184525E-001, 1.69892652E+000, 9.02443477E-001
 4.55000000E+000, 0.00000000E+000, 5.16103798E-001, 1.76189836E+000, 9.09322439E-001
 4.65000000E+000, 0.00000000E+000, 5.07002452E-001, 1.81154221E+000, 9.18456343E-001
 4.75000000E+000, 0.00000000E+000, 5.03316721E-001, 1.81393160E+000, 9.12982105E-001
 4.85000000E+000, 0.00000000E+000, 5.05867452E-001, 1.80534571E+000, 9.13265633E-001
 4.95000000E+000, 0.00000000E+000, 5.09139386E-001, 1.79768888E+000, 9.15274211E-001
 5.05000000E+000, 0.00000000E+000, 5.08313477E-001, 1.79761587E+000, 9.13752376E-001
 5.15000000E+000, 0.00000000E+000, 5.06804974E-001, 1.80335348E+000, 9.13948515E-001
 5.25000000E+000, 0.00000000E+000, 5.05942156E-001, 1.80585106E+000, 9.13656177E-001
 5.35000000E+000, 0.00000000E+000, 5.05732511E-001, 1.80738548E+000, 9.14053595E-001
 5.45000000E+000, 0.00000000E+000, 5.06021871E-001, 1.80893293E+000, 9.15359626E-001
 5.55000000E+000, 0.00000000E+000, 5.06555436E-001, 1.80947737E+000, 9.16600597E-001
 5.65000000E+000, 0.00000000E+000, 5.06777276E-001, 1.80805313E+000, 9.16280242E-001
 5.75000000E+000, 0.00000000E+000, 5.06675289E-001, 1.80552946E+000, 9.14817162E-001
 5.85000000E+000, 0.00000000E+000, 5.06618093E-001, 1.80316951E+000, 9.13518300E-001
 5.95000000E+000, 0.00000000E+000, 5.06821734E-001, 1.80188861E+000, 9.13236309E-001
 6.05000000E+000, 0.00000000E+000, 5.07286695E-001, 1.80187435E+000, 9.14066881E-001
 6.15000000E+000, 0.00000000E+000, 5.07668986E-001, 1.80180637E+000, 9.14721213E-001
 6.25000000E+000, 0.00000000E+000, 5.07774971E-001, 1.80077989E+000, 9.14390956E-001
 6.35000000E+000, 0.00000000E+000, 5.07649740E-001, 1.79908561E+000, 9.13305344E-001
 6.45000000E+000, 0.00000000E+000, 5.07583400E-001, 1.79788915E+000, 9.12578689E-001
 6.55000000E+000, 0.00000000E+000, 5.07757139E-001, 1.79791336E+000, 9.12903344E-001
 6.65000000E+000, 0.00000000E+000, 5.08167472E-001, 1.79919835E+000, 9.14294079E-001
 6.75000000E+000, 0.00000000E+000, 5.08485582E-001, 1.80039306E+000, 9.15473913E-001
 6.85000000E+000, 0.00000000E+000, 5.08395196E-001, 1.80017524E+000, 9.15200442E-001
 6.95000000E+000, 0.00000000E+000, 5.08133346E-001, 1.79948547E+000, 9.14378572E-001
 7.05000000E+000, 0.00000000E+000, 5.07960830E-001, 1.79924704E+000, 9.13947023E-001
 7.15000000E+000, 0.00000000E+000, 5.07962957E-001, 1.79970265E+000, 9.14182281E-001
 7.25000000E+000, 0.00000000E+000, 5.08005877E-001, 1.80022091E+000, 9.14522801E-001
 7.35000000E+000, 0.00000000E+000, 5.08015293E-001, 1.80047330E+000, 9.14667969E-001
 7.45000000E+000, 0.00000000E+000, 5.07985550E-001, 1.80045698E+000, 9.14606131E-001
 7.55000000E+000, 0.00000000E+000, 5.07892962E-001, 1.80007919E+000, 9.14247554E-001
 7.65000000E+000, 0.00000000E+000, 5.07539394E-001, 1.79850927E+000, 9.12814303E-001
 7.75000000E+000, 0.00000000E+000, 5.05441936E-001, 1.78923693E+000, 9.04355376E-001
 7.85000000E+000, 0.00000000E+000, 4.91357722E-001, 1.72686949E+000, 8.48510661E-001
 7.95000000E+000, 0.00000000E+000, 4.04146507E-001, 1.31730805E+000, 5.32385445E-001
 8.05000000E+000, 0.00000000E+000, 2.42440177E-001, 3.23852989E-001, 7.85149759E-002
 8.15000000E+000, 0.00000000E+000, 2.02754176E-001, 1.96134677E-002, 3.97671249E-003
 8.25000000E+000, 0.00000000E+000, 2.00162678E-001, 1.13810746E-003, 2.27806637E-004
 8.35000000E+000, 0.00000000E+000, 2.00006776E-001, 7.51528175E-005, 1.50310727E-005
 8.45000000E+000, 0.00000000E+000, 1.99999444E-001,-9.21996318E-006,-1.84398751E-006
 8.55000000E+000, 0.00000000E+000, 2.00000087E-001, 9.38602531E-007, 1.87720588E-007
 8.65000000E+000, 0.00000000E+000, 2.00000146E-001, 9.93223272E-007, 1.98644799E-007
 8.75000000E+000, 0.00000000E+000, 1.99999988E-001,-8.37907023E-008,-1.67581395E-008
 8.85000000E+000, 0.00000000E+000, 1.99999993E-001,-4.94277979E-008,-9.88555922E-009
 8.95000000E+000, 0.00000000E+000, 2.00000002E-001, 1.56898515E-008, 3.13797034E-009
 9.05000000E+000, 0.00000000E+000, 2.00000000E-001, 2.37751195E-009, 4.75502391E-010
 9.15000000E+000, 0.00000000E+000, 2.00000000E-001,-1.48707730E-009,-2.97415459E-010
 9.25000000E+000, 0.00000000E+000, 2.00000000E-001, 1.51286673E-011, 3.02573347E-012
 9.35000000E+000, 0.00000000E+000, 2.00000000E-001, 1.19448366E-010, 2.38896731E-011
 9.45000000E+000, 0.00000000E+000, 2.00000000E-001,-1.64536069E-011,-3.29072138E-012
 9.55000000E+000, 0.00000000E+000, 2.00000000E-001,-7.37204621E-012,-1.47440924E-012
 9.65000000E+000, 0.00000000E+000, 2.00000000E-001, 2.29128718E-012, 4.58257436E-013
 9.75000000E+000, 0.00000000E+000, 2.00000000E-001, 2.92872673E-013, 5.85745346E-014
 9.85000000E+000, 0.00000000E+000, 2.00000000E-001,-2.19318160E-013,-4.38636321E-014
 9.95000000E+000, 0.00000000E+000, 2.00000000E-001, 1.69281065E-014, 3.38562130E-015
