   1.0034636210657635      ,         100
X,ZB,H,U,Q
 5.00000000E-002, 0.00000000E+000, 9.99994782E-001, 4.99523046E-006, 4.99520440E-006
 1.50000000E-001, 0.00000000E+000, 9.99990797E-001, 2.17658554E-005, 2.17656551E-005
 2.50000000E-001, 0.00000000E+000, 9.99983986E-001, 4.67084092E-005, 4.67076612E-005
 3.50000000E-001, 0.00000000E+000, 9.99969356E-001, 9.45947339E-005, 9.45918352E-005
 4.50000000E-001, 0.00000000E+000, 9.99942018E-001, 1.81185300E-004, 1.81174794E-004
 5.50000000E-001, 0.00000000E+000, 9.99891864E-001, 3.38613976E-004, 3.38577359E-004
 6.50000000E-001, 0.00000000E+000, 9.99802906E-001, 6.17300137E-004, 6.17178471E-004
 7.50000000E-001, 0.00000000E+000, 9.99648743E-001, 1.10011659E-003, 1.09973017E-003
 8.50000000E-001, 0.00000000E+000, 9.99390794E-001, 1.90802493E-003, 1.90686255E-003
 9.50000000E-001, 0.00000000E+000, 9.98962559E-001, 3.24950406E-003, 3.24613289E-003
 1.05000000E+000, 0.00000000E+000, 9.98306610E-001, 5.30480690E-003, 5.29582380E-003
 1.15000000E+000, 0.00000000E+000, 9.97208064E-001, 8.74842286E-003, 8.72399783E-003
 1.25000000E+000, 0.00000000E+000, 9.95797959E-001, 1.31706681E-002, 1.31153244E-002
 1.35000000E+000, 0.00000000E+000, 9.93025446E-001, 2.18769910E-002, 2.17244087E-002
 1.45000000E+000, 0.00000000E+000, 9.90247500E-001, 3.06037673E-002, 3.03053040E-002
 1.55000000E+000, 0.00000000E+000, 9.84295922E-001, 4.93639412E-002, 4.85887261E-002
 1.65000000E+000, 0.00000000E+000, 9.79581984E-001, 6.42314930E-002, 6.29200133E-002
 1.75000000E+000, 0.00000000E+000, 9.69583091E-001, 9.59619275E-002, 9.30430622E-002
 1.85000000E+000, 0.00000000E+000, 9.62629209E-001, 1.18048684E-001, 1.13637111E-001
 1.95000000E+000, 0.00000000E+000, 9.48443688E-001, 1.63520634E-001, 1.55090113E-001
 2.05000000E+000, 0.00000000E+000, 9.39490426E-001, 1.92263594E-001, 1.80629805E-001
 2.15000000E+000, 0.00000000E+000, 9.21774784E-001, 2.49813561E-001, 2.30271841E-001
 2.25000000E+000, 0.00000000E+000, 9.11411298E-001, 2.83552402E-001, 2.58432863E-001
 2.35000000E+000, 0.00000000E+000, 8.91162239E-001, 3.50398920E-001, 3.12262286E-001
 2.45000000E+000, 0.00000000E+000, 8.79993713E-001, 3.87369275E-001, 3.40882526E-001
 2.55000000E+000, 0.00000000E+000, 8.58124473E-001, 4.60892464E-001, 3.95503102E-001
 2.65000000E+000, 0.00000000E+000, 8.46595488E-001, 4.99776417E-001, 4.23108459E-001
 2.75000000E+000, 0.00000000E+000, 8.23778988E-001, 5.78023335E-001, 4.76163477E-001
 2.85000000E+000, 0.00000000E+000, 8.12162966E-001, 6.18005424E-001, 5.01921118E-001
 2.95000000E+000, 0.00000000E+000, 7.88856478E-001, 6.99642308E-001, 5.51917367E-001
 3.05000000E+000, 0.00000000E+000, 7.77310313E-001, 7.40254475E-001, 5.75407437E-001
 3.15000000E+000, 0.00000000E+000, 7.53819661E-001, 8.24387855E-001, 6.21439774E-001
 3.25000000E+000, 0.00000000E+000, 7.42432368E-001, 8.65366283E-001, 6.42475939E-001
 3.35000000E+000, 0.00000000E+000, 7.18965205E-001, 9.51390191E-001, 6.84016444E-001
 3.45000000E+000, 0.00000000E+000, 7.07789482E-001, 9.92579476E-001, 7.02537313E-001
 3.55000000E+000, 0.00000000E+000, 6.84489613E-001, 1.08007604E+000, 7.39300834E-001
 3.65000000E+000, 0.00000000E+000, 6.73559359E-001, 1.12137518E+000, 7.55312749E-001
 3.75000000E+000, 0.00000000E+000, 6.50528893E-001, 1.21004986E+000, 7.87172399E-001
 3.85000000E+000, 0.00000000E+000, 6.39869631E-001, 1.25137856E+000, 8.00719140E-001
 3.95000000E+000, 0.00000000E+000, 6.17188330E-001, 1.34099731E+000, 8.27647890E-001
 4.05000000E+000, 0.00000000E+000, 6.06829339E-001, 1.38225057E+000, 8.38790197E-001
 4.15000000E+000, 0.00000000E+000, 5.84585833E-001, 1.47251846E+000, 8.60813429E-001
 4.25000000E+000, 0.00000000E+000, 5.74583794E-001, 1.51346554E+000, 8.69612773E-001
 4.35000000E+000, 0.00000000E+000, 5.52945492E-001, 1.60372058E+000, 8.86770065E-001
 4.45000000E+000, 0.00000000E+000, 5.43473759E-001, 1.64360968E+000, 8.93258730E-001
 4.55000000E+000, 0.00000000E+000, 5.22900505E-001, 1.73183959E+000, 9.05579799E-001
 4.65000000E+000, 0.00000000E+000, 5.13481594E-001, 1.77268257E+000, 9.10239869E-001
 4.75000000E+000, 0.00000000E+000, 5.01946519E-001, 1.82309568E+000, 9.15096532E-001
 4.85000000E+000, 0.00000000E+000, 5.01984210E-001, 1.82291253E+000, 9.15073308E-001
 4.95000000E+000, 0.00000000E+000, 5.03215183E-001, 1.81743622E+000, 9.14561501E-001
 5.05000000E+000, 0.00000000E+000, 5.05604714E-001, 1.80541157E+000, 9.12824602E-001
 5.15000000E+000, 0.00000000E+000, 5.05829615E-001, 1.80664936E+000, 9.13856751E-001
 5.25000000E+000, 0.00000000E+000, 5.05865495E-001, 1.80640513E+000, 9.13798023E-001
 5.35000000E+000, 0.00000000E+000, 5.06053623E-001, 1.80518280E+000, 9.13519297E-001
 5.45000000E+000, 0.00000000E+000, 5.06389621E-001, 1.80326617E+000, 9.13155272E-001
 5.55000000E+000, 0.00000000E+000, 5.06530032E-001, 1.80241771E+000, 9.12978700E-001
 5.65000000E+000, 0.00000000E+000, 5.06759689E-001, 1.80126696E+000, 9.12809485E-001
 5.75000000E+000, 0.00000000E+000, 5.06836895E-001, 1.80096780E+000, 9.12796928E-001
 5.85000000E+000, 0.00000000E+000, 5.06925840E-001, 1.80064912E+000, 9.12795566E-001
 5.95000000E+000, 0.00000000E+000, 5.07122836E-001, 1.79984953E+000, 9.12744801E-001
 6.05000000E+000, 0.00000000E+000, 5.07205095E-001, 1.79944862E+000, 9.12689507E-001
 6.15000000E+000, 0.00000000E+000, 5.07214616E-001, 1.79902466E+000, 9.12491599E-001
 6.25000000E+000, 0.00000000E+000, 5.07269826E-001, 1.79828869E+000, 9.12217591E-001
 6.35000000E+000, 0.00000000E+000, 5.07250594E-001, 1.79795671E+000, 9.12014608E-001
 6.45000000E+000, 0.00000000E+000, 5.07228538E-001, 1.79820350E+000, 9.12100134E-001
 6.55000000E+000, 0.00000000E+000, 5.07354570E-001, 1.79795576E+000, 9.12201070E-001
 6.65000000E+000, 0.00000000E+000, 5.07562634E-001, 1.79764947E+000, 9.12419698E-001
 6.75000000E+000, 0.00000000E+000, 5.07665543E-001, 1.79804233E+000, 9.12804135E-001
 6.85000000E+000, 0.00000000E+000, 5.07751495E-001, 1.79815176E+000, 9.13014243E-001
 6.95000000E+000, 0.00000000E+000, 5.07806420E-001, 1.79773304E+000, 9.12900382E-001
 7.05000000E+000, 0.00000000E+000, 5.07531325E-001, 1.79844406E+000, 9.12766700E-001
 7.15000000E+000, 0.00000000E+000, 5.07476253E-001, 1.79740135E+000, 9.12138503E-001
 7.25000000E+000, 0.00000000E+000, 5.07191489E-001, 1.79761232E+000, 9.11733670E-001
 7.35000000E+000, 0.00000000E+000, 5.07233441E-001, 1.79640551E+000, 9.11196950E-001
 7.45000000E+000, 0.00000000E+000, 5.07090384E-001, 1.79446791E+000, 9.09957422E-001
 7.55000000E+000, 0.00000000E+000, 5.06003798E-001, 1.79224015E+000, 9.06880322E-001
 7.65000000E+000, 0.00000000E+000, 5.04052343E-001, 1.77920381E+000, 8.96811847E-001
 7.75000000E+000, 0.00000000E+000, 4.95789142E-001, 1.74651172E+000, 8.65901547E-001
 7.85000000E+000, 0.00000000E+000, 4.71792637E-001, 1.63636888E+000, 7.72026788E-001
 7.95000000E+000, 0.00000000E+000, 4.05471078E-001, 1.32046513E+000, 5.35410419E-001
 8.05000000E+000, 0.00000000E+000, 2.80248750E-001, 5.97549886E-001, 1.67462609E-001
 8.15000000E+000, 0.00000000E+000, 2.01853374E-001, 1.10646450E-002, 2.23343593E-003
 8.25000000E+000, 0.00000000E+000, 1.98197805E-001,-1.25546949E-002,-2.48831297E-003
 8.35000000E+000, 0.00000000E+000, 1.99845779E-001,-1.07466625E-003,-2.14767513E-004
 8.45000000E+000, 0.00000000E+000, 2.00042819E-001, 2.99900345E-004, 5.99929104E-005
 8.55000000E+000, 0.00000000E+000, 2.00005731E-001, 4.01296342E-005, 8.02615680E-006
 8.65000000E+000, 0.00000000E+000, 1.99999080E-001,-6.44427941E-006,-1.28884995E-006
 8.75000000E+000, 0.00000000E+000, 1.99999841E-001,-1.11329787E-006,-2.22659397E-007
 8.85000000E+000, 0.00000000E+000, 2.00000018E-001, 1.26691590E-007, 2.53383203E-008
 8.95000000E+000, 0.00000000E+000, 2.00000004E-001, 2.87518123E-008, 5.75036257E-009
 9.05000000E+000, 0.00000000E+000, 2.00000000E-001,-2.07630839E-009,-4.15261678E-010
 9.15000000E+000, 0.00000000E+000, 2.00000000E-001,-6.26709235E-010,-1.25341847E-010
 9.25000000E+000, 0.00000000E+000, 2.00000000E-001, 2.71145931E-011, 5.42291862E-012
 9.35000000E+000, 0.00000000E+000, 2.00000000E-001, 1.25280979E-011, 2.50561959E-012
 9.45000000E+000, 0.00000000E+000, 2.00000000E-001,-4.29726734E-014,-8.59453468E-015
 9.55000000E+000, 0.00000000E+000, 2.00000000E-001,-2.81278143E-013,-5.62556286E-014
 9.65000000E+000, 0.00000000E+000, 2.00000000E-001,-1.34841396E-014,-2.69682793E-015
 9.75000000E+000, 0.00000000E+000, 2.00000000E-001, 6.25789175E-015, 1.25157835E-015
 9.85000000E+000, 0.00000000E+000, 2.00000000E-001, 5.10474653E-016, 1.02094931E-016
 9.95000000E+000, 0.00000000E+000, 2.00000000E-001,-3.15106619E-018,-6.30213238E-019
