   1.0011148084265449      ,         100
X,ZB,H,U,Q
 5.00000000E-002, 0.00000000E+000, 9.99999954E-001, 6.16267187E-008, 6.16267159E-008
 1.50000000E-001, 0.00000000E+000, 9.99999883E-001, 3.21035445E-007, 3.21035407E-007
 2.50000000E-001, 0.00000000E+000, 9.99999698E-001, 9.28718656E-007, 9.28718376E-007
 3.50000000E-001, 0.00000000E+000, 9.99999189E-001, 2.53530195E-006, 2.53529989E-006
 4.50000000E-001, 0.00000000E+000, 9.99997875E-001, 6.65499130E-006, 6.65497716E-006
 5.50000000E-001, 0.00000000E+000, 9.99994593E-001, 1.69329004E-005, 1.69328088E-005
 6.50000000E-001, 0.00000000E+000, 9.99986676E-001, 4.17253690E-005, 4.17248131E-005
 7.50000000E-001, 0.00000000E+000, 9.99968246E-001, 9.94400273E-005, 9.94368696E-005
 8.50000000E-001, 0.00000000E+000, 9.99926929E-001, 2.28830560E-004, 2.28813839E-004
 9.50000000E-001, 0.00000000E+000, 9.99837927E-001, 5.07556512E-004, 5.07474251E-004
 1.05000000E+000, 0.00000000E+000, 9.99654199E-001, 1.08297069E-003, 1.08259620E-003
 1.15000000E+000, 0.00000000E+000, 9.99291804E-001, 2.21808468E-003, 2.21651384E-003
 1.25000000E+000, 0.00000000E+000, 9.98611042E-001, 4.35090654E-003, 4.34486332E-003
 1.35000000E+000, 0.00000000E+000, 9.97397384E-001, 8.15497209E-003, 8.13374783E-003
 1.45000000E+000, 0.00000000E+000, 9.95351087E-001, 1.45738609E-002, 1.45061083E-002
 1.55000000E+000, 0.00000000E+000, 9.92098390E-001, 2.47903235E-002, 2.45944401E-002
 1.65000000E+000, 0.00000000E+000, 9.87235297E-001, 4.00960143E-002, 3.95842006E-002
 1.75000000E+000, 0.00000000E+000, 9.80403036E-001, 6.16634607E-002, 6.04550440E-002
 1.85000000E+000, 0.00000000E+000, 9.71374626E-001, 9.02803876E-002, 8.76960777E-002
 1.95000000E+000, 0.00000000E+000, 9.60117442E-001, 1.26151092E-001, 1.21119864E-001
 2.05000000E+000, 0.00000000E+000, 9.46801717E-001, 1.68856979E-001, 1.59874078E-001
 2.15000000E+000, 0.00000000E+000, 9.31750908E-001, 2.17493834E-001, 2.02650077E-001
 2.25000000E+000, 0.00000000E+000, 9.15358811E-001, 2.70916470E-001, 2.47985778E-001
 2.35000000E+000, 0.00000000E+000, 8.98009564E-001, 3.27983570E-001, 2.94532382E-001
 2.45000000E+000, 0.00000000E+000, 8.80025659E-001, 3.87723745E-001, 3.41206845E-001
 2.55000000E+000, 0.00000000E+000, 8.61648755E-001, 4.49403498E-001, 3.87227965E-001
 2.65000000E+000, 0.00000000E+000, 8.43043143E-001, 5.12524632E-001, 4.32080377E-001
 2.75000000E+000, 0.00000000E+000, 8.24306703E-001, 5.76797474E-001, 4.75458024E-001
 2.85000000E+000, 0.00000000E+000, 8.05500586E-001, 6.42024875E-001, 5.17151413E-001
 2.95000000E+000, 0.00000000E+000, 7.86756694E-001, 7.07699144E-001, 5.56787039E-001
 3.05000000E+000, 0.00000000E+000, 7.68189499E-001, 7.73564594E-001, 5.94244198E-001
 3.15000000E+000, 0.00000000E+000, 7.49859905E-001, 8.39458773E-001, 6.29476476E-001
 3.25000000E+000, 0.00000000E+000, 7.31768921E-001, 9.05230773E-001, 6.62419746E-001
 3.35000000E+000, 0.00000000E+000, 7.13928566E-001, 9.70875692E-001, 6.93135890E-001
 3.45000000E+000, 0.00000000E+000, 6.96379853E-001, 1.03651108E+000, 7.21805435E-001
 3.55000000E+000, 0.00000000E+000, 6.79059781E-001, 1.10186580E+000, 7.48232752E-001
 3.65000000E+000, 0.00000000E+000, 6.61978796E-001, 1.16689062E+000, 7.72456849E-001
 3.75000000E+000, 0.00000000E+000, 6.45244946E-001, 1.23202838E+000, 7.94960083E-001
 3.85000000E+000, 0.00000000E+000, 6.28770368E-001, 1.29685045E+000, 8.15421134E-001
 3.95000000E+000, 0.00000000E+000, 6.12485244E-001, 1.36085603E+000, 8.33504240E-001
 4.05000000E+000, 0.00000000E+000, 5.96710369E-001, 1.42530095E+000, 8.50491855E-001
 4.15000000E+000, 0.00000000E+000, 5.81145095E-001, 1.48839917E+000, 8.64975877E-001
 4.25000000E+000, 0.00000000E+000, 5.65940828E-001, 1.55002555E+000, 8.77222742E-001
 4.35000000E+000, 0.00000000E+000, 5.51954707E-001, 1.61187370E+000, 8.89681279E-001
 4.45000000E+000, 0.00000000E+000, 5.38332394E-001, 1.66751114E+000, 8.97675265E-001
 4.55000000E+000, 0.00000000E+000, 5.26191061E-001, 1.71688119E+000, 9.03407535E-001
 4.65000000E+000, 0.00000000E+000, 5.17104278E-001, 1.76029292E+000, 9.10254998E-001
 4.75000000E+000, 0.00000000E+000, 5.10643074E-001, 1.78933050E+000, 9.13709228E-001
 4.85000000E+000, 0.00000000E+000, 5.06950542E-001, 1.80253847E+000, 9.13797853E-001
 4.95000000E+000, 0.00000000E+000, 5.06022421E-001, 1.80684202E+000, 9.14302574E-001
 5.05000000E+000, 0.00000000E+000, 5.06139915E-001, 1.80665526E+000, 9.14420341E-001
 5.15000000E+000, 0.00000000E+000, 5.06658832E-001, 1.80520496E+000, 9.14623036E-001
 5.25000000E+000, 0.00000000E+000, 5.06811972E-001, 1.80458408E+000, 9.14584814E-001
 5.35000000E+000, 0.00000000E+000, 5.06900473E-001, 1.80382683E+000, 9.14360671E-001
 5.45000000E+000, 0.00000000E+000, 5.07019036E-001, 1.80281769E+000, 9.14062885E-001
 5.55000000E+000, 0.00000000E+000, 5.07156051E-001, 1.80202982E+000, 9.13910330E-001
 5.65000000E+000, 0.00000000E+000, 5.07335871E-001, 1.80145031E+000, 9.13940359E-001
 5.75000000E+000, 0.00000000E+000, 5.07529853E-001, 1.80106388E+000, 9.14093689E-001
 5.85000000E+000, 0.00000000E+000, 5.07675939E-001, 1.80065297E+000, 9.14148187E-001
 5.95000000E+000, 0.00000000E+000, 5.07745993E-001, 1.80010572E+000, 9.13996464E-001
 6.05000000E+000, 0.00000000E+000, 5.07754304E-001, 1.79949643E+000, 9.13702059E-001
 6.15000000E+000, 0.00000000E+000, 5.07766330E-001, 1.79907510E+000, 9.13509759E-001
 6.25000000E+000, 0.00000000E+000, 5.07815416E-001, 1.79894640E+000, 9.13532715E-001
 6.35000000E+000, 0.00000000E+000, 5.07887107E-001, 1.79904606E+000, 9.13712299E-001
 6.45000000E+000, 0.00000000E+000, 5.07934385E-001, 1.79915946E+000, 9.13854952E-001
 6.55000000E+000, 0.00000000E+000, 5.07923788E-001, 1.79921378E+000, 9.13863480E-001
 6.65000000E+000, 0.00000000E+000, 5.07883948E-001, 1.79916145E+000, 9.13765221E-001
 6.75000000E+000, 0.00000000E+000, 5.07823144E-001, 1.79898500E+000, 9.13566219E-001
 6.85000000E+000, 0.00000000E+000, 5.07758353E-001, 1.79885590E+000, 9.13384109E-001
 6.95000000E+000, 0.00000000E+000, 5.07746169E-001, 1.79880743E+000, 9.13337579E-001
 7.05000000E+000, 0.00000000E+000, 5.07745215E-001, 1.79880780E+000, 9.13336054E-001
 7.15000000E+000, 0.00000000E+000, 5.07721689E-001, 1.79890592E+000, 9.13343551E-001
 7.25000000E+000, 0.00000000E+000, 5.07727055E-001, 1.79880937E+000, 9.13304184E-001
 7.35000000E+000, 0.00000000E+000, 5.07668053E-001, 1.79874810E+000, 9.13166947E-001
 7.45000000E+000, 0.00000000E+000, 5.07547857E-001, 1.79817188E+000, 9.12658282E-001
 7.55000000E+000, 0.00000000E+000, 5.07122763E-001, 1.79610647E+000, 9.10846475E-001
 7.65000000E+000, 0.00000000E+000, 5.05392773E-001, 1.78866364E+000, 9.03977675E-001
 7.75000000E+000, 0.00000000E+000, 4.98707138E-001, 1.75894656E+000, 8.77199204E-001
 7.85000000E+000, 0.00000000E+000, 4.73413274E-001, 1.64503681E+000, 7.78782264E-001
 7.95000000E+000, 0.00000000E+000, 3.94789750E-001, 1.25717134E+000, 4.96318358E-001
 8.05000000E+000, 0.00000000E+000, 2.60920266E-001, 4.56356205E-001, 1.19072582E-001
 8.15000000E+000, 0.00000000E+000, 2.07944017E-001, 5.74606965E-002, 1.19486080E-002
 8.25000000E+000, 0.00000000E+000, 2.00831641E-001, 5.84847154E-003, 1.17455814E-003
 8.35000000E+000, 0.00000000E+000, 2.00083819E-001, 5.87188071E-004, 1.17486832E-004
 8.45000000E+000, 0.00000000E+000, 2.00008407E-001, 5.88689580E-005, 1.17742865E-005
 8.55000000E+000, 0.00000000E+000, 2.00000842E-001, 5.89832889E-006, 1.17967075E-006
 8.65000000E+000, 0.00000000E+000, 2.00000084E-001, 5.90955943E-007, 1.18191238E-007
 8.75000000E+000, 0.00000000E+000, 2.00000008E-001, 5.92134169E-008, 1.18426839E-008
 8.85000000E+000, 0.00000000E+000, 2.00000001E-001, 5.93357743E-009, 1.18671549E-009
 8.95000000E+000, 0.00000000E+000, 2.00000000E-001, 5.94621530E-010, 1.18924306E-010
 9.05000000E+000, 0.00000000E+000, 2.00000000E-001, 5.95920019E-011, 1.19184004E-011
 9.15000000E+000, 0.00000000E+000, 2.00000000E-001, 5.97275435E-012, 1.19455087E-012
 9.25000000E+000, 0.00000000E+000, 2.00000000E-001, 5.98223880E-013, 1.19644776E-013
 9.35000000E+000, 0.00000000E+000, 2.00000000E-001, 5.93665763E-014, 1.18733153E-014
 9.45000000E+000, 0.00000000E+000, 2.00000000E-001, 5.63666806E-015, 1.12733361E-015
 9.55000000E+000, 0.00000000E+000, 2.00000000E-001, 4.29945932E-016, 8.59891864E-017
 9.65000000E+000, 0.00000000E+000, 2.00000000E-001, 6.32285757E-018, 1.26457151E-018
 9.75000000E+000, 0.00000000E+000, 2.00000000E-001, 0.00000000E+000, 0.00000000E+000
 9.85000000E+000, 0.00000000E+000, 2.00000000E-001, 0.00000000E+000, 0.00000000E+000
 9.95000000E+000, 0.00000000E+000, 2.00000000E-001, 0.00000000E+000, 0.00000000E+000
