   1.0011598363941205      ,         100
X,ZB,H,U,Q
 5.00000000E-002, 0.00000000E+000, 9.99999949E-001, 4.70603024E-008, 4.70603000E-008
 1.50000000E-001, 0.00000000E+000, 9.99999861E-001, 3.74678607E-007, 3.74678555E-007
 2.50000000E-001, 0.00000000E+000, 9.99999654E-001, 1.06040955E-006, 1.06040918E-006
 3.50000000E-001, 0.00000000E+000, 9.99999084E-001, 2.86470008E-006, 2.86469746E-006
 4.50000000E-001, 0.00000000E+000, 9.99997631E-001, 7.41892054E-006, 7.41890296E-006
 5.50000000E-001, 0.00000000E+000, 9.99994048E-001, 1.86398543E-005, 1.86397434E-005
 6.50000000E-001, 0.00000000E+000, 9.99985507E-001, 4.53879093E-005, 4.53872515E-005
 7.50000000E-001, 0.00000000E+000, 9.99965841E-001, 1.06971116E-004, 1.06967462E-004
 8.50000000E-001, 0.00000000E+000, 9.99922205E-001, 2.43622998E-004, 2.43604046E-004
 9.50000000E-001, 0.00000000E+000, 9.99829098E-001, 5.35207835E-004, 5.35116366E-004
 1.05000000E+000, 0.00000000E+000, 9.99638562E-001, 1.13194716E-003, 1.13153803E-003
 1.15000000E+000, 0.00000000E+000, 9.99265700E-001, 2.29986079E-003, 2.29817200E-003
 1.25000000E+000, 0.00000000E+000, 9.98570215E-001, 4.47885355E-003, 4.47244976E-003
 1.35000000E+000, 0.00000000E+000, 9.97337982E-001, 8.34125940E-003, 8.31905482E-003
 1.45000000E+000, 0.00000000E+000, 9.95271342E-001, 1.48242469E-002, 1.47541481E-002
 1.55000000E+000, 0.00000000E+000, 9.92000554E-001, 2.50981196E-002, 2.48973486E-002
 1.65000000E+000, 0.00000000E+000, 9.87126882E-001, 4.04381540E-002, 3.99175889E-002
 1.75000000E+000, 0.00000000E+000, 9.80296242E-001, 6.20020551E-002, 6.07803816E-002
 1.85000000E+000, 0.00000000E+000, 9.71283566E-001, 9.05710835E-002, 8.79702049E-002
 1.95000000E+000, 0.00000000E+000, 9.60054081E-001, 1.26355546E-001, 1.21308158E-001
 2.05000000E+000, 0.00000000E+000, 9.46772440E-001, 1.68953731E-001, 1.59960736E-001
 2.15000000E+000, 0.00000000E+000, 9.31755311E-001, 2.17482571E-001, 2.02640540E-001
 2.25000000E+000, 0.00000000E+000, 9.15390940E-001, 2.70814720E-001, 2.47901341E-001
 2.35000000E+000, 0.00000000E+000, 8.98060517E-001, 3.27818901E-001, 2.94401212E-001
 2.45000000E+000, 0.00000000E+000, 8.80086138E-001, 3.87525800E-001, 3.41056084E-001
 2.55000000E+000, 0.00000000E+000, 8.61710708E-001, 4.49198613E-001, 3.87079255E-001
 2.65000000E+000, 0.00000000E+000, 8.43100457E-001, 5.12333410E-001, 4.31948532E-001
 2.75000000E+000, 0.00000000E+000, 8.24355477E-001, 5.76633617E-001, 4.75351080E-001
 2.85000000E+000, 0.00000000E+000, 8.05535639E-001, 6.41911845E-001, 5.17082869E-001
 2.95000000E+000, 0.00000000E+000, 7.86771918E-001, 7.07647301E-001, 5.56757024E-001
 3.05000000E+000, 0.00000000E+000, 7.68188680E-001, 7.73567288E-001, 5.94245633E-001
 3.15000000E+000, 0.00000000E+000, 7.49848815E-001, 8.39513732E-001, 6.29508377E-001
 3.25000000E+000, 0.00000000E+000, 7.31745109E-001, 9.05307852E-001, 6.62454593E-001
 3.35000000E+000, 0.00000000E+000, 7.13900746E-001, 9.70986271E-001, 6.93187823E-001
 3.45000000E+000, 0.00000000E+000, 6.96349757E-001, 1.03664118E+000, 7.21864833E-001
 3.55000000E+000, 0.00000000E+000, 6.79022671E-001, 1.10197968E+000, 7.48269188E-001
 3.65000000E+000, 0.00000000E+000, 6.61945206E-001, 1.16701144E+000, 7.72497626E-001
 3.75000000E+000, 0.00000000E+000, 6.45225031E-001, 1.23216419E+000, 7.95023181E-001
 3.85000000E+000, 0.00000000E+000, 6.28747799E-001, 1.29692348E+000, 8.15437784E-001
 3.95000000E+000, 0.00000000E+000, 6.12469574E-001, 1.36089085E+000, 8.33504240E-001
 4.05000000E+000, 0.00000000E+000, 5.96715147E-001, 1.42532902E+000, 8.50515418E-001
 4.15000000E+000, 0.00000000E+000, 5.81147192E-001, 1.48830810E+000, 8.64926072E-001
 4.25000000E+000, 0.00000000E+000, 5.65978481E-001, 1.54998213E+000, 8.77256530E-001
 4.35000000E+000, 0.00000000E+000, 5.52001720E-001, 1.61175532E+000, 8.89691709E-001
 4.45000000E+000, 0.00000000E+000, 5.38347993E-001, 1.66714334E+000, 8.97503269E-001
 4.55000000E+000, 0.00000000E+000, 5.26267520E-001, 1.71666359E+000, 9.03424289E-001
 4.65000000E+000, 0.00000000E+000, 5.17211984E-001, 1.76013182E+000, 9.10361270E-001
 4.75000000E+000, 0.00000000E+000, 5.10697531E-001, 1.78891823E+000, 9.13596124E-001
 4.85000000E+000, 0.00000000E+000, 5.06995626E-001, 1.80214612E+000, 9.13680202E-001
 4.95000000E+000, 0.00000000E+000, 5.06080669E-001, 1.80660383E+000, 9.14287274E-001
 5.05000000E+000, 0.00000000E+000, 5.06193165E-001, 1.80651475E+000, 9.14445416E-001
 5.15000000E+000, 0.00000000E+000, 5.06694217E-001, 1.80516667E+000, 9.14667515E-001
 5.25000000E+000, 0.00000000E+000, 5.06819715E-001, 1.80453536E+000, 9.14574096E-001
 5.35000000E+000, 0.00000000E+000, 5.06892056E-001, 1.80380107E+000, 9.14332434E-001
 5.45000000E+000, 0.00000000E+000, 5.07013079E-001, 1.80278253E+000, 9.14034320E-001
 5.55000000E+000, 0.00000000E+000, 5.07156480E-001, 1.80201830E+000, 9.13905256E-001
 5.65000000E+000, 0.00000000E+000, 5.07342155E-001, 1.80150139E+000, 9.13977596E-001
 5.75000000E+000, 0.00000000E+000, 5.07528470E-001, 1.80112902E+000, 9.14124255E-001
 5.85000000E+000, 0.00000000E+000, 5.07668233E-001, 1.80069060E+000, 9.14153414E-001
 5.95000000E+000, 0.00000000E+000, 5.07738248E-001, 1.80010306E+000, 9.13981175E-001
 6.05000000E+000, 0.00000000E+000, 5.07747125E-001, 1.79947346E+000, 9.13677477E-001
 6.15000000E+000, 0.00000000E+000, 5.07762945E-001, 1.79907921E+000, 9.13505758E-001
 6.25000000E+000, 0.00000000E+000, 5.07816434E-001, 1.79898460E+000, 9.13553942E-001
 6.35000000E+000, 0.00000000E+000, 5.07888297E-001, 1.79909946E+000, 9.13741559E-001
 6.45000000E+000, 0.00000000E+000, 5.07931428E-001, 1.79919547E+000, 9.13867922E-001
 6.55000000E+000, 0.00000000E+000, 5.07930863E-001, 1.79917042E+000, 9.13854182E-001
 6.65000000E+000, 0.00000000E+000, 5.07891789E-001, 1.79910680E+000, 9.13751571E-001
 6.75000000E+000, 0.00000000E+000, 5.07817047E-001, 1.79896247E+000, 9.13543808E-001
 6.85000000E+000, 0.00000000E+000, 5.07766700E-001, 1.79883040E+000, 9.13386175E-001
 6.95000000E+000, 0.00000000E+000, 5.07745554E-001, 1.79882388E+000, 9.13344829E-001
 7.05000000E+000, 0.00000000E+000, 5.07739247E-001, 1.79886417E+000, 9.13353938E-001
 7.15000000E+000, 0.00000000E+000, 5.07750979E-001, 1.79880915E+000, 9.13347106E-001
 7.25000000E+000, 0.00000000E+000, 5.07720692E-001, 1.79888802E+000, 9.13332672E-001
 7.35000000E+000, 0.00000000E+000, 5.07682054E-001, 1.79873601E+000, 9.13185992E-001
 7.45000000E+000, 0.00000000E+000, 5.07566535E-001, 1.79821156E+000, 9.12712010E-001
 7.55000000E+000, 0.00000000E+000, 5.07139065E-001, 1.79641013E+000, 9.11029754E-001
 7.65000000E+000, 0.00000000E+000, 5.05538820E-001, 1.78911181E+000, 9.04465473E-001
 7.75000000E+000, 0.00000000E+000, 4.98995581E-001, 1.76025066E+000, 8.78357300E-001
 7.85000000E+000, 0.00000000E+000, 4.73795993E-001, 1.64679057E+000, 7.80242776E-001
 7.95000000E+000, 0.00000000E+000, 3.94513025E-001, 1.25516588E+000, 4.95179289E-001
 8.05000000E+000, 0.00000000E+000, 2.60306183E-001, 4.50668294E-001, 1.17311743E-001
 8.15000000E+000, 0.00000000E+000, 2.07990820E-001, 5.77289826E-002, 1.20070984E-002
 8.25000000E+000, 0.00000000E+000, 2.00854252E-001, 6.00698117E-003, 1.20652771E-003
 8.35000000E+000, 0.00000000E+000, 2.00087920E-001, 6.15923131E-004, 1.23238778E-004
 8.45000000E+000, 0.00000000E+000, 2.00009006E-001, 6.30629509E-005, 1.26131581E-005
 8.55000000E+000, 0.00000000E+000, 2.00000922E-001, 6.45314321E-006, 1.29063459E-006
 8.65000000E+000, 0.00000000E+000, 2.00000094E-001, 6.60273180E-007, 1.32054698E-007
 8.75000000E+000, 0.00000000E+000, 2.00000010E-001, 6.75621085E-008, 1.35124224E-008
 8.85000000E+000, 0.00000000E+000, 2.00000001E-001, 6.91381827E-009, 1.38276366E-009
 8.95000000E+000, 0.00000000E+000, 2.00000000E-001, 7.07560253E-010, 1.41512051E-010
 9.05000000E+000, 0.00000000E+000, 2.00000000E-001, 7.24142597E-011, 1.44828519E-011
 9.15000000E+000, 0.00000000E+000, 2.00000000E-001, 7.40959427E-012, 1.48191885E-012
 9.25000000E+000, 0.00000000E+000, 2.00000000E-001, 7.57161762E-013, 1.51432352E-013
 9.35000000E+000, 0.00000000E+000, 2.00000000E-001, 7.64488601E-014, 1.52897720E-014
 9.45000000E+000, 0.00000000E+000, 2.00000000E-001, 7.21127496E-015, 1.44225499E-015
 9.55000000E+000, 0.00000000E+000, 2.00000000E-001, 5.16375584E-016, 1.03275117E-016
 9.65000000E+000, 0.00000000E+000, 2.00000000E-001, 1.15923635E-017, 2.31847269E-018
 9.75000000E+000, 0.00000000E+000, 2.00000000E-001, 0.00000000E+000, 0.00000000E+000
 9.85000000E+000, 0.00000000E+000, 2.00000000E-001, 0.00000000E+000, 0.00000000E+000
 9.95000000E+000, 0.00000000E+000, 2.00000000E-001, 0.00000000E+000, 0.00000000E+000
