  0.50116763306968160      ,         100
X,ZB,H,U,Q
 5.00000000E-002, 0.00000000E+000, 1.00000000E+000, 0.00000000E+000, 0.00000000E+000
 1.50000000E-001, 0.00000000E+000, 1.00000000E+000, 0.00000000E+000, 0.00000000E+000
 2.50000000E-001, 0.00000000E+000, 1.00000000E+000, 0.00000000E+000, 0.00000000E+000
 3.50000000E-001, 0.00000000E+000, 1.00000000E+000, 0.00000000E+000, 0.00000000E+000
 4.50000000E-001, 0.00000000E+000, 1.00000000E+000, 0.00000000E+000, 0.00000000E+000
 5.50000000E-001, 0.00000000E+000, 1.00000000E+000, 1.61327387E-016, 1.61327387E-016
 6.50000000E-001, 0.00000000E+000, 1.00000000E+000, 1.20993730E-015, 1.20993730E-015
 7.50000000E-001, 0.00000000E+000, 1.00000000E+000, 1.31479648E-014, 1.31479648E-014
 8.50000000E-001, 0.00000000E+000, 1.00000000E+000, 1.17686014E-013, 1.17686014E-013
 9.50000000E-001, 0.00000000E+000, 1.00000000E+000, 9.38178558E-013, 9.38178558E-013
 1.05000000E+000, 0.00000000E+000, 1.00000000E+000, 6.77735617E-012, 6.77735617E-012
 1.15000000E+000, 0.00000000E+000, 1.00000000E+000, 4.45902186E-011, 4.45902186E-011
 1.25000000E+000, 0.00000000E+000, 1.00000000E+000, 2.68222161E-010, 2.68222161E-010
 1.35000000E+000, 0.00000000E+000, 1.00000000E+000, 1.47993078E-009, 1.47993078E-009
 1.45000000E+000, 0.00000000E+000, 9.99999998E-001, 7.51105598E-009, 7.51105596E-009
 1.55000000E+000, 0.00000000E+000, 9.99999989E-001, 3.51492134E-008, 3.51492130E-008
 1.65000000E+000, 0.00000000E+000, 9.99999951E-001, 1.51975673E-007, 1.51975666E-007
 1.75000000E+000, 0.00000000E+000, 9.99999806E-001, 6.08178706E-007, 6.08178588E-007
 1.85000000E+000, 0.00000000E+000, 9.99999280E-001, 2.25591665E-006, 2.25591503E-006
 1.95000000E+000, 0.00000000E+000, 9.99997520E-001, 7.76567975E-006, 7.76566049E-006
 2.05000000E+000, 0.00000000E+000, 9.99992070E-001, 2.48333448E-005, 2.48331479E-005
 2.15000000E+000, 0.00000000E+000, 9.99976423E-001, 7.38313542E-005, 7.38296135E-005
 2.25000000E+000, 0.00000000E+000, 9.99934789E-001, 2.04209668E-004, 2.04196352E-004
 2.35000000E+000, 0.00000000E+000, 9.99832115E-001, 5.25740552E-004, 5.25652288E-004
 2.45000000E+000, 0.00000000E+000, 9.99597489E-001, 1.26049014E-003, 1.25998278E-003
 2.55000000E+000, 0.00000000E+000, 9.99100801E-001, 2.81597856E-003, 2.81344643E-003
 2.65000000E+000, 0.00000000E+000, 9.98126765E-001, 5.86681293E-003, 5.85582301E-003
 2.75000000E+000, 0.00000000E+000, 9.96356405E-001, 1.14136911E-002, 1.13721042E-002
 2.85000000E+000, 0.00000000E+000, 9.93370183E-001, 2.07765443E-002, 2.06387997E-002
 2.95000000E+000, 0.00000000E+000, 9.88683710E-001, 3.54890221E-002, 3.50874180E-002
 3.05000000E+000, 0.00000000E+000, 9.81814390E-001, 5.71003136E-002, 5.60619096E-002
 3.15000000E+000, 0.00000000E+000, 9.72361020E-001, 8.69388517E-002, 8.45359505E-002
 3.25000000E+000, 0.00000000E+000, 9.60069672E-001, 1.25916788E-001, 1.20888890E-001
 3.35000000E+000, 0.00000000E+000, 9.44865003E-001, 1.74435321E-001, 1.64817830E-001
 3.45000000E+000, 0.00000000E+000, 9.26842185E-001, 2.32403585E-001, 2.15401447E-001
 3.55000000E+000, 0.00000000E+000, 9.06229852E-001, 2.99340600E-001, 2.71271388E-001
 3.65000000E+000, 0.00000000E+000, 8.83340939E-001, 3.74512264E-001, 3.30822015E-001
 3.75000000E+000, 0.00000000E+000, 8.58525967E-001, 4.57062524E-001, 3.92400045E-001
 3.85000000E+000, 0.00000000E+000, 8.32136922E-001, 5.46115969E-001, 4.54443262E-001
 3.95000000E+000, 0.00000000E+000, 8.04503805E-001, 6.40845796E-001, 5.15562882E-001
 4.05000000E+000, 0.00000000E+000, 7.75922327E-001, 7.40511115E-001, 5.74579108E-001
 4.15000000E+000, 0.00000000E+000, 7.46649849E-001, 8.44471143E-001, 6.30524251E-001
 4.25000000E+000, 0.00000000E+000, 7.16906914E-001, 9.52183091E-001, 6.82626641E-001
 4.35000000E+000, 0.00000000E+000, 6.86882728E-001, 1.06318729E+000, 7.30284989E-001
 4.45000000E+000, 0.00000000E+000, 6.56744615E-001, 1.17707705E+000, 7.73039017E-001
 4.55000000E+000, 0.00000000E+000, 6.26654639E-001, 1.29343789E+000, 8.10538856E-001
 4.65000000E+000, 0.00000000E+000, 5.96804517E-001, 1.41170605E+000, 8.42512545E-001
 4.75000000E+000, 0.00000000E+000, 5.67505017E-001, 1.53078260E+000, 8.68726805E-001
 4.85000000E+000, 0.00000000E+000, 5.39456595E-001, 1.64781949E+000, 8.88927089E-001
 4.95000000E+000, 0.00000000E+000, 5.14659956E-001, 1.75399639E+000, 9.02711703E-001
 5.05000000E+000, 0.00000000E+000, 4.98876269E-001, 1.82273421E+000, 9.09318842E-001
 5.15000000E+000, 0.00000000E+000, 4.98613914E-001, 1.82311613E+000, 9.09031067E-001
 5.25000000E+000, 0.00000000E+000, 5.00812992E-001, 1.81250420E+000, 9.07725654E-001
 5.35000000E+000, 0.00000000E+000, 5.02107477E-001, 1.80580051E+000, 9.06705935E-001
 5.45000000E+000, 0.00000000E+000, 5.02880004E-001, 1.80127156E+000, 9.05823451E-001
 5.55000000E+000, 0.00000000E+000, 5.03360236E-001, 1.79785296E+000, 9.04967690E-001
 5.65000000E+000, 0.00000000E+000, 5.03643638E-001, 1.79502694E+000, 9.04053897E-001
 5.75000000E+000, 0.00000000E+000, 5.03756108E-001, 1.79242719E+000, 9.02946147E-001
 5.85000000E+000, 0.00000000E+000, 5.03645835E-001, 1.78953682E+000, 9.01292767E-001
 5.95000000E+000, 0.00000000E+000, 5.03083955E-001, 1.78515724E+000, 8.98083965E-001
 6.05000000E+000, 0.00000000E+000, 5.01380434E-001, 1.77610325E+000, 8.90503415E-001
 6.15000000E+000, 0.00000000E+000, 4.96691344E-001, 1.75404089E+000, 8.71216928E-001
 6.25000000E+000, 0.00000000E+000, 4.84562549E-001, 1.69849415E+000, 8.23026654E-001
 6.35000000E+000, 0.00000000E+000, 4.55874992E-001, 1.56468152E+000, 7.13299173E-001
 6.45000000E+000, 0.00000000E+000, 3.98402629E-001, 1.27845000E+000, 5.09337841E-001
 6.55000000E+000, 0.00000000E+000, 3.14457441E-001, 8.01236162E-001, 2.51954673E-001
 6.65000000E+000, 0.00000000E+000, 2.41975768E-001, 3.10179496E-001, 7.50559217E-002
 6.75000000E+000, 0.00000000E+000, 2.09853710E-001, 7.12088945E-002, 1.49434507E-002
 6.85000000E+000, 0.00000000E+000, 2.01811052E-001, 1.27793744E-002, 2.57901899E-003
 6.95000000E+000, 0.00000000E+000, 2.00306107E-001, 2.14648037E-003, 4.29953126E-004
 7.05000000E+000, 0.00000000E+000, 2.00049980E-001, 3.50060024E-004, 7.00295007E-005
 7.15000000E+000, 0.00000000E+000, 2.00007931E-001, 5.55385970E-005, 1.11081599E-005
 7.25000000E+000, 0.00000000E+000, 2.00001219E-001, 8.53884370E-006, 1.70777915E-006
 7.35000000E+000, 0.00000000E+000, 2.00000181E-001, 1.26623864E-006, 2.53247958E-007
 7.45000000E+000, 0.00000000E+000, 2.00000026E-001, 1.80284887E-007, 3.60569821E-008
 7.55000000E+000, 0.00000000E+000, 2.00000004E-001, 2.45411109E-008, 4.90822226E-009
 7.65000000E+000, 0.00000000E+000, 2.00000000E-001, 3.18166839E-009, 6.36333680E-010
 7.75000000E+000, 0.00000000E+000, 2.00000000E-001, 3.91508726E-010, 7.83017453E-011
 7.85000000E+000, 0.00000000E+000, 2.00000000E-001, 4.55826818E-011, 9.11653635E-012
 7.95000000E+000, 0.00000000E+000, 2.00000000E-001, 5.00718660E-012, 1.00143732E-012
 8.05000000E+000, 0.00000000E+000, 2.00000000E-001, 5.17589451E-013, 1.03517890E-013
 8.15000000E+000, 0.00000000E+000, 2.00000000E-001, 5.01862008E-014, 1.00372402E-014
 8.25000000E+000, 0.00000000E+000, 2.00000000E-001, 4.52459468E-015, 9.04918937E-016
 8.35000000E+000, 0.00000000E+000, 2.00000000E-001, 3.15087458E-016, 6.30174916E-017
 8.45000000E+000, 0.00000000E+000, 2.00000000E-001, 1.26037021E-017, 2.52074042E-018
 8.55000000E+000, 0.00000000E+000, 2.00000000E-001, 0.00000000E+000, 0.00000000E+000
 8.65000000E+000, 0.00000000E+000, 2.00000000E-001, 0.00000000E+000, 0.00000000E+000
 8.75000000E+000, 0.00000000E+000, 2.00000000E-001, 0.00000000E+000, 0.00000000E+000
 8.85000000E+000, 0.00000000E+000, 2.00000000E-001, 0.00000000E+000, 0.00000000E+000
 8.95000000E+000, 0.00000000E+000, 2.00000000E-001, 0.00000000E+000, 0.00000000E+000
 9.05000000E+000, 0.00000000E+000, 2.00000000E-001, 0.00000000E+000, 0.00000000E+000
 9.15000000E+000, 0.00000000E+000, 2.00000000E-001, 0.00000000E+000, 0.00000000E+000
 9.25000000E+000, 0.00000000E+000, 2.00000000E-001, 0.00000000E+000, 0.00000000E+000
 9.35000000E+000, 0.00000000E+000, 2.00000000E-001, 0.00000000E+000, 0.00000000E+000
 9.45000000E+000, 0.00000000E+000, 2.00000000E-001, 0.00000000E+000, 0.00000000E+000
 9.55000000E+000, 0.00000000E+000, 2.00000000E-001, 0.00000000E+000, 0.00000000E+000
 9.65000000E+000, 0.00000000E+000, 2.00000000E-001, 0.00000000E+000, 0.00000000E+000
 9.75000000E+000, 0.00000000E+000, 2.00000000E-001, 0.00000000E+000, 0.00000000E+000
 9.85000000E+000, 0.00000000E+000, 2.00000000E-001, 0.00000000E+000, 0.00000000E+000
 9.95000000E+000, 0.00000000E+000, 2.00000000E-001, 0.00000000E+000, 0.00000000E+000
