   5.0005558457540422      ,         500
X,ZB,H,U,Q
 3.00000000E-002, 0.00000000E+000, 1.00858536E+000, 3.22527062E-002, 3.25296074E-002
 9.00000000E-002, 0.00000000E+000, 1.00858157E+000, 3.22645238E-002, 3.25414041E-002
 1.50000000E-001, 0.00000000E+000, 1.00857773E+000, 3.22764888E-002, 3.25533480E-002
 2.10000000E-001, 0.00000000E+000, 1.00857385E+000, 3.22885977E-002, 3.25654353E-002
 2.70000000E-001, 0.00000000E+000, 1.00856992E+000, 3.23008467E-002, 3.25776625E-002
 3.30000000E-001, 0.00000000E+000, 1.00856595E+000, 3.23132325E-002, 3.25900261E-002
 3.90000000E-001, 0.00000000E+000, 1.00856194E+000, 3.23257517E-002, 3.26025228E-002
 4.50000000E-001, 0.00000000E+000, 1.00855788E+000, 3.23384012E-002, 3.26151494E-002
 5.10000000E-001, 0.00000000E+000, 1.00855378E+000, 3.23511778E-002, 3.26279027E-002
 5.70000000E-001, 0.00000000E+000, 1.00854965E+000, 3.23640784E-002, 3.26407798E-002
 6.30000000E-001, 0.00000000E+000, 1.00854547E+000, 3.23771002E-002, 3.26537777E-002
 6.90000000E-001, 0.00000000E+000, 1.00854126E+000, 3.23902402E-002, 3.26668936E-002
 7.50000000E-001, 0.00000000E+000, 1.00853700E+000, 3.24034958E-002, 3.26801246E-002
 8.10000000E-001, 0.00000000E+000, 1.00853272E+000, 3.24168640E-002, 3.26934680E-002
 8.70000000E-001, 0.00000000E+000, 1.00852840E+000, 3.24303424E-002, 3.27069211E-002
 9.30000000E-001, 0.00000000E+000, 1.00852404E+000, 3.24439281E-002, 3.27204814E-002
 9.90000000E-001, 0.00000000E+000, 1.00851965E+000, 3.24576187E-002, 3.27341462E-002
 1.05000000E+000, 0.00000000E+000, 1.00851522E+000, 3.24714116E-002, 3.27479130E-002
 1.11000000E+000, 0.00000000E+000, 1.00851077E+000, 3.24853043E-002, 3.27617792E-002
 1.17000000E+000, 0.00000000E+000, 1.00850628E+000, 3.24992942E-002, 3.27757424E-002
 1.23000000E+000, 0.00000000E+000, 1.00850177E+000, 3.25133790E-002, 3.27898002E-002
 1.29000000E+000, 0.00000000E+000, 1.00849722E+000, 3.25275562E-002, 3.28039500E-002
 1.35000000E+000, 0.00000000E+000, 1.00849264E+000, 3.25418233E-002, 3.28181895E-002
 1.41000000E+000, 0.00000000E+000, 1.00848804E+000, 3.25561780E-002, 3.28325162E-002
 1.47000000E+000, 0.00000000E+000, 1.00848341E+000, 3.25706178E-002, 3.28469277E-002
 1.53000000E+000, 0.00000000E+000, 1.00847875E+000, 3.25851404E-002, 3.28614218E-002
 1.59000000E+000, 0.00000000E+000, 1.00847407E+000, 3.25997433E-002, 3.28759959E-002
 1.65000000E+000, 0.00000000E+000, 1.00846936E+000, 3.26144242E-002, 3.28906476E-002
 1.71000000E+000, 0.00000000E+000, 1.00846463E+000, 3.26291807E-002, 3.29053747E-002
 1.77000000E+000, 0.00000000E+000, 1.00845988E+000, 3.26440105E-002, 3.29201747E-002
 1.83000000E+000, 0.00000000E+000, 1.00845510E+000, 3.26589110E-002, 3.29350452E-002
 1.89000000E+000, 0.00000000E+000, 1.00845030E+000, 3.26738799E-002, 3.29499839E-002
 1.95000000E+000, 0.00000000E+000, 1.00844548E+000, 3.26889148E-002, 3.29649883E-002
 2.01000000E+000, 0.00000000E+000, 1.00844063E+000, 3.27040133E-002, 3.29800559E-002
 2.07000000E+000, 0.00000000E+000, 1.00843577E+000, 3.27191730E-002, 3.29951845E-002
 2.13000000E+000, 0.00000000E+000, 1.00843089E+000, 3.27343914E-002, 3.30103715E-002
 2.19000000E+000, 0.00000000E+000, 1.00842599E+000, 3.27496661E-002, 3.30256145E-002
 2.25000000E+000, 0.00000000E+000, 1.00842108E+000, 3.27649945E-002, 3.30409111E-002
 2.31000000E+000, 0.00000000E+000, 1.00841615E+000, 3.27803743E-002, 3.30562588E-002
 2.37000000E+000, 0.00000000E+000, 1.00841120E+000, 3.27958030E-002, 3.30716550E-002
 2.43000000E+000, 0.00000000E+000, 1.00840624E+000, 3.28112780E-002, 3.30870974E-002
 2.49000000E+000, 0.00000000E+000, 1.00840126E+000, 3.28267968E-002, 3.31025833E-002
 2.55000000E+000, 0.00000000E+000, 1.00839627E+000, 3.28423569E-002, 3.31181102E-002
 2.61000000E+000, 0.00000000E+000, 1.00839127E+000, 3.28579557E-002, 3.31336757E-002
 2.67000000E+000, 0.00000000E+000, 1.00838626E+000, 3.28735907E-002, 3.31492770E-002
 2.73000000E+000, 0.00000000E+000, 1.00838123E+000, 3.28892593E-002, 3.31649118E-002
 2.79000000E+000, 0.00000000E+000, 1.00837620E+000, 3.29049589E-002, 3.31805773E-002
 2.85000000E+000, 0.00000000E+000, 1.00837115E+000, 3.29206869E-002, 3.31962710E-002
 2.91000000E+000, 0.00000000E+000, 1.00836610E+000, 3.29364406E-002, 3.32119902E-002
 2.97000000E+000, 0.00000000E+000, 1.00836104E+000, 3.29522174E-002, 3.32277323E-002
 3.03000000E+000, 0.00000000E+000, 1.00835598E+000, 3.29680147E-002, 3.32434947E-002
 3.09000000E+000, 0.00000000E+000, 1.00835091E+000, 3.29838298E-002, 3.32592747E-002
 3.15000000E+000, 0.00000000E+000, 1.00834583E+000, 3.29996600E-002, 3.32750696E-002
 3.21000000E+000, 0.00000000E+000, 1.00834075E+000, 3.30155026E-002, 3.32908767E-002
 3.27000000E+000, 0.00000000E+000, 1.00833567E+000, 3.30313550E-002, 3.33066934E-002
 3.33000000E+000, 0.00000000E+000, 1.00833058E+000, 3.30472144E-002, 3.33225169E-002
 3.39000000E+000, 0.00000000E+000, 1.00832549E+000, 3.30630780E-002, 3.33383445E-002
 3.45000000E+000, 0.00000000E+000, 1.00832041E+000, 3.30789432E-002, 3.33541735E-002
 3.51000000E+000, 0.00000000E+000, 1.00831532E+000, 3.30948073E-002, 3.33700012E-002
 3.57000000E+000, 0.00000000E+000, 1.00831023E+000, 3.31106674E-002, 3.33858248E-002
 3.63000000E+000, 0.00000000E+000, 1.00830515E+000, 3.31265208E-002, 3.34016416E-002
 3.69000000E+000, 0.00000000E+000, 1.00830007E+000, 3.31423649E-002, 3.34174488E-002
 3.75000000E+000, 0.00000000E+000, 1.00829499E+000, 3.31581967E-002, 3.34332437E-002
 3.81000000E+000, 0.00000000E+000, 1.00828992E+000, 3.31740136E-002, 3.34490236E-002
 3.87000000E+000, 0.00000000E+000, 1.00828486E+000, 3.31898128E-002, 3.34647856E-002
 3.93000000E+000, 0.00000000E+000, 1.00827980E+000, 3.32055915E-002, 3.34805271E-002
 3.99000000E+000, 0.00000000E+000, 1.00827475E+000, 3.32213470E-002, 3.34962452E-002
 4.05000000E+000, 0.00000000E+000, 1.00826970E+000, 3.32370766E-002, 3.35119373E-002
 4.11000000E+000, 0.00000000E+000, 1.00826467E+000, 3.32527774E-002, 3.35276005E-002
 4.17000000E+000, 0.00000000E+000, 1.00825964E+000, 3.32684468E-002, 3.35432323E-002
 4.23000000E+000, 0.00000000E+000, 1.00825463E+000, 3.32840819E-002, 3.35588297E-002
 4.29000000E+000, 0.00000000E+000, 1.00824963E+000, 3.32996801E-002, 3.35743901E-002
 4.35000000E+000, 0.00000000E+000, 1.00824464E+000, 3.33152387E-002, 3.35899108E-002
 4.41000000E+000, 0.00000000E+000, 1.00823966E+000, 3.33307549E-002, 3.36053891E-002
 4.47000000E+000, 0.00000000E+000, 1.00823470E+000, 3.33462260E-002, 3.36208223E-002
 4.53000000E+000, 0.00000000E+000, 1.00822976E+000, 3.33616494E-002, 3.36362078E-002
 4.59000000E+000, 0.00000000E+000, 1.00822483E+000, 3.33770224E-002, 3.36515428E-002
 4.65000000E+000, 0.00000000E+000, 1.00821992E+000, 3.33923424E-002, 3.36668247E-002
 4.71000000E+000, 0.00000000E+000, 1.00821502E+000, 3.34076066E-002, 3.36820509E-002
 4.77000000E+000, 0.00000000E+000, 1.00821015E+000, 3.34228125E-002, 3.36972188E-002
 4.83000000E+000, 0.00000000E+000, 1.00820529E+000, 3.34379576E-002, 3.37123258E-002
 4.89000000E+000, 0.00000000E+000, 1.00820046E+000, 3.34530392E-002, 3.37273694E-002
 4.95000000E+000, 0.00000000E+000, 1.00819564E+000, 3.34680548E-002, 3.37423470E-002
 5.01000000E+000, 0.00000000E+000, 1.00819085E+000, 3.34830018E-002, 3.37572561E-002
 5.07000000E+000, 0.00000000E+000, 1.00818608E+000, 3.34978779E-002, 3.37720943E-002
 5.13000000E+000, 0.00000000E+000, 1.00818134E+000, 3.35126805E-002, 3.37868590E-002
 5.19000000E+000, 0.00000000E+000, 1.00817662E+000, 3.35274072E-002, 3.38015479E-002
 5.25000000E+000, 0.00000000E+000, 1.00817192E+000, 3.35420556E-002, 3.38161586E-002
 5.31000000E+000, 0.00000000E+000, 1.00816725E+000, 3.35566233E-002, 3.38306887E-002
 5.37000000E+000, 0.00000000E+000, 1.00816261E+000, 3.35711081E-002, 3.38451360E-002
 5.43000000E+000, 0.00000000E+000, 1.00815799E+000, 3.35855077E-002, 3.38594981E-002
 5.49000000E+000, 0.00000000E+000, 1.00815341E+000, 3.35998197E-002, 3.38737728E-002
 5.55000000E+000, 0.00000000E+000, 1.00814885E+000, 3.36140421E-002, 3.38879579E-002
 5.61000000E+000, 0.00000000E+000, 1.00814432E+000, 3.36281727E-002, 3.39020514E-002
 5.67000000E+000, 0.00000000E+000, 1.00813983E+000, 3.36422094E-002, 3.39160511E-002
 5.73000000E+000, 0.00000000E+000, 1.00813536E+000, 3.36561501E-002, 3.39299550E-002
 5.79000000E+000, 0.00000000E+000, 1.00813093E+000, 3.36699929E-002, 3.39437611E-002
 5.85000000E+000, 0.00000000E+000, 1.00812652E+000, 3.36837358E-002, 3.39574675E-002
 5.91000000E+000, 0.00000000E+000, 1.00812216E+000, 3.36973771E-002, 3.39710725E-002
 5.97000000E+000, 0.00000000E+000, 1.00811782E+000, 3.37109148E-002, 3.39845741E-002
 6.03000000E+000, 0.00000000E+000, 1.00811353E+000, 3.37243474E-002, 3.39979708E-002
 6.09000000E+000, 0.00000000E+000, 1.00810926E+000, 3.37376732E-002, 3.40112609E-002
 6.15000000E+000, 0.00000000E+000, 1.00810504E+000, 3.37508907E-002, 3.40244429E-002
 6.21000000E+000, 0.00000000E+000, 1.00810085E+000, 3.37639985E-002, 3.40375155E-002
 6.27000000E+000, 0.00000000E+000, 1.00809670E+000, 3.37769952E-002, 3.40504772E-002
 6.33000000E+000, 0.00000000E+000, 1.00809258E+000, 3.37898796E-002, 3.40633270E-002
 6.39000000E+000, 0.00000000E+000, 1.00808851E+000, 3.38026508E-002, 3.40760638E-002
 6.45000000E+000, 0.00000000E+000, 1.00808448E+000, 3.38153077E-002, 3.40886867E-002
 6.51000000E+000, 0.00000000E+000, 1.00808048E+000, 3.38278495E-002, 3.41011949E-002
 6.57000000E+000, 0.00000000E+000, 1.00807653E+000, 3.38402757E-002, 3.41135878E-002
 6.63000000E+000, 0.00000000E+000, 1.00807262E+000, 3.38525858E-002, 3.41258650E-002
 6.69000000E+000, 0.00000000E+000, 1.00806876E+000, 3.38647796E-002, 3.41380263E-002
 6.75000000E+000, 0.00000000E+000, 1.00806494E+000, 3.38768569E-002, 3.41500716E-002
 6.81000000E+000, 0.00000000E+000, 1.00806116E+000, 3.38888180E-002, 3.41620012E-002
 6.87000000E+000, 0.00000000E+000, 1.00805743E+000, 3.39006631E-002, 3.41738154E-002
 6.93000000E+000, 0.00000000E+000, 1.00805375E+000, 3.39123930E-002, 3.41855149E-002
 6.99000000E+000, 0.00000000E+000, 1.00805011E+000, 3.39240083E-002, 3.41971005E-002
 7.05000000E+000, 0.00000000E+000, 1.00804653E+000, 3.39355102E-002, 3.42085733E-002
 7.11000000E+000, 0.00000000E+000, 1.00804299E+000, 3.39469000E-002, 3.42199347E-002
 7.17000000E+000, 0.00000000E+000, 1.00803951E+000, 3.39581792E-002, 3.42311863E-002
 7.23000000E+000, 0.00000000E+000, 1.00803608E+000, 3.39693494E-002, 3.42423298E-002
 7.29000000E+000, 0.00000000E+000, 1.00803270E+000, 3.39804127E-002, 3.42533673E-002
 7.35000000E+000, 0.00000000E+000, 1.00802938E+000, 3.39913712E-002, 3.42643009E-002
 7.41000000E+000, 0.00000000E+000, 1.00802612E+000, 3.40022270E-002, 3.42751329E-002
 7.47000000E+000, 0.00000000E+000, 1.00802291E+000, 3.40129826E-002, 3.42858658E-002
 7.53000000E+000, 0.00000000E+000, 1.00801977E+000, 3.40236403E-002, 3.42965019E-002
 7.59000000E+000, 0.00000000E+000, 1.00801668E+000, 3.40342026E-002, 3.43070438E-002
 7.65000000E+000, 0.00000000E+000, 1.00801365E+000, 3.40446717E-002, 3.43174939E-002
 7.71000000E+000, 0.00000000E+000, 1.00801069E+000, 3.40550500E-002, 3.43278545E-002
 7.77000000E+000, 0.00000000E+000, 1.00800779E+000, 3.40653394E-002, 3.43381276E-002
 7.83000000E+000, 0.00000000E+000, 1.00800496E+000, 3.40755417E-002, 3.43483150E-002
 7.89000000E+000, 0.00000000E+000, 1.00800219E+000, 3.40856583E-002, 3.43584182E-002
 7.95000000E+000, 0.00000000E+000, 1.00799949E+000, 3.40956901E-002, 3.43684382E-002
 8.01000000E+000, 0.00000000E+000, 1.00799685E+000, 3.41056376E-002, 3.43783754E-002
 8.07000000E+000, 0.00000000E+000, 1.00799428E+000, 3.41155007E-002, 3.43882297E-002
 8.13000000E+000, 0.00000000E+000, 1.00799178E+000, 3.41252787E-002, 3.43980005E-002
 8.19000000E+000, 0.00000000E+000, 1.00798935E+000, 3.41349700E-002, 3.44076861E-002
 8.25000000E+000, 0.00000000E+000, 1.00798698E+000, 3.41445726E-002, 3.44172845E-002
 8.31000000E+000, 0.00000000E+000, 1.00798467E+000, 3.41540835E-002, 3.44267927E-002
 8.37000000E+000, 0.00000000E+000, 1.00798243E+000, 3.41634991E-002, 3.44362069E-002
 8.43000000E+000, 0.00000000E+000, 1.00798025E+000, 3.41728150E-002, 3.44455228E-002
 8.49000000E+000, 0.00000000E+000, 1.00797814E+000, 3.41820262E-002, 3.44547351E-002
 8.55000000E+000, 0.00000000E+000, 1.00797608E+000, 3.41911268E-002, 3.44638380E-002
 8.61000000E+000, 0.00000000E+000, 1.00797408E+000, 3.42001106E-002, 3.44728251E-002
 8.67000000E+000, 0.00000000E+000, 1.00797213E+000, 3.42089708E-002, 3.44816893E-002
 8.73000000E+000, 0.00000000E+000, 1.00797024E+000, 3.42177001E-002, 3.44904235E-002
 8.79000000E+000, 0.00000000E+000, 1.00796840E+000, 3.42262912E-002, 3.44990200E-002
 8.85000000E+000, 0.00000000E+000, 1.00796661E+000, 3.42347364E-002, 3.45074711E-002
 8.91000000E+000, 0.00000000E+000, 1.00796486E+000, 3.42430282E-002, 3.45157690E-002
 8.97000000E+000, 0.00000000E+000, 1.00796315E+000, 3.42511591E-002, 3.45239062E-002
 9.03000000E+000, 0.00000000E+000, 1.00796148E+000, 3.42591219E-002, 3.45318754E-002
 9.09000000E+000, 0.00000000E+000, 1.00795986E+000, 3.42669101E-002, 3.45396698E-002
 9.15000000E+000, 0.00000000E+000, 1.00795826E+000, 3.42745173E-002, 3.45472830E-002
 9.21000000E+000, 0.00000000E+000, 1.00795670E+000, 3.42819381E-002, 3.45547094E-002
 9.27000000E+000, 0.00000000E+000, 1.00795518E+000, 3.42891678E-002, 3.45619442E-002
 9.33000000E+000, 0.00000000E+000, 1.00795368E+000, 3.42962023E-002, 3.45689833E-002
 9.39000000E+000, 0.00000000E+000, 1.00795221E+000, 3.43030388E-002, 3.45758239E-002
 9.45000000E+000, 0.00000000E+000, 1.00795077E+000, 3.43096752E-002, 3.45824636E-002
 9.51000000E+000, 0.00000000E+000, 1.00794936E+000, 3.43161104E-002, 3.45889015E-002
 9.57000000E+000, 0.00000000E+000, 1.00794797E+000, 3.43223443E-002, 3.45951375E-002
 9.63000000E+000, 0.00000000E+000, 1.00794662E+000, 3.43283778E-002, 3.46011723E-002
 9.69000000E+000, 0.00000000E+000, 1.00794529E+000, 3.43342127E-002, 3.46070078E-002
 9.75000000E+000, 0.00000000E+000, 1.00794398E+000, 3.43398514E-002, 3.46126465E-002
 9.81000000E+000, 0.00000000E+000, 1.00794271E+000, 3.43452974E-002, 3.46180920E-002
 9.87000000E+000, 0.00000000E+000, 1.00794146E+000, 3.43505547E-002, 3.46233483E-002
 9.93000000E+000, 0.00000000E+000, 1.00794024E+000, 3.43556281E-002, 3.46284201E-002
 9.99000000E+000, 0.00000000E+000, 1.00793906E+000, 3.43605225E-002, 3.46333127E-002
 1.00500000E+001, 0.00000000E+000, 1.00793791E+000, 3.43652435E-002, 3.46380316E-002
 1.01100000E+001, 0.00000000E+000, 1.00793679E+000, 3.43697969E-002, 3.46425827E-002
 1.01700000E+001, 0.00000000E+000, 1.00793570E+000, 3.43741887E-002, 3.46469721E-002
 1.02300000E+001, 0.00000000E+000, 1.00793466E+000, 3.43784248E-002, 3.46512058E-002
 1.02900000E+001, 0.00000000E+000, 1.00793365E+000, 3.43825112E-002, 3.46552900E-002
 1.03500000E+001, 0.00000000E+000, 1.00793268E+000, 3.43864539E-002, 3.46592306E-002
 1.04100000E+001, 0.00000000E+000, 1.00793175E+000, 3.43902584E-002, 3.46630334E-002
 1.04700000E+001, 0.00000000E+000, 1.00793087E+000, 3.43939301E-002, 3.46667038E-002
 1.05300000E+001, 0.00000000E+000, 1.00793002E+000, 3.43974742E-002, 3.46702470E-002
 1.05900000E+001, 0.00000000E+000, 1.00792922E+000, 3.44008953E-002, 3.46736677E-002
 1.06500000E+001, 0.00000000E+000, 1.00792847E+000, 3.44041978E-002, 3.46769704E-002
 1.07100000E+001, 0.00000000E+000, 1.00792776E+000, 3.44073855E-002, 3.46801589E-002
 1.07700000E+001, 0.00000000E+000, 1.00792710E+000, 3.44104617E-002, 3.46832368E-002
 1.08300000E+001, 0.00000000E+000, 1.00792648E+000, 3.44134296E-002, 3.46862069E-002
 1.08900000E+001, 0.00000000E+000, 1.00792591E+000, 3.44162915E-002, 3.46890718E-002
 1.09500000E+001, 0.00000000E+000, 1.00792538E+000, 3.44190495E-002, 3.46918336E-002
 1.10100000E+001, 0.00000000E+000, 1.00792490E+000, 3.44217053E-002, 3.46944940E-002
 1.10700000E+001, 0.00000000E+000, 1.00792447E+000, 3.44242599E-002, 3.46970540E-002
 1.11300000E+001, 0.00000000E+000, 1.00792408E+000, 3.44267143E-002, 3.46995145E-002
 1.11900000E+001, 0.00000000E+000, 1.00792374E+000, 3.44290689E-002, 3.47018759E-002
 1.12500000E+001, 0.00000000E+000, 1.00792344E+000, 3.44313237E-002, 3.47041384E-002
 1.13100000E+001, 0.00000000E+000, 1.00792319E+000, 3.44334787E-002, 3.47063016E-002
 1.13700000E+001, 0.00000000E+000, 1.00792298E+000, 3.44355334E-002, 3.47083653E-002
 1.14300000E+001, 0.00000000E+000, 1.00792281E+000, 3.44374871E-002, 3.47103286E-002
 1.14900000E+001, 0.00000000E+000, 1.00792268E+000, 3.44393390E-002, 3.47121908E-002
 1.15500000E+001, 0.00000000E+000, 1.00792259E+000, 3.44410880E-002, 3.47139506E-002
 1.16100000E+001, 0.00000000E+000, 1.00792254E+000, 3.44427332E-002, 3.47156071E-002
 1.16700000E+001, 0.00000000E+000, 1.00792253E+000, 3.44442732E-002, 3.47171588E-002
 1.17300000E+001, 0.00000000E+000, 1.00792255E+000, 3.44457067E-002, 3.47186046E-002
 1.17900000E+001, 0.00000000E+000, 1.00792261E+000, 3.44470326E-002, 3.47199431E-002
 1.18500000E+001, 0.00000000E+000, 1.00792271E+000, 3.44482496E-002, 3.47211730E-002
 1.19100000E+001, 0.00000000E+000, 1.00792283E+000, 3.44493564E-002, 3.47222929E-002
 1.19700000E+001, 0.00000000E+000, 1.00792299E+000, 3.44503518E-002, 3.47233017E-002
 1.20300000E+001, 0.00000000E+000, 1.00792319E+000, 3.44512347E-002, 3.47241983E-002
 1.20900000E+001, 0.00000000E+000, 1.00792341E+000, 3.44520043E-002, 3.47249816E-002
 1.21500000E+001, 0.00000000E+000, 1.00792366E+000, 3.44526597E-002, 3.47256507E-002
 1.22100000E+001, 0.00000000E+000, 1.00792394E+000, 3.44532001E-002, 3.47262051E-002
 1.22700000E+001, 0.00000000E+000, 1.00792424E+000, 3.44536253E-002, 3.47266442E-002
 1.23300000E+001, 0.00000000E+000, 1.00792458E+000, 3.44539351E-002, 3.47269679E-002
 1.23900000E+001, 0.00000000E+000, 1.00792494E+000, 3.44541296E-002, 3.47271763E-002
 1.24500000E+001, 0.00000000E+000, 1.00792532E+000, 3.44542092E-002, 3.47272698E-002
 1.25100000E+001, 0.00000000E+000, 1.00792573E+000, 3.44541750E-002, 3.47272495E-002
 1.25700000E+001, 0.00000000E+000, 1.00792616E+000, 3.44540286E-002, 3.47271169E-002
 1.26300000E+001, 0.00000000E+000, 1.00792662E+000, 3.44537721E-002, 3.47268741E-002
 1.26900000E+001, 0.00000000E+000, 1.00792711E+000, 3.44534086E-002, 3.47265245E-002
 1.27500000E+001, 0.00000000E+000, 1.00792762E+000, 3.44529425E-002, 3.47260723E-002
 1.28100000E+001, 0.00000000E+000, 1.00792815E+000, 3.44523795E-002, 3.47255233E-002
 1.28700000E+001, 0.00000000E+000, 1.00792872E+000, 3.44517271E-002, 3.47248852E-002
 1.29300000E+001, 0.00000000E+000, 1.00792932E+000, 3.44509951E-002, 3.47241680E-002
 1.29900000E+001, 0.00000000E+000, 1.00792995E+000, 3.44501965E-002, 3.47233848E-002
 1.30500000E+001, 0.00000000E+000, 1.00793062E+000, 3.44493481E-002, 3.47225527E-002
 1.31100000E+001, 0.00000000E+000, 1.00793134E+000, 3.44484712E-002, 3.47216935E-002
 1.31700000E+001, 0.00000000E+000, 1.00793211E+000, 3.44475934E-002, 3.47208353E-002
 1.32300000E+001, 0.00000000E+000, 1.00793294E+000, 3.44467500E-002, 3.47200139E-002
 1.32900000E+001, 0.00000000E+000, 1.00793385E+000, 3.44459855E-002, 3.47192748E-002
 1.33500000E+001, 0.00000000E+000, 1.00793486E+000, 3.44453563E-002, 3.47186753E-002
 1.34100000E+001, 0.00000000E+000, 1.00793598E+000, 3.44449332E-002, 3.47182875E-002
 1.34700000E+001, 0.00000000E+000, 1.00793725E+000, 3.44448045E-002, 3.47182015E-002
 1.35300000E+001, 0.00000000E+000, 1.00793870E+000, 3.44450800E-002, 3.47185290E-002
 1.35900000E+001, 0.00000000E+000, 1.00794037E+000, 3.44458950E-002, 3.47194080E-002
 1.36500000E+001, 0.00000000E+000, 1.00794231E+000, 3.44474156E-002, 3.47210077E-002
 1.37100000E+001, 0.00000000E+000, 1.00794459E+000, 3.44498447E-002, 3.47235347E-002
 1.37700000E+001, 0.00000000E+000, 1.00794729E+000, 3.44534276E-002, 3.47272391E-002
 1.38300000E+001, 0.00000000E+000, 1.00795051E+000, 3.44584602E-002, 3.47324224E-002
 1.38900000E+001, 0.00000000E+000, 1.00795434E+000, 3.44652965E-002, 3.47394453E-002
 1.39500000E+001, 0.00000000E+000, 1.00795894E+000, 3.44743574E-002, 3.47487366E-002
 1.40100000E+001, 0.00000000E+000, 1.00796445E+000, 3.44861402E-002, 3.47608033E-002
 1.40700000E+001, 0.00000000E+000, 1.00797106E+000, 3.45012286E-002, 3.47762401E-002
 1.41300000E+001, 0.00000000E+000, 1.00797900E+000, 3.45203031E-002, 3.47957405E-002
 1.41900000E+001, 0.00000000E+000, 1.00798851E+000, 3.45441518E-002, 3.48201080E-002
 1.42500000E+001, 0.00000000E+000, 1.00799988E+000, 3.45736814E-002, 3.48502667E-002
 1.43100000E+001, 0.00000000E+000, 1.00801345E+000, 3.46099280E-002, 3.48872729E-002
 1.43700000E+001, 0.00000000E+000, 1.00802959E+000, 3.46540673E-002, 3.49323251E-002
 1.44300000E+001, 0.00000000E+000, 1.00804872E+000, 3.47074242E-002, 3.49867746E-002
 1.44900000E+001, 0.00000000E+000, 1.00807133E+000, 3.47714818E-002, 3.50521338E-002
 1.45500000E+001, 0.00000000E+000, 1.00809793E+000, 3.48478881E-002, 3.51300838E-002
 1.46100000E+001, 0.00000000E+000, 1.00812911E+000, 3.49384614E-002, 3.52224801E-002
 1.46700000E+001, 0.00000000E+000, 1.00816552E+000, 3.50451941E-002, 3.53313563E-002
 1.47300000E+001, 0.00000000E+000, 1.00820784E+000, 3.51702530E-002, 3.54589247E-002
 1.47900000E+001, 0.00000000E+000, 1.00825682E+000, 3.53159774E-002, 3.56075750E-002
 1.48500000E+001, 0.00000000E+000, 1.00831327E+000, 3.54848743E-002, 3.57798696E-002
 1.49100000E+001, 0.00000000E+000, 1.00837804E+000, 3.56796104E-002, 3.59785356E-002
 1.49700000E+001, 0.00000000E+000, 1.00845204E+000, 3.59030002E-002, 3.62064538E-002
 1.50300000E+001, 0.00000000E+000, 1.00853621E+000, 3.61579921E-002, 3.64666443E-002
 1.50900000E+001, 0.00000000E+000, 1.00863154E+000, 3.64476497E-002, 3.67622489E-002
 1.51500000E+001, 0.00000000E+000, 1.00873903E+000, 3.67751317E-002, 3.70965108E-002
 1.52100000E+001, 0.00000000E+000, 1.00885973E+000, 3.71436684E-002, 3.74727514E-002
 1.52700000E+001, 0.00000000E+000, 1.00899470E+000, 3.75565354E-002, 3.78943450E-002
 1.53300000E+001, 0.00000000E+000, 1.00914498E+000, 3.80170270E-002, 3.83646918E-002
 1.53900000E+001, 0.00000000E+000, 1.00931163E+000, 3.85284269E-002, 3.88871896E-002
 1.54500000E+001, 0.00000000E+000, 1.00949571E+000, 3.90939797E-002, 3.94652048E-002
 1.55100000E+001, 0.00000000E+000, 1.00969823E+000, 3.97168609E-002, 4.01020443E-002
 1.55700000E+001, 0.00000000E+000, 1.00992019E+000, 4.04001493E-002, 4.08009265E-002
 1.56300000E+001, 0.00000000E+000, 1.01016254E+000, 4.11467995E-002, 4.15649555E-002
 1.56900000E+001, 0.00000000E+000, 1.01042619E+000, 4.19596169E-002, 4.23970959E-002
 1.57500000E+001, 0.00000000E+000, 1.01071199E+000, 4.28412351E-002, 4.33001500E-002
 1.58100000E+001, 0.00000000E+000, 1.01102074E+000, 4.37940958E-002, 4.42767392E-002
 1.58700000E+001, 0.00000000E+000, 1.01135316E+000, 4.48204328E-002, 4.53292865E-002
 1.59300000E+001, 0.00000000E+000, 1.01170992E+000, 4.59222587E-002, 4.64600045E-002
 1.59900000E+001, 0.00000000E+000, 1.01209159E+000, 4.71013551E-002, 4.76708853E-002
 1.60500000E+001, 0.00000000E+000, 1.01249869E+000, 4.83592676E-002, 4.89636950E-002
 1.61100000E+001, 0.00000000E+000, 1.01293165E+000, 4.96973029E-002, 5.03399710E-002
 1.61700000E+001, 0.00000000E+000, 1.01339084E+000, 5.11165300E-002, 5.18010231E-002
 1.62300000E+001, 0.00000000E+000, 1.01387653E+000, 5.26177852E-002, 5.33479375E-002
 1.62900000E+001, 0.00000000E+000, 1.01438895E+000, 5.42016782E-002, 5.49815835E-002
 1.63500000E+001, 0.00000000E+000, 1.01492824E+000, 5.58686024E-002, 5.67026225E-002
 1.64100000E+001, 0.00000000E+000, 1.01549449E+000, 5.76187465E-002, 5.85115195E-002
 1.64700000E+001, 0.00000000E+000, 1.01608771E+000, 5.94521074E-002, 6.04085557E-002
 1.65300000E+001, 0.00000000E+000, 1.01670787E+000, 6.13685052E-002, 6.23938423E-002
 1.65900000E+001, 0.00000000E+000, 1.01735489E+000, 6.33675984E-002, 6.44673360E-002
 1.66500000E+001, 0.00000000E+000, 1.01802863E+000, 6.54488997E-002, 6.66288535E-002
 1.67100000E+001, 0.00000000E+000, 1.01872892E+000, 6.76117920E-002, 6.88780877E-002
 1.67700000E+001, 0.00000000E+000, 1.01945555E+000, 6.98555443E-002, 7.12146222E-002
 1.68300000E+001, 0.00000000E+000, 1.02020828E+000, 7.21793267E-002, 7.36379470E-002
 1.68900000E+001, 0.00000000E+000, 1.02098685E+000, 7.45822254E-002, 7.61474716E-002
 1.69500000E+001, 0.00000000E+000, 1.02179097E+000, 7.70632563E-002, 7.87425394E-002
 1.70100000E+001, 0.00000000E+000, 1.02262033E+000, 7.96213776E-002, 8.14224392E-002
 1.70700000E+001, 0.00000000E+000, 1.02347460E+000, 8.22555019E-002, 8.41864172E-002
 1.71300000E+001, 0.00000000E+000, 1.02435347E+000, 8.49645065E-002, 8.70336868E-002
 1.71900000E+001, 0.00000000E+000, 1.02525658E+000, 8.77472427E-002, 8.99634377E-002
 1.72500000E+001, 0.00000000E+000, 1.02618359E+000, 9.06025445E-002, 9.29748441E-002
 1.73100000E+001, 0.00000000E+000, 1.02713415E+000, 9.35292354E-002, 9.60670715E-002
 1.73700000E+001, 0.00000000E+000, 1.02810791E+000, 9.65261346E-002, 9.92392827E-002
 1.74300000E+001, 0.00000000E+000, 1.02910452E+000, 9.95920625E-002, 1.02490642E-001
 1.74900000E+001, 0.00000000E+000, 1.03012364E+000, 1.02725844E-001, 1.05820321E-001
 1.75500000E+001, 0.00000000E+000, 1.03116491E+000, 1.05926314E-001, 1.09227498E-001
 1.76100000E+001, 0.00000000E+000, 1.03222800E+000, 1.09192316E-001, 1.12711366E-001
 1.76700000E+001, 0.00000000E+000, 1.03331256E+000, 1.12522709E-001, 1.16271129E-001
 1.77300000E+001, 0.00000000E+000, 1.03441827E+000, 1.15916367E-001, 1.19906007E-001
 1.77900000E+001, 0.00000000E+000, 1.03554479E+000, 1.19372177E-001, 1.23615236E-001
 1.78500000E+001, 0.00000000E+000, 1.03669180E+000, 1.22889045E-001, 1.27398066E-001
 1.79100000E+001, 0.00000000E+000, 1.03785899E+000, 1.26465893E-001, 1.31253764E-001
 1.79700000E+001, 0.00000000E+000, 1.03904603E+000, 1.30101659E-001, 1.35181613E-001
 1.80300000E+001, 0.00000000E+000, 1.04025263E+000, 1.33795298E-001, 1.39180910E-001
 1.80900000E+001, 0.00000000E+000, 1.04147848E+000, 1.37545781E-001, 1.43250970E-001
 1.81500000E+001, 0.00000000E+000, 1.04272328E+000, 1.41352094E-001, 1.47391119E-001
 1.82100000E+001, 0.00000000E+000, 1.04398673E+000, 1.45213241E-001, 1.51600697E-001
 1.82700000E+001, 0.00000000E+000, 1.04526856E+000, 1.49128237E-001, 1.55879058E-001
 1.83300000E+001, 0.00000000E+000, 1.04656847E+000, 1.53096115E-001, 1.60225567E-001
 1.83900000E+001, 0.00000000E+000, 1.04788619E+000, 1.57115919E-001, 1.64639601E-001
 1.84500000E+001, 0.00000000E+000, 1.04922144E+000, 1.61186708E-001, 1.69120549E-001
 1.85100000E+001, 0.00000000E+000, 1.05057394E+000, 1.65307552E-001, 1.73667806E-001
 1.85700000E+001, 0.00000000E+000, 1.05194343E+000, 1.69477537E-001, 1.78280781E-001
 1.86300000E+001, 0.00000000E+000, 1.05332964E+000, 1.73695758E-001, 1.82958890E-001
 1.86900000E+001, 0.00000000E+000, 1.05473231E+000, 1.77961322E-001, 1.87701556E-001
 1.87500000E+001, 0.00000000E+000, 1.05615119E+000, 1.82273349E-001, 1.92508214E-001
 1.88100000E+001, 0.00000000E+000, 1.05758601E+000, 1.86630971E-001, 1.97378303E-001
 1.88700000E+001, 0.00000000E+000, 1.05903652E+000, 1.91033328E-001, 2.02311272E-001
 1.89300000E+001, 0.00000000E+000, 1.06050249E+000, 1.95479575E-001, 2.07306576E-001
 1.89900000E+001, 0.00000000E+000, 1.06198366E+000, 1.99968876E-001, 2.12363678E-001
 1.90500000E+001, 0.00000000E+000, 1.06347978E+000, 2.04500406E-001, 2.17482047E-001
 1.91100000E+001, 0.00000000E+000, 1.06499063E+000, 2.09073351E-001, 2.22661159E-001
 1.91700000E+001, 0.00000000E+000, 1.06651596E+000, 2.13686908E-001, 2.27900497E-001
 1.92300000E+001, 0.00000000E+000, 1.06805554E+000, 2.18340287E-001, 2.33199552E-001
 1.92900000E+001, 0.00000000E+000, 1.06960914E+000, 2.23032705E-001, 2.38557820E-001
 1.93500000E+001, 0.00000000E+000, 1.07117654E+000, 2.27763395E-001, 2.43974804E-001
 1.94100000E+001, 0.00000000E+000, 1.07275751E+000, 2.32531596E-001, 2.49450015E-001
 1.94700000E+001, 0.00000000E+000, 1.07435183E+000, 2.37336561E-001, 2.54982968E-001
 1.95300000E+001, 0.00000000E+000, 1.07595928E+000, 2.42177555E-001, 2.60573189E-001
 1.95900000E+001, 0.00000000E+000, 1.07757966E+000, 2.47053852E-001, 2.66220205E-001
 1.96500000E+001, 0.00000000E+000, 1.07921274E+000, 2.51964739E-001, 2.71923556E-001
 1.97100000E+001, 0.00000000E+000, 1.08085833E+000, 2.56909511E-001, 2.77682785E-001
 1.97700000E+001, 0.00000000E+000, 1.08251621E+000, 2.61887479E-001, 2.83497442E-001
 1.98300000E+001, 0.00000000E+000, 1.08418619E+000, 2.66897962E-001, 2.89367085E-001
 1.98900000E+001, 0.00000000E+000, 1.08586807E+000, 2.71940291E-001, 2.95291279E-001
 1.99500000E+001, 0.00000000E+000, 1.08756165E+000, 2.77013808E-001, 3.01269595E-001
 2.00100000E+001, 0.00000000E+000, 1.08926675E+000, 2.82117866E-001, 3.07301610E-001
 2.00700000E+001, 0.00000000E+000, 1.09098317E+000, 2.87251831E-001, 3.13386911E-001
 2.01300000E+001, 0.00000000E+000, 1.09271072E+000, 2.92415076E-001, 3.19525089E-001
 2.01900000E+001, 0.00000000E+000, 1.09444923E+000, 2.97606990E-001, 3.25715742E-001
 2.02500000E+001, 0.00000000E+000, 1.09619853E+000, 3.02826968E-001, 3.31958476E-001
 2.03100000E+001, 0.00000000E+000, 1.09795842E+000, 3.08074420E-001, 3.38252902E-001
 2.03700000E+001, 0.00000000E+000, 1.09972874E+000, 3.13348764E-001, 3.44598640E-001
 2.04300000E+001, 0.00000000E+000, 1.10150932E+000, 3.18649429E-001, 3.50995315E-001
 2.04900000E+001, 0.00000000E+000, 1.10329999E+000, 3.23975855E-001, 3.57442557E-001
 2.05500000E+001, 0.00000000E+000, 1.10510059E+000, 3.29327493E-001, 3.63940005E-001
 2.06100000E+001, 0.00000000E+000, 1.10691095E+000, 3.34703801E-001, 3.70487304E-001
 2.06700000E+001, 0.00000000E+000, 1.10873093E+000, 3.40104252E-001, 3.77084104E-001
 2.07300000E+001, 0.00000000E+000, 1.11056036E+000, 3.45528325E-001, 3.83730060E-001
 2.07900000E+001, 0.00000000E+000, 1.11239909E+000, 3.50975509E-001, 3.90424837E-001
 2.08500000E+001, 0.00000000E+000, 1.11424697E+000, 3.56445304E-001, 3.97168101E-001
 2.09100000E+001, 0.00000000E+000, 1.11610386E+000, 3.61937219E-001, 4.03959528E-001
 2.09700000E+001, 0.00000000E+000, 1.11796961E+000, 3.67450772E-001, 4.10798796E-001
 2.10300000E+001, 0.00000000E+000, 1.11984407E+000, 3.72985490E-001, 4.17685591E-001
 2.10900000E+001, 0.00000000E+000, 1.12172712E+000, 3.78540909E-001, 4.24619603E-001
 2.11500000E+001, 0.00000000E+000, 1.12361861E+000, 3.84116573E-001, 4.31600528E-001
 2.12100000E+001, 0.00000000E+000, 1.12551840E+000, 3.89712034E-001, 4.38628066E-001
 2.12700000E+001, 0.00000000E+000, 1.12742637E+000, 3.95326855E-001, 4.45701923E-001
 2.13300000E+001, 0.00000000E+000, 1.12934239E+000, 4.00960605E-001, 4.52821808E-001
 2.13900000E+001, 0.00000000E+000, 1.13126633E+000, 4.06612861E-001, 4.59987437E-001
 2.14500000E+001, 0.00000000E+000, 1.13319805E+000, 4.12283208E-001, 4.67198529E-001
 2.15100000E+001, 0.00000000E+000, 1.13513745E+000, 4.17971238E-001, 4.74454807E-001
 2.15700000E+001, 0.00000000E+000, 1.13708440E+000, 4.23676552E-001, 4.81755998E-001
 2.16300000E+001, 0.00000000E+000, 1.13903878E+000, 4.29398756E-001, 4.89101834E-001
 2.16900000E+001, 0.00000000E+000, 1.14100047E+000, 4.35137464E-001, 4.96492051E-001
 2.17500000E+001, 0.00000000E+000, 1.14296936E+000, 4.40892298E-001, 5.03926386E-001
 2.18100000E+001, 0.00000000E+000, 1.14494533E+000, 4.46662884E-001, 5.11404583E-001
 2.18700000E+001, 0.00000000E+000, 1.14692827E+000, 4.52448857E-001, 5.18926386E-001
 2.19300000E+001, 0.00000000E+000, 1.14891808E+000, 4.58249856E-001, 5.26491545E-001
 2.19900000E+001, 0.00000000E+000, 1.15091464E+000, 4.64065527E-001, 5.34099811E-001
 2.20500000E+001, 0.00000000E+000, 1.15291785E+000, 4.69895523E-001, 5.41750938E-001
 2.21100000E+001, 0.00000000E+000, 1.15492761E+000, 4.75739500E-001, 5.49444682E-001
 2.21700000E+001, 0.00000000E+000, 1.15694380E+000, 4.81597122E-001, 5.57180805E-001
 2.22300000E+001, 0.00000000E+000, 1.15896633E+000, 4.87468058E-001, 5.64959066E-001
 2.22900000E+001, 0.00000000E+000, 1.16099510E+000, 4.93351980E-001, 5.72779230E-001
 2.23500000E+001, 0.00000000E+000, 1.16303000E+000, 4.99248567E-001, 5.80641062E-001
 2.24100000E+001, 0.00000000E+000, 1.16507095E+000, 5.05157502E-001, 5.88544330E-001
 2.24700000E+001, 0.00000000E+000, 1.16711784E+000, 5.11078473E-001, 5.96488801E-001
 2.25300000E+001, 0.00000000E+000, 1.16917057E+000, 5.17011172E-001, 6.04474247E-001
 2.25900000E+001, 0.00000000E+000, 1.17122906E+000, 5.22955295E-001, 6.12500439E-001
 2.26500000E+001, 0.00000000E+000, 1.17329321E+000, 5.28910543E-001, 6.20567148E-001
 2.27100000E+001, 0.00000000E+000, 1.17536292E+000, 5.34876621E-001, 6.28674149E-001
 2.27700000E+001, 0.00000000E+000, 1.17743811E+000, 5.40853236E-001, 6.36821214E-001
 2.28300000E+001, 0.00000000E+000, 1.17951869E+000, 5.46840100E-001, 6.45008117E-001
 2.28900000E+001, 0.00000000E+000, 1.18160456E+000, 5.52836928E-001, 6.53234633E-001
 2.29500000E+001, 0.00000000E+000, 1.18369563E+000, 5.58843437E-001, 6.61500537E-001
 2.30100000E+001, 0.00000000E+000, 1.18579183E+000, 5.64859351E-001, 6.69805601E-001
 2.30700000E+001, 0.00000000E+000, 1.18789305E+000, 5.70884391E-001, 6.78149601E-001
 2.31300000E+001, 0.00000000E+000, 1.18999922E+000, 5.76918285E-001, 6.86532308E-001
 2.31900000E+001, 0.00000000E+000, 1.19211024E+000, 5.82960763E-001, 6.94953494E-001
 2.32500000E+001, 0.00000000E+000, 1.19422603E+000, 5.89011554E-001, 7.03412932E-001
 2.33100000E+001, 0.00000000E+000, 1.19634651E+000, 5.95070394E-001, 7.11910390E-001
 2.33700000E+001, 0.00000000E+000, 1.19847159E+000, 6.01137018E-001, 7.20445637E-001
 2.34300000E+001, 0.00000000E+000, 1.20060118E+000, 6.07211162E-001, 7.29018439E-001
 2.34900000E+001, 0.00000000E+000, 1.20273520E+000, 6.13292566E-001, 7.37628559E-001
 2.35500000E+001, 0.00000000E+000, 1.20487357E+000, 6.19380970E-001, 7.46275762E-001
 2.36100000E+001, 0.00000000E+000, 1.20701620E+000, 6.25476116E-001, 7.54959804E-001
 2.36700000E+001, 0.00000000E+000, 1.20916300E+000, 6.31577745E-001, 7.63680444E-001
 2.37300000E+001, 0.00000000E+000, 1.21131390E+000, 6.37685602E-001, 7.72437434E-001
 2.37900000E+001, 0.00000000E+000, 1.21346881E+000, 6.43799430E-001, 7.81230525E-001
 2.38500000E+001, 0.00000000E+000, 1.21562763E+000, 6.49918972E-001, 7.90059461E-001
 2.39100000E+001, 0.00000000E+000, 1.21779030E+000, 6.56043974E-001, 7.98923985E-001
 2.39700000E+001, 0.00000000E+000, 1.21995671E+000, 6.62174179E-001, 8.07823834E-001
 2.40300000E+001, 0.00000000E+000, 1.22212679E+000, 6.68309332E-001, 8.16758741E-001
 2.40900000E+001, 0.00000000E+000, 1.22430046E+000, 6.74449175E-001, 8.25728432E-001
 2.41500000E+001, 0.00000000E+000, 1.22647761E+000, 6.80593452E-001, 8.34732630E-001
 2.42100000E+001, 0.00000000E+000, 1.22865817E+000, 6.86741903E-001, 8.43771049E-001
 2.42700000E+001, 0.00000000E+000, 1.23084204E+000, 6.92894269E-001, 8.52843399E-001
 2.43300000E+001, 0.00000000E+000, 1.23302915E+000, 6.99050288E-001, 8.61949381E-001
 2.43900000E+001, 0.00000000E+000, 1.23521939E+000, 7.05209697E-001, 8.71088688E-001
 2.44500000E+001, 0.00000000E+000, 1.23741267E+000, 7.11372228E-001, 8.80261007E-001
 2.45100000E+001, 0.00000000E+000, 1.23960890E+000, 7.17537614E-001, 8.89466015E-001
 2.45700000E+001, 0.00000000E+000, 1.24180800E+000, 7.23705582E-001, 8.98703378E-001
 2.46300000E+001, 0.00000000E+000, 1.24400985E+000, 7.29875858E-001, 9.07972755E-001
 2.46900000E+001, 0.00000000E+000, 1.24621436E+000, 7.36048161E-001, 9.17273790E-001
 2.47500000E+001, 0.00000000E+000, 1.24842144E+000, 7.42222209E-001, 9.26606119E-001
 2.48100000E+001, 0.00000000E+000, 1.25063098E+000, 7.48397711E-001, 9.35969363E-001
 2.48700000E+001, 0.00000000E+000, 1.25284287E+000, 7.54574374E-001, 9.45363128E-001
 2.49300000E+001, 0.00000000E+000, 1.25505702E+000, 7.60751895E-001, 9.54787006E-001
 2.49900000E+001, 0.00000000E+000, 1.25727330E+000, 7.66929966E-001, 9.64240570E-001
 2.50500000E+001, 0.00000000E+000, 1.25949161E+000, 7.73108270E-001, 9.73723377E-001
 2.51100000E+001, 0.00000000E+000, 1.26171182E+000, 7.79286477E-001, 9.83234958E-001
 2.51700000E+001, 0.00000000E+000, 1.26393382E+000, 7.85464247E-001, 9.92774823E-001
 2.52300000E+001, 0.00000000E+000, 1.26615747E+000, 7.91641227E-001, 1.00234245E+000
 2.52900000E+001, 0.00000000E+000, 1.26838263E+000, 7.97817042E-001, 1.01193728E+000
 2.53500000E+001, 0.00000000E+000, 1.27060918E+000, 8.03991295E-001, 1.02155872E+000
 2.54100000E+001, 0.00000000E+000, 1.27283693E+000, 8.10163558E-001, 1.03120610E+000
 2.54700000E+001, 0.00000000E+000, 1.27506573E+000, 8.16333359E-001, 1.04087869E+000
 2.55300000E+001, 0.00000000E+000, 1.27729538E+000, 8.22500167E-001, 1.05057567E+000
 2.55900000E+001, 0.00000000E+000, 1.27952565E+000, 8.28663360E-001, 1.06029603E+000
 2.56500000E+001, 0.00000000E+000, 1.28175627E+000, 8.34822190E-001, 1.07003857E+000
 2.57100000E+001, 0.00000000E+000, 1.28398688E+000, 8.40975710E-001, 1.07980178E+000
 2.57700000E+001, 0.00000000E+000, 1.28621702E+000, 8.47122667E-001, 1.08958359E+000
 2.58300000E+001, 0.00000000E+000, 1.28844607E+000, 8.53261328E-001, 1.09938120E+000
 2.58900000E+001, 0.00000000E+000, 1.29067310E+000, 8.59389197E-001, 1.10919052E+000
 2.59500000E+001, 0.00000000E+000, 1.29289675E+000, 8.65502543E-001, 1.11900542E+000
 2.60100000E+001, 0.00000000E+000, 1.29511491E+000, 8.71595635E-001, 1.12881650E+000
 2.60700000E+001, 0.00000000E+000, 1.29732429E+000, 8.77659452E-001, 1.13860892E+000
 2.61300000E+001, 0.00000000E+000, 1.29951959E+000, 8.83679543E-001, 1.14835887E+000
 2.61900000E+001, 0.00000000E+000, 1.30169220E+000, 8.89632414E-001, 1.15802757E+000
 2.62500000E+001, 0.00000000E+000, 1.30382796E+000, 8.95479439E-001, 1.16755113E+000
 2.63100000E+001, 0.00000000E+000, 1.30590338E+000, 9.01156517E-001, 1.17682334E+000
 2.63700000E+001, 0.00000000E+000, 1.30787913E+000, 9.06556482E-001, 1.18566631E+000
 2.64300000E+001, 0.00000000E+000, 1.30968909E+000, 9.11499102E-001, 1.19378043E+000
 2.64900000E+001, 0.00000000E+000, 1.31122153E+000, 9.15679949E-001, 1.20065926E+000
 2.65500000E+001, 0.00000000E+000, 1.31228736E+000, 9.18583666E-001, 1.20544573E+000
 2.66100000E+001, 0.00000000E+000, 1.31256741E+000, 9.19339592E-001, 1.20669519E+000
 2.66700000E+001, 0.00000000E+000, 1.31153179E+000, 9.16499287E-001, 1.20201795E+000
 2.67300000E+001, 0.00000000E+000, 1.30832401E+000, 9.07711834E-001, 1.18758119E+000
 2.67900000E+001, 0.00000000E+000, 1.30162291E+000, 8.89322215E-001, 1.15756217E+000
 2.68500000E+001, 0.00000000E+000, 1.28955934E+000, 8.56080778E-001, 1.10396696E+000
 2.69100000E+001, 0.00000000E+000, 1.26988214E+000, 8.01467770E-001, 1.01776961E+000
 2.69700000E+001, 0.00000000E+000, 1.24068562E+000, 7.19510687E-001, 8.92686564E-001
 2.70300000E+001, 0.00000000E+000, 1.20185205E+000, 6.08734059E-001, 7.31608274E-001
 2.70900000E+001, 0.00000000E+000, 1.15655809E+000, 4.76897931E-001, 5.51560160E-001
 2.71500000E+001, 0.00000000E+000, 1.11116280E+000, 3.41879148E-001, 3.79883392E-001
 2.72100000E+001, 0.00000000E+000, 1.07243160E+000, 2.24441892E-001, 2.40698577E-001
 2.72700000E+001, 0.00000000E+000, 1.04405134E+000, 1.37176109E-001, 1.43218900E-001
 2.73300000E+001, 0.00000000E+000, 1.02570743E+000, 8.02931153E-002, 8.23572452E-002
 2.73900000E+001, 0.00000000E+000, 1.01486691E+000, 4.65292012E-002, 4.72209464E-002
 2.74500000E+001, 0.00000000E+000, 1.00880544E+000, 2.76106704E-002, 2.78537945E-002
 2.75100000E+001, 0.00000000E+000, 1.00550923E+000, 1.73139768E-002, 1.74093635E-002
 2.75700000E+001, 0.00000000E+000, 1.00372787E+000, 1.17486907E-002, 1.17924883E-002
 2.76300000E+001, 0.00000000E+000, 1.00275220E+000, 8.70217537E-003, 8.72612552E-003
 2.76900000E+001, 0.00000000E+000, 1.00219903E+000, 6.97720147E-003, 6.99254455E-003
 2.77500000E+001, 0.00000000E+000, 1.00186659E+000, 5.94302031E-003, 5.95411351E-003
 2.78100000E+001, 0.00000000E+000, 1.00165015E+000, 5.27206935E-003, 5.28076904E-003
 2.78700000E+001, 0.00000000E+000, 1.00149570E+000, 4.79549078E-003, 4.80266341E-003
 2.79300000E+001, 0.00000000E+000, 1.00137550E+000, 4.42647058E-003, 4.43255919E-003
 2.79900000E+001, 0.00000000E+000, 1.00127524E+000, 4.12029591E-003, 4.12555028E-003
 2.80500000E+001, 0.00000000E+000, 1.00118750E+000, 3.85376278E-003, 3.85833912E-003
 2.81100000E+001, 0.00000000E+000, 1.00110835E+000, 3.61463051E-003, 3.61863679E-003
 2.81700000E+001, 0.00000000E+000, 1.00103566E+000, 3.39624612E-003, 3.39976349E-003
 2.82300000E+001, 0.00000000E+000, 1.00096821E+000, 3.19481330E-003, 3.19790654E-003
 2.82900000E+001, 0.00000000E+000, 1.00090523E+000, 3.00800798E-003, 3.01073093E-003
 2.83500000E+001, 0.00000000E+000, 1.00084623E+000, 2.83427750E-003, 2.83667595E-003
 2.84100000E+001, 0.00000000E+000, 1.00079082E+000, 2.67248546E-003, 2.67459892E-003
 2.84700000E+001, 0.00000000E+000, 1.00073870E+000, 2.52173128E-003, 2.52359409E-003
 2.85300000E+001, 0.00000000E+000, 1.00068962E+000, 2.38125763E-003, 2.38289979E-003
 2.85900000E+001, 0.00000000E+000, 1.00064335E+000, 2.25040224E-003, 2.25185003E-003
 2.86500000E+001, 0.00000000E+000, 1.00059967E+000, 2.12857212E-003, 2.12984857E-003
 2.87100000E+001, 0.00000000E+000, 1.00055841E+000, 2.01522904E-003, 2.01635437E-003
 2.87700000E+001, 0.00000000E+000, 1.00051938E+000, 1.90988087E-003, 1.91087283E-003
 2.88300000E+001, 0.00000000E+000, 1.00048243E+000, 1.81207592E-003, 1.81295011E-003
 2.88900000E+001, 0.00000000E+000, 1.00044738E+000, 1.72139895E-003, 1.72216908E-003
 2.89500000E+001, 0.00000000E+000, 1.00041411E+000, 1.63746808E-003, 1.63814618E-003
 2.90100000E+001, 0.00000000E+000, 1.00038248E+000, 1.55993228E-003, 1.56052892E-003
 2.90700000E+001, 0.00000000E+000, 1.00035235E+000, 1.48846926E-003, 1.48899372E-003
 2.91300000E+001, 0.00000000E+000, 1.00032360E+000, 1.42278358E-003, 1.42324399E-003
 2.91900000E+001, 0.00000000E+000, 1.00029612E+000, 1.36260503E-003, 1.36300852E-003
 2.92500000E+001, 0.00000000E+000, 1.00026980E+000, 1.30768717E-003, 1.30803997E-003
 2.93100000E+001, 0.00000000E+000, 1.00024452E+000, 1.25780602E-003, 1.25811359E-003
 2.93700000E+001, 0.00000000E+000, 1.00022021E+000, 1.21275893E-003, 1.21302599E-003
 2.94300000E+001, 0.00000000E+000, 1.00019674E+000, 1.17236348E-003, 1.17259413E-003
 2.94900000E+001, 0.00000000E+000, 1.00017404E+000, 1.13645662E-003, 1.13665441E-003
 2.95500000E+001, 0.00000000E+000, 1.00015202E+000, 1.10489382E-003, 1.10506178E-003
 2.96100000E+001, 0.00000000E+000, 1.00013058E+000, 1.07754838E-003, 1.07768909E-003
 2.96700000E+001, 0.00000000E+000, 1.00010965E+000, 1.05431082E-003, 1.05442643E-003
 2.97300000E+001, 0.00000000E+000, 1.00008915E+000, 1.03508831E-003, 1.03518059E-003
 2.97900000E+001, 0.00000000E+000, 1.00006898E+000, 1.01980427E-003, 1.01987462E-003
 2.98500000E+001, 0.00000000E+000, 1.00004909E+000, 1.00839798E-003, 1.00844747E-003
 2.99100000E+001, 0.00000000E+000, 1.00002938E+000, 1.00082430E-003, 1.00085370E-003
 2.99700000E+001, 0.00000000E+000, 1.00000978E+000, 9.97053514E-004, 9.97063267E-004
