   5.0011072561137926      ,         500
X,ZB,H,U,Q
 3.00000000E-002, 0.00000000E+000, 1.00904814E+000, 3.05560396E-002, 3.08325150E-002
 9.00000000E-002, 0.00000000E+000, 1.00903330E+000, 3.06023110E-002, 3.08787509E-002
 1.50000000E-001, 0.00000000E+000, 1.00902321E+000, 3.06337601E-002, 3.09101750E-002
 2.10000000E-001, 0.00000000E+000, 1.00901279E+000, 3.06662401E-002, 3.09426286E-002
 2.70000000E-001, 0.00000000E+000, 1.00900238E+000, 3.06986937E-002, 3.09750551E-002
 3.30000000E-001, 0.00000000E+000, 1.00899165E+000, 3.07321675E-002, 3.10085003E-002
 3.90000000E-001, 0.00000000E+000, 1.00898091E+000, 3.07656534E-002, 3.10419568E-002
 4.50000000E-001, 0.00000000E+000, 1.00896983E+000, 3.08001769E-002, 3.10764493E-002
 5.10000000E-001, 0.00000000E+000, 1.00895873E+000, 3.08347813E-002, 3.11110219E-002
 5.70000000E-001, 0.00000000E+000, 1.00894725E+000, 3.08705730E-002, 3.11467798E-002
 6.30000000E-001, 0.00000000E+000, 1.00893571E+000, 3.09065694E-002, 3.11827414E-002
 6.90000000E-001, 0.00000000E+000, 1.00892385E+000, 3.09435357E-002, 3.12196711E-002
 7.50000000E-001, 0.00000000E+000, 1.00891200E+000, 3.09804806E-002, 3.12565786E-002
 8.10000000E-001, 0.00000000E+000, 1.00889984E+000, 3.10183883E-002, 3.12944470E-002
 8.70000000E-001, 0.00000000E+000, 1.00888757E+000, 3.10566369E-002, 3.13326550E-002
 9.30000000E-001, 0.00000000E+000, 1.00887487E+000, 3.10962462E-002, 3.13722213E-002
 9.90000000E-001, 0.00000000E+000, 1.00886199E+000, 3.11363831E-002, 3.14123136E-002
 1.05000000E+000, 0.00000000E+000, 1.00884869E+000, 3.11778577E-002, 3.14537409E-002
 1.11000000E+000, 0.00000000E+000, 1.00883532E+000, 3.12195413E-002, 3.14953760E-002
 1.17000000E+000, 0.00000000E+000, 1.00882204E+000, 3.12609410E-002, 3.15367264E-002
 1.23000000E+000, 0.00000000E+000, 1.00880892E+000, 3.13018521E-002, 3.15775877E-002
 1.29000000E+000, 0.00000000E+000, 1.00879592E+000, 3.13423918E-002, 3.16180770E-002
 1.35000000E+000, 0.00000000E+000, 1.00878301E+000, 3.13826420E-002, 3.16582761E-002
 1.41000000E+000, 0.00000000E+000, 1.00877016E+000, 3.14227088E-002, 3.16982910E-002
 1.47000000E+000, 0.00000000E+000, 1.00875734E+000, 3.14626666E-002, 3.17381959E-002
 1.53000000E+000, 0.00000000E+000, 1.00874454E+000, 3.15025906E-002, 3.17780663E-002
 1.59000000E+000, 0.00000000E+000, 1.00873174E+000, 3.15425102E-002, 3.18179311E-002
 1.65000000E+000, 0.00000000E+000, 1.00871892E+000, 3.15824826E-002, 3.18578477E-002
 1.71000000E+000, 0.00000000E+000, 1.00870604E+000, 3.16226386E-002, 3.18979465E-002
 1.77000000E+000, 0.00000000E+000, 1.00869303E+000, 3.16631893E-002, 3.19384385E-002
 1.83000000E+000, 0.00000000E+000, 1.00867981E+000, 3.17044229E-002, 3.19796112E-002
 1.89000000E+000, 0.00000000E+000, 1.00866625E+000, 3.17466906E-002, 3.20218155E-002
 1.95000000E+000, 0.00000000E+000, 1.00865224E+000, 3.17903728E-002, 3.20654309E-002
 2.01000000E+000, 0.00000000E+000, 1.00863768E+000, 3.18357789E-002, 3.21107662E-002
 2.07000000E+000, 0.00000000E+000, 1.00862300E+000, 3.18815464E-002, 3.21564611E-002
 2.13000000E+000, 0.00000000E+000, 1.00860864E+000, 3.19263443E-002, 3.22011866E-002
 2.19000000E+000, 0.00000000E+000, 1.00859458E+000, 3.19701723E-002, 3.22449425E-002
 2.25000000E+000, 0.00000000E+000, 1.00858080E+000, 3.20131360E-002, 3.22878343E-002
 2.31000000E+000, 0.00000000E+000, 1.00856725E+000, 3.20554138E-002, 3.23300404E-002
 2.37000000E+000, 0.00000000E+000, 1.00855385E+000, 3.20971866E-002, 3.23717410E-002
 2.43000000E+000, 0.00000000E+000, 1.00854055E+000, 3.21386612E-002, 3.24131430E-002
 2.49000000E+000, 0.00000000E+000, 1.00852730E+000, 3.21799743E-002, 3.24543825E-002
 2.55000000E+000, 0.00000000E+000, 1.00851406E+000, 3.22212493E-002, 3.24955830E-002
 2.61000000E+000, 0.00000000E+000, 1.00850082E+000, 3.22625394E-002, 3.25367975E-002
 2.67000000E+000, 0.00000000E+000, 1.00848753E+000, 3.23039879E-002, 3.25781690E-002
 2.73000000E+000, 0.00000000E+000, 1.00847410E+000, 3.23458752E-002, 3.26199773E-002
 2.79000000E+000, 0.00000000E+000, 1.00846040E+000, 3.23885810E-002, 3.26626014E-002
 2.85000000E+000, 0.00000000E+000, 1.00844663E+000, 3.24315286E-002, 3.27054657E-002
 2.91000000E+000, 0.00000000E+000, 1.00843307E+000, 3.24737976E-002, 3.27476515E-002
 2.97000000E+000, 0.00000000E+000, 1.00841978E+000, 3.25152604E-002, 3.27890317E-002
 3.03000000E+000, 0.00000000E+000, 1.00840673E+000, 3.25559402E-002, 3.28296293E-002
 3.09000000E+000, 0.00000000E+000, 1.00839390E+000, 3.25959631E-002, 3.28695704E-002
 3.15000000E+000, 0.00000000E+000, 1.00838122E+000, 3.26355059E-002, 3.29090312E-002
 3.21000000E+000, 0.00000000E+000, 1.00836863E+000, 3.26747685E-002, 3.29482117E-002
 3.27000000E+000, 0.00000000E+000, 1.00835609E+000, 3.27138946E-002, 3.29872548E-002
 3.33000000E+000, 0.00000000E+000, 1.00834355E+000, 3.27529976E-002, 3.30262738E-002
 3.39000000E+000, 0.00000000E+000, 1.00833099E+000, 3.27921698E-002, 3.30653609E-002
 3.45000000E+000, 0.00000000E+000, 1.00831832E+000, 3.28316702E-002, 3.31047745E-002
 3.51000000E+000, 0.00000000E+000, 1.00830549E+000, 3.28716778E-002, 3.31446932E-002
 3.57000000E+000, 0.00000000E+000, 1.00829276E+000, 3.29113699E-002, 3.31842960E-002
 3.63000000E+000, 0.00000000E+000, 1.00828026E+000, 3.29503497E-002, 3.32231873E-002
 3.69000000E+000, 0.00000000E+000, 1.00826803E+000, 3.29885023E-002, 3.32612523E-002
 3.75000000E+000, 0.00000000E+000, 1.00825605E+000, 3.30258703E-002, 3.32985335E-002
 3.81000000E+000, 0.00000000E+000, 1.00824426E+000, 3.30626469E-002, 3.33352240E-002
 3.87000000E+000, 0.00000000E+000, 1.00823259E+000, 3.30990262E-002, 3.33715168E-002
 3.93000000E+000, 0.00000000E+000, 1.00822098E+000, 3.31352534E-002, 3.34076576E-002
 3.99000000E+000, 0.00000000E+000, 1.00820939E+000, 3.31713939E-002, 3.34437107E-002
 4.05000000E+000, 0.00000000E+000, 1.00819783E+000, 3.32074408E-002, 3.34796697E-002
 4.11000000E+000, 0.00000000E+000, 1.00818634E+000, 3.32432530E-002, 3.35153937E-002
 4.17000000E+000, 0.00000000E+000, 1.00817499E+000, 3.32786430E-002, 3.35506957E-002
 4.23000000E+000, 0.00000000E+000, 1.00816383E+000, 3.33134523E-002, 3.35854178E-002
 4.29000000E+000, 0.00000000E+000, 1.00815289E+000, 3.33476115E-002, 3.36194909E-002
 4.35000000E+000, 0.00000000E+000, 1.00814215E+000, 3.33811121E-002, 3.36529061E-002
 4.41000000E+000, 0.00000000E+000, 1.00813158E+000, 3.34140842E-002, 3.36857935E-002
 4.47000000E+000, 0.00000000E+000, 1.00812112E+000, 3.34467006E-002, 3.37183254E-002
 4.53000000E+000, 0.00000000E+000, 1.00811071E+000, 3.34791379E-002, 3.37506775E-002
 4.59000000E+000, 0.00000000E+000, 1.00810031E+000, 3.35115680E-002, 3.37830221E-002
 4.65000000E+000, 0.00000000E+000, 1.00808990E+000, 3.35440523E-002, 3.38154203E-002
 4.71000000E+000, 0.00000000E+000, 1.00807953E+000, 3.35764287E-002, 3.38477103E-002
 4.77000000E+000, 0.00000000E+000, 1.00806927E+000, 3.36084527E-002, 3.38796483E-002
 4.83000000E+000, 0.00000000E+000, 1.00805919E+000, 3.36399123E-002, 3.39110227E-002
 4.89000000E+000, 0.00000000E+000, 1.00804932E+000, 3.36706912E-002, 3.39417173E-002
 4.95000000E+000, 0.00000000E+000, 1.00803965E+000, 3.37008160E-002, 3.39717587E-002
 5.01000000E+000, 0.00000000E+000, 1.00803015E+000, 3.37304291E-002, 3.40012896E-002
 5.07000000E+000, 0.00000000E+000, 1.00802077E+000, 3.37596764E-002, 3.40304550E-002
 5.13000000E+000, 0.00000000E+000, 1.00801147E+000, 3.37886946E-002, 3.40593917E-002
 5.19000000E+000, 0.00000000E+000, 1.00800224E+000, 3.38175038E-002, 3.40881194E-002
 5.25000000E+000, 0.00000000E+000, 1.00799309E+000, 3.38460548E-002, 3.41165892E-002
 5.31000000E+000, 0.00000000E+000, 1.00798406E+000, 3.38742147E-002, 3.41446684E-002
 5.37000000E+000, 0.00000000E+000, 1.00797519E+000, 3.39018640E-002, 3.41722378E-002
 5.43000000E+000, 0.00000000E+000, 1.00796651E+000, 3.39289538E-002, 3.41992491E-002
 5.49000000E+000, 0.00000000E+000, 1.00795800E+000, 3.39554910E-002, 3.42257088E-002
 5.55000000E+000, 0.00000000E+000, 1.00794964E+000, 3.39815908E-002, 3.42517321E-002
 5.61000000E+000, 0.00000000E+000, 1.00794137E+000, 3.40073808E-002, 3.42774460E-002
 5.67000000E+000, 0.00000000E+000, 1.00793316E+000, 3.40329720E-002, 3.43029611E-002
 5.73000000E+000, 0.00000000E+000, 1.00792500E+000, 3.40584027E-002, 3.43283155E-002
 5.79000000E+000, 0.00000000E+000, 1.00791690E+000, 3.40836414E-002, 3.43534783E-002
 5.85000000E+000, 0.00000000E+000, 1.00790891E+000, 3.41085910E-002, 3.43783528E-002
 5.91000000E+000, 0.00000000E+000, 1.00790105E+000, 3.41331295E-002, 3.44028172E-002
 5.97000000E+000, 0.00000000E+000, 1.00789336E+000, 3.41572031E-002, 3.44268182E-002
 6.03000000E+000, 0.00000000E+000, 1.00788583E+000, 3.41807935E-002, 3.44503372E-002
 6.09000000E+000, 0.00000000E+000, 1.00787842E+000, 3.42039355E-002, 3.44734083E-002
 6.15000000E+000, 0.00000000E+000, 1.00787112E+000, 3.42267394E-002, 3.44961420E-002
 6.21000000E+000, 0.00000000E+000, 1.00786390E+000, 3.42492577E-002, 3.45185903E-002
 6.27000000E+000, 0.00000000E+000, 1.00785676E+000, 3.42715030E-002, 3.45407659E-002
 6.33000000E+000, 0.00000000E+000, 1.00784973E+000, 3.42934371E-002, 3.45626312E-002
 6.39000000E+000, 0.00000000E+000, 1.00784283E+000, 3.43149902E-002, 3.45841169E-002
 6.45000000E+000, 0.00000000E+000, 1.00783609E+000, 3.43360941E-002, 3.46051550E-002
 6.51000000E+000, 0.00000000E+000, 1.00782952E+000, 3.43567437E-002, 3.46257404E-002
 6.57000000E+000, 0.00000000E+000, 1.00782307E+000, 3.43769827E-002, 3.46459163E-002
 6.63000000E+000, 0.00000000E+000, 1.00781672E+000, 3.43968989E-002, 3.46657697E-002
 6.69000000E+000, 0.00000000E+000, 1.00781042E+000, 3.44166054E-002, 3.46854135E-002
 6.75000000E+000, 0.00000000E+000, 1.00780415E+000, 3.44361495E-002, 3.47048944E-002
 6.81000000E+000, 0.00000000E+000, 1.00779794E+000, 3.44555288E-002, 3.47242108E-002
 6.87000000E+000, 0.00000000E+000, 1.00779181E+000, 3.44746672E-002, 3.47432873E-002
 6.93000000E+000, 0.00000000E+000, 1.00778582E+000, 3.44934743E-002, 3.47620344E-002
 6.99000000E+000, 0.00000000E+000, 1.00778000E+000, 3.45118687E-002, 3.47803712E-002
 7.05000000E+000, 0.00000000E+000, 1.00777436E+000, 3.45298264E-002, 3.47982736E-002
 7.11000000E+000, 0.00000000E+000, 1.00776885E+000, 3.45473661E-002, 3.48157595E-002
 7.17000000E+000, 0.00000000E+000, 1.00776346E+000, 3.45645751E-002, 3.48329159E-002
 7.23000000E+000, 0.00000000E+000, 1.00775815E+000, 3.45815001E-002, 3.48497887E-002
 7.29000000E+000, 0.00000000E+000, 1.00775292E+000, 3.45981754E-002, 3.48664124E-002
 7.35000000E+000, 0.00000000E+000, 1.00774778E+000, 3.46145473E-002, 3.48827333E-002
 7.41000000E+000, 0.00000000E+000, 1.00774276E+000, 3.46305938E-002, 3.48987303E-002
 7.47000000E+000, 0.00000000E+000, 1.00773790E+000, 3.46462757E-002, 3.49143650E-002
 7.53000000E+000, 0.00000000E+000, 1.00773318E+000, 3.46616100E-002, 3.49296545E-002
 7.59000000E+000, 0.00000000E+000, 1.00772861E+000, 3.46767002E-002, 3.49447029E-002
 7.65000000E+000, 0.00000000E+000, 1.00772415E+000, 3.46916361E-002, 3.49595996E-002
 7.71000000E+000, 0.00000000E+000, 1.00771978E+000, 3.47065317E-002, 3.49744585E-002
 7.77000000E+000, 0.00000000E+000, 1.00771549E+000, 3.47214082E-002, 3.49893008E-002
 7.83000000E+000, 0.00000000E+000, 1.00771130E+000, 3.47361939E-002, 3.50040551E-002
 7.89000000E+000, 0.00000000E+000, 1.00770727E+000, 3.47507505E-002, 3.50185838E-002
 7.95000000E+000, 0.00000000E+000, 1.00770344E+000, 3.47649703E-002, 3.50327801E-002
 8.01000000E+000, 0.00000000E+000, 1.00769984E+000, 3.47788386E-002, 3.50466302E-002
 8.07000000E+000, 0.00000000E+000, 1.00769649E+000, 3.47924232E-002, 3.50602025E-002
 8.13000000E+000, 0.00000000E+000, 1.00769334E+000, 3.48058325E-002, 3.50736058E-002
 8.19000000E+000, 0.00000000E+000, 1.00769042E+000, 3.48193146E-002, 3.50870898E-002
 8.25000000E+000, 0.00000000E+000, 1.00768768E+000, 3.48329977E-002, 3.51007828E-002
 8.31000000E+000, 0.00000000E+000, 1.00768514E+000, 3.48469658E-002, 3.51147695E-002
 8.37000000E+000, 0.00000000E+000, 1.00768282E+000, 3.48612543E-002, 3.51290872E-002
 8.43000000E+000, 0.00000000E+000, 1.00768078E+000, 3.48758859E-002, 3.51437600E-002
 8.49000000E+000, 0.00000000E+000, 1.00767904E+000, 3.48909004E-002, 3.51588289E-002
 8.55000000E+000, 0.00000000E+000, 1.00767761E+000, 3.49063817E-002, 3.51743792E-002
 8.61000000E+000, 0.00000000E+000, 1.00767649E+000, 3.49224547E-002, 3.51905367E-002
 8.67000000E+000, 0.00000000E+000, 1.00767569E+000, 3.49391914E-002, 3.52073739E-002
 8.73000000E+000, 0.00000000E+000, 1.00767526E+000, 3.49566187E-002, 3.52249199E-002
 8.79000000E+000, 0.00000000E+000, 1.00767521E+000, 3.49750183E-002, 3.52434588E-002
 8.85000000E+000, 0.00000000E+000, 1.00767561E+000, 3.49932272E-002, 3.52618217E-002
 8.91000000E+000, 0.00000000E+000, 1.00767642E+000, 3.50114409E-002, 3.52802033E-002
 8.97000000E+000, 0.00000000E+000, 1.00767752E+000, 3.50294973E-002, 3.52984370E-002
 9.03000000E+000, 0.00000000E+000, 1.00767876E+000, 3.50472237E-002, 3.53163431E-002
 9.09000000E+000, 0.00000000E+000, 1.00767997E+000, 3.50643906E-002, 3.53336839E-002
 9.15000000E+000, 0.00000000E+000, 1.00768105E+000, 3.50808675E-002, 3.53503255E-002
 9.21000000E+000, 0.00000000E+000, 1.00768196E+000, 3.50964980E-002, 3.53661081E-002
 9.27000000E+000, 0.00000000E+000, 1.00768259E+000, 3.51107680E-002, 3.53805096E-002
 9.33000000E+000, 0.00000000E+000, 1.00768299E+000, 3.51236614E-002, 3.53935161E-002
 9.39000000E+000, 0.00000000E+000, 1.00768322E+000, 3.51352159E-002, 3.54051676E-002
 9.45000000E+000, 0.00000000E+000, 1.00768327E+000, 3.51453061E-002, 3.54153369E-002
 9.51000000E+000, 0.00000000E+000, 1.00768306E+000, 3.51540648E-002, 3.54241556E-002
 9.57000000E+000, 0.00000000E+000, 1.00768255E+000, 3.51615135E-002, 3.54316436E-002
 9.63000000E+000, 0.00000000E+000, 1.00768179E+000, 3.51679316E-002, 3.54380842E-002
 9.69000000E+000, 0.00000000E+000, 1.00768084E+000, 3.51735378E-002, 3.54437001E-002
 9.75000000E+000, 0.00000000E+000, 1.00767981E+000, 3.51783916E-002, 3.54485552E-002
 9.81000000E+000, 0.00000000E+000, 1.00767879E+000, 3.51824622E-002, 3.54526209E-002
 9.87000000E+000, 0.00000000E+000, 1.00767783E+000, 3.51859175E-002, 3.54560691E-002
 9.93000000E+000, 0.00000000E+000, 1.00767692E+000, 3.51886787E-002, 3.54588194E-002
 9.99000000E+000, 0.00000000E+000, 1.00767604E+000, 3.51908276E-002, 3.54609536E-002
 1.00500000E+001, 0.00000000E+000, 1.00767517E+000, 3.51925816E-002, 3.54626906E-002
 1.01100000E+001, 0.00000000E+000, 1.00767430E+000, 3.51941211E-002, 3.54642113E-002
 1.01700000E+001, 0.00000000E+000, 1.00767344E+000, 3.51957195E-002, 3.54657916E-002
 1.02300000E+001, 0.00000000E+000, 1.00767260E+000, 3.51974025E-002, 3.54674582E-002
 1.02900000E+001, 0.00000000E+000, 1.00767188E+000, 3.51990638E-002, 3.54691069E-002
 1.03500000E+001, 0.00000000E+000, 1.00767137E+000, 3.52006057E-002, 3.54706426E-002
 1.04100000E+001, 0.00000000E+000, 1.00767111E+000, 3.52020456E-002, 3.54720845E-002
 1.04700000E+001, 0.00000000E+000, 1.00767115E+000, 3.52038025E-002, 3.54738561E-002
 1.05300000E+001, 0.00000000E+000, 1.00767141E+000, 3.52052858E-002, 3.54753600E-002
 1.05900000E+001, 0.00000000E+000, 1.00767180E+000, 3.52070479E-002, 3.54771494E-002
 1.06500000E+001, 0.00000000E+000, 1.00767223E+000, 3.52092994E-002, 3.54794332E-002
 1.07100000E+001, 0.00000000E+000, 1.00767276E+000, 3.52117054E-002, 3.54818763E-002
 1.07700000E+001, 0.00000000E+000, 1.00767348E+000, 3.52137058E-002, 3.54839174E-002
 1.08300000E+001, 0.00000000E+000, 1.00767442E+000, 3.52150412E-002, 3.54852961E-002
 1.08900000E+001, 0.00000000E+000, 1.00767554E+000, 3.52157015E-002, 3.54860009E-002
 1.09500000E+001, 0.00000000E+000, 1.00767677E+000, 3.52159541E-002, 3.54862990E-002
 1.10100000E+001, 0.00000000E+000, 1.00767806E+000, 3.52161573E-002, 3.54865490E-002
 1.10700000E+001, 0.00000000E+000, 1.00767928E+000, 3.52167256E-002, 3.54871645E-002
 1.11300000E+001, 0.00000000E+000, 1.00768040E+000, 3.52176505E-002, 3.54881363E-002
 1.11900000E+001, 0.00000000E+000, 1.00768153E+000, 3.52188256E-002, 3.54893600E-002
 1.12500000E+001, 0.00000000E+000, 1.00768283E+000, 3.52197685E-002, 3.54903561E-002
 1.13100000E+001, 0.00000000E+000, 1.00768437E+000, 3.52202059E-002, 3.54908509E-002
 1.13700000E+001, 0.00000000E+000, 1.00768610E+000, 3.52202534E-002, 3.54909597E-002
 1.14300000E+001, 0.00000000E+000, 1.00768797E+000, 3.52201252E-002, 3.54908964E-002
 1.14900000E+001, 0.00000000E+000, 1.00768989E+000, 3.52201330E-002, 3.54909720E-002
 1.15500000E+001, 0.00000000E+000, 1.00769173E+000, 3.52205384E-002, 3.54914453E-002
 1.16100000E+001, 0.00000000E+000, 1.00769351E+000, 3.52211835E-002, 3.54921580E-002
 1.16700000E+001, 0.00000000E+000, 1.00769533E+000, 3.52218279E-002, 3.54928716E-002
 1.17300000E+001, 0.00000000E+000, 1.00769725E+000, 3.52221223E-002, 3.54932357E-002
 1.17900000E+001, 0.00000000E+000, 1.00769926E+000, 3.52220197E-002, 3.54932031E-002
 1.18500000E+001, 0.00000000E+000, 1.00770154E+000, 3.52210086E-002, 3.54922648E-002
 1.19100000E+001, 0.00000000E+000, 1.00770409E+000, 3.52191140E-002, 3.54904451E-002
 1.19700000E+001, 0.00000000E+000, 1.00770639E+000, 3.52178508E-002, 3.54892533E-002
 1.20300000E+001, 0.00000000E+000, 1.00770845E+000, 3.52172134E-002, 3.54886834E-002
 1.20900000E+001, 0.00000000E+000, 1.00771036E+000, 3.52168431E-002, 3.54883776E-002
 1.21500000E+001, 0.00000000E+000, 1.00771221E+000, 3.52164399E-002, 3.54880366E-002
 1.22100000E+001, 0.00000000E+000, 1.00771414E+000, 3.52156758E-002, 3.54873345E-002
 1.22700000E+001, 0.00000000E+000, 1.00771637E+000, 3.52137637E-002, 3.54854860E-002
 1.23300000E+001, 0.00000000E+000, 1.00771915E+000, 3.52099196E-002, 3.54817102E-002
 1.23900000E+001, 0.00000000E+000, 1.00772184E+000, 3.52062051E-002, 3.54780617E-002
 1.24500000E+001, 0.00000000E+000, 1.00772411E+000, 3.52035269E-002, 3.54754428E-002
 1.25100000E+001, 0.00000000E+000, 1.00772610E+000, 3.52015333E-002, 3.54735037E-002
 1.25700000E+001, 0.00000000E+000, 1.00772795E+000, 3.51997250E-002, 3.54717467E-002
 1.26300000E+001, 0.00000000E+000, 1.00772981E+000, 3.51976849E-002, 3.54697563E-002
 1.26900000E+001, 0.00000000E+000, 1.00773196E+000, 3.51945252E-002, 3.54666481E-002
 1.27500000E+001, 0.00000000E+000, 1.00773493E+000, 3.51886433E-002, 3.54608250E-002
 1.28100000E+001, 0.00000000E+000, 1.00773822E+000, 3.51815832E-002, 3.54538260E-002
 1.28700000E+001, 0.00000000E+000, 1.00774079E+000, 3.51765064E-002, 3.54488004E-002
 1.29300000E+001, 0.00000000E+000, 1.00774270E+000, 3.51732835E-002, 3.54456196E-002
 1.29900000E+001, 0.00000000E+000, 1.00774421E+000, 3.51711009E-002, 3.54434732E-002
 1.30500000E+001, 0.00000000E+000, 1.00774557E+000, 3.51691428E-002, 3.54415478E-002
 1.31100000E+001, 0.00000000E+000, 1.00774701E+000, 3.51667546E-002, 3.54391920E-002
 1.31700000E+001, 0.00000000E+000, 1.00774907E+000, 3.51622583E-002, 3.54347332E-002
 1.32300000E+001, 0.00000000E+000, 1.00775252E+000, 3.51532776E-002, 3.54258040E-002
 1.32900000E+001, 0.00000000E+000, 1.00775604E+000, 3.51439259E-002, 3.54165037E-002
 1.33500000E+001, 0.00000000E+000, 1.00775848E+000, 3.51377410E-002, 3.54103565E-002
 1.34100000E+001, 0.00000000E+000, 1.00776004E+000, 3.51340842E-002, 3.54067262E-002
 1.34700000E+001, 0.00000000E+000, 1.00776117E+000, 3.51316995E-002, 3.54043625E-002
 1.35300000E+001, 0.00000000E+000, 1.00776217E+000, 3.51294530E-002, 3.54021339E-002
 1.35900000E+001, 0.00000000E+000, 1.00776348E+000, 3.51261792E-002, 3.53988806E-002
 1.36500000E+001, 0.00000000E+000, 1.00776608E+000, 3.51187742E-002, 3.53915095E-002
 1.37100000E+001, 0.00000000E+000, 1.00777062E+000, 3.51052380E-002, 3.53780276E-002
 1.37700000E+001, 0.00000000E+000, 1.00777436E+000, 3.50941427E-002, 3.53669772E-002
 1.38300000E+001, 0.00000000E+000, 1.00777653E+000, 3.50877960E-002, 3.53606575E-002
 1.38900000E+001, 0.00000000E+000, 1.00777763E+000, 3.50848352E-002, 3.53577120E-002
 1.39500000E+001, 0.00000000E+000, 1.00777825E+000, 3.50831876E-002, 3.53560736E-002
 1.40100000E+001, 0.00000000E+000, 1.00777888E+000, 3.50815467E-002, 3.53544420E-002
 1.40700000E+001, 0.00000000E+000, 1.00778035E+000, 3.50772666E-002, 3.53501801E-002
 1.41300000E+001, 0.00000000E+000, 1.00778443E+000, 3.50648138E-002, 3.53377732E-002
 1.41900000E+001, 0.00000000E+000, 1.00779027E+000, 3.50467964E-002, 3.53198203E-002
 1.42500000E+001, 0.00000000E+000, 1.00779393E+000, 3.50355449E-002, 3.53086093E-002
 1.43100000E+001, 0.00000000E+000, 1.00779538E+000, 3.50312559E-002, 3.53043377E-002
 1.43700000E+001, 0.00000000E+000, 1.00779555E+000, 3.50308632E-002, 3.53039480E-002
 1.44300000E+001, 0.00000000E+000, 1.00779493E+000, 3.50328640E-002, 3.53059428E-002
 1.44900000E+001, 0.00000000E+000, 1.00779475E+000, 3.50336657E-002, 3.53067445E-002
 1.45500000E+001, 0.00000000E+000, 1.00779622E+000, 3.50292929E-002, 3.53023891E-002
 1.46100000E+001, 0.00000000E+000, 1.00780228E+000, 3.50108593E-002, 3.52840238E-002
 1.46700000E+001, 0.00000000E+000, 1.00780977E+000, 3.49881986E-002, 3.52614485E-002
 1.47300000E+001, 0.00000000E+000, 1.00781398E+000, 3.49764251E-002, 3.52497302E-002
 1.47900000E+001, 0.00000000E+000, 1.00781567E+000, 3.49747895E-002, 3.52481410E-002
 1.48500000E+001, 0.00000000E+000, 1.00781486E+000, 3.49821643E-002, 3.52555450E-002
 1.49100000E+001, 0.00000000E+000, 1.00781311E+000, 3.49947304E-002, 3.52681481E-002
 1.49700000E+001, 0.00000000E+000, 1.00781541E+000, 3.50020788E-002, 3.52756345E-002
 1.50300000E+001, 0.00000000E+000, 1.00782188E+000, 3.49963114E-002, 3.52700485E-002
 1.50900000E+001, 0.00000000E+000, 1.00783387E+000, 3.49807021E-002, 3.52547362E-002
 1.51500000E+001, 0.00000000E+000, 1.00784660E+000, 3.49684080E-002, 3.52427913E-002
 1.52100000E+001, 0.00000000E+000, 1.00785955E+000, 3.49758127E-002, 3.52507070E-002
 1.52700000E+001, 0.00000000E+000, 1.00786720E+000, 3.50047389E-002, 3.52801283E-002
 1.53300000E+001, 0.00000000E+000, 1.00787407E+000, 3.50588830E-002, 3.53349391E-002
 1.53900000E+001, 0.00000000E+000, 1.00788679E+000, 3.51268932E-002, 3.54039315E-002
 1.54500000E+001, 0.00000000E+000, 1.00791311E+000, 3.51931485E-002, 3.54716356E-002
 1.55100000E+001, 0.00000000E+000, 1.00795142E+000, 3.52737852E-002, 3.55542619E-002
 1.55700000E+001, 0.00000000E+000, 1.00800600E+000, 3.53677108E-002, 3.56508647E-002
 1.56300000E+001, 0.00000000E+000, 1.00806576E+000, 3.55241773E-002, 3.58107067E-002
 1.56900000E+001, 0.00000000E+000, 1.00813943E+000, 3.57324595E-002, 3.60233012E-002
 1.57500000E+001, 0.00000000E+000, 1.00822091E+000, 3.60299853E-002, 3.63261845E-002
 1.58100000E+001, 0.00000000E+000, 1.00832802E+000, 3.63816203E-002, 3.66846073E-002
 1.58700000E+001, 0.00000000E+000, 1.00846124E+000, 3.68083009E-002, 3.71197447E-002
 1.59300000E+001, 0.00000000E+000, 1.00863296E+000, 3.72952067E-002, 3.76171746E-002
 1.59900000E+001, 0.00000000E+000, 1.00883783E+000, 3.78837272E-002, 3.82185373E-002
 1.60500000E+001, 0.00000000E+000, 1.00908166E+000, 3.85804922E-002, 3.89308670E-002
 1.61100000E+001, 0.00000000E+000, 1.00935888E+000, 3.94264480E-002, 3.97954354E-002
 1.61700000E+001, 0.00000000E+000, 1.00967557E+000, 4.04242161E-002, 4.08153434E-002
 1.62300000E+001, 0.00000000E+000, 1.01003491E+000, 4.15821034E-002, 4.19993761E-002
 1.62900000E+001, 0.00000000E+000, 1.01044769E+000, 4.28804117E-002, 4.33284131E-002
 1.63500000E+001, 0.00000000E+000, 1.01091508E+000, 4.43242135E-002, 4.48080160E-002
 1.64100000E+001, 0.00000000E+000, 1.01144079E+000, 4.59049221E-002, 4.64301105E-002
 1.64700000E+001, 0.00000000E+000, 1.01201808E+000, 4.76403674E-002, 4.82129132E-002
 1.65300000E+001, 0.00000000E+000, 1.01264162E+000, 4.95381685E-002, 5.01644112E-002
 1.65900000E+001, 0.00000000E+000, 1.01330484E+000, 5.16042504E-002, 5.22908369E-002
 1.66500000E+001, 0.00000000E+000, 1.01400783E+000, 5.38191980E-002, 5.45730881E-002
 1.67100000E+001, 0.00000000E+000, 1.01475145E+000, 5.61574990E-002, 5.69859034E-002
 1.67700000E+001, 0.00000000E+000, 1.01553487E+000, 5.85965295E-002, 5.95068190E-002
 1.68300000E+001, 0.00000000E+000, 1.01635790E+000, 6.11105735E-002, 6.21102143E-002
 1.68900000E+001, 0.00000000E+000, 1.01721182E+000, 6.37005462E-002, 6.47969483E-002
 1.69500000E+001, 0.00000000E+000, 1.01808886E+000, 6.63656694E-002, 6.75661489E-002
 1.70100000E+001, 0.00000000E+000, 1.01897987E+000, 6.91119329E-002, 7.04236685E-002
 1.70700000E+001, 0.00000000E+000, 1.01988339E+000, 7.19246210E-002, 7.33547264E-002
 1.71300000E+001, 0.00000000E+000, 1.02079746E+000, 7.47944810E-002, 7.63500165E-002
 1.71900000E+001, 0.00000000E+000, 1.02172756E+000, 7.76934999E-002, 7.93815899E-002
 1.72500000E+001, 0.00000000E+000, 1.02267472E+000, 8.06117886E-002, 8.24396380E-002
 1.73100000E+001, 0.00000000E+000, 1.02363957E+000, 8.35449935E-002, 8.55199613E-002
 1.73700000E+001, 0.00000000E+000, 1.02461715E+000, 8.65099721E-002, 8.86396014E-002
 1.74300000E+001, 0.00000000E+000, 1.02560495E+000, 8.95193558E-002, 9.18114940E-002
 1.74900000E+001, 0.00000000E+000, 1.02659955E+000, 9.25911368E-002, 9.50540193E-002
 1.75500000E+001, 0.00000000E+000, 1.02760486E+000, 9.57226692E-002, 9.83650802E-002
 1.76100000E+001, 0.00000000E+000, 1.02862647E+000, 9.89071738E-002, 1.01738537E-001
 1.76700000E+001, 0.00000000E+000, 1.02967049E+000, 1.02136508E-001, 1.05166949E-001
 1.77300000E+001, 0.00000000E+000, 1.03074101E+000, 1.05408292E-001, 1.08648650E-001
 1.77900000E+001, 0.00000000E+000, 1.03183834E+000, 1.08730615E-001, 1.12192417E-001
 1.78500000E+001, 0.00000000E+000, 1.03295859E+000, 1.12122662E-001, 1.15818067E-001
 1.79100000E+001, 0.00000000E+000, 1.03409806E+000, 1.15600921E-001, 1.19542688E-001
 1.79700000E+001, 0.00000000E+000, 1.03525578E+000, 1.19170992E-001, 1.23372459E-001
 1.80300000E+001, 0.00000000E+000, 1.03643390E+000, 1.22826614E-001, 1.27301667E-001
 1.80900000E+001, 0.00000000E+000, 1.03763683E+000, 1.26552286E-001, 1.31315313E-001
 1.81500000E+001, 0.00000000E+000, 1.03886827E+000, 1.30332824E-001, 1.35398635E-001
 1.82100000E+001, 0.00000000E+000, 1.04012792E+000, 1.34163848E-001, 1.39547563E-001
 1.82700000E+001, 0.00000000E+000, 1.04141351E+000, 1.38045914E-001, 1.43762880E-001
 1.83300000E+001, 0.00000000E+000, 1.04271822E+000, 1.41993071E-001, 1.48058762E-001
 1.83900000E+001, 0.00000000E+000, 1.04403660E+000, 1.46014940E-001, 1.52444941E-001
 1.84500000E+001, 0.00000000E+000, 1.04536840E+000, 1.50105584E-001, 1.56915634E-001
 1.85100000E+001, 0.00000000E+000, 1.04671469E+000, 1.54255767E-001, 1.61461777E-001
 1.85700000E+001, 0.00000000E+000, 1.04807871E+000, 1.58450504E-001, 1.66068600E-001
 1.86300000E+001, 0.00000000E+000, 1.04946439E+000, 1.62673943E-001, 1.70720510E-001
 1.86900000E+001, 0.00000000E+000, 1.05087124E+000, 1.66924742E-001, 1.75416410E-001
 1.87500000E+001, 0.00000000E+000, 1.05229493E+000, 1.71214421E-001, 1.80168068E-001
 1.88100000E+001, 0.00000000E+000, 1.05373242E+000, 1.75551421E-001, 1.84984223E-001
 1.88700000E+001, 0.00000000E+000, 1.05517907E+000, 1.79949678E-001, 1.89879135E-001
 1.89300000E+001, 0.00000000E+000, 1.05663532E+000, 1.84408178E-001, 1.94852194E-001
 1.89900000E+001, 0.00000000E+000, 1.05810528E+000, 1.88914882E-001, 1.99891835E-001
 1.90500000E+001, 0.00000000E+000, 1.05959307E+000, 1.93457896E-001, 2.04986647E-001
 1.91100000E+001, 0.00000000E+000, 1.06110201E+000, 1.98027588E-001, 2.10127472E-001
 1.91700000E+001, 0.00000000E+000, 1.06263205E+000, 2.02624310E-001, 2.15315085E-001
 1.92300000E+001, 0.00000000E+000, 1.06417883E+000, 2.07261028E-001, 2.20562797E-001
 1.92900000E+001, 0.00000000E+000, 1.06573857E+000, 2.11948521E-001, 2.25881713E-001
 1.93500000E+001, 0.00000000E+000, 1.06730766E+000, 2.16696575E-001, 2.31281913E-001
 1.94100000E+001, 0.00000000E+000, 1.06888630E+000, 2.21502941E-001, 2.36761460E-001
 1.94700000E+001, 0.00000000E+000, 1.07047857E+000, 2.26353372E-001, 2.42306435E-001
 1.95300000E+001, 0.00000000E+000, 1.07208773E+000, 2.31235860E-001, 2.47905129E-001
 1.95900000E+001, 0.00000000E+000, 1.07371692E+000, 2.36138657E-001, 2.53546070E-001
 1.96500000E+001, 0.00000000E+000, 1.07536497E+000, 2.41062945E-001, 2.59230647E-001
 1.97100000E+001, 0.00000000E+000, 1.07702732E+000, 2.46020277E-001, 2.64970558E-001
 1.97700000E+001, 0.00000000E+000, 1.07869973E+000, 2.51021162E-001, 2.70776458E-001
 1.98300000E+001, 0.00000000E+000, 1.08037863E+000, 2.56074267E-001, 2.76657165E-001
 1.98900000E+001, 0.00000000E+000, 1.08206493E+000, 2.61174903E-001, 2.82608202E-001
 1.99500000E+001, 0.00000000E+000, 1.08376204E+000, 2.66311031E-001, 2.88617787E-001
 2.00100000E+001, 0.00000000E+000, 1.08547358E+000, 2.71470261E-001, 2.94673797E-001
 2.00700000E+001, 0.00000000E+000, 1.08720260E+000, 2.76642074E-001, 3.00765982E-001
 2.01300000E+001, 0.00000000E+000, 1.08894767E+000, 2.81829538E-001, 3.06897619E-001
 2.01900000E+001, 0.00000000E+000, 1.09070540E+000, 2.87041762E-001, 3.13077999E-001
 2.02500000E+001, 0.00000000E+000, 1.09247109E+000, 2.92291722E-001, 3.19320255E-001
 2.03100000E+001, 0.00000000E+000, 1.09424208E+000, 2.97586314E-001, 3.25631468E-001
 2.03700000E+001, 0.00000000E+000, 1.09601933E+000, 3.02921644E-001, 3.32007977E-001
 2.04300000E+001, 0.00000000E+000, 1.09780504E+000, 3.08290101E-001, 3.38442425E-001
 2.04900000E+001, 0.00000000E+000, 1.09960389E+000, 3.13676644E-001, 3.44920057E-001
 2.05500000E+001, 0.00000000E+000, 1.10141804E+000, 3.19073851E-001, 3.51433696E-001
 2.06100000E+001, 0.00000000E+000, 1.10324722E+000, 3.24481531E-001, 3.57983349E-001
 2.06700000E+001, 0.00000000E+000, 1.10508802E+000, 3.29908875E-001, 3.64578346E-001
 2.07300000E+001, 0.00000000E+000, 1.10693605E+000, 3.35367882E-001, 3.71230799E-001
 2.07900000E+001, 0.00000000E+000, 1.10878870E+000, 3.40865296E-001, 3.77947586E-001
 2.08500000E+001, 0.00000000E+000, 1.11064567E+000, 3.46400890E-001, 3.84728647E-001
 2.09100000E+001, 0.00000000E+000, 1.11250992E+000, 3.51964863E-001, 3.91564402E-001
 2.09700000E+001, 0.00000000E+000, 1.11438439E+000, 3.57547527E-001, 3.98445384E-001
 2.10300000E+001, 0.00000000E+000, 1.11627380E+000, 3.63134000E-001, 4.05356969E-001
 2.10900000E+001, 0.00000000E+000, 1.11817678E+000, 3.68727425E-001, 4.12302447E-001
 2.11500000E+001, 0.00000000E+000, 1.12009027E+000, 3.74336104E-001, 4.19290228E-001
 2.12100000E+001, 0.00000000E+000, 1.12201145E+000, 3.79967510E-001, 4.26327896E-001
 2.12700000E+001, 0.00000000E+000, 1.12393595E+000, 3.85633698E-001, 4.33427577E-001
 2.13300000E+001, 0.00000000E+000, 1.12586318E+000, 3.91335626E-001, 4.40590371E-001
 2.13900000E+001, 0.00000000E+000, 1.12779587E+000, 3.97064365E-001, 4.47807552E-001
 2.14500000E+001, 0.00000000E+000, 1.12973794E+000, 4.02807628E-001, 4.55067061E-001
 2.15100000E+001, 0.00000000E+000, 1.13169164E+000, 4.08558049E-001, 4.62361730E-001
 2.15700000E+001, 0.00000000E+000, 1.13365866E+000, 4.14310002E-001, 4.69686122E-001
 2.16300000E+001, 0.00000000E+000, 1.13563712E+000, 4.20068300E-001, 4.77045156E-001
 2.16900000E+001, 0.00000000E+000, 1.13762220E+000, 4.25846470E-001, 4.84452397E-001
 2.17500000E+001, 0.00000000E+000, 1.13961058E+000, 4.31653471E-001, 4.91916862E-001
 2.18100000E+001, 0.00000000E+000, 1.14160150E+000, 4.37490835E-001, 4.99440191E-001
 2.18700000E+001, 0.00000000E+000, 1.14359590E+000, 4.43354976E-001, 5.07018934E-001
 2.19300000E+001, 0.00000000E+000, 1.14559626E+000, 4.49237983E-001, 5.14645351E-001
 2.19900000E+001, 0.00000000E+000, 1.14760723E+000, 4.55126296E-001, 5.22306228E-001
 2.20500000E+001, 0.00000000E+000, 1.14963079E+000, 4.61011303E-001, 5.29992789E-001
 2.21100000E+001, 0.00000000E+000, 1.15166516E+000, 4.66899956E-001, 5.37712412E-001
 2.21700000E+001, 0.00000000E+000, 1.15370682E+000, 4.72800912E-001, 5.45473635E-001
 2.22300000E+001, 0.00000000E+000, 1.15575266E+000, 4.78722441E-001, 5.53284735E-001
 2.22900000E+001, 0.00000000E+000, 1.15780074E+000, 4.84669941E-001, 5.61151214E-001
 2.23500000E+001, 0.00000000E+000, 1.15985036E+000, 4.90644799E-001, 5.69074546E-001
 2.24100000E+001, 0.00000000E+000, 1.16190283E+000, 4.96642445E-001, 5.77050260E-001
 2.24700000E+001, 0.00000000E+000, 1.16396362E+000, 5.02647655E-001, 5.85063585E-001
 2.25300000E+001, 0.00000000E+000, 1.16603626E+000, 5.08646243E-001, 5.93099962E-001
 2.25900000E+001, 0.00000000E+000, 1.16811932E+000, 5.14644924E-001, 6.01166676E-001
 2.26500000E+001, 0.00000000E+000, 1.17021060E+000, 5.20648463E-001, 6.09268350E-001
 2.27100000E+001, 0.00000000E+000, 1.17230745E+000, 5.26664193E-001, 6.17412358E-001
 2.27700000E+001, 0.00000000E+000, 1.17440696E+000, 5.32700256E-001, 6.25606889E-001
 2.28300000E+001, 0.00000000E+000, 1.17650651E+000, 5.38763773E-001, 6.33859085E-001
 2.28900000E+001, 0.00000000E+000, 1.17860641E+000, 5.44852732E-001, 6.42166920E-001
 2.29500000E+001, 0.00000000E+000, 1.18071064E+000, 5.50955896E-001, 6.50519487E-001
 2.30100000E+001, 0.00000000E+000, 1.18282619E+000, 5.57053269E-001, 6.58897197E-001
 2.30700000E+001, 0.00000000E+000, 1.18495182E+000, 5.63144331E-001, 6.67298903E-001
 2.31300000E+001, 0.00000000E+000, 1.18708641E+000, 5.69234859E-001, 6.75730965E-001
 2.31900000E+001, 0.00000000E+000, 1.18922822E+000, 5.75329592E-001, 6.84198187E-001
 2.32500000E+001, 0.00000000E+000, 1.19137430E+000, 5.81436307E-001, 6.92708273E-001
 2.33100000E+001, 0.00000000E+000, 1.19351985E+000, 5.87569035E-001, 7.01275305E-001
 2.33700000E+001, 0.00000000E+000, 1.19566414E+000, 5.93726029E-001, 7.09896921E-001
 2.34300000E+001, 0.00000000E+000, 1.19780915E+000, 5.99904135E-001, 7.18570660E-001
 2.34900000E+001, 0.00000000E+000, 1.19996032E+000, 6.06089269E-001, 7.27283071E-001
 2.35500000E+001, 0.00000000E+000, 1.20212232E+000, 6.12262649E-001, 7.36014595E-001
 2.36100000E+001, 0.00000000E+000, 1.20429389E+000, 6.18428924E-001, 7.44770176E-001
 2.36700000E+001, 0.00000000E+000, 1.20647335E+000, 6.24593464E-001, 7.53555368E-001
 2.37300000E+001, 0.00000000E+000, 1.20865917E+000, 6.30760766E-001, 7.62374783E-001
 2.37900000E+001, 0.00000000E+000, 1.21084739E+000, 6.36942731E-001, 7.71240441E-001
 2.38500000E+001, 0.00000000E+000, 1.21303323E+000, 6.43149379E-001, 7.80161566E-001
 2.39100000E+001, 0.00000000E+000, 1.21521824E+000, 6.49377059E-001, 7.89134848E-001
 2.39700000E+001, 0.00000000E+000, 1.21740378E+000, 6.55622090E-001, 7.98156809E-001
 2.40300000E+001, 0.00000000E+000, 1.21959608E+000, 6.61869166E-001, 8.07213041E-001
 2.40900000E+001, 0.00000000E+000, 1.22179817E+000, 6.68102903E-001, 8.16286907E-001
 2.41500000E+001, 0.00000000E+000, 1.22400915E+000, 6.74328388E-001, 8.25384116E-001
 2.42100000E+001, 0.00000000E+000, 1.22622712E+000, 6.80550968E-001, 8.34510050E-001
 2.42700000E+001, 0.00000000E+000, 1.22845070E+000, 6.86774972E-001, 8.43669197E-001
 2.43300000E+001, 0.00000000E+000, 1.23067572E+000, 6.93013124E-001, 8.52874423E-001
 2.43900000E+001, 0.00000000E+000, 1.23289808E+000, 6.99272270E-001, 8.62131438E-001
 2.44500000E+001, 0.00000000E+000, 1.23511963E+000, 7.05549370E-001, 8.71437874E-001
 2.45100000E+001, 0.00000000E+000, 1.23734127E+000, 7.11841550E-001, 8.80790927E-001
 2.45700000E+001, 0.00000000E+000, 1.23956690E+000, 7.18139274E-001, 8.90181670E-001
 2.46300000E+001, 0.00000000E+000, 1.24180163E+000, 7.24424976E-001, 8.99592120E-001
 2.46900000E+001, 0.00000000E+000, 1.24404564E+000, 7.30697355E-001, 9.09020861E-001
 2.47500000E+001, 0.00000000E+000, 1.24629730E+000, 7.36960289E-001, 9.18471615E-001
 2.48100000E+001, 0.00000000E+000, 1.24855470E+000, 7.43220724E-001, 9.27951730E-001
 2.48700000E+001, 0.00000000E+000, 1.25081339E+000, 7.49494442E-001, 9.37477681E-001
 2.49300000E+001, 0.00000000E+000, 1.25306785E+000, 7.55789598E-001, 9.47055643E-001
 2.49900000E+001, 0.00000000E+000, 1.25532010E+000, 7.62102749E-001, 9.56682903E-001
 2.50500000E+001, 0.00000000E+000, 1.25757187E+000, 7.68429553E-001, 9.66355387E-001
 2.51100000E+001, 0.00000000E+000, 1.25982622E+000, 7.74762809E-001, 9.76066502E-001
 2.51700000E+001, 0.00000000E+000, 1.26208854E+000, 7.81085944E-001, 9.85799615E-001
 2.52300000E+001, 0.00000000E+000, 1.26436021E+000, 7.87393252E-001, 9.95548693E-001
 2.52900000E+001, 0.00000000E+000, 1.26664065E+000, 7.93684409E-001, 1.00531293E+000
 2.53500000E+001, 0.00000000E+000, 1.26892725E+000, 7.99967910E-001, 1.01510108E+000
 2.54100000E+001, 0.00000000E+000, 1.27121467E+000, 8.06266135E-001, 1.02493734E+000
 2.54700000E+001, 0.00000000E+000, 1.27349606E+000, 8.12586130E-001, 1.03482524E+000
 2.55300000E+001, 0.00000000E+000, 1.27577498E+000, 8.18922145E-001, 1.04476038E+000
 2.55900000E+001, 0.00000000E+000, 1.27805559E+000, 8.25265750E-001, 1.05473551E+000
 2.56500000E+001, 0.00000000E+000, 1.28034022E+000, 8.31606342E-001, 1.06473904E+000
 2.57100000E+001, 0.00000000E+000, 1.28262608E+000, 8.37953803E-001, 1.07478140E+000
 2.57700000E+001, 0.00000000E+000, 1.28491555E+000, 8.44305220E-001, 1.08486091E+000
 2.58300000E+001, 0.00000000E+000, 1.28721664E+000, 8.50630204E-001, 1.09494535E+000
 2.58900000E+001, 0.00000000E+000, 1.28952867E+000, 8.56927600E-001, 1.10503271E+000
 2.59500000E+001, 0.00000000E+000, 1.29184582E+000, 8.63221316E-001, 1.11514885E+000
 2.60100000E+001, 0.00000000E+000, 1.29415581E+000, 8.69545097E-001, 1.12532684E+000
 2.60700000E+001, 0.00000000E+000, 1.29645665E+000, 8.75894317E-001, 1.13555902E+000
 2.61300000E+001, 0.00000000E+000, 1.29875590E+000, 8.82254491E-001, 1.14583322E+000
 2.61900000E+001, 0.00000000E+000, 1.30106189E+000, 8.88603525E-001, 1.15612818E+000
 2.62500000E+001, 0.00000000E+000, 1.30337269E+000, 8.94944001E-001, 1.16644557E+000
 2.63100000E+001, 0.00000000E+000, 1.30568475E+000, 9.01296860E-001, 1.17680956E+000
 2.63700000E+001, 0.00000000E+000, 1.30799797E+000, 9.07683348E-001, 1.18724797E+000
 2.64300000E+001, 0.00000000E+000, 1.31034538E+000, 9.14061953E-001, 1.19773686E+000
 2.64900000E+001, 0.00000000E+000, 1.31275704E+000, 9.20470538E-001, 1.20835418E+000
 2.65500000E+001, 0.00000000E+000, 1.31522275E+000, 9.27206414E-001, 1.21948296E+000
 2.66100000E+001, 0.00000000E+000, 1.31788808E+000, 9.34504781E-001, 1.23157272E+000
 2.66700000E+001, 0.00000000E+000, 1.32103989E+000, 9.43086461E-001, 1.24585484E+000
 2.67300000E+001, 0.00000000E+000, 1.32448436E+000, 9.52461830E-001, 1.26152080E+000
 2.67900000E+001, 0.00000000E+000, 1.32600327E+000, 9.56593497E-001, 1.26844610E+000
 2.68500000E+001, 0.00000000E+000, 1.32597532E+000, 9.56557165E-001, 1.26837120E+000
 2.69100000E+001, 0.00000000E+000, 1.32453205E+000, 9.52794248E-001, 1.26200652E+000
 2.69700000E+001, 0.00000000E+000, 1.31916349E+000, 9.38079741E-001, 1.23748055E+000
 2.70300000E+001, 0.00000000E+000, 1.30428465E+000, 8.97091671E-001, 1.17006290E+000
 2.70900000E+001, 0.00000000E+000, 1.26879947E+000, 7.99216659E-001, 1.01404567E+000
 2.71500000E+001, 0.00000000E+000, 1.19752302E+000, 5.96538403E-001, 7.14368470E-001
 2.72100000E+001, 0.00000000E+000, 1.09397755E+000, 2.90787866E-001, 3.18115398E-001
 2.72700000E+001, 0.00000000E+000, 1.03240893E+000, 1.01206679E-001, 1.04486679E-001
 2.73300000E+001, 0.00000000E+000, 1.01125739E+000, 3.52546514E-002, 3.56515269E-002
 2.73900000E+001, 0.00000000E+000, 1.00454290E+000, 1.42652115E-002, 1.43300169E-002
 2.74500000E+001, 0.00000000E+000, 1.00243033E+000, 7.65948888E-003, 7.67810396E-003
 2.75100000E+001, 0.00000000E+000, 1.00172913E+000, 5.46880765E-003, 5.47826394E-003
 2.75700000E+001, 0.00000000E+000, 1.00145719E+000, 4.62140017E-003, 4.62813444E-003
 2.76300000E+001, 0.00000000E+000, 1.00131771E+000, 4.18866290E-003, 4.19418233E-003
 2.76900000E+001, 0.00000000E+000, 1.00122135E+000, 3.89110116E-003, 3.89585354E-003
 2.77500000E+001, 0.00000000E+000, 1.00114124E+000, 3.64466535E-003, 3.64882479E-003
 2.78100000E+001, 0.00000000E+000, 1.00106908E+000, 3.42336451E-003, 3.42702438E-003
 2.78700000E+001, 0.00000000E+000, 1.00100227E+000, 3.21907291E-003, 3.22229930E-003
 2.79300000E+001, 0.00000000E+000, 1.00093975E+000, 3.02850977E-003, 3.03135582E-003
 2.79900000E+001, 0.00000000E+000, 1.00088112E+000, 2.85043138E-003, 2.85294295E-003
 2.80500000E+001, 0.00000000E+000, 1.00082599E+000, 2.68364910E-003, 2.68586575E-003
 2.81100000E+001, 0.00000000E+000, 1.00077418E+000, 2.52765302E-003, 2.52960989E-003
 2.81700000E+001, 0.00000000E+000, 1.00072540E+000, 2.38150270E-003, 2.38323025E-003
 2.82300000E+001, 0.00000000E+000, 1.00067953E+000, 2.24486890E-003, 2.24639436E-003
 2.82900000E+001, 0.00000000E+000, 1.00063628E+000, 2.11688034E-003, 2.11822727E-003
 2.83500000E+001, 0.00000000E+000, 1.00059558E+000, 1.99733190E-003, 1.99852147E-003
 2.84100000E+001, 0.00000000E+000, 1.00055715E+000, 1.88539058E-003, 1.88644102E-003
 2.84700000E+001, 0.00000000E+000, 1.00052095E+000, 1.78096489E-003, 1.78189268E-003
 2.85300000E+001, 0.00000000E+000, 1.00048671E+000, 1.68324346E-003, 1.68406272E-003
 2.85900000E+001, 0.00000000E+000, 1.00045443E+000, 1.59224419E-003, 1.59296776E-003
 2.86500000E+001, 0.00000000E+000, 1.00042384E+000, 1.50716281E-003, 1.50780161E-003
 2.87100000E+001, 0.00000000E+000, 1.00039497E+000, 1.42812496E-003, 1.42868902E-003
 2.87700000E+001, 0.00000000E+000, 1.00036753E+000, 1.35431960E-003, 1.35481735E-003
 2.88300000E+001, 0.00000000E+000, 1.00034160E+000, 1.28598062E-003, 1.28641991E-003
 2.88900000E+001, 0.00000000E+000, 1.00031689E+000, 1.22227665E-003, 1.22266397E-003
 2.89500000E+001, 0.00000000E+000, 1.00029349E+000, 1.16355230E-003, 1.16389379E-003
 2.90100000E+001, 0.00000000E+000, 1.00027111E+000, 1.10894228E-003, 1.10924292E-003
 2.90700000E+001, 0.00000000E+000, 1.00024988E+000, 1.05890637E-003, 1.05917097E-003
 2.91300000E+001, 0.00000000E+000, 1.00022949E+000, 1.01253142E-003, 1.01276379E-003
 2.91900000E+001, 0.00000000E+000, 1.00021010E+000, 9.70398839E-004, 9.70602721E-004
 2.92500000E+001, 0.00000000E+000, 1.00019138E+000, 9.31533119E-004, 9.31711396E-004
 2.93100000E+001, 0.00000000E+000, 1.00017353E+000, 8.96645743E-004, 8.96801338E-004
 2.93700000E+001, 0.00000000E+000, 1.00015619E+000, 8.64683450E-004, 8.64818504E-004
 2.94300000E+001, 0.00000000E+000, 1.00013960E+000, 8.36498390E-004, 8.36615168E-004
 2.94900000E+001, 0.00000000E+000, 1.00012338E+000, 8.10942855E-004, 8.11042906E-004
 2.95500000E+001, 0.00000000E+000, 1.00010780E+000, 7.89022139E-004, 7.89107196E-004
 2.96100000E+001, 0.00000000E+000, 1.00009244E+000, 7.69474693E-004, 7.69545823E-004
 2.96700000E+001, 0.00000000E+000, 1.00007764E+000, 7.53470293E-004, 7.53528791E-004
 2.97300000E+001, 0.00000000E+000, 1.00006292E+000, 7.39601628E-004, 7.39648162E-004
 2.97900000E+001, 0.00000000E+000, 1.00004869E+000, 7.29185483E-004, 7.29220988E-004
 2.98500000E+001, 0.00000000E+000, 1.00003438E+000, 7.20541964E-004, 7.20566735E-004
 2.99100000E+001, 0.00000000E+000, 1.00002074E+000, 7.15402990E-004, 7.15417827E-004
 2.99700000E+001, 0.00000000E+000, 1.00000657E+000, 6.92142402E-004, 6.92146952E-004
