   5.0003965483607509      ,         500
X,ZB,H,U,Q
 3.00000000E-002, 0.00000000E+000, 1.00859711E+000, 3.24869640E-002, 3.27662579E-002
 9.00000000E-002, 0.00000000E+000, 1.00859333E+000, 3.24972210E-002, 3.27764804E-002
 1.50000000E-001, 0.00000000E+000, 1.00858940E+000, 3.25079294E-002, 3.27871531E-002
 2.10000000E-001, 0.00000000E+000, 1.00858543E+000, 3.25187911E-002, 3.27979788E-002
 2.70000000E-001, 0.00000000E+000, 1.00858141E+000, 3.25297938E-002, 3.28089455E-002
 3.30000000E-001, 0.00000000E+000, 1.00857737E+000, 3.25409341E-002, 3.28200496E-002
 3.90000000E-001, 0.00000000E+000, 1.00857328E+000, 3.25522089E-002, 3.28312881E-002
 4.50000000E-001, 0.00000000E+000, 1.00856916E+000, 3.25636151E-002, 3.28426580E-002
 5.10000000E-001, 0.00000000E+000, 1.00856501E+000, 3.25751501E-002, 3.28541565E-002
 5.70000000E-001, 0.00000000E+000, 1.00856082E+000, 3.25868110E-002, 3.28657810E-002
 6.30000000E-001, 0.00000000E+000, 1.00855661E+000, 3.25985954E-002, 3.28775287E-002
 6.90000000E-001, 0.00000000E+000, 1.00855236E+000, 3.26105006E-002, 3.28893974E-002
 7.50000000E-001, 0.00000000E+000, 1.00854808E+000, 3.26225244E-002, 3.29013845E-002
 8.10000000E-001, 0.00000000E+000, 1.00854378E+000, 3.26346644E-002, 3.29134878E-002
 8.70000000E-001, 0.00000000E+000, 1.00853945E+000, 3.26469184E-002, 3.29257051E-002
 9.30000000E-001, 0.00000000E+000, 1.00853509E+000, 3.26592844E-002, 3.29380344E-002
 9.90000000E-001, 0.00000000E+000, 1.00853071E+000, 3.26717602E-002, 3.29504735E-002
 1.05000000E+000, 0.00000000E+000, 1.00852630E+000, 3.26843439E-002, 3.29630206E-002
 1.11000000E+000, 0.00000000E+000, 1.00852188E+000, 3.26970337E-002, 3.29756738E-002
 1.17000000E+000, 0.00000000E+000, 1.00851743E+000, 3.27098278E-002, 3.29884313E-002
 1.23000000E+000, 0.00000000E+000, 1.00851295E+000, 3.27227243E-002, 3.30012914E-002
 1.29000000E+000, 0.00000000E+000, 1.00850846E+000, 3.27357217E-002, 3.30142524E-002
 1.35000000E+000, 0.00000000E+000, 1.00850395E+000, 3.27488184E-002, 3.30273128E-002
 1.41000000E+000, 0.00000000E+000, 1.00849943E+000, 3.27620128E-002, 3.30404711E-002
 1.47000000E+000, 0.00000000E+000, 1.00849488E+000, 3.27753035E-002, 3.30537258E-002
 1.53000000E+000, 0.00000000E+000, 1.00849032E+000, 3.27886891E-002, 3.30670756E-002
 1.59000000E+000, 0.00000000E+000, 1.00848575E+000, 3.28021684E-002, 3.30805193E-002
 1.65000000E+000, 0.00000000E+000, 1.00848116E+000, 3.28157401E-002, 3.30940556E-002
 1.71000000E+000, 0.00000000E+000, 1.00847656E+000, 3.28294030E-002, 3.31076833E-002
 1.77000000E+000, 0.00000000E+000, 1.00847195E+000, 3.28431561E-002, 3.31214015E-002
 1.83000000E+000, 0.00000000E+000, 1.00846733E+000, 3.28569984E-002, 3.31352092E-002
 1.89000000E+000, 0.00000000E+000, 1.00846269E+000, 3.28709289E-002, 3.31491056E-002
 1.95000000E+000, 0.00000000E+000, 1.00845806E+000, 3.28849469E-002, 3.31630897E-002
 2.01000000E+000, 0.00000000E+000, 1.00845341E+000, 3.28990516E-002, 3.31771609E-002
 2.07000000E+000, 0.00000000E+000, 1.00844876E+000, 3.29132425E-002, 3.31913187E-002
 2.13000000E+000, 0.00000000E+000, 1.00844411E+000, 3.29275189E-002, 3.32055625E-002
 2.19000000E+000, 0.00000000E+000, 1.00843945E+000, 3.29418805E-002, 3.32198920E-002
 2.25000000E+000, 0.00000000E+000, 1.00843480E+000, 3.29563269E-002, 3.32343069E-002
 2.31000000E+000, 0.00000000E+000, 1.00843014E+000, 3.29708580E-002, 3.32488070E-002
 2.37000000E+000, 0.00000000E+000, 1.00842549E+000, 3.29854738E-002, 3.32633925E-002
 2.43000000E+000, 0.00000000E+000, 1.00842084E+000, 3.30001742E-002, 3.32780633E-002
 2.49000000E+000, 0.00000000E+000, 1.00841619E+000, 3.30149597E-002, 3.32928199E-002
 2.55000000E+000, 0.00000000E+000, 1.00841155E+000, 3.30298305E-002, 3.33076627E-002
 2.61000000E+000, 0.00000000E+000, 1.00840692E+000, 3.30447873E-002, 3.33225923E-002
 2.67000000E+000, 0.00000000E+000, 1.00840230E+000, 3.30598309E-002, 3.33376095E-002
 2.73000000E+000, 0.00000000E+000, 1.00839769E+000, 3.30749621E-002, 3.33527155E-002
 2.79000000E+000, 0.00000000E+000, 1.00839310E+000, 3.30901822E-002, 3.33679113E-002
 2.85000000E+000, 0.00000000E+000, 1.00838852E+000, 3.31054925E-002, 3.33831985E-002
 2.91000000E+000, 0.00000000E+000, 1.00838396E+000, 3.31208947E-002, 3.33985789E-002
 2.97000000E+000, 0.00000000E+000, 1.00837942E+000, 3.31363906E-002, 3.34140543E-002
 3.03000000E+000, 0.00000000E+000, 1.00837490E+000, 3.31519826E-002, 3.34296271E-002
 3.09000000E+000, 0.00000000E+000, 1.00837041E+000, 3.31676729E-002, 3.34452998E-002
 3.15000000E+000, 0.00000000E+000, 1.00836594E+000, 3.31834645E-002, 3.34610754E-002
 3.21000000E+000, 0.00000000E+000, 1.00836150E+000, 3.31993605E-002, 3.34769571E-002
 3.27000000E+000, 0.00000000E+000, 1.00835710E+000, 3.32153644E-002, 3.34929485E-002
 3.33000000E+000, 0.00000000E+000, 1.00835273E+000, 3.32314800E-002, 3.35090536E-002
 3.39000000E+000, 0.00000000E+000, 1.00834840E+000, 3.32477118E-002, 3.35252770E-002
 3.45000000E+000, 0.00000000E+000, 1.00834411E+000, 3.32640646E-002, 3.35416237E-002
 3.51000000E+000, 0.00000000E+000, 1.00833987E+000, 3.32805436E-002, 3.35580990E-002
 3.57000000E+000, 0.00000000E+000, 1.00833567E+000, 3.32971548E-002, 3.35747089E-002
 3.63000000E+000, 0.00000000E+000, 1.00833153E+000, 3.33139044E-002, 3.35914601E-002
 3.69000000E+000, 0.00000000E+000, 1.00832744E+000, 3.33307996E-002, 3.36083598E-002
 3.75000000E+000, 0.00000000E+000, 1.00832341E+000, 3.33478480E-002, 3.36254158E-002
 3.81000000E+000, 0.00000000E+000, 1.00831945E+000, 3.33650580E-002, 3.36426368E-002
 3.87000000E+000, 0.00000000E+000, 1.00831555E+000, 3.33824389E-002, 3.36600322E-002
 3.93000000E+000, 0.00000000E+000, 1.00831173E+000, 3.34000006E-002, 3.36776123E-002
 3.99000000E+000, 0.00000000E+000, 1.00830798E+000, 3.34177541E-002, 3.36953882E-002
 4.05000000E+000, 0.00000000E+000, 1.00830432E+000, 3.34357112E-002, 3.37133721E-002
 4.11000000E+000, 0.00000000E+000, 1.00830075E+000, 3.34538848E-002, 3.37315772E-002
 4.17000000E+000, 0.00000000E+000, 1.00829728E+000, 3.34722891E-002, 3.37500179E-002
 4.23000000E+000, 0.00000000E+000, 1.00829390E+000, 3.34909392E-002, 3.37687099E-002
 4.29000000E+000, 0.00000000E+000, 1.00829064E+000, 3.35098518E-002, 3.37876699E-002
 4.35000000E+000, 0.00000000E+000, 1.00828749E+000, 3.35290448E-002, 3.38069165E-002
 4.41000000E+000, 0.00000000E+000, 1.00828447E+000, 3.35485377E-002, 3.38264696E-002
 4.47000000E+000, 0.00000000E+000, 1.00828158E+000, 3.35683519E-002, 3.38463509E-002
 4.53000000E+000, 0.00000000E+000, 1.00827883E+000, 3.35885101E-002, 3.38665837E-002
 4.59000000E+000, 0.00000000E+000, 1.00827624E+000, 3.36090374E-002, 3.38871937E-002
 4.65000000E+000, 0.00000000E+000, 1.00827380E+000, 3.36299607E-002, 3.39082082E-002
 4.71000000E+000, 0.00000000E+000, 1.00827154E+000, 3.36513093E-002, 3.39296572E-002
 4.77000000E+000, 0.00000000E+000, 1.00826946E+000, 3.36731149E-002, 3.39515732E-002
 4.83000000E+000, 0.00000000E+000, 1.00826757E+000, 3.36954120E-002, 3.39739912E-002
 4.89000000E+000, 0.00000000E+000, 1.00826590E+000, 3.37182377E-002, 3.39969492E-002
 4.95000000E+000, 0.00000000E+000, 1.00826445E+000, 3.37416325E-002, 3.40204886E-002
 5.01000000E+000, 0.00000000E+000, 1.00826324E+000, 3.37656401E-002, 3.40446538E-002
 5.07000000E+000, 0.00000000E+000, 1.00826229E+000, 3.37903080E-002, 3.40694933E-002
 5.13000000E+000, 0.00000000E+000, 1.00826161E+000, 3.38156875E-002, 3.40950596E-002
 5.19000000E+000, 0.00000000E+000, 1.00826123E+000, 3.38418342E-002, 3.41214093E-002
 5.25000000E+000, 0.00000000E+000, 1.00826116E+000, 3.38688085E-002, 3.41486041E-002
 5.31000000E+000, 0.00000000E+000, 1.00826143E+000, 3.38966756E-002, 3.41767106E-002
 5.37000000E+000, 0.00000000E+000, 1.00826206E+000, 3.39255064E-002, 3.42058009E-002
 5.43000000E+000, 0.00000000E+000, 1.00826308E+000, 3.39553773E-002, 3.42359532E-002
 5.49000000E+000, 0.00000000E+000, 1.00826451E+000, 3.39863714E-002, 3.42672522E-002
 5.55000000E+000, 0.00000000E+000, 1.00826639E+000, 3.40185785E-002, 3.42997893E-002
 5.61000000E+000, 0.00000000E+000, 1.00826875E+000, 3.40520956E-002, 3.43336637E-002
 5.67000000E+000, 0.00000000E+000, 1.00827162E+000, 3.40870278E-002, 3.43689827E-002
 5.73000000E+000, 0.00000000E+000, 1.00827504E+000, 3.41234888E-002, 3.44058620E-002
 5.79000000E+000, 0.00000000E+000, 1.00827905E+000, 3.41616011E-002, 3.44444269E-002
 5.85000000E+000, 0.00000000E+000, 1.00828370E+000, 3.42014974E-002, 3.44848125E-002
 5.91000000E+000, 0.00000000E+000, 1.00828904E+000, 3.42433206E-002, 3.45271648E-002
 5.97000000E+000, 0.00000000E+000, 1.00829511E+000, 3.42872246E-002, 3.45716408E-002
 6.03000000E+000, 0.00000000E+000, 1.00830196E+000, 3.43333754E-002, 3.46184098E-002
 6.09000000E+000, 0.00000000E+000, 1.00830967E+000, 3.43819513E-002, 3.46676539E-002
 6.15000000E+000, 0.00000000E+000, 1.00831828E+000, 3.44331438E-002, 3.47195684E-002
 6.21000000E+000, 0.00000000E+000, 1.00832787E+000, 3.44871582E-002, 3.47743628E-002
 6.27000000E+000, 0.00000000E+000, 1.00833851E+000, 3.45442141E-002, 3.48322614E-002
 6.33000000E+000, 0.00000000E+000, 1.00835028E+000, 3.46045462E-002, 3.48935037E-002
 6.39000000E+000, 0.00000000E+000, 1.00836325E+000, 3.46684044E-002, 3.49583449E-002
 6.45000000E+000, 0.00000000E+000, 1.00837752E+000, 3.47360543E-002, 3.50270561E-002
 6.51000000E+000, 0.00000000E+000, 1.00839317E+000, 3.48077774E-002, 3.50999250E-002
 6.57000000E+000, 0.00000000E+000, 1.00841030E+000, 3.48838713E-002, 3.51772552E-002
 6.63000000E+000, 0.00000000E+000, 1.00842902E+000, 3.49646490E-002, 3.52593668E-002
 6.69000000E+000, 0.00000000E+000, 1.00844943E+000, 3.50504391E-002, 3.53465953E-002
 6.75000000E+000, 0.00000000E+000, 1.00847164E+000, 3.51415845E-002, 3.54392913E-002
 6.81000000E+000, 0.00000000E+000, 1.00849577E+000, 3.52384420E-002, 3.55378195E-002
 6.87000000E+000, 0.00000000E+000, 1.00852193E+000, 3.53413803E-002, 3.56425571E-002
 6.93000000E+000, 0.00000000E+000, 1.00855025E+000, 3.54507789E-002, 3.57538920E-002
 6.99000000E+000, 0.00000000E+000, 1.00858086E+000, 3.55670252E-002, 3.58722208E-002
 7.05000000E+000, 0.00000000E+000, 1.00861388E+000, 3.56905125E-002, 3.59979462E-002
 7.11000000E+000, 0.00000000E+000, 1.00864943E+000, 3.58216366E-002, 3.61314735E-002
 7.17000000E+000, 0.00000000E+000, 1.00868766E+000, 3.59607924E-002, 3.62732075E-002
 7.23000000E+000, 0.00000000E+000, 1.00872868E+000, 3.61083694E-002, 3.64235476E-002
 7.29000000E+000, 0.00000000E+000, 1.00877261E+000, 3.62647478E-002, 3.65828842E-002
 7.35000000E+000, 0.00000000E+000, 1.00881957E+000, 3.64302931E-002, 3.67515926E-002
 7.41000000E+000, 0.00000000E+000, 1.00886967E+000, 3.66053506E-002, 3.69300280E-002
 7.47000000E+000, 0.00000000E+000, 1.00892302E+000, 3.67902396E-002, 3.71185197E-002
 7.53000000E+000, 0.00000000E+000, 1.00897971E+000, 3.69852476E-002, 3.73173644E-002
 7.59000000E+000, 0.00000000E+000, 1.00903982E+000, 3.71906233E-002, 3.75268197E-002
 7.65000000E+000, 0.00000000E+000, 1.00910340E+000, 3.74065708E-002, 3.77470979E-002
 7.71000000E+000, 0.00000000E+000, 1.00917052E+000, 3.76332422E-002, 3.79783585E-002
 7.77000000E+000, 0.00000000E+000, 1.00924119E+000, 3.78707315E-002, 3.82207022E-002
 7.83000000E+000, 0.00000000E+000, 1.00931544E+000, 3.81190683E-002, 3.84741641E-002
 7.89000000E+000, 0.00000000E+000, 1.00939323E+000, 3.83782116E-002, 3.87387071E-002
 7.95000000E+000, 0.00000000E+000, 1.00947455E+000, 3.86480444E-002, 3.90142170E-002
 8.01000000E+000, 0.00000000E+000, 1.00955931E+000, 3.89283685E-002, 3.93004967E-002
 8.07000000E+000, 0.00000000E+000, 1.00964743E+000, 3.92189006E-002, 3.95972621E-002
 8.13000000E+000, 0.00000000E+000, 1.00973878E+000, 3.95192688E-002, 3.99041383E-002
 8.19000000E+000, 0.00000000E+000, 1.00983322E+000, 3.98290101E-002, 4.02206576E-002
 8.25000000E+000, 0.00000000E+000, 1.00993057E+000, 4.01475691E-002, 4.05462574E-002
 8.31000000E+000, 0.00000000E+000, 1.01003062E+000, 4.04742982E-002, 4.08802803E-002
 8.37000000E+000, 0.00000000E+000, 1.01013312E+000, 4.08084583E-002, 4.12219752E-002
 8.43000000E+000, 0.00000000E+000, 1.01023781E+000, 4.11492211E-002, 4.15704990E-002
 8.49000000E+000, 0.00000000E+000, 1.01034440E+000, 4.14956728E-002, 4.19249206E-002
 8.55000000E+000, 0.00000000E+000, 1.01045256E+000, 4.18468190E-002, 4.22842255E-002
 8.61000000E+000, 0.00000000E+000, 1.01056196E+000, 4.22015907E-002, 4.26473220E-002
 8.67000000E+000, 0.00000000E+000, 1.01067221E+000, 4.25588511E-002, 4.30130481E-002
 8.73000000E+000, 0.00000000E+000, 1.01078295E+000, 4.29174043E-002, 4.33801804E-002
 8.79000000E+000, 0.00000000E+000, 1.01089376E+000, 4.32760042E-002, 4.37474425E-002
 8.85000000E+000, 0.00000000E+000, 1.01100423E+000, 4.36333645E-002, 4.41135162E-002
 8.91000000E+000, 0.00000000E+000, 1.01111395E+000, 4.39881691E-002, 4.44770513E-002
 8.97000000E+000, 0.00000000E+000, 1.01122247E+000, 4.43390833E-002, 4.48366775E-002
 9.03000000E+000, 0.00000000E+000, 1.01132938E+000, 4.46847654E-002, 4.51910160E-002
 9.09000000E+000, 0.00000000E+000, 1.01143423E+000, 4.50238776E-002, 4.55386912E-002
 9.15000000E+000, 0.00000000E+000, 1.01153661E+000, 4.53550981E-002, 4.58783424E-002
 9.21000000E+000, 0.00000000E+000, 1.01163610E+000, 4.56771318E-002, 4.62086357E-002
 9.27000000E+000, 0.00000000E+000, 1.01173230E+000, 4.59887214E-002, 4.65282749E-002
 9.33000000E+000, 0.00000000E+000, 1.01182481E+000, 4.62886577E-002, 4.68360125E-002
 9.39000000E+000, 0.00000000E+000, 1.01191328E+000, 4.65757890E-002, 4.71306593E-002
 9.45000000E+000, 0.00000000E+000, 1.01199734E+000, 4.68490301E-002, 4.74110940E-002
 9.51000000E+000, 0.00000000E+000, 1.01207669E+000, 4.71073700E-002, 4.76762709E-002
 9.57000000E+000, 0.00000000E+000, 1.01215101E+000, 4.73498787E-002, 4.79252275E-002
 9.63000000E+000, 0.00000000E+000, 1.01222004E+000, 4.75757133E-002, 4.81570905E-002
 9.69000000E+000, 0.00000000E+000, 1.01228355E+000, 4.77841222E-002, 4.83710807E-002
 9.75000000E+000, 0.00000000E+000, 1.01234131E+000, 4.79744490E-002, 4.85665167E-002
 9.81000000E+000, 0.00000000E+000, 1.01239316E+000, 4.81461346E-002, 4.87428175E-002
 9.87000000E+000, 0.00000000E+000, 1.01243895E+000, 4.82987189E-002, 4.88995042E-002
 9.93000000E+000, 0.00000000E+000, 1.01247856E+000, 4.84318406E-002, 4.90362002E-002
 9.99000000E+000, 0.00000000E+000, 1.01251191E+000, 4.85452368E-002, 4.91526304E-002
 1.00500000E+001, 0.00000000E+000, 1.01253895E+000, 4.86387409E-002, 4.92486196E-002
 1.01100000E+001, 0.00000000E+000, 1.01255965E+000, 4.87122806E-002, 4.93240900E-002
 1.01700000E+001, 0.00000000E+000, 1.01257403E+000, 4.87658741E-002, 4.93790577E-002
 1.02300000E+001, 0.00000000E+000, 1.01258212E+000, 4.87996263E-002, 4.94136291E-002
 1.02900000E+001, 0.00000000E+000, 1.01258398E+000, 4.88137246E-002, 4.94279956E-002
 1.03500000E+001, 0.00000000E+000, 1.01257970E+000, 4.88084337E-002, 4.94224290E-002
 1.04100000E+001, 0.00000000E+000, 1.01256938E+000, 4.87840902E-002, 4.93972760E-002
 1.04700000E+001, 0.00000000E+000, 1.01255316E+000, 4.87410975E-002, 4.93529525E-002
 1.05300000E+001, 0.00000000E+000, 1.01253119E+000, 4.86799201E-002, 4.92899375E-002
 1.05900000E+001, 0.00000000E+000, 1.01250364E+000, 4.86010773E-002, 4.92087676E-002
 1.06500000E+001, 0.00000000E+000, 1.01247068E+000, 4.85051385E-002, 4.91100307E-002
 1.07100000E+001, 0.00000000E+000, 1.01243253E+000, 4.83927169E-002, 4.89943606E-002
 1.07700000E+001, 0.00000000E+000, 1.01238938E+000, 4.82644641E-002, 4.88624308E-002
 1.08300000E+001, 0.00000000E+000, 1.01234146E+000, 4.81210655E-002, 4.87149495E-002
 1.08900000E+001, 0.00000000E+000, 1.01228899E+000, 4.79632343E-002, 4.85526542E-002
 1.09500000E+001, 0.00000000E+000, 1.01223223E+000, 4.77917077E-002, 4.83763067E-002
 1.10100000E+001, 0.00000000E+000, 1.01217140E+000, 4.76072419E-002, 4.81866884E-002
 1.10700000E+001, 0.00000000E+000, 1.01210675E+000, 4.74106077E-002, 4.79845962E-002
 1.11300000E+001, 0.00000000E+000, 1.01203855E+000, 4.72025874E-002, 4.77708379E-002
 1.11900000E+001, 0.00000000E+000, 1.01196703E+000, 4.69839705E-002, 4.75462291E-002
 1.12500000E+001, 0.00000000E+000, 1.01189246E+000, 4.67555505E-002, 4.73115890E-002
 1.13100000E+001, 0.00000000E+000, 1.01181509E+000, 4.65181219E-002, 4.70677377E-002
 1.13700000E+001, 0.00000000E+000, 1.01173517E+000, 4.62724774E-002, 4.68154931E-002
 1.14300000E+001, 0.00000000E+000, 1.01165297E+000, 4.60194054E-002, 4.65556680E-002
 1.14900000E+001, 0.00000000E+000, 1.01156872E+000, 4.57596871E-002, 4.62890680E-002
 1.15500000E+001, 0.00000000E+000, 1.01148267E+000, 4.54940948E-002, 4.60164886E-002
 1.16100000E+001, 0.00000000E+000, 1.01139508E+000, 4.52233897E-002, 4.57387137E-002
 1.16700000E+001, 0.00000000E+000, 1.01130617E+000, 4.49483198E-002, 4.54565131E-002
 1.17300000E+001, 0.00000000E+000, 1.01121619E+000, 4.46696182E-002, 4.51706410E-002
 1.17900000E+001, 0.00000000E+000, 1.01112535E+000, 4.43880018E-002, 4.48818340E-002
 1.18500000E+001, 0.00000000E+000, 1.01103390E+000, 4.41041690E-002, 4.45908098E-002
 1.19100000E+001, 0.00000000E+000, 1.01094203E+000, 4.38187989E-002, 4.42982656E-002
 1.19700000E+001, 0.00000000E+000, 1.01084997E+000, 4.35325496E-002, 4.40048765E-002
 1.20300000E+001, 0.00000000E+000, 1.01075792E+000, 4.32460571E-002, 4.37112945E-002
 1.20900000E+001, 0.00000000E+000, 1.01066606E+000, 4.29599338E-002, 4.34181471E-002
 1.21500000E+001, 0.00000000E+000, 1.01057459E+000, 4.26747677E-002, 4.31260360E-002
 1.22100000E+001, 0.00000000E+000, 1.01048369E+000, 4.23911212E-002, 4.28355367E-002
 1.22700000E+001, 0.00000000E+000, 1.01039353E+000, 4.21095301E-002, 4.25471969E-002
 1.23300000E+001, 0.00000000E+000, 1.01030427E+000, 4.18305030E-002, 4.22615359E-002
 1.23900000E+001, 0.00000000E+000, 1.01021606E+000, 4.15545206E-002, 4.19790442E-002
 1.24500000E+001, 0.00000000E+000, 1.01012905E+000, 4.12820349E-002, 4.17001827E-002
 1.25100000E+001, 0.00000000E+000, 1.01004337E+000, 4.10134688E-002, 4.14253822E-002
 1.25700000E+001, 0.00000000E+000, 1.00995914E+000, 4.07492162E-002, 4.11550435E-002
 1.26300000E+001, 0.00000000E+000, 1.00987649E+000, 4.04896414E-002, 4.08895369E-002
 1.26900000E+001, 0.00000000E+000, 1.00979551E+000, 4.02350797E-002, 4.06292027E-002
 1.27500000E+001, 0.00000000E+000, 1.00971630E+000, 3.99858372E-002, 4.03743517E-002
 1.28100000E+001, 0.00000000E+000, 1.00963896E+000, 3.97421919E-002, 4.01252652E-002
 1.28700000E+001, 0.00000000E+000, 1.00956355E+000, 3.95043940E-002, 3.98821965E-002
 1.29300000E+001, 0.00000000E+000, 1.00949016E+000, 3.92726675E-002, 3.96453714E-002
 1.29900000E+001, 0.00000000E+000, 1.00941884E+000, 3.90472110E-002, 3.94149904E-002
 1.30500000E+001, 0.00000000E+000, 1.00934964E+000, 3.88282001E-002, 3.91912300E-002
 1.31100000E+001, 0.00000000E+000, 1.00928263E+000, 3.86157889E-002, 3.89742448E-002
 1.31700000E+001, 0.00000000E+000, 1.00921782E+000, 3.84101128E-002, 3.87641704E-002
 1.32300000E+001, 0.00000000E+000, 1.00915528E+000, 3.82112914E-002, 3.85611263E-002
 1.32900000E+001, 0.00000000E+000, 1.00909502E+000, 3.80194319E-002, 3.83652193E-002
 1.33500000E+001, 0.00000000E+000, 1.00903708E+000, 3.78346328E-002, 3.81765474E-002
 1.34100000E+001, 0.00000000E+000, 1.00898149E+000, 3.76569887E-002, 3.79952044E-002
 1.34700000E+001, 0.00000000E+000, 1.00892827E+000, 3.74865946E-002, 3.78212852E-002
 1.35300000E+001, 0.00000000E+000, 1.00887747E+000, 3.73235523E-002, 3.76548911E-002
 1.35900000E+001, 0.00000000E+000, 1.00882911E+000, 3.71679759E-002, 3.74961362E-002
 1.36500000E+001, 0.00000000E+000, 1.00878325E+000, 3.70199990E-002, 3.73451548E-002
 1.37100000E+001, 0.00000000E+000, 1.00873992E+000, 3.68797819E-002, 3.72021081E-002
 1.37700000E+001, 0.00000000E+000, 1.00869919E+000, 3.67475197E-002, 3.70671935E-002
 1.38300000E+001, 0.00000000E+000, 1.00866115E+000, 3.66234512E-002, 3.69406523E-002
 1.38900000E+001, 0.00000000E+000, 1.00862588E+000, 3.65078676E-002, 3.68227799E-002
 1.39500000E+001, 0.00000000E+000, 1.00859349E+000, 3.64011227E-002, 3.67139355E-002
 1.40100000E+001, 0.00000000E+000, 1.00856414E+000, 3.63036426E-002, 3.66145520E-002
 1.40700000E+001, 0.00000000E+000, 1.00853797E+000, 3.62159364E-002, 3.65251471E-002
 1.41300000E+001, 0.00000000E+000, 1.00851519E+000, 3.61386064E-002, 3.64463337E-002
 1.41900000E+001, 0.00000000E+000, 1.00849603E+000, 3.60723587E-002, 3.63788305E-002
 1.42500000E+001, 0.00000000E+000, 1.00848074E+000, 3.60180132E-002, 3.63234728E-002
 1.43100000E+001, 0.00000000E+000, 1.00846964E+000, 3.59765138E-002, 3.62812220E-002
 1.43700000E+001, 0.00000000E+000, 1.00846308E+000, 3.59489369E-002, 3.62531756E-002
 1.44300000E+001, 0.00000000E+000, 1.00846144E+000, 3.59365001E-002, 3.62405745E-002
 1.44900000E+001, 0.00000000E+000, 1.00846516E+000, 3.59405682E-002, 3.62448109E-002
 1.45500000E+001, 0.00000000E+000, 1.00847474E+000, 3.59626592E-002, 3.62674336E-002
 1.46100000E+001, 0.00000000E+000, 1.00849073E+000, 3.60044475E-002, 3.63101514E-002
 1.46700000E+001, 0.00000000E+000, 1.00851369E+000, 3.60677654E-002, 3.63748353E-002
 1.47300000E+001, 0.00000000E+000, 1.00854429E+000, 3.61546019E-002, 3.64635174E-002
 1.47900000E+001, 0.00000000E+000, 1.00858321E+000, 3.62671000E-002, 3.65783882E-002
 1.48500000E+001, 0.00000000E+000, 1.00863119E+000, 3.64075502E-002, 3.67217908E-002
 1.49100000E+001, 0.00000000E+000, 1.00868901E+000, 3.65783823E-002, 3.68962124E-002
 1.49700000E+001, 0.00000000E+000, 1.00875750E+000, 3.67821538E-002, 3.71042735E-002
 1.50300000E+001, 0.00000000E+000, 1.00883751E+000, 3.70215358E-002, 3.73487141E-002
 1.50900000E+001, 0.00000000E+000, 1.00892994E+000, 3.72992970E-002, 3.76323776E-002
 1.51500000E+001, 0.00000000E+000, 1.00903570E+000, 3.76182844E-002, 3.79581920E-002
 1.52100000E+001, 0.00000000E+000, 1.00915573E+000, 3.79814025E-002, 3.83291500E-002
 1.52700000E+001, 0.00000000E+000, 1.00929097E+000, 3.83915913E-002, 3.87482865E-002
 1.53300000E+001, 0.00000000E+000, 1.00944238E+000, 3.88518019E-002, 3.92186554E-002
 1.53900000E+001, 0.00000000E+000, 1.00961089E+000, 3.93649725E-002, 3.97433051E-002
 1.54500000E+001, 0.00000000E+000, 1.00979745E+000, 3.99340033E-002, 4.03252547E-002
 1.55100000E+001, 0.00000000E+000, 1.01000296E+000, 4.05617315E-002, 4.09674690E-002
 1.55700000E+001, 0.00000000E+000, 1.01022832E+000, 4.12509080E-002, 4.16728353E-002
 1.56300000E+001, 0.00000000E+000, 1.01047436E+000, 4.20041741E-002, 4.24441410E-002
 1.56900000E+001, 0.00000000E+000, 1.01074191E+000, 4.28240403E-002, 4.32840523E-002
 1.57500000E+001, 0.00000000E+000, 1.01103173E+000, 4.37128673E-002, 4.41950957E-002
 1.58100000E+001, 0.00000000E+000, 1.01134452E+000, 4.46728491E-002, 4.51796410E-002
 1.58700000E+001, 0.00000000E+000, 1.01168094E+000, 4.57059986E-002, 4.62398875E-002
 1.59300000E+001, 0.00000000E+000, 1.01204158E+000, 4.68141366E-002, 4.73778525E-002
 1.59900000E+001, 0.00000000E+000, 1.01242696E+000, 4.79988827E-002, 4.85953630E-002
 1.60500000E+001, 0.00000000E+000, 1.01283756E+000, 4.92616502E-002, 4.98940496E-002
 1.61100000E+001, 0.00000000E+000, 1.01327377E+000, 5.06036431E-002, 5.12753440E-002
 1.61700000E+001, 0.00000000E+000, 1.01373591E+000, 5.20258563E-002, 5.27404789E-002
 1.62300000E+001, 0.00000000E+000, 1.01422426E+000, 5.35290785E-002, 5.42904903E-002
 1.62900000E+001, 0.00000000E+000, 1.01473903E+000, 5.51138967E-002, 5.59262219E-002
 1.63500000E+001, 0.00000000E+000, 1.01528034E+000, 5.67807039E-002, 5.76483323E-002
 1.64100000E+001, 0.00000000E+000, 1.01584829E+000, 5.85297077E-002, 5.94573032E-002
 1.64700000E+001, 0.00000000E+000, 1.01644289E+000, 6.03609410E-002, 6.13534496E-002
 1.65300000E+001, 0.00000000E+000, 1.01706414E+000, 6.22742734E-002, 6.33369306E-002
 1.65900000E+001, 0.00000000E+000, 1.01771197E+000, 6.42694237E-002, 6.54077615E-002
 1.66500000E+001, 0.00000000E+000, 1.01838624E+000, 6.63459731E-002, 6.75658263E-002
 1.67100000E+001, 0.00000000E+000, 1.01908683E+000, 6.85033784E-002, 6.98108906E-002
 1.67700000E+001, 0.00000000E+000, 1.01981353E+000, 7.07409854E-002, 7.21426140E-002
 1.68300000E+001, 0.00000000E+000, 1.02056613E+000, 7.30580420E-002, 7.45605634E-002
 1.68900000E+001, 0.00000000E+000, 1.02134439E+000, 7.54537107E-002, 7.70642245E-002
 1.69500000E+001, 0.00000000E+000, 1.02214805E+000, 7.79270813E-002, 7.96530140E-002
 1.70100000E+001, 0.00000000E+000, 1.02297681E+000, 8.04771821E-002, 8.23262906E-002
 1.70700000E+001, 0.00000000E+000, 1.02383037E+000, 8.31029903E-002, 8.50833650E-002
 1.71300000E+001, 0.00000000E+000, 1.02470842E+000, 8.58034423E-002, 8.79235095E-002
 1.71900000E+001, 0.00000000E+000, 1.02561063E+000, 8.85774426E-002, 9.08459669E-002
 1.72500000E+001, 0.00000000E+000, 1.02653668E+000, 9.14238714E-002, 9.38499576E-002
 1.73100000E+001, 0.00000000E+000, 1.02748623E+000, 9.43415923E-002, 9.69346867E-002
 1.73700000E+001, 0.00000000E+000, 1.02845893E+000, 9.73294581E-002, 1.00099350E-001
 1.74300000E+001, 0.00000000E+000, 1.02945445E+000, 1.00386317E-001, 1.03343140E-001
 1.74900000E+001, 0.00000000E+000, 1.03047244E+000, 1.03511015E-001, 1.06665248E-001
 1.75500000E+001, 0.00000000E+000, 1.03151257E+000, 1.06702403E-001, 1.10064870E-001
 1.76100000E+001, 0.00000000E+000, 1.03257449E+000, 1.09959338E-001, 1.13541207E-001
 1.76700000E+001, 0.00000000E+000, 1.03365787E+000, 1.13280686E-001, 1.17093472E-001
 1.77300000E+001, 0.00000000E+000, 1.03476237E+000, 1.16665324E-001, 1.20720887E-001
 1.77900000E+001, 0.00000000E+000, 1.03588768E+000, 1.20112140E-001, 1.24422687E-001
 1.78500000E+001, 0.00000000E+000, 1.03703346E+000, 1.23620040E-001, 1.28198119E-001
 1.79100000E+001, 0.00000000E+000, 1.03819940E+000, 1.27187941E-001, 1.32046445E-001
 1.79700000E+001, 0.00000000E+000, 1.03938519E+000, 1.30814777E-001, 1.35966941E-001
 1.80300000E+001, 0.00000000E+000, 1.04059050E+000, 1.34499495E-001, 1.39958897E-001
 1.80900000E+001, 0.00000000E+000, 1.04181505E+000, 1.38241061E-001, 1.44021618E-001
 1.81500000E+001, 0.00000000E+000, 1.04305852E+000, 1.42038455E-001, 1.48154421E-001
 1.82100000E+001, 0.00000000E+000, 1.04432063E+000, 1.45890671E-001, 1.52356637E-001
 1.82700000E+001, 0.00000000E+000, 1.04560108E+000, 1.49796721E-001, 1.56627612E-001
 1.83300000E+001, 0.00000000E+000, 1.04689958E+000, 1.53755628E-001, 1.60966702E-001
 1.83900000E+001, 0.00000000E+000, 1.04821586E+000, 1.57766432E-001, 1.65373276E-001
 1.84500000E+001, 0.00000000E+000, 1.04954963E+000, 1.61828188E-001, 1.69846715E-001
 1.85100000E+001, 0.00000000E+000, 1.05090063E+000, 1.65939961E-001, 1.74386410E-001
 1.85700000E+001, 0.00000000E+000, 1.05226858E+000, 1.70100833E-001, 1.78991762E-001
 1.86300000E+001, 0.00000000E+000, 1.05365322E+000, 1.74309896E-001, 1.83662184E-001
 1.86900000E+001, 0.00000000E+000, 1.05505428E+000, 1.78566258E-001, 1.88397096E-001
 1.87500000E+001, 0.00000000E+000, 1.05647151E+000, 1.82869037E-001, 1.93195929E-001
 1.88100000E+001, 0.00000000E+000, 1.05790466E+000, 1.87217364E-001, 1.98058121E-001
 1.88700000E+001, 0.00000000E+000, 1.05935346E+000, 1.91610382E-001, 2.02983121E-001
 1.89300000E+001, 0.00000000E+000, 1.06081767E+000, 1.96047245E-001, 2.07970382E-001
 1.89900000E+001, 0.00000000E+000, 1.06229705E+000, 2.00527121E-001, 2.13019370E-001
 1.90500000E+001, 0.00000000E+000, 1.06379136E+000, 2.05049187E-001, 2.18129554E-001
 1.91100000E+001, 0.00000000E+000, 1.06530036E+000, 2.09612632E-001, 2.23300413E-001
 1.91700000E+001, 0.00000000E+000, 1.06682381E+000, 2.14216659E-001, 2.28531432E-001
 1.92300000E+001, 0.00000000E+000, 1.06836148E+000, 2.18860478E-001, 2.33822105E-001
 1.92900000E+001, 0.00000000E+000, 1.06991315E+000, 2.23543314E-001, 2.39171932E-001
 1.93500000E+001, 0.00000000E+000, 1.07147859E+000, 2.28264402E-001, 2.44580419E-001
 1.94100000E+001, 0.00000000E+000, 1.07305758E+000, 2.33022987E-001, 2.50047081E-001
 1.94700000E+001, 0.00000000E+000, 1.07464989E+000, 2.37818327E-001, 2.55571439E-001
 1.95300000E+001, 0.00000000E+000, 1.07625532E+000, 2.42649691E-001, 2.61153020E-001
 1.95900000E+001, 0.00000000E+000, 1.07787365E+000, 2.47516358E-001, 2.66791359E-001
 1.96500000E+001, 0.00000000E+000, 1.07950467E+000, 2.52417619E-001, 2.72485998E-001
 1.97100000E+001, 0.00000000E+000, 1.08114817E+000, 2.57352777E-001, 2.78236485E-001
 1.97700000E+001, 0.00000000E+000, 1.08280397E+000, 2.62321144E-001, 2.84042375E-001
 1.98300000E+001, 0.00000000E+000, 1.08447184E+000, 2.67322046E-001, 2.89903231E-001
 1.98900000E+001, 0.00000000E+000, 1.08615161E+000, 2.72354816E-001, 2.95818621E-001
 1.99500000E+001, 0.00000000E+000, 1.08784306E+000, 2.77418803E-001, 3.01788121E-001
 2.00100000E+001, 0.00000000E+000, 1.08954603E+000, 2.82513363E-001, 3.07811313E-001
 2.00700000E+001, 0.00000000E+000, 1.09126031E+000, 2.87637865E-001, 3.13887786E-001
 2.01300000E+001, 0.00000000E+000, 1.09298573E+000, 2.92791688E-001, 3.20017135E-001
 2.01900000E+001, 0.00000000E+000, 1.09472209E+000, 2.97974221E-001, 3.26198963E-001
 2.02500000E+001, 0.00000000E+000, 1.09646924E+000, 3.03184866E-001, 3.32432879E-001
 2.03100000E+001, 0.00000000E+000, 1.09822698E+000, 3.08423033E-001, 3.38718497E-001
 2.03700000E+001, 0.00000000E+000, 1.09999516E+000, 3.13688144E-001, 3.45055440E-001
 2.04300000E+001, 0.00000000E+000, 1.10177359E+000, 3.18979632E-001, 3.51443335E-001
 2.04900000E+001, 0.00000000E+000, 1.10356212E+000, 3.24296938E-001, 3.57881817E-001
 2.05500000E+001, 0.00000000E+000, 1.10536059E+000, 3.29639514E-001, 3.64370526E-001
 2.06100000E+001, 0.00000000E+000, 1.10716882E+000, 3.35006823E-001, 3.70909109E-001
 2.06700000E+001, 0.00000000E+000, 1.10898667E+000, 3.40398338E-001, 3.77497217E-001
 2.07300000E+001, 0.00000000E+000, 1.11081397E+000, 3.45813539E-001, 3.84134511E-001
 2.07900000E+001, 0.00000000E+000, 1.11265059E+000, 3.51251918E-001, 3.90820653E-001
 2.08500000E+001, 0.00000000E+000, 1.11449636E+000, 3.56712975E-001, 3.97555313E-001
 2.09100000E+001, 0.00000000E+000, 1.11635115E+000, 3.62196221E-001, 4.04338168E-001
 2.09700000E+001, 0.00000000E+000, 1.11821480E+000, 3.67701174E-001, 4.11168897E-001
 2.10300000E+001, 0.00000000E+000, 1.12008719E+000, 3.73227363E-001, 4.18047186E-001
 2.10900000E+001, 0.00000000E+000, 1.12196816E+000, 3.78774322E-001, 4.24972728E-001
 2.11500000E+001, 0.00000000E+000, 1.12385758E+000, 3.84341599E-001, 4.31945218E-001
 2.12100000E+001, 0.00000000E+000, 1.12575532E+000, 3.89928744E-001, 4.38964357E-001
 2.12700000E+001, 0.00000000E+000, 1.12766124E+000, 3.95535321E-001, 4.46029851E-001
 2.13300000E+001, 0.00000000E+000, 1.12957522E+000, 4.01160898E-001, 4.53141410E-001
 2.13900000E+001, 0.00000000E+000, 1.13149713E+000, 4.06805052E-001, 4.60298750E-001
 2.14500000E+001, 0.00000000E+000, 1.13342685E+000, 4.12467369E-001, 4.67501589E-001
 2.15100000E+001, 0.00000000E+000, 1.13536424E+000, 4.18147440E-001, 4.74749650E-001
 2.15700000E+001, 0.00000000E+000, 1.13730919E+000, 4.23844865E-001, 4.82042661E-001
 2.16300000E+001, 0.00000000E+000, 1.13926159E+000, 4.29559251E-001, 4.89380353E-001
 2.16900000E+001, 0.00000000E+000, 1.14122130E+000, 4.35290210E-001, 4.96762460E-001
 2.17500000E+001, 0.00000000E+000, 1.14318823E+000, 4.41037363E-001, 5.04188720E-001
 2.18100000E+001, 0.00000000E+000, 1.14516224E+000, 4.46800336E-001, 5.11658876E-001
 2.18700000E+001, 0.00000000E+000, 1.14714324E+000, 4.52578763E-001, 5.19172671E-001
 2.19300000E+001, 0.00000000E+000, 1.14913112E+000, 4.58372282E-001, 5.26729853E-001
 2.19900000E+001, 0.00000000E+000, 1.15112576E+000, 4.64180538E-001, 5.34330172E-001
 2.20500000E+001, 0.00000000E+000, 1.15312705E+000, 4.70003182E-001, 5.41973383E-001
 2.21100000E+001, 0.00000000E+000, 1.15513490E+000, 4.75839870E-001, 5.49659239E-001
 2.21700000E+001, 0.00000000E+000, 1.15714919E+000, 4.81690264E-001, 5.57387500E-001
 2.22300000E+001, 0.00000000E+000, 1.15916983E+000, 4.87554032E-001, 5.65157925E-001
 2.22900000E+001, 0.00000000E+000, 1.16119672E+000, 4.93430844E-001, 5.72970276E-001
 2.23500000E+001, 0.00000000E+000, 1.16322975E+000, 4.99320377E-001, 5.80824317E-001
 2.24100000E+001, 0.00000000E+000, 1.16526883E+000, 5.05222315E-001, 5.88719814E-001
 2.24700000E+001, 0.00000000E+000, 1.16731385E+000, 5.11136342E-001, 5.96656533E-001
 2.25300000E+001, 0.00000000E+000, 1.16936473E+000, 5.17062149E-001, 6.04634242E-001
 2.25900000E+001, 0.00000000E+000, 1.17142137E+000, 5.22999430E-001, 6.12652711E-001
 2.26500000E+001, 0.00000000E+000, 1.17348368E+000, 5.28947885E-001, 6.20711709E-001
 2.27100000E+001, 0.00000000E+000, 1.17555155E+000, 5.34907216E-001, 6.28811008E-001
 2.27700000E+001, 0.00000000E+000, 1.17762491E+000, 5.40877128E-001, 6.36950377E-001
 2.28300000E+001, 0.00000000E+000, 1.17970365E+000, 5.46857333E-001, 6.45129590E-001
 2.28900000E+001, 0.00000000E+000, 1.18178769E+000, 5.52847541E-001, 6.53348417E-001
 2.29500000E+001, 0.00000000E+000, 1.18387694E+000, 5.58847470E-001, 6.61606630E-001
 2.30100000E+001, 0.00000000E+000, 1.18597130E+000, 5.64856838E-001, 6.69904000E-001
 2.30700000E+001, 0.00000000E+000, 1.18807070E+000, 5.70875368E-001, 6.78240297E-001
 2.31300000E+001, 0.00000000E+000, 1.19017504E+000, 5.76902782E-001, 6.86615292E-001
 2.31900000E+001, 0.00000000E+000, 1.19228423E+000, 5.82938809E-001, 6.95028752E-001
 2.32500000E+001, 0.00000000E+000, 1.19439820E+000, 5.88983178E-001, 7.03480446E-001
 2.33100000E+001, 0.00000000E+000, 1.19651684E+000, 5.95035618E-001, 7.11970139E-001
 2.33700000E+001, 0.00000000E+000, 1.19864009E+000, 6.01095863E-001, 7.20497596E-001
 2.34300000E+001, 0.00000000E+000, 1.20076784E+000, 6.07163647E-001, 7.29062580E-001
 2.34900000E+001, 0.00000000E+000, 1.20290001E+000, 6.13238707E-001, 7.37664849E-001
 2.35500000E+001, 0.00000000E+000, 1.20503653E+000, 6.19320780E-001, 7.46304162E-001
 2.36100000E+001, 0.00000000E+000, 1.20717729E+000, 6.25409604E-001, 7.54980274E-001
 2.36700000E+001, 0.00000000E+000, 1.20932223E+000, 6.31504919E-001, 7.63692936E-001
 2.37300000E+001, 0.00000000E+000, 1.21147124E+000, 6.37606463E-001, 7.72441896E-001
 2.37900000E+001, 0.00000000E+000, 1.21362426E+000, 6.43713978E-001, 7.81226899E-001
 2.38500000E+001, 0.00000000E+000, 1.21578118E+000, 6.49827204E-001, 7.90047685E-001
 2.39100000E+001, 0.00000000E+000, 1.21794192E+000, 6.55945882E-001, 7.98903990E-001
 2.39700000E+001, 0.00000000E+000, 1.22010641E+000, 6.62069752E-001, 8.07795545E-001
 2.40300000E+001, 0.00000000E+000, 1.22227454E+000, 6.68198553E-001, 8.16722076E-001
 2.40900000E+001, 0.00000000E+000, 1.22444623E+000, 6.74332025E-001, 8.25683304E-001
 2.41500000E+001, 0.00000000E+000, 1.22662139E+000, 6.80469905E-001, 8.34678942E-001
 2.42100000E+001, 0.00000000E+000, 1.22879994E+000, 6.86611930E-001, 8.43708697E-001
 2.42700000E+001, 0.00000000E+000, 1.23098178E+000, 6.92757836E-001, 8.52772271E-001
 2.43300000E+001, 0.00000000E+000, 1.23316682E+000, 6.98907354E-001, 8.61869356E-001
 2.43900000E+001, 0.00000000E+000, 1.23535496E+000, 7.05060216E-001, 8.70999636E-001
 2.44500000E+001, 0.00000000E+000, 1.23754612E+000, 7.11216149E-001, 8.80162787E-001
 2.45100000E+001, 0.00000000E+000, 1.23974020E+000, 7.17374878E-001, 8.89358475E-001
 2.45700000E+001, 0.00000000E+000, 1.24193710E+000, 7.23536125E-001, 8.98586356E-001
 2.46300000E+001, 0.00000000E+000, 1.24413672E+000, 7.29699605E-001, 9.07846073E-001
 2.46900000E+001, 0.00000000E+000, 1.24633896E+000, 7.35865032E-001, 9.17137260E-001
 2.47500000E+001, 0.00000000E+000, 1.24854372E+000, 7.42032112E-001, 9.26459533E-001
 2.48100000E+001, 0.00000000E+000, 1.25075089E+000, 7.48200546E-001, 9.35812498E-001
 2.48700000E+001, 0.00000000E+000, 1.25296036E+000, 7.54370028E-001, 9.45195742E-001
 2.49300000E+001, 0.00000000E+000, 1.25517202E+000, 7.60540243E-001, 9.54608834E-001
 2.49900000E+001, 0.00000000E+000, 1.25738575E+000, 7.66710868E-001, 9.64051323E-001
 2.50500000E+001, 0.00000000E+000, 1.25960144E+000, 7.72881568E-001, 9.73522735E-001
 2.51100000E+001, 0.00000000E+000, 1.26181895E+000, 7.79051992E-001, 9.83022568E-001
 2.51700000E+001, 0.00000000E+000, 1.26403816E+000, 7.85221777E-001, 9.92550287E-001
 2.52300000E+001, 0.00000000E+000, 1.26625891E+000, 7.91390534E-001, 1.00210532E+000
 2.52900000E+001, 0.00000000E+000, 1.26848107E+000, 7.97557851E-001, 1.01168703E+000
 2.53500000E+001, 0.00000000E+000, 1.27070446E+000, 8.03723277E-001, 1.02129475E+000
 2.54100000E+001, 0.00000000E+000, 1.27292890E+000, 8.09886312E-001, 1.03092769E+000
 2.54700000E+001, 0.00000000E+000, 1.27515418E+000, 8.16046390E-001, 1.04058497E+000
 2.55300000E+001, 0.00000000E+000, 1.27738005E+000, 8.22202847E-001, 1.05026551E+000
 2.55900000E+001, 0.00000000E+000, 1.27960621E+000, 8.28354875E-001, 1.05996805E+000
 2.56500000E+001, 0.00000000E+000, 1.28183229E+000, 8.34501460E-001, 1.06969092E+000
 2.57100000E+001, 0.00000000E+000, 1.28405777E+000, 8.40641273E-001, 1.07943196E+000
 2.57700000E+001, 0.00000000E+000, 1.28628199E+000, 8.46772501E-001, 1.08918822E+000
 2.58300000E+001, 0.00000000E+000, 1.28850397E+000, 8.52892595E-001, 1.09895549E+000
 2.58900000E+001, 0.00000000E+000, 1.29072231E+000, 8.58997850E-001, 1.10872769E+000
 2.59500000E+001, 0.00000000E+000, 1.29293494E+000, 8.65082746E-001, 1.11849570E+000
 2.60100000E+001, 0.00000000E+000, 1.29513865E+000, 8.71138892E-001, 1.12824565E+000
 2.60700000E+001, 0.00000000E+000, 1.29732853E+000, 8.77153313E-001, 1.13795602E+000
 2.61300000E+001, 0.00000000E+000, 1.29949684E+000, 8.83105682E-001, 1.14759305E+000
 2.61900000E+001, 0.00000000E+000, 1.30163134E+000, 8.88963804E-001, 1.15710315E+000
 2.62500000E+001, 0.00000000E+000, 1.30371241E+000, 8.94676250E-001, 1.16640053E+000
 2.63100000E+001, 0.00000000E+000, 1.30570851E+000, 9.00160274E-001, 1.17534693E+000
 2.63700000E+001, 0.00000000E+000, 1.30756851E+000, 9.05282011E-001, 1.18371825E+000
 2.64300000E+001, 0.00000000E+000, 1.30920940E+000, 9.09824028E-001, 1.19115017E+000
 2.64900000E+001, 0.00000000E+000, 1.31049602E+000, 9.13432424E-001, 1.19704956E+000
 2.65500000E+001, 0.00000000E+000, 1.31120873E+000, 9.15531553E-001, 1.20045297E+000
 2.66100000E+001, 0.00000000E+000, 1.31099273E+000, 9.15189518E-001, 1.19980681E+000
 2.66700000E+001, 0.00000000E+000, 1.30928259E+000, 9.10914760E-001, 1.19264484E+000
 2.67300000E+001, 0.00000000E+000, 1.30520039E+000, 9.00372674E-001, 1.17516676E+000
 2.67900000E+001, 0.00000000E+000, 1.29744641E+000, 8.80056321E-001, 1.14182591E+000
 2.68500000E+001, 0.00000000E+000, 1.28425676E+000, 8.45077525E-001, 1.08529652E+000
 2.69100000E+001, 0.00000000E+000, 1.26360778E+000, 7.89522773E-001, 9.97647120E-001
 2.69700000E+001, 0.00000000E+000, 1.23394504E+000, 7.08161429E-001, 8.73832281E-001
 2.70300000E+001, 0.00000000E+000, 1.19553939E+000, 6.00100128E-001, 7.17443340E-001
 2.70900000E+001, 0.00000000E+000, 1.15176051E+000, 4.73061965E-001, 5.44854089E-001
 2.71500000E+001, 0.00000000E+000, 1.10864473E+000, 3.43788840E-001, 3.81139685E-001
 2.72100000E+001, 0.00000000E+000, 1.07212650E+000, 2.31013081E-001, 2.47675246E-001
 2.72700000E+001, 0.00000000E+000, 1.04515933E+000, 1.45825010E-001, 1.52410370E-001
 2.73300000E+001, 0.00000000E+000, 1.02730966E+000, 8.85845613E-002, 9.10037759E-002
 2.73900000E+001, 0.00000000E+000, 1.01637255E+000, 5.31964151E-002, 5.40673762E-002
 2.74500000E+001, 0.00000000E+000, 1.00998665E+000, 3.24341495E-002, 3.27580580E-002
 2.75100000E+001, 0.00000000E+000, 1.00635208E+000, 2.05914579E-002, 2.07222564E-002
 2.75700000E+001, 0.00000000E+000, 1.00429962E+000, 1.39020201E-002, 1.39617934E-002
 2.76300000E+001, 0.00000000E+000, 1.00313165E+000, 1.01008228E-002, 1.01324550E-002
 2.76900000E+001, 0.00000000E+000, 1.00245095E+000, 7.89289478E-003, 7.91223983E-003
 2.77500000E+001, 0.00000000E+000, 1.00203720E+000, 6.55838494E-003, 6.57174567E-003
 2.78100000E+001, 0.00000000E+000, 1.00177000E+000, 5.70343014E-003, 5.71352524E-003
 2.78700000E+001, 0.00000000E+000, 1.00158411E+000, 5.11442351E-003, 5.12252530E-003
 2.79300000E+001, 0.00000000E+000, 1.00144427E+000, 4.67601819E-003, 4.68277163E-003
 2.79900000E+001, 0.00000000E+000, 1.00133148E+000, 4.32596926E-003, 4.33172922E-003
 2.80500000E+001, 0.00000000E+000, 1.00123544E+000, 4.03057426E-003, 4.03555378E-003
 2.81100000E+001, 0.00000000E+000, 1.00115049E+000, 3.77142183E-003, 3.77576082E-003
 2.81700000E+001, 0.00000000E+000, 1.00107350E+000, 3.53828019E-003, 3.54207853E-003
 2.82300000E+001, 0.00000000E+000, 1.00100266E+000, 3.32529555E-003, 3.32862968E-003
 2.82900000E+001, 0.00000000E+000, 1.00093687E+000, 3.12896580E-003, 3.13189723E-003
 2.83500000E+001, 0.00000000E+000, 1.00087543E+000, 2.94706256E-003, 2.94964251E-003
 2.84100000E+001, 0.00000000E+000, 1.00081785E+000, 2.77805820E-003, 2.78033024E-003
 2.84700000E+001, 0.00000000E+000, 1.00076377E+000, 2.62082110E-003, 2.62282280E-003
 2.85300000E+001, 0.00000000E+000, 1.00071287E+000, 2.47445304E-003, 2.47621701E-003
 2.85900000E+001, 0.00000000E+000, 1.00066492E+000, 2.33820169E-003, 2.33975640E-003
 2.86500000E+001, 0.00000000E+000, 1.00061968E+000, 2.21141301E-003, 2.21278338E-003
 2.87100000E+001, 0.00000000E+000, 1.00057695E+000, 2.09350465E-003, 2.09471249E-003
 2.87700000E+001, 0.00000000E+000, 1.00053654E+000, 1.98395052E-003, 1.98501499E-003
 2.88300000E+001, 0.00000000E+000, 1.00049828E+000, 1.88227142E-003, 1.88320933E-003
 2.88900000E+001, 0.00000000E+000, 1.00046202E+000, 1.78802896E-003, 1.78885505E-003
 2.89500000E+001, 0.00000000E+000, 1.00042758E+000, 1.70082120E-003, 1.70154844E-003
 2.90100000E+001, 0.00000000E+000, 1.00039485E+000, 1.62027949E-003, 1.62091926E-003
 2.90700000E+001, 0.00000000E+000, 1.00036367E+000, 1.54606586E-003, 1.54662812E-003
 2.91300000E+001, 0.00000000E+000, 1.00033392E+000, 1.47787086E-003, 1.47836436E-003
 2.91900000E+001, 0.00000000E+000, 1.00030549E+000, 1.41541174E-003, 1.41584414E-003
 2.92500000E+001, 0.00000000E+000, 1.00027826E+000, 1.35843083E-003, 1.35880882E-003
 2.93100000E+001, 0.00000000E+000, 1.00025211E+000, 1.30669413E-003, 1.30702356E-003
 2.93700000E+001, 0.00000000E+000, 1.00022695E+000, 1.25999005E-003, 1.26027600E-003
 2.94300000E+001, 0.00000000E+000, 1.00020267E+000, 1.21812828E-003, 1.21837516E-003
 2.94900000E+001, 0.00000000E+000, 1.00017918E+000, 1.18093884E-003, 1.18115045E-003
 2.95500000E+001, 0.00000000E+000, 1.00015639E+000, 1.14827117E-003, 1.14845075E-003
 2.96100000E+001, 0.00000000E+000, 1.00013421E+000, 1.11999342E-003, 1.12014373E-003
 2.96700000E+001, 0.00000000E+000, 1.00011254E+000, 1.09599174E-003, 1.09611509E-003
 2.97300000E+001, 0.00000000E+000, 1.00009132E+000, 1.07616976E-003, 1.07626803E-003
 2.97900000E+001, 0.00000000E+000, 1.00007044E+000, 1.06044812E-003, 1.06052282E-003
 2.98500000E+001, 0.00000000E+000, 1.00004984E+000, 1.04876465E-003, 1.04881692E-003
 2.99100000E+001, 0.00000000E+000, 1.00002944E+000, 1.04109407E-003, 1.04112472E-003
 2.99700000E+001, 0.00000000E+000, 1.00000944E+000, 1.03817245E-003, 1.03818225E-003
