   5.0020023065182135      ,         500
X,ZB,H,U,Q
 3.00000000E-002, 0.00000000E+000, 1.00906013E+000, 3.04591345E-002, 3.07350983E-002
 9.00000000E-002, 0.00000000E+000, 1.00904462E+000, 3.05012107E-002, 3.07770825E-002
 1.50000000E-001, 0.00000000E+000, 1.00903370E+000, 3.05309939E-002, 3.08068016E-002
 2.10000000E-001, 0.00000000E+000, 1.00902290E+000, 3.05607628E-002, 3.08365096E-002
 2.70000000E-001, 0.00000000E+000, 1.00901173E+000, 3.05916785E-002, 3.08673623E-002
 3.30000000E-001, 0.00000000E+000, 1.00900055E+000, 3.06227362E-002, 3.08983576E-002
 3.90000000E-001, 0.00000000E+000, 1.00898905E+000, 3.06547931E-002, 3.09303507E-002
 4.50000000E-001, 0.00000000E+000, 1.00897753E+000, 3.06870830E-002, 3.09625774E-002
 5.10000000E-001, 0.00000000E+000, 1.00896575E+000, 3.07202609E-002, 3.09956909E-002
 5.70000000E-001, 0.00000000E+000, 1.00895391E+000, 3.07537299E-002, 3.10290959E-002
 6.30000000E-001, 0.00000000E+000, 1.00894183E+000, 3.07880150E-002, 3.10633161E-002
 6.90000000E-001, 0.00000000E+000, 1.00892966E+000, 3.08226986E-002, 3.10979348E-002
 7.50000000E-001, 0.00000000E+000, 1.00891723E+000, 3.08582534E-002, 3.11334237E-002
 8.10000000E-001, 0.00000000E+000, 1.00890467E+000, 3.08943696E-002, 3.11694737E-002
 8.70000000E-001, 0.00000000E+000, 1.00889181E+000, 3.09314840E-002, 3.12065207E-002
 9.30000000E-001, 0.00000000E+000, 1.00887870E+000, 3.09694838E-002, 3.12444525E-002
 9.90000000E-001, 0.00000000E+000, 1.00886521E+000, 3.10087281E-002, 3.12836270E-002
 1.05000000E+000, 0.00000000E+000, 1.00885135E+000, 3.10492581E-002, 3.13240860E-002
 1.11000000E+000, 0.00000000E+000, 1.00883699E+000, 3.10914555E-002, 3.13662103E-002
 1.17000000E+000, 0.00000000E+000, 1.00882240E+000, 3.11343885E-002, 3.14090686E-002
 1.23000000E+000, 0.00000000E+000, 1.00880812E+000, 3.11765180E-002, 3.14511245E-002
 1.29000000E+000, 0.00000000E+000, 1.00879421E+000, 3.12175844E-002, 3.14921184E-002
 1.35000000E+000, 0.00000000E+000, 1.00878066E+000, 3.12576139E-002, 3.15320764E-002
 1.41000000E+000, 0.00000000E+000, 1.00876743E+000, 3.12967434E-002, 3.15711353E-002
 1.47000000E+000, 0.00000000E+000, 1.00875445E+000, 3.13351903E-002, 3.16095125E-002
 1.53000000E+000, 0.00000000E+000, 1.00874163E+000, 3.13732002E-002, 3.16474532E-002
 1.59000000E+000, 0.00000000E+000, 1.00872892E+000, 3.14109974E-002, 3.16851815E-002
 1.65000000E+000, 0.00000000E+000, 1.00871626E+000, 3.14487520E-002, 3.17228675E-002
 1.71000000E+000, 0.00000000E+000, 1.00870361E+000, 3.14865954E-002, 3.17606423E-002
 1.77000000E+000, 0.00000000E+000, 1.00869090E+000, 3.15247224E-002, 3.17987005E-002
 1.83000000E+000, 0.00000000E+000, 1.00867800E+000, 3.15635433E-002, 3.18374517E-002
 1.89000000E+000, 0.00000000E+000, 1.00866472E+000, 3.16036645E-002, 3.18775014E-002
 1.95000000E+000, 0.00000000E+000, 1.00865081E+000, 3.16458246E-002, 3.19195868E-002
 2.01000000E+000, 0.00000000E+000, 1.00863603E+000, 3.16908160E-002, 3.19644989E-002
 2.07000000E+000, 0.00000000E+000, 1.00862015E+000, 3.17393248E-002, 3.20129224E-002
 2.13000000E+000, 0.00000000E+000, 1.00860393E+000, 3.17888442E-002, 3.20623532E-002
 2.19000000E+000, 0.00000000E+000, 1.00858839E+000, 3.18364347E-002, 3.21098585E-002
 2.25000000E+000, 0.00000000E+000, 1.00857358E+000, 3.18818431E-002, 3.21551846E-002
 2.31000000E+000, 0.00000000E+000, 1.00855944E+000, 3.19252251E-002, 3.21984872E-002
 2.37000000E+000, 0.00000000E+000, 1.00854589E+000, 3.19669046E-002, 3.22400902E-002
 2.43000000E+000, 0.00000000E+000, 1.00853278E+000, 3.20073078E-002, 3.22804192E-002
 2.49000000E+000, 0.00000000E+000, 1.00851998E+000, 3.20468959E-002, 3.23199348E-002
 2.55000000E+000, 0.00000000E+000, 1.00850735E+000, 3.20860866E-002, 3.23590542E-002
 2.61000000E+000, 0.00000000E+000, 1.00849480E+000, 3.21251801E-002, 3.23980773E-002
 2.67000000E+000, 0.00000000E+000, 1.00848227E+000, 3.21643931E-002, 3.24372202E-002
 2.73000000E+000, 0.00000000E+000, 1.00846964E+000, 3.22040591E-002, 3.24768158E-002
 2.79000000E+000, 0.00000000E+000, 1.00845668E+000, 3.22448783E-002, 3.25175628E-002
 2.85000000E+000, 0.00000000E+000, 1.00844307E+000, 3.22878542E-002, 3.25604629E-002
 2.91000000E+000, 0.00000000E+000, 1.00842844E+000, 3.23341679E-002, 3.26066946E-002
 2.97000000E+000, 0.00000000E+000, 1.00841317E+000, 3.23824891E-002, 3.26549286E-002
 3.03000000E+000, 0.00000000E+000, 1.00839858E+000, 3.24289269E-002, 3.27012839E-002
 3.09000000E+000, 0.00000000E+000, 1.00838484E+000, 3.24728682E-002, 3.27451481E-002
 3.15000000E+000, 0.00000000E+000, 1.00837190E+000, 3.25144836E-002, 3.27866916E-002
 3.21000000E+000, 0.00000000E+000, 1.00835961E+000, 3.25542245E-002, 3.28263651E-002
 3.27000000E+000, 0.00000000E+000, 1.00834778E+000, 3.25926915E-002, 3.28647682E-002
 3.33000000E+000, 0.00000000E+000, 1.00833623E+000, 3.26304819E-002, 3.29024970E-002
 3.39000000E+000, 0.00000000E+000, 1.00832479E+000, 3.26680573E-002, 3.29400122E-002
 3.45000000E+000, 0.00000000E+000, 1.00831340E+000, 3.27057582E-002, 3.29776542E-002
 3.51000000E+000, 0.00000000E+000, 1.00830187E+000, 3.27440271E-002, 3.30158638E-002
 3.57000000E+000, 0.00000000E+000, 1.00828993E+000, 3.27838159E-002, 3.30555914E-002
 3.63000000E+000, 0.00000000E+000, 1.00827715E+000, 3.28264466E-002, 3.30981560E-002
 3.69000000E+000, 0.00000000E+000, 1.00826352E+000, 3.28718362E-002, 3.31434734E-002
 3.75000000E+000, 0.00000000E+000, 1.00825042E+000, 3.29158760E-002, 3.31874458E-002
 3.81000000E+000, 0.00000000E+000, 1.00823818E+000, 3.29574824E-002, 3.32289922E-002
 3.87000000E+000, 0.00000000E+000, 1.00822678E+000, 3.29967822E-002, 3.32682395E-002
 3.93000000E+000, 0.00000000E+000, 1.00821606E+000, 3.30342549E-002, 3.33056664E-002
 3.99000000E+000, 0.00000000E+000, 1.00820582E+000, 3.30705492E-002, 3.33419202E-002
 4.05000000E+000, 0.00000000E+000, 1.00819586E+000, 3.31062991E-002, 3.33776338E-002
 4.11000000E+000, 0.00000000E+000, 1.00818606E+000, 3.31420410E-002, 3.34133435E-002
 4.17000000E+000, 0.00000000E+000, 1.00817624E+000, 3.31781533E-002, 3.34494260E-002
 4.23000000E+000, 0.00000000E+000, 1.00816621E+000, 3.32153609E-002, 3.34866046E-002
 4.29000000E+000, 0.00000000E+000, 1.00815558E+000, 3.32548311E-002, 3.35260437E-002
 4.35000000E+000, 0.00000000E+000, 1.00814411E+000, 3.32972936E-002, 3.35684704E-002
 4.41000000E+000, 0.00000000E+000, 1.00813295E+000, 3.33391745E-002, 3.36103203E-002
 4.47000000E+000, 0.00000000E+000, 1.00812264E+000, 3.33789857E-002, 3.36501112E-002
 4.53000000E+000, 0.00000000E+000, 1.00811317E+000, 3.34166556E-002, 3.36877705E-002
 4.59000000E+000, 0.00000000E+000, 1.00810442E+000, 3.34526507E-002, 3.37237649E-002
 4.65000000E+000, 0.00000000E+000, 1.00809618E+000, 3.34875932E-002, 3.37587149E-002
 4.71000000E+000, 0.00000000E+000, 1.00808829E+000, 3.35221468E-002, 3.37932836E-002
 4.77000000E+000, 0.00000000E+000, 1.00808058E+000, 3.35569589E-002, 3.38281185E-002
 4.83000000E+000, 0.00000000E+000, 1.00807282E+000, 3.35925122E-002, 3.38636985E-002
 4.89000000E+000, 0.00000000E+000, 1.00806478E+000, 3.36297387E-002, 3.39009551E-002
 4.95000000E+000, 0.00000000E+000, 1.00805611E+000, 3.36697508E-002, 3.39409978E-002
 5.01000000E+000, 0.00000000E+000, 1.00804737E+000, 3.37105321E-002, 3.39818132E-002
 5.07000000E+000, 0.00000000E+000, 1.00803943E+000, 3.37499895E-002, 3.40213202E-002
 5.13000000E+000, 0.00000000E+000, 1.00803233E+000, 3.37877710E-002, 3.40591654E-002
 5.19000000E+000, 0.00000000E+000, 1.00802603E+000, 3.38242520E-002, 3.40957264E-002
 5.25000000E+000, 0.00000000E+000, 1.00802032E+000, 3.38597719E-002, 3.41313381E-002
 5.31000000E+000, 0.00000000E+000, 1.00801512E+000, 3.38952012E-002, 3.41668752E-002
 5.37000000E+000, 0.00000000E+000, 1.00801015E+000, 3.39313575E-002, 3.42031527E-002
 5.43000000E+000, 0.00000000E+000, 1.00800515E+000, 3.39688453E-002, 3.42407709E-002
 5.49000000E+000, 0.00000000E+000, 1.00799987E+000, 3.40086304E-002, 3.42806952E-002
 5.55000000E+000, 0.00000000E+000, 1.00799423E+000, 3.40510298E-002, 3.43232417E-002
 5.61000000E+000, 0.00000000E+000, 1.00798901E+000, 3.40936464E-002, 3.43660208E-002
 5.67000000E+000, 0.00000000E+000, 1.00798473E+000, 3.41356231E-002, 3.44081868E-002
 5.73000000E+000, 0.00000000E+000, 1.00798134E+000, 3.41765390E-002, 3.44493135E-002
 5.79000000E+000, 0.00000000E+000, 1.00797891E+000, 3.42170156E-002, 3.44900302E-002
 5.85000000E+000, 0.00000000E+000, 1.00797725E+000, 3.42572631E-002, 3.45305418E-002
 5.91000000E+000, 0.00000000E+000, 1.00797614E+000, 3.42984820E-002, 3.45720513E-002
 5.97000000E+000, 0.00000000E+000, 1.00797524E+000, 3.43420014E-002, 3.46158870E-002
 6.03000000E+000, 0.00000000E+000, 1.00797432E+000, 3.43888121E-002, 3.46630393E-002
 6.09000000E+000, 0.00000000E+000, 1.00797322E+000, 3.44390859E-002, 3.47136762E-002
 6.15000000E+000, 0.00000000E+000, 1.00797260E+000, 3.44913429E-002, 3.47663287E-002
 6.21000000E+000, 0.00000000E+000, 1.00797323E+000, 3.45441098E-002, 3.48195378E-002
 6.27000000E+000, 0.00000000E+000, 1.00797526E+000, 3.45952574E-002, 3.48711636E-002
 6.33000000E+000, 0.00000000E+000, 1.00797872E+000, 3.46461158E-002, 3.49225474E-002
 6.39000000E+000, 0.00000000E+000, 1.00798348E+000, 3.46974530E-002, 3.49744594E-002
 6.45000000E+000, 0.00000000E+000, 1.00798902E+000, 3.47510383E-002, 3.50286652E-002
 6.51000000E+000, 0.00000000E+000, 1.00799487E+000, 3.48086708E-002, 3.50869616E-002
 6.57000000E+000, 0.00000000E+000, 1.00800097E+000, 3.48708343E-002, 3.51498348E-002
 6.63000000E+000, 0.00000000E+000, 1.00800765E+000, 3.49369223E-002, 3.52166849E-002
 6.69000000E+000, 0.00000000E+000, 1.00801543E+000, 3.50057782E-002, 3.52863644E-002
 6.75000000E+000, 0.00000000E+000, 1.00802477E+000, 3.50765467E-002, 3.53580280E-002
 6.81000000E+000, 0.00000000E+000, 1.00803588E+000, 3.51492900E-002, 3.54317456E-002
 6.87000000E+000, 0.00000000E+000, 1.00804867E+000, 3.52250515E-002, 3.55085664E-002
 6.93000000E+000, 0.00000000E+000, 1.00806291E+000, 3.53053553E-002, 3.55900193E-002
 6.99000000E+000, 0.00000000E+000, 1.00807846E+000, 3.53915069E-002, 3.56774159E-002
 7.05000000E+000, 0.00000000E+000, 1.00809545E+000, 3.54840568E-002, 3.57713163E-002
 7.11000000E+000, 0.00000000E+000, 1.00811429E+000, 3.55827182E-002, 3.58714468E-002
 7.17000000E+000, 0.00000000E+000, 1.00813554E+000, 3.56867983E-002, 3.59771297E-002
 7.23000000E+000, 0.00000000E+000, 1.00815967E+000, 3.57959357E-002, 3.60880186E-002
 7.29000000E+000, 0.00000000E+000, 1.00818685E+000, 3.59106945E-002, 3.62046901E-002
 7.35000000E+000, 0.00000000E+000, 1.00821700E+000, 3.60325964E-002, 3.63286763E-002
 7.41000000E+000, 0.00000000E+000, 1.00824990E+000, 3.61635689E-002, 3.64619149E-002
 7.47000000E+000, 0.00000000E+000, 1.00828550E+000, 3.63051993E-002, 3.66060062E-002
 7.53000000E+000, 0.00000000E+000, 1.00832406E+000, 3.64582641E-002, 3.67617450E-002
 7.59000000E+000, 0.00000000E+000, 1.00836613E+000, 3.66228007E-002, 3.69291919E-002
 7.65000000E+000, 0.00000000E+000, 1.00841237E+000, 3.67986788E-002, 3.71082428E-002
 7.71000000E+000, 0.00000000E+000, 1.00846330E+000, 3.69862933E-002, 3.72993194E-002
 7.77000000E+000, 0.00000000E+000, 1.00851922E+000, 3.71869147E-002, 3.75037184E-002
 7.83000000E+000, 0.00000000E+000, 1.00858023E+000, 3.74024891E-002, 3.77234109E-002
 7.89000000E+000, 0.00000000E+000, 1.00864640E+000, 3.76350327E-002, 3.79604404E-002
 7.95000000E+000, 0.00000000E+000, 1.00871804E+000, 3.78860522E-002, 3.82163443E-002
 8.01000000E+000, 0.00000000E+000, 1.00879564E+000, 3.81563909E-002, 3.84920010E-002
 8.07000000E+000, 0.00000000E+000, 1.00887987E+000, 3.84465150E-002, 3.87879150E-002
 8.13000000E+000, 0.00000000E+000, 1.00897131E+000, 3.87570158E-002, 3.91047171E-002
 8.19000000E+000, 0.00000000E+000, 1.00907039E+000, 3.90890583E-002, 3.94436114E-002
 8.25000000E+000, 0.00000000E+000, 1.00917728E+000, 3.94444160E-002, 3.98064085E-002
 8.31000000E+000, 0.00000000E+000, 1.00929208E+000, 3.98249909E-002, 4.01950477E-002
 8.37000000E+000, 0.00000000E+000, 1.00941498E+000, 4.02321455E-002, 4.06109302E-002
 8.43000000E+000, 0.00000000E+000, 1.00954640E+000, 4.06663689E-002, 4.10545863E-002
 8.49000000E+000, 0.00000000E+000, 1.00968684E+000, 4.11275520E-002, 4.15259481E-002
 8.55000000E+000, 0.00000000E+000, 1.00983674E+000, 4.16154986E-002, 4.20248593E-002
 8.61000000E+000, 0.00000000E+000, 1.00999626E+000, 4.21303906E-002, 4.25515370E-002
 8.67000000E+000, 0.00000000E+000, 1.01016526E+000, 4.26730046E-002, 4.31067867E-002
 8.73000000E+000, 0.00000000E+000, 1.01034341E+000, 4.32441962E-002, 4.36914886E-002
 8.79000000E+000, 0.00000000E+000, 1.01053044E+000, 4.38442229E-002, 4.43059220E-002
 8.85000000E+000, 0.00000000E+000, 1.01072622E+000, 4.44725149E-002, 4.49495371E-002
 8.91000000E+000, 0.00000000E+000, 1.01093076E+000, 4.51277133E-002, 4.56209934E-002
 8.97000000E+000, 0.00000000E+000, 1.01114401E+000, 4.58083052E-002, 4.63187936E-002
 9.03000000E+000, 0.00000000E+000, 1.01136586E+000, 4.65125368E-002, 4.70411917E-002
 9.09000000E+000, 0.00000000E+000, 1.01159025E+000, 4.72237459E-002, 4.77710809E-002
 9.15000000E+000, 0.00000000E+000, 1.01180057E+000, 4.78910734E-002, 4.84562151E-002
 9.21000000E+000, 0.00000000E+000, 1.01199467E+000, 4.85080147E-002, 4.90898523E-002
 9.27000000E+000, 0.00000000E+000, 1.01217114E+000, 4.90706792E-002, 4.96679251E-002
 9.33000000E+000, 0.00000000E+000, 1.01232927E+000, 4.95765356E-002, 5.01877778E-002
 9.39000000E+000, 0.00000000E+000, 1.01246901E+000, 5.00246516E-002, 5.06484095E-002
 9.45000000E+000, 0.00000000E+000, 1.01259047E+000, 5.04145912E-002, 5.10493344E-002
 9.51000000E+000, 0.00000000E+000, 1.01269484E+000, 5.07495887E-002, 5.13938464E-002
 9.57000000E+000, 0.00000000E+000, 1.01278299E+000, 5.10327662E-002, 5.16851178E-002
 9.63000000E+000, 0.00000000E+000, 1.01285584E+000, 5.12678197E-002, 5.19269104E-002
 9.69000000E+000, 0.00000000E+000, 1.01291481E+000, 5.14601161E-002, 5.21247136E-002
 9.75000000E+000, 0.00000000E+000, 1.01296050E+000, 5.16121075E-002, 5.22810259E-002
 9.81000000E+000, 0.00000000E+000, 1.01299413E+000, 5.17270032E-002, 5.23991505E-002
 9.87000000E+000, 0.00000000E+000, 1.01301712E+000, 5.18081739E-002, 5.24825673E-002
 9.93000000E+000, 0.00000000E+000, 1.01303050E+000, 5.18582921E-002, 5.25340314E-002
 9.99000000E+000, 0.00000000E+000, 1.01303678E+000, 5.18844679E-002, 5.25608742E-002
 1.00500000E+001, 0.00000000E+000, 1.01303844E+000, 5.18934548E-002, 5.25700642E-002
 1.01100000E+001, 0.00000000E+000, 1.01303727E+000, 5.18940283E-002, 5.25705849E-002
 1.01700000E+001, 0.00000000E+000, 1.01303359E+000, 5.18875626E-002, 5.25638436E-002
 1.02300000E+001, 0.00000000E+000, 1.01302572E+000, 5.18702567E-002, 5.25459042E-002
 1.02900000E+001, 0.00000000E+000, 1.01301271E+000, 5.18372186E-002, 5.25117614E-002
 1.03500000E+001, 0.00000000E+000, 1.01299394E+000, 5.17836335E-002, 5.24565069E-002
 1.04100000E+001, 0.00000000E+000, 1.01296876E+000, 5.17061177E-002, 5.23766820E-002
 1.04700000E+001, 0.00000000E+000, 1.01293639E+000, 5.16033512E-002, 5.22709123E-002
 1.05300000E+001, 0.00000000E+000, 1.01289599E+000, 5.14755943E-002, 5.21394231E-002
 1.05900000E+001, 0.00000000E+000, 1.01284697E+000, 5.13234567E-002, 5.19828076E-002
 1.06500000E+001, 0.00000000E+000, 1.01278923E+000, 5.11469110E-002, 5.18010407E-002
 1.07100000E+001, 0.00000000E+000, 1.01272319E+000, 5.09451046E-002, 5.15932891E-002
 1.07700000E+001, 0.00000000E+000, 1.01264954E+000, 5.07170902E-002, 5.13586380E-002
 1.08300000E+001, 0.00000000E+000, 1.01256879E+000, 5.04631383E-002, 5.10973987E-002
 1.08900000E+001, 0.00000000E+000, 1.01248118E+000, 5.01851352E-002, 5.08115050E-002
 1.09500000E+001, 0.00000000E+000, 1.01238687E+000, 4.98861878E-002, 5.05041213E-002
 1.10100000E+001, 0.00000000E+000, 1.01228611E+000, 4.95699023E-002, 5.01789237E-002
 1.10700000E+001, 0.00000000E+000, 1.01217976E+000, 4.92390164E-002, 4.98387359E-002
 1.11300000E+001, 0.00000000E+000, 1.01206914E+000, 4.88954341E-002, 4.94855601E-002
 1.11900000E+001, 0.00000000E+000, 1.01195564E+000, 4.85411363E-002, 4.91214767E-002
 1.12500000E+001, 0.00000000E+000, 1.01184049E+000, 4.81783936E-002, 4.87488494E-002
 1.13100000E+001, 0.00000000E+000, 1.01172430E+000, 4.78106616E-002, 4.83712082E-002
 1.13700000E+001, 0.00000000E+000, 1.01160747E+000, 4.74419022E-002, 4.79925827E-002
 1.14300000E+001, 0.00000000E+000, 1.01149124E+000, 4.70763537E-002, 4.76173196E-002
 1.14900000E+001, 0.00000000E+000, 1.01137522E+000, 4.67132750E-002, 4.72446487E-002
 1.15500000E+001, 0.00000000E+000, 1.01125925E+000, 4.63514735E-002, 4.68733564E-002
 1.16100000E+001, 0.00000000E+000, 1.01114331E+000, 4.59888136E-002, 4.65012812E-002
 1.16700000E+001, 0.00000000E+000, 1.01102787E+000, 4.56234323E-002, 4.61265614E-002
 1.17300000E+001, 0.00000000E+000, 1.01091253E+000, 4.52545585E-002, 4.57484004E-002
 1.17900000E+001, 0.00000000E+000, 1.01079681E+000, 4.48829784E-002, 4.53675712E-002
 1.18500000E+001, 0.00000000E+000, 1.01068048E+000, 4.45114265E-002, 4.49868298E-002
 1.19100000E+001, 0.00000000E+000, 1.01056495E+000, 4.41445789E-002, 4.46109639E-002
 1.19700000E+001, 0.00000000E+000, 1.01045053E+000, 4.37836060E-002, 4.42411678E-002
 1.20300000E+001, 0.00000000E+000, 1.01033762E+000, 4.34282057E-002, 4.38771499E-002
 1.20900000E+001, 0.00000000E+000, 1.01022678E+000, 4.30778094E-002, 4.35183565E-002
 1.21500000E+001, 0.00000000E+000, 1.01011851E+000, 4.27321429E-002, 4.31645283E-002
 1.22100000E+001, 0.00000000E+000, 1.01001301E+000, 4.23915076E-002, 4.28159741E-002
 1.22700000E+001, 0.00000000E+000, 1.00991015E+000, 4.20569739E-002, 4.24737648E-002
 1.23300000E+001, 0.00000000E+000, 1.00980957E+000, 4.17300154E-002, 4.21393690E-002
 1.23900000E+001, 0.00000000E+000, 1.00971096E+000, 4.14119606E-002, 4.18141107E-002
 1.24500000E+001, 0.00000000E+000, 1.00961429E+000, 4.11034588E-002, 4.14986393E-002
 1.25100000E+001, 0.00000000E+000, 1.00951987E+000, 4.08042867E-002, 4.11927383E-002
 1.25700000E+001, 0.00000000E+000, 1.00942829E+000, 4.05136348E-002, 4.08956092E-002
 1.26300000E+001, 0.00000000E+000, 1.00934012E+000, 4.02307561E-002, 4.06065161E-002
 1.26900000E+001, 0.00000000E+000, 1.00925566E+000, 3.99556243E-002, 4.03254401E-002
 1.27500000E+001, 0.00000000E+000, 1.00917484E+000, 3.96891767E-002, 4.00533185E-002
 1.28100000E+001, 0.00000000E+000, 1.00909721E+000, 3.94328776E-002, 3.97916066E-002
 1.28700000E+001, 0.00000000E+000, 1.00902229E+000, 3.91881288E-002, 3.95416955E-002
 1.29300000E+001, 0.00000000E+000, 1.00894985E+000, 3.89553816E-002, 3.93040264E-002
 1.29900000E+001, 0.00000000E+000, 1.00888003E+000, 3.87337682E-002, 3.90777252E-002
 1.30500000E+001, 0.00000000E+000, 1.00881330E+000, 3.85213560E-002, 3.88608564E-002
 1.31100000E+001, 0.00000000E+000, 1.00875027E+000, 3.83162796E-002, 3.86515575E-002
 1.31700000E+001, 0.00000000E+000, 1.00869123E+000, 3.81175086E-002, 3.84487967E-002
 1.32300000E+001, 0.00000000E+000, 1.00863602E+000, 3.79255986E-002, 3.82531250E-002
 1.32900000E+001, 0.00000000E+000, 1.00858404E+000, 3.77424112E-002, 3.80663934E-002
 1.33500000E+001, 0.00000000E+000, 1.00853446E+000, 3.75700762E-002, 3.78907167E-002
 1.34100000E+001, 0.00000000E+000, 1.00848675E+000, 3.74099242E-002, 3.77274128E-002
 1.34700000E+001, 0.00000000E+000, 1.00844079E+000, 3.72613214E-002, 3.75758362E-002
 1.35300000E+001, 0.00000000E+000, 1.00839703E+000, 3.71219265E-002, 3.74336404E-002
 1.35900000E+001, 0.00000000E+000, 1.00835618E+000, 3.69885465E-002, 3.72976293E-002
 1.36500000E+001, 0.00000000E+000, 1.00831879E+000, 3.68587997E-002, 3.71654203E-002
 1.37100000E+001, 0.00000000E+000, 1.00828479E+000, 3.67320586E-002, 3.70363762E-002
 1.37700000E+001, 0.00000000E+000, 1.00825351E+000, 3.66099434E-002, 3.69121040E-002
 1.38300000E+001, 0.00000000E+000, 1.00822390E+000, 3.64952722E-002, 3.67954057E-002
 1.38900000E+001, 0.00000000E+000, 1.00819509E+000, 3.63904083E-002, 3.66886310E-002
 1.39500000E+001, 0.00000000E+000, 1.00816675E+000, 3.62956577E-002, 3.65920752E-002
 1.40100000E+001, 0.00000000E+000, 1.00813933E+000, 3.62092677E-002, 3.65039868E-002
 1.40700000E+001, 0.00000000E+000, 1.00811371E+000, 3.61277724E-002, 3.64209028E-002
 1.41300000E+001, 0.00000000E+000, 1.00809086E+000, 3.60479486E-002, 3.63396077E-002
 1.41900000E+001, 0.00000000E+000, 1.00807118E+000, 3.59677697E-002, 3.62580721E-002
 1.42500000E+001, 0.00000000E+000, 1.00805419E+000, 3.58887621E-002, 3.61778170E-002
 1.43100000E+001, 0.00000000E+000, 1.00803856E+000, 3.58142099E-002, 3.61021047E-002
 1.43700000E+001, 0.00000000E+000, 1.00802306E+000, 3.57471597E-002, 3.60339613E-002
 1.44300000E+001, 0.00000000E+000, 1.00800702E+000, 3.56899560E-002, 3.59757260E-002
 1.44900000E+001, 0.00000000E+000, 1.00799100E+000, 3.56401155E-002, 3.59249156E-002
 1.45500000E+001, 0.00000000E+000, 1.00797603E+000, 3.55935655E-002, 3.58774608E-002
 1.46100000E+001, 0.00000000E+000, 1.00796285E+000, 3.55452644E-002, 3.58283060E-002
 1.46700000E+001, 0.00000000E+000, 1.00795279E+000, 3.54920860E-002, 3.57743473E-002
 1.47300000E+001, 0.00000000E+000, 1.00794538E+000, 3.54346588E-002, 3.57162005E-002
 1.47900000E+001, 0.00000000E+000, 1.00793781E+000, 3.53758205E-002, 3.56566271E-002
 1.48500000E+001, 0.00000000E+000, 1.00792964E+000, 3.53261076E-002, 3.56062309E-002
 1.49100000E+001, 0.00000000E+000, 1.00792167E+000, 3.52917545E-002, 3.55713241E-002
 1.49700000E+001, 0.00000000E+000, 1.00791368E+000, 3.52706842E-002, 3.55498053E-002
 1.50300000E+001, 0.00000000E+000, 1.00790856E+000, 3.52630427E-002, 3.55419227E-002
 1.50900000E+001, 0.00000000E+000, 1.00790607E+000, 3.52591210E-002, 3.55378820E-002
 1.51500000E+001, 0.00000000E+000, 1.00790862E+000, 3.52540451E-002, 3.55328559E-002
 1.52100000E+001, 0.00000000E+000, 1.00791715E+000, 3.52406160E-002, 3.55196213E-002
 1.52700000E+001, 0.00000000E+000, 1.00792877E+000, 3.52323282E-002, 3.55116772E-002
 1.53300000E+001, 0.00000000E+000, 1.00794213E+000, 3.52424932E-002, 3.55223938E-002
 1.53900000E+001, 0.00000000E+000, 1.00795449E+000, 3.52811344E-002, 3.55617779E-002
 1.54500000E+001, 0.00000000E+000, 1.00797002E+000, 3.53485842E-002, 3.56303130E-002
 1.55100000E+001, 0.00000000E+000, 1.00799457E+000, 3.54389458E-002, 3.57222650E-002
 1.55700000E+001, 0.00000000E+000, 1.00803382E+000, 3.55488315E-002, 3.58344244E-002
 1.56300000E+001, 0.00000000E+000, 1.00809082E+000, 3.56843172E-002, 3.59730325E-002
 1.56900000E+001, 0.00000000E+000, 1.00816556E+000, 3.58622712E-002, 3.61551066E-002
 1.57500000E+001, 0.00000000E+000, 1.00825684E+000, 3.61048185E-002, 3.64029301E-002
 1.58100000E+001, 0.00000000E+000, 1.00836511E+000, 3.64306854E-002, 3.67354321E-002
 1.58700000E+001, 0.00000000E+000, 1.00849435E+000, 3.68492931E-002, 3.71623041E-002
 1.59300000E+001, 0.00000000E+000, 1.00865169E+000, 3.73616058E-002, 3.76848468E-002
 1.59900000E+001, 0.00000000E+000, 1.00884494E+000, 3.79670449E-002, 3.83028612E-002
 1.60500000E+001, 0.00000000E+000, 1.00907975E+000, 3.86715260E-002, 3.90226539E-002
 1.61100000E+001, 0.00000000E+000, 1.00935819E+000, 3.94908627E-002, 3.98604258E-002
 1.61700000E+001, 0.00000000E+000, 1.00967969E+000, 4.04469890E-002, 4.08385035E-002
 1.62300000E+001, 0.00000000E+000, 1.01004354E+000, 4.15593871E-002, 4.19767904E-002
 1.62900000E+001, 0.00000000E+000, 1.01045114E+000, 4.28373100E-002, 4.32850087E-002
 1.63500000E+001, 0.00000000E+000, 1.01090646E+000, 4.42777469E-002, 4.47606605E-002
 1.64100000E+001, 0.00000000E+000, 1.01141427E+000, 4.58701754E-002, 4.63937499E-002
 1.64700000E+001, 0.00000000E+000, 1.01197733E+000, 4.76047103E-002, 4.81748875E-002
 1.65300000E+001, 0.00000000E+000, 1.01259438E+000, 4.94781602E-002, 5.01013069E-002
 1.65900000E+001, 0.00000000E+000, 1.01326023E+000, 5.14939927E-002, 5.21768147E-002
 1.66500000E+001, 0.00000000E+000, 1.01396790E+000, 5.36562761E-002, 5.44057414E-002
 1.67100000E+001, 0.00000000E+000, 1.01471154E+000, 5.59617150E-002, 5.67849982E-002
 1.67700000E+001, 0.00000000E+000, 1.01548826E+000, 5.83953030E-002, 5.92997447E-002
 1.68300000E+001, 0.00000000E+000, 1.01629767E+000, 6.09328548E-002, 6.19259185E-002
 1.68900000E+001, 0.00000000E+000, 1.01713967E+000, 6.35491442E-002, 6.46383555E-002
 1.69500000E+001, 0.00000000E+000, 1.01801195E+000, 6.62266023E-002, 6.74194722E-002
 1.70100000E+001, 0.00000000E+000, 1.01890905E+000, 6.89591299E-002, 7.02630818E-002
 1.70700000E+001, 0.00000000E+000, 1.01982376E+000, 7.17488446E-002, 7.31711762E-002
 1.71300000E+001, 0.00000000E+000, 1.02074981E+000, 7.45982743E-002, 7.61461744E-002
 1.71900000E+001, 0.00000000E+000, 1.02168442E+000, 7.75034227E-002, 7.91840395E-002
 1.72500000E+001, 0.00000000E+000, 1.02262878E+000, 8.04523764E-002, 8.22729158E-002
 1.73100000E+001, 0.00000000E+000, 1.02358644E+000, 8.34303429E-002, 8.53981676E-002
 1.73700000E+001, 0.00000000E+000, 1.02456050E+000, 8.64277913E-002, 8.85505012E-002
 1.74300000E+001, 0.00000000E+000, 1.02555154E+000, 8.94463825E-002, 9.17318753E-002
 1.74900000E+001, 0.00000000E+000, 1.02655741E+000, 9.24987676E-002, 9.49552957E-002
 1.75500000E+001, 0.00000000E+000, 1.02757516E+000, 9.56021645E-002, 9.82384093E-002
 1.76100000E+001, 0.00000000E+000, 1.02860362E+000, 9.87695800E-002, 1.01594748E-001
 1.76700000E+001, 0.00000000E+000, 1.02964513E+000, 1.02004116E-001, 1.05028041E-001
 1.77300000E+001, 0.00000000E+000, 1.03070497E+000, 1.05299870E-001, 1.08533100E-001
 1.77900000E+001, 0.00000000E+000, 1.03178898E+000, 1.08648642E-001, 1.12102471E-001
 1.78500000E+001, 0.00000000E+000, 1.03290067E+000, 1.12047842E-001, 1.15734292E-001
 1.79100000E+001, 0.00000000E+000, 1.03403987E+000, 1.15504328E-001, 1.19436081E-001
 1.79700000E+001, 0.00000000E+000, 1.03520342E+000, 1.19031700E-001, 1.23222023E-001
 1.80300000E+001, 0.00000000E+000, 1.03638762E+000, 1.22642870E-001, 1.27105552E-001
 1.80900000E+001, 0.00000000E+000, 1.03759070E+000, 1.26342570E-001, 1.31091876E-001
 1.81500000E+001, 0.00000000E+000, 1.03881396E+000, 1.30124345E-001, 1.35174986E-001
 1.82100000E+001, 0.00000000E+000, 1.04006071E+000, 1.33973901E-001, 1.39340991E-001
 1.82700000E+001, 0.00000000E+000, 1.04133389E+000, 1.37876943E-001, 1.43575933E-001
 1.83300000E+001, 0.00000000E+000, 1.04263361E+000, 1.41826786E-001, 1.47873373E-001
 1.83900000E+001, 0.00000000E+000, 1.04395647E+000, 1.45826831E-001, 1.52236864E-001
 1.84500000E+001, 0.00000000E+000, 1.04529713E+000, 1.49886294E-001, 1.56675714E-001
 1.85100000E+001, 0.00000000E+000, 1.04665106E+000, 1.54012199E-001, 1.61197032E-001
 1.85700000E+001, 0.00000000E+000, 1.04801679E+000, 1.58203102E-001, 1.65799507E-001
 1.86300000E+001, 0.00000000E+000, 1.04939621E+000, 1.62448403E-001, 1.70472739E-001
 1.86900000E+001, 0.00000000E+000, 1.05079301E+000, 1.66733330E-001, 1.75202217E-001
 1.87500000E+001, 0.00000000E+000, 1.05221009E+000, 1.71046601E-001, 1.79976960E-001
 1.88100000E+001, 0.00000000E+000, 1.05364752E+000, 1.75386515E-001, 1.84795567E-001
 1.88700000E+001, 0.00000000E+000, 1.05510218E+000, 1.79761803E-001, 1.89667070E-001
 1.89300000E+001, 0.00000000E+000, 1.05656942E+000, 1.84186203E-001, 1.94605511E-001
 1.89900000E+001, 0.00000000E+000, 1.05804602E+000, 1.88669689E-001, 1.99621213E-001
 1.90500000E+001, 0.00000000E+000, 1.05953219E+000, 1.93212023E-001, 2.04714358E-001
 1.91100000E+001, 0.00000000E+000, 1.06103155E+000, 1.97803001E-001, 2.09875224E-001
 1.91700000E+001, 0.00000000E+000, 1.06254881E+000, 2.02429030E-001, 2.15090725E-001
 1.92300000E+001, 0.00000000E+000, 1.06408698E+000, 2.07081453E-001, 2.20352678E-001
 1.92900000E+001, 0.00000000E+000, 1.06564563E+000, 2.11761441E-001, 2.25662654E-001
 1.93500000E+001, 0.00000000E+000, 1.06722122E+000, 2.16478919E-001, 2.31030896E-001
 1.94100000E+001, 0.00000000E+000, 1.06880916E+000, 2.21246435E-001, 2.36470215E-001
 1.94700000E+001, 0.00000000E+000, 1.07040639E+000, 2.26071434E-001, 2.41988307E-001
 1.95300000E+001, 0.00000000E+000, 1.07201309E+000, 2.30951398E-001, 2.47582922E-001
 1.95900000E+001, 0.00000000E+000, 1.07363239E+000, 2.35874882E-001, 2.53242913E-001
 1.96500000E+001, 0.00000000E+000, 1.07526826E+000, 2.40827864E-001, 2.58954560E-001
 1.97100000E+001, 0.00000000E+000, 1.07692298E+000, 2.45801407E-001, 2.64709184E-001
 1.97700000E+001, 0.00000000E+000, 1.07859560E+000, 2.50796120E-001, 2.70507592E-001
 1.98300000E+001, 0.00000000E+000, 1.08028232E+000, 2.55821149E-001, 2.76359066E-001
 1.98900000E+001, 0.00000000E+000, 1.08197844E+000, 2.60888309E-001, 2.82275527E-001
 1.99500000E+001, 0.00000000E+000, 1.08368098E+000, 2.66004425E-001, 2.88263936E-001
 2.00100000E+001, 0.00000000E+000, 1.08539035E+000, 2.71166394E-001, 2.94321387E-001
 2.00700000E+001, 0.00000000E+000, 1.08711003E+000, 2.76362406E-001, 3.00436343E-001
 2.01300000E+001, 0.00000000E+000, 1.08884424E+000, 2.81578699E-001, 3.06595344E-001
 2.01900000E+001, 0.00000000E+000, 1.09059530E+000, 2.86807284E-001, 3.12790677E-001
 2.02500000E+001, 0.00000000E+000, 1.09236226E+000, 2.92050042E-001, 3.19024444E-001
 2.03100000E+001, 0.00000000E+000, 1.09414125E+000, 2.97317369E-001, 3.25307200E-001
 2.03700000E+001, 0.00000000E+000, 1.09592759E+000, 3.02622026E-001, 3.31651828E-001
 2.04300000E+001, 0.00000000E+000, 1.09771848E+000, 3.07971118E-001, 3.38065587E-001
 2.04900000E+001, 0.00000000E+000, 1.09951468E+000, 3.13361299E-001, 3.44545348E-001
 2.05500000E+001, 0.00000000E+000, 1.10131988E+000, 3.18780731E-001, 3.51079556E-001
 2.06100000E+001, 0.00000000E+000, 1.10313833E+000, 3.24215982E-001, 3.57655076E-001
 2.06700000E+001, 0.00000000E+000, 1.10497246E+000, 3.29659021E-001, 3.64264140E-001
 2.07300000E+001, 0.00000000E+000, 1.10682146E+000, 3.35111366E-001, 3.70908452E-001
 2.07900000E+001, 0.00000000E+000, 1.10868148E+000, 3.40583342E-001, 3.77598442E-001
 2.08500000E+001, 0.00000000E+000, 1.11054779E+000, 3.46087653E-001, 3.84346879E-001
 2.09100000E+001, 0.00000000E+000, 1.11241749E+000, 3.51631737E-001, 3.91161295E-001
 2.09700000E+001, 0.00000000E+000, 1.11429084E+000, 3.57213686E-001, 3.98039939E-001
 2.10300000E+001, 0.00000000E+000, 1.11617129E+000, 3.62822411E-001, 4.04971959E-001
 2.10900000E+001, 0.00000000E+000, 1.11806334E+000, 3.68443960E-001, 4.11943683E-001
 2.11500000E+001, 0.00000000E+000, 1.11996960E+000, 3.74069890E-001, 4.18946904E-001
 2.12100000E+001, 0.00000000E+000, 1.12188998E+000, 3.79699755E-001, 4.25981349E-001
 2.12700000E+001, 0.00000000E+000, 1.12382125E+000, 3.85342335E-001, 4.33055905E-001
 2.13300000E+001, 0.00000000E+000, 1.12575802E+000, 3.91012391E-001, 4.40185333E-001
 2.13900000E+001, 0.00000000E+000, 1.12769735E+000, 3.96717598E-001, 4.47377383E-001
 2.14500000E+001, 0.00000000E+000, 1.12963935E+000, 4.02456893E-001, 4.54631142E-001
 2.15100000E+001, 0.00000000E+000, 1.13158614E+000, 4.08223263E-001, 4.61939788E-001
 2.15700000E+001, 0.00000000E+000, 1.13354169E+000, 4.14004393E-001, 4.69291241E-001
 2.16300000E+001, 0.00000000E+000, 1.13551131E+000, 4.19785111E-001, 4.76670743E-001
 2.16900000E+001, 0.00000000E+000, 1.13749426E+000, 4.25565179E-001, 4.84077949E-001
 2.17500000E+001, 0.00000000E+000, 1.13948747E+000, 4.31354049E-001, 4.91522532E-001
 2.18100000E+001, 0.00000000E+000, 1.14148698E+000, 4.37162693E-001, 4.99015523E-001
 2.18700000E+001, 0.00000000E+000, 1.14348962E+000, 4.42999279E-001, 5.06565080E-001
 2.19300000E+001, 0.00000000E+000, 1.14549366E+000, 4.48867868E-001, 5.14175295E-001
 2.19900000E+001, 0.00000000E+000, 1.14749958E+000, 4.54766326E-001, 5.21844167E-001
 2.20500000E+001, 0.00000000E+000, 1.14951128E+000, 4.60682848E-001, 5.29560131E-001
 2.21100000E+001, 0.00000000E+000, 1.15153626E+000, 4.66596442E-001, 5.37302721E-001
 2.21700000E+001, 0.00000000E+000, 1.15357330E+000, 4.72506270E-001, 5.45070619E-001
 2.22300000E+001, 0.00000000E+000, 1.15562087E+000, 4.78419365E-001, 5.52871401E-001
 2.22900000E+001, 0.00000000E+000, 1.15767612E+000, 4.84343264E-001, 5.60712630E-001
 2.23500000E+001, 0.00000000E+000, 1.15973560E+000, 4.90286809E-001, 5.68603068E-001
 2.24100000E+001, 0.00000000E+000, 1.16179570E+000, 4.96259916E-001, 5.76552636E-001
 2.24700000E+001, 0.00000000E+000, 1.16385542E+000, 5.02263535E-001, 5.84562138E-001
 2.25300000E+001, 0.00000000E+000, 1.16591744E+000, 5.08290574E-001, 5.92624845E-001
 2.25900000E+001, 0.00000000E+000, 1.16798956E+000, 5.14320175E-001, 6.00720595E-001
 2.26500000E+001, 0.00000000E+000, 1.17007356E+000, 5.20340390E-001, 6.08836533E-001
 2.27100000E+001, 0.00000000E+000, 1.17216818E+000, 5.26359433E-001, 6.16981777E-001
 2.27700000E+001, 0.00000000E+000, 1.17427172E+000, 5.32381170E-001, 6.25160155E-001
 2.28300000E+001, 0.00000000E+000, 1.17638152E+000, 5.38412213E-001, 6.33378177E-001
 2.28900000E+001, 0.00000000E+000, 1.17849320E+000, 5.44465844E-001, 6.41649295E-001
 2.29500000E+001, 0.00000000E+000, 1.18060284E+000, 5.50549786E-001, 6.49980640E-001
 2.30100000E+001, 0.00000000E+000, 1.18271203E+000, 5.56660741E-001, 6.58369352E-001
 2.30700000E+001, 0.00000000E+000, 1.18482401E+000, 5.62789360E-001, 6.66806345E-001
 2.31300000E+001, 0.00000000E+000, 1.18694786E+000, 5.68910852E-001, 6.75267516E-001
 2.31900000E+001, 0.00000000E+000, 1.18908272E+000, 5.75021219E-001, 6.83747794E-001
 2.32500000E+001, 0.00000000E+000, 1.19122713E+000, 5.81128201E-001, 6.92255677E-001
 2.33100000E+001, 0.00000000E+000, 1.19337968E+000, 5.87236732E-001, 7.00796382E-001
 2.33700000E+001, 0.00000000E+000, 1.19553777E+000, 5.93352968E-001, 7.09375884E-001
 2.34300000E+001, 0.00000000E+000, 1.19769523E+000, 5.99496035E-001, 7.18013542E-001
 2.34900000E+001, 0.00000000E+000, 1.19984905E+000, 6.05667544E-001, 7.26709628E-001
 2.35500000E+001, 0.00000000E+000, 1.20200164E+000, 6.11863991E-001, 7.35461519E-001
 2.36100000E+001, 0.00000000E+000, 1.20415823E+000, 6.18073073E-001, 7.44257777E-001
 2.36700000E+001, 0.00000000E+000, 1.20632684E+000, 6.24268450E-001, 7.53071788E-001
 2.37300000E+001, 0.00000000E+000, 1.20850646E+000, 6.30450185E-001, 7.61903118E-001
 2.37900000E+001, 0.00000000E+000, 1.21069499E+000, 6.36625601E-001, 7.70759428E-001
 2.38500000E+001, 0.00000000E+000, 1.21289098E+000, 6.42800755E-001, 7.79647237E-001
 2.39100000E+001, 0.00000000E+000, 1.21509142E+000, 6.48984158E-001, 7.88575081E-001
 2.39700000E+001, 0.00000000E+000, 1.21728909E+000, 6.55195415E-001, 7.97562233E-001
 2.40300000E+001, 0.00000000E+000, 1.21948241E+000, 6.61433848E-001, 8.06606941E-001
 2.40900000E+001, 0.00000000E+000, 1.22167370E+000, 6.67694499E-001, 8.15704812E-001
 2.41500000E+001, 0.00000000E+000, 1.22386886E+000, 6.73965438E-001, 8.24845314E-001
 2.42100000E+001, 0.00000000E+000, 1.22607527E+000, 6.80221094E-001, 8.34002264E-001
 2.42700000E+001, 0.00000000E+000, 1.22829237E+000, 6.86460795E-001, 8.43174559E-001
 2.43300000E+001, 0.00000000E+000, 1.23051814E+000, 6.92690964E-001, 8.52368794E-001
 2.43900000E+001, 0.00000000E+000, 1.23275072E+000, 6.98918622E-001, 8.61592434E-001
 2.44500000E+001, 0.00000000E+000, 1.23498790E+000, 7.05150855E-001, 8.70852777E-001
 2.45100000E+001, 0.00000000E+000, 1.23722288E+000, 7.11407025E-001, 8.80169045E-001
 2.45700000E+001, 0.00000000E+000, 1.23945260E+000, 7.17689000E-001, 8.89541500E-001
 2.46300000E+001, 0.00000000E+000, 1.24167892E+000, 7.23993113E-001, 8.98966984E-001
 2.46900000E+001, 0.00000000E+000, 1.24390542E+000, 7.30312589E-001, 9.08439788E-001
 2.47500000E+001, 0.00000000E+000, 1.24614147E+000, 7.36623246E-001, 9.17936776E-001
 2.48100000E+001, 0.00000000E+000, 1.24838859E+000, 7.42911901E-001, 9.27442743E-001
 2.48700000E+001, 0.00000000E+000, 1.25064603E+000, 7.49182637E-001, 9.36962291E-001
 2.49300000E+001, 0.00000000E+000, 1.25291117E+000, 7.55444439E-001, 9.46504778E-001
 2.49900000E+001, 0.00000000E+000, 1.25518140E+000, 7.61706542E-001, 9.56079886E-001
 2.50500000E+001, 0.00000000E+000, 1.25744961E+000, 7.67990716E-001, 9.65709630E-001
 2.51100000E+001, 0.00000000E+000, 1.25971108E+000, 7.74301384E-001, 9.75396036E-001
 2.51700000E+001, 0.00000000E+000, 1.26196765E+000, 7.80634906E-001, 9.85135999E-001
 2.52300000E+001, 0.00000000E+000, 1.26422286E+000, 7.86983868E-001, 9.94922998E-001
 2.52900000E+001, 0.00000000E+000, 1.26648531E+000, 7.93329625E-001, 1.00474031E+000
 2.53500000E+001, 0.00000000E+000, 1.26875767E+000, 7.99654772E-001, 1.01456813E+000
 2.54100000E+001, 0.00000000E+000, 1.27104075E+000, 8.05959175E-001, 1.02440695E+000
 2.54700000E+001, 0.00000000E+000, 1.27333267E+000, 8.12247978E-001, 1.03426189E+000
 2.55300000E+001, 0.00000000E+000, 1.27563035E+000, 8.18530536E-001, 1.04414240E+000
 2.55900000E+001, 0.00000000E+000, 1.27792870E+000, 8.24827887E-001, 1.05407123E+000
 2.56500000E+001, 0.00000000E+000, 1.28021971E+000, 8.31151410E-001, 1.06405641E+000
 2.57100000E+001, 0.00000000E+000, 1.28250432E+000, 8.37498811E-001, 1.07409584E+000
 2.57700000E+001, 0.00000000E+000, 1.28478650E+000, 8.43861153E-001, 1.08418141E+000
 2.58300000E+001, 0.00000000E+000, 1.28707101E+000, 8.50228724E-001, 1.09430474E+000
 2.58900000E+001, 0.00000000E+000, 1.28936166E+000, 8.56587763E-001, 1.10445142E+000
 2.59500000E+001, 0.00000000E+000, 1.29166158E+000, 8.62930475E-001, 1.11461414E+000
 2.60100000E+001, 0.00000000E+000, 1.29397351E+000, 8.69244480E-001, 1.12477933E+000
 2.60700000E+001, 0.00000000E+000, 1.29629564E+000, 8.75530802E-001, 1.13494676E+000
 2.61300000E+001, 0.00000000E+000, 1.29862254E+000, 8.81811821E-001, 1.14514070E+000
 2.61900000E+001, 0.00000000E+000, 1.30094180E+000, 8.88126603E-001, 1.15540102E+000
 2.62500000E+001, 0.00000000E+000, 1.30324664E+000, 8.94477497E-001, 1.16572480E+000
 2.63100000E+001, 0.00000000E+000, 1.30554666E+000, 9.00856210E-001, 1.17610981E+000
 2.63700000E+001, 0.00000000E+000, 1.30786363E+000, 9.07237056E-001, 1.18654235E+000
 2.64300000E+001, 0.00000000E+000, 1.31020327E+000, 9.13660826E-001, 1.19708141E+000
 2.64900000E+001, 0.00000000E+000, 1.31257885E+000, 9.20217204E-001, 1.20785764E+000
 2.65500000E+001, 0.00000000E+000, 1.31506201E+000, 9.27005395E-001, 1.21906958E+000
 2.66100000E+001, 0.00000000E+000, 1.31779762E+000, 9.34316501E-001, 1.23124006E+000
 2.66700000E+001, 0.00000000E+000, 1.32105147E+000, 9.42951000E-001, 1.24568680E+000
 2.67300000E+001, 0.00000000E+000, 1.32442740E+000, 9.52012556E-001, 1.26087152E+000
 2.67900000E+001, 0.00000000E+000, 1.32581664E+000, 9.55894066E-001, 1.26734026E+000
 2.68500000E+001, 0.00000000E+000, 1.32572326E+000, 9.55902538E-001, 1.26726223E+000
 2.69100000E+001, 0.00000000E+000, 1.32426521E+000, 9.52102291E-001, 1.26083594E+000
 2.69700000E+001, 0.00000000E+000, 1.31888236E+000, 9.37894377E-001, 1.23697235E+000
 2.70300000E+001, 0.00000000E+000, 1.30422136E+000, 8.98807445E-001, 1.17224387E+000
 2.70900000E+001, 0.00000000E+000, 1.26989194E+000, 8.05778281E-001, 1.02325134E+000
 2.71500000E+001, 0.00000000E+000, 1.20153201E+000, 6.12673244E-001, 7.36146515E-001
 2.72100000E+001, 0.00000000E+000, 1.09948648E+000, 3.14496075E-001, 3.45784183E-001
 2.72700000E+001, 0.00000000E+000, 1.03541232E+000, 1.13694973E-001, 1.17721176E-001
 2.73300000E+001, 0.00000000E+000, 1.01258961E+000, 4.05293128E-002, 4.10395609E-002
 2.73900000E+001, 0.00000000E+000, 1.00507784E+000, 1.63007217E-002, 1.63834941E-002
 2.74500000E+001, 0.00000000E+000, 1.00263466E+000, 8.41394950E-003, 8.43611739E-003
 2.75100000E+001, 0.00000000E+000, 1.00180645E+000, 5.74753414E-003, 5.75791678E-003
 2.75700000E+001, 0.00000000E+000, 1.00148782E+000, 4.72948786E-003, 4.73652447E-003
 2.76300000E+001, 0.00000000E+000, 1.00133151E+000, 4.23650450E-003, 4.24214547E-003
 2.76900000E+001, 0.00000000E+000, 1.00122912E+000, 3.91770133E-003, 3.92251666E-003
 2.77500000E+001, 0.00000000E+000, 1.00114673E+000, 3.66339877E-003, 3.66759972E-003
 2.78100000E+001, 0.00000000E+000, 1.00107364E+000, 3.43893999E-003, 3.44263217E-003
 2.78700000E+001, 0.00000000E+000, 1.00100631E+000, 3.23297633E-003, 3.23622971E-003
 2.79300000E+001, 0.00000000E+000, 1.00094347E+000, 3.04141448E-003, 3.04428397E-003
 2.79900000E+001, 0.00000000E+000, 1.00088455E+000, 2.86244541E-003, 2.86497738E-003
 2.80500000E+001, 0.00000000E+000, 1.00082920E+000, 2.69500134E-003, 2.69723603E-003
 2.81100000E+001, 0.00000000E+000, 1.00077715E+000, 2.53828112E-003, 2.54025375E-003
 2.81700000E+001, 0.00000000E+000, 1.00072819E+000, 2.39159605E-003, 2.39333758E-003
 2.82300000E+001, 0.00000000E+000, 1.00068210E+000, 2.25432646E-003, 2.25586414E-003
 2.82900000E+001, 0.00000000E+000, 1.00063869E+000, 2.12589837E-003, 2.12725616E-003
 2.83500000E+001, 0.00000000E+000, 1.00059779E+000, 2.00578366E-003, 2.00698270E-003
 2.84100000E+001, 0.00000000E+000, 1.00055923E+000, 1.89348685E-003, 1.89454574E-003
 2.84700000E+001, 0.00000000E+000, 1.00052284E+000, 1.78855324E-003, 1.78948838E-003
 2.85300000E+001, 0.00000000E+000, 1.00048850E+000, 1.69055289E-003, 1.69137872E-003
 2.85900000E+001, 0.00000000E+000, 1.00045604E+000, 1.59909493E-003, 1.59982419E-003
 2.86500000E+001, 0.00000000E+000, 1.00042536E+000, 1.51380545E-003, 1.51444936E-003
 2.87100000E+001, 0.00000000E+000, 1.00039632E+000, 1.43435022E-003, 1.43491868E-003
 2.87700000E+001, 0.00000000E+000, 1.00036880E+000, 1.36040317E-003, 1.36090489E-003
 2.88300000E+001, 0.00000000E+000, 1.00034271E+000, 1.29168125E-003, 1.29212392E-003
 2.88900000E+001, 0.00000000E+000, 1.00031793E+000, 1.22789871E-003, 1.22828910E-003
 2.89500000E+001, 0.00000000E+000, 1.00029438E+000, 1.16881986E-003, 1.16916394E-003
 2.90100000E+001, 0.00000000E+000, 1.00027195E+000, 1.11419208E-003, 1.11449509E-003
 2.90700000E+001, 0.00000000E+000, 1.00025057E+000, 1.06382492E-003, 1.06409149E-003
 2.91300000E+001, 0.00000000E+000, 1.00023014E+000, 1.01749152E-003, 1.01772569E-003
 2.91900000E+001, 0.00000000E+000, 1.00021060E+000, 9.75046594E-004, 9.75251938E-004
 2.92500000E+001, 0.00000000E+000, 1.00019185E+000, 9.36280810E-004, 9.36460436E-004
 2.93100000E+001, 0.00000000E+000, 1.00017384E+000, 9.01096510E-004, 9.01253159E-004
 2.93700000E+001, 0.00000000E+000, 1.00015648E+000, 8.69292018E-004, 8.69428049E-004
 2.94300000E+001, 0.00000000E+000, 1.00013974E+000, 8.40823060E-004, 8.40940554E-004
 2.94900000E+001, 0.00000000E+000, 1.00012350E+000, 8.15482777E-004, 8.15583491E-004
 2.95500000E+001, 0.00000000E+000, 1.00010776E+000, 7.93290366E-004, 7.93375850E-004
 2.96100000E+001, 0.00000000E+000, 1.00009240E+000, 7.74015415E-004, 7.74086931E-004
 2.96700000E+001, 0.00000000E+000, 1.00007742E+000, 7.57754531E-004, 7.57813196E-004
 2.97300000E+001, 0.00000000E+000, 1.00006270E+000, 7.44220195E-004, 7.44266858E-004
 2.97900000E+001, 0.00000000E+000, 1.00004829E+000, 7.33586702E-004, 7.33622126E-004
 2.98500000E+001, 0.00000000E+000, 1.00003405E+000, 7.25395895E-004, 7.25420594E-004
 2.99100000E+001, 0.00000000E+000, 1.00002019E+000, 7.19759510E-004, 7.19774040E-004
 2.99700000E+001, 0.00000000E+000, 1.00000599E+000, 6.99556218E-004, 6.99560409E-004
