   5.0055811236939594      ,         500
X,ZB,H,U,Q
 3.00000000E-002, 0.00000000E+000, 1.00859065E+000, 3.22352245E-002, 3.25121461E-002
 9.00000000E-002, 0.00000000E+000, 1.00858689E+000, 3.22469654E-002, 3.25238664E-002
 1.50000000E-001, 0.00000000E+000, 1.00858307E+000, 3.22588534E-002, 3.25357335E-002
 2.10000000E-001, 0.00000000E+000, 1.00857922E+000, 3.22708851E-002, 3.25477439E-002
 2.70000000E-001, 0.00000000E+000, 1.00857531E+000, 3.22830568E-002, 3.25598941E-002
 3.30000000E-001, 0.00000000E+000, 1.00857136E+000, 3.22953653E-002, 3.25721806E-002
 3.90000000E-001, 0.00000000E+000, 1.00856737E+000, 3.23078072E-002, 3.25846003E-002
 4.50000000E-001, 0.00000000E+000, 1.00856334E+000, 3.23203796E-002, 3.25971500E-002
 5.10000000E-001, 0.00000000E+000, 1.00855927E+000, 3.23330792E-002, 3.26098267E-002
 5.70000000E-001, 0.00000000E+000, 1.00855516E+000, 3.23459032E-002, 3.26226275E-002
 6.30000000E-001, 0.00000000E+000, 1.00855101E+000, 3.23588487E-002, 3.26355494E-002
 6.90000000E-001, 0.00000000E+000, 1.00854682E+000, 3.23719129E-002, 3.26485897E-002
 7.50000000E-001, 0.00000000E+000, 1.00854259E+000, 3.23850932E-002, 3.26617457E-002
 8.10000000E-001, 0.00000000E+000, 1.00853833E+000, 3.23983867E-002, 3.26750147E-002
 8.70000000E-001, 0.00000000E+000, 1.00853403E+000, 3.24117910E-002, 3.26883941E-002
 9.30000000E-001, 0.00000000E+000, 1.00852969E+000, 3.24253034E-002, 3.27018813E-002
 9.90000000E-001, 0.00000000E+000, 1.00852533E+000, 3.24389214E-002, 3.27154738E-002
 1.05000000E+000, 0.00000000E+000, 1.00852093E+000, 3.24526426E-002, 3.27291692E-002
 1.11000000E+000, 0.00000000E+000, 1.00851649E+000, 3.24664645E-002, 3.27429650E-002
 1.17000000E+000, 0.00000000E+000, 1.00851203E+000, 3.24803847E-002, 3.27568587E-002
 1.23000000E+000, 0.00000000E+000, 1.00850754E+000, 3.24944007E-002, 3.27708480E-002
 1.29000000E+000, 0.00000000E+000, 1.00850301E+000, 3.25085102E-002, 3.27849305E-002
 1.35000000E+000, 0.00000000E+000, 1.00849846E+000, 3.25227109E-002, 3.27991038E-002
 1.41000000E+000, 0.00000000E+000, 1.00849387E+000, 3.25370004E-002, 3.28133656E-002
 1.47000000E+000, 0.00000000E+000, 1.00848926E+000, 3.25513762E-002, 3.28277135E-002
 1.53000000E+000, 0.00000000E+000, 1.00848463E+000, 3.25658362E-002, 3.28421452E-002
 1.59000000E+000, 0.00000000E+000, 1.00847996E+000, 3.25803780E-002, 3.28566584E-002
 1.65000000E+000, 0.00000000E+000, 1.00847528E+000, 3.25949992E-002, 3.28712508E-002
 1.71000000E+000, 0.00000000E+000, 1.00847056E+000, 3.26096975E-002, 3.28859200E-002
 1.77000000E+000, 0.00000000E+000, 1.00846582E+000, 3.26244706E-002, 3.29006636E-002
 1.83000000E+000, 0.00000000E+000, 1.00846106E+000, 3.26393161E-002, 3.29154795E-002
 1.89000000E+000, 0.00000000E+000, 1.00845628E+000, 3.26542317E-002, 3.29303651E-002
 1.95000000E+000, 0.00000000E+000, 1.00845148E+000, 3.26692150E-002, 3.29453181E-002
 2.01000000E+000, 0.00000000E+000, 1.00844665E+000, 3.26842637E-002, 3.29603363E-002
 2.07000000E+000, 0.00000000E+000, 1.00844180E+000, 3.26993754E-002, 3.29754171E-002
 2.13000000E+000, 0.00000000E+000, 1.00843694E+000, 3.27145477E-002, 3.29905583E-002
 2.19000000E+000, 0.00000000E+000, 1.00843205E+000, 3.27297781E-002, 3.30057574E-002
 2.25000000E+000, 0.00000000E+000, 1.00842715E+000, 3.27450644E-002, 3.30210120E-002
 2.31000000E+000, 0.00000000E+000, 1.00842223E+000, 3.27604040E-002, 3.30363197E-002
 2.37000000E+000, 0.00000000E+000, 1.00841730E+000, 3.27757944E-002, 3.30516781E-002
 2.43000000E+000, 0.00000000E+000, 1.00841235E+000, 3.27912334E-002, 3.30670846E-002
 2.49000000E+000, 0.00000000E+000, 1.00840738E+000, 3.28067182E-002, 3.30825368E-002
 2.55000000E+000, 0.00000000E+000, 1.00840240E+000, 3.28222466E-002, 3.30980323E-002
 2.61000000E+000, 0.00000000E+000, 1.00839741E+000, 3.28378158E-002, 3.31135684E-002
 2.67000000E+000, 0.00000000E+000, 1.00839241E+000, 3.28534235E-002, 3.31291428E-002
 2.73000000E+000, 0.00000000E+000, 1.00838739E+000, 3.28690671E-002, 3.31447528E-002
 2.79000000E+000, 0.00000000E+000, 1.00838236E+000, 3.28847440E-002, 3.31603958E-002
 2.85000000E+000, 0.00000000E+000, 1.00837732E+000, 3.29004516E-002, 3.31760694E-002
 2.91000000E+000, 0.00000000E+000, 1.00837228E+000, 3.29161874E-002, 3.31917709E-002
 2.97000000E+000, 0.00000000E+000, 1.00836723E+000, 3.29319487E-002, 3.32074977E-002
 3.03000000E+000, 0.00000000E+000, 1.00836216E+000, 3.29477329E-002, 3.32232472E-002
 3.09000000E+000, 0.00000000E+000, 1.00835710E+000, 3.29635374E-002, 3.32390168E-002
 3.15000000E+000, 0.00000000E+000, 1.00835202E+000, 3.29793594E-002, 3.32548038E-002
 3.21000000E+000, 0.00000000E+000, 1.00834694E+000, 3.29951965E-002, 3.32706055E-002
 3.27000000E+000, 0.00000000E+000, 1.00834186E+000, 3.30110458E-002, 3.32864194E-002
 3.33000000E+000, 0.00000000E+000, 1.00833678E+000, 3.30269047E-002, 3.33022426E-002
 3.39000000E+000, 0.00000000E+000, 1.00833169E+000, 3.30427705E-002, 3.33180725E-002
 3.45000000E+000, 0.00000000E+000, 1.00832660E+000, 3.30586404E-002, 3.33339065E-002
 3.51000000E+000, 0.00000000E+000, 1.00832151E+000, 3.30745118E-002, 3.33497417E-002
 3.57000000E+000, 0.00000000E+000, 1.00831642E+000, 3.30903819E-002, 3.33655755E-002
 3.63000000E+000, 0.00000000E+000, 1.00831133E+000, 3.31062480E-002, 3.33814051E-002
 3.69000000E+000, 0.00000000E+000, 1.00830625E+000, 3.31221073E-002, 3.33972278E-002
 3.75000000E+000, 0.00000000E+000, 1.00830117E+000, 3.31379572E-002, 3.34130409E-002
 3.81000000E+000, 0.00000000E+000, 1.00829609E+000, 3.31537948E-002, 3.34288416E-002
 3.87000000E+000, 0.00000000E+000, 1.00829102E+000, 3.31696173E-002, 3.34446271E-002
 3.93000000E+000, 0.00000000E+000, 1.00828595E+000, 3.31854222E-002, 3.34603948E-002
 3.99000000E+000, 0.00000000E+000, 1.00828089E+000, 3.32012065E-002, 3.34761419E-002
 4.05000000E+000, 0.00000000E+000, 1.00827583E+000, 3.32169675E-002, 3.34918656E-002
 4.11000000E+000, 0.00000000E+000, 1.00827079E+000, 3.32327026E-002, 3.35075632E-002
 4.17000000E+000, 0.00000000E+000, 1.00826575E+000, 3.32484089E-002, 3.35232320E-002
 4.23000000E+000, 0.00000000E+000, 1.00826072E+000, 3.32640837E-002, 3.35388691E-002
 4.29000000E+000, 0.00000000E+000, 1.00825571E+000, 3.32797242E-002, 3.35544720E-002
 4.35000000E+000, 0.00000000E+000, 1.00825071E+000, 3.32953279E-002, 3.35700379E-002
 4.41000000E+000, 0.00000000E+000, 1.00824572E+000, 3.33108918E-002, 3.35855640E-002
 4.47000000E+000, 0.00000000E+000, 1.00824074E+000, 3.33264134E-002, 3.36010477E-002
 4.53000000E+000, 0.00000000E+000, 1.00823578E+000, 3.33418899E-002, 3.36164863E-002
 4.59000000E+000, 0.00000000E+000, 1.00823083E+000, 3.33573186E-002, 3.36318771E-002
 4.65000000E+000, 0.00000000E+000, 1.00822590E+000, 3.33726970E-002, 3.36472175E-002
 4.71000000E+000, 0.00000000E+000, 1.00822099E+000, 3.33880223E-002, 3.36625048E-002
 4.77000000E+000, 0.00000000E+000, 1.00821609E+000, 3.34032919E-002, 3.36777364E-002
 4.83000000E+000, 0.00000000E+000, 1.00821121E+000, 3.34185032E-002, 3.36929097E-002
 4.89000000E+000, 0.00000000E+000, 1.00820636E+000, 3.34336537E-002, 3.37080222E-002
 4.95000000E+000, 0.00000000E+000, 1.00820152E+000, 3.34487407E-002, 3.37230712E-002
 5.01000000E+000, 0.00000000E+000, 1.00819670E+000, 3.34637618E-002, 3.37380543E-002
 5.07000000E+000, 0.00000000E+000, 1.00819191E+000, 3.34787143E-002, 3.37529689E-002
 5.13000000E+000, 0.00000000E+000, 1.00818714E+000, 3.34935959E-002, 3.37678126E-002
 5.19000000E+000, 0.00000000E+000, 1.00818239E+000, 3.35084040E-002, 3.37825830E-002
 5.25000000E+000, 0.00000000E+000, 1.00817767E+000, 3.35231363E-002, 3.37972775E-002
 5.31000000E+000, 0.00000000E+000, 1.00817297E+000, 3.35377904E-002, 3.38118939E-002
 5.37000000E+000, 0.00000000E+000, 1.00816830E+000, 3.35523639E-002, 3.38264297E-002
 5.43000000E+000, 0.00000000E+000, 1.00816366E+000, 3.35668545E-002, 3.38408828E-002
 5.49000000E+000, 0.00000000E+000, 1.00815904E+000, 3.35812599E-002, 3.38552508E-002
 5.55000000E+000, 0.00000000E+000, 1.00815445E+000, 3.35955779E-002, 3.38695315E-002
 5.61000000E+000, 0.00000000E+000, 1.00814989E+000, 3.36098064E-002, 3.38837227E-002
 5.67000000E+000, 0.00000000E+000, 1.00814536E+000, 3.36239431E-002, 3.38978224E-002
 5.73000000E+000, 0.00000000E+000, 1.00814087E+000, 3.36379860E-002, 3.39118283E-002
 5.79000000E+000, 0.00000000E+000, 1.00813640E+000, 3.36519331E-002, 3.39257386E-002
 5.85000000E+000, 0.00000000E+000, 1.00813196E+000, 3.36657824E-002, 3.39395513E-002
 5.91000000E+000, 0.00000000E+000, 1.00812756E+000, 3.36795321E-002, 3.39532645E-002
 5.97000000E+000, 0.00000000E+000, 1.00812319E+000, 3.36931802E-002, 3.39668763E-002
 6.03000000E+000, 0.00000000E+000, 1.00811886E+000, 3.37067250E-002, 3.39803851E-002
 6.09000000E+000, 0.00000000E+000, 1.00811456E+000, 3.37201650E-002, 3.39937892E-002
 6.15000000E+000, 0.00000000E+000, 1.00811029E+000, 3.37334984E-002, 3.40070869E-002
 6.21000000E+000, 0.00000000E+000, 1.00810607E+000, 3.37467238E-002, 3.40202769E-002
 6.27000000E+000, 0.00000000E+000, 1.00810188E+000, 3.37598398E-002, 3.40333578E-002
 6.33000000E+000, 0.00000000E+000, 1.00809772E+000, 3.37728452E-002, 3.40463284E-002
 6.39000000E+000, 0.00000000E+000, 1.00809361E+000, 3.37857388E-002, 3.40591874E-002
 6.45000000E+000, 0.00000000E+000, 1.00808954E+000, 3.37985197E-002, 3.40719340E-002
 6.51000000E+000, 0.00000000E+000, 1.00808550E+000, 3.38111869E-002, 3.40845673E-002
 6.57000000E+000, 0.00000000E+000, 1.00808151E+000, 3.38237399E-002, 3.40970867E-002
 6.63000000E+000, 0.00000000E+000, 1.00807756E+000, 3.38361780E-002, 3.41094916E-002
 6.69000000E+000, 0.00000000E+000, 1.00807365E+000, 3.38485009E-002, 3.41217818E-002
 6.75000000E+000, 0.00000000E+000, 1.00806978E+000, 3.38607085E-002, 3.41339571E-002
 6.81000000E+000, 0.00000000E+000, 1.00806596E+000, 3.38728009E-002, 3.41460177E-002
 6.87000000E+000, 0.00000000E+000, 1.00806219E+000, 3.38847783E-002, 3.41579638E-002
 6.93000000E+000, 0.00000000E+000, 1.00805846E+000, 3.38966412E-002, 3.41697960E-002
 6.99000000E+000, 0.00000000E+000, 1.00805478E+000, 3.39083904E-002, 3.41815151E-002
 7.05000000E+000, 0.00000000E+000, 1.00805115E+000, 3.39200269E-002, 3.41931221E-002
 7.11000000E+000, 0.00000000E+000, 1.00804757E+000, 3.39315519E-002, 3.42046183E-002
 7.17000000E+000, 0.00000000E+000, 1.00804404E+000, 3.39429667E-002, 3.42160052E-002
 7.23000000E+000, 0.00000000E+000, 1.00804056E+000, 3.39542732E-002, 3.42272845E-002
 7.29000000E+000, 0.00000000E+000, 1.00803713E+000, 3.39654730E-002, 3.42384581E-002
 7.35000000E+000, 0.00000000E+000, 1.00803376E+000, 3.39765683E-002, 3.42495281E-002
 7.41000000E+000, 0.00000000E+000, 1.00803045E+000, 3.39875613E-002, 3.42604967E-002
 7.47000000E+000, 0.00000000E+000, 1.00802719E+000, 3.39984543E-002, 3.42713665E-002
 7.53000000E+000, 0.00000000E+000, 1.00802400E+000, 3.40092496E-002, 3.42821397E-002
 7.59000000E+000, 0.00000000E+000, 1.00802086E+000, 3.40199497E-002, 3.42928188E-002
 7.65000000E+000, 0.00000000E+000, 1.00801778E+000, 3.40305569E-002, 3.43034064E-002
 7.71000000E+000, 0.00000000E+000, 1.00801477E+000, 3.40410734E-002, 3.43139046E-002
 7.77000000E+000, 0.00000000E+000, 1.00801182E+000, 3.40515013E-002, 3.43243156E-002
 7.83000000E+000, 0.00000000E+000, 1.00800893E+000, 3.40618424E-002, 3.43346413E-002
 7.89000000E+000, 0.00000000E+000, 1.00800611E+000, 3.40720982E-002, 3.43448832E-002
 7.95000000E+000, 0.00000000E+000, 1.00800335E+000, 3.40822698E-002, 3.43550423E-002
 8.01000000E+000, 0.00000000E+000, 1.00800066E+000, 3.40923577E-002, 3.43651193E-002
 8.07000000E+000, 0.00000000E+000, 1.00799804E+000, 3.41023620E-002, 3.43751142E-002
 8.13000000E+000, 0.00000000E+000, 1.00799549E+000, 3.41122820E-002, 3.43850263E-002
 8.19000000E+000, 0.00000000E+000, 1.00799300E+000, 3.41221165E-002, 3.43948545E-002
 8.25000000E+000, 0.00000000E+000, 1.00799058E+000, 3.41318634E-002, 3.44045967E-002
 8.31000000E+000, 0.00000000E+000, 1.00798822E+000, 3.41415200E-002, 3.44142500E-002
 8.37000000E+000, 0.00000000E+000, 1.00798593E+000, 3.41510829E-002, 3.44238110E-002
 8.43000000E+000, 0.00000000E+000, 1.00798370E+000, 3.41605477E-002, 3.44332752E-002
 8.49000000E+000, 0.00000000E+000, 1.00798153E+000, 3.41699096E-002, 3.44426378E-002
 8.55000000E+000, 0.00000000E+000, 1.00797942E+000, 3.41791629E-002, 3.44518928E-002
 8.61000000E+000, 0.00000000E+000, 1.00797737E+000, 3.41883013E-002, 3.44610341E-002
 8.67000000E+000, 0.00000000E+000, 1.00797538E+000, 3.41973181E-002, 3.44700546E-002
 8.73000000E+000, 0.00000000E+000, 1.00797344E+000, 3.42062062E-002, 3.44789472E-002
 8.79000000E+000, 0.00000000E+000, 1.00797155E+000, 3.42149580E-002, 3.44877041E-002
 8.85000000E+000, 0.00000000E+000, 1.00796970E+000, 3.42235660E-002, 3.44963177E-002
 8.91000000E+000, 0.00000000E+000, 1.00796791E+000, 3.42320225E-002, 3.45047801E-002
 8.97000000E+000, 0.00000000E+000, 1.00796616E+000, 3.42403198E-002, 3.45130836E-002
 9.03000000E+000, 0.00000000E+000, 1.00796444E+000, 3.42484508E-002, 3.45212207E-002
 9.09000000E+000, 0.00000000E+000, 1.00796277E+000, 3.42564085E-002, 3.45291845E-002
 9.15000000E+000, 0.00000000E+000, 1.00796113E+000, 3.42641865E-002, 3.45369683E-002
 9.21000000E+000, 0.00000000E+000, 1.00795953E+000, 3.42717791E-002, 3.45445664E-002
 9.27000000E+000, 0.00000000E+000, 1.00795796E+000, 3.42791811E-002, 3.45519735E-002
 9.33000000E+000, 0.00000000E+000, 1.00795642E+000, 3.42863885E-002, 3.45591854E-002
 9.39000000E+000, 0.00000000E+000, 1.00795491E+000, 3.42933979E-002, 3.45661988E-002
 9.45000000E+000, 0.00000000E+000, 1.00795343E+000, 3.43002070E-002, 3.45730113E-002
 9.51000000E+000, 0.00000000E+000, 1.00795198E+000, 3.43068145E-002, 3.45796214E-002
 9.57000000E+000, 0.00000000E+000, 1.00795055E+000, 3.43132199E-002, 3.45860288E-002
 9.63000000E+000, 0.00000000E+000, 1.00794915E+000, 3.43194239E-002, 3.45922340E-002
 9.69000000E+000, 0.00000000E+000, 1.00794777E+000, 3.43254278E-002, 3.45982386E-002
 9.75000000E+000, 0.00000000E+000, 1.00794643E+000, 3.43312342E-002, 3.46040449E-002
 9.81000000E+000, 0.00000000E+000, 1.00794511E+000, 3.43368461E-002, 3.46096562E-002
 9.87000000E+000, 0.00000000E+000, 1.00794382E+000, 3.43422675E-002, 3.46150764E-002
 9.93000000E+000, 0.00000000E+000, 1.00794256E+000, 3.43475028E-002, 3.46203100E-002
 9.99000000E+000, 0.00000000E+000, 1.00794134E+000, 3.43525570E-002, 3.46253622E-002
 1.00500000E+001, 0.00000000E+000, 1.00794014E+000, 3.43574356E-002, 3.46302385E-002
 1.01100000E+001, 0.00000000E+000, 1.00793898E+000, 3.43621443E-002, 3.46349447E-002
 1.01700000E+001, 0.00000000E+000, 1.00793785E+000, 3.43666891E-002, 3.46394869E-002
 1.02300000E+001, 0.00000000E+000, 1.00793676E+000, 3.43710759E-002, 3.46438710E-002
 1.02900000E+001, 0.00000000E+000, 1.00793571E+000, 3.43753108E-002, 3.46481034E-002
 1.03500000E+001, 0.00000000E+000, 1.00793470E+000, 3.43793997E-002, 3.46521899E-002
 1.04100000E+001, 0.00000000E+000, 1.00793373E+000, 3.43833483E-002, 3.46561364E-002
 1.04700000E+001, 0.00000000E+000, 1.00793280E+000, 3.43871621E-002, 3.46599485E-002
 1.05300000E+001, 0.00000000E+000, 1.00793191E+000, 3.43908464E-002, 3.46636314E-002
 1.05900000E+001, 0.00000000E+000, 1.00793107E+000, 3.43944058E-002, 3.46671901E-002
 1.06500000E+001, 0.00000000E+000, 1.00793027E+000, 3.43978448E-002, 3.46706289E-002
 1.07100000E+001, 0.00000000E+000, 1.00792951E+000, 3.44011674E-002, 3.46739519E-002
 1.07700000E+001, 0.00000000E+000, 1.00792881E+000, 3.44043772E-002, 3.46771628E-002
 1.08300000E+001, 0.00000000E+000, 1.00792814E+000, 3.44074771E-002, 3.46802646E-002
 1.08900000E+001, 0.00000000E+000, 1.00792753E+000, 3.44104699E-002, 3.46832599E-002
 1.09500000E+001, 0.00000000E+000, 1.00792696E+000, 3.44133576E-002, 3.46861509E-002
 1.10100000E+001, 0.00000000E+000, 1.00792644E+000, 3.44161420E-002, 3.46889394E-002
 1.10700000E+001, 0.00000000E+000, 1.00792596E+000, 3.44188244E-002, 3.46916267E-002
 1.11300000E+001, 0.00000000E+000, 1.00792553E+000, 3.44214056E-002, 3.46942136E-002
 1.11900000E+001, 0.00000000E+000, 1.00792515E+000, 3.44238863E-002, 3.46967007E-002
 1.12500000E+001, 0.00000000E+000, 1.00792481E+000, 3.44262666E-002, 3.46990881E-002
 1.13100000E+001, 0.00000000E+000, 1.00792451E+000, 3.44285463E-002, 3.47013758E-002
 1.13700000E+001, 0.00000000E+000, 1.00792426E+000, 3.44307252E-002, 3.47035632E-002
 1.14300000E+001, 0.00000000E+000, 1.00792405E+000, 3.44328025E-002, 3.47056498E-002
 1.14900000E+001, 0.00000000E+000, 1.00792388E+000, 3.44347776E-002, 3.47076347E-002
 1.15500000E+001, 0.00000000E+000, 1.00792375E+000, 3.44366494E-002, 3.47095169E-002
 1.16100000E+001, 0.00000000E+000, 1.00792367E+000, 3.44384168E-002, 3.47112953E-002
 1.16700000E+001, 0.00000000E+000, 1.00792362E+000, 3.44400786E-002, 3.47129685E-002
 1.17300000E+001, 0.00000000E+000, 1.00792360E+000, 3.44416335E-002, 3.47145353E-002
 1.17900000E+001, 0.00000000E+000, 1.00792363E+000, 3.44430803E-002, 3.47159944E-002
 1.18500000E+001, 0.00000000E+000, 1.00792368E+000, 3.44444177E-002, 3.47173444E-002
 1.19100000E+001, 0.00000000E+000, 1.00792378E+000, 3.44456445E-002, 3.47185840E-002
 1.19700000E+001, 0.00000000E+000, 1.00792390E+000, 3.44467593E-002, 3.47197120E-002
 1.20300000E+001, 0.00000000E+000, 1.00792406E+000, 3.44477612E-002, 3.47207272E-002
 1.20900000E+001, 0.00000000E+000, 1.00792424E+000, 3.44486490E-002, 3.47216285E-002
 1.21500000E+001, 0.00000000E+000, 1.00792446E+000, 3.44494220E-002, 3.47224151E-002
 1.22100000E+001, 0.00000000E+000, 1.00792471E+000, 3.44500794E-002, 3.47230862E-002
 1.22700000E+001, 0.00000000E+000, 1.00792498E+000, 3.44506208E-002, 3.47236412E-002
 1.23300000E+001, 0.00000000E+000, 1.00792528E+000, 3.44510459E-002, 3.47240800E-002
 1.23900000E+001, 0.00000000E+000, 1.00792561E+000, 3.44513547E-002, 3.47244026E-002
 1.24500000E+001, 0.00000000E+000, 1.00792596E+000, 3.44515477E-002, 3.47246093E-002
 1.25100000E+001, 0.00000000E+000, 1.00792634E+000, 3.44516257E-002, 3.47247010E-002
 1.25700000E+001, 0.00000000E+000, 1.00792674E+000, 3.44515902E-002, 3.47246790E-002
 1.26300000E+001, 0.00000000E+000, 1.00792717E+000, 3.44514430E-002, 3.47245454E-002
 1.26900000E+001, 0.00000000E+000, 1.00792762E+000, 3.44511872E-002, 3.47243032E-002
 1.27500000E+001, 0.00000000E+000, 1.00792810E+000, 3.44508267E-002, 3.47239564E-002
 1.28100000E+001, 0.00000000E+000, 1.00792861E+000, 3.44503668E-002, 3.47235103E-002
 1.28700000E+001, 0.00000000E+000, 1.00792914E+000, 3.44498146E-002, 3.47229721E-002
 1.29300000E+001, 0.00000000E+000, 1.00792971E+000, 3.44491792E-002, 3.47223512E-002
 1.29900000E+001, 0.00000000E+000, 1.00793031E+000, 3.44484729E-002, 3.47216599E-002
 1.30500000E+001, 0.00000000E+000, 1.00793095E+000, 3.44477113E-002, 3.47209142E-002
 1.31100000E+001, 0.00000000E+000, 1.00793163E+000, 3.44469146E-002, 3.47201346E-002
 1.31700000E+001, 0.00000000E+000, 1.00793236E+000, 3.44461087E-002, 3.47193476E-002
 1.32300000E+001, 0.00000000E+000, 1.00793315E+000, 3.44453267E-002, 3.47185868E-002
 1.32900000E+001, 0.00000000E+000, 1.00793402E+000, 3.44446107E-002, 3.47178951E-002
 1.33500000E+001, 0.00000000E+000, 1.00793498E+000, 3.44440140E-002, 3.47173266E-002
 1.34100000E+001, 0.00000000E+000, 1.00793605E+000, 3.44436033E-002, 3.47169496E-002
 1.34700000E+001, 0.00000000E+000, 1.00793726E+000, 3.44434623E-002, 3.47168491E-002
 1.35300000E+001, 0.00000000E+000, 1.00793864E+000, 3.44436949E-002, 3.47171310E-002
 1.35900000E+001, 0.00000000E+000, 1.00794023E+000, 3.44444296E-002, 3.47179262E-002
 1.36500000E+001, 0.00000000E+000, 1.00794208E+000, 3.44458241E-002, 3.47193955E-002
 1.37100000E+001, 0.00000000E+000, 1.00794425E+000, 3.44480712E-002, 3.47217353E-002
 1.37700000E+001, 0.00000000E+000, 1.00794682E+000, 3.44514049E-002, 3.47251839E-002
 1.38300000E+001, 0.00000000E+000, 1.00794987E+000, 3.44561073E-002, 3.47300289E-002
 1.38900000E+001, 0.00000000E+000, 1.00795352E+000, 3.44625166E-002, 3.47366149E-002
 1.39500000E+001, 0.00000000E+000, 1.00795789E+000, 3.44710355E-002, 3.47453521E-002
 1.40100000E+001, 0.00000000E+000, 1.00796313E+000, 3.44821406E-002, 3.47567264E-002
 1.40700000E+001, 0.00000000E+000, 1.00796943E+000, 3.44963919E-002, 3.47713084E-002
 1.41300000E+001, 0.00000000E+000, 1.00797699E+000, 3.45144436E-002, 3.47897648E-002
 1.41900000E+001, 0.00000000E+000, 1.00798605E+000, 3.45370545E-002, 3.48128691E-002
 1.42500000E+001, 0.00000000E+000, 1.00799690E+000, 3.45650988E-002, 3.48415124E-002
 1.43100000E+001, 0.00000000E+000, 1.00800985E+000, 3.45995772E-002, 3.48767147E-002
 1.43700000E+001, 0.00000000E+000, 1.00802527E+000, 3.46416272E-002, 3.49196358E-002
 1.44300000E+001, 0.00000000E+000, 1.00804358E+000, 3.46925328E-002, 3.49715848E-002
 1.44900000E+001, 0.00000000E+000, 1.00806522E+000, 3.47537335E-002, 3.50340300E-002
 1.45500000E+001, 0.00000000E+000, 1.00809072E+000, 3.48268319E-002, 3.51086060E-002
 1.46100000E+001, 0.00000000E+000, 1.00812064E+000, 3.49135994E-002, 3.51971201E-002
 1.46700000E+001, 0.00000000E+000, 1.00815560E+000, 3.50159801E-002, 3.53015566E-002
 1.47300000E+001, 0.00000000E+000, 1.00819629E+000, 3.51360925E-002, 3.54240782E-002
 1.47900000E+001, 0.00000000E+000, 1.00824344E+000, 3.52762278E-002, 3.55670253E-002
 1.48500000E+001, 0.00000000E+000, 1.00829783E+000, 3.54388463E-002, 3.57329119E-002
 1.49100000E+001, 0.00000000E+000, 1.00836032E+000, 3.56265696E-002, 3.59244190E-002
 1.49700000E+001, 0.00000000E+000, 1.00843178E+000, 3.58421708E-002, 3.61443839E-002
 1.50300000E+001, 0.00000000E+000, 1.00851315E+000, 3.60885599E-002, 3.63957871E-002
 1.50900000E+001, 0.00000000E+000, 1.00860540E+000, 3.63687675E-002, 3.66817353E-002
 1.51500000E+001, 0.00000000E+000, 1.00870954E+000, 3.66859247E-002, 3.70054424E-002
 1.52100000E+001, 0.00000000E+000, 1.00882661E+000, 3.70432400E-002, 3.73702061E-002
 1.52700000E+001, 0.00000000E+000, 1.00895764E+000, 3.74439749E-002, 3.77793844E-002
 1.53300000E+001, 0.00000000E+000, 1.00910369E+000, 3.78914164E-002, 3.82363682E-002
 1.53900000E+001, 0.00000000E+000, 1.00926583E+000, 3.83888490E-002, 3.87445534E-002
 1.54500000E+001, 0.00000000E+000, 1.00944509E+000, 3.89395257E-002, 3.93073130E-002
 1.55100000E+001, 0.00000000E+000, 1.00964251E+000, 3.95466387E-002, 3.99279675E-002
 1.55700000E+001, 0.00000000E+000, 1.00985909E+000, 4.02132910E-002, 4.06097573E-002
 1.56300000E+001, 0.00000000E+000, 1.01009579E+000, 4.09424689E-002, 4.13558154E-002
 1.56900000E+001, 0.00000000E+000, 1.01035353E+000, 4.17370164E-002, 4.21691418E-002
 1.57500000E+001, 0.00000000E+000, 1.01063318E+000, 4.25996119E-002, 4.30525811E-002
 1.58100000E+001, 0.00000000E+000, 1.01093555E+000, 4.35327473E-002, 4.40088017E-002
 1.58700000E+001, 0.00000000E+000, 1.01126138E+000, 4.45387113E-002, 4.50402786E-002
 1.59300000E+001, 0.00000000E+000, 1.01161135E+000, 4.56195747E-002, 4.61492796E-002
 1.59900000E+001, 0.00000000E+000, 1.01198607E+000, 4.67771803E-002, 4.73378547E-002
 1.60500000E+001, 0.00000000E+000, 1.01238606E+000, 4.80131363E-002, 4.86078297E-002
 1.61100000E+001, 0.00000000E+000, 1.01281178E+000, 4.93288125E-002, 4.99608022E-002
 1.61700000E+001, 0.00000000E+000, 1.01326361E+000, 5.07253412E-002, 5.13981422E-002
 1.62300000E+001, 0.00000000E+000, 1.01374185E+000, 5.22036203E-002, 5.29209947E-002
 1.62900000E+001, 0.00000000E+000, 1.01424675E+000, 5.37643196E-002, 5.45302863E-002
 1.63500000E+001, 0.00000000E+000, 1.01477846E+000, 5.54078898E-002, 5.62267331E-002
 1.64100000E+001, 0.00000000E+000, 1.01533708E+000, 5.71345739E-002, 5.80108516E-002
 1.64700000E+001, 0.00000000E+000, 1.01592266E+000, 5.89444193E-002, 5.98829712E-002
 1.65300000E+001, 0.00000000E+000, 1.01653516E+000, 6.08372930E-002, 6.18432476E-002
 1.65900000E+001, 0.00000000E+000, 1.01717453E+000, 6.28128958E-002, 6.38916778E-002
 1.66500000E+001, 0.00000000E+000, 1.01784064E+000, 6.48707788E-002, 6.60281148E-002
 1.67100000E+001, 0.00000000E+000, 1.01853332E+000, 6.70103590E-002, 6.82522834E-002
 1.67700000E+001, 0.00000000E+000, 1.01925238E+000, 6.92309351E-002, 7.05637954E-002
 1.68300000E+001, 0.00000000E+000, 1.01999759E+000, 7.15317030E-002, 7.29621645E-002
 1.68900000E+001, 0.00000000E+000, 1.02076868E+000, 7.39117706E-002, 7.54468207E-002
 1.69500000E+001, 0.00000000E+000, 1.02156538E+000, 7.63701721E-002, 7.80171240E-002
 1.70100000E+001, 0.00000000E+000, 1.02238738E+000, 7.89058805E-002, 8.06723767E-002
 1.70700000E+001, 0.00000000E+000, 1.02323437E+000, 8.15178202E-002, 8.34118353E-002
 1.71300000E+001, 0.00000000E+000, 1.02410601E+000, 8.42048775E-002, 8.62347210E-002
 1.71900000E+001, 0.00000000E+000, 1.02500197E+000, 8.69659103E-002, 8.91402290E-002
 1.72500000E+001, 0.00000000E+000, 1.02592190E+000, 8.97997570E-002, 9.21275369E-002
 1.73100000E+001, 0.00000000E+000, 1.02686545E+000, 9.27052439E-002, 9.51958118E-002
 1.73700000E+001, 0.00000000E+000, 1.02783227E+000, 9.56811914E-002, 9.83442165E-002
 1.74300000E+001, 0.00000000E+000, 1.02882202E+000, 9.87264195E-002, 1.01571915E-001
 1.74900000E+001, 0.00000000E+000, 1.02983435E+000, 1.01839753E-001, 1.04878075E-001
 1.75500000E+001, 0.00000000E+000, 1.03086890E+000, 1.05020022E-001, 1.08261875E-001
 1.76100000E+001, 0.00000000E+000, 1.03192534E+000, 1.08266071E-001, 1.11722502E-001
 1.76700000E+001, 0.00000000E+000, 1.03300332E+000, 1.11576755E-001, 1.15259158E-001
 1.77300000E+001, 0.00000000E+000, 1.03410251E+000, 1.14950942E-001, 1.18871058E-001
 1.77900000E+001, 0.00000000E+000, 1.03522259E+000, 1.18387520E-001, 1.22557434E-001
 1.78500000E+001, 0.00000000E+000, 1.03636322E+000, 1.21885388E-001, 1.26317533E-001
 1.79100000E+001, 0.00000000E+000, 1.03752409E+000, 1.25443465E-001, 1.30150618E-001
 1.79700000E+001, 0.00000000E+000, 1.03870489E+000, 1.29060687E-001, 1.34055966E-001
 1.80300000E+001, 0.00000000E+000, 1.03990530E+000, 1.32736004E-001, 1.38032874E-001
 1.80900000E+001, 0.00000000E+000, 1.04112502E+000, 1.36468384E-001, 1.42080649E-001
 1.81500000E+001, 0.00000000E+000, 1.04236376E+000, 1.40256811E-001, 1.46198617E-001
 1.82100000E+001, 0.00000000E+000, 1.04362121E+000, 1.44100285E-001, 1.50386113E-001
 1.82700000E+001, 0.00000000E+000, 1.04489709E+000, 1.47997819E-001, 1.54642490E-001
 1.83300000E+001, 0.00000000E+000, 1.04619111E+000, 1.51948441E-001, 1.58967109E-001
 1.83900000E+001, 0.00000000E+000, 1.04750300E+000, 1.55951196E-001, 1.63359345E-001
 1.84500000E+001, 0.00000000E+000, 1.04883247E+000, 1.60005138E-001, 1.67818584E-001
 1.85100000E+001, 0.00000000E+000, 1.05017925E+000, 1.64109336E-001, 1.72344220E-001
 1.85700000E+001, 0.00000000E+000, 1.05154308E+000, 1.68262873E-001, 1.76935659E-001
 1.86300000E+001, 0.00000000E+000, 1.05292368E+000, 1.72464842E-001, 1.81592316E-001
 1.86900000E+001, 0.00000000E+000, 1.05432080E+000, 1.76714349E-001, 1.86313613E-001
 1.87500000E+001, 0.00000000E+000, 1.05573417E+000, 1.81010511E-001, 1.91098982E-001
 1.88100000E+001, 0.00000000E+000, 1.05716354E+000, 1.85352458E-001, 1.95947861E-001
 1.88700000E+001, 0.00000000E+000, 1.05860866E+000, 1.89739329E-001, 2.00859698E-001
 1.89300000E+001, 0.00000000E+000, 1.06006928E+000, 1.94170276E-001, 2.05833946E-001
 1.89900000E+001, 0.00000000E+000, 1.06154516E+000, 1.98644462E-001, 2.10870066E-001
 1.90500000E+001, 0.00000000E+000, 1.06303604E+000, 2.03161059E-001, 2.15967528E-001
 1.91100000E+001, 0.00000000E+000, 1.06454169E+000, 2.07719253E-001, 2.21125805E-001
 1.91700000E+001, 0.00000000E+000, 1.06606188E+000, 2.12318238E-001, 2.26344380E-001
 1.92300000E+001, 0.00000000E+000, 1.06759636E+000, 2.16957222E-001, 2.31622741E-001
 1.92900000E+001, 0.00000000E+000, 1.06914492E+000, 2.21635420E-001, 2.36960384E-001
 1.93500000E+001, 0.00000000E+000, 1.07070732E+000, 2.26352062E-001, 2.42356810E-001
 1.94100000E+001, 0.00000000E+000, 1.07228334E+000, 2.31106388E-001, 2.47811529E-001
 1.94700000E+001, 0.00000000E+000, 1.07387275E+000, 2.35897646E-001, 2.53324055E-001
 1.95300000E+001, 0.00000000E+000, 1.07547535E+000, 2.40725100E-001, 2.58893911E-001
 1.95900000E+001, 0.00000000E+000, 1.07709091E+000, 2.45588022E-001, 2.64520626E-001
 1.96500000E+001, 0.00000000E+000, 1.07871923E+000, 2.50485695E-001, 2.70203735E-001
 1.97100000E+001, 0.00000000E+000, 1.08036009E+000, 2.55417415E-001, 2.75942782E-001
 1.97700000E+001, 0.00000000E+000, 1.08201329E+000, 2.60382489E-001, 2.81737314E-001
 1.98300000E+001, 0.00000000E+000, 1.08367864E+000, 2.65380233E-001, 2.87586889E-001
 1.98900000E+001, 0.00000000E+000, 1.08535592E+000, 2.70409978E-001, 2.93491070E-001
 1.99500000E+001, 0.00000000E+000, 1.08704495E+000, 2.75471061E-001, 2.99449426E-001
 2.00100000E+001, 0.00000000E+000, 1.08874553E+000, 2.80562836E-001, 3.05461534E-001
 2.00700000E+001, 0.00000000E+000, 1.09045748E+000, 2.85684663E-001, 3.11526977E-001
 2.01300000E+001, 0.00000000E+000, 1.09218060E+000, 2.90835917E-001, 3.17645347E-001
 2.01900000E+001, 0.00000000E+000, 1.09391472E+000, 2.96015981E-001, 3.23816239E-001
 2.02500000E+001, 0.00000000E+000, 1.09565966E+000, 3.01224250E-001, 3.30039259E-001
 2.03100000E+001, 0.00000000E+000, 1.09741523E+000, 3.06460131E-001, 3.36314016E-001
 2.03700000E+001, 0.00000000E+000, 1.09918127E+000, 3.11723040E-001, 3.42640128E-001
 2.04300000E+001, 0.00000000E+000, 1.10095761E+000, 3.17012404E-001, 3.49017219E-001
 2.04900000E+001, 0.00000000E+000, 1.10274408E+000, 3.22327660E-001, 3.55444918E-001
 2.05500000E+001, 0.00000000E+000, 1.10454050E+000, 3.27668257E-001, 3.61922862E-001
 2.06100000E+001, 0.00000000E+000, 1.10634673E+000, 3.33033653E-001, 3.68450695E-001
 2.06700000E+001, 0.00000000E+000, 1.10816261E+000, 3.38423316E-001, 3.75028065E-001
 2.07300000E+001, 0.00000000E+000, 1.10998797E+000, 3.43836725E-001, 3.81654628E-001
 2.07900000E+001, 0.00000000E+000, 1.11182267E+000, 3.49273366E-001, 3.88330044E-001
 2.08500000E+001, 0.00000000E+000, 1.11366655E+000, 3.54732737E-001, 3.95053982E-001
 2.09100000E+001, 0.00000000E+000, 1.11551946E+000, 3.60214346E-001, 4.01826113E-001
 2.09700000E+001, 0.00000000E+000, 1.11738127E+000, 3.65717708E-001, 4.08646117E-001
 2.10300000E+001, 0.00000000E+000, 1.11925183E+000, 3.71242348E-001, 4.15513677E-001
 2.10900000E+001, 0.00000000E+000, 1.12113100E+000, 3.76787801E-001, 4.22428482E-001
 2.11500000E+001, 0.00000000E+000, 1.12301863E+000, 3.82353609E-001, 4.29390228E-001
 2.12100000E+001, 0.00000000E+000, 1.12491461E+000, 3.87939323E-001, 4.36398613E-001
 2.12700000E+001, 0.00000000E+000, 1.12681879E+000, 3.93544503E-001, 4.43453342E-001
 2.13300000E+001, 0.00000000E+000, 1.12873105E+000, 3.99168717E-001, 4.50554124E-001
 2.13900000E+001, 0.00000000E+000, 1.13065125E+000, 4.04811540E-001, 4.57700674E-001
 2.14500000E+001, 0.00000000E+000, 1.13257927E+000, 4.10472556E-001, 4.64892710E-001
 2.15100000E+001, 0.00000000E+000, 1.13451499E+000, 4.16151356E-001, 4.72129953E-001
 2.15700000E+001, 0.00000000E+000, 1.13645829E+000, 4.21847538E-001, 4.79412132E-001
 2.16300000E+001, 0.00000000E+000, 1.13840904E+000, 4.27560708E-001, 4.86738977E-001
 2.16900000E+001, 0.00000000E+000, 1.14036714E+000, 4.33290478E-001, 4.94110221E-001
 2.17500000E+001, 0.00000000E+000, 1.14233245E+000, 4.39036469E-001, 5.01525605E-001
 2.18100000E+001, 0.00000000E+000, 1.14430487E+000, 4.44798305E-001, 5.08984869E-001
 2.18700000E+001, 0.00000000E+000, 1.14628430E+000, 4.50575620E-001, 5.16487758E-001
 2.19300000E+001, 0.00000000E+000, 1.14827061E+000, 4.56368053E-001, 5.24034021E-001
 2.19900000E+001, 0.00000000E+000, 1.15026370E+000, 4.62175248E-001, 5.31623409E-001
 2.20500000E+001, 0.00000000E+000, 1.15226346E+000, 4.67996857E-001, 5.39255676E-001
 2.21100000E+001, 0.00000000E+000, 1.15426978E+000, 4.73832535E-001, 5.46930578E-001
 2.21700000E+001, 0.00000000E+000, 1.15628258E+000, 4.79681945E-001, 5.54647875E-001
 2.22300000E+001, 0.00000000E+000, 1.15830173E+000, 4.85544754E-001, 5.62407329E-001
 2.22900000E+001, 0.00000000E+000, 1.16032714E+000, 4.91420636E-001, 5.70208702E-001
 2.23500000E+001, 0.00000000E+000, 1.16235872E+000, 4.97309266E-001, 5.78051761E-001
 2.24100000E+001, 0.00000000E+000, 1.16439635E+000, 5.03210329E-001, 5.85936272E-001
 2.24700000E+001, 0.00000000E+000, 1.16643996E+000, 5.09123510E-001, 5.93862005E-001
 2.25300000E+001, 0.00000000E+000, 1.16848943E+000, 5.15048502E-001, 6.01828730E-001
 2.25900000E+001, 0.00000000E+000, 1.17054468E+000, 5.20985000E-001, 6.09836218E-001
 2.26500000E+001, 0.00000000E+000, 1.17260561E+000, 5.26932704E-001, 6.17884243E-001
 2.27100000E+001, 0.00000000E+000, 1.17467213E+000, 5.32891318E-001, 6.25972577E-001
 2.27700000E+001, 0.00000000E+000, 1.17674414E+000, 5.38860550E-001, 6.34100995E-001
 2.28300000E+001, 0.00000000E+000, 1.17882157E+000, 5.44840110E-001, 6.42269272E-001
 2.28900000E+001, 0.00000000E+000, 1.18090431E+000, 5.50829714E-001, 6.50477182E-001
 2.29500000E+001, 0.00000000E+000, 1.18299228E+000, 5.56829079E-001, 6.58724500E-001
 2.30100000E+001, 0.00000000E+000, 1.18508539E+000, 5.62837926E-001, 6.67011001E-001
 2.30700000E+001, 0.00000000E+000, 1.18718355E+000, 5.68855979E-001, 6.75336459E-001
 2.31300000E+001, 0.00000000E+000, 1.18928667E+000, 5.74882965E-001, 6.83700649E-001
 2.31900000E+001, 0.00000000E+000, 1.19139468E+000, 5.80918612E-001, 6.92103344E-001
 2.32500000E+001, 0.00000000E+000, 1.19350748E+000, 5.86962653E-001, 7.00544316E-001
 2.33100000E+001, 0.00000000E+000, 1.19562498E+000, 5.93014821E-001, 7.09023336E-001
 2.33700000E+001, 0.00000000E+000, 1.19774711E+000, 5.99074851E-001, 7.17540173E-001
 2.34300000E+001, 0.00000000E+000, 1.19987378E+000, 6.05142481E-001, 7.26094595E-001
 2.34900000E+001, 0.00000000E+000, 1.20200490E+000, 6.11217450E-001, 7.34686368E-001
 2.35500000E+001, 0.00000000E+000, 1.20414038E+000, 6.17299498E-001, 7.43315255E-001
 2.36100000E+001, 0.00000000E+000, 1.20628016E+000, 6.23388369E-001, 7.51981018E-001
 2.36700000E+001, 0.00000000E+000, 1.20842413E+000, 6.29483803E-001, 7.60683416E-001
 2.37300000E+001, 0.00000000E+000, 1.21057222E+000, 6.35585546E-001, 7.69422202E-001
 2.37900000E+001, 0.00000000E+000, 1.21272433E+000, 6.41693341E-001, 7.78197130E-001
 2.38500000E+001, 0.00000000E+000, 1.21488040E+000, 6.47806934E-001, 7.87007947E-001
 2.39100000E+001, 0.00000000E+000, 1.21704033E+000, 6.53926069E-001, 7.95854399E-001
 2.39700000E+001, 0.00000000E+000, 1.21920404E+000, 6.60050492E-001, 8.04736224E-001
 2.40300000E+001, 0.00000000E+000, 1.22137144E+000, 6.66179947E-001, 8.13653158E-001
 2.40900000E+001, 0.00000000E+000, 1.22354244E+000, 6.72314179E-001, 8.22604931E-001
 2.41500000E+001, 0.00000000E+000, 1.22571696E+000, 6.78452931E-001, 8.31591268E-001
 2.42100000E+001, 0.00000000E+000, 1.22789492E+000, 6.84595947E-001, 8.40611886E-001
 2.42700000E+001, 0.00000000E+000, 1.23007622E+000, 6.90742967E-001, 8.49666500E-001
 2.43300000E+001, 0.00000000E+000, 1.23226078E+000, 6.96893732E-001, 8.58754814E-001
 2.43900000E+001, 0.00000000E+000, 1.23444850E+000, 7.03047980E-001, 8.67876525E-001
 2.44500000E+001, 0.00000000E+000, 1.23663930E+000, 7.09205445E-001, 8.77031325E-001
 2.45100000E+001, 0.00000000E+000, 1.23883308E+000, 7.15365862E-001, 8.86218894E-001
 2.45700000E+001, 0.00000000E+000, 1.24102975E+000, 7.21528962E-001, 8.95438905E-001
 2.46300000E+001, 0.00000000E+000, 1.24322921E+000, 7.27694469E-001, 9.04691020E-001
 2.46900000E+001, 0.00000000E+000, 1.24543137E+000, 7.33862109E-001, 9.13974891E-001
 2.47500000E+001, 0.00000000E+000, 1.24763613E+000, 7.40031600E-001, 9.23290158E-001
 2.48100000E+001, 0.00000000E+000, 1.24984338E+000, 7.46202655E-001, 9.32636448E-001
 2.48700000E+001, 0.00000000E+000, 1.25205303E+000, 7.52374984E-001, 9.42013376E-001
 2.49300000E+001, 0.00000000E+000, 1.25426496E+000, 7.58548289E-001, 9.51420541E-001
 2.49900000E+001, 0.00000000E+000, 1.25647908E+000, 7.64722265E-001, 9.60857526E-001
 2.50500000E+001, 0.00000000E+000, 1.25869526E+000, 7.70896600E-001, 9.70323896E-001
 2.51100000E+001, 0.00000000E+000, 1.26091339E+000, 7.77070971E-001, 9.79819194E-001
 2.51700000E+001, 0.00000000E+000, 1.26313336E+000, 7.83245045E-001, 9.89342941E-001
 2.52300000E+001, 0.00000000E+000, 1.26535502E+000, 7.89418475E-001, 9.98894632E-001
 2.52900000E+001, 0.00000000E+000, 1.26757826E+000, 7.95590897E-001, 1.00847373E+000
 2.53500000E+001, 0.00000000E+000, 1.26980294E+000, 8.01761928E-001, 1.01807965E+000
 2.54100000E+001, 0.00000000E+000, 1.27202889E+000, 8.07931157E-001, 1.02771178E+000
 2.54700000E+001, 0.00000000E+000, 1.27425597E+000, 8.14098136E-001, 1.03736941E+000
 2.55300000E+001, 0.00000000E+000, 1.27648398E+000, 8.20262367E-001, 1.04705177E+000
 2.55900000E+001, 0.00000000E+000, 1.27871271E+000, 8.26423279E-001, 1.05675795E+000
 2.56500000E+001, 0.00000000E+000, 1.28094192E+000, 8.32580196E-001, 1.06648688E+000
 2.57100000E+001, 0.00000000E+000, 1.28317130E+000, 8.38732280E-001, 1.07623719E+000
 2.57700000E+001, 0.00000000E+000, 1.28540045E+000, 8.44878450E-001, 1.08600714E+000
 2.58300000E+001, 0.00000000E+000, 1.28762883E+000, 8.51017238E-001, 1.09579433E+000
 2.58900000E+001, 0.00000000E+000, 1.28985569E+000, 8.57146566E-001, 1.10559537E+000
 2.59500000E+001, 0.00000000E+000, 1.29207988E+000, 8.63263377E-001, 1.11540524E+000
 2.60100000E+001, 0.00000000E+000, 1.29429973E+000, 8.69363021E-001, 1.12521632E+000
 2.60700000E+001, 0.00000000E+000, 1.29651256E+000, 8.75438244E-001, 1.13501668E+000
 2.61300000E+001, 0.00000000E+000, 1.29871414E+000, 8.81477485E-001, 1.14478727E+000
 2.61900000E+001, 0.00000000E+000, 1.30089761E+000, 8.87462026E-001, 1.15449723E+000
 2.62500000E+001, 0.00000000E+000, 1.30305173E+000, 8.93361166E-001, 1.16409582E+000
 2.63100000E+001, 0.00000000E+000, 1.30515785E+000, 8.99124045E-001, 1.17349880E+000
 2.63700000E+001, 0.00000000E+000, 1.30718480E+000, 9.04665714E-001, 1.18256527E+000
 2.64300000E+001, 0.00000000E+000, 1.30908021E+000, 9.09843387E-001, 1.19105797E+000
 2.64900000E+001, 0.00000000E+000, 1.31075557E+000, 9.14415950E-001, 1.19857580E+000
 2.65500000E+001, 0.00000000E+000, 1.31206110E+000, 9.17975258E-001, 1.20443963E+000
 2.66100000E+001, 0.00000000E+000, 1.31274356E+000, 9.19830866E-001, 1.20750204E+000
 2.66700000E+001, 0.00000000E+000, 1.31237751E+000, 9.18821240E-001, 1.20584033E+000
 2.67300000E+001, 0.00000000E+000, 1.31025919E+000, 9.13019002E-001, 1.19629153E+000
 2.67900000E+001, 0.00000000E+000, 1.30525957E+000, 8.99314092E-001, 1.17383832E+000
 2.68500000E+001, 0.00000000E+000, 1.29567055E+000, 8.72948840E-001, 1.13105411E+000
 2.69100000E+001, 0.00000000E+000, 1.27918218E+000, 8.27349117E-001, 1.05833025E+000
 2.69700000E+001, 0.00000000E+000, 1.25332244E+000, 7.55136118E-001, 9.46429041E-001
 2.70300000E+001, 0.00000000E+000, 1.21680010E+000, 6.51648988E-001, 7.92926554E-001
 2.70900000E+001, 0.00000000E+000, 1.17158817E+000, 5.21012715E-001, 6.10412334E-001
 2.71500000E+001, 0.00000000E+000, 1.12388967E+000, 3.80071826E-001, 4.27158797E-001
 2.72100000E+001, 0.00000000E+000, 1.08162940E+000, 2.52539782E-001, 2.73154452E-001
 2.72700000E+001, 0.00000000E+000, 1.04991342E+000, 1.55290628E-001, 1.63041714E-001
 2.73300000E+001, 0.00000000E+000, 1.02913448E+000, 9.09498559E-002, 9.35996328E-002
 2.73900000E+001, 0.00000000E+000, 1.01676938E+000, 5.24641162E-002, 5.33439070E-002
 2.74500000E+001, 0.00000000E+000, 1.00983481E+000, 3.08273898E-002, 3.11305715E-002
 2.75100000E+001, 0.00000000E+000, 1.00606291E+000, 1.90461275E-002, 1.91616024E-002
 2.75700000E+001, 0.00000000E+000, 1.00402917E+000, 1.26923618E-002, 1.27435015E-002
 2.76300000E+001, 0.00000000E+000, 1.00292132E+000, 9.23266145E-003, 9.25963300E-003
 2.76900000E+001, 0.00000000E+000, 1.00229915E+000, 7.29198188E-003, 7.30874721E-003
 2.77500000E+001, 0.00000000E+000, 1.00193050E+000, 6.14464883E-003, 6.15651110E-003
 2.78100000E+001, 0.00000000E+000, 1.00169476E+000, 5.41343826E-003, 5.42261276E-003
 2.78700000E+001, 0.00000000E+000, 1.00152972E+000, 4.90380804E-003, 4.91130948E-003
 2.79300000E+001, 0.00000000E+000, 1.00140339E+000, 4.51575211E-003, 4.52208949E-003
 2.79900000E+001, 0.00000000E+000, 1.00129933E+000, 4.19781096E-003, 4.20326531E-003
 2.80500000E+001, 0.00000000E+000, 1.00120901E+000, 3.92333842E-003, 3.92808177E-003
 2.81100000E+001, 0.00000000E+000, 1.00112794E+000, 3.67833838E-003, 3.68248733E-003
 2.81700000E+001, 0.00000000E+000, 1.00105370E+000, 3.45526062E-003, 3.45890144E-003
 2.82300000E+001, 0.00000000E+000, 1.00098493E+000, 3.24984715E-003, 3.25304801E-003
 2.82900000E+001, 0.00000000E+000, 1.00092078E+000, 3.05953305E-003, 3.06235019E-003
 2.83500000E+001, 0.00000000E+000, 1.00086070E+000, 2.88263677E-003, 2.88511786E-003
 2.84100000E+001, 0.00000000E+000, 1.00080431E+000, 2.71795001E-003, 2.72013607E-003
 2.84700000E+001, 0.00000000E+000, 1.00075127E+000, 2.56452943E-003, 2.56645608E-003
 2.85300000E+001, 0.00000000E+000, 1.00070133E+000, 2.42159014E-003, 2.42328848E-003
 2.85900000E+001, 0.00000000E+000, 1.00065425E+000, 2.28845046E-003, 2.28994769E-003
 2.86500000E+001, 0.00000000E+000, 1.00060982E+000, 2.16450249E-003, 2.16582246E-003
 2.87100000E+001, 0.00000000E+000, 1.00056785E+000, 2.04919581E-003, 2.05035944E-003
 2.87700000E+001, 0.00000000E+000, 1.00052815E+000, 1.94202783E-003, 1.94305352E-003
 2.88300000E+001, 0.00000000E+000, 1.00049056E+000, 1.84253769E-003, 1.84344157E-003
 2.88900000E+001, 0.00000000E+000, 1.00045492E+000, 1.75030192E-003, 1.75109817E-003
 2.89500000E+001, 0.00000000E+000, 1.00042108E+000, 1.66493121E-003, 1.66563229E-003
 2.90100000E+001, 0.00000000E+000, 1.00038891E+000, 1.58606780E-003, 1.58668463E-003
 2.90700000E+001, 0.00000000E+000, 1.00035827E+000, 1.51338325E-003, 1.51392544E-003
 2.91300000E+001, 0.00000000E+000, 1.00032903E+000, 1.44657656E-003, 1.44705253E-003
 2.91900000E+001, 0.00000000E+000, 1.00030109E+000, 1.38537248E-003, 1.38578960E-003
 2.92500000E+001, 0.00000000E+000, 1.00027432E+000, 1.32951996E-003, 1.32988467E-003
 2.93100000E+001, 0.00000000E+000, 1.00024862E+000, 1.27879090E-003, 1.27910883E-003
 2.93700000E+001, 0.00000000E+000, 1.00022389E+000, 1.23297888E-003, 1.23325494E-003
 2.94300000E+001, 0.00000000E+000, 1.00020004E+000, 1.19189816E-003, 1.19213659E-003
 2.94900000E+001, 0.00000000E+000, 1.00017696E+000, 1.15538271E-003, 1.15558716E-003
 2.95500000E+001, 0.00000000E+000, 1.00015456E+000, 1.12328537E-003, 1.12345899E-003
 2.96100000E+001, 0.00000000E+000, 1.00013277E+000, 1.09547715E-003, 1.09562259E-003
 2.96700000E+001, 0.00000000E+000, 1.00011149E+000, 1.07184657E-003, 1.07196606E-003
 2.97300000E+001, 0.00000000E+000, 1.00009064E+000, 1.05229913E-003, 1.05239451E-003
 2.97900000E+001, 0.00000000E+000, 1.00007014E+000, 1.03675688E-003, 1.03682959E-003
 2.98500000E+001, 0.00000000E+000, 1.00004991E+000, 1.02515800E-003, 1.02520916E-003
 2.99100000E+001, 0.00000000E+000, 1.00002987E+000, 1.01745656E-003, 1.01748695E-003
 2.99700000E+001, 0.00000000E+000, 1.00000995E+000, 1.01362224E-003, 1.01363232E-003
