   5.0010293504806302      ,         500
X,ZB,H,U,Q
 3.00000000E-002, 0.00000000E+000, 1.00904867E+000, 3.05539797E-002, 3.08304525E-002
 9.00000000E-002, 0.00000000E+000, 1.00903386E+000, 3.06001448E-002, 3.08765821E-002
 1.50000000E-001, 0.00000000E+000, 1.00902379E+000, 3.06315214E-002, 3.09079339E-002
 2.10000000E-001, 0.00000000E+000, 1.00901340E+000, 3.06639263E-002, 3.09403125E-002
 2.70000000E-001, 0.00000000E+000, 1.00900301E+000, 3.06963051E-002, 3.09726643E-002
 3.30000000E-001, 0.00000000E+000, 1.00899230E+000, 3.07297030E-002, 3.10060337E-002
 3.90000000E-001, 0.00000000E+000, 1.00898158E+000, 3.07631157E-002, 3.10394172E-002
 4.50000000E-001, 0.00000000E+000, 1.00897053E+000, 3.07975642E-002, 3.10738347E-002
 5.10000000E-001, 0.00000000E+000, 1.00895946E+000, 3.08320945E-002, 3.11083333E-002
 5.70000000E-001, 0.00000000E+000, 1.00894800E+000, 3.08678114E-002, 3.11440165E-002
 6.30000000E-001, 0.00000000E+000, 1.00893648E+000, 3.09037366E-002, 3.11799072E-002
 6.90000000E-001, 0.00000000E+000, 1.00892464E+000, 3.09406359E-002, 3.12167700E-002
 7.50000000E-001, 0.00000000E+000, 1.00891281E+000, 3.09775149E-002, 3.12536117E-002
 8.10000000E-001, 0.00000000E+000, 1.00890067E+000, 3.10153591E-002, 3.12914167E-002
 8.70000000E-001, 0.00000000E+000, 1.00888842E+000, 3.10535505E-002, 3.13295677E-002
 9.30000000E-001, 0.00000000E+000, 1.00887574E+000, 3.10931094E-002, 3.13690837E-002
 9.90000000E-001, 0.00000000E+000, 1.00886288E+000, 3.11331968E-002, 3.14091265E-002
 1.05000000E+000, 0.00000000E+000, 1.00884959E+000, 3.11746134E-002, 3.14504961E-002
 1.11000000E+000, 0.00000000E+000, 1.00883626E+000, 3.12161779E-002, 3.14920123E-002
 1.17000000E+000, 0.00000000E+000, 1.00882303E+000, 3.12574377E-002, 3.15332230E-002
 1.23000000E+000, 0.00000000E+000, 1.00880995E+000, 3.12982215E-002, 3.15739572E-002
 1.29000000E+000, 0.00000000E+000, 1.00879698E+000, 3.13386471E-002, 3.16143327E-002
 1.35000000E+000, 0.00000000E+000, 1.00878411E+000, 3.13787927E-002, 3.16544273E-002
 1.41000000E+000, 0.00000000E+000, 1.00877129E+000, 3.14187699E-002, 3.16943529E-002
 1.47000000E+000, 0.00000000E+000, 1.00875850E+000, 3.14586426E-002, 3.17341730E-002
 1.53000000E+000, 0.00000000E+000, 1.00874572E+000, 3.14984903E-002, 3.17739672E-002
 1.59000000E+000, 0.00000000E+000, 1.00873294E+000, 3.15383359E-002, 3.18137583E-002
 1.65000000E+000, 0.00000000E+000, 1.00872014E+000, 3.15782437E-002, 3.18536104E-002
 1.71000000E+000, 0.00000000E+000, 1.00870727E+000, 3.16183523E-002, 3.18936620E-002
 1.77000000E+000, 0.00000000E+000, 1.00869428E+000, 3.16588798E-002, 3.19341308E-002
 1.83000000E+000, 0.00000000E+000, 1.00868105E+000, 3.17001192E-002, 3.19753096E-002
 1.89000000E+000, 0.00000000E+000, 1.00866748E+000, 3.17424237E-002, 3.20175506E-002
 1.95000000E+000, 0.00000000E+000, 1.00865345E+000, 3.17861686E-002, 3.20612287E-002
 2.01000000E+000, 0.00000000E+000, 1.00863888E+000, 3.18316258E-002, 3.21066153E-002
 2.07000000E+000, 0.00000000E+000, 1.00862424E+000, 3.18772509E-002, 3.21521681E-002
 2.13000000E+000, 0.00000000E+000, 1.00860993E+000, 3.19218965E-002, 3.21967416E-002
 2.19000000E+000, 0.00000000E+000, 1.00859591E+000, 3.19655868E-002, 3.22403602E-002
 2.25000000E+000, 0.00000000E+000, 1.00858217E+000, 3.20084332E-002, 3.22831351E-002
 2.31000000E+000, 0.00000000E+000, 1.00856865E+000, 3.20506176E-002, 3.23252480E-002
 2.37000000E+000, 0.00000000E+000, 1.00855527E+000, 3.20923190E-002, 3.23668774E-002
 2.43000000E+000, 0.00000000E+000, 1.00854199E+000, 3.21337428E-002, 3.24082289E-002
 2.49000000E+000, 0.00000000E+000, 1.00852875E+000, 3.21750175E-002, 3.24494302E-002
 2.55000000E+000, 0.00000000E+000, 1.00851552E+000, 3.22162622E-002, 3.24906005E-002
 2.61000000E+000, 0.00000000E+000, 1.00850229E+000, 3.22575303E-002, 3.25317932E-002
 2.67000000E+000, 0.00000000E+000, 1.00848900E+000, 3.22989758E-002, 3.25731618E-002
 2.73000000E+000, 0.00000000E+000, 1.00847556E+000, 3.23408881E-002, 3.26149952E-002
 2.79000000E+000, 0.00000000E+000, 1.00846185E+000, 3.23836391E-002, 3.26576646E-002
 2.85000000E+000, 0.00000000E+000, 1.00844809E+000, 3.24265515E-002, 3.27004938E-002
 2.91000000E+000, 0.00000000E+000, 1.00843455E+000, 3.24687708E-002, 3.27426303E-002
 2.97000000E+000, 0.00000000E+000, 1.00842127E+000, 3.25101842E-002, 3.27839611E-002
 3.03000000E+000, 0.00000000E+000, 1.00840823E+000, 3.25508362E-002, 3.28245313E-002
 3.09000000E+000, 0.00000000E+000, 1.00839540E+000, 3.25908409E-002, 3.28644541E-002
 3.15000000E+000, 0.00000000E+000, 1.00838272E+000, 3.26304027E-002, 3.29039343E-002
 3.21000000E+000, 0.00000000E+000, 1.00837012E+000, 3.26696862E-002, 3.29431356E-002
 3.27000000E+000, 0.00000000E+000, 1.00835756E+000, 3.27088635E-002, 3.29822299E-002
 3.33000000E+000, 0.00000000E+000, 1.00834501E+000, 3.27480155E-002, 3.30212980E-002
 3.39000000E+000, 0.00000000E+000, 1.00833242E+000, 3.27872544E-002, 3.30604517E-002
 3.45000000E+000, 0.00000000E+000, 1.00831972E+000, 3.28268622E-002, 3.30999726E-002
 3.51000000E+000, 0.00000000E+000, 1.00830689E+000, 3.28668744E-002, 3.31398960E-002
 3.57000000E+000, 0.00000000E+000, 1.00829419E+000, 3.29064735E-002, 3.31794062E-002
 3.63000000E+000, 0.00000000E+000, 1.00828173E+000, 3.29453445E-002, 3.32181890E-002
 3.69000000E+000, 0.00000000E+000, 1.00826953E+000, 3.29834091E-002, 3.32561663E-002
 3.75000000E+000, 0.00000000E+000, 1.00825756E+000, 3.30207128E-002, 3.32933834E-002
 3.81000000E+000, 0.00000000E+000, 1.00824578E+000, 3.30574536E-002, 3.33300383E-002
 3.87000000E+000, 0.00000000E+000, 1.00823411E+000, 3.30938468E-002, 3.33663453E-002
 3.93000000E+000, 0.00000000E+000, 1.00822249E+000, 3.31300978E-002, 3.34025097E-002
 3.99000000E+000, 0.00000000E+000, 1.00821088E+000, 3.31662992E-002, 3.34386238E-002
 4.05000000E+000, 0.00000000E+000, 1.00819931E+000, 3.32024075E-002, 3.34746441E-002
 4.11000000E+000, 0.00000000E+000, 1.00818780E+000, 3.32382754E-002, 3.35104238E-002
 4.17000000E+000, 0.00000000E+000, 1.00817644E+000, 3.32737129E-002, 3.35457734E-002
 4.23000000E+000, 0.00000000E+000, 1.00816527E+000, 3.33085552E-002, 3.35805285E-002
 4.29000000E+000, 0.00000000E+000, 1.00815431E+000, 3.33427317E-002, 3.36146189E-002
 4.35000000E+000, 0.00000000E+000, 1.00814357E+000, 3.33762600E-002, 3.36480619E-002
 4.41000000E+000, 0.00000000E+000, 1.00813299E+000, 3.34092659E-002, 3.36809831E-002
 4.47000000E+000, 0.00000000E+000, 1.00812252E+000, 3.34419320E-002, 3.37135647E-002
 4.53000000E+000, 0.00000000E+000, 1.00811208E+000, 3.34744348E-002, 3.37459821E-002
 4.59000000E+000, 0.00000000E+000, 1.00810166E+000, 3.35069425E-002, 3.37784042E-002
 4.65000000E+000, 0.00000000E+000, 1.00809123E+000, 3.35394750E-002, 3.38108506E-002
 4.71000000E+000, 0.00000000E+000, 1.00808085E+000, 3.35718593E-002, 3.38431486E-002
 4.77000000E+000, 0.00000000E+000, 1.00807060E+000, 3.36038654E-002, 3.38750688E-002
 4.83000000E+000, 0.00000000E+000, 1.00806053E+000, 3.36353000E-002, 3.39064184E-002
 4.89000000E+000, 0.00000000E+000, 1.00805067E+000, 3.36660604E-002, 3.39370946E-002
 4.95000000E+000, 0.00000000E+000, 1.00804099E+000, 3.36961970E-002, 3.39671479E-002
 5.01000000E+000, 0.00000000E+000, 1.00803148E+000, 3.37258497E-002, 3.39967183E-002
 5.07000000E+000, 0.00000000E+000, 1.00802208E+000, 3.37551609E-002, 3.40259474E-002
 5.13000000E+000, 0.00000000E+000, 1.00801276E+000, 3.37842542E-002, 3.40549592E-002
 5.19000000E+000, 0.00000000E+000, 1.00800350E+000, 3.38131315E-002, 3.40837549E-002
 5.25000000E+000, 0.00000000E+000, 1.00799434E+000, 3.38417258E-002, 3.41122679E-002
 5.31000000E+000, 0.00000000E+000, 1.00798530E+000, 3.38699100E-002, 3.41403715E-002
 5.37000000E+000, 0.00000000E+000, 1.00797643E+000, 3.38975617E-002, 3.41679433E-002
 5.43000000E+000, 0.00000000E+000, 1.00796775E+000, 3.39246438E-002, 3.41949470E-002
 5.49000000E+000, 0.00000000E+000, 1.00795924E+000, 3.39511804E-002, 3.42214061E-002
 5.55000000E+000, 0.00000000E+000, 1.00795088E+000, 3.39772909E-002, 3.42474402E-002
 5.61000000E+000, 0.00000000E+000, 1.00794260E+000, 3.40031051E-002, 3.42731782E-002
 5.67000000E+000, 0.00000000E+000, 1.00793438E+000, 3.40287310E-002, 3.42987281E-002
 5.73000000E+000, 0.00000000E+000, 1.00792621E+000, 3.40541965E-002, 3.43241172E-002
 5.79000000E+000, 0.00000000E+000, 1.00791811E+000, 3.40794635E-002, 3.43493083E-002
 5.85000000E+000, 0.00000000E+000, 1.00791010E+000, 3.41044406E-002, 3.43742103E-002
 5.91000000E+000, 0.00000000E+000, 1.00790224E+000, 3.41290164E-002, 3.43987120E-002
 5.97000000E+000, 0.00000000E+000, 1.00789453E+000, 3.41531398E-002, 3.44227627E-002
 6.03000000E+000, 0.00000000E+000, 1.00788696E+000, 3.41768130E-002, 3.44463642E-002
 6.09000000E+000, 0.00000000E+000, 1.00787952E+000, 3.42000749E-002, 3.44695551E-002
 6.15000000E+000, 0.00000000E+000, 1.00787217E+000, 3.42230205E-002, 3.44924300E-002
 6.21000000E+000, 0.00000000E+000, 1.00786490E+000, 3.42456842E-002, 3.45150232E-002
 6.27000000E+000, 0.00000000E+000, 1.00785772E+000, 3.42680652E-002, 3.45373341E-002
 6.33000000E+000, 0.00000000E+000, 1.00785066E+000, 3.42901057E-002, 3.45593056E-002
 6.39000000E+000, 0.00000000E+000, 1.00784374E+000, 3.43117256E-002, 3.45808579E-002
 6.45000000E+000, 0.00000000E+000, 1.00783700E+000, 3.43328490E-002, 3.46019155E-002
 6.51000000E+000, 0.00000000E+000, 1.00783043E+000, 3.43534685E-002, 3.46224709E-002
 6.57000000E+000, 0.00000000E+000, 1.00782401E+000, 3.43736334E-002, 3.46425729E-002
 6.63000000E+000, 0.00000000E+000, 1.00781769E+000, 3.43934373E-002, 3.46623145E-002
 6.69000000E+000, 0.00000000E+000, 1.00781144E+000, 3.44130013E-002, 3.46818163E-002
 6.75000000E+000, 0.00000000E+000, 1.00780522E+000, 3.44323833E-002, 3.47011357E-002
 6.81000000E+000, 0.00000000E+000, 1.00779906E+000, 3.44516067E-002, 3.47202967E-002
 6.87000000E+000, 0.00000000E+000, 1.00779297E+000, 3.44706177E-002, 3.47392462E-002
 6.93000000E+000, 0.00000000E+000, 1.00778700E+000, 3.44893595E-002, 3.47579283E-002
 6.99000000E+000, 0.00000000E+000, 1.00778118E+000, 3.45077863E-002, 3.47762974E-002
 7.05000000E+000, 0.00000000E+000, 1.00777548E+000, 3.45258881E-002, 3.47943434E-002
 7.11000000E+000, 0.00000000E+000, 1.00776989E+000, 3.45437043E-002, 3.48121052E-002
 7.17000000E+000, 0.00000000E+000, 1.00776438E+000, 3.45612720E-002, 3.48296190E-002
 7.23000000E+000, 0.00000000E+000, 1.00775894E+000, 3.45786158E-002, 3.48469093E-002
 7.29000000E+000, 0.00000000E+000, 1.00775359E+000, 3.45956839E-002, 3.48639245E-002
 7.35000000E+000, 0.00000000E+000, 1.00774834E+000, 3.46123890E-002, 3.48805775E-002
 7.41000000E+000, 0.00000000E+000, 1.00774325E+000, 3.46286551E-002, 3.48967934E-002
 7.47000000E+000, 0.00000000E+000, 1.00773835E+000, 3.46444443E-002, 3.49125350E-002
 7.53000000E+000, 0.00000000E+000, 1.00773364E+000, 3.46597685E-002, 3.49278145E-002
 7.59000000E+000, 0.00000000E+000, 1.00772910E+000, 3.46747352E-002, 3.49427397E-002
 7.65000000E+000, 0.00000000E+000, 1.00772471E+000, 3.46894867E-002, 3.49574529E-002
 7.71000000E+000, 0.00000000E+000, 1.00772042E+000, 3.47041312E-002, 3.49720616E-002
 7.77000000E+000, 0.00000000E+000, 1.00771621E+000, 3.47187344E-002, 3.49866314E-002
 7.83000000E+000, 0.00000000E+000, 1.00771210E+000, 3.47332867E-002, 3.50011532E-002
 7.89000000E+000, 0.00000000E+000, 1.00770812E+000, 3.47476745E-002, 3.50155136E-002
 7.95000000E+000, 0.00000000E+000, 1.00770432E+000, 3.47618241E-002, 3.50296403E-002
 8.01000000E+000, 0.00000000E+000, 1.00770072E+000, 3.47757066E-002, 3.50435045E-002
 8.07000000E+000, 0.00000000E+000, 1.00769732E+000, 3.47893972E-002, 3.50571823E-002
 8.13000000E+000, 0.00000000E+000, 1.00769412E+000, 3.48030314E-002, 3.50708103E-002
 8.19000000E+000, 0.00000000E+000, 1.00769111E+000, 3.48167976E-002, 3.50845773E-002
 8.25000000E+000, 0.00000000E+000, 1.00768827E+000, 3.48307953E-002, 3.50985837E-002
 8.31000000E+000, 0.00000000E+000, 1.00768564E+000, 3.48450345E-002, 3.51128407E-002
 8.37000000E+000, 0.00000000E+000, 1.00768327E+000, 3.48594954E-002, 3.51273302E-002
 8.43000000E+000, 0.00000000E+000, 1.00768120E+000, 3.48741941E-002, 3.51420698E-002
 8.49000000E+000, 0.00000000E+000, 1.00767947E+000, 3.48891849E-002, 3.51571154E-002
 8.55000000E+000, 0.00000000E+000, 1.00767809E+000, 3.49045513E-002, 3.51725514E-002
 8.61000000E+000, 0.00000000E+000, 1.00767704E+000, 3.49204305E-002, 3.51885162E-002
 8.67000000E+000, 0.00000000E+000, 1.00767633E+000, 3.49369703E-002, 3.52051578E-002
 8.73000000E+000, 0.00000000E+000, 1.00767596E+000, 3.49542753E-002, 3.52225830E-002
 8.79000000E+000, 0.00000000E+000, 1.00767599E+000, 3.49724174E-002, 3.52408654E-002
 8.85000000E+000, 0.00000000E+000, 1.00767642E+000, 3.49905740E-002, 3.52591762E-002
 8.91000000E+000, 0.00000000E+000, 1.00767720E+000, 3.50088270E-002, 3.52775966E-002
 8.97000000E+000, 0.00000000E+000, 1.00767824E+000, 3.50271107E-002, 3.52960573E-002
 9.03000000E+000, 0.00000000E+000, 1.00767940E+000, 3.50452804E-002, 3.53144070E-002
 9.09000000E+000, 0.00000000E+000, 1.00768046E+000, 3.50628409E-002, 3.53321396E-002
 9.15000000E+000, 0.00000000E+000, 1.00768141E+000, 3.50797387E-002, 3.53492006E-002
 9.21000000E+000, 0.00000000E+000, 1.00768217E+000, 3.50955706E-002, 3.53651808E-002
 9.27000000E+000, 0.00000000E+000, 1.00768272E+000, 3.51100206E-002, 3.53797610E-002
 9.33000000E+000, 0.00000000E+000, 1.00768313E+000, 3.51231113E-002, 3.53929667E-002
 9.39000000E+000, 0.00000000E+000, 1.00768340E+000, 3.51347259E-002, 3.54046800E-002
 9.45000000E+000, 0.00000000E+000, 1.00768347E+000, 3.51447075E-002, 3.54147407E-002
 9.51000000E+000, 0.00000000E+000, 1.00768329E+000, 3.51533010E-002, 3.54233940E-002
 9.57000000E+000, 0.00000000E+000, 1.00768282E+000, 3.51606024E-002, 3.54307351E-002
 9.63000000E+000, 0.00000000E+000, 1.00768209E+000, 3.51669082E-002, 3.54370637E-002
 9.69000000E+000, 0.00000000E+000, 1.00768117E+000, 3.51724433E-002, 3.54426086E-002
 9.75000000E+000, 0.00000000E+000, 1.00768015E+000, 3.51772669E-002, 3.54474335E-002
 9.81000000E+000, 0.00000000E+000, 1.00767912E+000, 3.51813292E-002, 3.54514909E-002
 9.87000000E+000, 0.00000000E+000, 1.00767816E+000, 3.51847884E-002, 3.54549429E-002
 9.93000000E+000, 0.00000000E+000, 1.00767725E+000, 3.51875813E-002, 3.54577250E-002
 9.99000000E+000, 0.00000000E+000, 1.00767634E+000, 3.51897679E-002, 3.54598965E-002
 1.00500000E+001, 0.00000000E+000, 1.00767545E+000, 3.51915849E-002, 3.54616962E-002
 1.01100000E+001, 0.00000000E+000, 1.00767455E+000, 3.51932076E-002, 3.54632998E-002
 1.01700000E+001, 0.00000000E+000, 1.00767367E+000, 3.51948754E-002, 3.54649492E-002
 1.02300000E+001, 0.00000000E+000, 1.00767282E+000, 3.51965868E-002, 3.54666439E-002
 1.02900000E+001, 0.00000000E+000, 1.00767211E+000, 3.51982279E-002, 3.54682726E-002
 1.03500000E+001, 0.00000000E+000, 1.00767162E+000, 3.51997100E-002, 3.54697487E-002
 1.04100000E+001, 0.00000000E+000, 1.00767139E+000, 3.52011026E-002, 3.54711438E-002
 1.04700000E+001, 0.00000000E+000, 1.00767146E+000, 3.52027063E-002, 3.54727624E-002
 1.05300000E+001, 0.00000000E+000, 1.00767175E+000, 3.52041111E-002, 3.54741884E-002
 1.05900000E+001, 0.00000000E+000, 1.00767216E+000, 3.52058238E-002, 3.54759286E-002
 1.06500000E+001, 0.00000000E+000, 1.00767258E+000, 3.52080843E-002, 3.54782212E-002
 1.07100000E+001, 0.00000000E+000, 1.00767309E+000, 3.52105192E-002, 3.54806927E-002
 1.07700000E+001, 0.00000000E+000, 1.00767378E+000, 3.52126004E-002, 3.54828142E-002
 1.08300000E+001, 0.00000000E+000, 1.00767466E+000, 3.52141080E-002, 3.54843644E-002
 1.08900000E+001, 0.00000000E+000, 1.00767569E+000, 3.52150528E-002, 3.54853527E-002
 1.09500000E+001, 0.00000000E+000, 1.00767681E+000, 3.52156825E-002, 3.54860268E-002
 1.10100000E+001, 0.00000000E+000, 1.00767797E+000, 3.52162934E-002, 3.54866831E-002
 1.10700000E+001, 0.00000000E+000, 1.00767907E+000, 3.52171959E-002, 3.54876314E-002
 1.11300000E+001, 0.00000000E+000, 1.00768013E+000, 3.52183635E-002, 3.54888450E-002
 1.11900000E+001, 0.00000000E+000, 1.00768128E+000, 3.52195387E-002, 3.54900698E-002
 1.12500000E+001, 0.00000000E+000, 1.00768266E+000, 3.52202109E-002, 3.54907957E-002
 1.13100000E+001, 0.00000000E+000, 1.00768427E+000, 3.52203856E-002, 3.54910284E-002
 1.13700000E+001, 0.00000000E+000, 1.00768606E+000, 3.52202364E-002, 3.54909413E-002
 1.14300000E+001, 0.00000000E+000, 1.00768799E+000, 3.52199351E-002, 3.54907056E-002
 1.14900000E+001, 0.00000000E+000, 1.00768994E+000, 3.52198647E-002, 3.54907033E-002
 1.15500000E+001, 0.00000000E+000, 1.00769180E+000, 3.52202432E-002, 3.54911503E-002
 1.16100000E+001, 0.00000000E+000, 1.00769359E+000, 3.52208604E-002, 3.54918351E-002
 1.16700000E+001, 0.00000000E+000, 1.00769542E+000, 3.52214617E-002, 3.54925058E-002
 1.17300000E+001, 0.00000000E+000, 1.00769736E+000, 3.52216917E-002, 3.54928056E-002
 1.17900000E+001, 0.00000000E+000, 1.00769939E+000, 3.52215006E-002, 3.54926848E-002
 1.18500000E+001, 0.00000000E+000, 1.00770174E+000, 3.52202970E-002, 3.54915547E-002
 1.19100000E+001, 0.00000000E+000, 1.00770424E+000, 3.52185711E-002, 3.54899034E-002
 1.19700000E+001, 0.00000000E+000, 1.00770646E+000, 3.52175679E-002, 3.54889706E-002
 1.20300000E+001, 0.00000000E+000, 1.00770844E+000, 3.52171254E-002, 3.54885947E-002
 1.20900000E+001, 0.00000000E+000, 1.00771031E+000, 3.52169279E-002, 3.54884613E-002
 1.21500000E+001, 0.00000000E+000, 1.00771213E+000, 3.52166397E-002, 3.54882349E-002
 1.22100000E+001, 0.00000000E+000, 1.00771404E+000, 3.52159091E-002, 3.54875661E-002
 1.22700000E+001, 0.00000000E+000, 1.00771631E+000, 3.52138934E-002, 3.54856146E-002
 1.23300000E+001, 0.00000000E+000, 1.00771909E+000, 3.52100839E-002, 3.54818736E-002
 1.23900000E+001, 0.00000000E+000, 1.00772167E+000, 3.52067222E-002, 3.54785768E-002
 1.24500000E+001, 0.00000000E+000, 1.00772385E+000, 3.52043111E-002, 3.54762239E-002
 1.25100000E+001, 0.00000000E+000, 1.00772578E+000, 3.52024765E-002, 3.54744432E-002
 1.25700000E+001, 0.00000000E+000, 1.00772761E+000, 3.52007234E-002, 3.54727409E-002
 1.26300000E+001, 0.00000000E+000, 1.00772948E+000, 3.51986495E-002, 3.54707167E-002
 1.26900000E+001, 0.00000000E+000, 1.00773172E+000, 3.51952064E-002, 3.54673259E-002
 1.27500000E+001, 0.00000000E+000, 1.00773484E+000, 3.51888371E-002, 3.54610170E-002
 1.28100000E+001, 0.00000000E+000, 1.00773807E+000, 3.51819575E-002, 3.54541979E-002
 1.28700000E+001, 0.00000000E+000, 1.00774056E+000, 3.51771126E-002, 3.54494032E-002
 1.29300000E+001, 0.00000000E+000, 1.00774244E+000, 3.51739817E-002, 3.54463142E-002
 1.29900000E+001, 0.00000000E+000, 1.00774398E+000, 3.51716969E-002, 3.54440660E-002
 1.30500000E+001, 0.00000000E+000, 1.00774542E+000, 3.51695090E-002, 3.54419114E-002
 1.31100000E+001, 0.00000000E+000, 1.00774701E+000, 3.51666863E-002, 3.54391228E-002
 1.31700000E+001, 0.00000000E+000, 1.00774937E+000, 3.51612717E-002, 3.54337493E-002
 1.32300000E+001, 0.00000000E+000, 1.00775305E+000, 3.51515755E-002, 3.54241073E-002
 1.32900000E+001, 0.00000000E+000, 1.00775630E+000, 3.51430529E-002, 3.54156330E-002
 1.33500000E+001, 0.00000000E+000, 1.00775849E+000, 3.51376635E-002, 3.54102788E-002
 1.34100000E+001, 0.00000000E+000, 1.00775989E+000, 3.51345323E-002, 3.54071724E-002
 1.34700000E+001, 0.00000000E+000, 1.00776093E+000, 3.51323952E-002, 3.54050554E-002
 1.35300000E+001, 0.00000000E+000, 1.00776191E+000, 3.51302383E-002, 3.54029160E-002
 1.35900000E+001, 0.00000000E+000, 1.00776332E+000, 3.51266460E-002, 3.53993453E-002
 1.36500000E+001, 0.00000000E+000, 1.00776624E+000, 3.51182472E-002, 3.53909839E-002
 1.37100000E+001, 0.00000000E+000, 1.00777070E+000, 3.51049816E-002, 3.53777717E-002
 1.37700000E+001, 0.00000000E+000, 1.00777399E+000, 3.50952464E-002, 3.53680764E-002
 1.38300000E+001, 0.00000000E+000, 1.00777584E+000, 3.50899265E-002, 3.53627802E-002
 1.38900000E+001, 0.00000000E+000, 1.00777678E+000, 3.50873911E-002, 3.53602579E-002
 1.39500000E+001, 0.00000000E+000, 1.00777740E+000, 3.50858044E-002, 3.53586806E-002
 1.40100000E+001, 0.00000000E+000, 1.00777813E+000, 3.50838284E-002, 3.53567151E-002
 1.40700000E+001, 0.00000000E+000, 1.00778004E+000, 3.50781776E-002, 3.53510871E-002
 1.41300000E+001, 0.00000000E+000, 1.00778490E+000, 3.50632430E-002, 3.53362069E-002
 1.41900000E+001, 0.00000000E+000, 1.00779053E+000, 3.50458953E-002, 3.53189215E-002
 1.42500000E+001, 0.00000000E+000, 1.00779374E+000, 3.50360919E-002, 3.53091540E-002
 1.43100000E+001, 0.00000000E+000, 1.00779485E+000, 3.50328015E-002, 3.53058769E-002
 1.43700000E+001, 0.00000000E+000, 1.00779487E+000, 3.50329164E-002, 3.53059935E-002
 1.44300000E+001, 0.00000000E+000, 1.00779425E+000, 3.50349250E-002, 3.53079960E-002
 1.44900000E+001, 0.00000000E+000, 1.00779425E+000, 3.50351888E-002, 3.53082617E-002
 1.45500000E+001, 0.00000000E+000, 1.00779634E+000, 3.50288707E-002, 3.53019675E-002
 1.46100000E+001, 0.00000000E+000, 1.00780332E+000, 3.50075200E-002, 3.52806950E-002
 1.46700000E+001, 0.00000000E+000, 1.00781024E+000, 3.49867016E-002, 3.52599561E-002
 1.47300000E+001, 0.00000000E+000, 1.00781372E+000, 3.49769474E-002, 3.52502475E-002
 1.47900000E+001, 0.00000000E+000, 1.00781507E+000, 3.49770715E-002, 3.52504197E-002
 1.48500000E+001, 0.00000000E+000, 1.00781359E+000, 3.49859092E-002, 3.52592747E-002
 1.49100000E+001, 0.00000000E+000, 1.00781224E+000, 3.49975926E-002, 3.52710021E-002
 1.49700000E+001, 0.00000000E+000, 1.00781521E+000, 3.50023906E-002, 3.52759415E-002
 1.50300000E+001, 0.00000000E+000, 1.00782261E+000, 3.49942900E-002, 3.52680366E-002
 1.50900000E+001, 0.00000000E+000, 1.00783470E+000, 3.49777210E-002, 3.52517610E-002
 1.51500000E+001, 0.00000000E+000, 1.00784701E+000, 3.49678254E-002, 3.52422183E-002
 1.52100000E+001, 0.00000000E+000, 1.00785848E+000, 3.49793694E-002, 3.52542541E-002
 1.52700000E+001, 0.00000000E+000, 1.00786539E+000, 3.50105651E-002, 3.52859370E-002
 1.53300000E+001, 0.00000000E+000, 1.00787207E+000, 3.50654922E-002, 3.53415301E-002
 1.53900000E+001, 0.00000000E+000, 1.00788621E+000, 3.51292921E-002, 3.54063291E-002
 1.54500000E+001, 0.00000000E+000, 1.00791422E+000, 3.51901297E-002, 3.54686322E-002
 1.55100000E+001, 0.00000000E+000, 1.00795345E+000, 3.52682445E-002, 3.55487487E-002
 1.55700000E+001, 0.00000000E+000, 1.00800785E+000, 3.53631035E-002, 3.56462859E-002
 1.56300000E+001, 0.00000000E+000, 1.00806640E+000, 3.55236649E-002, 3.58102129E-002
 1.56900000E+001, 0.00000000E+000, 1.00813859E+000, 3.57369207E-002, 3.60277688E-002
 1.57500000E+001, 0.00000000E+000, 1.00821931E+000, 3.60372952E-002, 3.63334967E-002
 1.58100000E+001, 0.00000000E+000, 1.00832685E+000, 3.63881915E-002, 3.66911906E-002
 1.58700000E+001, 0.00000000E+000, 1.00846134E+000, 3.68116546E-002, 3.71231304E-002
 1.59300000E+001, 0.00000000E+000, 1.00863447E+000, 3.72950260E-002, 3.76170487E-002
 1.59900000E+001, 0.00000000E+000, 1.00884005E+000, 3.78823117E-002, 3.82171933E-002
 1.60500000E+001, 0.00000000E+000, 1.00908327E+000, 3.85820099E-002, 3.89324607E-002
 1.61100000E+001, 0.00000000E+000, 1.00935898E+000, 3.94337994E-002, 3.98028596E-002
 1.61700000E+001, 0.00000000E+000, 1.00967469E+000, 4.04358266E-002, 4.08270305E-002
 1.62300000E+001, 0.00000000E+000, 1.01003452E+000, 4.15934446E-002, 4.20108148E-002
 1.62900000E+001, 0.00000000E+000, 1.01044896E+000, 4.28878812E-002, 4.33360150E-002
 1.63500000E+001, 0.00000000E+000, 1.01091827E+000, 4.43270563E-002, 4.48110309E-002
 1.64100000E+001, 0.00000000E+000, 1.01144515E+000, 4.59054298E-002, 4.64308244E-002
 1.64700000E+001, 0.00000000E+000, 1.01202214E+000, 4.76431811E-002, 4.82159538E-002
 1.65300000E+001, 0.00000000E+000, 1.01264418E+000, 4.95469330E-002, 5.01734134E-002
 1.65900000E+001, 0.00000000E+000, 1.01330600E+000, 5.16186214E-002, 5.23054587E-002
 1.66500000E+001, 0.00000000E+000, 1.01400866E+000, 5.38357344E-002, 5.45899007E-002
 1.67100000E+001, 0.00000000E+000, 1.01475319E+000, 5.61722265E-002, 5.70009463E-002
 1.67700000E+001, 0.00000000E+000, 1.01553836E+000, 5.86067913E-002, 5.95174445E-002
 1.68300000E+001, 0.00000000E+000, 1.01636292E+000, 6.11169062E-002, 6.21169571E-002
 1.68900000E+001, 0.00000000E+000, 1.01721705E+000, 6.37069012E-002, 6.48037461E-002
 1.69500000E+001, 0.00000000E+000, 1.01809296E+000, 6.63761432E-002, 6.75770841E-002
 1.70100000E+001, 0.00000000E+000, 1.01898239E+000, 6.91277914E-002, 7.04400022E-002
 1.70700000E+001, 0.00000000E+000, 1.01988490E+000, 7.19440169E-002, 7.33746168E-002
 1.71300000E+001, 0.00000000E+000, 1.02079921E+000, 7.48134988E-002, 7.63695606E-002
 1.71900000E+001, 0.00000000E+000, 1.02173080E+000, 7.77082109E-002, 7.93968725E-002
 1.72500000E+001, 0.00000000E+000, 1.02267979E+000, 8.06211295E-002, 8.24496001E-002
 1.73100000E+001, 0.00000000E+000, 1.02364571E+000, 8.35513764E-002, 8.55270078E-002
 1.73700000E+001, 0.00000000E+000, 1.02462302E+000, 8.65175326E-002, 8.86478555E-002
 1.74300000E+001, 0.00000000E+000, 1.02560940E+000, 8.95316450E-002, 9.18244968E-002
 1.74900000E+001, 0.00000000E+000, 1.02660232E+000, 9.26090562E-002, 9.50726715E-002
 1.75500000E+001, 0.00000000E+000, 1.02760675E+000, 9.57437339E-002, 9.83869075E-002
 1.76100000E+001, 0.00000000E+000, 1.02862891E+000, 9.89270271E-002, 1.01759200E-001
 1.76700000E+001, 0.00000000E+000, 1.02967465E+000, 1.02151608E-001, 1.05182922E-001
 1.77300000E+001, 0.00000000E+000, 1.03074698E+000, 1.05418436E-001, 1.08659734E-001
 1.77900000E+001, 0.00000000E+000, 1.03184497E+000, 1.08739327E-001, 1.12202128E-001
 1.78500000E+001, 0.00000000E+000, 1.03296439E+000, 1.12134603E-001, 1.15831052E-001
 1.79100000E+001, 0.00000000E+000, 1.03410226E+000, 1.15618481E-001, 1.19561333E-001
 1.79700000E+001, 0.00000000E+000, 1.03525882E+000, 1.19192847E-001, 1.23395446E-001
 1.80300000E+001, 0.00000000E+000, 1.03643689E+000, 1.22849312E-001, 1.27325559E-001
 1.80900000E+001, 0.00000000E+000, 1.03764079E+000, 1.26572682E-001, 1.31336979E-001
 1.81500000E+001, 0.00000000E+000, 1.03887395E+000, 1.30348619E-001, 1.35415784E-001
 1.82100000E+001, 0.00000000E+000, 1.04013530E+000, 1.34175072E-001, 1.39560228E-001
 1.82700000E+001, 0.00000000E+000, 1.04142109E+000, 1.38057158E-001, 1.43775636E-001
 1.83300000E+001, 0.00000000E+000, 1.04272434E+000, 1.42009361E-001, 1.48076617E-001
 1.83900000E+001, 0.00000000E+000, 1.04404118E+000, 1.46036494E-001, 1.52468114E-001
 1.84500000E+001, 0.00000000E+000, 1.04537206E+000, 1.50130486E-001, 1.56942216E-001
 1.85100000E+001, 0.00000000E+000, 1.04671825E+000, 1.54281496E-001, 1.61489257E-001
 1.85700000E+001, 0.00000000E+000, 1.04808365E+000, 1.58472513E-001, 1.66092449E-001
 1.86300000E+001, 0.00000000E+000, 1.04947134E+000, 1.62690242E-001, 1.70738747E-001
 1.86900000E+001, 0.00000000E+000, 1.05087941E+000, 1.66937797E-001, 1.75431494E-001
 1.87500000E+001, 0.00000000E+000, 1.05230323E+000, 1.71227580E-001, 1.80183335E-001
 1.88100000E+001, 0.00000000E+000, 1.05373947E+000, 1.75568841E-001, 1.85003817E-001
 1.88700000E+001, 0.00000000E+000, 1.05518412E+000, 1.79973688E-001, 1.89905377E-001
 1.89300000E+001, 0.00000000E+000, 1.05663931E+000, 1.84435869E-001, 1.94882188E-001
 1.89900000E+001, 0.00000000E+000, 1.05810954E+000, 1.88942219E-001, 1.99921565E-001
 1.90500000E+001, 0.00000000E+000, 1.05959862E+000, 1.93481800E-001, 2.05013048E-001
 1.91100000E+001, 0.00000000E+000, 1.06110951E+000, 1.98046050E-001, 2.10148547E-001
 1.91700000E+001, 0.00000000E+000, 1.06264077E+000, 2.02639537E-001, 2.15333033E-001
 1.92300000E+001, 0.00000000E+000, 1.06418731E+000, 2.07277496E-001, 2.20582080E-001
 1.92900000E+001, 0.00000000E+000, 1.06574577E+000, 2.11969377E-001, 2.25905466E-001
 1.93500000E+001, 0.00000000E+000, 1.06731322E+000, 2.16722868E-001, 2.31311182E-001
 1.94100000E+001, 0.00000000E+000, 1.06889104E+000, 2.21532226E-001, 2.36793810E-001
 1.94700000E+001, 0.00000000E+000, 1.07048388E+000, 2.26381382E-001, 2.42337621E-001
 1.95300000E+001, 0.00000000E+000, 1.07209465E+000, 2.31259456E-001, 2.47932026E-001
 1.95900000E+001, 0.00000000E+000, 1.07372557E+000, 2.36157479E-001, 2.53568323E-001
 1.96500000E+001, 0.00000000E+000, 1.07537436E+000, 2.41079994E-001, 2.59251245E-001
 1.97100000E+001, 0.00000000E+000, 1.07703614E+000, 2.46039469E-001, 2.64993400E-001
 1.97700000E+001, 0.00000000E+000, 1.07870711E+000, 2.51045142E-001, 2.70804180E-001
 1.98300000E+001, 0.00000000E+000, 1.08038461E+000, 2.56102873E-001, 2.76689604E-001
 1.98900000E+001, 0.00000000E+000, 1.08207050E+000, 2.61205177E-001, 2.82642415E-001
 1.99500000E+001, 0.00000000E+000, 1.08376837E+000, 2.66339416E-001, 2.88650235E-001
 2.00100000E+001, 0.00000000E+000, 1.08548150E+000, 2.71494280E-001, 2.94702018E-001
 2.00700000E+001, 0.00000000E+000, 1.08721199E+000, 2.76662076E-001, 3.00790326E-001
 2.01300000E+001, 0.00000000E+000, 1.08895775E+000, 2.81847872E-001, 3.06920425E-001
 2.01900000E+001, 0.00000000E+000, 1.09071502E+000, 2.87061860E-001, 3.13102683E-001
 2.02500000E+001, 0.00000000E+000, 1.09247924E+000, 2.92316632E-001, 3.19349852E-001
 2.03100000E+001, 0.00000000E+000, 1.09424867E+000, 2.97616280E-001, 3.25666220E-001
 2.03700000E+001, 0.00000000E+000, 1.09602498E+000, 3.02954813E-001, 3.32046043E-001
 2.04300000E+001, 0.00000000E+000, 1.09781117E+000, 3.08322198E-001, 3.38479552E-001
 2.04900000E+001, 0.00000000E+000, 1.09961161E+000, 3.13704349E-001, 3.44952945E-001
 2.05500000E+001, 0.00000000E+000, 1.10142753E+000, 3.19096659E-001, 3.51461845E-001
 2.06100000E+001, 0.00000000E+000, 1.10325794E+000, 3.24501074E-001, 3.58008386E-001
 2.06700000E+001, 0.00000000E+000, 1.10509872E+000, 3.29928861E-001, 3.64603961E-001
 2.07300000E+001, 0.00000000E+000, 1.10694532E+000, 3.35392478E-001, 3.71261135E-001
 2.07900000E+001, 0.00000000E+000, 1.10879581E+000, 3.40896661E-001, 3.77984790E-001
 2.08500000E+001, 0.00000000E+000, 1.11065164E+000, 3.46435988E-001, 3.84769700E-001
 2.09100000E+001, 0.00000000E+000, 1.11251595E+000, 3.52000144E-001, 3.91605776E-001
 2.09700000E+001, 0.00000000E+000, 1.11439221E+000, 3.57577843E-001, 3.98481964E-001
 2.10300000E+001, 0.00000000E+000, 1.11628380E+000, 3.63158195E-001, 4.05387610E-001
 2.10900000E+001, 0.00000000E+000, 1.11818823E+000, 3.68747700E-001, 4.12329338E-001
 2.11500000E+001, 0.00000000E+000, 1.12010202E+000, 3.74355843E-001, 4.19316734E-001
 2.12100000E+001, 0.00000000E+000, 1.12202174E+000, 3.79991884E-001, 4.26359157E-001
 2.12700000E+001, 0.00000000E+000, 1.12394386E+000, 3.85665477E-001, 4.33466344E-001
 2.13300000E+001, 0.00000000E+000, 1.12586944E+000, 3.91372583E-001, 4.40634430E-001
 2.13900000E+001, 0.00000000E+000, 1.12780213E+000, 3.97101663E-001, 4.47852100E-001
 2.14500000E+001, 0.00000000E+000, 1.12974534E+000, 4.02841869E-001, 4.55108726E-001
 2.15100000E+001, 0.00000000E+000, 1.13170145E+000, 4.08585593E-001, 4.62396907E-001
 2.15700000E+001, 0.00000000E+000, 1.13367095E+000, 4.14330566E-001, 4.69714526E-001
 2.16300000E+001, 0.00000000E+000, 1.13564979E+000, 4.20088122E-001, 4.77072986E-001
 2.16900000E+001, 0.00000000E+000, 1.13763355E+000, 4.25870505E-001, 4.84484574E-001
 2.17500000E+001, 0.00000000E+000, 1.13962001E+000, 4.31683471E-001, 4.91955120E-001
 2.18100000E+001, 0.00000000E+000, 1.14160905E+000, 4.37526552E-001, 4.99484273E-001
 2.18700000E+001, 0.00000000E+000, 1.14360229E+000, 4.43394398E-001, 5.07066847E-001
 2.19300000E+001, 0.00000000E+000, 1.14560320E+000, 4.49276169E-001, 5.14692215E-001
 2.19900000E+001, 0.00000000E+000, 1.14761701E+000, 4.55156566E-001, 5.22345418E-001
 2.20500000E+001, 0.00000000E+000, 1.14964276E+000, 4.61035660E-001, 5.30026308E-001
 2.21100000E+001, 0.00000000E+000, 1.15167789E+000, 4.66921838E-001, 5.37743559E-001
 2.21700000E+001, 0.00000000E+000, 1.15371908E+000, 4.72824507E-001, 5.45506654E-001
 2.22300000E+001, 0.00000000E+000, 1.15576355E+000, 4.78750655E-001, 5.53322557E-001
 2.22900000E+001, 0.00000000E+000, 1.15780969E+000, 4.84704138E-001, 5.61195147E-001
 2.23500000E+001, 0.00000000E+000, 1.15985752E+000, 4.90684335E-001, 5.69123917E-001
 2.24100000E+001, 0.00000000E+000, 1.16190972E+000, 4.96683017E-001, 5.77100828E-001
 2.24700000E+001, 0.00000000E+000, 1.16397318E+000, 5.02681280E-001, 5.85107527E-001
 2.25300000E+001, 0.00000000E+000, 1.16604763E+000, 5.08674315E-001, 5.93138477E-001
 2.25900000E+001, 0.00000000E+000, 1.16813184E+000, 5.14669600E-001, 6.01201947E-001
 2.26500000E+001, 0.00000000E+000, 1.17022338E+000, 5.20673026E-001, 6.09303750E-001
 2.27100000E+001, 0.00000000E+000, 1.17231939E+000, 5.26691722E-001, 6.17450921E-001
 2.27700000E+001, 0.00000000E+000, 1.17441717E+000, 5.32733015E-001, 6.25650799E-001
 2.28300000E+001, 0.00000000E+000, 1.17651503E+000, 5.38801463E-001, 6.33908021E-001
 2.28900000E+001, 0.00000000E+000, 1.17861419E+000, 5.44892996E-001, 6.42218617E-001
 2.29500000E+001, 0.00000000E+000, 1.18072033E+000, 5.50992041E-001, 6.50567505E-001
 2.30100000E+001, 0.00000000E+000, 1.18283750E+000, 5.57083028E-001, 6.58938698E-001
 2.30700000E+001, 0.00000000E+000, 1.18496429E+000, 5.63171634E-001, 6.67338275E-001
 2.31300000E+001, 0.00000000E+000, 1.18709941E+000, 5.69261418E-001, 6.75769891E-001
 2.31900000E+001, 0.00000000E+000, 1.18924075E+000, 5.75357705E-001, 6.84238829E-001
 2.32500000E+001, 0.00000000E+000, 1.19138534E+000, 5.81468917E-001, 6.92753545E-001
 2.33100000E+001, 0.00000000E+000, 1.19352923E+000, 5.87606130E-001, 7.01325089E-001
 2.33700000E+001, 0.00000000E+000, 1.19567256E+000, 5.93766685E-001, 7.09950530E-001
 2.34300000E+001, 0.00000000E+000, 1.19781730E+000, 5.99945755E-001, 7.18625406E-001
 2.34900000E+001, 0.00000000E+000, 1.19997056E+000, 6.06125855E-001, 7.27333182E-001
 2.35500000E+001, 0.00000000E+000, 1.20213418E+000, 6.12293833E-001, 7.36059346E-001
 2.36100000E+001, 0.00000000E+000, 1.20430695E+000, 6.18456753E-001, 7.44811766E-001
 2.36700000E+001, 0.00000000E+000, 1.20648734E+000, 6.24619426E-001, 7.53595427E-001
 2.37300000E+001, 0.00000000E+000, 1.20867337E+000, 6.30786474E-001, 7.62414811E-001
 2.37900000E+001, 0.00000000E+000, 1.21086000E+000, 6.36973917E-001, 7.71286235E-001
 2.38500000E+001, 0.00000000E+000, 1.21304388E+000, 6.43185492E-001, 7.80212222E-001
 2.39100000E+001, 0.00000000E+000, 1.21522723E+000, 6.49418124E-001, 7.89190590E-001
 2.39700000E+001, 0.00000000E+000, 1.21741200E+000, 6.55666158E-001, 7.98215852E-001
 2.40300000E+001, 0.00000000E+000, 1.21960600E+000, 6.61909194E-001, 8.07268422E-001
 2.40900000E+001, 0.00000000E+000, 1.22180988E+000, 6.68137620E-001, 8.16337144E-001
 2.41500000E+001, 0.00000000E+000, 1.22402248E+000, 6.74358002E-001, 8.25429354E-001
 2.42100000E+001, 0.00000000E+000, 1.22624197E+000, 6.80576771E-001, 8.34551800E-001
 2.42700000E+001, 0.00000000E+000, 1.22846595E+000, 6.86800429E-001, 8.43710942E-001
 2.43300000E+001, 0.00000000E+000, 1.23068842E+000, 6.93046133E-001, 8.52923853E-001
 2.43900000E+001, 0.00000000E+000, 1.23290848E+000, 6.99311614E-001, 8.62187220E-001
 2.44500000E+001, 0.00000000E+000, 1.23512807E+000, 7.05594091E-001, 8.71499065E-001
 2.45100000E+001, 0.00000000E+000, 1.23734891E+000, 7.11889100E-001, 8.80855203E-001
 2.45700000E+001, 0.00000000E+000, 1.23957747E+000, 7.18180065E-001, 8.90239828E-001
 2.46300000E+001, 0.00000000E+000, 1.24181479E+000, 7.24457305E-001, 8.99641796E-001
 2.46900000E+001, 0.00000000E+000, 1.24406049E+000, 7.30723930E-001, 9.09064768E-001
 2.47500000E+001, 0.00000000E+000, 1.24631276E+000, 7.36985706E-001, 9.18514687E-001
 2.48100000E+001, 0.00000000E+000, 1.24856968E+000, 7.43248961E-001, 9.27998117E-001
 2.48700000E+001, 0.00000000E+000, 1.25082551E+000, 7.49530563E-001, 9.37531946E-001
 2.49300000E+001, 0.00000000E+000, 1.25307821E+000, 7.55830133E-001, 9.47114271E-001
 2.49900000E+001, 0.00000000E+000, 1.25533003E+000, 7.62144682E-001, 9.56743107E-001
 2.50500000E+001, 0.00000000E+000, 1.25758204E+000, 7.68471591E-001, 9.66416071E-001
 2.51100000E+001, 0.00000000E+000, 1.25983734E+000, 7.74802992E-001, 9.76125738E-001
 2.51700000E+001, 0.00000000E+000, 1.26210078E+000, 7.81123133E-001, 9.85856111E-001
 2.52300000E+001, 0.00000000E+000, 1.26437394E+000, 7.87426226E-001, 9.95601200E-001
 2.52900000E+001, 0.00000000E+000, 1.26665569E+000, 7.93713574E-001, 1.00536182E+000
 2.53500000E+001, 0.00000000E+000, 1.26894300E+000, 7.99995935E-001, 1.01514924E+000
 2.54100000E+001, 0.00000000E+000, 1.27122875E+000, 8.06299403E-001, 1.02499098E+000
 2.54700000E+001, 0.00000000E+000, 1.27350823E+000, 8.12624554E-001, 1.03488406E+000
 2.55300000E+001, 0.00000000E+000, 1.27578545E+000, 8.18965124E-001, 1.04482379E+000
 2.55900000E+001, 0.00000000E+000, 1.27806530E+000, 8.25311425E-001, 1.05480190E+000
 2.56500000E+001, 0.00000000E+000, 1.28034939E+000, 8.31653536E-001, 1.06480710E+000
 2.57100000E+001, 0.00000000E+000, 1.28263603E+000, 8.37999075E-001, 1.07484781E+000
 2.57700000E+001, 0.00000000E+000, 1.28492971E+000, 8.44339739E-001, 1.08491722E+000
 2.58300000E+001, 0.00000000E+000, 1.28723448E+000, 8.50653081E-001, 1.09498998E+000
 2.58900000E+001, 0.00000000E+000, 1.28954766E+000, 8.56945407E-001, 1.10507194E+000
 2.59500000E+001, 0.00000000E+000, 1.29186224E+000, 8.63253044E-001, 1.11520401E+000
 2.60100000E+001, 0.00000000E+000, 1.29416614E+000, 8.69588787E-001, 1.12539237E+000
 2.60700000E+001, 0.00000000E+000, 1.29646487E+000, 8.75942431E-001, 1.13562859E+000
 2.61300000E+001, 0.00000000E+000, 1.29876912E+000, 8.82294990E-001, 1.14589749E+000
 2.61900000E+001, 0.00000000E+000, 1.30107718E+000, 8.88634722E-001, 1.15618236E+000
 2.62500000E+001, 0.00000000E+000, 1.30338432E+000, 8.94990623E-001, 1.16651674E+000
 2.63100000E+001, 0.00000000E+000, 1.30568969E+000, 9.01363430E-001, 1.17690094E+000
 2.63700000E+001, 0.00000000E+000, 1.30801249E+000, 9.07717944E-001, 1.18730641E+000
 2.64300000E+001, 0.00000000E+000, 1.31036830E+000, 9.14072452E-001, 1.19777157E+000
 2.64900000E+001, 0.00000000E+000, 1.31277578E+000, 9.20489476E-001, 1.20839629E+000
 2.65500000E+001, 0.00000000E+000, 1.31523435E+000, 9.27240610E-001, 1.21953870E+000
 2.66100000E+001, 0.00000000E+000, 1.31789148E+000, 9.34552790E-001, 1.23163916E+000
 2.66700000E+001, 0.00000000E+000, 1.32104439E+000, 9.43108729E-001, 1.24588850E+000
 2.67300000E+001, 0.00000000E+000, 1.32449971E+000, 9.52482513E-001, 1.26156281E+000
 2.67900000E+001, 0.00000000E+000, 1.32602786E+000, 9.56648771E-001, 1.26854293E+000
 2.68500000E+001, 0.00000000E+000, 1.32598288E+000, 9.56697146E-001, 1.26856404E+000
 2.69100000E+001, 0.00000000E+000, 1.32458373E+000, 9.52861453E-001, 1.26214478E+000
 2.69700000E+001, 0.00000000E+000, 1.31922617E+000, 9.38249196E-001, 1.23776289E+000
 2.70300000E+001, 0.00000000E+000, 1.30438688E+000, 8.97320342E-001, 1.17045288E+000
 2.70900000E+001, 0.00000000E+000, 1.26885176E+000, 7.99395790E-001, 1.01431476E+000
 2.71500000E+001, 0.00000000E+000, 1.19721787E+000, 5.95674216E-001, 7.13151816E-001
 2.72100000E+001, 0.00000000E+000, 1.09300327E+000, 2.87855702E-001, 3.14627225E-001
 2.72700000E+001, 0.00000000E+000, 1.03189791E+000, 9.96193510E-002, 1.02797000E-001
 2.73300000E+001, 0.00000000E+000, 1.01107536E+000, 3.46859058E-002, 3.50700648E-002
 2.73900000E+001, 0.00000000E+000, 1.00448492E+000, 1.40838505E-002, 1.41470155E-002
 2.74500000E+001, 0.00000000E+000, 1.00241238E+000, 7.60330285E-003, 7.62164487E-003
 2.75100000E+001, 0.00000000E+000, 1.00172347E+000, 5.45108645E-003, 5.46048125E-003
 2.75700000E+001, 0.00000000E+000, 1.00145526E+000, 4.61532951E-003, 4.62204601E-003
 2.76300000E+001, 0.00000000E+000, 1.00131690E+000, 4.18613032E-003, 4.19164305E-003
 2.76900000E+001, 0.00000000E+000, 1.00122089E+000, 3.88966976E-003, 3.89441863E-003
 2.77500000E+001, 0.00000000E+000, 1.00114091E+000, 3.64360373E-003, 3.64776074E-003
 2.78100000E+001, 0.00000000E+000, 1.00106880E+000, 3.42245177E-003, 3.42610968E-003
 2.78700000E+001, 0.00000000E+000, 1.00100201E+000, 3.21824068E-003, 3.22146540E-003
 2.79300000E+001, 0.00000000E+000, 1.00093951E+000, 3.02773536E-003, 3.03057995E-003
 2.79900000E+001, 0.00000000E+000, 1.00088089E+000, 2.84970577E-003, 2.85221607E-003
 2.80500000E+001, 0.00000000E+000, 1.00082578E+000, 2.68296755E-003, 2.68518308E-003
 2.81100000E+001, 0.00000000E+000, 1.00077399E+000, 2.52701214E-003, 2.52896802E-003
 2.81700000E+001, 0.00000000E+000, 1.00072522E+000, 2.38089968E-003, 2.38262635E-003
 2.82300000E+001, 0.00000000E+000, 1.00067936E+000, 2.24430117E-003, 2.24582586E-003
 2.82900000E+001, 0.00000000E+000, 1.00063612E+000, 2.11634557E-003, 2.11769182E-003
 2.83500000E+001, 0.00000000E+000, 1.00059543E+000, 1.99682786E-003, 1.99801682E-003
 2.84100000E+001, 0.00000000E+000, 1.00055701E+000, 1.88491525E-003, 1.88596516E-003
 2.84700000E+001, 0.00000000E+000, 1.00052082E+000, 1.78051630E-003, 1.78144362E-003
 2.85300000E+001, 0.00000000E+000, 1.00048659E+000, 1.68281985E-003, 1.68363869E-003
 2.85900000E+001, 0.00000000E+000, 1.00045432E+000, 1.59184381E-003, 1.59256702E-003
 2.86500000E+001, 0.00000000E+000, 1.00042374E+000, 1.50678411E-003, 1.50742259E-003
 2.87100000E+001, 0.00000000E+000, 1.00039487E+000, 1.42776638E-003, 1.42833015E-003
 2.87700000E+001, 0.00000000E+000, 1.00036744E+000, 1.35397978E-003, 1.35447728E-003
 2.88300000E+001, 0.00000000E+000, 1.00034151E+000, 1.28565815E-003, 1.28609722E-003
 2.88900000E+001, 0.00000000E+000, 1.00031681E+000, 1.22197034E-003, 1.22235747E-003
 2.89500000E+001, 0.00000000E+000, 1.00029341E+000, 1.16326087E-003, 1.16360219E-003
 2.90100000E+001, 0.00000000E+000, 1.00027104E+000, 1.10866467E-003, 1.10896517E-003
 2.90700000E+001, 0.00000000E+000, 1.00024982E+000, 1.05864142E-003, 1.05890589E-003
 2.91300000E+001, 0.00000000E+000, 1.00022943E+000, 1.01227819E-003, 1.01251044E-003
 2.91900000E+001, 0.00000000E+000, 1.00021005E+000, 9.70156252E-004, 9.70360032E-004
 2.92500000E+001, 0.00000000E+000, 1.00019133E+000, 9.31300337E-004, 9.31478525E-004
 2.93100000E+001, 0.00000000E+000, 1.00017349E+000, 8.96421763E-004, 8.96577280E-004
 2.93700000E+001, 0.00000000E+000, 1.00015615E+000, 8.64467523E-004, 8.64602509E-004
 2.94300000E+001, 0.00000000E+000, 1.00013957E+000, 8.36289568E-004, 8.36406287E-004
 2.94900000E+001, 0.00000000E+000, 1.00012335E+000, 8.10740463E-004, 8.10840464E-004
 2.95500000E+001, 0.00000000E+000, 1.00010777E+000, 7.88825267E-004, 7.88910282E-004
 2.96100000E+001, 0.00000000E+000, 1.00009242E+000, 7.69282733E-004, 7.69353828E-004
 2.96700000E+001, 0.00000000E+000, 1.00007762E+000, 7.53282360E-004, 7.53340829E-004
 2.97300000E+001, 0.00000000E+000, 1.00006290E+000, 7.39417174E-004, 7.39463685E-004
 2.97900000E+001, 0.00000000E+000, 1.00004868E+000, 7.29003643E-004, 7.29039130E-004
 2.98500000E+001, 0.00000000E+000, 1.00003437E+000, 7.20362272E-004, 7.20387031E-004
 2.99100000E+001, 0.00000000E+000, 1.00002073E+000, 7.15224637E-004, 7.15239466E-004
 2.99700000E+001, 0.00000000E+000, 1.00000657E+000, 6.91969833E-004, 6.91974381E-004
