   14410.011160169022      ,         100
X,ZB,H,U,ZF,QS,TS
 4.57000000E-002,-1.73995659E-002, 5.28843759E-002, 3.50326422E-001,-1.50019011E+000, 8.43478262E-007, 6.75983243E-002
 1.37100000E-001,-1.74066224E-002, 5.26584124E-002, 3.51832812E-001,-1.50057034E+000, 8.84023317E-007, 6.82532381E-002
 2.28500000E-001,-1.74220180E-002, 5.24378302E-002, 3.53327640E-001,-1.50095056E+000, 9.25068126E-007, 6.89061020E-002
 3.19900000E-001,-1.74453679E-002, 5.22240035E-002, 3.54788443E-001,-1.50133078E+000, 9.65994170E-007, 6.95475296E-002
 4.11300000E-001,-1.74763251E-002, 5.20165831E-002, 3.56216604E-001,-1.50171101E+000, 1.00678628E-006, 7.01779037E-002
 5.02700000E-001,-1.75145707E-002, 5.18152379E-002, 3.57613555E-001,-1.50209123E+000, 1.04743475E-006, 7.07976431E-002
 5.94100000E-001,-1.75598109E-002, 5.16196641E-002, 3.58980612E-001,-1.50247146E+000, 1.08793043E-006, 7.14071299E-002
 6.85500000E-001,-1.76117736E-002, 5.14295827E-002, 3.60318982E-001,-1.50285168E+000, 1.12826471E-006, 7.20067144E-002
 7.76900000E-001,-1.76702065E-002, 5.12447362E-002, 3.61629781E-001,-1.50323190E+000, 1.16842946E-006, 7.25967187E-002
 8.68300000E-001,-1.77348743E-002, 5.10648865E-002, 3.62914041E-001,-1.50361213E+000, 1.20841700E-006, 7.31774406E-002
 9.59700000E-001,-1.78055579E-002, 5.08898127E-002, 3.64172723E-001,-1.50399235E+000, 1.24822012E-006, 7.37491560E-002
 1.05110000E+000,-1.78820517E-002, 5.07193091E-002, 3.65406721E-001,-1.50437258E+000, 1.28783201E-006, 7.43121220E-002
 1.14250000E+000,-1.79641631E-002, 5.05531842E-002, 3.66616872E-001,-1.50475280E+000, 1.32724628E-006, 7.48665784E-002
 1.23390000E+000,-1.80517109E-002, 5.03912588E-002, 3.67803958E-001,-1.50513302E+000, 1.36645694E-006, 7.54127500E-002
 1.32530000E+000,-1.81445244E-002, 5.02333652E-002, 3.68968718E-001,-1.50551325E+000, 1.40545836E-006, 7.59508483E-002
 1.41670000E+000,-1.82424424E-002, 5.00793461E-002, 3.70111845E-001,-1.50589347E+000, 1.44424527E-006, 7.64810723E-002
 1.50810000E+000,-1.83453125E-002, 4.99290534E-002, 3.71233994E-001,-1.50627370E+000, 1.48281275E-006, 7.70036102E-002
 1.59950000E+000,-1.84529901E-002, 4.97823478E-002, 3.72335785E-001,-1.50665392E+000, 1.52115621E-006, 7.75186406E-002
 1.69090000E+000,-1.85653381E-002, 4.96390978E-002, 3.73417805E-001,-1.50703414E+000, 1.55927138E-006, 7.80263329E-002
 1.78230000E+000,-1.86822264E-002, 4.94991791E-002, 3.74480612E-001,-1.50741437E+000, 1.59715428E-006, 7.85268484E-002
 1.87370000E+000,-1.88035308E-002, 4.93624742E-002, 3.75524738E-001,-1.50779459E+000, 1.63480126E-006, 7.90203412E-002
 1.96510000E+000,-1.89291330E-002, 4.92288718E-002, 3.76550687E-001,-1.50817482E+000, 1.67220892E-006, 7.95069587E-002
 2.05650000E+000,-1.90589203E-002, 4.90982661E-002, 3.77558944E-001,-1.50855504E+000, 1.70937416E-006, 7.99868419E-002
 2.14790000E+000,-1.91927848E-002, 4.89705566E-002, 3.78549968E-001,-1.50893526E+000, 1.74629411E-006, 8.04601265E-002
 2.23930000E+000,-1.93306234E-002, 4.88456480E-002, 3.79524203E-001,-1.50931549E+000, 1.78296620E-006, 8.09269428E-002
 2.33070000E+000,-1.94723372E-002, 4.87234491E-002, 3.80482072E-001,-1.50969571E+000, 1.81938805E-006, 8.13874165E-002
 2.42210000E+000,-1.96178315E-002, 4.86038733E-002, 3.81423980E-001,-1.51007594E+000, 1.85555757E-006, 8.18416687E-002
 2.51350000E+000,-1.97670154E-002, 4.84868379E-002, 3.82350320E-001,-1.51045616E+000, 1.89147286E-006, 8.22898167E-002
 2.60490000E+000,-1.99198017E-002, 4.83722638E-002, 3.83261466E-001,-1.51083638E+000, 1.92713225E-006, 8.27319739E-002
 2.69630000E+000,-2.00761063E-002, 4.82600754E-002, 3.84157781E-001,-1.51121661E+000, 1.96253428E-006, 8.31682503E-002
 2.78770000E+000,-2.02358484E-002, 4.81502004E-002, 3.85039613E-001,-1.51159683E+000, 1.99767770E-006, 8.35987525E-002
 2.87910000E+000,-2.03989503E-002, 4.80425694E-002, 3.85907299E-001,-1.51197706E+000, 2.03256146E-006, 8.40235842E-002
 2.97050000E+000,-2.05653370E-002, 4.79371161E-002, 3.86761165E-001,-1.51235728E+000, 2.06718467E-006, 8.44428463E-002
 3.06190000E+000,-2.07349361E-002, 4.78337768E-002, 3.87601525E-001,-1.51273750E+000, 2.10154665E-006, 8.48566370E-002
 3.15330000E+000,-2.09076778E-002, 4.77324901E-002, 3.88428684E-001,-1.51311773E+000, 2.13564690E-006, 8.52650522E-002
 3.24470000E+000,-2.10834948E-002, 4.76331974E-002, 3.89242936E-001,-1.51349795E+000, 2.16948507E-006, 8.56681852E-002
 3.33610000E+000,-2.12623219E-002, 4.75358420E-002, 3.90044568E-001,-1.51387818E+000, 2.20306099E-006, 8.60661274E-002
 3.42750000E+000,-2.14440961E-002, 4.74403696E-002, 3.90833856E-001,-1.51425840E+000, 2.23637463E-006, 8.64589680E-002
 3.51890000E+000,-2.16287563E-002, 4.73467277E-002, 3.91611070E-001,-1.51463862E+000, 2.26942614E-006, 8.68467944E-002
 3.61030000E+000,-2.18162437E-002, 4.72548660E-002, 3.92376470E-001,-1.51501885E+000, 2.30221579E-006, 8.72296921E-002
 3.70170000E+000,-2.20065009E-002, 4.71647356E-002, 3.93130313E-001,-1.51539907E+000, 2.33474401E-006, 8.76077450E-002
 3.79310000E+000,-2.21994727E-002, 4.70762897E-002, 3.93872843E-001,-1.51577930E+000, 2.36701136E-006, 8.79810352E-002
 3.88450000E+000,-2.23951053E-002, 4.69894829E-002, 3.94604303E-001,-1.51615952E+000, 2.39901854E-006, 8.83496434E-002
 3.97590000E+000,-2.25933465E-002, 4.69042714E-002, 3.95324927E-001,-1.51653974E+000, 2.43076637E-006, 8.87136489E-002
 4.06730000E+000,-2.27941459E-002, 4.68206130E-002, 3.96034943E-001,-1.51691997E+000, 2.46225580E-006, 8.90731295E-002
 4.15870000E+000,-2.29974543E-002, 4.67384666E-002, 3.96734574E-001,-1.51730019E+000, 2.49348789E-006, 8.94281618E-002
 4.25010000E+000,-2.32032239E-002, 4.66577929E-002, 3.97424037E-001,-1.51768042E+000, 2.52446383E-006, 8.97788211E-002
 4.34150000E+000,-2.34114085E-002, 4.65785533E-002, 3.98103545E-001,-1.51806064E+000, 2.55518491E-006, 9.01251815E-002
 4.43290000E+000,-2.36219630E-002, 4.65007108E-002, 3.98773304E-001,-1.51844086E+000, 2.58565254E-006, 9.04673161E-002
 4.52430000E+000,-2.38348437E-002, 4.64242295E-002, 3.99433517E-001,-1.51882109E+000, 2.61586823E-006, 9.08052969E-002
 4.61570000E+000,-2.40500077E-002, 4.63490745E-002, 4.00084383E-001,-1.51920131E+000, 2.64583358E-006, 9.11391947E-002
 4.70710000E+000,-2.42674138E-002, 4.62752119E-002, 4.00726094E-001,-1.51958154E+000, 2.67555032E-006, 9.14690796E-002
 4.79850000E+000,-2.44870216E-002, 4.62026090E-002, 4.01358841E-001,-1.51996176E+000, 2.70502025E-006, 9.17950208E-002
 4.88990000E+000,-2.47087916E-002, 4.61312339E-002, 4.01982810E-001,-1.52034198E+000, 2.73424527E-006, 9.21170863E-002
 4.98130000E+000,-2.49326857E-002, 4.60610557E-002, 4.02598182E-001,-1.52072221E+000, 2.76322739E-006, 9.24353438E-002
 5.07270000E+000,-2.51586665E-002, 4.59920441E-002, 4.03205135E-001,-1.52110243E+000, 2.79196870E-006, 9.27498599E-002
 5.16410000E+000,-2.53866976E-002, 4.59241700E-002, 4.03803846E-001,-1.52148266E+000, 2.82047139E-006, 9.30607007E-002
 5.25550000E+000,-2.56167436E-002, 4.58574048E-002, 4.04394486E-001,-1.52186288E+000, 2.84873774E-006, 9.33679317E-002
 5.34690000E+000,-2.58487698E-002, 4.57917208E-002, 4.04977225E-001,-1.52224310E+000, 2.87677013E-006, 9.36716178E-002
 5.43830000E+000,-2.60827424E-002, 4.57270906E-002, 4.05552229E-001,-1.52262333E+000, 2.90457105E-006, 9.39718236E-002
 5.52970000E+000,-2.63186284E-002, 4.56634880E-002, 4.06119662E-001,-1.52300355E+000, 2.93214310E-006, 9.42686134E-002
 5.62110000E+000,-2.65563955E-002, 4.56008869E-002, 4.06679688E-001,-1.52338378E+000, 2.95948899E-006, 9.45620513E-002
 5.71250000E+000,-2.67960121E-002, 4.55392620E-002, 4.07232467E-001,-1.52376400E+000, 2.98661158E-006, 9.48522017E-002
 5.80390000E+000,-2.70374472E-002, 4.54785880E-002, 4.07778160E-001,-1.52414422E+000, 3.01351389E-006, 9.51391292E-002
 5.89530000E+000,-2.72806703E-002, 4.54188404E-002, 4.08316926E-001,-1.52452445E+000, 3.04019913E-006, 9.54228993E-002
 5.98670000E+000,-2.75256515E-002, 4.53599947E-002, 4.08848926E-001,-1.52490467E+000, 3.06667074E-006, 9.57035784E-002
 6.07810000E+000,-2.77723612E-002, 4.53020263E-002, 4.09374323E-001,-1.52528490E+000, 3.09293246E-006, 9.59812352E-002
 6.16950000E+000,-2.80207700E-002, 4.52449106E-002, 4.09893283E-001,-1.52566512E+000, 3.11898839E-006, 9.62559407E-002
 6.26090000E+000,-2.82708487E-002, 4.51886226E-002, 4.10405978E-001,-1.52604534E+000, 3.14484311E-006, 9.65277697E-002
 6.35230000E+000,-2.85225679E-002, 4.51331365E-002, 4.10912588E-001,-1.52642557E+000, 3.17050182E-006, 9.67968025E-002
 6.44370000E+000,-2.87758977E-002, 4.50784254E-002, 4.11413305E-001,-1.52680579E+000, 3.19597055E-006, 9.70631265E-002
 6.53510000E+000,-2.90308075E-002, 4.50244606E-002, 4.11908338E-001,-1.52718602E+000, 3.22125639E-006, 9.73268391E-002
 6.62650000E+000,-2.92872654E-002, 4.49712108E-002, 4.12397920E-001,-1.52756624E+000, 3.24636788E-006, 9.75880514E-002
 6.71790000E+000,-2.95452378E-002, 4.49186411E-002, 4.12882316E-001,-1.52794646E+000, 3.27131550E-006, 9.78468930E-002
 6.80930000E+000,-2.98046879E-002, 4.48667118E-002, 4.13361837E-001,-1.52832669E+000, 3.29611230E-006, 9.81035185E-002
 6.90070000E+000,-3.00655755E-002, 4.48153761E-002, 4.13836852E-001,-1.52870691E+000, 3.32077482E-006, 9.83581169E-002
 6.99210000E+000,-3.03278544E-002, 4.47645780E-002, 4.14307815E-001,-1.52908714E+000, 3.34532429E-006, 9.86109230E-002
 7.08350000E+000,-3.05914713E-002, 4.47142487E-002, 4.14775292E-001,-1.52946736E+000, 3.36978827E-006, 9.88622343E-002
 7.17490000E+000,-3.08563623E-002, 4.46643019E-002, 4.15239999E-001,-1.52984758E+000, 3.39420290E-006, 9.91124331E-002
 7.26630000E+000,-3.11224494E-002, 4.46146279E-002, 4.15702859E-001,-1.53022781E+000, 3.41861591E-006, 9.93620162E-002
 7.35770000E+000,-3.13896355E-002, 4.45650851E-002, 4.16165076E-001,-1.53060803E+000, 3.44309077E-006, 9.96116359E-002
 7.44910000E+000,-3.16577976E-002, 4.45154887E-002, 4.16628229E-001,-1.53098826E+000, 3.46771229E-006, 9.98621553E-002
 7.54050000E+000,-3.19267772E-002, 4.44655952E-002, 4.17094411E-001,-1.53136848E+000, 3.49259429E-006, 1.00114723E-001
 7.63190000E+000,-3.21963685E-002, 4.44150824E-002, 4.17566411E-001,-1.53174870E+000, 3.51789007E-006, 1.00370878E-001
 7.72330000E+000,-3.24663013E-002, 4.43635208E-002, 4.18047961E-001,-1.53212893E+000, 3.54380670E-006, 1.00632683E-001
 7.81470000E+000,-3.27362185E-002, 4.43103360E-002, 4.18544071E-001,-1.53250915E+000, 3.57062460E-006, 1.00902921E-001
 7.90610000E+000,-3.30056460E-002, 4.42547574E-002, 4.19061496E-001,-1.53288938E+000, 3.59872451E-006, 1.01185354E-001
 7.99750000E+000,-3.32739521E-002, 4.41957492E-002, 4.19609354E-001,-1.53326960E+000, 3.62862456E-006, 1.01485073E-001
 8.08890000E+000,-3.35402932E-002, 4.41319158E-002, 4.20199990E-001,-1.53364982E+000, 3.66103161E-006, 1.01808995E-001
 8.18030000E+000,-3.38035414E-002, 4.40613759E-002, 4.20850141E-001,-1.53403005E+000, 3.69691268E-006, 1.02166528E-001
 8.27170000E+000,-3.40621893E-002, 4.39815907E-002, 4.21582546E-001,-1.53441027E+000, 3.73759498E-006, 1.02570506E-001
 8.36310000E+000,-3.43142246E-002, 4.38891335E-002, 4.22428160E-001,-1.53479050E+000, 3.78490717E-006, 1.03038481E-001
 8.45450000E+000,-3.45569688E-002, 4.37793798E-002, 4.23429203E-001,-1.53517072E+000, 3.84138132E-006, 1.03594533E-001
 8.54590000E+000,-3.47868732E-002, 4.36460916E-002, 4.24643409E-001,-1.53555094E+000, 3.91054569E-006, 1.04271837E-001
 8.63730000E+000,-3.49992689E-002, 4.34808640E-002, 4.26149981E-001,-1.53593117E+000, 3.99735754E-006, 1.05116333E-001
 8.72870000E+000,-3.51880773E-002, 4.32723871E-002, 4.28058028E-001,-1.53631139E+000, 4.10885848E-006, 1.06192089E-001
 8.82010000E+000,-3.53455038E-002, 4.30054669E-002, 4.30518764E-001,-1.53669162E+000, 4.25519810E-006, 1.07589318E-001
 8.91150000E+000,-3.54617779E-002, 4.26597104E-002, 4.33743489E-001,-1.53707184E+000, 4.45129088E-006, 1.09436737E-001
 9.00290000E+000,-3.55249345E-002, 4.22084591E-002, 4.38044454E-001,-1.53745206E+000, 4.72031680E-006, 1.11927744E-001
 9.09430000E+000,-3.55208747E-002, 4.16072943E-002, 4.43889342E-001,-1.53783229E+000, 5.10023756E-006, 1.15366470E-001
