   14410.010645245786      ,         100
X,ZB,H,U,ZF,QS,TS
 4.57000000E-002,-2.55476524E-002, 5.92734097E-002, 3.12711104E-001,-1.50019011E+000, 1.12730839E-007, 5.23844889E-002
 1.37100000E-001,-2.50093290E-002, 5.84692300E-002, 3.16983205E-001,-1.50057034E+000, 1.67193677E-007, 5.40026523E-002
 2.28500000E-001,-2.45670382E-002, 5.77691250E-002, 3.20799062E-001,-1.50095056E+000, 2.22473914E-007, 5.54716640E-002
 3.19900000E-001,-2.41933597E-002, 5.71421551E-002, 3.24294671E-001,-1.50133078E+000, 2.78372431E-007, 5.68370936E-002
 4.11300000E-001,-2.38726477E-002, 5.65706852E-002, 3.27547477E-001,-1.50171101E+000, 3.34777647E-007, 5.81246652E-002
 5.02700000E-001,-2.35948992E-002, 5.60435042E-002, 3.30606239E-001,-1.50209123E+000, 3.91605104E-007, 5.93504146E-002
 5.94100000E-001,-2.33532113E-002, 5.55529187E-002, 3.33504117E-001,-1.50247146E+000, 4.48785013E-007, 6.05251327E-002
 6.85500000E-001,-2.31425556E-002, 5.50933556E-002, 3.36264917E-001,-1.50285168E+000, 5.06256606E-007, 6.16564830E-002
 7.76900000E-001,-2.29591172E-002, 5.46606107E-002, 3.38906451E-001,-1.50323190E+000, 5.63965302E-007, 6.27501327E-002
 8.68300000E-001,-2.27999083E-002, 5.42514098E-002, 3.41442479E-001,-1.50361213E+000, 6.21861180E-007, 6.38104080E-002
 9.59700000E-001,-2.26625279E-002, 5.38631369E-002, 3.43883911E-001,-1.50399235E+000, 6.79898092E-007, 6.48406977E-002
 1.05110000E+000,-2.25450056E-002, 5.34936572E-002, 3.46239594E-001,-1.50437258E+000, 7.38033133E-007, 6.58437148E-002
 1.14250000E+000,-2.24456948E-002, 5.31411971E-002, 3.48516832E-001,-1.50475280E+000, 7.96226279E-007, 6.68216720E-002
 1.23390000E+000,-2.23631991E-002, 5.28042610E-002, 3.50721756E-001,-1.50513302E+000, 8.54440149E-007, 6.77764038E-002
 1.32530000E+000,-2.22963184E-002, 5.24815707E-002, 3.52859581E-001,-1.50551325E+000, 9.12639810E-007, 6.87094531E-002
 1.41670000E+000,-2.22440098E-002, 5.21720218E-002, 3.54934804E-001,-1.50589347E+000, 9.70792631E-007, 6.96221350E-002
 1.50810000E+000,-2.22053578E-002, 5.18746502E-002, 3.56951339E-001,-1.50627370E+000, 1.02886815E-006, 7.05155833E-002
 1.59950000E+000,-2.21795522E-002, 5.15886072E-002, 3.58912633E-001,-1.50665392E+000, 1.08683794E-006, 7.13907863E-002
 1.69090000E+000,-2.21658700E-002, 5.13131399E-002, 3.60821741E-001,-1.50703414E+000, 1.14467553E-006, 7.22486138E-002
 1.78230000E+000,-2.21636621E-002, 5.10475755E-002, 3.62681399E-001,-1.50741437E+000, 1.20235628E-006, 7.30898385E-002
 1.87370000E+000,-2.21723420E-002, 5.07913096E-002, 3.64494068E-001,-1.50779459E+000, 1.25985728E-006, 7.39151523E-002
 1.96510000E+000,-2.21913767E-002, 5.05437958E-002, 3.66261983E-001,-1.50817482E+000, 1.31715727E-006, 7.47251793E-002
 2.05650000E+000,-2.22202801E-002, 5.03045381E-002, 3.67987178E-001,-1.50855504E+000, 1.37423654E-006, 7.55204870E-002
 2.14790000E+000,-2.22586062E-002, 5.00730840E-002, 3.69671520E-001,-1.50893526E+000, 1.43107684E-006, 7.63015939E-002
 2.23930000E+000,-2.23059446E-002, 4.98490194E-002, 3.71316725E-001,-1.50931549E+000, 1.48766131E-006, 7.70689774E-002
 2.33070000E+000,-2.23619163E-002, 4.96319632E-002, 3.72924382E-001,-1.50969571E+000, 1.54397442E-006, 7.78230786E-002
 2.42210000E+000,-2.24261701E-002, 4.94215646E-002, 3.74495966E-001,-1.51007594E+000, 1.60000182E-006, 7.85643076E-002
 2.51350000E+000,-2.24983795E-002, 4.92174989E-002, 3.76032851E-001,-1.51045616E+000, 1.65573037E-006, 7.92930472E-002
 2.60490000E+000,-2.25782402E-002, 4.90194648E-002, 3.77536319E-001,-1.51083638E+000, 1.71114800E-006, 8.00096563E-002
 2.69630000E+000,-2.26654680E-002, 4.88271826E-002, 3.79007575E-001,-1.51121661E+000, 1.76624369E-006, 8.07144726E-002
 2.78770000E+000,-2.27597966E-002, 4.86403912E-002, 3.80447749E-001,-1.51159683E+000, 1.82100737E-006, 8.14078149E-002
 2.87910000E+000,-2.28609761E-002, 4.84588472E-002, 3.81857907E-001,-1.51197706E+000, 1.87542991E-006, 8.20899852E-002
 2.97050000E+000,-2.29687716E-002, 4.82823224E-002, 3.83239055E-001,-1.51235728E+000, 1.92950303E-006, 8.27612705E-002
 3.06190000E+000,-2.30829618E-002, 4.81106031E-002, 3.84592145E-001,-1.51273750E+000, 1.98321928E-006, 8.34219439E-002
 3.15330000E+000,-2.32033376E-002, 4.79434886E-002, 3.85918080E-001,-1.51311773E+000, 2.03657195E-006, 8.40722665E-002
 3.24470000E+000,-2.33297015E-002, 4.77807899E-002, 3.87217717E-001,-1.51349795E+000, 2.08955508E-006, 8.47124881E-002
 3.33610000E+000,-2.34618667E-002, 4.76223293E-002, 3.88491873E-001,-1.51387818E+000, 2.14216338E-006, 8.53428480E-002
 3.42750000E+000,-2.35996558E-002, 4.74679388E-002, 3.89741326E-001,-1.51425840E+000, 2.19439223E-006, 8.59635765E-002
 3.51890000E+000,-2.37429005E-002, 4.73174598E-002, 3.90966817E-001,-1.51463862E+000, 2.24623758E-006, 8.65748951E-002
 3.61030000E+000,-2.38914408E-002, 4.71707421E-002, 3.92169056E-001,-1.51501885E+000, 2.29769598E-006, 8.71770174E-002
 3.70170000E+000,-2.40451244E-002, 4.70276438E-002, 3.93348722E-001,-1.51539907E+000, 2.34876453E-006, 8.77701497E-002
 3.79310000E+000,-2.42038063E-002, 4.68880300E-002, 3.94506465E-001,-1.51577930E+000, 2.39944081E-006, 8.83544913E-002
 3.88450000E+000,-2.43673480E-002, 4.67517728E-002, 3.95642909E-001,-1.51615952E+000, 2.44972291E-006, 8.89302356E-002
 3.97590000E+000,-2.45356175E-002, 4.66187505E-002, 3.96758653E-001,-1.51653974E+000, 2.49960938E-006, 8.94975696E-002
 4.06730000E+000,-2.47084884E-002, 4.64888475E-002, 3.97854272E-001,-1.51691997E+000, 2.54909919E-006, 9.00566751E-002
 4.15870000E+000,-2.48858399E-002, 4.63619536E-002, 3.98930322E-001,-1.51730019E+000, 2.59819172E-006, 9.06077287E-002
 4.25010000E+000,-2.50675563E-002, 4.62379639E-002, 3.99987335E-001,-1.51768042E+000, 2.64688676E-006, 9.11509021E-002
 4.34150000E+000,-2.52535268E-002, 4.61167781E-002, 4.01025826E-001,-1.51806064E+000, 2.69518444E-006, 9.16863625E-002
 4.43290000E+000,-2.54436451E-002, 4.59983007E-002, 4.02046291E-001,-1.51844086E+000, 2.74308524E-006, 9.22142728E-002
 4.52430000E+000,-2.56378092E-002, 4.58824403E-002, 4.03049209E-001,-1.51882109E+000, 2.79059000E-006, 9.27347919E-002
 4.61570000E+000,-2.58359210E-002, 4.57691095E-002, 4.04035043E-001,-1.51920131E+000, 2.83769982E-006, 9.32480747E-002
 4.70710000E+000,-2.60378863E-002, 4.56582247E-002, 4.05004241E-001,-1.51958154E+000, 2.88441615E-006, 9.37542727E-002
 4.79850000E+000,-2.62436146E-002, 4.55497057E-002, 4.05957236E-001,-1.51996176E+000, 2.93074069E-006, 9.42535339E-002
 4.88990000E+000,-2.64530187E-002, 4.54434758E-002, 4.06894448E-001,-1.52034198E+000, 2.97667541E-006, 9.47460029E-002
 4.98130000E+000,-2.66660146E-002, 4.53394614E-002, 4.07816282E-001,-1.52072221E+000, 3.02222253E-006, 9.52318215E-002
 5.07270000E+000,-2.68825215E-002, 4.52375917E-002, 4.08723133E-001,-1.52110243E+000, 3.06738451E-006, 9.57111282E-002
 5.16410000E+000,-2.71024614E-002, 4.51377990E-002, 4.09615383E-001,-1.52148266E+000, 3.11216405E-006, 9.61840590E-002
 5.25550000E+000,-2.73257590E-002, 4.50400180E-002, 4.10493404E-001,-1.52186288E+000, 3.15656404E-006, 9.66507469E-002
 5.34690000E+000,-2.75523419E-002, 4.49441860E-002, 4.11357556E-001,-1.52224310E+000, 3.20058760E-006, 9.71113227E-002
 5.43830000E+000,-2.77821398E-002, 4.48502425E-002, 4.12208189E-001,-1.52262333E+000, 3.24423803E-006, 9.75659144E-002
 5.52970000E+000,-2.80150853E-002, 4.47581296E-002, 4.13045643E-001,-1.52300355E+000, 3.28751881E-006, 9.80146479E-002
 5.62110000E+000,-2.82511127E-002, 4.46677913E-002, 4.13870251E-001,-1.52338378E+000, 3.33043361E-006, 9.84576466E-002
 5.71250000E+000,-2.84901591E-002, 4.45791735E-002, 4.14682335E-001,-1.52376400E+000, 3.37298625E-006, 9.88950320E-002
 5.80390000E+000,-2.87321631E-002, 4.44922244E-002, 4.15482208E-001,-1.52414422E+000, 3.41518071E-006, 9.93269233E-002
 5.89530000E+000,-2.89770658E-002, 4.44068936E-002, 4.16270177E-001,-1.52452445E+000, 3.45702112E-006, 9.97534378E-002
 5.98670000E+000,-2.92248098E-002, 4.43231328E-002, 4.17046540E-001,-1.52490467E+000, 3.49851176E-006, 1.00174691E-001
 6.07810000E+000,-2.94753397E-002, 4.42408952E-002, 4.17811587E-001,-1.52528490E+000, 3.53965703E-006, 1.00590796E-001
 6.16950000E+000,-2.97286019E-002, 4.41601355E-002, 4.18565604E-001,-1.52566512E+000, 3.58046147E-006, 1.01001865E-001
 6.26090000E+000,-2.99845444E-002, 4.40808101E-002, 4.19308865E-001,-1.52604534E+000, 3.62092973E-006, 1.01408008E-001
 6.35230000E+000,-3.02431170E-002, 4.40028766E-002, 4.20041642E-001,-1.52642557E+000, 3.66106658E-006, 1.01809333E-001
 6.44370000E+000,-3.05042707E-002, 4.39262941E-002, 4.20764198E-001,-1.52680579E+000, 3.70087689E-006, 1.02205947E-001
 6.53510000E+000,-3.07679584E-002, 4.38510231E-002, 4.21476791E-001,-1.52718602E+000, 3.74036564E-006, 1.02597954E-001
 6.62650000E+000,-3.10341340E-002, 4.37770252E-002, 4.22179674E-001,-1.52756624E+000, 3.77953791E-006, 1.02985460E-001
 6.71790000E+000,-3.13027533E-002, 4.37042632E-002, 4.22873092E-001,-1.52794646E+000, 3.81839886E-006, 1.03368565E-001
 6.80930000E+000,-3.15737731E-002, 4.36327011E-002, 4.23557287E-001,-1.52832669E+000, 3.85695374E-006, 1.03747370E-001
 6.90070000E+000,-3.18471515E-002, 4.35623041E-002, 4.24232494E-001,-1.52870691E+000, 3.89520788E-006, 1.04121975E-001
 6.99210000E+000,-3.21228479E-002, 4.34930381E-002, 4.24898945E-001,-1.52908714E+000, 3.93316670E-006, 1.04492478E-001
 7.08350000E+000,-3.24008230E-002, 4.34248705E-002, 4.25556864E-001,-1.52946736E+000, 3.97083567E-006, 1.04858976E-001
 7.17490000E+000,-3.26810386E-002, 4.33577691E-002, 4.26206474E-001,-1.52984758E+000, 4.00822034E-006, 1.05221563E-001
 7.26630000E+000,-3.29634576E-002, 4.32917032E-002, 4.26847990E-001,-1.53022781E+000, 4.04532633E-006, 1.05580335E-001
 7.35770000E+000,-3.32480440E-002, 4.32266425E-002, 4.27481625E-001,-1.53060803E+000, 4.08215930E-006, 1.05935383E-001
 7.44910000E+000,-3.35347628E-002, 4.31625579E-002, 4.28107586E-001,-1.53098826E+000, 4.11872498E-006, 1.06286800E-001
 7.54050000E+000,-3.38235801E-002, 4.30994208E-002, 4.28726079E-001,-1.53136848E+000, 4.15502914E-006, 1.06634677E-001
 7.63190000E+000,-3.41144631E-002, 4.30372038E-002, 4.29337301E-001,-1.53174870E+000, 4.19107762E-006, 1.06979102E-001
 7.72330000E+000,-3.44073798E-002, 4.29758798E-002, 4.29941450E-001,-1.53212893E+000, 4.22687628E-006, 1.07320165E-001
 7.81470000E+000,-3.47022991E-002, 4.29154228E-002, 4.30538718E-001,-1.53250915E+000, 4.26243103E-006, 1.07657952E-001
 7.90610000E+000,-3.49991910E-002, 4.28558073E-002, 4.31129292E-001,-1.53288938E+000, 4.29774782E-006, 1.07992550E-001
 7.99750000E+000,-3.52980263E-002, 4.27970085E-002, 4.31713358E-001,-1.53326960E+000, 4.33283263E-006, 1.08324043E-001
 8.08890000E+000,-3.55987766E-002, 4.27390023E-002, 4.32291098E-001,-1.53364982E+000, 4.36769147E-006, 1.08652517E-001
 8.18030000E+000,-3.59014144E-002, 4.26817652E-002, 4.32862690E-001,-1.53403005E+000, 4.40233039E-006, 1.08978054E-001
 8.27170000E+000,-3.62059130E-002, 4.26252744E-002, 4.33428308E-001,-1.53441027E+000, 4.43675546E-006, 1.09300736E-001
 8.36310000E+000,-3.65122463E-002, 4.25695073E-002, 4.33988127E-001,-1.53479050E+000, 4.47097290E-006, 1.09620646E-001
 8.45450000E+000,-3.68203887E-002, 4.25144411E-002, 4.34542325E-001,-1.53517072E+000, 4.50498949E-006, 1.09937871E-001
 8.54590000E+000,-3.71303123E-002, 4.24600481E-002, 4.35091136E-001,-1.53555094E+000, 4.53881546E-006, 1.10252527E-001
 8.63730000E+000,-3.74419724E-002, 4.24062680E-002, 4.35635116E-001,-1.53593117E+000, 4.57248156E-006, 1.10564920E-001
 8.72870000E+000,-3.77552210E-002, 4.23528448E-002, 4.36176797E-001,-1.53631139E+000, 4.60614217E-006, 1.10876498E-001
 8.82010000E+000,-3.80692858E-002, 4.22983383E-002, 4.36730633E-001,-1.53669162E+000, 4.64070078E-006, 1.11195598E-001
 8.91150000E+000,-3.83796295E-002, 4.22341468E-002, 4.37383405E-001,-1.53707184E+000, 4.68162572E-006, 1.11572461E-001
 9.00290000E+000,-3.86590917E-002, 4.21083209E-002, 4.38662059E-001,-1.53745206E+000, 4.76241575E-006, 1.12313218E-001
 9.09430000E+000,-3.87518448E-002, 4.16161768E-002, 4.43748131E-001,-1.53783229E+000, 5.09130664E-006, 1.15286636E-001
