   7201.7318424798414      ,         100
X,ZB,H,U
 5.00000000E+001, 4.97500000E+000, 4.96062653E+000, 1.98960263E+000
 1.50000000E+002, 4.92500000E+000, 4.95907981E+000, 1.99193262E+000
 2.50000000E+002, 4.87500000E+000, 4.95921666E+000, 1.99189329E+000
 3.50000000E+002, 4.82500000E+000, 4.95936827E+000, 1.99183738E+000
 4.50000000E+002, 4.77500000E+000, 4.95952406E+000, 1.99177994E+000
 5.50000000E+002, 4.72500000E+000, 4.95968417E+000, 1.99172090E+000
 6.50000000E+002, 4.67500000E+000, 4.95984872E+000, 1.99166020E+000
 7.50000000E+002, 4.62500000E+000, 4.96001783E+000, 1.99159779E+000
 8.50000000E+002, 4.57500000E+000, 4.96019163E+000, 1.99153364E+000
 9.50000000E+002, 4.52500000E+000, 4.96037026E+000, 1.99146768E+000
 1.05000000E+003, 4.47500000E+000, 4.96055384E+000, 1.99139986E+000
 1.15000000E+003, 4.42500000E+000, 4.96074253E+000, 1.99133013E+000
 1.25000000E+003, 4.37500000E+000, 4.96093645E+000, 1.99125843E+000
 1.35000000E+003, 4.32500000E+000, 4.96113576E+000, 1.99118472E+000
 1.45000000E+003, 4.27500000E+000, 4.96134062E+000, 1.99110891E+000
 1.55000000E+003, 4.22500000E+000, 4.96155117E+000, 1.99103097E+000
 1.65000000E+003, 4.17500000E+000, 4.96176758E+000, 1.99095081E+000
 1.75000000E+003, 4.12500000E+000, 4.96199001E+000, 1.99086839E+000
 1.85000000E+003, 4.07500000E+000, 4.96221864E+000, 1.99078363E+000
 1.95000000E+003, 4.02500000E+000, 4.96245363E+000, 1.99069646E+000
 2.05000000E+003, 3.97500000E+000, 4.96269517E+000, 1.99060682E+000
 2.15000000E+003, 3.92500000E+000, 4.96294344E+000, 1.99051463E+000
 2.25000000E+003, 3.87500000E+000, 4.96319864E+000, 1.99041982E+000
 2.35000000E+003, 3.82500000E+000, 4.96346095E+000, 1.99032231E+000
 2.45000000E+003, 3.77500000E+000, 4.96373058E+000, 1.99022202E+000
 2.55000000E+003, 3.72500000E+000, 4.96400774E+000, 1.99011888E+000
 2.65000000E+003, 3.67500000E+000, 4.96429264E+000, 1.99001280E+000
 2.75000000E+003, 3.62500000E+000, 4.96458549E+000, 1.98990369E+000
 2.85000000E+003, 3.57500000E+000, 4.96488653E+000, 1.98979147E+000
 2.95000000E+003, 3.52500000E+000, 4.96519598E+000, 1.98967605E+000
 3.05000000E+003, 3.47500000E+000, 4.96551409E+000, 1.98955733E+000
 3.15000000E+003, 3.42500000E+000, 4.96584109E+000, 1.98943522E+000
 3.25000000E+003, 3.37500000E+000, 4.96617724E+000, 1.98930963E+000
 3.35000000E+003, 3.32500000E+000, 4.96652280E+000, 1.98918044E+000
 3.45000000E+003, 3.27500000E+000, 4.96687804E+000, 1.98904756E+000
 3.55000000E+003, 3.22500000E+000, 4.96724322E+000, 1.98891089E+000
 3.65000000E+003, 3.17500000E+000, 4.96761863E+000, 1.98877030E+000
 3.75000000E+003, 3.12500000E+000, 4.96800457E+000, 1.98862569E+000
 3.85000000E+003, 3.07500000E+000, 4.96840131E+000, 1.98847695E+000
 3.95000000E+003, 3.02500000E+000, 4.96880919E+000, 1.98832395E+000
 4.05000000E+003, 2.97500000E+000, 4.96922849E+000, 1.98816658E+000
 4.15000000E+003, 2.92500000E+000, 4.96965956E+000, 1.98800470E+000
 4.25000000E+003, 2.87500000E+000, 4.97010272E+000, 1.98783819E+000
 4.35000000E+003, 2.82500000E+000, 4.97055832E+000, 1.98766692E+000
 4.45000000E+003, 2.77500000E+000, 4.97102670E+000, 1.98749076E+000
 4.55000000E+003, 2.72500000E+000, 4.97150822E+000, 1.98730955E+000
 4.65000000E+003, 2.67500000E+000, 4.97200327E+000, 1.98712317E+000
 4.75000000E+003, 2.62500000E+000, 4.97251221E+000, 1.98693145E+000
 4.85000000E+003, 2.57500000E+000, 4.97303544E+000, 1.98673426E+000
 4.95000000E+003, 2.52500000E+000, 4.97357336E+000, 1.98653143E+000
 5.05000000E+003, 2.47500000E+000, 4.97412639E+000, 1.98632282E+000
 5.15000000E+003, 2.42500000E+000, 4.97469495E+000, 1.98610824E+000
 5.25000000E+003, 2.37500000E+000, 4.97527948E+000, 1.98588754E+000
 5.35000000E+003, 2.32500000E+000, 4.97588042E+000, 1.98566055E+000
 5.45000000E+003, 2.27500000E+000, 4.97649824E+000, 1.98542708E+000
 5.55000000E+003, 2.22500000E+000, 4.97713341E+000, 1.98518696E+000
 5.65000000E+003, 2.17500000E+000, 4.97778642E+000, 1.98494000E+000
 5.75000000E+003, 2.12500000E+000, 4.97845777E+000, 1.98468601E+000
 5.85000000E+003, 2.07500000E+000, 4.97914796E+000, 1.98442480E+000
 5.95000000E+003, 2.02500000E+000, 4.97985753E+000, 1.98415615E+000
 6.05000000E+003, 1.97500000E+000, 4.98058702E+000, 1.98387988E+000
 6.15000000E+003, 1.92500000E+000, 4.98133699E+000, 1.98359576E+000
 6.25000000E+003, 1.87500000E+000, 4.98210799E+000, 1.98330358E+000
 6.35000000E+003, 1.82500000E+000, 4.98290063E+000, 1.98300312E+000
 6.45000000E+003, 1.77500000E+000, 4.98371550E+000, 1.98269415E+000
 6.55000000E+003, 1.72500000E+000, 4.98455321E+000, 1.98237644E+000
 6.65000000E+003, 1.67500000E+000, 4.98541441E+000, 1.98204975E+000
 6.75000000E+003, 1.62500000E+000, 4.98629974E+000, 1.98171383E+000
 6.85000000E+003, 1.57500000E+000, 4.98720987E+000, 1.98136843E+000
 6.95000000E+003, 1.52500000E+000, 4.98814548E+000, 1.98101329E+000
 7.05000000E+003, 1.47500000E+000, 4.98910729E+000, 1.98064816E+000
 7.15000000E+003, 1.42500000E+000, 4.99009600E+000, 1.98027276E+000
 7.25000000E+003, 1.37500000E+000, 4.99111236E+000, 1.97988681E+000
 7.35000000E+003, 1.32500000E+000, 4.99215712E+000, 1.97949004E+000
 7.45000000E+003, 1.27500000E+000, 4.99323108E+000, 1.97908215E+000
 7.55000000E+003, 1.22500000E+000, 4.99433501E+000, 1.97866285E+000
 7.65000000E+003, 1.17500000E+000, 4.99546975E+000, 1.97823183E+000
 7.75000000E+003, 1.12500000E+000, 4.99663613E+000, 1.97778879E+000
 7.85000000E+003, 1.07500000E+000, 4.99783501E+000, 1.97733339E+000
 7.95000000E+003, 1.02500000E+000, 4.99906728E+000, 1.97686533E+000
 8.05000000E+003, 9.75000000E-001, 5.00033384E+000, 1.97638427E+000
 8.15000000E+003, 9.25000000E-001, 5.00163561E+000, 1.97588987E+000
 8.25000000E+003, 8.75000000E-001, 5.00297354E+000, 1.97538178E+000
 8.35000000E+003, 8.25000000E-001, 5.00434862E+000, 1.97485964E+000
 8.45000000E+003, 7.75000000E-001, 5.00576183E+000, 1.97432310E+000
 8.55000000E+003, 7.25000000E-001, 5.00721419E+000, 1.97377178E+000
 8.65000000E+003, 6.75000000E-001, 5.00870676E+000, 1.97320531E+000
 8.75000000E+003, 6.25000000E-001, 5.01024060E+000, 1.97262330E+000
 8.85000000E+003, 5.75000000E-001, 5.01181681E+000, 1.97202535E+000
 8.95000000E+003, 5.25000000E-001, 5.01343652E+000, 1.97141106E+000
 9.05000000E+003, 4.75000000E-001, 5.01510086E+000, 1.97078002E+000
 9.15000000E+003, 4.25000000E-001, 5.01681102E+000, 1.97013181E+000
 9.25000000E+003, 3.75000000E-001, 5.01856821E+000, 1.96946600E+000
 9.35000000E+003, 3.25000000E-001, 5.02037364E+000, 1.96878216E+000
 9.45000000E+003, 2.75000000E-001, 5.02222859E+000, 1.96807984E+000
 9.55000000E+003, 2.25000000E-001, 5.02413434E+000, 1.96735858E+000
 9.65000000E+003, 1.75000000E-001, 5.02609221E+000, 1.96661794E+000
 9.75000000E+003, 1.25000000E-001, 5.02810354E+000, 1.96585743E+000
 9.85000000E+003, 7.50000000E-002, 5.03016983E+000, 1.96507674E+000
 9.95000000E+003, 2.50000000E-002, 5.03171515E+000, 1.96346678E+000
