   7201.7712514222776      ,         100
X,ZB,H,U
 5.00000000E+001, 4.97500000E+000, 4.98900763E+000, 1.97772434E+000
 1.50000000E+002, 4.92500000E+000, 4.97980899E+000, 1.99070253E+000
 2.50000000E+002, 4.87500000E+000, 4.97982597E+000, 1.99076888E+000
 3.50000000E+002, 4.82500000E+000, 4.97991566E+000, 1.99073584E+000
 4.50000000E+002, 4.77500000E+000, 4.98000832E+000, 1.99070122E+000
 5.50000000E+002, 4.72500000E+000, 4.98010359E+000, 1.99066561E+000
 6.50000000E+002, 4.67500000E+000, 4.98020154E+000, 1.99062899E+000
 7.50000000E+002, 4.62500000E+000, 4.98030223E+000, 1.99059134E+000
 8.50000000E+002, 4.57500000E+000, 4.98040575E+000, 1.99055262E+000
 9.50000000E+002, 4.52500000E+000, 4.98051218E+000, 1.99051280E+000
 1.05000000E+003, 4.47500000E+000, 4.98062161E+000, 1.99047185E+000
 1.15000000E+003, 4.42500000E+000, 4.98073411E+000, 1.99042974E+000
 1.25000000E+003, 4.37500000E+000, 4.98084977E+000, 1.99038643E+000
 1.35000000E+003, 4.32500000E+000, 4.98096868E+000, 1.99034189E+000
 1.45000000E+003, 4.27500000E+000, 4.98109094E+000, 1.99029608E+000
 1.55000000E+003, 4.22500000E+000, 4.98121664E+000, 1.99024897E+000
 1.65000000E+003, 4.17500000E+000, 4.98134588E+000, 1.99020052E+000
 1.75000000E+003, 4.12500000E+000, 4.98147875E+000, 1.99015069E+000
 1.85000000E+003, 4.07500000E+000, 4.98161537E+000, 1.99009943E+000
 1.95000000E+003, 4.02500000E+000, 4.98175584E+000, 1.99004672E+000
 2.05000000E+003, 3.97500000E+000, 4.98190026E+000, 1.98999250E+000
 2.15000000E+003, 3.92500000E+000, 4.98204876E+000, 1.98993673E+000
 2.25000000E+003, 3.87500000E+000, 4.98220144E+000, 1.98987936E+000
 2.35000000E+003, 3.82500000E+000, 4.98235842E+000, 1.98982036E+000
 2.45000000E+003, 3.77500000E+000, 4.98251983E+000, 1.98975967E+000
 2.55000000E+003, 3.72500000E+000, 4.98268580E+000, 1.98969725E+000
 2.65000000E+003, 3.67500000E+000, 4.98285645E+000, 1.98963304E+000
 2.75000000E+003, 3.62500000E+000, 4.98303192E+000, 1.98956699E+000
 2.85000000E+003, 3.57500000E+000, 4.98321234E+000, 1.98949904E+000
 2.95000000E+003, 3.52500000E+000, 4.98339786E+000, 1.98942916E+000
 3.05000000E+003, 3.47500000E+000, 4.98358862E+000, 1.98935727E+000
 3.15000000E+003, 3.42500000E+000, 4.98378476E+000, 1.98928332E+000
 3.25000000E+003, 3.37500000E+000, 4.98398645E+000, 1.98920725E+000
 3.35000000E+003, 3.32500000E+000, 4.98419384E+000, 1.98912900E+000
 3.45000000E+003, 3.27500000E+000, 4.98440710E+000, 1.98904850E+000
 3.55000000E+003, 3.22500000E+000, 4.98462639E+000, 1.98896570E+000
 3.65000000E+003, 3.17500000E+000, 4.98485187E+000, 1.98888052E+000
 3.75000000E+003, 3.12500000E+000, 4.98508374E+000, 1.98879290E+000
 3.85000000E+003, 3.07500000E+000, 4.98532217E+000, 1.98870277E+000
 3.95000000E+003, 3.02500000E+000, 4.98556735E+000, 1.98861005E+000
 4.05000000E+003, 2.97500000E+000, 4.98581946E+000, 1.98851466E+000
 4.15000000E+003, 2.92500000E+000, 4.98607872E+000, 1.98841654E+000
 4.25000000E+003, 2.87500000E+000, 4.98634532E+000, 1.98831561E+000
 4.35000000E+003, 2.82500000E+000, 4.98661946E+000, 1.98821178E+000
 4.45000000E+003, 2.77500000E+000, 4.98690137E+000, 1.98810497E+000
 4.55000000E+003, 2.72500000E+000, 4.98719127E+000, 1.98799510E+000
 4.65000000E+003, 2.67500000E+000, 4.98748938E+000, 1.98788207E+000
 4.75000000E+003, 2.62500000E+000, 4.98779594E+000, 1.98776580E+000
 4.85000000E+003, 2.57500000E+000, 4.98811118E+000, 1.98764620E+000
 4.95000000E+003, 2.52500000E+000, 4.98843536E+000, 1.98752317E+000
 5.05000000E+003, 2.47500000E+000, 4.98876872E+000, 1.98739661E+000
 5.15000000E+003, 2.42500000E+000, 4.98911153E+000, 1.98726642E+000
 5.25000000E+003, 2.37500000E+000, 4.98946407E+000, 1.98713250E+000
 5.35000000E+003, 2.32500000E+000, 4.98982659E+000, 1.98699474E+000
 5.45000000E+003, 2.27500000E+000, 4.99019939E+000, 1.98685304E+000
 5.55000000E+003, 2.22500000E+000, 4.99058276E+000, 1.98670728E+000
 5.65000000E+003, 2.17500000E+000, 4.99097699E+000, 1.98655735E+000
 5.75000000E+003, 2.12500000E+000, 4.99138240E+000, 1.98640312E+000
 5.85000000E+003, 2.07500000E+000, 4.99179930E+000, 1.98624449E+000
 5.95000000E+003, 2.02500000E+000, 4.99222802E+000, 1.98608131E+000
 6.05000000E+003, 1.97500000E+000, 4.99266889E+000, 1.98591348E+000
 6.15000000E+003, 1.92500000E+000, 4.99312225E+000, 1.98574084E+000
 6.25000000E+003, 1.87500000E+000, 4.99358847E+000, 1.98556328E+000
 6.35000000E+003, 1.82500000E+000, 4.99406789E+000, 1.98538065E+000
 6.45000000E+003, 1.77500000E+000, 4.99456089E+000, 1.98519280E+000
 6.55000000E+003, 1.72500000E+000, 4.99506786E+000, 1.98499960E+000
 6.65000000E+003, 1.67500000E+000, 4.99558919E+000, 1.98480090E+000
 6.75000000E+003, 1.62500000E+000, 4.99612528E+000, 1.98459653E+000
 6.85000000E+003, 1.57500000E+000, 4.99667655E+000, 1.98438635E+000
 6.95000000E+003, 1.52500000E+000, 4.99724342E+000, 1.98417018E+000
 7.05000000E+003, 1.47500000E+000, 4.99782634E+000, 1.98394787E+000
 7.15000000E+003, 1.42500000E+000, 4.99842575E+000, 1.98371925E+000
 7.25000000E+003, 1.37500000E+000, 4.99904211E+000, 1.98348413E+000
 7.35000000E+003, 1.32500000E+000, 4.99967591E+000, 1.98324234E+000
 7.45000000E+003, 1.27500000E+000, 5.00032762E+000, 1.98299370E+000
 7.55000000E+003, 1.22500000E+000, 5.00099775E+000, 1.98273802E+000
 7.65000000E+003, 1.17500000E+000, 5.00168680E+000, 1.98247510E+000
 7.75000000E+003, 1.12500000E+000, 5.00239532E+000, 1.98220475E+000
 7.85000000E+003, 1.07500000E+000, 5.00312384E+000, 1.98192675E+000
 7.95000000E+003, 1.02500000E+000, 5.00387291E+000, 1.98164091E+000
 8.05000000E+003, 9.75000000E-001, 5.00464311E+000, 1.98134701E+000
 8.15000000E+003, 9.25000000E-001, 5.00543503E+000, 1.98104483E+000
 8.25000000E+003, 8.75000000E-001, 5.00624926E+000, 1.98073415E+000
 8.35000000E+003, 8.25000000E-001, 5.00708642E+000, 1.98041473E+000
 8.45000000E+003, 7.75000000E-001, 5.00794715E+000, 1.98008634E+000
 8.55000000E+003, 7.25000000E-001, 5.00883209E+000, 1.97974873E+000
 8.65000000E+003, 6.75000000E-001, 5.00974191E+000, 1.97940167E+000
 8.75000000E+003, 6.25000000E-001, 5.01067730E+000, 1.97904489E+000
 8.85000000E+003, 5.75000000E-001, 5.01163896E+000, 1.97867814E+000
 8.95000000E+003, 5.25000000E-001, 5.01262761E+000, 1.97830115E+000
 9.05000000E+003, 4.75000000E-001, 5.01364398E+000, 1.97791365E+000
 9.15000000E+003, 4.25000000E-001, 5.01468884E+000, 1.97751536E+000
 9.25000000E+003, 3.75000000E-001, 5.01576296E+000, 1.97710599E+000
 9.35000000E+003, 3.25000000E-001, 5.01686713E+000, 1.97668525E+000
 9.45000000E+003, 2.75000000E-001, 5.01800218E+000, 1.97625285E+000
 9.55000000E+003, 2.25000000E-001, 5.01916893E+000, 1.97580847E+000
 9.65000000E+003, 1.75000000E-001, 5.02036826E+000, 1.97535181E+000
 9.75000000E+003, 1.25000000E-001, 5.02160103E+000, 1.97488254E+000
 9.85000000E+003, 7.50000000E-002, 5.02286816E+000, 1.97440035E+000
 9.95000000E+003, 2.50000000E-002, 5.02417892E+000, 1.97391664E+000
