   10001.450285879728      ,         100
X,ZB,H,U
 5.00000000E+001, 4.97500000E+000, 4.99087939E+000, 1.93828838E+000
 1.50000000E+002, 4.92500000E+000, 4.98194999E+000, 1.95084922E+000
 2.50000000E+002, 4.87500000E+000, 4.98193336E+000, 1.95092420E+000
 3.50000000E+002, 4.82500000E+000, 4.98198497E+000, 1.95090539E+000
 4.50000000E+002, 4.77500000E+000, 4.98203886E+000, 1.95088530E+000
 5.50000000E+002, 4.72500000E+000, 4.98209468E+000, 1.95086448E+000
 6.50000000E+002, 4.67500000E+000, 4.98215251E+000, 1.95084292E+000
 7.50000000E+002, 4.62500000E+000, 4.98221240E+000, 1.95082058E+000
 8.50000000E+002, 4.57500000E+000, 4.98227445E+000, 1.95079745E+000
 9.50000000E+002, 4.52500000E+000, 4.98233871E+000, 1.95077348E+000
 1.05000000E+003, 4.47500000E+000, 4.98240528E+000, 1.95074866E+000
 1.15000000E+003, 4.42500000E+000, 4.98247423E+000, 1.95072294E+000
 1.25000000E+003, 4.37500000E+000, 4.98254565E+000, 1.95069631E+000
 1.35000000E+003, 4.32500000E+000, 4.98261963E+000, 1.95066872E+000
 1.45000000E+003, 4.27500000E+000, 4.98269625E+000, 1.95064014E+000
 1.55000000E+003, 4.22500000E+000, 4.98277563E+000, 1.95061054E+000
 1.65000000E+003, 4.17500000E+000, 4.98285784E+000, 1.95057988E+000
 1.75000000E+003, 4.12500000E+000, 4.98294300E+000, 1.95054812E+000
 1.85000000E+003, 4.07500000E+000, 4.98303121E+000, 1.95051522E+000
 1.95000000E+003, 4.02500000E+000, 4.98312258E+000, 1.95048114E+000
 2.05000000E+003, 3.97500000E+000, 4.98321721E+000, 1.95044585E+000
 2.15000000E+003, 3.92500000E+000, 4.98331524E+000, 1.95040929E+000
 2.25000000E+003, 3.87500000E+000, 4.98341678E+000, 1.95037142E+000
 2.35000000E+003, 3.82500000E+000, 4.98352195E+000, 1.95033219E+000
 2.45000000E+003, 3.77500000E+000, 4.98363088E+000, 1.95029156E+000
 2.55000000E+003, 3.72500000E+000, 4.98374372E+000, 1.95024948E+000
 2.65000000E+003, 3.67500000E+000, 4.98386059E+000, 1.95020589E+000
 2.75000000E+003, 3.62500000E+000, 4.98398165E+000, 1.95016074E+000
 2.85000000E+003, 3.57500000E+000, 4.98410703E+000, 1.95011398E+000
 2.95000000E+003, 3.52500000E+000, 4.98423691E+000, 1.95006554E+000
 3.05000000E+003, 3.47500000E+000, 4.98437143E+000, 1.95001536E+000
 3.15000000E+003, 3.42500000E+000, 4.98451076E+000, 1.94996340E+000
 3.25000000E+003, 3.37500000E+000, 4.98465508E+000, 1.94990957E+000
 3.35000000E+003, 3.32500000E+000, 4.98480456E+000, 1.94985382E+000
 3.45000000E+003, 3.27500000E+000, 4.98495938E+000, 1.94979608E+000
 3.55000000E+003, 3.22500000E+000, 4.98511974E+000, 1.94973628E+000
 3.65000000E+003, 3.17500000E+000, 4.98528584E+000, 1.94967433E+000
 3.75000000E+003, 3.12500000E+000, 4.98545787E+000, 1.94961017E+000
 3.85000000E+003, 3.07500000E+000, 4.98563605E+000, 1.94954373E+000
 3.95000000E+003, 3.02500000E+000, 4.98582060E+000, 1.94947490E+000
 4.05000000E+003, 2.97500000E+000, 4.98601175E+000, 1.94940362E+000
 4.15000000E+003, 2.92500000E+000, 4.98620972E+000, 1.94932980E+000
 4.25000000E+003, 2.87500000E+000, 4.98641477E+000, 1.94925334E+000
 4.35000000E+003, 2.82500000E+000, 4.98662714E+000, 1.94917415E+000
 4.45000000E+003, 2.77500000E+000, 4.98684709E+000, 1.94909214E+000
 4.55000000E+003, 2.72500000E+000, 4.98707490E+000, 1.94900720E+000
 4.65000000E+003, 2.67500000E+000, 4.98731084E+000, 1.94891924E+000
 4.75000000E+003, 2.62500000E+000, 4.98755520E+000, 1.94882814E+000
 4.85000000E+003, 2.57500000E+000, 4.98780828E+000, 1.94873379E+000
 4.95000000E+003, 2.52500000E+000, 4.98807039E+000, 1.94863608E+000
 5.05000000E+003, 2.47500000E+000, 4.98834184E+000, 1.94853490E+000
 5.15000000E+003, 2.42500000E+000, 4.98862298E+000, 1.94843011E+000
 5.25000000E+003, 2.37500000E+000, 4.98891414E+000, 1.94832160E+000
 5.35000000E+003, 2.32500000E+000, 4.98921568E+000, 1.94820922E+000
 5.45000000E+003, 2.27500000E+000, 4.98952796E+000, 1.94809285E+000
 5.55000000E+003, 2.22500000E+000, 4.98985137E+000, 1.94797234E+000
 5.65000000E+003, 2.17500000E+000, 4.99018629E+000, 1.94784755E+000
 5.75000000E+003, 2.12500000E+000, 4.99053314E+000, 1.94771833E+000
 5.85000000E+003, 2.07500000E+000, 4.99089234E+000, 1.94758453E+000
 5.95000000E+003, 2.02500000E+000, 4.99126431E+000, 1.94744598E+000
 6.05000000E+003, 1.97500000E+000, 4.99164951E+000, 1.94730251E+000
 6.15000000E+003, 1.92500000E+000, 4.99204841E+000, 1.94715396E+000
 6.25000000E+003, 1.87500000E+000, 4.99246149E+000, 1.94700015E+000
 6.35000000E+003, 1.82500000E+000, 4.99288924E+000, 1.94684089E+000
 6.45000000E+003, 1.77500000E+000, 4.99333219E+000, 1.94667600E+000
 6.55000000E+003, 1.72500000E+000, 4.99379086E+000, 1.94650527E+000
 6.65000000E+003, 1.67500000E+000, 4.99426581E+000, 1.94632852E+000
 6.75000000E+003, 1.62500000E+000, 4.99475760E+000, 1.94614552E+000
 6.85000000E+003, 1.57500000E+000, 4.99526684E+000, 1.94595606E+000
 6.95000000E+003, 1.52500000E+000, 4.99579411E+000, 1.94575992E+000
 7.05000000E+003, 1.47500000E+000, 4.99634007E+000, 1.94555686E+000
 7.15000000E+003, 1.42500000E+000, 4.99690536E+000, 1.94534665E+000
 7.25000000E+003, 1.37500000E+000, 4.99749065E+000, 1.94512905E+000
 7.35000000E+003, 1.32500000E+000, 4.99809664E+000, 1.94490379E+000
 7.45000000E+003, 1.27500000E+000, 4.99872404E+000, 1.94467061E+000
 7.55000000E+003, 1.22500000E+000, 4.99937362E+000, 1.94442925E+000
 7.65000000E+003, 1.17500000E+000, 5.00004613E+000, 1.94417942E+000
 7.75000000E+003, 1.12500000E+000, 5.00074236E+000, 1.94392084E+000
 7.85000000E+003, 1.07500000E+000, 5.00146315E+000, 1.94365320E+000
 7.95000000E+003, 1.02500000E+000, 5.00220933E+000, 1.94337619E+000
 8.05000000E+003, 9.75000000E-001, 5.00298179E+000, 1.94308951E+000
 8.15000000E+003, 9.25000000E-001, 5.00378144E+000, 1.94279281E+000
 8.25000000E+003, 8.75000000E-001, 5.00460919E+000, 1.94248577E+000
 8.35000000E+003, 8.25000000E-001, 5.00546604E+000, 1.94216804E+000
 8.45000000E+003, 7.75000000E-001, 5.00635296E+000, 1.94183924E+000
 8.55000000E+003, 7.25000000E-001, 5.00727099E+000, 1.94149902E+000
 8.65000000E+003, 6.75000000E-001, 5.00822120E+000, 1.94114699E+000
 8.75000000E+003, 6.25000000E-001, 5.00920468E+000, 1.94078275E+000
 8.85000000E+003, 5.75000000E-001, 5.01022257E+000, 1.94040590E+000
 8.95000000E+003, 5.25000000E-001, 5.01127604E+000, 1.94001602E+000
 9.05000000E+003, 4.75000000E-001, 5.01236629E+000, 1.93961267E+000
 9.15000000E+003, 4.25000000E-001, 5.01349457E+000, 1.93919542E+000
 9.25000000E+003, 3.75000000E-001, 5.01466217E+000, 1.93876380E+000
 9.35000000E+003, 3.25000000E-001, 5.01587040E+000, 1.93831735E+000
 9.45000000E+003, 2.75000000E-001, 5.01712065E+000, 1.93785557E+000
 9.55000000E+003, 2.25000000E-001, 5.01841431E+000, 1.93737797E+000
 9.65000000E+003, 1.75000000E-001, 5.01975284E+000, 1.93688404E+000
 9.75000000E+003, 1.25000000E-001, 5.02113774E+000, 1.93637324E+000
 9.85000000E+003, 7.50000000E-002, 5.02257057E+000, 1.93584505E+000
 9.95000000E+003, 2.50000000E-002, 5.02406135E+000, 1.93531076E+000
