   7201.6268459820158      ,         100
X,ZB,H,U
 5.00000000E+001, 4.97500000E+000, 5.00712301E+000, 1.99712609E+000
 1.50000000E+002, 4.92500000E+000, 5.00706508E+000, 1.99714797E+000
 2.50000000E+002, 4.87500000E+000, 5.00700526E+000, 1.99717080E+000
 3.50000000E+002, 4.82500000E+000, 5.00694374E+000, 1.99719428E+000
 4.50000000E+002, 4.77500000E+000, 5.00688046E+000, 1.99721844E+000
 5.50000000E+002, 4.72500000E+000, 5.00681538E+000, 1.99724329E+000
 6.50000000E+002, 4.67500000E+000, 5.00674844E+000, 1.99726884E+000
 7.50000000E+002, 4.62500000E+000, 5.00667960E+000, 1.99729514E+000
 8.50000000E+002, 4.57500000E+000, 5.00660879E+000, 1.99732218E+000
 9.50000000E+002, 4.52500000E+000, 5.00653596E+000, 1.99735000E+000
 1.05000000E+003, 4.47500000E+000, 5.00646105E+000, 1.99737862E+000
 1.15000000E+003, 4.42500000E+000, 5.00638401E+000, 1.99740805E+000
 1.25000000E+003, 4.37500000E+000, 5.00630476E+000, 1.99743833E+000
 1.35000000E+003, 4.32500000E+000, 5.00622325E+000, 1.99746948E+000
 1.45000000E+003, 4.27500000E+000, 5.00613942E+000, 1.99750153E+000
 1.55000000E+003, 4.22500000E+000, 5.00605319E+000, 1.99753449E+000
 1.65000000E+003, 4.17500000E+000, 5.00596450E+000, 1.99756841E+000
 1.75000000E+003, 4.12500000E+000, 5.00587328E+000, 1.99760329E+000
 1.85000000E+003, 4.07500000E+000, 5.00577944E+000, 1.99763918E+000
 1.95000000E+003, 4.02500000E+000, 5.00568293E+000, 1.99767610E+000
 2.05000000E+003, 3.97500000E+000, 5.00558366E+000, 1.99771409E+000
 2.15000000E+003, 3.92500000E+000, 5.00548155E+000, 1.99775316E+000
 2.25000000E+003, 3.87500000E+000, 5.00537651E+000, 1.99779336E+000
 2.35000000E+003, 3.82500000E+000, 5.00526848E+000, 1.99783472E+000
 2.45000000E+003, 3.77500000E+000, 5.00515735E+000, 1.99787727E+000
 2.55000000E+003, 3.72500000E+000, 5.00504304E+000, 1.99792105E+000
 2.65000000E+003, 3.67500000E+000, 5.00492547E+000, 1.99796608E+000
 2.75000000E+003, 3.62500000E+000, 5.00480452E+000, 1.99801242E+000
 2.85000000E+003, 3.57500000E+000, 5.00468011E+000, 1.99806009E+000
 2.95000000E+003, 3.52500000E+000, 5.00455214E+000, 1.99810914E+000
 3.05000000E+003, 3.47500000E+000, 5.00442050E+000, 1.99815960E+000
 3.15000000E+003, 3.42500000E+000, 5.00428509E+000, 1.99821151E+000
 3.25000000E+003, 3.37500000E+000, 5.00414580E+000, 1.99826493E+000
 3.35000000E+003, 3.32500000E+000, 5.00400251E+000, 1.99831989E+000
 3.45000000E+003, 3.27500000E+000, 5.00385511E+000, 1.99837644E+000
 3.55000000E+003, 3.22500000E+000, 5.00370349E+000, 1.99843462E+000
 3.65000000E+003, 3.17500000E+000, 5.00354752E+000, 1.99849448E+000
 3.75000000E+003, 3.12500000E+000, 5.00338707E+000, 1.99855608E+000
 3.85000000E+003, 3.07500000E+000, 5.00322201E+000, 1.99861945E+000
 3.95000000E+003, 3.02500000E+000, 5.00305221E+000, 1.99868466E+000
 4.05000000E+003, 2.97500000E+000, 5.00287754E+000, 1.99875176E+000
 4.15000000E+003, 2.92500000E+000, 5.00269785E+000, 1.99882080E+000
 4.25000000E+003, 2.87500000E+000, 5.00251299E+000, 1.99889184E+000
 4.35000000E+003, 2.82500000E+000, 5.00232282E+000, 1.99896493E+000
 4.45000000E+003, 2.77500000E+000, 5.00212718E+000, 1.99904015E+000
 4.55000000E+003, 2.72500000E+000, 5.00192592E+000, 1.99911754E+000
 4.65000000E+003, 2.67500000E+000, 5.00171886E+000, 1.99919718E+000
 4.75000000E+003, 2.62500000E+000, 5.00150584E+000, 1.99927913E+000
 4.85000000E+003, 2.57500000E+000, 5.00128670E+000, 1.99936346E+000
 4.95000000E+003, 2.52500000E+000, 5.00106124E+000, 1.99945024E+000
 5.05000000E+003, 2.47500000E+000, 5.00082929E+000, 1.99953954E+000
 5.15000000E+003, 2.42500000E+000, 5.00059065E+000, 1.99963143E+000
 5.25000000E+003, 2.37500000E+000, 5.00034514E+000, 1.99972599E+000
 5.35000000E+003, 2.32500000E+000, 5.00009255E+000, 1.99982330E+000
 5.45000000E+003, 2.27500000E+000, 4.99983267E+000, 1.99992344E+000
 5.55000000E+003, 2.22500000E+000, 4.99956529E+000, 2.00002649E+000
 5.65000000E+003, 2.17500000E+000, 4.99929020E+000, 2.00013254E+000
 5.75000000E+003, 2.12500000E+000, 4.99900717E+000, 2.00024168E+000
 5.85000000E+003, 2.07500000E+000, 4.99871596E+000, 2.00035400E+000
 5.95000000E+003, 2.02500000E+000, 4.99841634E+000, 2.00046959E+000
 6.05000000E+003, 1.97500000E+000, 4.99810807E+000, 2.00058855E+000
 6.15000000E+003, 1.92500000E+000, 4.99779088E+000, 2.00071098E+000
 6.25000000E+003, 1.87500000E+000, 4.99746451E+000, 2.00083698E+000
 6.35000000E+003, 1.82500000E+000, 4.99712871E+000, 2.00096666E+000
 6.45000000E+003, 1.77500000E+000, 4.99678318E+000, 2.00110012E+000
 6.55000000E+003, 1.72500000E+000, 4.99642765E+000, 2.00123748E+000
 6.65000000E+003, 1.67500000E+000, 4.99606183E+000, 2.00137886E+000
 6.75000000E+003, 1.62500000E+000, 4.99568540E+000, 2.00152437E+000
 6.85000000E+003, 1.57500000E+000, 4.99529807E+000, 2.00167413E+000
 6.95000000E+003, 1.52500000E+000, 4.99489950E+000, 2.00182828E+000
 7.05000000E+003, 1.47500000E+000, 4.99448937E+000, 2.00198695E+000
 7.15000000E+003, 1.42500000E+000, 4.99406733E+000, 2.00215026E+000
 7.25000000E+003, 1.37500000E+000, 4.99363304E+000, 2.00231835E+000
 7.35000000E+003, 1.32500000E+000, 4.99318613E+000, 2.00249138E+000
 7.45000000E+003, 1.27500000E+000, 4.99272624E+000, 2.00266948E+000
 7.55000000E+003, 1.22500000E+000, 4.99225297E+000, 2.00285282E+000
 7.65000000E+003, 1.17500000E+000, 4.99176594E+000, 2.00304153E+000
 7.75000000E+003, 1.12500000E+000, 4.99126474E+000, 2.00323580E+000
 7.85000000E+003, 1.07500000E+000, 4.99074894E+000, 2.00343578E+000
 7.95000000E+003, 1.02500000E+000, 4.99021811E+000, 2.00364164E+000
 8.05000000E+003, 9.75000000E-001, 4.98967181E+000, 2.00385357E+000
 8.15000000E+003, 9.25000000E-001, 4.98910958E+000, 2.00407174E+000
 8.25000000E+003, 8.75000000E-001, 4.98853094E+000, 2.00429634E+000
 8.35000000E+003, 8.25000000E-001, 4.98793541E+000, 2.00452757E+000
 8.45000000E+003, 7.75000000E-001, 4.98732249E+000, 2.00476563E+000
 8.55000000E+003, 7.25000000E-001, 4.98669165E+000, 2.00501073E+000
 8.65000000E+003, 6.75000000E-001, 4.98604236E+000, 2.00526307E+000
 8.75000000E+003, 6.25000000E-001, 4.98537407E+000, 2.00552289E+000
 8.85000000E+003, 5.75000000E-001, 4.98468622E+000, 2.00579039E+000
 8.95000000E+003, 5.25000000E-001, 4.98397821E+000, 2.00606583E+000
 9.05000000E+003, 4.75000000E-001, 4.98324944E+000, 2.00634944E+000
 9.15000000E+003, 4.25000000E-001, 4.98249929E+000, 2.00664148E+000
 9.25000000E+003, 3.75000000E-001, 4.98172712E+000, 2.00694219E+000
 9.35000000E+003, 3.25000000E-001, 4.98093226E+000, 2.00725185E+000
 9.45000000E+003, 2.75000000E-001, 4.98011403E+000, 2.00757073E+000
 9.55000000E+003, 2.25000000E-001, 4.97927173E+000, 2.00789911E+000
 9.65000000E+003, 1.75000000E-001, 4.97840463E+000, 2.00823729E+000
 9.75000000E+003, 1.25000000E-001, 4.97751198E+000, 2.00858558E+000
 9.85000000E+003, 7.50000000E-002, 4.97659302E+000, 2.00894429E+000
 9.95000000E+003, 2.50000000E-002, 4.97565538E+000, 2.00932567E+000
