   10000.150176285748      ,         100
X,ZB,H,U
 5.00000000E+001, 4.97500000E+000, 5.00000000E+000, 1.96149073E+000
 1.50000000E+002, 4.92500000E+000, 5.00000000E+000, 1.96149073E+000
 2.50000000E+002, 4.87500000E+000, 5.00000000E+000, 1.96149073E+000
 3.50000000E+002, 4.82500000E+000, 5.00000000E+000, 1.96149073E+000
 4.50000000E+002, 4.77500000E+000, 5.00000000E+000, 1.96149073E+000
 5.50000000E+002, 4.72500000E+000, 5.00000000E+000, 1.96149073E+000
 6.50000000E+002, 4.67500000E+000, 5.00000000E+000, 1.96149073E+000
 7.50000000E+002, 4.62500000E+000, 5.00000000E+000, 1.96149073E+000
 8.50000000E+002, 4.57500000E+000, 5.00000000E+000, 1.96149073E+000
 9.50000000E+002, 4.52500000E+000, 5.00000000E+000, 1.96149073E+000
 1.05000000E+003, 4.47500000E+000, 5.00000000E+000, 1.96149073E+000
 1.15000000E+003, 4.42500000E+000, 5.00000000E+000, 1.96149073E+000
 1.25000000E+003, 4.37500000E+000, 5.00000000E+000, 1.96149073E+000
 1.35000000E+003, 4.32500000E+000, 5.00000000E+000, 1.96149073E+000
 1.45000000E+003, 4.27500000E+000, 5.00000000E+000, 1.96149073E+000
 1.55000000E+003, 4.22500000E+000, 5.00000000E+000, 1.96149073E+000
 1.65000000E+003, 4.17500000E+000, 5.00000000E+000, 1.96149073E+000
 1.75000000E+003, 4.12500000E+000, 5.00000000E+000, 1.96149073E+000
 1.85000000E+003, 4.07500000E+000, 5.00000000E+000, 1.96149073E+000
 1.95000000E+003, 4.02500000E+000, 5.00000000E+000, 1.96149073E+000
 2.05000000E+003, 3.97500000E+000, 5.00000000E+000, 1.96149073E+000
 2.15000000E+003, 3.92500000E+000, 5.00000000E+000, 1.96149073E+000
 2.25000000E+003, 3.87500000E+000, 5.00000000E+000, 1.96149073E+000
 2.35000000E+003, 3.82500000E+000, 5.00000000E+000, 1.96149073E+000
 2.45000000E+003, 3.77500000E+000, 5.00000000E+000, 1.96149073E+000
 2.55000000E+003, 3.72500000E+000, 5.00000000E+000, 1.96149073E+000
 2.65000000E+003, 3.67500000E+000, 5.00000000E+000, 1.96149073E+000
 2.75000000E+003, 3.62500000E+000, 5.00000000E+000, 1.96149073E+000
 2.85000000E+003, 3.57500000E+000, 5.00000000E+000, 1.96149073E+000
 2.95000000E+003, 3.52500000E+000, 5.00000000E+000, 1.96149073E+000
 3.05000000E+003, 3.47500000E+000, 5.00000000E+000, 1.96149073E+000
 3.15000000E+003, 3.42500000E+000, 5.00000000E+000, 1.96149073E+000
 3.25000000E+003, 3.37500000E+000, 5.00000000E+000, 1.96149073E+000
 3.35000000E+003, 3.32500000E+000, 5.00000000E+000, 1.96149073E+000
 3.45000000E+003, 3.27500000E+000, 5.00000000E+000, 1.96149073E+000
 3.55000000E+003, 3.22500000E+000, 5.00000000E+000, 1.96149073E+000
 3.65000000E+003, 3.17500000E+000, 5.00000000E+000, 1.96149073E+000
 3.75000000E+003, 3.12500000E+000, 5.00000000E+000, 1.96149073E+000
 3.85000000E+003, 3.07500000E+000, 5.00000000E+000, 1.96149073E+000
 3.95000000E+003, 3.02500000E+000, 5.00000000E+000, 1.96149073E+000
 4.05000000E+003, 2.97500000E+000, 5.00000000E+000, 1.96149073E+000
 4.15000000E+003, 2.92500000E+000, 5.00000000E+000, 1.96149073E+000
 4.25000000E+003, 2.87500000E+000, 5.00000000E+000, 1.96149073E+000
 4.35000000E+003, 2.82500000E+000, 5.00000000E+000, 1.96149073E+000
 4.45000000E+003, 2.77500000E+000, 5.00000000E+000, 1.96149073E+000
 4.55000000E+003, 2.72500000E+000, 5.00000000E+000, 1.96149073E+000
 4.65000000E+003, 2.67500000E+000, 5.00000000E+000, 1.96149073E+000
 4.75000000E+003, 2.62500000E+000, 5.00000000E+000, 1.96149073E+000
 4.85000000E+003, 2.57500000E+000, 5.00000000E+000, 1.96149073E+000
 4.95000000E+003, 2.52500000E+000, 5.00000000E+000, 1.96149073E+000
 5.05000000E+003, 2.47500000E+000, 5.00000000E+000, 1.96149073E+000
 5.15000000E+003, 2.42500000E+000, 5.00000000E+000, 1.96149073E+000
 5.25000000E+003, 2.37500000E+000, 5.00000000E+000, 1.96149073E+000
 5.35000000E+003, 2.32500000E+000, 5.00000000E+000, 1.96149073E+000
 5.45000000E+003, 2.27500000E+000, 5.00000000E+000, 1.96149073E+000
 5.55000000E+003, 2.22500000E+000, 5.00000000E+000, 1.96149073E+000
 5.65000000E+003, 2.17500000E+000, 5.00000000E+000, 1.96149073E+000
 5.75000000E+003, 2.12500000E+000, 5.00000000E+000, 1.96149073E+000
 5.85000000E+003, 2.07500000E+000, 5.00000000E+000, 1.96149073E+000
 5.95000000E+003, 2.02500000E+000, 5.00000000E+000, 1.96149073E+000
 6.05000000E+003, 1.97500000E+000, 5.00000000E+000, 1.96149073E+000
 6.15000000E+003, 1.92500000E+000, 5.00000000E+000, 1.96149073E+000
 6.25000000E+003, 1.87500000E+000, 5.00000000E+000, 1.96149073E+000
 6.35000000E+003, 1.82500000E+000, 5.00000000E+000, 1.96149073E+000
 6.45000000E+003, 1.77500000E+000, 5.00000000E+000, 1.96149073E+000
 6.55000000E+003, 1.72500000E+000, 5.00000000E+000, 1.96149073E+000
 6.65000000E+003, 1.67500000E+000, 5.00000000E+000, 1.96149073E+000
 6.75000000E+003, 1.62500000E+000, 5.00000000E+000, 1.96149073E+000
 6.85000000E+003, 1.57500000E+000, 5.00000000E+000, 1.96149073E+000
 6.95000000E+003, 1.52500000E+000, 5.00000000E+000, 1.96149073E+000
 7.05000000E+003, 1.47500000E+000, 5.00000000E+000, 1.96149073E+000
 7.15000000E+003, 1.42500000E+000, 5.00000000E+000, 1.96149073E+000
 7.25000000E+003, 1.37500000E+000, 5.00000000E+000, 1.96149073E+000
 7.35000000E+003, 1.32500000E+000, 5.00000000E+000, 1.96149073E+000
 7.45000000E+003, 1.27500000E+000, 5.00000000E+000, 1.96149073E+000
 7.55000000E+003, 1.22500000E+000, 5.00000000E+000, 1.96149073E+000
 7.65000000E+003, 1.17500000E+000, 5.00000000E+000, 1.96149073E+000
 7.75000000E+003, 1.12500000E+000, 5.00000000E+000, 1.96149073E+000
 7.85000000E+003, 1.07500000E+000, 5.00000000E+000, 1.96149073E+000
 7.95000000E+003, 1.02500000E+000, 5.00000000E+000, 1.96149073E+000
 8.05000000E+003, 9.75000000E-001, 5.00000000E+000, 1.96149073E+000
 8.15000000E+003, 9.25000000E-001, 5.00000000E+000, 1.96149073E+000
 8.25000000E+003, 8.75000000E-001, 5.00000000E+000, 1.96149073E+000
 8.35000000E+003, 8.25000000E-001, 5.00000000E+000, 1.96149073E+000
 8.45000000E+003, 7.75000000E-001, 5.00000000E+000, 1.96149073E+000
 8.55000000E+003, 7.25000000E-001, 5.00000000E+000, 1.96149073E+000
 8.65000000E+003, 6.75000000E-001, 5.00000000E+000, 1.96149073E+000
 8.75000000E+003, 6.25000000E-001, 5.00000000E+000, 1.96149073E+000
 8.85000000E+003, 5.75000000E-001, 5.00000000E+000, 1.96149073E+000
 8.95000000E+003, 5.25000000E-001, 5.00000000E+000, 1.96149073E+000
 9.05000000E+003, 4.75000000E-001, 5.00000000E+000, 1.96149073E+000
 9.15000000E+003, 4.25000000E-001, 5.00000000E+000, 1.96149073E+000
 9.25000000E+003, 3.75000000E-001, 5.00000000E+000, 1.96149073E+000
 9.35000000E+003, 3.25000000E-001, 5.00000000E+000, 1.96149073E+000
 9.45000000E+003, 2.75000000E-001, 5.00000000E+000, 1.96149073E+000
 9.55000000E+003, 2.25000000E-001, 5.00000000E+000, 1.96149073E+000
 9.65000000E+003, 1.75000000E-001, 5.00000000E+000, 1.96149073E+000
 9.75000000E+003, 1.25000000E-001, 5.00000000E+000, 1.96149073E+000
 9.85000000E+003, 7.50000000E-002, 5.00000000E+000, 1.96149073E+000
 9.95000000E+003, 2.50000000E-002, 5.00000000E+000, 1.96149073E+000
