   7200.5307064787630      ,         100
X,ZB,H,U
 5.00000000E+001, 4.97500000E+000, 4.99978175E+000, 2.00008752E+000
 1.50000000E+002, 4.92500000E+000, 4.99978211E+000, 2.00008731E+000
 2.50000000E+002, 4.87500000E+000, 4.99978254E+000, 2.00008712E+000
 3.50000000E+002, 4.82500000E+000, 4.99978298E+000, 2.00008696E+000
 4.50000000E+002, 4.77500000E+000, 4.99978344E+000, 2.00008680E+000
 5.50000000E+002, 4.72500000E+000, 4.99978392E+000, 2.00008663E+000
 6.50000000E+002, 4.67500000E+000, 4.99978440E+000, 2.00008647E+000
 7.50000000E+002, 4.62500000E+000, 4.99978490E+000, 2.00008629E+000
 8.50000000E+002, 4.57500000E+000, 4.99978541E+000, 2.00008611E+000
 9.50000000E+002, 4.52500000E+000, 4.99978594E+000, 2.00008593E+000
 1.05000000E+003, 4.47500000E+000, 4.99978648E+000, 2.00008574E+000
 1.15000000E+003, 4.42500000E+000, 4.99978703E+000, 2.00008555E+000
 1.25000000E+003, 4.37500000E+000, 4.99978760E+000, 2.00008535E+000
 1.35000000E+003, 4.32500000E+000, 4.99978819E+000, 2.00008515E+000
 1.45000000E+003, 4.27500000E+000, 4.99978878E+000, 2.00008494E+000
 1.55000000E+003, 4.22500000E+000, 4.99978940E+000, 2.00008472E+000
 1.65000000E+003, 4.17500000E+000, 4.99979003E+000, 2.00008450E+000
 1.75000000E+003, 4.12500000E+000, 4.99979068E+000, 2.00008427E+000
 1.85000000E+003, 4.07500000E+000, 4.99979135E+000, 2.00008404E+000
 1.95000000E+003, 4.02500000E+000, 4.99979203E+000, 2.00008379E+000
 2.05000000E+003, 3.97500000E+000, 4.99979273E+000, 2.00008355E+000
 2.15000000E+003, 3.92500000E+000, 4.99979345E+000, 2.00008329E+000
 2.25000000E+003, 3.87500000E+000, 4.99979419E+000, 2.00008303E+000
 2.35000000E+003, 3.82500000E+000, 4.99979496E+000, 2.00008276E+000
 2.45000000E+003, 3.77500000E+000, 4.99979574E+000, 2.00008248E+000
 2.55000000E+003, 3.72500000E+000, 4.99979654E+000, 2.00008219E+000
 2.65000000E+003, 3.67500000E+000, 4.99979736E+000, 2.00008190E+000
 2.75000000E+003, 3.62500000E+000, 4.99979821E+000, 2.00008160E+000
 2.85000000E+003, 3.57500000E+000, 4.99979908E+000, 2.00008128E+000
 2.95000000E+003, 3.52500000E+000, 4.99979997E+000, 2.00008096E+000
 3.05000000E+003, 3.47500000E+000, 4.99980089E+000, 2.00008063E+000
 3.15000000E+003, 3.42500000E+000, 4.99980183E+000, 2.00008029E+000
 3.25000000E+003, 3.37500000E+000, 4.99980280E+000, 2.00007994E+000
 3.35000000E+003, 3.32500000E+000, 4.99980380E+000, 2.00007958E+000
 3.45000000E+003, 3.27500000E+000, 4.99980482E+000, 2.00007921E+000
 3.55000000E+003, 3.22500000E+000, 4.99980587E+000, 2.00007883E+000
 3.65000000E+003, 3.17500000E+000, 4.99980695E+000, 2.00007844E+000
 3.75000000E+003, 3.12500000E+000, 4.99980806E+000, 2.00007803E+000
 3.85000000E+003, 3.07500000E+000, 4.99980920E+000, 2.00007761E+000
 3.95000000E+003, 3.02500000E+000, 4.99981037E+000, 2.00007718E+000
 4.05000000E+003, 2.97500000E+000, 4.99981157E+000, 2.00007674E+000
 4.15000000E+003, 2.92500000E+000, 4.99981281E+000, 2.00007629E+000
 4.25000000E+003, 2.87500000E+000, 4.99981408E+000, 2.00007582E+000
 4.35000000E+003, 2.82500000E+000, 4.99981539E+000, 2.00007533E+000
 4.45000000E+003, 2.77500000E+000, 4.99981673E+000, 2.00007484E+000
 4.55000000E+003, 2.72500000E+000, 4.99981812E+000, 2.00007432E+000
 4.65000000E+003, 2.67500000E+000, 4.99981954E+000, 2.00007380E+000
 4.75000000E+003, 2.62500000E+000, 4.99982100E+000, 2.00007325E+000
 4.85000000E+003, 2.57500000E+000, 4.99982250E+000, 2.00007269E+000
 4.95000000E+003, 2.52500000E+000, 4.99982404E+000, 2.00007212E+000
 5.05000000E+003, 2.47500000E+000, 4.99982563E+000, 2.00007152E+000
 5.15000000E+003, 2.42500000E+000, 4.99982726E+000, 2.00007091E+000
 5.25000000E+003, 2.37500000E+000, 4.99982894E+000, 2.00007028E+000
 5.35000000E+003, 2.32500000E+000, 4.99983067E+000, 2.00006963E+000
 5.45000000E+003, 2.27500000E+000, 4.99983244E+000, 2.00006896E+000
 5.55000000E+003, 2.22500000E+000, 4.99983426E+000, 2.00006827E+000
 5.65000000E+003, 2.17500000E+000, 4.99983614E+000, 2.00006756E+000
 5.75000000E+003, 2.12500000E+000, 4.99983807E+000, 2.00006683E+000
 5.85000000E+003, 2.07500000E+000, 4.99984006E+000, 2.00006607E+000
 5.95000000E+003, 2.02500000E+000, 4.99984210E+000, 2.00006530E+000
 6.05000000E+003, 1.97500000E+000, 4.99984420E+000, 2.00006449E+000
 6.15000000E+003, 1.92500000E+000, 4.99984636E+000, 2.00006367E+000
 6.25000000E+003, 1.87500000E+000, 4.99984858E+000, 2.00006282E+000
 6.35000000E+003, 1.82500000E+000, 4.99985087E+000, 2.00006194E+000
 6.45000000E+003, 1.77500000E+000, 4.99985322E+000, 2.00006104E+000
 6.55000000E+003, 1.72500000E+000, 4.99985564E+000, 2.00006011E+000
 6.65000000E+003, 1.67500000E+000, 4.99985813E+000, 2.00005915E+000
 6.75000000E+003, 1.62500000E+000, 4.99986069E+000, 2.00005816E+000
 6.85000000E+003, 1.57500000E+000, 4.99986332E+000, 2.00005715E+000
 6.95000000E+003, 1.52500000E+000, 4.99986603E+000, 2.00005610E+000
 7.05000000E+003, 1.47500000E+000, 4.99986882E+000, 2.00005502E+000
 7.15000000E+003, 1.42500000E+000, 4.99987169E+000, 2.00005390E+000
 7.25000000E+003, 1.37500000E+000, 4.99987465E+000, 2.00005276E+000
 7.35000000E+003, 1.32500000E+000, 4.99987768E+000, 2.00005157E+000
 7.45000000E+003, 1.27500000E+000, 4.99988081E+000, 2.00005036E+000
 7.55000000E+003, 1.22500000E+000, 4.99988403E+000, 2.00004910E+000
 7.65000000E+003, 1.17500000E+000, 4.99988734E+000, 2.00004781E+000
 7.75000000E+003, 1.12500000E+000, 4.99989075E+000, 2.00004647E+000
 7.85000000E+003, 1.07500000E+000, 4.99989426E+000, 2.00004510E+000
 7.95000000E+003, 1.02500000E+000, 4.99989787E+000, 2.00004369E+000
 8.05000000E+003, 9.75000000E-001, 4.99990158E+000, 2.00004223E+000
 8.15000000E+003, 9.25000000E-001, 4.99990540E+000, 2.00004072E+000
 8.25000000E+003, 8.75000000E-001, 4.99990934E+000, 2.00003918E+000
 8.35000000E+003, 8.25000000E-001, 4.99991339E+000, 2.00003758E+000
 8.45000000E+003, 7.75000000E-001, 4.99991756E+000, 2.00003594E+000
 8.55000000E+003, 7.25000000E-001, 4.99992185E+000, 2.00003424E+000
 8.65000000E+003, 6.75000000E-001, 4.99992627E+000, 2.00003250E+000
 8.75000000E+003, 6.25000000E-001, 4.99993082E+000, 2.00003070E+000
 8.85000000E+003, 5.75000000E-001, 4.99993550E+000, 2.00002885E+000
 8.95000000E+003, 5.25000000E-001, 4.99994031E+000, 2.00002694E+000
 9.05000000E+003, 4.75000000E-001, 4.99994527E+000, 2.00002497E+000
 9.15000000E+003, 4.25000000E-001, 4.99995038E+000, 2.00002294E+000
 9.25000000E+003, 3.75000000E-001, 4.99995563E+000, 2.00002086E+000
 9.35000000E+003, 3.25000000E-001, 4.99996105E+000, 2.00001870E+000
 9.45000000E+003, 2.75000000E-001, 4.99996662E+000, 2.00001649E+000
 9.55000000E+003, 2.25000000E-001, 4.99997235E+000, 2.00001420E+000
 9.65000000E+003, 1.75000000E-001, 4.99997815E+000, 2.00001192E+000
 9.75000000E+003, 1.25000000E-001, 4.99998419E+000, 2.00000985E+000
 9.85000000E+003, 7.50000000E-002, 4.99998966E+000, 2.00000748E+000
 9.95000000E+003, 2.50000000E-002, 4.99999596E+000, 2.00000877E+000
