   7200.5704288378365      ,         100
X,ZB,H,U
 5.00000000E+001, 4.97500000E+000, 4.99990498E+000, 2.00003812E+000
 1.50000000E+002, 4.92500000E+000, 4.99990516E+000, 2.00003801E+000
 2.50000000E+002, 4.87500000E+000, 4.99990537E+000, 2.00003792E+000
 3.50000000E+002, 4.82500000E+000, 4.99990560E+000, 2.00003784E+000
 4.50000000E+002, 4.77500000E+000, 4.99990582E+000, 2.00003776E+000
 5.50000000E+002, 4.72500000E+000, 4.99990606E+000, 2.00003768E+000
 6.50000000E+002, 4.67500000E+000, 4.99990630E+000, 2.00003760E+000
 7.50000000E+002, 4.62500000E+000, 4.99990654E+000, 2.00003751E+000
 8.50000000E+002, 4.57500000E+000, 4.99990680E+000, 2.00003742E+000
 9.50000000E+002, 4.52500000E+000, 4.99990705E+000, 2.00003734E+000
 1.05000000E+003, 4.47500000E+000, 4.99990732E+000, 2.00003725E+000
 1.15000000E+003, 4.42500000E+000, 4.99990759E+000, 2.00003715E+000
 1.25000000E+003, 4.37500000E+000, 4.99990787E+000, 2.00003706E+000
 1.35000000E+003, 4.32500000E+000, 4.99990815E+000, 2.00003696E+000
 1.45000000E+003, 4.27500000E+000, 4.99990844E+000, 2.00003686E+000
 1.55000000E+003, 4.22500000E+000, 4.99990874E+000, 2.00003676E+000
 1.65000000E+003, 4.17500000E+000, 4.99990904E+000, 2.00003665E+000
 1.75000000E+003, 4.12500000E+000, 4.99990936E+000, 2.00003654E+000
 1.85000000E+003, 4.07500000E+000, 4.99990968E+000, 2.00003643E+000
 1.95000000E+003, 4.02500000E+000, 4.99991001E+000, 2.00003631E+000
 2.05000000E+003, 3.97500000E+000, 4.99991034E+000, 2.00003620E+000
 2.15000000E+003, 3.92500000E+000, 4.99991069E+000, 2.00003607E+000
 2.25000000E+003, 3.87500000E+000, 4.99991105E+000, 2.00003595E+000
 2.35000000E+003, 3.82500000E+000, 4.99991141E+000, 2.00003582E+000
 2.45000000E+003, 3.77500000E+000, 4.99991178E+000, 2.00003569E+000
 2.55000000E+003, 3.72500000E+000, 4.99991216E+000, 2.00003556E+000
 2.65000000E+003, 3.67500000E+000, 4.99991255E+000, 2.00003542E+000
 2.75000000E+003, 3.62500000E+000, 4.99991295E+000, 2.00003527E+000
 2.85000000E+003, 3.57500000E+000, 4.99991336E+000, 2.00003513E+000
 2.95000000E+003, 3.52500000E+000, 4.99991378E+000, 2.00003498E+000
 3.05000000E+003, 3.47500000E+000, 4.99991421E+000, 2.00003483E+000
 3.15000000E+003, 3.42500000E+000, 4.99991465E+000, 2.00003467E+000
 3.25000000E+003, 3.37500000E+000, 4.99991511E+000, 2.00003450E+000
 3.35000000E+003, 3.32500000E+000, 4.99991558E+000, 2.00003434E+000
 3.45000000E+003, 3.27500000E+000, 4.99991605E+000, 2.00003417E+000
 3.55000000E+003, 3.22500000E+000, 4.99991654E+000, 2.00003399E+000
 3.65000000E+003, 3.17500000E+000, 4.99991704E+000, 2.00003381E+000
 3.75000000E+003, 3.12500000E+000, 4.99991756E+000, 2.00003362E+000
 3.85000000E+003, 3.07500000E+000, 4.99991809E+000, 2.00003343E+000
 3.95000000E+003, 3.02500000E+000, 4.99991863E+000, 2.00003324E+000
 4.05000000E+003, 2.97500000E+000, 4.99991918E+000, 2.00003303E+000
 4.15000000E+003, 2.92500000E+000, 4.99991975E+000, 2.00003283E+000
 4.25000000E+003, 2.87500000E+000, 4.99992034E+000, 2.00003261E+000
 4.35000000E+003, 2.82500000E+000, 4.99992093E+000, 2.00003240E+000
 4.45000000E+003, 2.77500000E+000, 4.99992155E+000, 2.00003217E+000
 4.55000000E+003, 2.72500000E+000, 4.99992218E+000, 2.00003193E+000
 4.65000000E+003, 2.67500000E+000, 4.99992283E+000, 2.00003170E+000
 4.75000000E+003, 2.62500000E+000, 4.99992349E+000, 2.00003146E+000
 4.85000000E+003, 2.57500000E+000, 4.99992417E+000, 2.00003120E+000
 4.95000000E+003, 2.52500000E+000, 4.99992488E+000, 2.00003093E+000
 5.05000000E+003, 2.47500000E+000, 4.99992559E+000, 2.00003067E+000
 5.15000000E+003, 2.42500000E+000, 4.99992633E+000, 2.00003040E+000
 5.25000000E+003, 2.37500000E+000, 4.99992708E+000, 2.00003012E+000
 5.35000000E+003, 2.32500000E+000, 4.99992786E+000, 2.00002983E+000
 5.45000000E+003, 2.27500000E+000, 4.99992866E+000, 2.00002952E+000
 5.55000000E+003, 2.22500000E+000, 4.99992948E+000, 2.00002922E+000
 5.65000000E+003, 2.17500000E+000, 4.99993031E+000, 2.00002891E+000
 5.75000000E+003, 2.12500000E+000, 4.99993117E+000, 2.00002859E+000
 5.85000000E+003, 2.07500000E+000, 4.99993206E+000, 2.00002825E+000
 5.95000000E+003, 2.02500000E+000, 4.99993297E+000, 2.00002790E+000
 6.05000000E+003, 1.97500000E+000, 4.99993390E+000, 2.00002755E+000
 6.15000000E+003, 1.92500000E+000, 4.99993485E+000, 2.00002720E+000
 6.25000000E+003, 1.87500000E+000, 4.99993583E+000, 2.00002682E+000
 6.35000000E+003, 1.82500000E+000, 4.99993685E+000, 2.00002643E+000
 6.45000000E+003, 1.77500000E+000, 4.99993788E+000, 2.00002603E+000
 6.55000000E+003, 1.72500000E+000, 4.99993894E+000, 2.00002563E+000
 6.65000000E+003, 1.67500000E+000, 4.99994002E+000, 2.00002522E+000
 6.75000000E+003, 1.62500000E+000, 4.99994115E+000, 2.00002478E+000
 6.85000000E+003, 1.57500000E+000, 4.99994231E+000, 2.00002433E+000
 6.95000000E+003, 1.52500000E+000, 4.99994349E+000, 2.00002388E+000
 7.05000000E+003, 1.47500000E+000, 4.99994469E+000, 2.00002342E+000
 7.15000000E+003, 1.42500000E+000, 4.99994594E+000, 2.00002294E+000
 7.25000000E+003, 1.37500000E+000, 4.99994723E+000, 2.00002244E+000
 7.35000000E+003, 1.32500000E+000, 4.99994855E+000, 2.00002192E+000
 7.45000000E+003, 1.27500000E+000, 4.99994989E+000, 2.00002140E+000
 7.55000000E+003, 1.22500000E+000, 4.99995127E+000, 2.00002087E+000
 7.65000000E+003, 1.17500000E+000, 4.99995270E+000, 2.00002031E+000
 7.75000000E+003, 1.12500000E+000, 4.99995417E+000, 2.00001973E+000
 7.85000000E+003, 1.07500000E+000, 4.99995568E+000, 2.00001914E+000
 7.95000000E+003, 1.02500000E+000, 4.99995721E+000, 2.00001855E+000
 8.05000000E+003, 9.75000000E-001, 4.99995880E+000, 2.00001794E+000
 8.15000000E+003, 9.25000000E-001, 4.99996044E+000, 2.00001728E+000
 8.25000000E+003, 8.75000000E-001, 4.99996211E+000, 2.00001662E+000
 8.35000000E+003, 8.25000000E-001, 4.99996383E+000, 2.00001596E+000
 8.45000000E+003, 7.75000000E-001, 4.99996559E+000, 2.00001527E+000
 8.55000000E+003, 7.25000000E-001, 4.99996741E+000, 2.00001454E+000
 8.65000000E+003, 6.75000000E-001, 4.99996929E+000, 2.00001380E+000
 8.75000000E+003, 6.25000000E-001, 4.99997120E+000, 2.00001305E+000
 8.85000000E+003, 5.75000000E-001, 4.99997316E+000, 2.00001228E+000
 8.95000000E+003, 5.25000000E-001, 4.99997519E+000, 2.00001147E+000
 9.05000000E+003, 4.75000000E-001, 4.99997727E+000, 2.00001064E+000
 9.15000000E+003, 4.25000000E-001, 4.99997941E+000, 2.00000980E+000
 9.25000000E+003, 3.75000000E-001, 4.99998160E+000, 2.00000893E+000
 9.35000000E+003, 3.25000000E-001, 4.99998386E+000, 2.00000803E+000
 9.45000000E+003, 2.75000000E-001, 4.99998618E+000, 2.00000711E+000
 9.55000000E+003, 2.25000000E-001, 4.99998856E+000, 2.00000616E+000
 9.65000000E+003, 1.75000000E-001, 4.99999097E+000, 2.00000521E+000
 9.75000000E+003, 1.25000000E-001, 4.99999347E+000, 2.00000435E+000
 9.85000000E+003, 7.50000000E-002, 4.99999573E+000, 2.00000337E+000
 9.95000000E+003, 2.50000000E-002, 4.99999833E+000, 2.00000391E+000
