   7200.5103306710871      ,         100
X,ZB,H,U
 5.00000000E+001, 4.97500000E+000, 4.99971683E+000, 2.00011357E+000
 1.50000000E+002, 4.92500000E+000, 4.99971731E+000, 2.00011328E+000
 2.50000000E+002, 4.87500000E+000, 4.99971788E+000, 2.00011303E+000
 3.50000000E+002, 4.82500000E+000, 4.99971848E+000, 2.00011281E+000
 4.50000000E+002, 4.77500000E+000, 4.99971909E+000, 2.00011260E+000
 5.50000000E+002, 4.72500000E+000, 4.99971971E+000, 2.00011239E+000
 6.50000000E+002, 4.67500000E+000, 4.99972036E+000, 2.00011216E+000
 7.50000000E+002, 4.62500000E+000, 4.99972103E+000, 2.00011193E+000
 8.50000000E+002, 4.57500000E+000, 4.99972171E+000, 2.00011169E+000
 9.50000000E+002, 4.52500000E+000, 4.99972240E+000, 2.00011145E+000
 1.05000000E+003, 4.47500000E+000, 4.99972311E+000, 2.00011121E+000
 1.15000000E+003, 4.42500000E+000, 4.99972385E+000, 2.00011095E+000
 1.25000000E+003, 4.37500000E+000, 4.99972460E+000, 2.00011068E+000
 1.35000000E+003, 4.32500000E+000, 4.99972538E+000, 2.00011041E+000
 1.45000000E+003, 4.27500000E+000, 4.99972617E+000, 2.00011014E+000
 1.55000000E+003, 4.22500000E+000, 4.99972698E+000, 2.00010985E+000
 1.65000000E+003, 4.17500000E+000, 4.99972782E+000, 2.00010956E+000
 1.75000000E+003, 4.12500000E+000, 4.99972868E+000, 2.00010925E+000
 1.85000000E+003, 4.07500000E+000, 4.99972956E+000, 2.00010894E+000
 1.95000000E+003, 4.02500000E+000, 4.99973046E+000, 2.00010863E+000
 2.05000000E+003, 3.97500000E+000, 4.99973139E+000, 2.00010831E+000
 2.15000000E+003, 3.92500000E+000, 4.99973235E+000, 2.00010796E+000
 2.25000000E+003, 3.87500000E+000, 4.99973333E+000, 2.00010761E+000
 2.35000000E+003, 3.82500000E+000, 4.99973433E+000, 2.00010726E+000
 2.45000000E+003, 3.77500000E+000, 4.99973535E+000, 2.00010690E+000
 2.55000000E+003, 3.72500000E+000, 4.99973641E+000, 2.00010653E+000
 2.65000000E+003, 3.67500000E+000, 4.99973750E+000, 2.00010613E+000
 2.75000000E+003, 3.62500000E+000, 4.99973862E+000, 2.00010572E+000
 2.85000000E+003, 3.57500000E+000, 4.99973977E+000, 2.00010531E+000
 2.95000000E+003, 3.52500000E+000, 4.99974093E+000, 2.00010490E+000
 3.05000000E+003, 3.47500000E+000, 4.99974214E+000, 2.00010447E+000
 3.15000000E+003, 3.42500000E+000, 4.99974338E+000, 2.00010402E+000
 3.25000000E+003, 3.37500000E+000, 4.99974467E+000, 2.00010355E+000
 3.35000000E+003, 3.32500000E+000, 4.99974597E+000, 2.00010308E+000
 3.45000000E+003, 3.27500000E+000, 4.99974731E+000, 2.00010260E+000
 3.55000000E+003, 3.22500000E+000, 4.99974869E+000, 2.00010211E+000
 3.65000000E+003, 3.17500000E+000, 4.99975011E+000, 2.00010158E+000
 3.75000000E+003, 3.12500000E+000, 4.99975157E+000, 2.00010104E+000
 3.85000000E+003, 3.07500000E+000, 4.99975307E+000, 2.00010050E+000
 3.95000000E+003, 3.02500000E+000, 4.99975460E+000, 2.00009994E+000
 4.05000000E+003, 2.97500000E+000, 4.99975618E+000, 2.00009937E+000
 4.15000000E+003, 2.92500000E+000, 4.99975780E+000, 2.00009876E+000
 4.25000000E+003, 2.87500000E+000, 4.99975947E+000, 2.00009815E+000
 4.35000000E+003, 2.82500000E+000, 4.99976118E+000, 2.00009752E+000
 4.45000000E+003, 2.77500000E+000, 4.99976294E+000, 2.00009687E+000
 4.55000000E+003, 2.72500000E+000, 4.99976476E+000, 2.00009619E+000
 4.65000000E+003, 2.67500000E+000, 4.99976661E+000, 2.00009551E+000
 4.75000000E+003, 2.62500000E+000, 4.99976851E+000, 2.00009481E+000
 4.85000000E+003, 2.57500000E+000, 4.99977048E+000, 2.00009408E+000
 4.95000000E+003, 2.52500000E+000, 4.99977251E+000, 2.00009330E+000
 5.05000000E+003, 2.47500000E+000, 4.99977459E+000, 2.00009252E+000
 5.15000000E+003, 2.42500000E+000, 4.99977670E+000, 2.00009175E+000
 5.25000000E+003, 2.37500000E+000, 4.99977889E+000, 2.00009093E+000
 5.35000000E+003, 2.32500000E+000, 4.99978115E+000, 2.00009007E+000
 5.45000000E+003, 2.27500000E+000, 4.99978348E+000, 2.00008918E+000
 5.55000000E+003, 2.22500000E+000, 4.99978586E+000, 2.00008828E+000
 5.65000000E+003, 2.17500000E+000, 4.99978829E+000, 2.00008738E+000
 5.75000000E+003, 2.12500000E+000, 4.99979080E+000, 2.00008644E+000
 5.85000000E+003, 2.07500000E+000, 4.99979340E+000, 2.00008543E+000
 5.95000000E+003, 2.02500000E+000, 4.99979608E+000, 2.00008440E+000
 6.05000000E+003, 1.97500000E+000, 4.99979880E+000, 2.00008338E+000
 6.15000000E+003, 1.92500000E+000, 4.99980159E+000, 2.00008233E+000
 6.25000000E+003, 1.87500000E+000, 4.99980448E+000, 2.00008122E+000
 6.35000000E+003, 1.82500000E+000, 4.99980748E+000, 2.00008005E+000
 6.45000000E+003, 1.77500000E+000, 4.99981055E+000, 2.00007887E+000
 6.55000000E+003, 1.72500000E+000, 4.99981367E+000, 2.00007769E+000
 6.65000000E+003, 1.67500000E+000, 4.99981689E+000, 2.00007647E+000
 6.75000000E+003, 1.62500000E+000, 4.99982023E+000, 2.00007517E+000
 6.85000000E+003, 1.57500000E+000, 4.99982367E+000, 2.00007381E+000
 6.95000000E+003, 1.52500000E+000, 4.99982719E+000, 2.00007246E+000
 7.05000000E+003, 1.47500000E+000, 4.99983078E+000, 2.00007109E+000
 7.15000000E+003, 1.42500000E+000, 4.99983450E+000, 2.00006966E+000
 7.25000000E+003, 1.37500000E+000, 4.99983835E+000, 2.00006814E+000
 7.35000000E+003, 1.32500000E+000, 4.99984231E+000, 2.00006658E+000
 7.45000000E+003, 1.27500000E+000, 4.99984634E+000, 2.00006503E+000
 7.55000000E+003, 1.22500000E+000, 4.99985048E+000, 2.00006344E+000
 7.65000000E+003, 1.17500000E+000, 4.99985478E+000, 2.00006175E+000
 7.75000000E+003, 1.12500000E+000, 4.99985922E+000, 2.00005999E+000
 7.85000000E+003, 1.07500000E+000, 4.99986376E+000, 2.00005821E+000
 7.95000000E+003, 1.02500000E+000, 4.99986840E+000, 2.00005642E+000
 8.05000000E+003, 9.75000000E-001, 4.99987319E+000, 2.00005455E+000
 8.15000000E+003, 9.25000000E-001, 4.99987817E+000, 2.00005257E+000
 8.25000000E+003, 8.75000000E-001, 4.99988327E+000, 2.00005055E+000
 8.35000000E+003, 8.25000000E-001, 4.99988847E+000, 2.00004852E+000
 8.45000000E+003, 7.75000000E-001, 4.99989384E+000, 2.00004643E+000
 8.55000000E+003, 7.25000000E-001, 4.99989940E+000, 2.00004421E+000
 8.65000000E+003, 6.75000000E-001, 4.99990512E+000, 2.00004193E+000
 8.75000000E+003, 6.25000000E-001, 4.99991097E+000, 2.00003964E+000
 8.85000000E+003, 5.75000000E-001, 4.99991698E+000, 2.00003728E+000
 8.95000000E+003, 5.25000000E-001, 4.99992321E+000, 2.00003479E+000
 9.05000000E+003, 4.75000000E-001, 4.99992962E+000, 2.00003224E+000
 9.15000000E+003, 4.25000000E-001, 4.99993618E+000, 2.00002964E+000
 9.25000000E+003, 3.75000000E-001, 4.99994294E+000, 2.00002697E+000
 9.35000000E+003, 3.25000000E-001, 4.99994992E+000, 2.00002419E+000
 9.45000000E+003, 2.75000000E-001, 4.99995709E+000, 2.00002133E+000
 9.55000000E+003, 2.25000000E-001, 4.99996446E+000, 2.00001840E+000
 9.65000000E+003, 1.75000000E-001, 4.99997192E+000, 2.00001546E+000
 9.75000000E+003, 1.25000000E-001, 4.99997969E+000, 2.00001279E+000
 9.85000000E+003, 7.50000000E-002, 4.99998671E+000, 2.00000975E+000
 9.95000000E+003, 2.50000000E-002, 4.99999481E+000, 2.00001141E+000
