   7202.4322638153926      ,         100
X,ZB,H,U
 5.00000000E+001, 4.97500000E+000, 5.02123068E+000, 1.96533883E+000
 1.50000000E+002, 4.92500000E+000, 5.00975175E+000, 2.00820715E+000
 2.50000000E+002, 4.87500000E+000, 5.01437823E+000, 2.00174311E+000
 3.50000000E+002, 4.82500000E+000, 5.01439723E+000, 2.00173170E+000
 4.50000000E+002, 4.77500000E+000, 5.01441506E+000, 2.00172305E+000
 5.50000000E+002, 4.72500000E+000, 5.01443380E+000, 2.00171351E+000
 6.50000000E+002, 4.67500000E+000, 5.01445291E+000, 2.00170405E+000
 7.50000000E+002, 4.62500000E+000, 5.01447292E+000, 2.00169392E+000
 8.50000000E+002, 4.57500000E+000, 5.01449341E+000, 2.00168379E+000
 9.50000000E+002, 4.52500000E+000, 5.01451483E+000, 2.00167303E+000
 1.05000000E+003, 4.47500000E+000, 5.01453680E+000, 2.00166221E+000
 1.15000000E+003, 4.42500000E+000, 5.01455973E+000, 2.00165077E+000
 1.25000000E+003, 4.37500000E+000, 5.01458327E+000, 2.00163924E+000
 1.35000000E+003, 4.32500000E+000, 5.01460780E+000, 2.00162709E+000
 1.45000000E+003, 4.27500000E+000, 5.01463301E+000, 2.00161481E+000
 1.55000000E+003, 4.22500000E+000, 5.01465925E+000, 2.00160191E+000
 1.65000000E+003, 4.17500000E+000, 5.01468624E+000, 2.00158883E+000
 1.75000000E+003, 4.12500000E+000, 5.01471430E+000, 2.00157515E+000
 1.85000000E+003, 4.07500000E+000, 5.01474318E+000, 2.00156123E+000
 1.95000000E+003, 4.02500000E+000, 5.01477318E+000, 2.00154671E+000
 2.05000000E+003, 3.97500000E+000, 5.01480406E+000, 2.00153191E+000
 2.15000000E+003, 3.92500000E+000, 5.01483611E+000, 2.00151651E+000
 2.25000000E+003, 3.87500000E+000, 5.01486913E+000, 2.00150079E+000
 2.35000000E+003, 3.82500000E+000, 5.01490336E+000, 2.00148445E+000
 2.45000000E+003, 3.77500000E+000, 5.01493863E+000, 2.00146776E+000
 2.55000000E+003, 3.72500000E+000, 5.01497519E+000, 2.00145044E+000
 2.65000000E+003, 3.67500000E+000, 5.01501286E+000, 2.00143272E+000
 2.75000000E+003, 3.62500000E+000, 5.01505188E+000, 2.00141436E+000
 2.85000000E+003, 3.57500000E+000, 5.01509210E+000, 2.00139556E+000
 2.95000000E+003, 3.52500000E+000, 5.01513373E+000, 2.00137610E+000
 3.05000000E+003, 3.47500000E+000, 5.01517665E+000, 2.00135617E+000
 3.15000000E+003, 3.42500000E+000, 5.01522106E+000, 2.00133556E+000
 3.25000000E+003, 3.37500000E+000, 5.01526685E+000, 2.00131443E+000
 3.35000000E+003, 3.32500000E+000, 5.01531419E+000, 2.00129260E+000
 3.45000000E+003, 3.27500000E+000, 5.01536302E+000, 2.00127021E+000
 3.55000000E+003, 3.22500000E+000, 5.01541348E+000, 2.00124709E+000
 3.65000000E+003, 3.17500000E+000, 5.01546552E+000, 2.00122337E+000
 3.75000000E+003, 3.12500000E+000, 5.01551930E+000, 2.00119890E+000
 3.85000000E+003, 3.07500000E+000, 5.01557475E+000, 2.00117378E+000
 3.95000000E+003, 3.02500000E+000, 5.01563203E+000, 2.00114788E+000
 4.05000000E+003, 2.97500000E+000, 5.01569110E+000, 2.00112128E+000
 4.15000000E+003, 2.92500000E+000, 5.01575209E+000, 2.00109387E+000
 4.25000000E+003, 2.87500000E+000, 5.01581499E+000, 2.00106573E+000
 4.35000000E+003, 2.82500000E+000, 5.01587992E+000, 2.00103672E+000
 4.45000000E+003, 2.77500000E+000, 5.01594687E+000, 2.00100694E+000
 4.55000000E+003, 2.72500000E+000, 5.01601597E+000, 2.00097626E+000
 4.65000000E+003, 2.67500000E+000, 5.01608722E+000, 2.00094475E+000
 4.75000000E+003, 2.62500000E+000, 5.01616073E+000, 2.00091230E+000
 4.85000000E+003, 2.57500000E+000, 5.01623652E+000, 2.00087897E+000
 4.95000000E+003, 2.52500000E+000, 5.01631471E+000, 2.00084466E+000
 5.05000000E+003, 2.47500000E+000, 5.01639532E+000, 2.00080941E+000
 5.15000000E+003, 2.42500000E+000, 5.01647846E+000, 2.00077313E+000
 5.25000000E+003, 2.37500000E+000, 5.01656416E+000, 2.00073586E+000
 5.35000000E+003, 2.32500000E+000, 5.01665253E+000, 2.00069751E+000
 5.45000000E+003, 2.27500000E+000, 5.01674362E+000, 2.00065810E+000
 5.55000000E+003, 2.22500000E+000, 5.01683754E+000, 2.00061756E+000
 5.65000000E+003, 2.17500000E+000, 5.01693434E+000, 2.00057591E+000
 5.75000000E+003, 2.12500000E+000, 5.01703413E+000, 2.00053306E+000
 5.85000000E+003, 2.07500000E+000, 5.01713696E+000, 2.00048903E+000
 5.95000000E+003, 2.02500000E+000, 5.01724295E+000, 2.00044375E+000
 6.05000000E+003, 1.97500000E+000, 5.01735217E+000, 2.00039722E+000
 6.15000000E+003, 1.92500000E+000, 5.01746473E+000, 2.00034937E+000
 6.25000000E+003, 1.87500000E+000, 5.01758070E+000, 2.00030020E+000
 6.35000000E+003, 1.82500000E+000, 5.01770021E+000, 2.00024964E+000
 6.45000000E+003, 1.77500000E+000, 5.01782333E+000, 2.00019768E+000
 6.55000000E+003, 1.72500000E+000, 5.01795019E+000, 2.00014426E+000
 6.65000000E+003, 1.67500000E+000, 5.01808086E+000, 2.00008937E+000
 6.75000000E+003, 1.62500000E+000, 5.01821549E+000, 2.00003293E+000
 6.85000000E+003, 1.57500000E+000, 5.01835415E+000, 1.99997494E+000
 6.95000000E+003, 1.52500000E+000, 5.01849700E+000, 1.99991532E+000
 7.05000000E+003, 1.47500000E+000, 5.01864411E+000, 1.99985405E+000
 7.15000000E+003, 1.42500000E+000, 5.01879565E+000, 1.99979107E+000
 7.25000000E+003, 1.37500000E+000, 5.01895170E+000, 1.99972635E+000
 7.35000000E+003, 1.32500000E+000, 5.01911242E+000, 1.99965982E+000
 7.45000000E+003, 1.27500000E+000, 5.01927793E+000, 1.99959146E+000
 7.55000000E+003, 1.22500000E+000, 5.01944836E+000, 1.99952118E+000
 7.65000000E+003, 1.17500000E+000, 5.01962385E+000, 1.99944897E+000
 7.75000000E+003, 1.12500000E+000, 5.01980456E+000, 1.99937474E+000
 7.85000000E+003, 1.07500000E+000, 5.01999061E+000, 1.99929846E+000
 7.95000000E+003, 1.02500000E+000, 5.02018218E+000, 1.99922006E+000
 8.05000000E+003, 9.75000000E-001, 5.02037939E+000, 1.99913950E+000
 8.15000000E+003, 9.25000000E-001, 5.02058243E+000, 1.99905669E+000
 8.25000000E+003, 8.75000000E-001, 5.02079145E+000, 1.99897159E+000
 8.35000000E+003, 8.25000000E-001, 5.02100662E+000, 1.99888413E+000
 8.45000000E+003, 7.75000000E-001, 5.02122812E+000, 1.99879425E+000
 8.55000000E+003, 7.25000000E-001, 5.02145611E+000, 1.99870188E+000
 8.65000000E+003, 6.75000000E-001, 5.02169079E+000, 1.99860695E+000
 8.75000000E+003, 6.25000000E-001, 5.02193234E+000, 1.99850938E+000
 8.85000000E+003, 5.75000000E-001, 5.02218095E+000, 1.99840912E+000
 8.95000000E+003, 5.25000000E-001, 5.02243683E+000, 1.99830607E+000
 9.05000000E+003, 4.75000000E-001, 5.02270017E+000, 1.99820017E+000
 9.15000000E+003, 4.25000000E-001, 5.02297119E+000, 1.99809133E+000
 9.25000000E+003, 3.75000000E-001, 5.02325009E+000, 1.99797948E+000
 9.35000000E+003, 3.25000000E-001, 5.02353711E+000, 1.99786453E+000
 9.45000000E+003, 2.75000000E-001, 5.02383247E+000, 1.99774640E+000
 9.55000000E+003, 2.25000000E-001, 5.02413640E+000, 1.99762499E+000
 9.65000000E+003, 1.75000000E-001, 5.02444913E+000, 1.99750021E+000
 9.75000000E+003, 1.25000000E-001, 5.02477040E+000, 1.99737339E+000
 9.85000000E+003, 7.50000000E-002, 5.02509011E+000, 1.99722166E+000
 9.95000000E+003, 2.50000000E-002, 5.02870510E+000, 1.96700999E+000
