   7202.4323689143621      ,         100
X,ZB,H,U
 5.00000000E+001, 4.97500000E+000, 5.02123125E+000, 1.96533860E+000
 1.50000000E+002, 4.92500000E+000, 5.00975234E+000, 2.00820690E+000
 2.50000000E+002, 4.87500000E+000, 5.01437877E+000, 2.00174293E+000
 3.50000000E+002, 4.82500000E+000, 5.01439771E+000, 2.00173157E+000
 4.50000000E+002, 4.77500000E+000, 5.01441549E+000, 2.00172298E+000
 5.50000000E+002, 4.72500000E+000, 5.01443432E+000, 2.00171335E+000
 6.50000000E+002, 4.67500000E+000, 5.01445359E+000, 2.00170368E+000
 7.50000000E+002, 4.62500000E+000, 5.01447361E+000, 2.00169350E+000
 8.50000000E+002, 4.57500000E+000, 5.01449405E+000, 2.00168354E+000
 9.50000000E+002, 4.52500000E+000, 5.01451524E+000, 2.00167317E+000
 1.05000000E+003, 4.47500000E+000, 5.01453731E+000, 2.00166224E+000
 1.15000000E+003, 4.42500000E+000, 5.01456045E+000, 2.00165052E+000
 1.25000000E+003, 4.37500000E+000, 5.01458419E+000, 2.00163868E+000
 1.35000000E+003, 4.32500000E+000, 5.01460847E+000, 2.00162690E+000
 1.45000000E+003, 4.27500000E+000, 5.01463351E+000, 2.00161486E+000
 1.55000000E+003, 4.22500000E+000, 5.01465968E+000, 2.00160207E+000
 1.65000000E+003, 4.17500000E+000, 5.01468704E+000, 2.00158852E+000
 1.75000000E+003, 4.12500000E+000, 5.01471524E+000, 2.00157468E+000
 1.85000000E+003, 4.07500000E+000, 5.01474403E+000, 2.00156093E+000
 1.95000000E+003, 4.02500000E+000, 5.01477367E+000, 2.00154687E+000
 2.05000000E+003, 3.97500000E+000, 5.01480457E+000, 2.00153202E+000
 2.15000000E+003, 3.92500000E+000, 5.01483688E+000, 2.00151628E+000
 2.25000000E+003, 3.87500000E+000, 5.01487018E+000, 2.00150023E+000
 2.35000000E+003, 3.82500000E+000, 5.01490420E+000, 2.00148427E+000
 2.45000000E+003, 3.77500000E+000, 5.01493922E+000, 2.00146797E+000
 2.55000000E+003, 3.72500000E+000, 5.01497573E+000, 2.00145068E+000
 2.65000000E+003, 3.67500000E+000, 5.01501381E+000, 2.00143240E+000
 2.75000000E+003, 3.62500000E+000, 5.01505294E+000, 2.00141385E+000
 2.85000000E+003, 3.57500000E+000, 5.01509294E+000, 2.00139540E+000
 2.95000000E+003, 3.52500000E+000, 5.01513422E+000, 2.00137645E+000
 3.05000000E+003, 3.47500000E+000, 5.01517730E+000, 2.00135631E+000
 3.15000000E+003, 3.42500000E+000, 5.01522210E+000, 2.00133519E+000
 3.25000000E+003, 3.37500000E+000, 5.01526800E+000, 2.00131394E+000
 3.35000000E+003, 3.32500000E+000, 5.01531494E+000, 2.00129267E+000
 3.45000000E+003, 3.27500000E+000, 5.01536353E+000, 2.00127062E+000
 3.55000000E+003, 3.22500000E+000, 5.01541423E+000, 2.00124717E+000
 3.65000000E+003, 3.17500000E+000, 5.01546673E+000, 2.00122285E+000
 3.75000000E+003, 3.12500000E+000, 5.01552039E+000, 2.00119858E+000
 3.85000000E+003, 3.07500000E+000, 5.01557541E+000, 2.00117409E+000
 3.95000000E+003, 3.02500000E+000, 5.01563256E+000, 2.00114836E+000
 4.05000000E+003, 2.97500000E+000, 5.01569210E+000, 2.00112111E+000
 4.15000000E+003, 2.92500000E+000, 5.01575334E+000, 2.00109331E+000
 4.25000000E+003, 2.87500000E+000, 5.01581592E+000, 2.00106567E+000
 4.35000000E+003, 2.82500000E+000, 5.01588040E+000, 2.00103731E+000
 4.45000000E+003, 2.77500000E+000, 5.01594757E+000, 2.00100724E+000
 4.55000000E+003, 2.72500000E+000, 5.01601723E+000, 2.00097583E+000
 4.65000000E+003, 2.67500000E+000, 5.01608847E+000, 2.00094435E+000
 4.75000000E+003, 2.62500000E+000, 5.01616140E+000, 2.00091271E+000
 4.85000000E+003, 2.57500000E+000, 5.01623697E+000, 2.00087967E+000
 4.95000000E+003, 2.52500000E+000, 5.01631568E+000, 2.00084465E+000
 5.05000000E+003, 2.47500000E+000, 5.01639672E+000, 2.00080878E+000
 5.15000000E+003, 2.42500000E+000, 5.01647947E+000, 2.00077311E+000
 5.25000000E+003, 2.37500000E+000, 5.01656459E+000, 2.00073664E+000
 5.35000000E+003, 2.32500000E+000, 5.01665310E+000, 2.00069807E+000
 5.45000000E+003, 2.27500000E+000, 5.01674491E+000, 2.00065768E+000
 5.55000000E+003, 2.22500000E+000, 5.01683886E+000, 2.00061710E+000
 5.65000000E+003, 2.17500000E+000, 5.01693498E+000, 2.00057640E+000
 5.75000000E+003, 2.12500000E+000, 5.01703445E+000, 2.00053402E+000
 5.85000000E+003, 2.07500000E+000, 5.01713792E+000, 2.00048913E+000
 5.95000000E+003, 2.02500000E+000, 5.01724442E+000, 2.00044313E+000
 6.05000000E+003, 1.97500000E+000, 5.01735317E+000, 2.00039732E+000
 6.15000000E+003, 1.92500000E+000, 5.01746501E+000, 2.00035044E+000
 6.25000000E+003, 1.87500000E+000, 5.01758124E+000, 2.00030085E+000
 6.35000000E+003, 1.82500000E+000, 5.01770158E+000, 2.00024914E+000
 6.45000000E+003, 1.77500000E+000, 5.01782462E+000, 2.00019732E+000
 6.55000000E+003, 1.72500000E+000, 5.01795059E+000, 2.00014513E+000
 6.65000000E+003, 1.67500000E+000, 5.01808108E+000, 2.00009047E+000
 6.75000000E+003, 1.62500000E+000, 5.01821656E+000, 2.00003286E+000
 6.85000000E+003, 1.57500000E+000, 5.01835560E+000, 1.99997434E+000
 6.95000000E+003, 1.52500000E+000, 5.01849765E+000, 1.99991585E+000
 7.05000000E+003, 1.47500000E+000, 5.01864419E+000, 1.99985538E+000
 7.15000000E+003, 1.42500000E+000, 5.01879640E+000, 1.99979145E+000
 7.25000000E+003, 1.37500000E+000, 5.01895315E+000, 1.99972579E+000
 7.35000000E+003, 1.32500000E+000, 5.01911326E+000, 1.99966012E+000
 7.45000000E+003, 1.27500000E+000, 5.01927797E+000, 1.99959282E+000
 7.55000000E+003, 1.22500000E+000, 5.01944888E+000, 1.99952184E+000
 7.65000000E+003, 1.17500000E+000, 5.01962514E+000, 1.99944855E+000
 7.75000000E+003, 1.12500000E+000, 5.01980542E+000, 1.99937491E+000
 7.85000000E+003, 1.07500000E+000, 5.01999070E+000, 1.99929968E+000
 7.95000000E+003, 1.02500000E+000, 5.02018253E+000, 1.99922088E+000
 8.05000000E+003, 9.75000000E-001, 5.02038042E+000, 1.99913939E+000
 8.15000000E+003, 9.25000000E-001, 5.02058327E+000, 1.99905686E+000
 8.25000000E+003, 8.75000000E-001, 5.02079166E+000, 1.99897262E+000
 8.35000000E+003, 8.25000000E-001, 5.02100688E+000, 1.99888508E+000
 8.45000000E+003, 7.75000000E-001, 5.02122889E+000, 1.99879448E+000
 8.55000000E+003, 7.25000000E-001, 5.02145686E+000, 1.99870213E+000
 8.65000000E+003, 6.75000000E-001, 5.02169104E+000, 1.99860787E+000
 8.75000000E+003, 6.25000000E-001, 5.02193253E+000, 1.99851035E+000
 8.85000000E+003, 5.75000000E-001, 5.02218153E+000, 1.99840951E+000
 8.95000000E+003, 5.25000000E-001, 5.02243738E+000, 1.99830645E+000
 9.05000000E+003, 4.75000000E-001, 5.02270033E+000, 1.99820106E+000
 9.15000000E+003, 4.25000000E-001, 5.02297133E+000, 1.99809221E+000
 9.25000000E+003, 3.75000000E-001, 5.02325049E+000, 1.99797998E+000
 9.35000000E+003, 3.25000000E-001, 5.02353743E+000, 1.99786512E+000
 9.45000000E+003, 2.75000000E-001, 5.02383257E+000, 1.99774727E+000
 9.55000000E+003, 2.25000000E-001, 5.02413653E+000, 1.99762579E+000
 9.65000000E+003, 1.75000000E-001, 5.02444932E+000, 1.99750093E+000
 9.75000000E+003, 1.25000000E-001, 5.02477050E+000, 1.99737418E+000
 9.85000000E+003, 7.50000000E-002, 5.02509019E+000, 1.99722248E+000
 9.95000000E+003, 2.50000000E-002, 5.02870514E+000, 1.96701082E+000
