   7202.2248591609732      ,         100
X,ZB,H,U
 5.00000000E+001, 4.97500000E+000, 5.02121282E+000, 1.96532680E+000
 1.50000000E+002, 4.92500000E+000, 5.00958134E+000, 2.00839416E+000
 2.50000000E+002, 4.87500000E+000, 5.01434968E+000, 2.00173163E+000
 3.50000000E+002, 4.82500000E+000, 5.01436716E+000, 2.00172315E+000
 4.50000000E+002, 4.77500000E+000, 5.01438553E+000, 2.00171380E+000
 5.50000000E+002, 4.72500000E+000, 5.01440427E+000, 2.00170452E+000
 6.50000000E+002, 4.67500000E+000, 5.01442389E+000, 2.00169460E+000
 7.50000000E+002, 4.62500000E+000, 5.01444398E+000, 2.00168466E+000
 8.50000000E+002, 4.57500000E+000, 5.01446499E+000, 2.00167411E+000
 9.50000000E+002, 4.52500000E+000, 5.01448652E+000, 2.00166350E+000
 1.05000000E+003, 4.47500000E+000, 5.01450901E+000, 2.00165228E+000
 1.15000000E+003, 4.42500000E+000, 5.01453209E+000, 2.00164097E+000
 1.25000000E+003, 4.37500000E+000, 5.01455615E+000, 2.00162905E+000
 1.35000000E+003, 4.32500000E+000, 5.01458087E+000, 2.00161700E+000
 1.45000000E+003, 4.27500000E+000, 5.01460661E+000, 2.00160434E+000
 1.55000000E+003, 4.22500000E+000, 5.01463307E+000, 2.00159151E+000
 1.65000000E+003, 4.17500000E+000, 5.01466060E+000, 2.00157808E+000
 1.75000000E+003, 4.12500000E+000, 5.01468892E+000, 2.00156442E+000
 1.85000000E+003, 4.07500000E+000, 5.01471834E+000, 2.00155016E+000
 1.95000000E+003, 4.02500000E+000, 5.01474863E+000, 2.00153564E+000
 2.05000000E+003, 3.97500000E+000, 5.01478007E+000, 2.00152051E+000
 2.15000000E+003, 3.92500000E+000, 5.01481246E+000, 2.00150508E+000
 2.25000000E+003, 3.87500000E+000, 5.01484604E+000, 2.00148903E+000
 2.35000000E+003, 3.82500000E+000, 5.01488065E+000, 2.00147264E+000
 2.45000000E+003, 3.77500000E+000, 5.01491651E+000, 2.00145562E+000
 2.55000000E+003, 3.72500000E+000, 5.01495347E+000, 2.00143822E+000
 2.65000000E+003, 3.67500000E+000, 5.01499175E+000, 2.00142018E+000
 2.75000000E+003, 3.62500000E+000, 5.01503122E+000, 2.00140172E+000
 2.85000000E+003, 3.57500000E+000, 5.01507207E+000, 2.00138260E+000
 2.95000000E+003, 3.52500000E+000, 5.01511419E+000, 2.00136302E+000
 3.05000000E+003, 3.47500000E+000, 5.01515776E+000, 2.00134276E+000
 3.15000000E+003, 3.42500000E+000, 5.01520270E+000, 2.00132200E+000
 3.25000000E+003, 3.37500000E+000, 5.01524917E+000, 2.00130054E+000
 3.35000000E+003, 3.32500000E+000, 5.01529709E+000, 2.00127853E+000
 3.45000000E+003, 3.27500000E+000, 5.01534662E+000, 2.00125581E+000
 3.55000000E+003, 3.22500000E+000, 5.01539770E+000, 2.00123249E+000
 3.65000000E+003, 3.17500000E+000, 5.01545049E+000, 2.00120843E+000
 3.75000000E+003, 3.12500000E+000, 5.01550493E+000, 2.00118374E+000
 3.85000000E+003, 3.07500000E+000, 5.01556116E+000, 2.00115827E+000
 3.95000000E+003, 3.02500000E+000, 5.01561915E+000, 2.00113212E+000
 4.05000000E+003, 2.97500000E+000, 5.01567904E+000, 2.00110516E+000
 4.15000000E+003, 2.92500000E+000, 5.01574079E+000, 2.00107748E+000
 4.25000000E+003, 2.87500000E+000, 5.01580455E+000, 2.00104896E+000
 4.35000000E+003, 2.82500000E+000, 5.01587029E+000, 2.00101967E+000
 4.45000000E+003, 2.77500000E+000, 5.01593814E+000, 2.00098949E+000
 4.55000000E+003, 2.72500000E+000, 5.01600811E+000, 2.00095850E+000
 4.65000000E+003, 2.67500000E+000, 5.01608031E+000, 2.00092658E+000
 4.75000000E+003, 2.62500000E+000, 5.01615474E+000, 2.00089379E+000
 4.85000000E+003, 2.57500000E+000, 5.01623154E+000, 2.00086004E+000
 4.95000000E+003, 2.52500000E+000, 5.01631071E+000, 2.00082536E+000
 5.05000000E+003, 2.47500000E+000, 5.01639237E+000, 2.00078966E+000
 5.15000000E+003, 2.42500000E+000, 5.01647655E+000, 2.00075299E+000
 5.25000000E+003, 2.37500000E+000, 5.01656337E+000, 2.00071525E+000
 5.35000000E+003, 2.32500000E+000, 5.01665286E+000, 2.00067648E+000
 5.45000000E+003, 2.27500000E+000, 5.01674513E+000, 2.00063658E+000
 5.55000000E+003, 2.22500000E+000, 5.01684023E+000, 2.00059559E+000
 5.65000000E+003, 2.17500000E+000, 5.01693827E+000, 2.00055342E+000
 5.75000000E+003, 2.12500000E+000, 5.01703931E+000, 2.00051010E+000
 5.85000000E+003, 2.07500000E+000, 5.01714346E+000, 2.00046553E+000
 5.95000000E+003, 2.02500000E+000, 5.01725078E+000, 2.00041973E+000
 6.05000000E+003, 1.97500000E+000, 5.01736139E+000, 2.00037263E+000
 6.15000000E+003, 1.92500000E+000, 5.01747536E+000, 2.00032423E+000
 6.25000000E+003, 1.87500000E+000, 5.01759281E+000, 2.00027446E+000
 6.35000000E+003, 1.82500000E+000, 5.01771381E+000, 2.00022332E+000
 6.45000000E+003, 1.77500000E+000, 5.01783849E+000, 2.00017073E+000
 6.55000000E+003, 1.72500000E+000, 5.01796693E+000, 2.00011670E+000
 6.65000000E+003, 1.67500000E+000, 5.01809926E+000, 2.00006114E+000
 6.75000000E+003, 1.62500000E+000, 5.01823556E+000, 2.00000404E+000
 6.85000000E+003, 1.57500000E+000, 5.01837597E+000, 1.99994534E+000
 6.95000000E+003, 1.52500000E+000, 5.01852060E+000, 1.99988502E+000
 7.05000000E+003, 1.47500000E+000, 5.01866957E+000, 1.99982301E+000
 7.15000000E+003, 1.42500000E+000, 5.01882298E+000, 1.99975929E+000
 7.25000000E+003, 1.37500000E+000, 5.01898100E+000, 1.99969378E+000
 7.35000000E+003, 1.32500000E+000, 5.01914372E+000, 1.99962647E+000
 7.45000000E+003, 1.27500000E+000, 5.01931129E+000, 1.99955727E+000
 7.55000000E+003, 1.22500000E+000, 5.01948384E+000, 1.99948616E+000
 7.65000000E+003, 1.17500000E+000, 5.01966153E+000, 1.99941307E+000
 7.75000000E+003, 1.12500000E+000, 5.01984448E+000, 1.99933796E+000
 7.85000000E+003, 1.07500000E+000, 5.02003285E+000, 1.99926075E+000
 7.95000000E+003, 1.02500000E+000, 5.02022679E+000, 1.99918141E+000
 8.05000000E+003, 9.75000000E-001, 5.02042647E+000, 1.99909986E+000
 8.15000000E+003, 9.25000000E-001, 5.02063203E+000, 1.99901606E+000
 8.25000000E+003, 8.75000000E-001, 5.02084364E+000, 1.99892993E+000
 8.35000000E+003, 8.25000000E-001, 5.02106148E+000, 1.99884141E+000
 8.45000000E+003, 7.75000000E-001, 5.02128573E+000, 1.99875044E+000
 8.55000000E+003, 7.25000000E-001, 5.02151655E+000, 1.99865694E+000
 8.65000000E+003, 6.75000000E-001, 5.02175414E+000, 1.99856085E+000
 8.75000000E+003, 6.25000000E-001, 5.02199868E+000, 1.99846210E+000
 8.85000000E+003, 5.75000000E-001, 5.02225038E+000, 1.99836061E+000
 8.95000000E+003, 5.25000000E-001, 5.02250943E+000, 1.99825631E+000
 9.05000000E+003, 4.75000000E-001, 5.02277603E+000, 1.99814912E+000
 9.15000000E+003, 4.25000000E-001, 5.02305040E+000, 1.99803895E+000
 9.25000000E+003, 3.75000000E-001, 5.02333277E+000, 1.99792573E+000
 9.35000000E+003, 3.25000000E-001, 5.02362334E+000, 1.99780938E+000
 9.45000000E+003, 2.75000000E-001, 5.02392235E+000, 1.99768979E+000
 9.55000000E+003, 2.25000000E-001, 5.02423004E+000, 1.99756689E+000
 9.65000000E+003, 1.75000000E-001, 5.02454665E+000, 1.99744058E+000
 9.75000000E+003, 1.25000000E-001, 5.02487242E+000, 1.99731077E+000
 9.85000000E+003, 7.50000000E-002, 5.02520763E+000, 1.99717736E+000
 9.95000000E+003, 2.50000000E-002, 5.02881311E+000, 1.96694874E+000
