   7201.7310498612214      ,         100
X,ZB,H,U
 5.00000000E+001, 4.97500000E+000, 4.98916802E+000, 1.97766080E+000
 1.50000000E+002, 4.92500000E+000, 4.97985310E+000, 1.99080566E+000
 2.50000000E+002, 4.87500000E+000, 4.97993041E+000, 1.99078724E+000
 3.50000000E+002, 4.82500000E+000, 4.98002035E+000, 1.99075363E+000
 4.50000000E+002, 4.77500000E+000, 4.98011283E+000, 1.99071906E+000
 5.50000000E+002, 4.72500000E+000, 4.98020790E+000, 1.99068350E+000
 6.50000000E+002, 4.67500000E+000, 4.98030564E+000, 1.99064694E+000
 7.50000000E+002, 4.62500000E+000, 4.98040613E+000, 1.99060935E+000
 8.50000000E+002, 4.57500000E+000, 4.98050944E+000, 1.99057069E+000
 9.50000000E+002, 4.52500000E+000, 4.98061566E+000, 1.99053093E+000
 1.05000000E+003, 4.47500000E+000, 4.98072486E+000, 1.99049004E+000
 1.15000000E+003, 4.42500000E+000, 4.98083713E+000, 1.99044800E+000
 1.25000000E+003, 4.37500000E+000, 4.98095257E+000, 1.99040475E+000
 1.35000000E+003, 4.32500000E+000, 4.98107125E+000, 1.99036028E+000
 1.45000000E+003, 4.27500000E+000, 4.98119327E+000, 1.99031454E+000
 1.55000000E+003, 4.22500000E+000, 4.98131872E+000, 1.99026750E+000
 1.65000000E+003, 4.17500000E+000, 4.98144771E+000, 1.99021912E+000
 1.75000000E+003, 4.12500000E+000, 4.98158033E+000, 1.99016936E+000
 1.85000000E+003, 4.07500000E+000, 4.98171668E+000, 1.99011818E+000
 1.95000000E+003, 4.02500000E+000, 4.98185688E+000, 1.99006554E+000
 2.05000000E+003, 3.97500000E+000, 4.98200103E+000, 1.99001139E+000
 2.15000000E+003, 3.92500000E+000, 4.98214925E+000, 1.98995570E+000
 2.25000000E+003, 3.87500000E+000, 4.98230165E+000, 1.98989842E+000
 2.35000000E+003, 3.82500000E+000, 4.98245834E+000, 1.98983950E+000
 2.45000000E+003, 3.77500000E+000, 4.98261945E+000, 1.98977889E+000
 2.55000000E+003, 3.72500000E+000, 4.98278512E+000, 1.98971655E+000
 2.65000000E+003, 3.67500000E+000, 4.98295546E+000, 1.98965243E+000
 2.75000000E+003, 3.62500000E+000, 4.98313061E+000, 1.98958647E+000
 2.85000000E+003, 3.57500000E+000, 4.98331070E+000, 1.98951862E+000
 2.95000000E+003, 3.52500000E+000, 4.98349589E+000, 1.98944882E+000
 3.05000000E+003, 3.47500000E+000, 4.98368631E+000, 1.98937703E+000
 3.15000000E+003, 3.42500000E+000, 4.98388211E+000, 1.98930318E+000
 3.25000000E+003, 3.37500000E+000, 4.98408345E+000, 1.98922721E+000
 3.35000000E+003, 3.32500000E+000, 4.98429047E+000, 1.98914906E+000
 3.45000000E+003, 3.27500000E+000, 4.98450336E+000, 1.98906867E+000
 3.55000000E+003, 3.22500000E+000, 4.98472227E+000, 1.98898597E+000
 3.65000000E+003, 3.17500000E+000, 4.98494737E+000, 1.98890091E+000
 3.75000000E+003, 3.12500000E+000, 4.98517884E+000, 1.98881340E+000
 3.85000000E+003, 3.07500000E+000, 4.98541687E+000, 1.98872337E+000
 3.95000000E+003, 3.02500000E+000, 4.98566164E+000, 1.98863077E+000
 4.05000000E+003, 2.97500000E+000, 4.98591333E+000, 1.98853551E+000
 4.15000000E+003, 2.92500000E+000, 4.98617216E+000, 1.98843751E+000
 4.25000000E+003, 2.87500000E+000, 4.98643831E+000, 1.98833670E+000
 4.35000000E+003, 2.82500000E+000, 4.98671201E+000, 1.98823300E+000
 4.45000000E+003, 2.77500000E+000, 4.98699346E+000, 1.98812632E+000
 4.55000000E+003, 2.72500000E+000, 4.98728289E+000, 1.98801658E+000
 4.65000000E+003, 2.67500000E+000, 4.98758052E+000, 1.98790369E+000
 4.75000000E+003, 2.62500000E+000, 4.98788658E+000, 1.98778756E+000
 4.85000000E+003, 2.57500000E+000, 4.98820133E+000, 1.98766810E+000
 4.95000000E+003, 2.52500000E+000, 4.98852499E+000, 1.98754522E+000
 5.05000000E+003, 2.47500000E+000, 4.98885783E+000, 1.98741880E+000
 5.15000000E+003, 2.42500000E+000, 4.98920011E+000, 1.98728877E+000
 5.25000000E+003, 2.37500000E+000, 4.98955210E+000, 1.98715501E+000
 5.35000000E+003, 2.32500000E+000, 4.98991406E+000, 1.98701741E+000
 5.45000000E+003, 2.27500000E+000, 4.99028629E+000, 1.98687587E+000
 5.55000000E+003, 2.22500000E+000, 4.99066908E+000, 1.98673027E+000
 5.65000000E+003, 2.17500000E+000, 4.99106272E+000, 1.98658051E+000
 5.75000000E+003, 2.12500000E+000, 4.99146752E+000, 1.98642646E+000
 5.85000000E+003, 2.07500000E+000, 4.99188380E+000, 1.98626800E+000
 5.95000000E+003, 2.02500000E+000, 4.99231188E+000, 1.98610501E+000
 6.05000000E+003, 1.97500000E+000, 4.99275210E+000, 1.98593736E+000
 6.15000000E+003, 1.92500000E+000, 4.99320480E+000, 1.98576492E+000
 6.25000000E+003, 1.87500000E+000, 4.99367034E+000, 1.98558755E+000
 6.35000000E+003, 1.82500000E+000, 4.99414906E+000, 1.98540511E+000
 6.45000000E+003, 1.77500000E+000, 4.99464136E+000, 1.98521747E+000
 6.55000000E+003, 1.72500000E+000, 4.99514761E+000, 1.98502448E+000
 6.65000000E+003, 1.67500000E+000, 4.99566820E+000, 1.98482599E+000
 6.75000000E+003, 1.62500000E+000, 4.99620353E+000, 1.98462184E+000
 6.85000000E+003, 1.57500000E+000, 4.99675403E+000, 1.98441188E+000
 6.95000000E+003, 1.52500000E+000, 4.99732012E+000, 1.98419594E+000
 7.05000000E+003, 1.47500000E+000, 4.99790223E+000, 1.98397386E+000
 7.15000000E+003, 1.42500000E+000, 4.99850081E+000, 1.98374547E+000
 7.25000000E+003, 1.37500000E+000, 4.99911634E+000, 1.98351060E+000
 7.35000000E+003, 1.32500000E+000, 4.99974927E+000, 1.98326906E+000
 7.45000000E+003, 1.27500000E+000, 5.00040011E+000, 1.98302067E+000
 7.55000000E+003, 1.22500000E+000, 5.00106934E+000, 1.98276524E+000
 7.65000000E+003, 1.17500000E+000, 5.00175748E+000, 1.98250259E+000
 7.75000000E+003, 1.12500000E+000, 5.00246506E+000, 1.98223250E+000
 7.85000000E+003, 1.07500000E+000, 5.00319262E+000, 1.98195478E+000
 7.95000000E+003, 1.02500000E+000, 5.00394072E+000, 1.98166922E+000
 8.05000000E+003, 9.75000000E-001, 5.00470993E+000, 1.98137561E+000
 8.15000000E+003, 9.25000000E-001, 5.00550082E+000, 1.98107372E+000
 8.25000000E+003, 8.75000000E-001, 5.00631401E+000, 1.98076334E+000
 8.35000000E+003, 8.25000000E-001, 5.00715011E+000, 1.98044422E+000
 8.45000000E+003, 7.75000000E-001, 5.00800975E+000, 1.98011614E+000
 8.55000000E+003, 7.25000000E-001, 5.00889359E+000, 1.97977886E+000
 8.65000000E+003, 6.75000000E-001, 5.00980228E+000, 1.97943212E+000
 8.75000000E+003, 6.25000000E-001, 5.01073652E+000, 1.97907567E+000
 8.85000000E+003, 5.75000000E-001, 5.01169699E+000, 1.97870926E+000
 8.95000000E+003, 5.25000000E-001, 5.01268444E+000, 1.97833261E+000
 9.05000000E+003, 4.75000000E-001, 5.01369958E+000, 1.97794546E+000
 9.15000000E+003, 4.25000000E-001, 5.01474318E+000, 1.97754753E+000
 9.25000000E+003, 3.75000000E-001, 5.01581601E+000, 1.97713853E+000
 9.35000000E+003, 3.25000000E-001, 5.01691888E+000, 1.97671816E+000
 9.45000000E+003, 2.75000000E-001, 5.01805259E+000, 1.97628614E+000
 9.55000000E+003, 2.25000000E-001, 5.01921798E+000, 1.97584215E+000
 9.65000000E+003, 1.75000000E-001, 5.02041591E+000, 1.97538588E+000
 9.75000000E+003, 1.25000000E-001, 5.02164726E+000, 1.97491702E+000
 9.85000000E+003, 7.50000000E-002, 5.02291293E+000, 1.97443523E+000
 9.95000000E+003, 2.50000000E-002, 5.02420577E+000, 1.97392883E+000
