   7202.9334433183594      ,         100
X,ZB,H,U
 5.00000000E+001, 4.97500000E+000, 5.00994098E+000, 1.96934507E+000
 1.50000000E+002, 4.92500000E+000, 5.00078462E+000, 1.98219123E+000
 2.50000000E+002, 4.87500000E+000, 5.00075855E+000, 1.98227077E+000
 3.50000000E+002, 4.82500000E+000, 5.00080276E+000, 1.98225330E+000
 4.50000000E+002, 4.77500000E+000, 5.00084877E+000, 1.98223467E+000
 5.50000000E+002, 4.72500000E+000, 5.00089616E+000, 1.98221549E+000
 6.50000000E+002, 4.67500000E+000, 5.00094498E+000, 1.98219574E+000
 7.50000000E+002, 4.62500000E+000, 5.00099528E+000, 1.98217540E+000
 8.50000000E+002, 4.57500000E+000, 5.00104709E+000, 1.98215446E+000
 9.50000000E+002, 4.52500000E+000, 5.00110046E+000, 1.98213291E+000
 1.05000000E+003, 4.47500000E+000, 5.00115544E+000, 1.98211071E+000
 1.15000000E+003, 4.42500000E+000, 5.00121207E+000, 1.98208787E+000
 1.25000000E+003, 4.37500000E+000, 5.00127040E+000, 1.98206435E+000
 1.35000000E+003, 4.32500000E+000, 5.00133049E+000, 1.98204014E+000
 1.45000000E+003, 4.27500000E+000, 5.00139238E+000, 1.98201522E+000
 1.55000000E+003, 4.22500000E+000, 5.00145612E+000, 1.98198957E+000
 1.65000000E+003, 4.17500000E+000, 5.00152178E+000, 1.98196316E+000
 1.75000000E+003, 4.12500000E+000, 5.00158940E+000, 1.98193599E+000
 1.85000000E+003, 4.07500000E+000, 5.00165905E+000, 1.98190802E+000
 1.95000000E+003, 4.02500000E+000, 5.00173078E+000, 1.98187923E+000
 2.05000000E+003, 3.97500000E+000, 5.00180465E+000, 1.98184961E+000
 2.15000000E+003, 3.92500000E+000, 5.00188073E+000, 1.98181912E+000
 2.25000000E+003, 3.87500000E+000, 5.00195909E+000, 1.98178775E+000
 2.35000000E+003, 3.82500000E+000, 5.00203978E+000, 1.98175546E+000
 2.45000000E+003, 3.77500000E+000, 5.00212287E+000, 1.98172223E+000
 2.55000000E+003, 3.72500000E+000, 5.00220844E+000, 1.98168805E+000
 2.65000000E+003, 3.67500000E+000, 5.00229656E+000, 1.98165287E+000
 2.75000000E+003, 3.62500000E+000, 5.00238730E+000, 1.98161667E+000
 2.85000000E+003, 3.57500000E+000, 5.00248073E+000, 1.98157943E+000
 2.95000000E+003, 3.52500000E+000, 5.00257694E+000, 1.98154110E+000
 3.05000000E+003, 3.47500000E+000, 5.00267601E+000, 1.98150168E+000
 3.15000000E+003, 3.42500000E+000, 5.00277801E+000, 1.98146111E+000
 3.25000000E+003, 3.37500000E+000, 5.00288304E+000, 1.98141938E+000
 3.35000000E+003, 3.32500000E+000, 5.00299117E+000, 1.98137644E+000
 3.45000000E+003, 3.27500000E+000, 5.00310251E+000, 1.98133227E+000
 3.55000000E+003, 3.22500000E+000, 5.00321714E+000, 1.98128682E+000
 3.65000000E+003, 3.17500000E+000, 5.00333516E+000, 1.98124007E+000
 3.75000000E+003, 3.12500000E+000, 5.00345666E+000, 1.98119198E+000
 3.85000000E+003, 3.07500000E+000, 5.00358175E+000, 1.98114251E+000
 3.95000000E+003, 3.02500000E+000, 5.00371052E+000, 1.98109162E+000
 4.05000000E+003, 2.97500000E+000, 5.00384309E+000, 1.98103927E+000
 4.15000000E+003, 2.92500000E+000, 5.00397957E+000, 1.98098542E+000
 4.25000000E+003, 2.87500000E+000, 5.00412006E+000, 1.98093003E+000
 4.35000000E+003, 2.82500000E+000, 5.00426468E+000, 1.98087305E+000
 4.45000000E+003, 2.77500000E+000, 5.00441355E+000, 1.98081445E+000
 4.55000000E+003, 2.72500000E+000, 5.00456679E+000, 1.98075417E+000
 4.65000000E+003, 2.67500000E+000, 5.00472452E+000, 1.98069217E+000
 4.75000000E+003, 2.62500000E+000, 5.00488688E+000, 1.98062840E+000
 4.85000000E+003, 2.57500000E+000, 5.00505400E+000, 1.98056282E+000
 4.95000000E+003, 2.52500000E+000, 5.00522601E+000, 1.98049536E+000
 5.05000000E+003, 2.47500000E+000, 5.00540306E+000, 1.98042599E+000
 5.15000000E+003, 2.42500000E+000, 5.00558528E+000, 1.98035463E+000
 5.25000000E+003, 2.37500000E+000, 5.00577282E+000, 1.98028125E+000
 5.35000000E+003, 2.32500000E+000, 5.00596585E+000, 1.98020578E+000
 5.45000000E+003, 2.27500000E+000, 5.00616450E+000, 1.98012817E+000
 5.55000000E+003, 2.22500000E+000, 5.00636895E+000, 1.98004835E+000
 5.65000000E+003, 2.17500000E+000, 5.00657935E+000, 1.97996627E+000
 5.75000000E+003, 2.12500000E+000, 5.00679588E+000, 1.97988185E+000
 5.85000000E+003, 2.07500000E+000, 5.00701871E+000, 1.97979504E+000
 5.95000000E+003, 2.02500000E+000, 5.00724802E+000, 1.97970577E+000
 6.05000000E+003, 1.97500000E+000, 5.00748400E+000, 1.97961397E+000
 6.15000000E+003, 1.92500000E+000, 5.00772683E+000, 1.97951957E+000
 6.25000000E+003, 1.87500000E+000, 5.00797671E+000, 1.97942250E+000
 6.35000000E+003, 1.82500000E+000, 5.00823383E+000, 1.97932268E+000
 6.45000000E+003, 1.77500000E+000, 5.00849841E+000, 1.97922003E+000
 6.55000000E+003, 1.72500000E+000, 5.00877065E+000, 1.97911449E+000
 6.65000000E+003, 1.67500000E+000, 5.00905077E+000, 1.97900596E+000
 6.75000000E+003, 1.62500000E+000, 5.00933900E+000, 1.97889436E+000
 6.85000000E+003, 1.57500000E+000, 5.00963556E+000, 1.97877962E+000
 6.95000000E+003, 1.52500000E+000, 5.00994068E+000, 1.97866163E+000
 7.05000000E+003, 1.47500000E+000, 5.01025462E+000, 1.97854032E+000
 7.15000000E+003, 1.42500000E+000, 5.01057761E+000, 1.97841558E+000
 7.25000000E+003, 1.37500000E+000, 5.01090992E+000, 1.97828733E+000
 7.35000000E+003, 1.32500000E+000, 5.01125180E+000, 1.97815547E+000
 7.45000000E+003, 1.27500000E+000, 5.01160353E+000, 1.97801989E+000
 7.55000000E+003, 1.22500000E+000, 5.01196538E+000, 1.97788050E+000
 7.65000000E+003, 1.17500000E+000, 5.01233764E+000, 1.97773719E+000
 7.75000000E+003, 1.12500000E+000, 5.01272060E+000, 1.97758984E+000
 7.85000000E+003, 1.07500000E+000, 5.01311455E+000, 1.97743835E+000
 7.95000000E+003, 1.02500000E+000, 5.01351982E+000, 1.97728261E+000
 8.05000000E+003, 9.75000000E-001, 5.01393671E+000, 1.97712249E+000
 8.15000000E+003, 9.25000000E-001, 5.01436555E+000, 1.97695788E+000
 8.25000000E+003, 8.75000000E-001, 5.01480668E+000, 1.97678865E+000
 8.35000000E+003, 8.25000000E-001, 5.01526043E+000, 1.97661468E+000
 8.45000000E+003, 7.75000000E-001, 5.01572717E+000, 1.97643583E+000
 8.55000000E+003, 7.25000000E-001, 5.01620725E+000, 1.97625197E+000
 8.65000000E+003, 6.75000000E-001, 5.01670105E+000, 1.97606296E+000
 8.75000000E+003, 6.25000000E-001, 5.01720895E+000, 1.97586866E+000
 8.85000000E+003, 5.75000000E-001, 5.01773134E+000, 1.97566893E+000
 8.95000000E+003, 5.25000000E-001, 5.01826863E+000, 1.97546362E+000
 9.05000000E+003, 4.75000000E-001, 5.01882122E+000, 1.97525257E+000
 9.15000000E+003, 4.25000000E-001, 5.01938956E+000, 1.97503563E+000
 9.25000000E+003, 3.75000000E-001, 5.01997406E+000, 1.97481263E+000
 9.35000000E+003, 3.25000000E-001, 5.02057518E+000, 1.97458342E+000
 9.45000000E+003, 2.75000000E-001, 5.02119339E+000, 1.97434782E+000
 9.55000000E+003, 2.25000000E-001, 5.02182914E+000, 1.97410566E+000
 9.65000000E+003, 1.75000000E-001, 5.02248294E+000, 1.97385676E+000
 9.75000000E+003, 1.25000000E-001, 5.02315527E+000, 1.97360094E+000
 9.85000000E+003, 7.50000000E-002, 5.02384667E+000, 1.97333802E+000
 9.95000000E+003, 2.50000000E-002, 5.02456603E+000, 1.97307959E+000
