   7200.5306859078210      ,         100
X,ZB,H,U
 5.00000000E+001, 4.97500000E+000, 4.99978174E+000, 2.00008753E+000
 1.50000000E+002, 4.92500000E+000, 4.99978210E+000, 2.00008731E+000
 2.50000000E+002, 4.87500000E+000, 4.99978253E+000, 2.00008712E+000
 3.50000000E+002, 4.82500000E+000, 4.99978298E+000, 2.00008696E+000
 4.50000000E+002, 4.77500000E+000, 4.99978344E+000, 2.00008680E+000
 5.50000000E+002, 4.72500000E+000, 4.99978391E+000, 2.00008664E+000
 6.50000000E+002, 4.67500000E+000, 4.99978439E+000, 2.00008647E+000
 7.50000000E+002, 4.62500000E+000, 4.99978490E+000, 2.00008629E+000
 8.50000000E+002, 4.57500000E+000, 4.99978541E+000, 2.00008611E+000
 9.50000000E+002, 4.52500000E+000, 4.99978593E+000, 2.00008593E+000
 1.05000000E+003, 4.47500000E+000, 4.99978647E+000, 2.00008575E+000
 1.15000000E+003, 4.42500000E+000, 4.99978702E+000, 2.00008555E+000
 1.25000000E+003, 4.37500000E+000, 4.99978759E+000, 2.00008535E+000
 1.35000000E+003, 4.32500000E+000, 4.99978818E+000, 2.00008514E+000
 1.45000000E+003, 4.27500000E+000, 4.99978878E+000, 2.00008494E+000
 1.55000000E+003, 4.22500000E+000, 4.99978939E+000, 2.00008472E+000
 1.65000000E+003, 4.17500000E+000, 4.99979002E+000, 2.00008450E+000
 1.75000000E+003, 4.12500000E+000, 4.99979067E+000, 2.00008427E+000
 1.85000000E+003, 4.07500000E+000, 4.99979134E+000, 2.00008404E+000
 1.95000000E+003, 4.02500000E+000, 4.99979202E+000, 2.00008380E+000
 2.05000000E+003, 3.97500000E+000, 4.99979272E+000, 2.00008355E+000
 2.15000000E+003, 3.92500000E+000, 4.99979345E+000, 2.00008329E+000
 2.25000000E+003, 3.87500000E+000, 4.99979419E+000, 2.00008302E+000
 2.35000000E+003, 3.82500000E+000, 4.99979495E+000, 2.00008276E+000
 2.45000000E+003, 3.77500000E+000, 4.99979572E+000, 2.00008249E+000
 2.55000000E+003, 3.72500000E+000, 4.99979652E+000, 2.00008220E+000
 2.65000000E+003, 3.67500000E+000, 4.99979735E+000, 2.00008190E+000
 2.75000000E+003, 3.62500000E+000, 4.99979820E+000, 2.00008159E+000
 2.85000000E+003, 3.57500000E+000, 4.99979907E+000, 2.00008128E+000
 2.95000000E+003, 3.52500000E+000, 4.99979996E+000, 2.00008097E+000
 3.05000000E+003, 3.47500000E+000, 4.99980087E+000, 2.00008064E+000
 3.15000000E+003, 3.42500000E+000, 4.99980182E+000, 2.00008029E+000
 3.25000000E+003, 3.37500000E+000, 4.99980280E+000, 2.00007994E+000
 3.35000000E+003, 3.32500000E+000, 4.99980379E+000, 2.00007958E+000
 3.45000000E+003, 3.27500000E+000, 4.99980481E+000, 2.00007921E+000
 3.55000000E+003, 3.22500000E+000, 4.99980585E+000, 2.00007884E+000
 3.65000000E+003, 3.17500000E+000, 4.99980694E+000, 2.00007844E+000
 3.75000000E+003, 3.12500000E+000, 4.99980805E+000, 2.00007802E+000
 3.85000000E+003, 3.07500000E+000, 4.99980919E+000, 2.00007761E+000
 3.95000000E+003, 3.02500000E+000, 4.99981036E+000, 2.00007719E+000
 4.05000000E+003, 2.97500000E+000, 4.99981156E+000, 2.00007675E+000
 4.15000000E+003, 2.92500000E+000, 4.99981280E+000, 2.00007628E+000
 4.25000000E+003, 2.87500000E+000, 4.99981407E+000, 2.00007581E+000
 4.35000000E+003, 2.82500000E+000, 4.99981538E+000, 2.00007534E+000
 4.45000000E+003, 2.77500000E+000, 4.99981672E+000, 2.00007484E+000
 4.55000000E+003, 2.72500000E+000, 4.99981811E+000, 2.00007432E+000
 4.65000000E+003, 2.67500000E+000, 4.99981953E+000, 2.00007379E+000
 4.75000000E+003, 2.62500000E+000, 4.99982098E+000, 2.00007326E+000
 4.85000000E+003, 2.57500000E+000, 4.99982248E+000, 2.00007270E+000
 4.95000000E+003, 2.52500000E+000, 4.99982404E+000, 2.00007210E+000
 5.05000000E+003, 2.47500000E+000, 4.99982563E+000, 2.00007151E+000
 5.15000000E+003, 2.42500000E+000, 4.99982725E+000, 2.00007091E+000
 5.25000000E+003, 2.37500000E+000, 4.99982892E+000, 2.00007029E+000
 5.35000000E+003, 2.32500000E+000, 4.99983065E+000, 2.00006963E+000
 5.45000000E+003, 2.27500000E+000, 4.99983244E+000, 2.00006894E+000
 5.55000000E+003, 2.22500000E+000, 4.99983426E+000, 2.00006826E+000
 5.65000000E+003, 2.17500000E+000, 4.99983612E+000, 2.00006757E+000
 5.75000000E+003, 2.12500000E+000, 4.99983805E+000, 2.00006684E+000
 5.85000000E+003, 2.07500000E+000, 4.99984005E+000, 2.00006607E+000
 5.95000000E+003, 2.02500000E+000, 4.99984210E+000, 2.00006527E+000
 6.05000000E+003, 1.97500000E+000, 4.99984419E+000, 2.00006449E+000
 6.15000000E+003, 1.92500000E+000, 4.99984634E+000, 2.00006368E+000
 6.25000000E+003, 1.87500000E+000, 4.99984856E+000, 2.00006283E+000
 6.35000000E+003, 1.82500000E+000, 4.99985086E+000, 2.00006193E+000
 6.45000000E+003, 1.77500000E+000, 4.99985322E+000, 2.00006102E+000
 6.55000000E+003, 1.72500000E+000, 4.99985563E+000, 2.00006011E+000
 6.65000000E+003, 1.67500000E+000, 4.99985810E+000, 2.00005917E+000
 6.75000000E+003, 1.62500000E+000, 4.99986067E+000, 2.00005817E+000
 6.85000000E+003, 1.57500000E+000, 4.99986333E+000, 2.00005712E+000
 6.95000000E+003, 1.52500000E+000, 4.99986604E+000, 2.00005608E+000
 7.05000000E+003, 1.47500000E+000, 4.99986881E+000, 2.00005502E+000
 7.15000000E+003, 1.42500000E+000, 4.99987167E+000, 2.00005392E+000
 7.25000000E+003, 1.37500000E+000, 4.99987464E+000, 2.00005275E+000
 7.35000000E+003, 1.32500000E+000, 4.99987769E+000, 2.00005154E+000
 7.45000000E+003, 1.27500000E+000, 4.99988081E+000, 2.00005035E+000
 7.55000000E+003, 1.22500000E+000, 4.99988401E+000, 2.00004912E+000
 7.65000000E+003, 1.17500000E+000, 4.99988732E+000, 2.00004781E+000
 7.75000000E+003, 1.12500000E+000, 4.99989075E+000, 2.00004645E+000
 7.85000000E+003, 1.07500000E+000, 4.99989426E+000, 2.00004508E+000
 7.95000000E+003, 1.02500000E+000, 4.99989785E+000, 2.00004369E+000
 8.05000000E+003, 9.75000000E-001, 4.99990156E+000, 2.00004224E+000
 8.15000000E+003, 9.25000000E-001, 4.99990540E+000, 2.00004071E+000
 8.25000000E+003, 8.75000000E-001, 4.99990935E+000, 2.00003915E+000
 8.35000000E+003, 8.25000000E-001, 4.99991338E+000, 2.00003758E+000
 8.45000000E+003, 7.75000000E-001, 4.99991754E+000, 2.00003595E+000
 8.55000000E+003, 7.25000000E-001, 4.99992185E+000, 2.00003424E+000
 8.65000000E+003, 6.75000000E-001, 4.99992628E+000, 2.00003247E+000
 8.75000000E+003, 6.25000000E-001, 4.99993081E+000, 2.00003069E+000
 8.85000000E+003, 5.75000000E-001, 4.99993548E+000, 2.00002886E+000
 8.95000000E+003, 5.25000000E-001, 4.99994031E+000, 2.00002693E+000
 9.05000000E+003, 4.75000000E-001, 4.99994528E+000, 2.00002495E+000
 9.15000000E+003, 4.25000000E-001, 4.99995038E+000, 2.00002293E+000
 9.25000000E+003, 3.75000000E-001, 4.99995563E+000, 2.00002086E+000
 9.35000000E+003, 3.25000000E-001, 4.99996104E+000, 2.00001869E+000
 9.45000000E+003, 2.75000000E-001, 4.99996662E+000, 2.00001647E+000
 9.55000000E+003, 2.25000000E-001, 4.99997235E+000, 2.00001420E+000
 9.65000000E+003, 1.75000000E-001, 4.99997815E+000, 2.00001191E+000
 9.75000000E+003, 1.25000000E-001, 4.99998419E+000, 2.00000984E+000
 9.85000000E+003, 7.50000000E-002, 4.99998966E+000, 2.00000747E+000
 9.95000000E+003, 2.50000000E-002, 4.99999596E+000, 2.00000876E+000
