   1.0001191844666713      ,         100
X,ZB,H,U,Q,QS,ZF
 5.00000000E-003, 6.27905195E-002, 1.13720948E+000,-9.76269582E-017,-1.11022302E-016,-4.65242391E-051,-1.00000000E+000
 1.50000000E-002, 1.87381315E-001, 1.01261869E+000,-1.79355433E-016,-1.81618663E-016,-2.88478609E-050,-1.00000000E+000
 2.50000000E-002, 3.09016994E-001, 8.90983006E-001,-4.98138040E-018,-4.43832528E-018,-6.18043621E-055,-1.00000000E+000
 3.50000000E-002, 4.25779292E-001, 7.74220708E-001, 4.95311918E-017, 3.83480744E-017, 6.07584012E-052,-1.00000000E+000
 4.50000000E-002, 5.35826795E-001, 6.64173205E-001,-4.00237869E-018,-2.65827268E-018,-3.20571226E-055,-1.00000000E+000
 5.50000000E-002, 6.37423990E-001, 5.62576010E-001,-6.70627192E-018,-3.77278770E-018,-1.50804216E-054,-1.00000000E+000
 6.50000000E-002, 7.28968627E-001, 4.71031373E-001,-2.47163494E-016,-1.16421760E-016,-7.54958333E-050,-1.00000000E+000
 7.50000000E-002, 8.09016994E-001, 3.90983006E-001,-1.62000498E-016,-6.33394418E-017,-2.12578361E-050,-1.00000000E+000
 8.50000000E-002, 8.76306680E-001, 3.23693320E-001,-7.66368327E-017,-2.48068308E-017,-2.25030242E-051,-1.00000000E+000
 9.50000000E-002, 9.29776486E-001, 2.70223514E-001,-5.87662450E-016,-1.58800212E-016,-1.00886220E-048,-1.00000000E+000
 1.05000000E-001, 9.68583161E-001, 2.31416839E-001,-9.85717524E-016,-2.28111633E-016,-4.75386717E-048,-1.00000000E+000
 1.15000000E-001, 9.92114701E-001, 2.07885299E-001,-1.35435733E-015,-2.81550979E-016,-1.23618720E-047,-1.00000000E+000
 1.25000000E-001, 1.00000000E+000, 2.00000000E-001,-2.06207001E-015,-4.12414002E-016,-4.36667599E-047,-1.00000000E+000
 1.35000000E-001, 9.92114701E-001, 2.07885299E-001,-2.66977435E-015,-5.55006837E-016,-9.48167397E-047,-1.00000000E+000
 1.45000000E-001, 9.68583161E-001, 2.31416839E-001,-2.86510822E-015,-6.63034288E-016,-1.17450220E-046,-1.00000000E+000
 1.55000000E-001, 9.29776486E-001, 2.70223514E-001,-2.81556084E-015,-7.60830744E-016,-1.11602625E-046,-1.00000000E+000
 1.65000000E-001, 8.76306680E-001, 3.23693320E-001,-2.65296908E-015,-8.58748370E-016,-9.33605740E-047,-1.00000000E+000
 1.75000000E-001, 8.09016994E-001, 3.90983006E-001,-2.42869764E-015,-9.49579501E-016,-7.16291415E-047,-1.00000000E+000
 1.85000000E-001, 7.28968627E-001, 4.71031373E-001,-2.36746266E-015,-1.11514918E-015,-6.63467106E-047,-1.00000000E+000
 1.95000000E-001, 6.37423990E-001, 5.62576010E-001,-2.32495869E-015,-1.30796598E-015,-6.28370410E-047,-1.00000000E+000
 2.05000000E-001, 5.35826795E-001, 6.64173205E-001,-2.59932298E-015,-1.72640068E-015,-8.78113682E-047,-1.00000000E+000
 2.15000000E-001, 4.25779292E-001, 7.74220708E-001,-3.16374314E-015,-2.44943546E-015,-1.58333808E-046,-1.00000000E+000
 2.25000000E-001, 3.09016994E-001, 8.90983006E-001,-3.19354052E-015,-2.84539033E-015,-1.62849826E-046,-1.00000000E+000
 2.35000000E-001, 1.87381315E-001, 1.01261869E+000,-3.57062160E-015,-3.61567815E-015,-2.27615319E-046,-1.00000000E+000
 2.45000000E-001, 6.27905195E-002, 1.13720948E+000,-3.87006568E-015,-4.40107538E-015,-2.89817771E-046,-1.00000000E+000
 2.55000000E-001,-6.27905195E-002, 1.26279052E+000,-3.69618409E-015,-4.66750622E-015,-2.52482210E-046,-1.00000000E+000
 2.65000000E-001,-1.87381315E-001, 1.38738131E+000,-3.77675357E-015,-5.23979734E-015,-2.69355564E-046,-1.00000000E+000
 2.75000000E-001,-3.09016994E-001, 1.50901699E+000,-4.03392511E-015,-6.08726155E-015,-3.28211277E-046,-1.00000000E+000
 2.85000000E-001,-4.25779292E-001, 1.62577929E+000,-4.12446568E-015,-6.70547089E-015,-3.50810907E-046,-1.00000000E+000
 2.95000000E-001,-5.35826795E-001, 1.73582679E+000,-3.88461927E-015,-6.74302622E-015,-2.93099708E-046,-1.00000000E+000
 3.05000000E-001,-6.37423990E-001, 1.83742399E+000,-3.92369304E-015,-7.20948772E-015,-3.02033473E-046,-1.00000000E+000
 3.15000000E-001,-7.28968627E-001, 1.92896863E+000,-3.69456192E-015,-7.12669403E-015,-2.52149930E-046,-1.00000000E+000
 3.25000000E-001,-8.09016994E-001, 2.00901699E+000,-2.73833749E-015,-5.50136654E-015,-1.02667011E-046,-1.00000000E+000
 3.35000000E-001,-8.76306680E-001, 2.07630668E+000,-1.85271654E-015,-3.84680773E-015,-3.17977902E-047,-1.00000000E+000
 3.45000000E-001,-9.29776486E-001, 2.12977649E+000,-2.18451925E-015,-4.65253774E-015,-4.13756864E-047,-1.00000000E+000
 3.55000000E-001,-9.68583161E-001, 2.16858316E+000,-2.93870528E-015,-6.37282679E-015,-2.87893137E-047,-1.00000000E+000
 3.65000000E-001,-9.92114701E-001, 2.19211470E+000,-2.66974812E-015,-5.85239411E-015,-1.58382649E-048,-1.00000000E+000
 3.75000000E-001,-1.00000000E+000, 2.20000000E+000,-1.73314645E-015,-3.81292220E-015,-0.00000000E+000,-1.00000000E+000
 3.85000000E-001,-9.92114701E-001, 2.19211470E+000,-8.09013456E-016,-1.77345029E-015,-2.97731846E-050,-1.00000000E+000
 3.95000000E-001,-9.68583161E-001, 2.16858316E+000,-3.74807680E-016,-8.12801623E-016,-5.38227159E-050,-1.00000000E+000
 4.05000000E-001,-9.29776486E-001, 2.12977649E+000,-5.63524034E-016,-1.20018024E-015,-7.20479712E-049,-1.00000000E+000
 4.15000000E-001,-8.76306680E-001, 2.07630668E+000,-1.05059154E-016,-2.18135023E-016,-5.79791307E-051,-1.00000000E+000
 4.25000000E-001,-8.09016994E-001, 2.00901699E+000, 7.31766392E-016, 1.47013112E-015, 1.95923885E-048,-1.00000000E+000
 4.35000000E-001,-7.28968627E-001, 1.92896863E+000, 6.63494392E-016, 1.27985987E-015, 1.46043346E-048,-1.00000000E+000
 4.45000000E-001,-6.37423990E-001, 1.83742399E+000, 3.49634350E-016, 6.42426542E-016, 2.13703819E-049,-1.00000000E+000
 4.55000000E-001,-5.35826795E-001, 1.73582679E+000, 3.65037737E-016, 6.33642285E-016, 2.43211045E-049,-1.00000000E+000
 4.65000000E-001,-4.25779292E-001, 1.62577929E+000, 5.13562596E-016, 8.34939434E-016, 6.77251791E-049,-1.00000000E+000
 4.75000000E-001,-3.09016994E-001, 1.50901699E+000, 3.06399627E-016, 4.62362244E-016, 1.43825105E-049,-1.00000000E+000
 4.85000000E-001,-1.87381315E-001, 1.38738131E+000, 3.36208508E-018, 4.66449402E-018, 1.90018595E-055,-1.00000000E+000
 4.95000000E-001,-6.27905195E-002, 1.26279052E+000,-9.15085734E-016,-1.15556159E-015,-3.83138116E-048,-1.00000000E+000
 5.05000000E-001,-1.93720948E+000, 3.13720948E+000,-8.93569000E-016,-2.80331314E-015,-0.00000000E+000,-1.93720948E+000
 5.15000000E-001,-1.81261869E+000, 3.01261869E+000,-1.21669002E-015,-3.66542307E-015,-0.00000000E+000,-1.81261869E+000
 5.25000000E-001,-1.69098301E+000, 2.89098301E+000,-1.32371511E-015,-3.82683788E-015,-0.00000000E+000,-1.69098301E+000
 5.35000000E-001,-1.57422071E+000, 2.77422071E+000,-1.56013306E-015,-4.32815345E-015,-0.00000000E+000,-1.57422071E+000
 5.45000000E-001,-1.46417321E+000, 2.66417321E+000,-1.75991798E-015,-4.68872633E-015,-0.00000000E+000,-1.46417321E+000
 5.55000000E-001,-1.36257601E+000, 2.56257601E+000,-1.51478426E-015,-3.88174980E-015,-0.00000000E+000,-1.36257601E+000
 5.65000000E-001,-1.27103137E+000, 2.47103137E+000,-1.06789376E-015,-2.63879898E-015,-0.00000000E+000,-1.27103137E+000
 5.75000000E-001,-1.19098301E+000, 2.39098301E+000,-7.39381582E-016,-1.76784880E-015,-0.00000000E+000,-1.19098301E+000
 5.85000000E-001,-1.12369332E+000, 2.32369332E+000,-2.49491279E-016,-5.79741220E-016,-0.00000000E+000,-1.12369332E+000
 5.95000000E-001,-1.07022351E+000, 2.27022351E+000,-1.27731806E-016,-2.89979750E-016,-0.00000000E+000,-1.07022351E+000
 6.05000000E-001,-1.03141684E+000, 2.23141684E+000,-1.12509846E-016,-2.51056365E-016,-0.00000000E+000,-1.03141684E+000
 6.15000000E-001,-1.00788530E+000, 2.20788530E+000, 1.48936290E-016, 3.28834245E-016, 0.00000000E+000,-1.00788530E+000
 6.25000000E-001,-1.00000000E+000, 2.20000000E+000, 1.77414901E-016, 3.90312782E-016, 0.00000000E+000,-1.00000000E+000
 6.35000000E-001,-1.00788530E+000, 2.20788530E+000, 2.02262933E-016, 4.46573356E-016, 0.00000000E+000,-1.00788530E+000
 6.45000000E-001,-1.03141684E+000, 2.23141684E+000,-2.79532200E-017,-6.23752859E-017,-0.00000000E+000,-1.03141684E+000
 6.55000000E-001,-1.07022351E+000, 2.27022351E+000,-7.35654327E-016,-1.67009975E-015,-0.00000000E+000,-1.07022351E+000
 6.65000000E-001,-1.12369332E+000, 2.32369332E+000,-9.09645895E-016,-2.11373809E-015,-0.00000000E+000,-1.12369332E+000
 6.75000000E-001,-1.19098301E+000, 2.39098301E+000,-9.06891597E-016,-2.16836240E-015,-0.00000000E+000,-1.19098301E+000
 6.85000000E-001,-1.27103137E+000, 2.47103137E+000,-1.66801113E-015,-4.12170784E-015,-0.00000000E+000,-1.27103137E+000
 6.95000000E-001,-1.36257601E+000, 2.56257601E+000,-1.86515774E-015,-4.77960847E-015,-0.00000000E+000,-1.36257601E+000
 7.05000000E-001,-1.46417321E+000, 2.66417321E+000,-1.35308569E-015,-3.60485463E-015,-0.00000000E+000,-1.46417321E+000
 7.15000000E-001,-1.57422071E+000, 2.77422071E+000,-1.73650486E-015,-4.81744775E-015,-0.00000000E+000,-1.57422071E+000
 7.25000000E-001,-1.69098301E+000, 2.89098301E+000,-2.12107109E-015,-6.13198047E-015,-0.00000000E+000,-1.69098301E+000
 7.35000000E-001,-1.81261869E+000, 3.01261869E+000,-2.18565285E-015,-6.58453861E-015,-0.00000000E+000,-1.81261869E+000
 7.45000000E-001,-1.93720948E+000, 3.13720948E+000,-2.03225584E-015,-6.37561229E-015,-0.00000000E+000,-1.93720948E+000
 7.55000000E-001,-2.06279052E+000, 3.26279052E+000,-1.81296282E-015,-5.91531790E-015,-0.00000000E+000,-2.06279052E+000
 7.65000000E-001,-2.18738131E+000, 3.38738131E+000,-1.59555369E-015,-5.40474877E-015,-0.00000000E+000,-2.18738131E+000
 7.75000000E-001,-2.30901699E+000, 3.50901699E+000,-1.24138341E-015,-4.35603548E-015,-0.00000000E+000,-2.30901699E+000
 7.85000000E-001,-2.42577929E+000, 3.62577929E+000,-1.50302485E-015,-5.44963637E-015,-0.00000000E+000,-2.42577929E+000
 7.95000000E-001,-2.53582679E+000, 3.73582679E+000,-1.22952051E-015,-4.59327567E-015,-0.00000000E+000,-2.53582679E+000
 8.05000000E-001,-2.63742399E+000, 3.83742399E+000,-7.20075201E-016,-2.76323385E-015,-0.00000000E+000,-2.63742399E+000
 8.15000000E-001,-2.72896863E+000, 3.92896863E+000,-7.80663151E-016,-3.06720103E-015,-0.00000000E+000,-2.72896863E+000
 8.25000000E-001,-2.80901699E+000, 4.00901699E+000, 2.88262677E-016, 1.15564997E-015, 0.00000000E+000,-2.80901699E+000
 8.35000000E-001,-2.87630668E+000, 4.07630668E+000, 1.70007690E-015, 6.93003481E-015, 0.00000000E+000,-2.87630668E+000
 8.45000000E-001,-2.92977649E+000, 4.12977649E+000, 2.49952201E-015, 1.03224672E-014, 0.00000000E+000,-2.92977649E+000
 8.55000000E-001,-2.96858316E+000, 4.16858316E+000, 2.88798254E-015, 1.20387954E-014, 0.00000000E+000,-2.96858316E+000
 8.65000000E-001,-2.99211470E+000, 4.19211470E+000, 2.79275637E-015, 1.17075550E-014, 0.00000000E+000,-2.99211470E+000
 8.75000000E-001,-3.00000000E+000, 4.20000000E+000, 2.58143374E-015, 1.08420217E-014, 0.00000000E+000,-3.00000000E+000
 8.85000000E-001,-2.99211470E+000, 4.19211470E+000, 2.37899517E-015, 9.97302062E-015, 0.00000000E+000,-2.99211470E+000
 8.95000000E-001,-2.96858316E+000, 4.16858316E+000, 2.30548181E-015, 9.61059265E-015, 0.00000000E+000,-2.96858316E+000
 9.05000000E-001,-2.92977649E+000, 4.12977649E+000, 2.13255252E-015, 8.80696526E-015, 0.00000000E+000,-2.92977649E+000
 9.15000000E-001,-2.87630668E+000, 4.07630668E+000, 1.98827261E-015, 8.10480893E-015, 0.00000000E+000,-2.87630668E+000
 9.25000000E-001,-2.80901699E+000, 4.00901699E+000, 9.73581670E-016, 3.90310546E-015, 0.00000000E+000,-2.80901699E+000
 9.35000000E-001,-2.72896863E+000, 3.92896863E+000,-2.84710860E-017,-1.11862004E-016,-0.00000000E+000,-2.72896863E+000
 9.45000000E-001,-2.63742399E+000, 3.83742399E+000, 1.07938816E-016, 4.14207003E-016, 0.00000000E+000,-2.63742399E+000
 9.55000000E-001,-2.53582679E+000, 3.73582679E+000, 3.77761667E-016, 1.41125216E-015, 0.00000000E+000,-2.53582679E+000
 9.65000000E-001,-2.42577929E+000, 3.62577929E+000, 6.34855399E-016, 2.30184556E-015, 0.00000000E+000,-2.42577929E+000
 9.75000000E-001,-2.30901699E+000, 3.50901699E+000, 6.41404711E-016, 2.25070003E-015, 0.00000000E+000,-2.30901699E+000
 9.85000000E-001,-2.18738131E+000, 3.38738131E+000, 4.27379148E-016, 1.44769614E-015, 0.00000000E+000,-2.18738131E+000
 9.95000000E-001,-2.06279052E+000, 3.26279052E+000, 1.45968664E-016, 4.76265173E-016, 0.00000000E+000,-2.06279052E+000
