   1.0005792686012134      ,         100
X,ZB,H,U,Q,QS,ZF
 5.00000000E-003, 6.27905195E-002, 1.13720948E+000,-5.75011554E-016,-6.53908591E-016,-8.21167630E-049,-1.00000000E+000
 1.50000000E-002, 1.87381315E-001, 1.01261869E+000,-1.39914656E-015,-1.41680195E-015,-1.50945097E-047,-1.00000000E+000
 2.50000000E-002, 3.09016994E-001, 8.90983006E-001,-9.26134797E-016,-8.25170365E-016,-3.75124156E-048,-1.00000000E+000
 3.50000000E-002, 4.25779292E-001, 7.74220708E-001,-5.02739464E-016,-3.89231304E-016,-5.62098773E-049,-1.00000000E+000
 4.50000000E-002, 5.35826795E-001, 6.64173205E-001,-2.22694765E-016,-1.47907896E-016,-8.57249550E-050,-1.00000000E+000
 5.50000000E-002, 6.37423990E-001, 5.62576010E-001,-2.28318179E-016,-1.28446330E-016,-6.50858249E-050,-1.00000000E+000
 6.50000000E-002, 7.28968627E-001, 4.71031373E-001,-3.30535354E-016,-1.55692522E-016,-1.31628911E-049,-1.00000000E+000
 7.50000000E-002, 8.09016994E-001, 3.90983006E-001, 2.04081549E-016, 7.97924173E-017, 4.24992464E-050,-1.00000000E+000
 8.50000000E-002, 8.76306680E-001, 3.23693320E-001, 7.87617441E-016, 2.54946504E-016, 2.27893532E-048,-1.00000000E+000
 9.50000000E-002, 9.29776486E-001, 2.70223514E-001, 9.07455158E-016, 2.45215722E-016, 3.91709224E-048,-1.00000000E+000
 1.05000000E-001, 9.68583161E-001, 2.31416839E-001, 1.67143675E-015, 3.86798608E-016, 2.29097173E-047,-1.00000000E+000
 1.15000000E-001, 9.92114701E-001, 2.07885299E-001, 2.50308032E-015, 5.20353600E-016, 7.83042095E-047,-1.00000000E+000
 1.25000000E-001, 1.00000000E+000, 2.00000000E-001, 2.96788869E-015, 5.93577739E-016, 1.30711209E-046,-1.00000000E+000
 1.35000000E-001, 9.92114701E-001, 2.07885299E-001, 3.44158916E-015, 7.15455791E-016, 2.04028113E-046,-1.00000000E+000
 1.45000000E-001, 9.68583161E-001, 2.31416839E-001, 3.53419519E-015, 8.17872278E-016, 2.20719954E-046,-1.00000000E+000
 1.55000000E-001, 9.29776486E-001, 2.70223514E-001, 3.67663379E-015, 9.93512904E-016, 2.48496988E-046,-1.00000000E+000
 1.65000000E-001, 8.76306680E-001, 3.23693320E-001, 3.60139578E-015, 1.16574776E-015, 2.33551444E-046,-1.00000000E+000
 1.75000000E-001, 8.09016994E-001, 3.90983006E-001, 3.05624563E-015, 1.19494010E-015, 1.40654389E-046,-1.00000000E+000
 1.85000000E-001, 7.28968627E-001, 4.71031373E-001, 2.33027425E-015, 1.09763228E-015, 6.46247397E-047,-1.00000000E+000
 1.95000000E-001, 6.37423990E-001, 5.62576010E-001, 1.72276444E-015, 9.69185947E-016, 2.58743643E-047,-1.00000000E+000
 2.05000000E-001, 5.35826795E-001, 6.64173205E-001, 1.52370102E-015, 1.01200139E-015, 1.76876151E-047,-1.00000000E+000
 2.15000000E-001, 4.25779292E-001, 7.74220708E-001, 1.19651992E-015, 9.26370504E-016, 9.00419799E-048,-1.00000000E+000
 2.25000000E-001, 3.09016994E-001, 8.90983006E-001, 1.66005294E-016, 1.47907896E-016, 2.66787207E-050,-1.00000000E+000
 2.35000000E-001, 1.87381315E-001, 1.01261869E+000,-6.61135186E-016,-6.69477843E-016,-1.88681372E-048,-1.00000000E+000
 2.45000000E-001, 6.27905195E-002, 1.13720948E+000,-1.60181790E-015,-1.82160250E-015,-1.85134424E-047,-1.00000000E+000
 2.55000000E-001,-6.27905195E-002, 1.26279052E+000,-2.28091010E-015,-2.88031165E-015,-6.22662731E-047,-1.00000000E+000
 2.65000000E-001,-1.87381315E-001, 1.38738131E+000,-2.51373753E-015,-3.48751248E-015,-7.73116002E-047,-1.00000000E+000
 2.75000000E-001,-3.09016994E-001, 1.50901699E+000,-2.12540081E-015,-3.20726595E-015,-4.80056695E-047,-1.00000000E+000
 2.85000000E-001,-4.25779292E-001, 1.62577929E+000,-2.35581549E-015,-3.83003603E-015,-6.37907898E-047,-1.00000000E+000
 2.95000000E-001,-5.35826795E-001, 1.73582679E+000,-2.34100247E-015,-4.06357482E-015,-6.34123929E-047,-1.00000000E+000
 3.05000000E-001,-6.37423990E-001, 1.83742399E+000,-2.19461394E-015,-4.03243631E-015,-4.86795705E-047,-1.00000000E+000
 3.15000000E-001,-7.28968627E-001, 1.92896863E+000,-2.10660493E-015,-4.06357482E-015,-4.94814798E-047,-1.00000000E+000
 3.25000000E-001,-8.09016994E-001, 2.00901699E+000,-1.23994986E-015,-2.49108035E-015,-9.53196368E-048,-1.00000000E+000
 3.35000000E-001,-8.76306680E-001, 2.07630668E+000,-8.47334121E-016,-1.75932549E-015,-3.46373598E-048,-1.00000000E+000
 3.45000000E-001,-9.29776486E-001, 2.12977649E+000,-1.12578238E-015,-2.39766483E-015,-6.86454239E-048,-1.00000000E+000
 3.55000000E-001,-9.68583161E-001, 2.16858316E+000,-8.61534984E-016,-1.86831026E-015,-5.83334319E-049,-1.00000000E+000
 3.65000000E-001,-9.92114701E-001, 2.19211470E+000,-1.87503080E-015,-4.11028257E-015,-4.58730163E-049,-1.00000000E+000
 3.75000000E-001,-1.00000000E+000, 2.20000000E+000,-1.58523295E-015,-3.48751248E-015,-0.00000000E+000,-1.00000000E+000
 3.85000000E-001,-9.92114701E-001, 2.19211470E+000,-1.53411611E-015,-3.36295847E-015,-2.46052287E-049,-1.00000000E+000
 3.95000000E-001,-9.68583161E-001, 2.16858316E+000,-2.22563204E-015,-4.82646817E-015,-1.21315309E-047,-1.00000000E+000
 4.05000000E-001,-9.29776486E-001, 2.12977649E+000,-2.16384145E-015,-4.60849864E-015,-4.37220783E-047,-1.00000000E+000
 4.15000000E-001,-8.76306680E-001, 2.07630668E+000,-2.81194951E-015,-5.83846956E-015,-1.13860781E-046,-1.00000000E+000
 4.25000000E-001,-8.09016994E-001, 2.00901699E+000,-2.47989973E-015,-4.98216069E-015,-7.62557094E-047,-1.00000000E+000
 4.35000000E-001,-7.28968627E-001, 1.92896863E+000,-1.42861713E-015,-2.75575763E-015,-1.69175162E-047,-1.00000000E+000
 4.45000000E-001,-6.37423990E-001, 1.83742399E+000,-1.72857623E-015,-3.17612744E-015,-2.36124302E-047,-1.00000000E+000
 4.55000000E-001,-5.35826795E-001, 1.73582679E+000,-1.56066831E-015,-2.70904988E-015,-1.96694448E-047,-1.00000000E+000
 4.65000000E-001,-4.25779292E-001, 1.62577929E+000,-2.35581549E-015,-3.83003603E-015,-6.14666618E-047,-1.00000000E+000
 4.75000000E-001,-3.09016994E-001, 1.50901699E+000,-2.70317967E-015,-4.07914407E-015,-9.87631070E-047,-1.00000000E+000
 4.85000000E-001,-1.87381315E-001, 1.38738131E+000,-2.34540690E-015,-3.25397370E-015,-6.63793668E-047,-1.00000000E+000
 4.95000000E-001,-6.27905195E-002, 1.26279052E+000,-2.21926388E-015,-2.80246539E-015,-5.46508397E-047,-1.00000000E+000
 5.05000000E-001,-1.93720948E+000, 3.13720948E+000,-2.22332140E-015,-6.97502497E-015,-0.00000000E+000,-1.93720948E+000
 5.15000000E-001,-1.81261869E+000, 3.01261869E+000,-1.52973181E-015,-4.60849864E-015,-0.00000000E+000,-1.81261869E+000
 5.25000000E-001,-1.69098301E+000, 2.89098301E+000,-1.04477782E-015,-3.02043492E-015,-0.00000000E+000,-1.69098301E+000
 5.35000000E-001,-1.57422071E+000, 2.77422071E+000,-2.91830102E-016,-8.09601113E-016,-0.00000000E+000,-1.57422071E+000
 5.45000000E-001,-1.46417321E+000, 2.66417321E+000,-1.06359597E-015,-2.83360389E-015,-0.00000000E+000,-1.46417321E+000
 5.55000000E-001,-1.36257601E+000, 2.56257601E+000,-6.56167554E-016,-1.68147923E-015,-0.00000000E+000,-1.36257601E+000
 5.65000000E-001,-1.27103137E+000, 2.47103137E+000,-1.41135905E-015,-3.48751248E-015,-0.00000000E+000,-1.27103137E+000
 5.75000000E-001,-1.19098301E+000, 2.39098301E+000,-1.88837943E-015,-4.51508313E-015,-0.00000000E+000,-1.19098301E+000
 5.85000000E-001,-1.12369332E+000, 2.32369332E+000,-2.11056872E-015,-4.90431443E-015,-0.00000000E+000,-1.12369332E+000
 5.95000000E-001,-1.07022351E+000, 2.27022351E+000,-3.59017668E-015,-8.15050351E-015,-0.00000000E+000,-1.07022351E+000
 6.05000000E-001,-1.03141684E+000, 2.23141684E+000,-4.16544474E-015,-9.29484354E-015,-0.00000000E+000,-1.03141684E+000
 6.15000000E-001,-1.00788530E+000, 2.20788530E+000,-4.53774196E-015,-1.00188138E-014,-0.00000000E+000,-1.00788530E+000
 6.25000000E-001,-1.00000000E+000, 2.20000000E+000,-4.75569884E-015,-1.04625375E-014,-0.00000000E+000,-1.00000000E+000
 6.35000000E-001,-1.00788530E+000, 2.20788530E+000,-5.11421501E-015,-1.12916001E-014,-0.00000000E+000,-1.00788530E+000
 6.45000000E-001,-1.03141684E+000, 2.23141684E+000,-5.66556303E-015,-1.26422328E-014,-0.00000000E+000,-1.03141684E+000
 6.55000000E-001,-1.07022351E+000, 2.27022351E+000,-7.02947678E-015,-1.59584835E-014,-0.00000000E+000,-1.07022351E+000
 6.65000000E-001,-1.12369332E+000, 2.32369332E+000,-7.32333844E-015,-1.70171926E-014,-0.00000000E+000,-1.12369332E+000
 6.75000000E-001,-1.19098301E+000, 2.39098301E+000,-7.67723914E-015,-1.83561483E-014,-0.00000000E+000,-1.19098301E+000
 6.85000000E-001,-1.27103137E+000, 2.47103137E+000,-8.38624506E-015,-2.07226746E-014,-0.00000000E+000,-1.27103137E+000
 6.95000000E-001,-1.36257601E+000, 2.56257601E+000,-8.21424568E-015,-2.10496289E-014,-0.00000000E+000,-1.36257601E+000
 7.05000000E-001,-1.46417321E+000, 2.66417321E+000,-6.90752989E-015,-1.84028561E-014,-0.00000000E+000,-1.46417321E+000
 7.15000000E-001,-1.57422071E+000, 2.77422071E+000,-6.49883189E-015,-1.80291940E-014,-0.00000000E+000,-1.57422071E+000
 7.25000000E-001,-1.69098301E+000, 2.89098301E+000,-5.97785247E-015,-1.72818699E-014,-0.00000000E+000,-1.69098301E+000
 7.35000000E-001,-1.81261869E+000, 3.01261869E+000,-5.03364454E-015,-1.51644516E-014,-0.00000000E+000,-1.81261869E+000
 7.45000000E-001,-1.93720948E+000, 3.13720948E+000,-5.14143073E-015,-1.61297452E-014,-0.00000000E+000,-1.93720948E+000
 7.55000000E-001,-2.06279052E+000, 3.26279052E+000,-4.71449854E-015,-1.53824211E-014,-0.00000000E+000,-2.06279052E+000
 7.65000000E-001,-2.18738131E+000, 3.38738131E+000,-5.66258029E-015,-1.91813187E-014,-0.00000000E+000,-2.18738131E+000
 7.75000000E-001,-2.30901699E+000, 3.50901699E+000,-4.72089030E-015,-1.65656843E-014,-0.00000000E+000,-2.30901699E+000
 7.85000000E-001,-2.42577929E+000, 3.62577929E+000,-4.50015706E-015,-1.63165763E-014,-0.00000000E+000,-2.42577929E+000
 7.95000000E-001,-2.53582679E+000, 3.73582679E+000,-5.27612074E-015,-1.97106732E-014,-0.00000000E+000,-2.53582679E+000
 8.05000000E-001,-2.63742399E+000, 3.83742399E+000,-4.64145336E-015,-1.78112245E-014,-0.00000000E+000,-2.63742399E+000
 8.15000000E-001,-2.72896863E+000, 3.92896863E+000,-4.08948754E-015,-1.60674682E-014,-0.00000000E+000,-2.72896863E+000
 8.25000000E-001,-2.80901699E+000, 4.00901699E+000,-3.83695583E-015,-1.53824211E-014,-0.00000000E+000,-2.80901699E+000
 8.35000000E-001,-2.87630668E+000, 4.07630668E+000,-4.45347945E-015,-1.81537480E-014,-0.00000000E+000,-2.87630668E+000
 8.45000000E-001,-2.92977649E+000, 4.12977649E+000,-4.03389866E-015,-1.66590998E-014,-0.00000000E+000,-2.92977649E+000
 8.55000000E-001,-2.96858316E+000, 4.16858316E+000,-4.06357405E-015,-1.69393464E-014,-0.00000000E+000,-2.96858316E+000
 8.65000000E-001,-2.99211470E+000, 4.19211470E+000,-3.21441294E-015,-1.34751877E-014,-0.00000000E+000,-2.99211470E+000
 8.75000000E-001,-3.00000000E+000, 4.20000000E+000,-2.37245747E-015,-9.96432139E-015,-0.00000000E+000,-3.00000000E+000
 8.85000000E-001,-2.99211470E+000, 4.19211470E+000,-1.58956527E-015,-6.66363993E-015,-0.00000000E+000,-2.99211470E+000
 8.95000000E-001,-2.96858316E+000, 4.16858316E+000,-3.88429872E-016,-1.61920223E-015,-0.00000000E+000,-2.96858316E+000
 9.05000000E-001,-2.92977649E+000, 4.12977649E+000,-1.01035966E-015,-4.17255958E-015,-0.00000000E+000,-2.92977649E+000
 9.15000000E-001,-2.87630668E+000, 4.07630668E+000, 5.65278695E-016, 2.30424932E-015, 0.00000000E+000,-2.87630668E+000
 9.25000000E-001,-2.80901699E+000, 4.00901699E+000,-2.40780629E-016,-9.65293634E-016,-0.00000000E+000,-2.80901699E+000
 9.35000000E-001,-2.72896863E+000, 3.92896863E+000,-9.51043613E-017,-3.73662052E-016,-0.00000000E+000,-2.72896863E+000
 9.45000000E-001,-2.63742399E+000, 3.83742399E+000, 4.05721448E-017, 1.55692522E-016, 0.00000000E+000,-2.63742399E+000
 9.55000000E-001,-2.53582679E+000, 3.73582679E+000,-9.33531632E-016,-3.48751248E-015,-0.00000000E+000,-2.53582679E+000
 9.65000000E-001,-2.42577929E+000, 3.62577929E+000,-2.91994924E-016,-1.05870915E-015,-0.00000000E+000,-2.42577929E+000
 9.75000000E-001,-2.30901699E+000, 3.50901699E+000, 2.30720203E-016, 8.09601113E-016, 0.00000000E+000,-2.30901699E+000
 9.85000000E-001,-2.18738131E+000, 3.38738131E+000,-3.12545016E-016,-1.05870915E-015,-0.00000000E+000,-2.18738131E+000
 9.95000000E-001,-2.06279052E+000, 3.26279052E+000,-3.05392618E-016,-9.96432139E-016,-0.00000000E+000,-2.06279052E+000
