   1.0002286802099911      ,         100
X,ZB,H,U,Q,QS,ZF
 5.00000000E-003, 6.27905195E-002, 1.13720948E+000, 1.36907513E-016, 1.55692522E-016, 6.56934104E-051,-1.00000000E+000
 1.50000000E-002, 1.87381315E-001, 1.01261869E+000, 6.15009475E-016, 6.22770087E-016, 1.25252678E-048,-1.00000000E+000
 2.50000000E-002, 3.09016994E-001, 8.90983006E-001, 2.40270820E-015, 2.14077217E-015, 6.93542525E-047,-1.00000000E+000
 3.50000000E-002, 4.25779292E-001, 7.74220708E-001, 3.75295010E-015, 2.90561169E-015, 2.64294651E-046,-1.00000000E+000
 4.50000000E-002, 5.35826795E-001, 6.64173205E-001, 4.67365986E-015, 3.10411965E-015, 5.06605369E-046,-1.00000000E+000
 5.50000000E-002, 6.37423990E-001, 5.62576010E-001, 3.69460326E-015, 2.07849516E-015, 2.55002261E-046,-1.00000000E+000
 6.50000000E-002, 7.28968627E-001, 4.71031373E-001, 2.63808530E-015, 1.24262094E-015, 9.13680523E-047,-1.00000000E+000
 7.50000000E-002, 8.09016994E-001, 3.90983006E-001, 3.91488142E-015, 1.53065210E-015, 3.02297637E-046,-1.00000000E+000
 8.50000000E-002, 8.76306680E-001, 3.23693320E-001, 6.38811855E-015, 2.06779130E-015, 1.29975676E-045,-1.00000000E+000
 9.50000000E-002, 9.29776486E-001, 2.70223514E-001, 1.05356624E-014, 2.84698372E-015, 5.84730225E-045,-1.00000000E+000
 1.05000000E-001, 9.68583161E-001, 2.31416839E-001, 1.31570455E-014, 3.04476188E-015, 1.13879390E-044,-1.00000000E+000
 1.15000000E-001, 9.92114701E-001, 2.07885299E-001, 1.31999748E-014, 2.74408069E-015, 1.15058920E-044,-1.00000000E+000
 1.25000000E-001, 1.00000000E+000, 2.00000000E-001, 1.21561802E-014, 2.43123603E-015, 8.98175881E-045,-1.00000000E+000
 1.35000000E-001, 9.92114701E-001, 2.07885299E-001, 9.07322733E-015, 1.88619057E-015, 3.73180774E-045,-1.00000000E+000
 1.45000000E-001, 9.68583161E-001, 2.31416839E-001, 6.87128698E-015, 1.59013151E-015, 1.62808804E-045,-1.00000000E+000
 1.55000000E-001, 9.29776486E-001, 2.70223514E-001, 4.05023884E-015, 1.09446977E-015, 3.31987920E-046,-1.00000000E+000
 1.65000000E-001, 8.76306680E-001, 3.23693320E-001, 6.05743948E-016, 1.96075269E-016, 1.07855129E-048,-1.00000000E+000
 1.75000000E-001, 8.09016994E-001, 3.90983006E-001,-1.44225924E-015,-5.63898852E-016,-1.46918219E-047,-1.00000000E+000
 1.85000000E-001, 7.28968627E-001, 4.71031373E-001,-2.43356655E-015,-1.14628619E-015,-7.23365261E-047,-1.00000000E+000
 1.95000000E-001, 6.37423990E-001, 5.62576010E-001,-3.65136119E-015,-2.05416821E-015,-2.44794019E-046,-1.00000000E+000
 2.05000000E-001, 5.35826795E-001, 6.64173205E-001,-5.75490155E-015,-3.82225141E-015,-9.58814364E-046,-1.00000000E+000
 2.15000000E-001, 4.25779292E-001, 7.74220708E-001,-5.57035326E-015,-4.31268285E-015,-8.50244285E-046,-1.00000000E+000
 2.25000000E-001, 3.09016994E-001, 8.90983006E-001,-6.31475400E-015,-5.62633850E-015,-1.26952041E-045,-1.00000000E+000
 2.35000000E-001, 1.87381315E-001, 1.01261869E+000,-6.31730046E-015,-6.39701648E-015,-1.26056314E-045,-1.00000000E+000
 2.45000000E-001, 6.27905195E-002, 1.13720948E+000,-7.14314949E-015,-8.12325732E-015,-1.81192277E-045,-1.00000000E+000
 2.55000000E-001,-6.27905195E-002, 1.26279052E+000,-6.48364108E-015,-8.18748048E-015,-1.37057277E-045,-1.00000000E+000
 2.65000000E-001,-1.87381315E-001, 1.38738131E+000,-7.66886334E-015,-1.06396377E-014,-2.23534378E-045,-1.00000000E+000
 2.75000000E-001,-3.09016994E-001, 1.50901699E+000,-8.77888552E-015,-1.32474874E-014,-3.40680301E-045,-1.00000000E+000
 2.85000000E-001,-4.25779292E-001, 1.62577929E+000,-9.22933811E-015,-1.50048668E-014,-3.90638537E-045,-1.00000000E+000
 2.95000000E-001,-5.35826795E-001, 1.73582679E+000,-1.02194624E-014,-1.77392167E-014,-5.36462249E-045,-1.00000000E+000
 3.05000000E-001,-6.37423990E-001, 1.83742399E+000,-8.58038975E-015,-1.57658140E-014,-3.15857396E-045,-1.00000000E+000
 3.15000000E-001,-7.28968627E-001, 1.92896863E+000,-8.28517225E-015,-1.59818373E-014,-2.87701256E-045,-1.00000000E+000
 3.25000000E-001,-8.09016994E-001, 2.00901699E+000,-6.77903839E-015,-1.36192033E-014,-1.57913204E-045,-1.00000000E+000
 3.35000000E-001,-8.76306680E-001, 2.07630668E+000,-4.42694585E-015,-9.19169725E-015,-4.65102566E-046,-1.00000000E+000
 3.45000000E-001,-9.29776486E-001, 2.12977649E+000,-1.47484802E-015,-3.14109662E-015,-1.06322554E-047,-1.00000000E+000
 3.55000000E-001,-9.68583161E-001, 2.16858316E+000,-1.61986526E-015,-3.51281252E-015,-4.76897579E-048,-1.00000000E+000
 3.65000000E-001,-9.92114701E-001, 2.19211470E+000,-8.01238301E-016,-1.75640626E-015,-3.92562736E-050,-1.00000000E+000
 3.75000000E-001,-1.00000000E+000, 2.20000000E+000, 1.13230925E-015, 2.49108035E-015, 0.00000000E+000,-1.00000000E+000
 3.85000000E-001,-9.92114701E-001, 2.19211470E+000, 3.14103170E-015, 6.88550177E-015, 2.56284422E-048,-1.00000000E+000
 3.95000000E-001,-9.68583161E-001, 2.16858316E+000, 3.44344764E-015, 7.46740257E-015, 4.58109077E-047,-1.00000000E+000
 4.05000000E-001,-9.29776486E-001, 2.12977649E+000, 4.06725435E-015, 8.66234267E-015, 2.62290216E-046,-1.00000000E+000
 4.15000000E-001,-8.76306680E-001, 2.07630668E+000, 2.27392984E-015, 4.72137572E-015, 6.11468985E-047,-1.00000000E+000
 4.25000000E-001,-8.09016994E-001, 2.00901699E+000, 7.98217724E-016, 1.60363297E-015, 2.54292824E-048,-1.00000000E+000
 4.35000000E-001,-7.28968627E-001, 1.92896863E+000, 2.00974953E-015, 3.87674379E-015, 4.05878279E-047,-1.00000000E+000
 4.45000000E-001,-6.37423990E-001, 1.83742399E+000, 2.21473830E-015, 4.06941328E-015, 5.68493020E-047,-1.00000000E+000
 4.55000000E-001,-5.35826795E-001, 1.73582679E+000, 1.66605827E-015, 2.89198859E-015, 2.16609429E-047,-1.00000000E+000
 4.65000000E-001,-4.25779292E-001, 1.62577929E+000, 2.53657165E-015, 4.12390567E-015, 8.16039929E-047,-1.00000000E+000
 4.75000000E-001,-3.09016994E-001, 1.50901699E+000, 2.26339710E-015, 3.41550469E-015, 5.79765371E-047,-1.00000000E+000
 4.85000000E-001,-1.87381315E-001, 1.38738131E+000, 2.93456413E-015, 4.07135944E-015, 1.26357440E-046,-1.00000000E+000
 4.95000000E-001,-6.27905195E-002, 1.26279052E+000, 2.16994691E-015, 2.74018838E-015, 4.68562637E-047,-1.00000000E+000
 5.05000000E-001,-1.93720948E+000, 3.13720948E+000, 1.34987371E-015, 4.23483659E-015, 0.00000000E+000,-1.93720948E+000
 5.15000000E-001,-1.81261869E+000, 3.01261869E+000, 3.61760902E-015, 1.08984765E-014, 0.00000000E+000,-1.81261869E+000
 5.25000000E-001,-1.69098301E+000, 2.89098301E+000, 3.22723252E-015, 9.32987436E-015, 0.00000000E+000,-1.69098301E+000
 5.35000000E-001,-1.57422071E+000, 2.77422071E+000, 4.12350322E-015, 1.14395080E-014, 0.00000000E+000,-1.57422071E+000
 5.45000000E-001,-1.46417321E+000, 2.66417321E+000, 7.09307480E-015, 1.88971798E-014, 0.00000000E+000,-1.46417321E+000
 5.55000000E-001,-1.36257601E+000, 2.56257601E+000, 6.52370289E-015, 1.67174845E-014, 0.00000000E+000,-1.36257601E+000
 5.65000000E-001,-1.27103137E+000, 2.47103137E+000, 8.23424043E-015, 2.03470664E-014, 0.00000000E+000,-1.27103137E+000
 5.75000000E-001,-1.19098301E+000, 2.39098301E+000, 8.67026625E-015, 2.07304593E-014, 0.00000000E+000,-1.19098301E+000
 5.85000000E-001,-1.12369332E+000, 2.32369332E+000, 6.84092273E-015, 1.58962065E-014, 0.00000000E+000,-1.12369332E+000
 5.95000000E-001,-1.07022351E+000, 2.27022351E+000, 5.31239849E-015, 1.20603320E-014, 0.00000000E+000,-1.07022351E+000
 6.05000000E-001,-1.03141684E+000, 2.23141684E+000, 2.96360579E-015, 6.61303986E-015, 0.00000000E+000,-1.03141684E+000
 6.15000000E-001,-1.00788530E+000, 2.20788530E+000, 1.10843250E-015, 2.44729182E-015, 0.00000000E+000,-1.00788530E+000
 6.25000000E-001,-1.00000000E+000, 2.20000000E+000,-6.51077818E-016,-1.43237120E-015,-0.00000000E+000,-1.00000000E+000
 6.35000000E-001,-1.00788530E+000, 2.20788530E+000,-1.80125791E-015,-3.97697085E-015,-0.00000000E+000,-1.00788530E+000
 6.45000000E-001,-1.03141684E+000, 2.23141684E+000,-2.17866017E-015,-4.86149899E-015,-0.00000000E+000,-1.03141684E+000
 6.55000000E-001,-1.07022351E+000, 2.27022351E+000,-1.33645784E-015,-3.03405802E-015,-0.00000000E+000,-1.07022351E+000
 6.65000000E-001,-1.12369332E+000, 2.32369332E+000,-2.18762123E-015,-5.08336083E-015,-0.00000000E+000,-1.12369332E+000
 6.75000000E-001,-1.19098301E+000, 2.39098301E+000,-8.57096354E-016,-2.04930282E-015,-0.00000000E+000,-1.19098301E+000
 6.85000000E-001,-1.27103137E+000, 2.47103137E+000, 4.93030560E-016, 1.21829398E-015, 0.00000000E+000,-1.27103137E+000
 6.95000000E-001,-1.36257601E+000, 2.56257601E+000, 2.82516586E-016, 7.23970226E-016, 0.00000000E+000,-1.36257601E+000
 7.05000000E-001,-1.46417321E+000, 2.66417321E+000, 1.15271597E-015, 3.07103499E-015, 0.00000000E+000,-1.46417321E+000
 7.15000000E-001,-1.57422071E+000, 2.77422071E+000, 3.49354305E-016, 9.69185947E-016, 0.00000000E+000,-1.57422071E+000
 7.25000000E-001,-1.69098301E+000, 2.89098301E+000, 4.03908951E-017, 1.16769391E-016, 0.00000000E+000,-1.69098301E+000
 7.35000000E-001,-1.81261869E+000, 3.01261869E+000,-1.13954684E-015,-3.43302010E-015,-0.00000000E+000,-1.81261869E+000
 7.45000000E-001,-1.93720948E+000, 3.13720948E+000,-3.08932493E-015,-9.69185947E-015,-0.00000000E+000,-1.93720948E+000
 7.55000000E-001,-2.06279052E+000, 3.26279052E+000,-4.64292214E-015,-1.51488824E-014,-0.00000000E+000,-2.06279052E+000
 7.65000000E-001,-2.18738131E+000, 3.38738131E+000,-6.52667533E-015,-2.21083381E-014,-0.00000000E+000,-2.18738131E+000
 7.75000000E-001,-2.30901699E+000, 3.50901699E+000,-5.25997693E-015,-1.84573484E-014,-0.00000000E+000,-2.30901699E+000
 7.85000000E-001,-2.42577929E+000, 3.62577929E+000,-5.61446121E-015,-2.03567972E-014,-0.00000000E+000,-2.42577929E+000
 7.95000000E-001,-2.53582679E+000, 3.73582679E+000,-4.96355435E-015,-1.85429793E-014,-0.00000000E+000,-2.53582679E+000
 8.05000000E-001,-2.63742399E+000, 3.83742399E+000,-5.71864381E-015,-2.19448609E-014,-0.00000000E+000,-2.63742399E+000
 8.15000000E-001,-2.72896863E+000, 3.92896863E+000,-4.77007812E-015,-1.87414873E-014,-0.00000000E+000,-2.72896863E+000
 8.25000000E-001,-2.80901699E+000, 4.00901699E+000,-4.07579468E-015,-1.63399301E-014,-0.00000000E+000,-2.80901699E+000
 8.35000000E-001,-2.87630668E+000, 4.07630668E+000,-6.08343001E-015,-2.47979264E-014,-0.00000000E+000,-2.87630668E+000
 8.45000000E-001,-2.92977649E+000, 4.12977649E+000,-4.99524834E-015,-2.06292591E-014,-0.00000000E+000,-2.92977649E+000
 8.55000000E-001,-2.96858316E+000, 4.16858316E+000,-5.31383270E-015,-2.21511535E-014,-0.00000000E+000,-2.96858316E+000
 8.65000000E-001,-2.99211470E+000, 4.19211470E+000,-4.90007634E-015,-2.05416821E-014,-0.00000000E+000,-2.99211470E+000
 8.75000000E-001,-3.00000000E+000, 4.20000000E+000,-5.93114368E-015,-2.49108035E-014,-0.00000000E+000,-3.00000000E+000
 8.85000000E-001,-2.99211470E+000, 4.19211470E+000,-6.65874183E-015,-2.79142095E-014,-0.00000000E+000,-2.99211470E+000
 8.95000000E-001,-2.96858316E+000, 4.16858316E+000,-5.94269693E-015,-2.47726264E-014,-0.00000000E+000,-2.96858316E+000
 9.05000000E-001,-2.92977649E+000, 4.12977649E+000,-5.31758323E-015,-2.19604302E-014,-0.00000000E+000,-2.92977649E+000
 9.15000000E-001,-2.87630668E+000, 4.07630668E+000,-5.87049564E-015,-2.39299406E-014,-0.00000000E+000,-2.87630668E+000
 9.25000000E-001,-2.80901699E+000, 4.00901699E+000,-3.56219407E-015,-1.42808965E-014,-0.00000000E+000,-2.80901699E+000
 9.35000000E-001,-2.72896863E+000, 3.92896863E+000,-2.46280669E-015,-9.67629022E-015,-0.00000000E+000,-2.72896863E+000
 9.45000000E-001,-2.63742399E+000, 3.83742399E+000,-9.34173633E-016,-3.58482031E-015,-0.00000000E+000,-2.63742399E+000
 9.55000000E-001,-2.53582679E+000, 3.73582679E+000,-2.13170281E-015,-7.96367248E-015,-0.00000000E+000,-2.53582679E+000
 9.65000000E-001,-2.42577929E+000, 3.62577929E+000,-2.50450058E-015,-9.08076633E-015,-0.00000000E+000,-2.42577929E+000
 9.75000000E-001,-2.30901699E+000, 3.50901699E+000,-1.34438887E-015,-4.71748341E-015,-0.00000000E+000,-2.30901699E+000
 9.85000000E-001,-2.18738131E+000, 3.38738131E+000,-2.44980138E-015,-8.29841140E-015,-0.00000000E+000,-2.18738131E+000
 9.95000000E-001,-2.06279052E+000, 3.26279052E+000,-4.96263004E-016,-1.61920223E-015,-0.00000000E+000,-2.06279052E+000
