   7.0117678248144308      ,         100
X,ZB,H,U,Q,QS,ZF
 5.00000000E-003, 6.27905195E-002, 1.13720948E+000, 9.04958660E-015, 1.02912757E-014, 3.72242380E-045,-1.00000000E+000
 1.50000000E-002, 1.87381315E-001, 1.01261869E+000, 9.07138976E-015, 9.18585878E-015, 3.69460003E-045,-1.00000000E+000
 2.50000000E-002, 3.09016994E-001, 8.90983006E-001, 9.66325552E-015, 8.60979645E-015, 4.43867216E-045,-1.00000000E+000
 3.50000000E-002, 4.25779292E-001, 7.74220708E-001, 1.07787341E-014, 8.34511916E-015, 6.45616015E-045,-1.00000000E+000
 4.50000000E-002, 5.35826795E-001, 6.64173205E-001, 1.22013289E-014, 8.10379575E-015, 8.95196735E-045,-1.00000000E+000
 5.50000000E-002, 6.37423990E-001, 5.62576010E-001, 1.33808291E-014, 7.52773342E-015, 1.19975500E-044,-1.00000000E+000
 6.50000000E-002, 7.28968627E-001, 4.71031373E-001, 1.57582730E-014, 7.42264097E-015, 1.95349577E-044,-1.00000000E+000
 7.50000000E-002, 8.09016994E-001, 3.90983006E-001, 1.82329442E-014, 7.12877133E-015, 3.03564929E-044,-1.00000000E+000
 8.50000000E-002, 8.76306680E-001, 3.23693320E-001, 2.10913128E-014, 6.82711707E-015, 4.68314738E-044,-1.00000000E+000
 9.50000000E-002, 9.29776486E-001, 2.70223514E-001, 2.39935465E-014, 6.48362045E-015, 6.91264674E-044,-1.00000000E+000
 1.05000000E-001, 9.68583161E-001, 2.31416839E-001, 2.67492953E-014, 6.19023735E-015, 9.56989204E-044,-1.00000000E+000
 1.15000000E-001, 9.92114701E-001, 2.07885299E-001, 2.83799457E-014, 5.89977349E-015, 1.14274929E-043,-1.00000000E+000
 1.25000000E-001, 1.00000000E+000, 2.00000000E-001, 2.82971158E-014, 5.65942316E-015, 1.13291290E-043,-1.00000000E+000
 1.35000000E-001, 9.92114701E-001, 2.07885299E-001, 2.72038841E-014, 5.65528758E-015, 1.00713321E-043,-1.00000000E+000
 1.45000000E-001, 9.68583161E-001, 2.31416839E-001, 2.52439510E-014, 5.84187534E-015, 8.04143348E-044,-1.00000000E+000
 1.55000000E-001, 9.29776486E-001, 2.70223514E-001, 2.18617471E-014, 5.90755812E-015, 5.22942267E-044,-1.00000000E+000
 1.65000000E-001, 8.76306680E-001, 3.23693320E-001, 1.77304109E-014, 5.73921558E-015, 2.77278060E-044,-1.00000000E+000
 1.75000000E-001, 8.09016994E-001, 3.90983006E-001, 1.44151260E-014, 5.63606928E-015, 1.50236101E-044,-1.00000000E+000
 1.85000000E-001, 7.28968627E-001, 4.71031373E-001, 1.16513712E-014, 5.48816139E-015, 7.97612617E-045,-1.00000000E+000
 1.95000000E-001, 6.37423990E-001, 5.62576010E-001, 9.74157565E-015, 5.48037676E-015, 4.56345427E-045,-1.00000000E+000
 2.05000000E-001, 5.35826795E-001, 6.64173205E-001, 7.48957656E-015, 4.97437607E-015, 2.14028763E-045,-1.00000000E+000
 2.15000000E-001, 4.25779292E-001, 7.74220708E-001, 6.23396936E-015, 4.82646817E-015, 1.19964943E-045,-1.00000000E+000
 2.25000000E-001, 3.09016994E-001, 8.90983006E-001, 5.56554590E-015, 4.95880681E-015, 8.57919148E-046,-1.00000000E+000
 2.35000000E-001, 1.87381315E-001, 1.01261869E+000, 5.41208338E-015, 5.48037676E-015, 7.85881021E-046,-1.00000000E+000
 2.45000000E-001, 6.27905195E-002, 1.13720948E+000, 4.55902018E-015, 5.18456097E-015, 4.78069732E-046,-1.00000000E+000
 2.55000000E-001,-6.27905195E-002, 1.26279052E+000, 3.42752977E-015, 4.32825210E-015, 1.99167573E-046,-1.00000000E+000
 2.65000000E-001,-1.87381315E-001, 1.38738131E+000, 3.65838588E-015, 5.07557621E-015, 2.38118592E-046,-1.00000000E+000
 2.75000000E-001,-3.09016994E-001, 1.50901699E+000, 3.27064106E-015, 4.93545294E-015, 1.79945423E-046,-1.00000000E+000
 2.85000000E-001,-4.25779292E-001, 1.62577929E+000, 2.58565114E-015, 4.20369808E-015, 8.35838332E-047,-1.00000000E+000
 2.95000000E-001,-5.35826795E-001, 1.73582679E+000, 2.85225588E-015, 4.95102219E-015, 1.19335373E-046,-1.00000000E+000
 3.05000000E-001,-6.37423990E-001, 1.83742399E+000, 2.73691237E-015, 5.02886845E-015, 9.68998048E-047,-1.00000000E+000
 3.15000000E-001,-7.28968627E-001, 1.92896863E+000, 2.16310391E-015, 4.17255958E-015, 5.83333246E-047,-1.00000000E+000
 3.25000000E-001,-8.09016994E-001, 2.00901699E+000, 1.92192229E-015, 3.86117454E-015, 2.94367727E-047,-1.00000000E+000
 3.35000000E-001,-8.76306680E-001, 2.07630668E+000, 1.33473870E-015, 2.77132689E-015, 1.44597093E-047,-1.00000000E+000
 3.45000000E-001,-9.29776486E-001, 2.12977649E+000, 3.80134309E-016, 8.09601113E-016, 1.32567808E-049,-1.00000000E+000
 3.55000000E-001,-9.68583161E-001, 2.16858316E+000, 2.47691308E-016, 5.37139200E-016, 3.18735363E-050,-1.00000000E+000
 3.65000000E-001,-9.92114701E-001, 2.19211470E+000, 4.29694557E-016, 9.41939756E-016, 4.07066169E-051,-1.00000000E+000
 3.75000000E-001,-1.00000000E+000, 2.20000000E+000, 1.13230925E-016, 2.49108035E-016, 0.00000000E+000,-1.00000000E+000
 3.85000000E-001,-9.92114701E-001, 2.19211470E+000,-2.20174071E-016,-4.82646817E-016,-3.54846877E-052,-1.00000000E+000
 3.95000000E-001,-9.68583161E-001, 2.16858316E+000, 1.43589164E-016, 3.11385043E-016, 7.17475703E-052,-1.00000000E+000
 4.05000000E-001,-9.29776486E-001, 2.12977649E+000,-2.92411007E-016,-6.22770087E-016,-6.37441002E-051,-1.00000000E+000
 4.15000000E-001,-8.76306680E-001, 2.07630668E+000,-1.25975338E-015,-2.61563436E-015,-1.37855335E-047,-1.00000000E+000
 4.25000000E-001,-8.09016994E-001, 2.00901699E+000,-1.07720644E-015,-2.16412605E-015,-6.24981025E-048,-1.00000000E+000
 4.35000000E-001,-7.28968627E-001, 1.92896863E+000, 1.29140532E-016, 2.49108035E-016, 3.19875721E-050,-1.00000000E+000
 4.45000000E-001,-6.37423990E-001, 1.83742399E+000,-2.62675800E-016,-4.82646817E-016,-2.09650878E-049,-1.00000000E+000
 4.55000000E-001,-5.35826795E-001, 1.73582679E+000,-4.75375981E-016,-8.25170365E-016,-3.74582662E-049,-1.00000000E+000
 4.65000000E-001,-4.25779292E-001, 1.62577929E+000,-1.16833126E-015,-1.89944876E-015,-1.03310253E-047,-1.00000000E+000
 4.75000000E-001,-3.09016994E-001, 1.50901699E+000,-1.61984431E-015,-2.44437259E-015,-1.81655970E-047,-1.00000000E+000
 4.85000000E-001,-1.87381315E-001, 1.38738131E+000,-1.29053489E-015,-1.79046400E-015,-1.13173129E-047,-1.00000000E+000
 4.95000000E-001,-6.27905195E-002, 1.26279052E+000,-1.72609413E-015,-2.17969530E-015,-2.57136324E-047,-1.00000000E+000
 5.05000000E-001,-1.93720948E+000, 3.13720948E+000,-2.22332140E-015,-6.97502497E-015,-0.00000000E+000,-1.93720948E+000
 5.15000000E-001,-1.81261869E+000, 3.01261869E+000,-1.51939579E-015,-4.57736014E-015,-0.00000000E+000,-1.81261869E+000
 5.25000000E-001,-1.69098301E+000, 2.89098301E+000,-1.14171597E-015,-3.30068146E-015,-0.00000000E+000,-1.69098301E+000
 5.35000000E-001,-1.57422071E+000, 2.77422071E+000, 2.13260459E-016, 5.91631582E-016, 0.00000000E+000,-1.57422071E+000
 5.45000000E-001,-1.46417321E+000, 2.66417321E+000,-2.57133093E-016,-6.85047095E-016,-0.00000000E+000,-1.46417321E+000
 5.55000000E-001,-1.36257601E+000, 2.56257601E+000, 1.34878886E-015, 3.45637398E-015, 0.00000000E+000,-1.36257601E+000
 5.65000000E-001,-1.27103137E+000, 2.47103137E+000, 8.69497985E-016, 2.14855680E-015, 0.00000000E+000,-1.27103137E+000
 5.75000000E-001,-1.19098301E+000, 2.39098301E+000, 1.75814637E-015, 4.20369808E-015, 0.00000000E+000,-1.19098301E+000
 5.85000000E-001,-1.12369332E+000, 2.32369332E+000, 1.94306326E-015, 4.51508313E-015, 0.00000000E+000,-1.12369332E+000
 5.95000000E-001,-1.07022351E+000, 2.27022351E+000, 1.03213293E-015, 2.34317245E-015, 0.00000000E+000,-1.07022351E+000
 6.05000000E-001,-1.03141684E+000, 2.23141684E+000, 4.98876548E-016, 1.11320153E-015, 0.00000000E+000,-1.03141684E+000
 6.15000000E-001,-1.00788530E+000, 2.20788530E+000, 4.95378979E-016, 1.09373996E-015, 0.00000000E+000,-1.00788530E+000
 6.25000000E-001,-1.00000000E+000, 2.20000000E+000, 1.90043764E-029, 4.18096280E-029, 0.00000000E+000,-1.00000000E+000
 6.35000000E-001,-1.00788530E+000, 2.20788530E+000,-4.85682949E-016,-1.07233224E-015,-0.00000000E+000,-1.00788530E+000
 6.45000000E-001,-1.03141684E+000, 2.23141684E+000,-8.30298031E-016,-1.85274101E-015,-0.00000000E+000,-1.03141684E+000
 6.55000000E-001,-1.07022351E+000, 2.27022351E+000,-1.10414221E-015,-2.50664960E-015,-0.00000000E+000,-1.07022351E+000
 6.65000000E-001,-1.12369332E+000, 2.32369332E+000,-8.17426615E-016,-1.89944876E-015,-0.00000000E+000,-1.12369332E+000
 6.75000000E-001,-1.19098301E+000, 2.39098301E+000,-1.00279459E-015,-2.39766483E-015,-0.00000000E+000,-1.19098301E+000
 6.85000000E-001,-1.27103137E+000, 2.47103137E+000,-1.90281443E-015,-4.70191415E-015,-0.00000000E+000,-1.27103137E+000
 6.95000000E-001,-1.36257601E+000, 2.56257601E+000,-2.26013269E-015,-5.79176181E-015,-0.00000000E+000,-1.36257601E+000
 7.05000000E-001,-1.46417321E+000, 2.66417321E+000,-8.18150749E-016,-2.17969530E-015,-0.00000000E+000,-1.46417321E+000
 7.15000000E-001,-1.57422071E+000, 2.77422071E+000,-1.20099311E-015,-3.33181996E-015,-0.00000000E+000,-1.57422071E+000
 7.25000000E-001,-1.69098301E+000, 2.89098301E+000,-1.78797029E-015,-5.16899172E-015,-0.00000000E+000,-1.69098301E+000
 7.35000000E-001,-1.81261869E+000, 3.01261869E+000,-1.16797091E-015,-3.51865099E-015,-0.00000000E+000,-1.81261869E+000
 7.45000000E-001,-1.93720948E+000, 3.13720948E+000,-1.22084166E-015,-3.83003603E-015,-0.00000000E+000,-1.93720948E+000
 7.55000000E-001,-2.06279052E+000, 3.26279052E+000,-1.12613528E-015,-3.67434351E-015,-0.00000000E+000,-2.06279052E+000
 7.65000000E-001,-2.18738131E+000, 3.38738131E+000,-1.80173009E-015,-6.10314685E-015,-0.00000000E+000,-2.18738131E+000
 7.75000000E-001,-2.30901699E+000, 3.50901699E+000,-1.31333039E-015,-4.60849864E-015,-0.00000000E+000,-2.30901699E+000
 7.85000000E-001,-2.42577929E+000, 3.62577929E+000,-1.27103673E-015,-4.60849864E-015,-0.00000000E+000,-2.42577929E+000
 7.95000000E-001,-2.53582679E+000, 3.73582679E+000,-1.97541961E-015,-7.37982553E-015,-0.00000000E+000,-2.53582679E+000
 8.05000000E-001,-2.63742399E+000, 3.83742399E+000,-1.55797036E-015,-5.97859283E-015,-0.00000000E+000,-2.63742399E+000
 8.15000000E-001,-2.72896863E+000, 3.92896863E+000,-1.98926622E-015,-7.81576459E-015,-0.00000000E+000,-2.72896863E+000
 8.25000000E-001,-2.80901699E+000, 4.00901699E+000,-2.05051891E-015,-8.22056514E-015,-0.00000000E+000,-2.80901699E+000
 8.35000000E-001,-2.87630668E+000, 4.07630668E+000,-3.10903282E-015,-1.26733713E-014,-0.00000000E+000,-2.87630668E+000
 8.45000000E-001,-2.92977649E+000, 4.12977649E+000,-3.28743890E-015,-1.35763879E-014,-0.00000000E+000,-2.92977649E+000
 8.55000000E-001,-2.96858316E+000, 4.16858316E+000,-3.91044304E-015,-1.63010070E-014,-0.00000000E+000,-2.96858316E+000
 8.65000000E-001,-2.99211470E+000, 4.19211470E+000,-2.36206428E-015,-9.90204438E-015,-0.00000000E+000,-2.99211470E+000
 8.75000000E-001,-3.00000000E+000, 4.20000000E+000,-1.66072023E-015,-6.97502497E-015,-0.00000000E+000,-3.00000000E+000
 8.85000000E-001,-2.99211470E+000, 4.19211470E+000,-1.10675339E-015,-4.63963715E-015,-0.00000000E+000,-2.99211470E+000
 8.95000000E-001,-2.96858316E+000, 4.16858316E+000, 1.19516884E-016, 4.98216069E-016, 0.00000000E+000,-2.96858316E+000
 9.05000000E-001,-2.92977649E+000, 4.12977649E+000,-4.07159864E-016,-1.68147923E-015,-0.00000000E+000,-2.92977649E+000
 9.15000000E-001,-2.87630668E+000, 4.07630668E+000, 6.26389905E-016, 2.55335736E-015, 0.00000000E+000,-2.87630668E+000
 9.25000000E-001,-2.80901699E+000, 4.00901699E+000,-2.48547746E-016,-9.96432139E-016,-0.00000000E+000,-2.80901699E+000
 9.35000000E-001,-2.72896863E+000, 3.92896863E+000, 2.77387721E-016, 1.08984765E-015, 0.00000000E+000,-2.72896863E+000
 9.45000000E-001,-2.63742399E+000, 3.83742399E+000, 7.22184177E-016, 2.77132689E-015, 0.00000000E+000,-2.63742399E+000
 9.55000000E-001,-2.53582679E+000, 3.73582679E+000, 1.00021246E-016, 3.73662052E-016,-0.00000000E+000,-2.53582679E+000
 9.65000000E-001,-2.42577929E+000, 3.62577929E+000, 3.26347268E-016, 1.18326316E-015, 0.00000000E+000,-2.42577929E+000
 9.75000000E-001,-2.30901699E+000, 3.50901699E+000, 1.27783497E-015, 4.48394462E-015, 0.00000000E+000,-2.30901699E+000
 9.85000000E-001,-2.18738131E+000, 3.38738131E+000,-9.19250047E-017,-3.11385043E-016, 0.00000000E+000,-2.18738131E+000
 9.95000000E-001,-2.06279052E+000, 3.26279052E+000,-3.05392618E-016,-9.96432139E-016,-0.00000000E+000,-2.06279052E+000
