   1.0005792686012169      ,         100
X,ZB,H,U,Q,QS,ZF
 5.00000000E-003, 6.27905195E-002, 1.13720948E+000,-3.25839881E-015,-3.70548202E-015,-1.86389450E-046,-1.00000000E+000
 1.50000000E-002, 1.87381315E-001, 1.01261869E+000,-3.09042261E-015,-3.12941969E-015,-1.41068816E-046,-1.00000000E+000
 2.50000000E-002, 3.09016994E-001, 8.90983006E-001,-2.86577560E-015,-2.55335736E-015,-1.17678343E-046,-1.00000000E+000
 3.50000000E-002, 4.25779292E-001, 7.74220708E-001,-3.07676552E-015,-2.38209558E-015,-1.45630790E-046,-1.00000000E+000
 4.50000000E-002, 5.35826795E-001, 6.64173205E-001,-2.44964241E-015,-1.62698685E-015,-7.34984333E-047,-1.00000000E+000
 5.50000000E-002, 6.37423990E-001, 5.62576010E-001,-2.29701926E-015,-1.29224793E-015,-6.05987845E-047,-1.00000000E+000
 6.50000000E-002, 7.28968627E-001, 4.71031373E-001,-2.10716288E-015,-9.92539826E-016,-4.67804428E-047,-1.00000000E+000
 7.50000000E-002, 8.09016994E-001, 3.90983006E-001,-2.56346336E-015,-1.00227061E-015,-8.27636321E-047,-1.00000000E+000
 8.50000000E-002, 8.76306680E-001, 3.23693320E-001,-2.74764252E-015,-8.89393530E-016,-1.07158843E-046,-1.00000000E+000
 9.50000000E-002, 9.29776486E-001, 2.70223514E-001,-2.40547637E-015,-6.50016278E-016,-6.86607966E-047,-1.00000000E+000
 1.05000000E-001, 9.68583161E-001, 2.31416839E-001,-1.80599266E-015,-4.17937113E-016,-2.94522141E-047,-1.00000000E+000
 1.15000000E-001, 9.92114701E-001, 2.07885299E-001,-1.52361411E-015,-3.16736974E-016,-1.78891114E-047,-1.00000000E+000
 1.25000000E-001, 1.00000000E+000, 2.00000000E-001,-1.44015583E-015,-2.88031165E-016,-1.49347673E-047,-1.00000000E+000
 1.35000000E-001, 9.92114701E-001, 2.07885299E-001,-1.23340190E-015,-2.56406122E-016,-9.46208770E-048,-1.00000000E+000
 1.45000000E-001, 9.68583161E-001, 2.31416839E-001,-1.00496448E-015,-2.32565704E-016,-4.94849894E-048,-1.00000000E+000
 1.55000000E-001, 9.29776486E-001, 2.70223514E-001,-5.00540742E-016,-1.35257878E-016,-6.00351505E-049,-1.00000000E+000
 1.65000000E-001, 8.76306680E-001, 3.23693320E-001,-3.78777853E-016,-1.22607861E-016,-2.98429781E-049,-1.00000000E+000
 1.75000000E-001, 8.09016994E-001, 3.90983006E-001,-5.97311850E-016,-2.33538782E-016,-9.62506401E-049,-1.00000000E+000
 1.85000000E-001, 7.28968627E-001, 4.71031373E-001,-1.11555682E-015,-5.25462261E-016,-6.34245908E-048,-1.00000000E+000
 1.95000000E-001, 6.37423990E-001, 5.62576010E-001,-1.30072175E-015,-7.31754852E-016,-1.17206946E-047,-1.00000000E+000
 2.05000000E-001, 5.35826795E-001, 6.64173205E-001,-1.57058413E-015,-1.04313990E-015,-1.85165903E-047,-1.00000000E+000
 2.15000000E-001, 4.25779292E-001, 7.74220708E-001,-1.35739655E-015,-1.05092452E-015,-1.16898979E-047,-1.00000000E+000
 2.25000000E-001, 3.09016994E-001, 8.90983006E-001,-1.10087721E-015,-9.80862886E-016,-7.15886454E-048,-1.00000000E+000
 2.35000000E-001, 1.87381315E-001, 1.01261869E+000,-1.58364940E-015,-1.60363297E-015,-2.10379466E-047,-1.00000000E+000
 2.45000000E-001, 6.27905195E-002, 1.13720948E+000,-1.88932368E-015,-2.14855680E-015,-3.37201196E-047,-1.00000000E+000
 2.55000000E-001,-6.27905195E-002, 1.26279052E+000,-2.04665447E-015,-2.58449586E-015,-3.91072207E-047,-1.00000000E+000
 2.65000000E-001,-1.87381315E-001, 1.38738131E+000,-1.77308273E-015,-2.45994184E-015,-3.11685991E-047,-1.00000000E+000
 2.75000000E-001,-3.09016994E-001, 1.50901699E+000,-8.66668292E-016,-1.30781718E-015,-2.41063605E-048,-1.00000000E+000
 2.85000000E-001,-4.25779292E-001, 1.62577929E+000,-5.17130229E-016,-8.40739617E-016,-9.48510737E-049,-1.00000000E+000
 2.95000000E-001,-5.35826795E-001, 1.73582679E+000,-2.78050102E-016,-4.82646817E-016,-3.84168844E-050,-1.00000000E+000
 3.05000000E-001,-6.37423990E-001, 1.83742399E+000, 9.32075421E-017, 1.71261774E-016, 3.80237660E-052,-1.00000000E+000
 3.15000000E-001,-7.28968627E-001, 1.92896863E+000, 2.01782081E-016, 3.89231304E-016, 2.79940550E-050,-1.00000000E+000
 3.25000000E-001,-8.09016994E-001, 2.00901699E+000, 7.43969918E-016, 1.49464821E-015, 2.05890415E-048,-1.00000000E+000
 3.35000000E-001,-8.76306680E-001, 2.07630668E+000, 1.91212567E-015, 3.97015930E-015, 3.96774423E-047,-1.00000000E+000
 3.45000000E-001,-9.29776486E-001, 2.12977649E+000, 3.20190052E-015, 6.81933245E-015, 1.22014475E-046,-1.00000000E+000
 3.55000000E-001,-9.68583161E-001, 2.16858316E+000, 4.19280359E-015, 9.09244326E-015, 8.61447034E-047,-1.00000000E+000
 3.65000000E-001,-9.92114701E-001, 2.19211470E+000, 4.82962478E-015, 1.05870915E-014, 8.29746101E-048,-1.00000000E+000
 3.75000000E-001,-1.00000000E+000, 2.20000000E+000, 5.77477717E-015, 1.27045098E-014, 0.00000000E+000,-1.00000000E+000
 3.85000000E-001,-9.92114701E-001, 2.19211470E+000, 6.98875115E-015, 1.53201441E-014, 2.41908484E-047,-1.00000000E+000
 3.95000000E-001,-9.68583161E-001, 2.16858316E+000, 7.65330244E-015, 1.65968228E-014, 5.28872891E-046,-1.00000000E+000
 4.05000000E-001,-9.29776486E-001, 2.12977649E+000, 9.06474121E-015, 1.93058727E-014, 2.91012853E-045,-1.00000000E+000
 4.15000000E-001,-8.76306680E-001, 2.07630668E+000, 9.54563129E-015, 1.98196580E-014, 4.48354636E-045,-1.00000000E+000
 4.25000000E-001,-8.09016994E-001, 2.00901699E+000, 1.09115588E-014, 2.19215070E-014, 6.27682668E-045,-1.00000000E+000
 4.35000000E-001,-7.28968627E-001, 1.92896863E+000, 1.12836540E-014, 2.17658145E-014, 7.30724605E-045,-1.00000000E+000
 4.45000000E-001,-6.37423990E-001, 1.83742399E+000, 1.17949908E-014, 2.16723990E-014, 8.16938787E-045,-1.00000000E+000
 4.55000000E-001,-5.35826795E-001, 1.73582679E+000, 1.33464049E-014, 2.31670472E-014, 1.19828623E-044,-1.00000000E+000
 4.65000000E-001,-4.25779292E-001, 1.62577929E+000, 1.45658348E-014, 2.36808325E-014, 1.60692799E-044,-1.00000000E+000
 4.75000000E-001,-3.09016994E-001, 1.50901699E+000, 1.62809829E-014, 2.45682799E-014, 2.15780337E-044,-1.00000000E+000
 4.85000000E-001,-1.87381315E-001, 1.38738131E+000, 1.77308273E-014, 2.45994184E-014, 2.75549688E-044,-1.00000000E+000
 4.95000000E-001,-6.27905195E-002, 1.26279052E+000, 1.85431827E-014, 2.34161553E-014, 3.18803318E-044,-1.00000000E+000
 5.05000000E-001,-1.93720948E+000, 3.13720948E+000, 1.00049463E-014, 3.13876124E-014, 0.00000000E+000,-1.93720948E+000
 5.15000000E-001,-1.81261869E+000, 3.01261869E+000, 7.88638765E-015, 2.37586788E-014, 0.00000000E+000,-1.81261869E+000
 5.25000000E-001,-1.69098301E+000, 2.89098301E+000, 7.61503008E-015, 2.20149226E-014, 0.00000000E+000,-1.69098301E+000
 5.35000000E-001,-1.57422071E+000, 2.77422071E+000, 8.00287934E-015, 2.22017536E-014, 0.00000000E+000,-1.57422071E+000
 5.45000000E-001,-1.46417321E+000, 2.66417321E+000, 7.53867476E-015, 2.00843353E-014, 0.00000000E+000,-1.46417321E+000
 5.55000000E-001,-1.36257601E+000, 2.56257601E+000, 7.98337191E-015, 2.04579973E-014, 0.00000000E+000,-1.36257601E+000
 5.65000000E-001,-1.27103137E+000, 2.47103137E+000, 8.22242660E-015, 2.03178741E-014, 0.00000000E+000,-1.27103137E+000
 5.75000000E-001,-1.19098301E+000, 2.39098301E+000, 7.97677518E-015, 1.90723339E-014, 0.00000000E+000,-1.19098301E+000
 5.85000000E-001,-1.12369332E+000, 2.32369332E+000, 7.97995982E-015, 1.85429793E-014, 0.00000000E+000,-1.12369332E+000
 5.95000000E-001,-1.07022351E+000, 2.27022351E+000, 9.06288152E-015, 2.05747667E-014, 0.00000000E+000,-1.07022351E+000
 6.05000000E-001,-1.03141684E+000, 2.23141684E+000, 1.02252249E-014, 2.28167390E-014, 0.00000000E+000,-1.03141684E+000
 6.15000000E-001,-1.00788530E+000, 2.20788530E+000, 1.05951162E-014, 2.33928014E-014, 0.00000000E+000,-1.00788530E+000
 6.25000000E-001,-1.00000000E+000, 2.20000000E+000, 1.03040142E-014, 2.26688312E-014, 0.00000000E+000,-1.00000000E+000
 6.35000000E-001,-1.00788530E+000, 2.20788530E+000, 1.00812267E-014, 2.22581921E-014, 0.00000000E+000,-1.00788530E+000
 6.45000000E-001,-1.03141684E+000, 2.23141684E+000, 1.04554756E-014, 2.33305244E-014, 0.00000000E+000,-1.03141684E+000
 6.55000000E-001,-1.07022351E+000, 2.27022351E+000, 1.07945331E-014, 2.45060029E-014, 0.00000000E+000,-1.07022351E+000
 6.65000000E-001,-1.12369332E+000, 2.32369332E+000, 9.98332505E-015, 2.31981857E-014, 0.00000000E+000,-1.12369332E+000
 6.75000000E-001,-1.19098301E+000, 2.39098301E+000, 1.04316684E-014, 2.49419420E-014, 0.00000000E+000,-1.19098301E+000
 6.85000000E-001,-1.27103137E+000, 2.47103137E+000, 1.05536893E-014, 2.60784974E-014, 0.00000000E+000,-1.27103137E+000
 6.95000000E-001,-1.36257601E+000, 2.56257601E+000, 1.12763609E-014, 2.88965320E-014, 0.00000000E+000,-1.36257601E+000
 7.05000000E-001,-1.46417321E+000, 2.66417321E+000, 1.08580292E-014, 2.89276705E-014, 0.00000000E+000,-1.46417321E+000
 7.15000000E-001,-1.57422071E+000, 2.77422071E+000, 1.03824171E-014, 2.88031165E-014, 0.00000000E+000,-1.57422071E+000
 7.25000000E-001,-1.69098301E+000, 2.89098301E+000, 9.82306568E-015, 2.83983159E-014, 0.00000000E+000,-1.69098301E+000
 7.35000000E-001,-1.81261869E+000, 3.01261869E+000, 9.42645549E-015, 2.83983159E-014, 0.00000000E+000,-1.81261869E+000
 7.45000000E-001,-1.93720948E+000, 3.13720948E+000, 9.38956269E-015, 2.94570251E-014, 0.00000000E+000,-1.93720948E+000
 7.55000000E-001,-2.06279052E+000, 3.26279052E+000, 9.15223502E-015, 2.98618257E-014, 0.00000000E+000,-2.06279052E+000
 7.65000000E-001,-2.18738131E+000, 3.38738131E+000, 8.89834046E-015, 3.01420722E-014, 0.00000000E+000,-2.18738131E+000
 7.75000000E-001,-2.30901699E+000, 3.50901699E+000, 7.96872085E-015, 2.79623769E-014, 0.00000000E+000,-2.30901699E+000
 7.85000000E-001,-2.42577929E+000, 3.62577929E+000, 7.60904419E-015, 2.75887148E-014, 0.00000000E+000,-2.42577929E+000
 7.95000000E-001,-2.53582679E+000, 3.73582679E+000, 7.64329024E-015, 2.85540085E-014, 0.00000000E+000,-2.53582679E+000
 8.05000000E-001,-2.63742399E+000, 3.83742399E+000, 7.35978706E-015, 2.82426234E-014, 0.00000000E+000,-2.63742399E+000
 8.15000000E-001,-2.72896863E+000, 3.92896863E+000, 6.44332048E-015, 2.53156040E-014, 0.00000000E+000,-2.72896863E+000
 8.25000000E-001,-2.80901699E+000, 4.00901699E+000, 7.43313104E-015, 2.97995486E-014, 0.00000000E+000,-2.80901699E+000
 8.35000000E-001,-2.87630668E+000, 4.07630668E+000, 7.89862393E-015, 3.21972135E-014, 0.00000000E+000,-2.87630668E+000
 8.45000000E-001,-2.92977649E+000, 4.12977649E+000, 6.98957767E-015, 2.88653935E-014, 0.00000000E+000,-2.92977649E+000
 8.55000000E-001,-2.96858316E+000, 4.16858316E+000, 7.84703040E-015, 3.27109988E-014, 0.00000000E+000,-2.96858316E+000
 8.65000000E-001,-2.99211470E+000, 4.19211470E+000, 8.67204416E-015, 3.63542038E-014, 0.00000000E+000,-2.99211470E+000
 8.75000000E-001,-3.00000000E+000, 4.20000000E+000, 8.77809265E-015, 3.68679891E-014, 0.00000000E+000,-3.00000000E+000
 8.85000000E-001,-2.99211470E+000, 4.19211470E+000, 9.77879755E-015, 4.09938410E-014, 0.00000000E+000,-2.99211470E+000
 8.95000000E-001,-2.96858316E+000, 4.16858316E+000, 1.02336332E-014, 4.26597509E-014, 0.00000000E+000,-2.96858316E+000
 9.05000000E-001,-2.92977649E+000, 4.12977649E+000, 9.73413676E-015, 4.01998091E-014, 0.00000000E+000,-2.92977649E+000
 9.15000000E-001,-2.87630668E+000, 4.07630668E+000, 9.30418176E-015, 3.79266983E-014, 0.00000000E+000,-2.87630668E+000
 9.25000000E-001,-2.80901699E+000, 4.00901699E+000, 8.67586977E-015, 3.47817093E-014, 0.00000000E+000,-2.80901699E+000
 9.35000000E-001,-2.72896863E+000, 3.92896863E+000, 9.62139122E-015, 3.78021443E-014, 0.00000000E+000,-2.72896863E+000
 9.45000000E-001,-2.63742399E+000, 3.83742399E+000, 1.02809815E-014, 3.94524850E-014, 0.00000000E+000,-2.63742399E+000
 9.55000000E-001,-2.53582679E+000, 3.73582679E+000, 9.21862487E-015, 3.44391858E-014, 0.00000000E+000,-2.53582679E+000
 9.65000000E-001,-2.42577929E+000, 3.62577929E+000, 1.01511176E-014, 3.68057121E-014, 0.00000000E+000,-2.42577929E+000
 9.75000000E-001,-2.30901699E+000, 3.50901699E+000, 1.10390743E-014, 3.87362994E-014, 0.00000000E+000,-2.30901699E+000
 9.85000000E-001,-2.18738131E+000, 3.38738131E+000, 1.11413106E-014, 3.77398672E-014, 0.00000000E+000,-2.18738131E+000
 9.95000000E-001,-2.06279052E+000, 3.26279052E+000, 1.14522232E-014, 3.73662052E-014, 0.00000000E+000,-2.06279052E+000
