   1.0002286802099911      ,         100
X,ZB,H,U,Q,QS,ZF
 5.00000000E-003, 6.27905195E-002, 1.13720948E+000,-1.23216762E-016,-1.40123269E-016,-4.40094527E-051,-1.00000000E+000
 1.50000000E-002, 1.87381315E-001, 1.01261869E+000,-3.42099021E-016,-3.46415861E-016,-2.28404325E-049,-1.00000000E+000
 2.50000000E-002, 3.09016994E-001, 8.90983006E-001, 2.75219303E-016, 2.45215722E-016, 9.46181673E-050,-1.00000000E+000
 3.50000000E-002, 4.25779292E-001, 7.74220708E-001, 9.87883047E-016, 7.64839513E-016, 5.12085017E-048,-1.00000000E+000
 4.50000000E-002, 5.35826795E-001, 6.64173205E-001, 1.49732927E-015, 9.94485982E-016, 1.63939319E-047,-1.00000000E+000
 5.50000000E-002, 6.37423990E-001, 5.62576010E-001, 2.90586774E-016, 1.63477148E-016, 1.22686714E-049,-1.00000000E+000
 6.50000000E-002, 7.28968627E-001, 4.71031373E-001,-6.25951327E-016,-2.94842713E-016,-1.22628580E-048,-1.00000000E+000
 7.50000000E-002, 8.09016994E-001, 3.90983006E-001, 2.20258745E-016, 8.61174260E-017, 5.34280697E-050,-1.00000000E+000
 8.50000000E-002, 8.76306680E-001, 3.23693320E-001, 2.48385080E-015, 8.04005913E-016, 7.68993079E-047,-1.00000000E+000
 9.50000000E-002, 9.29776486E-001, 2.70223514E-001, 5.68419828E-015, 1.53600403E-015, 9.16541229E-046,-1.00000000E+000
 1.05000000E-001, 9.68583161E-001, 2.31416839E-001, 8.08334143E-015, 1.87062132E-015, 2.64084416E-045,-1.00000000E+000
 1.15000000E-001, 9.92114701E-001, 2.07885299E-001, 1.04973735E-014, 2.18224963E-015, 5.78378258E-045,-1.00000000E+000
 1.25000000E-001, 1.00000000E+000, 2.00000000E-001, 1.15704707E-014, 2.31409414E-015, 7.74502961E-045,-1.00000000E+000
 1.35000000E-001, 9.92114701E-001, 2.07885299E-001, 1.23448434E-014, 2.56631146E-015, 9.40647186E-045,-1.00000000E+000
 1.45000000E-001, 9.68583161E-001, 2.31416839E-001, 1.19917702E-014, 2.77509756E-015, 8.62223593E-045,-1.00000000E+000
 1.55000000E-001, 9.29776486E-001, 2.70223514E-001, 1.19418578E-014, 3.22697078E-015, 8.51502037E-045,-1.00000000E+000
 1.65000000E-001, 8.76306680E-001, 3.23693320E-001, 1.15241659E-014, 3.73029551E-015, 7.65241486E-045,-1.00000000E+000
 1.75000000E-001, 8.09016994E-001, 3.90983006E-001, 9.80089194E-015, 3.83198219E-015, 4.70724505E-045,-1.00000000E+000
 1.85000000E-001, 7.28968627E-001, 4.71031373E-001, 8.24789001E-015, 3.88501495E-015, 2.80542451E-045,-1.00000000E+000
 1.95000000E-001, 6.37423990E-001, 5.62576010E-001, 8.78506085E-015, 4.94226448E-015, 3.39003613E-045,-1.00000000E+000
 2.05000000E-001, 5.35826795E-001, 6.64173205E-001, 8.93562743E-015, 5.93480431E-015, 3.56734541E-045,-1.00000000E+000
 2.15000000E-001, 4.25779292E-001, 7.74220708E-001, 9.02668708E-015, 6.98864807E-015, 3.67752104E-045,-1.00000000E+000
 2.25000000E-001, 3.09016994E-001, 8.90983006E-001, 9.16960820E-015, 8.16996507E-015, 3.85498189E-045,-1.00000000E+000
 2.35000000E-001, 1.87381315E-001, 1.01261869E+000, 8.22190793E-015, 8.32565760E-015, 2.77899542E-045,-1.00000000E+000
 2.45000000E-001, 6.27905195E-002, 1.13720948E+000, 8.97599882E-015, 1.02075910E-014, 3.63248717E-045,-1.00000000E+000
 2.55000000E-001,-6.27905195E-002, 1.26279052E+000, 8.83390317E-015, 1.11553692E-014, 3.34685212E-045,-1.00000000E+000
 2.65000000E-001,-1.87381315E-001, 1.38738131E+000, 1.04463189E-014, 1.44930276E-014, 5.85035899E-045,-1.00000000E+000
 2.75000000E-001,-3.09016994E-001, 1.50901699E+000, 9.84803435E-015, 1.48608512E-014, 4.71571156E-045,-1.00000000E+000
 2.85000000E-001,-4.25779292E-001, 1.62577929E+000, 8.65115778E-015, 1.40648732E-014, 3.25892222E-045,-1.00000000E+000
 2.95000000E-001,-5.35826795E-001, 1.73582679E+000, 9.03438597E-015, 1.56821292E-014, 3.66501995E-045,-1.00000000E+000
 3.05000000E-001,-6.37423990E-001, 1.83742399E+000, 9.83339569E-015, 1.80681171E-014, 4.72969603E-045,-1.00000000E+000
 3.15000000E-001,-7.28968627E-001, 1.92896863E+000, 1.09083393E-014, 2.10418443E-014, 6.60595187E-045,-1.00000000E+000
 3.25000000E-001,-8.09016994E-001, 2.00901699E+000, 1.16884649E-014, 2.34823246E-014, 7.92104520E-045,-1.00000000E+000
 3.35000000E-001,-8.76306680E-001, 2.07630668E+000, 1.12956012E-014, 2.34531322E-014, 7.14881080E-045,-1.00000000E+000
 3.45000000E-001,-9.29776486E-001, 2.12977649E+000, 1.31173750E-014, 2.79370769E-014, 9.05150544E-045,-1.00000000E+000
 3.55000000E-001,-9.68583161E-001, 2.16858316E+000, 1.32680875E-014, 2.87729511E-014, 2.62067656E-045,-1.00000000E+000
 3.65000000E-001,-9.92114701E-001, 2.19211470E+000, 1.28670881E-014, 2.82061330E-014, 1.62579128E-046,-1.00000000E+000
 3.75000000E-001,-1.00000000E+000, 2.20000000E+000, 1.46810418E-014, 3.22982920E-014, 0.00000000E+000,-1.00000000E+000
 3.85000000E-001,-9.92114701E-001, 2.19211470E+000, 1.80265301E-014, 3.95162216E-014, 4.40710663E-046,-1.00000000E+000
 3.95000000E-001,-9.68583161E-001, 2.16858316E+000, 2.04583149E-014, 4.43655571E-014, 9.81093786E-045,-1.00000000E+000
 4.05000000E-001,-9.29776486E-001, 2.12977649E+000, 2.31059522E-014, 4.92105138E-014, 4.85841477E-044,-1.00000000E+000
 4.15000000E-001,-8.76306680E-001, 2.07630668E+000, 2.39325023E-014, 4.96912144E-014, 6.90551389E-044,-1.00000000E+000
 4.25000000E-001,-8.09016994E-001, 2.00901699E+000, 2.36820737E-014, 4.75776885E-014, 6.61489044E-044,-1.00000000E+000
 4.35000000E-001,-7.28968627E-001, 1.92896863E+000, 2.53408027E-014, 4.88816133E-014, 8.13637778E-044,-1.00000000E+000
 4.45000000E-001,-6.37423990E-001, 1.83742399E+000, 2.52857233E-014, 4.64605946E-014, 8.06719670E-044,-1.00000000E+000
 4.55000000E-001,-5.35826795E-001, 1.73582679E+000, 2.59965634E-014, 4.51255312E-014, 8.84260813E-044,-1.00000000E+000
 4.65000000E-001,-4.25779292E-001, 1.62577929E+000, 2.61318354E-014, 4.24845968E-014, 8.90275589E-044,-1.00000000E+000
 4.75000000E-001,-3.09016994E-001, 1.50901699E+000, 2.76495558E-014, 4.17236496E-014, 1.05719724E-043,-1.00000000E+000
 4.85000000E-001,-1.87381315E-001, 1.38738131E+000, 2.73649508E-014, 3.79656214E-014, 1.02428412E-043,-1.00000000E+000
 4.95000000E-001,-6.27905195E-002, 1.26279052E+000, 2.98729871E-014, 3.77233249E-014, 1.33241007E-043,-1.00000000E+000
 5.05000000E-001,-1.93720948E+000, 3.13720948E+000, 1.08386918E-014, 3.40032467E-014, 0.00000000E+000,-1.93720948E+000
 5.15000000E-001,-1.81261869E+000, 3.01261869E+000, 1.17985734E-014, 3.55446027E-014, 0.00000000E+000,-1.81261869E+000
 5.25000000E-001,-1.69098301E+000, 2.89098301E+000, 1.27392883E-014, 3.68290660E-014, 0.00000000E+000,-1.69098301E+000
 5.35000000E-001,-1.57422071E+000, 2.77422071E+000, 1.22161764E-014, 3.38903696E-014, 0.00000000E+000,-1.57422071E+000
 5.45000000E-001,-1.46417321E+000, 2.66417321E+000, 1.27456199E-014, 3.39565390E-014, 0.00000000E+000,-1.46417321E+000
 5.55000000E-001,-1.36257601E+000, 2.56257601E+000, 1.17381085E-014, 3.00797952E-014, 0.00000000E+000,-1.36257601E+000
 5.65000000E-001,-1.27103137E+000, 2.47103137E+000, 1.15082469E-014, 2.84372391E-014, 0.00000000E+000,-1.27103137E+000
 5.75000000E-001,-1.19098301E+000, 2.39098301E+000, 1.03217843E-014, 2.46792108E-014, 0.00000000E+000,-1.19098301E+000
 5.85000000E-001,-1.12369332E+000, 2.32369332E+000, 7.38447793E-015, 1.71592620E-014, 0.00000000E+000,-1.12369332E+000
 5.95000000E-001,-1.07022351E+000, 2.27022351E+000, 6.78173058E-015, 1.53960442E-014, 0.00000000E+000,-1.07022351E+000
 6.05000000E-001,-1.03141684E+000, 2.23141684E+000, 7.14300512E-015, 1.59390219E-014, 0.00000000E+000,-1.03141684E+000
 6.15000000E-001,-1.00788530E+000, 2.20788530E+000, 6.43904527E-015, 1.42166734E-014, 0.00000000E+000,-1.00788530E+000
 6.25000000E-001,-1.00000000E+000, 2.20000000E+000, 5.18943742E-015, 1.14167623E-014, 0.00000000E+000,-1.00000000E+000
 6.35000000E-001,-1.00788530E+000, 2.20788530E+000, 3.11815505E-015, 6.88452869E-015, 0.00000000E+000,-1.00788530E+000
 6.45000000E-001,-1.03141684E+000, 2.23141684E+000, 1.06839820E-015, 2.38404174E-015, 0.00000000E+000,-1.03141684E+000
 6.55000000E-001,-1.07022351E+000, 2.27022351E+000, 7.35523302E-016, 1.66980229E-015, 0.00000000E+000,-1.07022351E+000
 6.65000000E-001,-1.12369332E+000, 2.32369332E+000,-1.65411636E-015,-3.84365913E-015,-0.00000000E+000,-1.12369332E+000
 6.75000000E-001,-1.19098301E+000, 2.39098301E+000,-2.94896495E-015,-7.05092507E-015,-0.00000000E+000,-1.19098301E+000
 6.85000000E-001,-1.27103137E+000, 2.47103137E+000,-3.58667919E-015,-8.86279679E-015,-0.00000000E+000,-1.27103137E+000
 6.95000000E-001,-1.36257601E+000, 2.56257601E+000,-4.05092331E-015,-1.03807989E-014,-0.00000000E+000,-1.36257601E+000
 7.05000000E-001,-1.46417321E+000, 2.66417321E+000,-3.45814790E-015,-9.21310497E-015,-0.00000000E+000,-1.46417321E+000
 7.15000000E-001,-1.57422071E+000, 2.77422071E+000,-4.89937844E-015,-1.35919571E-014,-0.00000000E+000,-1.57422071E+000
 7.25000000E-001,-1.69098301E+000, 2.89098301E+000,-3.93945863E-015,-1.13889080E-014,-0.00000000E+000,-1.69098301E+000
 7.35000000E-001,-1.81261869E+000, 3.01261869E+000,-2.00260499E-015,-6.03308521E-015,-0.00000000E+000,-1.81261869E+000
 7.45000000E-001,-1.93720948E+000, 3.13720948E+000,-1.69974906E-015,-5.33246887E-015,-0.00000000E+000,-1.93720948E+000
 7.55000000E-001,-2.06279052E+000, 3.26279052E+000,-3.61460794E-016,-1.17937085E-015,-0.00000000E+000,-2.06279052E+000
 7.65000000E-001,-2.18738131E+000, 3.38738131E+000,-1.51676258E-016,-5.13785321E-016,-0.00000000E+000,-2.18738131E+000
 7.75000000E-001,-2.30901699E+000, 3.50901699E+000, 6.87723681E-016, 2.41323409E-015, 0.00000000E+000,-2.30901699E+000
 7.85000000E-001,-2.42577929E+000, 3.62577929E+000, 3.00583010E-017, 1.08984765E-016, 0.00000000E+000,-2.42577929E+000
 7.95000000E-001,-2.53582679E+000, 3.73582679E+000,-9.06442545E-016,-3.38631235E-015,-0.00000000E+000,-2.53582679E+000
 8.05000000E-001,-2.63742399E+000, 3.83742399E+000,-1.86226144E-015,-7.14628674E-015,-0.00000000E+000,-2.63742399E+000
 8.15000000E-001,-2.72896863E+000, 3.92896863E+000,-9.75810374E-016,-3.83392835E-015,-0.00000000E+000,-2.72896863E+000
 8.25000000E-001,-2.80901699E+000, 4.00901699E+000, 2.54373084E-016, 1.01978602E-015, 0.00000000E+000,-2.80901699E+000
 8.35000000E-001,-2.87630668E+000, 4.07630668E+000,-2.10642703E-015,-8.58644257E-015,-0.00000000E+000,-2.87630668E+000
 8.45000000E-001,-2.92977649E+000, 4.12977649E+000,-3.22005018E-015,-1.32980875E-014,-0.00000000E+000,-2.92977649E+000
 8.55000000E-001,-2.96858316E+000, 4.16858316E+000,-2.59295614E-015,-1.08089533E-014,-0.00000000E+000,-2.96858316E+000
 8.65000000E-001,-2.99211470E+000, 4.19211470E+000,-3.05796332E-015,-1.28193330E-014,-0.00000000E+000,-2.99211470E+000
 8.75000000E-001,-3.00000000E+000, 4.20000000E+000,-2.25383460E-015,-9.46610532E-015,-0.00000000E+000,-3.00000000E+000
 8.85000000E-001,-2.99211470E+000, 4.19211470E+000,-1.44007928E-015,-6.03697753E-015,-0.00000000E+000,-2.99211470E+000
 8.95000000E-001,-2.96858316E+000, 4.16858316E+000,-1.96035701E-015,-8.17191123E-015,-0.00000000E+000,-2.96858316E+000
 9.05000000E-001,-2.92977649E+000, 4.12977649E+000,-8.99144700E-016,-3.71326664E-015,-0.00000000E+000,-2.92977649E+000
 9.15000000E-001,-2.87630668E+000, 4.07630668E+000, 1.10764069E-015, 4.51508313E-015, 0.00000000E+000,-2.87630668E+000
 9.25000000E-001,-2.80901699E+000, 4.00901699E+000,-5.81562891E-016,-2.33149551E-015,-0.00000000E+000,-2.80901699E+000
 9.35000000E-001,-2.72896863E+000, 3.92896863E+000, 6.49879802E-016, 2.55335736E-015, 0.00000000E+000,-2.72896863E+000
 9.45000000E-001,-2.63742399E+000, 3.83742399E+000, 1.46364012E-015, 5.61660772E-015, 0.00000000E+000,-2.63742399E+000
 9.55000000E-001,-2.53582679E+000, 3.73582679E+000, 1.71286384E-015, 6.39896264E-015, 0.00000000E+000,-2.53582679E+000
 9.65000000E-001,-2.42577929E+000, 3.62577929E+000, 3.71434719E-016, 1.34674031E-015, 0.00000000E+000,-2.42577929E+000
 9.75000000E-001,-2.30901699E+000, 3.50901699E+000,-2.37375593E-016,-8.32954991E-016,-0.00000000E+000,-2.30901699E+000
 9.85000000E-001,-2.18738131E+000, 3.38738131E+000, 1.49378133E-016, 5.06000695E-016, 0.00000000E+000,-2.18738131E+000
 9.95000000E-001,-2.06279052E+000, 3.26279052E+000,-1.62239828E-016,-5.29354574E-016,-0.00000000E+000,-2.06279052E+000
