   1.0005792686012183      ,         100
X,ZB,H,U,Q,QS,ZF
 5.00000000E-003, 6.27905195E-002, 1.13720948E+000,-3.35423407E-016,-3.81446678E-016,-1.56111665E-049,-1.00000000E+000
 1.50000000E-002, 1.87381315E-001, 1.01261869E+000,-6.07321857E-016,-6.14985461E-016,-1.25252678E-048,-1.00000000E+000
 2.50000000E-002, 3.09016994E-001, 8.90983006E-001,-1.03971737E-015,-9.26370504E-016,-5.47924898E-048,-1.00000000E+000
 3.50000000E-002, 4.25779292E-001, 7.74220708E-001,-1.28701303E-015,-9.96432139E-016,-1.06590582E-047,-1.00000000E+000
 4.50000000E-002, 5.35826795E-001, 6.64173205E-001,-1.21310043E-015,-8.05708800E-016,-8.79733029E-048,-1.00000000E+000
 5.50000000E-002, 6.37423990E-001, 5.62576010E-001,-2.22091320E-015,-1.24943249E-015,-5.52862683E-047,-1.00000000E+000
 6.50000000E-002, 7.28968627E-001, 4.71031373E-001,-3.29295847E-015,-1.55108675E-015,-1.73874172E-046,-1.00000000E+000
 7.50000000E-002, 8.09016994E-001, 3.90983006E-001,-4.08660857E-015,-1.59779450E-015,-3.42487804E-046,-1.00000000E+000
 8.50000000E-002, 8.76306680E-001, 3.23693320E-001,-5.60350729E-015,-1.81381788E-015,-8.71262922E-046,-1.00000000E+000
 9.50000000E-002, 9.29776486E-001, 2.70223514E-001,-7.85380833E-015,-2.12228369E-015,-2.39895732E-045,-1.00000000E+000
 1.05000000E-001, 9.68583161E-001, 2.31416839E-001,-1.01085131E-014,-2.33928014E-015,-5.12596906E-045,-1.00000000E+000
 1.15000000E-001, 9.92114701E-001, 2.07885299E-001,-1.19782750E-014,-2.49010727E-015,-8.56799831E-045,-1.00000000E+000
 1.25000000E-001, 1.00000000E+000, 2.00000000E-001,-1.31846023E-014,-2.63692045E-015,-1.14089721E-044,-1.00000000E+000
 1.35000000E-001, 9.92114701E-001, 2.07885299E-001,-1.35838038E-014,-2.82387311E-015,-1.24887244E-044,-1.00000000E+000
 1.45000000E-001, 9.68583161E-001, 2.31416839E-001,-1.28164508E-014,-2.96594254E-015,-1.05132963E-044,-1.00000000E+000
 1.55000000E-001, 9.29776486E-001, 2.70223514E-001,-1.17663084E-014,-3.17953322E-015,-8.11138702E-045,-1.00000000E+000
 1.65000000E-001, 8.76306680E-001, 3.23693320E-001,-1.03863292E-014,-3.36198539E-015,-5.58273459E-045,-1.00000000E+000
 1.75000000E-001, 8.09016994E-001, 3.90983006E-001,-9.16127050E-015,-3.58190108E-015,-3.83821268E-045,-1.00000000E+000
 1.85000000E-001, 7.28968627E-001, 4.71031373E-001,-7.85434636E-015,-3.69964355E-015,-2.42270285E-045,-1.00000000E+000
 1.95000000E-001, 6.37423990E-001, 5.62576010E-001,-7.44801576E-015,-4.19007499E-015,-2.04287392E-045,-1.00000000E+000
 2.05000000E-001, 5.35826795E-001, 6.64173205E-001,-7.23171946E-015,-4.80311429E-015,-1.90022334E-045,-1.00000000E+000
 2.15000000E-001, 4.25779292E-001, 7.74220708E-001,-6.46020211E-015,-5.00162226E-015,-1.34805720E-045,-1.00000000E+000
 2.25000000E-001, 3.09016994E-001, 8.90983006E-001,-6.42178373E-015,-5.72170017E-015,-1.30800155E-045,-1.00000000E+000
 2.35000000E-001, 1.87381315E-001, 1.01261869E+000,-6.53447568E-015,-6.61693217E-015,-1.41487827E-045,-1.00000000E+000
 2.45000000E-001, 6.27905195E-002, 1.13720948E+000,-7.02335541E-015,-7.98702636E-015,-1.68703743E-045,-1.00000000E+000
 2.55000000E-001,-6.27905195E-002, 1.26279052E+000,-7.28658308E-015,-9.20142803E-015,-1.94421569E-045,-1.00000000E+000
 2.65000000E-001,-1.87381315E-001, 1.38738131E+000,-7.05866477E-015,-9.79305961E-015,-1.76267783E-045,-1.00000000E+000
 2.75000000E-001,-3.09016994E-001, 1.50901699E+000,-6.89207642E-015,-1.04002604E-014,-1.60041073E-045,-1.00000000E+000
 2.85000000E-001,-4.25779292E-001, 1.62577929E+000,-6.63650460E-015,-1.07894918E-014,-1.48052662E-045,-1.00000000E+000
 2.95000000E-001,-5.35826795E-001, 1.73582679E+000,-7.05888484E-015,-1.22530015E-014,-1.76872043E-045,-1.00000000E+000
 3.05000000E-001,-6.37423990E-001, 1.83742399E+000,-6.66857596E-015,-1.22530015E-014,-1.51979814E-045,-1.00000000E+000
 3.15000000E-001,-7.28968627E-001, 1.92896863E+000,-6.84041255E-015,-1.31949412E-014,-1.58623634E-045,-1.00000000E+000
 3.25000000E-001,-8.09016994E-001, 2.00901699E+000,-6.93984439E-015,-1.39422653E-014,-1.65720719E-045,-1.00000000E+000
 3.35000000E-001,-8.76306680E-001, 2.07630668E+000,-7.06361718E-015,-1.46662355E-014,-1.69843093E-045,-1.00000000E+000
 3.45000000E-001,-9.29776486E-001, 2.12977649E+000,-7.27006866E-015,-1.54836213E-014,-1.58207210E-045,-1.00000000E+000
 3.55000000E-001,-9.68583161E-001, 2.16858316E+000,-8.13253128E-015,-1.76360704E-014,-5.90393870E-046,-1.00000000E+000
 3.65000000E-001,-9.92114701E-001, 2.19211470E+000,-8.55482800E-015,-1.87531642E-014,-4.66596113E-047,-1.00000000E+000
 3.75000000E-001,-1.00000000E+000, 2.20000000E+000,-8.71878121E-015,-1.91813187E-014,-0.00000000E+000,-1.00000000E+000
 3.85000000E-001,-9.92114701E-001, 2.19211470E+000,-9.05421476E-015,-1.98478773E-014,-5.50704340E-047,-1.00000000E+000
 3.95000000E-001,-9.68583161E-001, 2.16858316E+000,-9.53073076E-015,-2.06681822E-014,-1.00126675E-045,-1.00000000E+000
 4.05000000E-001,-9.29776486E-001, 2.12977649E+000,-1.01941787E-014,-2.17113221E-014,-4.07218688E-045,-1.00000000E+000
 4.15000000E-001,-8.76306680E-001, 2.07630668E+000,-9.97679688E-015,-2.07148900E-014,-5.14083824E-045,-1.00000000E+000
 4.25000000E-001,-8.09016994E-001, 2.00901699E+000,-9.17562898E-015,-1.84339946E-014,-3.75592116E-045,-1.00000000E+000
 4.35000000E-001,-7.28968627E-001, 1.92896863E+000,-8.82998387E-015,-1.70327619E-014,-3.32104569E-045,-1.00000000E+000
 4.45000000E-001,-6.37423990E-001, 1.83742399E+000,-8.63864447E-015,-1.58728526E-014,-3.33365852E-045,-1.00000000E+000
 4.55000000E-001,-5.35826795E-001, 1.73582679E+000,-9.05008235E-015,-1.57093754E-014,-3.71170172E-045,-1.00000000E+000
 4.65000000E-001,-4.25779292E-001, 1.62577929E+000,-8.87261402E-015,-1.44249121E-014,-3.54925398E-045,-1.00000000E+000
 4.75000000E-001,-3.09016994E-001, 1.50901699E+000,-9.34247784E-015,-1.40979578E-014,-3.99663395E-045,-1.00000000E+000
 4.85000000E-001,-1.87381315E-001, 1.38738131E+000,-9.73512192E-015,-1.35063263E-014,-4.78265757E-045,-1.00000000E+000
 4.95000000E-001,-6.27905195E-002, 1.26279052E+000,-1.07695944E-014,-1.35997418E-014,-6.09656243E-045,-1.00000000E+000
 5.05000000E-001,-1.93720948E+000, 3.13720948E+000,-4.60545147E-015,-1.44482660E-014,-0.00000000E+000,-1.93720948E+000
 5.15000000E-001,-1.81261869E+000, 3.01261869E+000,-4.74423582E-015,-1.42925735E-014,-0.00000000E+000,-1.81261869E+000
 5.25000000E-001,-1.69098301E+000, 2.89098301E+000,-5.17542002E-015,-1.49620513E-014,-0.00000000E+000,-1.69098301E+000
 5.35000000E-001,-1.57422071E+000, 2.77422071E+000,-5.04529350E-015,-1.39967577E-014,-0.00000000E+000,-1.57422071E+000
 5.45000000E-001,-1.46417321E+000, 2.66417321E+000,-5.31213593E-015,-1.41524502E-014,-0.00000000E+000,-1.46417321E+000
 5.55000000E-001,-1.36257601E+000, 2.56257601E+000,-6.02094487E-015,-1.54291289E-014,-0.00000000E+000,-1.36257601E+000
 5.65000000E-001,-1.27103137E+000, 2.47103137E+000,-5.45011418E-015,-1.34674031E-014,-0.00000000E+000,-1.27103137E+000
 5.75000000E-001,-1.19098301E+000, 2.39098301E+000,-5.20606674E-015,-1.24476171E-014,-0.00000000E+000,-1.19098301E+000
 5.85000000E-001,-1.12369332E+000, 2.32369332E+000,-4.44894485E-015,-1.03379834E-014,-0.00000000E+000,-1.12369332E+000
 5.95000000E-001,-1.07022351E+000, 2.27022351E+000,-4.11481567E-015,-9.34155130E-015,-0.00000000E+000,-1.07022351E+000
 6.05000000E-001,-1.03141684E+000, 2.23141684E+000,-3.86367676E-015,-8.62147339E-015,-0.00000000E+000,-1.03141684E+000
 6.15000000E-001,-1.00788530E+000, 2.20788530E+000,-3.53993235E-015,-7.81576459E-015,-0.00000000E+000,-1.00788530E+000
 6.25000000E-001,-1.00000000E+000, 2.20000000E+000,-3.28369682E-015,-7.22413300E-015,-0.00000000E+000,-1.00000000E+000
 6.35000000E-001,-1.00788530E+000, 2.20788530E+000,-3.02780568E-015,-6.68504765E-015,-0.00000000E+000,-1.00788530E+000
 6.45000000E-001,-1.03141684E+000, 2.23141684E+000,-3.13280518E-015,-6.99059422E-015,-0.00000000E+000,-1.03141684E+000
 6.55000000E-001,-1.07022351E+000, 2.27022351E+000,-3.50102234E-015,-7.94810323E-015,-0.00000000E+000,-1.07022351E+000
 6.65000000E-001,-1.12369332E+000, 2.32369332E+000,-3.30320755E-015,-7.67564132E-015,-0.00000000E+000,-1.12369332E+000
 6.75000000E-001,-1.19098301E+000, 2.39098301E+000,-2.85210411E-015,-6.81933245E-015,-0.00000000E+000,-1.19098301E+000
 6.85000000E-001,-1.27103137E+000, 2.47103137E+000,-3.47484158E-015,-8.58644257E-015,-0.00000000E+000,-1.27103137E+000
 6.95000000E-001,-1.36257601E+000, 2.56257601E+000,-3.36589653E-015,-8.62536570E-015,-0.00000000E+000,-1.36257601E+000
 7.05000000E-001,-1.46417321E+000, 2.66417321E+000,-2.71742927E-015,-7.23970226E-015,-0.00000000E+000,-1.46417321E+000
 7.15000000E-001,-1.57422071E+000, 2.77422071E+000,-3.04737972E-015,-8.45410393E-015,-0.00000000E+000,-1.57422071E+000
 7.25000000E-001,-1.69098301E+000, 2.89098301E+000,-2.36421372E-015,-6.83490170E-015,-0.00000000E+000,-1.69098301E+000
 7.35000000E-001,-1.81261869E+000, 3.01261869E+000,-2.59434247E-015,-7.81576459E-015,-0.00000000E+000,-1.81261869E+000
 7.45000000E-001,-1.93720948E+000, 3.13720948E+000,-2.26798634E-015,-7.11514824E-015,-0.00000000E+000,-1.93720948E+000
 7.55000000E-001,-2.06279052E+000, 3.26279052E+000,-2.47177150E-015,-8.06487262E-015,-0.00000000E+000,-2.06279052E+000
 7.65000000E-001,-2.18738131E+000, 3.38738131E+000,-1.78334509E-015,-6.04086984E-015,-0.00000000E+000,-2.18738131E+000
 7.75000000E-001,-2.30901699E+000, 3.50901699E+000,-8.78511541E-016,-3.08271193E-015,-0.00000000E+000,-2.30901699E+000
 7.85000000E-001,-2.42577929E+000, 3.62577929E+000,-1.16797969E-015,-4.23483659E-015,-0.00000000E+000,-2.42577929E+000
 7.95000000E-001,-2.53582679E+000, 3.73582679E+000,-1.55866442E-015,-5.82290031E-015,-0.00000000E+000,-2.53582679E+000
 8.05000000E-001,-2.63742399E+000, 3.83742399E+000,-2.24769682E-015,-8.62536570E-015,-0.00000000E+000,-2.63742399E+000
 8.15000000E-001,-2.72896863E+000, 3.92896863E+000,-1.73169191E-015,-6.80376320E-015,-0.00000000E+000,-2.72896863E+000
 8.25000000E-001,-2.80901699E+000, 4.00901699E+000,-9.94190985E-016,-3.98572855E-015,-0.00000000E+000,-2.80901699E+000
 8.35000000E-001,-2.87630668E+000, 4.07630668E+000,-1.61180817E-015,-6.57022441E-015,-0.00000000E+000,-2.87630668E+000
 8.45000000E-001,-2.92977649E+000, 4.12977649E+000,-2.19036927E-015,-9.04573551E-015,-0.00000000E+000,-2.92977649E+000
 8.55000000E-001,-2.96858316E+000, 4.16858316E+000,-3.03647583E-015,-1.26578020E-014,-0.00000000E+000,-2.96858316E+000
 8.65000000E-001,-2.99211470E+000, 4.19211470E+000,-2.49019512E-015,-1.04391836E-014,-0.00000000E+000,-2.99211470E+000
 8.75000000E-001,-3.00000000E+000, 4.20000000E+000,-2.13521173E-015,-8.96788925E-015,-0.00000000E+000,-3.00000000E+000
 8.85000000E-001,-2.99211470E+000, 4.19211470E+000,-1.78826093E-015,-7.49659492E-015,-0.00000000E+000,-2.99211470E+000
 8.95000000E-001,-2.96858316E+000, 4.16858316E+000,-1.39778731E-015,-5.82679262E-015,-0.00000000E+000,-2.96858316E+000
 9.05000000E-001,-2.92977649E+000, 4.12977649E+000,-9.87739671E-016,-4.07914407E-015,-0.00000000E+000,-2.92977649E+000
 9.15000000E-001,-2.87630668E+000, 4.07630668E+000,-3.01736601E-016,-1.22997092E-015,-0.00000000E+000,-2.87630668E+000
 9.25000000E-001,-2.80901699E+000, 4.00901699E+000, 1.70876576E-016, 6.85047095E-016, 0.00000000E+000,-2.80901699E+000
 9.35000000E-001,-2.72896863E+000, 3.92896863E+000, 7.25170755E-016, 2.84917315E-015, 0.00000000E+000,-2.72896863E+000
 9.45000000E-001,-2.63742399E+000, 3.83742399E+000, 1.50116936E-016, 5.76062330E-016, 0.00000000E+000,-2.63742399E+000
 9.55000000E-001,-2.53582679E+000, 3.73582679E+000,-4.58430712E-017,-1.71261774E-016, 0.00000000E+000,-2.53582679E+000
 9.65000000E-001,-2.42577929E+000, 3.62577929E+000,-2.06114064E-016,-7.47324104E-016,-0.00000000E+000,-2.42577929E+000
 9.75000000E-001,-2.30901699E+000, 3.50901699E+000, 7.98646856E-017, 2.80246539E-016, 0.00000000E+000,-2.30901699E+000
 9.85000000E-001,-2.18738131E+000, 3.38738131E+000, 3.49315018E-016, 1.18326316E-015, 0.00000000E+000,-2.18738131E+000
 9.95000000E-001,-2.06279052E+000, 3.26279052E+000, 1.52696309E-016, 4.98216069E-016, 0.00000000E+000,-2.06279052E+000
