   3.5058839124072136      ,         100
X,ZB,H,U,Q,QS,ZF
 5.00000000E-003, 6.27905195E-002, 1.13720948E+000, 1.28350793E-015, 1.45961739E-015, 9.99114656E-048,-1.00000000E+000
 1.50000000E-002, 1.87381315E-001, 1.01261869E+000, 2.65607217E-015, 2.68958831E-015, 9.53256755E-047,-1.00000000E+000
 2.50000000E-002, 3.09016994E-001, 8.90983006E-001, 2.84393280E-015, 2.53389579E-015, 1.16071226E-046,-1.00000000E+000
 3.50000000E-002, 4.25779292E-001, 7.74220708E-001, 3.35075853E-015, 2.59422664E-015, 1.89803044E-046,-1.00000000E+000
 4.50000000E-002, 5.35826795E-001, 6.64173205E-001, 4.16966645E-015, 2.76938073E-015, 3.68619368E-046,-1.00000000E+000
 5.50000000E-002, 6.37423990E-001, 5.62576010E-001, 5.09564664E-015, 2.86668855E-015, 6.73758545E-046,-1.00000000E+000
 6.50000000E-002, 7.28968627E-001, 4.71031373E-001, 5.87113423E-015, 2.76548842E-015, 1.03124513E-045,-1.00000000E+000
 7.50000000E-002, 8.09016994E-001, 3.90983006E-001, 6.40368079E-015, 2.50373036E-015, 1.35318916E-045,-1.00000000E+000
 8.50000000E-002, 8.76306680E-001, 3.23693320E-001, 8.19783496E-015, 2.65358442E-015, 2.82340562E-045,-1.00000000E+000
 9.50000000E-002, 9.29776486E-001, 2.70223514E-001, 7.38567670E-015, 1.99578351E-015, 2.08366165E-045,-1.00000000E+000
 1.05000000E-001, 9.68583161E-001, 2.31416839E-001, 8.71302106E-015, 2.01633979E-015, 3.41317437E-045,-1.00000000E+000
 1.15000000E-001, 9.92114701E-001, 2.07885299E-001, 1.13928771E-014, 2.36841167E-015, 7.60950292E-045,-1.00000000E+000
 1.25000000E-001, 1.00000000E+000, 2.00000000E-001, 1.16769391E-014, 2.33538782E-015, 8.17161121E-045,-1.00000000E+000
 1.35000000E-001, 9.92114701E-001, 2.07885299E-001, 9.34471617E-015, 1.94262911E-015, 4.20862681E-045,-1.00000000E+000
 1.45000000E-001, 9.68583161E-001, 2.31416839E-001, 9.96659862E-015, 2.30643875E-015, 5.08439870E-045,-1.00000000E+000
 1.55000000E-001, 9.29776486E-001, 2.70223514E-001, 7.94023263E-015, 2.14563756E-015, 2.55793543E-045,-1.00000000E+000
 1.65000000E-001, 8.76306680E-001, 3.23693320E-001, 6.54143340E-015, 2.11741829E-015, 1.42478518E-045,-1.00000000E+000
 1.75000000E-001, 8.09016994E-001, 3.90983006E-001, 4.97759875E-015, 1.94615652E-015, 6.31555112E-046,-1.00000000E+000
 1.85000000E-001, 7.28968627E-001, 4.71031373E-001, 5.17081245E-015, 2.43561489E-015, 7.02094746E-046,-1.00000000E+000
 1.95000000E-001, 6.37423990E-001, 5.62576010E-001, 5.72525131E-015, 3.22088904E-015, 9.41731723E-046,-1.00000000E+000
 2.05000000E-001, 5.35826795E-001, 6.64173205E-001, 6.52261245E-015, 4.33214441E-015, 1.39875554E-045,-1.00000000E+000
 2.15000000E-001, 4.25779292E-001, 7.74220708E-001, 6.70654445E-015, 5.19234560E-015, 1.52695800E-045,-1.00000000E+000
 2.25000000E-001, 3.09016994E-001, 8.90983006E-001, 6.32567540E-015, 5.63606928E-015, 1.29464561E-045,-1.00000000E+000
 2.35000000E-001, 1.87381315E-001, 1.01261869E+000, 4.40500537E-015, 4.46059075E-015, 4.25141549E-046,-1.00000000E+000
 2.45000000E-001, 6.27905195E-002, 1.13720948E+000, 2.71761413E-015, 3.09049655E-015, 1.01495512E-046,-1.00000000E+000
 2.55000000E-001,-6.27905195E-002, 1.26279052E+000, 1.53190854E-015, 1.93447958E-015, 1.77588544E-047,-1.00000000E+000
 2.65000000E-001,-1.87381315E-001, 1.38738131E+000, 5.77935192E-016, 8.01816486E-016, 7.21989007E-049,-1.00000000E+000
 2.75000000E-001,-3.09016994E-001, 1.50901699E+000, 2.17956758E-015, 3.28900452E-015, 4.87081805E-047,-1.00000000E+000
 2.85000000E-001,-4.25779292E-001, 1.62577929E+000, 2.70056897E-015, 4.39052911E-015, 9.76935955E-047,-1.00000000E+000
 2.95000000E-001,-5.35826795E-001, 1.73582679E+000, 3.61016664E-015, 6.26662400E-015, 2.26175634E-046,-1.00000000E+000
 3.05000000E-001,-6.37423990E-001, 1.83742399E+000, 5.46111462E-015, 1.00343830E-014, 7.67885294E-046,-1.00000000E+000
 3.15000000E-001,-7.28968627E-001, 1.92896863E+000, 5.96064268E-015, 1.14978927E-014, 1.02379373E-045,-1.00000000E+000
 3.25000000E-001,-8.09016994E-001, 2.00901699E+000, 7.59856775E-015, 1.52656517E-014, 2.10427189E-045,-1.00000000E+000
 3.35000000E-001,-8.76306680E-001, 2.07630668E+000, 6.80491783E-015, 1.41290963E-014, 1.55999955E-045,-1.00000000E+000
 3.45000000E-001,-9.29776486E-001, 2.12977649E+000, 8.15461195E-015, 1.73675008E-014, 2.18642264E-045,-1.00000000E+000
 3.55000000E-001,-9.68583161E-001, 2.16858316E+000, 1.09612378E-014, 2.37703557E-014, 1.45992262E-045,-1.00000000E+000
 3.65000000E-001,-9.92114701E-001, 2.19211470E+000, 1.15724557E-014, 2.53681502E-014, 1.15174141E-046,-1.00000000E+000
 3.75000000E-001,-1.00000000E+000, 2.20000000E+000, 1.25686327E-014, 2.76509918E-014, 0.00000000E+000,-1.00000000E+000
 3.85000000E-001,-9.92114701E-001, 2.19211470E+000, 1.38019401E-014, 3.02554358E-014, 2.00110813E-046,-1.00000000E+000
 3.95000000E-001,-9.68583161E-001, 2.16858316E+000, 1.45303260E-014, 3.15102202E-014, 3.37360852E-045,-1.00000000E+000
 4.05000000E-001,-9.29776486E-001, 2.12977649E+000, 1.32626667E-014, 2.82465157E-014, 9.16712778E-045,-1.00000000E+000
 4.15000000E-001,-8.76306680E-001, 2.07630668E+000, 1.32442822E-014, 2.74991916E-014, 1.14686181E-044,-1.00000000E+000
 4.25000000E-001,-8.09016994E-001, 2.00901699E+000, 1.16768403E-014, 2.34589707E-014, 7.84624457E-045,-1.00000000E+000
 4.35000000E-001,-7.28968627E-001, 1.92896863E+000, 1.13663846E-014, 2.19253994E-014, 7.18707626E-045,-1.00000000E+000
 4.45000000E-001,-6.37423990E-001, 1.83742399E+000, 1.05345706E-014, 1.93564728E-014, 5.84195896E-045,-1.00000000E+000
 4.55000000E-001,-5.35826795E-001, 1.73582679E+000, 1.00591351E-014, 1.74609163E-014, 5.02146316E-045,-1.00000000E+000
 4.65000000E-001,-4.25779292E-001, 1.62577929E+000, 1.23728195E-014, 2.01154738E-014, 9.54774370E-045,-1.00000000E+000
 4.75000000E-001,-3.09016994E-001, 1.50901699E+000, 1.22545865E-014, 1.84923793E-014, 9.06866376E-045,-1.00000000E+000
 4.85000000E-001,-1.87381315E-001, 1.38738131E+000, 1.35983101E-014, 1.88660413E-014, 1.27681391E-044,-1.00000000E+000
 4.95000000E-001,-6.27905195E-002, 1.26279052E+000, 1.37594361E-014, 1.73752854E-014, 1.31653798E-044,-1.00000000E+000
 5.05000000E-001,-1.93720948E+000, 3.13720948E+000, 7.86102923E-015, 2.46616954E-014, 0.00000000E+000,-1.93720948E+000
 5.15000000E-001,-1.81261869E+000, 3.01261869E+000, 5.33338929E-015, 1.60674682E-014, 0.00000000E+000,-1.81261869E+000
 5.25000000E-001,-1.69098301E+000, 2.89098301E+000, 6.05324881E-015, 1.74998394E-014, 0.00000000E+000,-1.69098301E+000
 5.35000000E-001,-1.57422071E+000, 2.77422071E+000, 5.20523884E-015, 1.44404814E-014, 0.00000000E+000,-1.57422071E+000
 5.45000000E-001,-1.46417321E+000, 2.66417321E+000, 4.66930320E-015, 1.24398325E-014, 0.00000000E+000,-1.46417321E+000
 5.55000000E-001,-1.36257601E+000, 2.56257601E+000, 3.01351025E-015, 7.72234907E-015, 0.00000000E+000,-1.36257601E+000
 5.65000000E-001,-1.27103137E+000, 2.47103137E+000, 1.19555973E-015, 2.95426560E-015, 0.00000000E+000,-1.27103137E+000
 5.75000000E-001,-1.19098301E+000, 2.39098301E+000, 9.80003808E-016, 2.34317245E-015, 0.00000000E+000,-1.19098301E+000
 5.85000000E-001,-1.12369332E+000, 2.32369332E+000,-2.49583126E-016,-5.79954643E-016,-0.00000000E+000,-1.12369332E+000
 5.95000000E-001,-1.07022351E+000, 2.27022351E+000,-2.73378066E-015,-6.20629314E-015,-0.00000000E+000,-1.07022351E+000
 6.05000000E-001,-1.03141684E+000, 2.23141684E+000,-5.51903985E-015,-1.23152785E-014,-0.00000000E+000,-1.03141684E+000
 6.15000000E-001,-1.00788530E+000, 2.20788530E+000,-6.26385564E-015,-1.38298748E-014,-0.00000000E+000,-1.00788530E+000
 6.25000000E-001,-1.00000000E+000, 2.20000000E+000,-8.03939566E-015,-1.76866705E-014,-0.00000000E+000,-1.00000000E+000
 6.35000000E-001,-1.00788530E+000, 2.20788530E+000,-9.70264076E-015,-2.14223179E-014,-0.00000000E+000,-1.00788530E+000
 6.45000000E-001,-1.03141684E+000, 2.23141684E+000,-1.03743646E-014,-2.31495318E-014,-0.00000000E+000,-1.03141684E+000
 6.55000000E-001,-1.07022351E+000, 2.27022351E+000,-1.06402275E-014,-2.41556947E-014,-0.00000000E+000,-1.07022351E+000
 6.65000000E-001,-1.12369332E+000, 2.32369332E+000,-9.06037000E-015,-2.10535212E-014,-0.00000000E+000,-1.12369332E+000
 6.75000000E-001,-1.19098301E+000, 2.39098301E+000,-8.40654429E-015,-2.00999045E-014,-0.00000000E+000,-1.19098301E+000
 6.85000000E-001,-1.27103137E+000, 2.47103137E+000,-8.83359547E-015,-2.18280915E-014,-0.00000000E+000,-1.27103137E+000
 6.95000000E-001,-1.36257601E+000, 2.56257601E+000,-1.00521224E-014,-2.57593277E-014,-0.00000000E+000,-1.36257601E+000
 7.05000000E-001,-1.46417321E+000, 2.66417321E+000,-1.18456541E-014,-3.15588741E-014,-0.00000000E+000,-1.46417321E+000
 7.15000000E-001,-1.57422071E+000, 2.77422071E+000,-1.31491909E-014,-3.64787578E-014,-0.00000000E+000,-1.57422071E+000
 7.25000000E-001,-1.69098301E+000, 2.89098301E+000,-1.44357059E-014,-4.17333804E-014,-0.00000000E+000,-1.69098301E+000
 7.35000000E-001,-1.81261869E+000, 3.01261869E+000,-1.47934369E-014,-4.45669843E-014,-0.00000000E+000,-1.81261869E+000
 7.45000000E-001,-1.93720948E+000, 3.13720948E+000,-1.30967526E-014,-4.10872565E-014,-0.00000000E+000,-1.93720948E+000
 7.55000000E-001,-2.06279052E+000, 3.26279052E+000,-1.18769098E-014,-3.87518686E-014,-0.00000000E+000,-2.06279052E+000
 7.65000000E-001,-2.18738131E+000, 3.38738131E+000,-1.21754669E-014,-4.12429490E-014,-0.00000000E+000,-2.18738131E+000
 7.75000000E-001,-2.30901699E+000, 3.50901699E+000,-1.09059665E-014,-3.82692218E-014,-0.00000000E+000,-2.30901699E+000
 7.85000000E-001,-2.42577929E+000, 3.62577929E+000,-9.23648648E-015,-3.34894614E-014,-0.00000000E+000,-2.42577929E+000
 7.95000000E-001,-2.53582679E+000, 3.73582679E+000,-1.09606616E-014,-4.09471332E-014,-0.00000000E+000,-2.53582679E+000
 8.05000000E-001,-2.63742399E+000, 3.83742399E+000,-1.03174964E-014,-3.95926083E-014,-0.00000000E+000,-2.63742399E+000
 8.15000000E-001,-2.72896863E+000, 3.92896863E+000,-1.12500534E-014,-4.42011069E-014,-0.00000000E+000,-2.72896863E+000
 8.25000000E-001,-2.80901699E+000, 4.00901699E+000,-9.32248226E-015,-3.73739898E-014,-0.00000000E+000,-2.80901699E+000
 8.35000000E-001,-2.87630668E+000, 4.07630668E+000,-1.05741491E-014,-4.31034746E-014,-0.00000000E+000,-2.87630668E+000
 8.45000000E-001,-2.92977649E+000, 4.12977649E+000,-9.87928171E-015,-4.07992253E-014,-0.00000000E+000,-2.92977649E+000
 8.55000000E-001,-2.96858316E+000, 4.16858316E+000,-8.73780468E-015,-3.64242654E-014,-0.00000000E+000,-2.96858316E+000
 8.65000000E-001,-2.99211470E+000, 4.19211470E+000,-7.65396103E-015,-3.20862826E-014,-0.00000000E+000,-2.99211470E+000
 8.75000000E-001,-3.00000000E+000, 4.20000000E+000,-8.30360115E-015,-3.48751248E-014,-0.00000000E+000,-3.00000000E+000
 8.85000000E-001,-2.99211470E+000, 4.19211470E+000,-7.09153161E-015,-2.97285139E-014,-0.00000000E+000,-2.99211470E+000
 8.95000000E-001,-2.96858316E+000, 4.16858316E+000,-5.43008154E-015,-2.26357465E-014,-0.00000000E+000,-2.96858316E+000
 9.05000000E-001,-2.92977649E+000, 4.12977649E+000,-4.18658361E-015,-1.72896545E-014,-0.00000000E+000,-2.92977649E+000
 9.15000000E-001,-2.87630668E+000, 4.07630668E+000,-4.76094522E-015,-1.94070728E-014,-0.00000000E+000,-2.87630668E+000
 9.25000000E-001,-2.80901699E+000, 4.00901699E+000,-3.42918219E-015,-1.37476497E-014,-0.00000000E+000,-2.80901699E+000
 9.35000000E-001,-2.72896863E+000, 3.92896863E+000,-2.51630289E-015,-9.88647512E-015,-0.00000000E+000,-2.72896863E+000
 9.45000000E-001,-2.63742399E+000, 3.83742399E+000,-2.08135103E-015,-7.98702636E-015,-0.00000000E+000,-2.63742399E+000
 9.55000000E-001,-2.53582679E+000, 3.73582679E+000,-2.73183029E-015,-1.02056448E-014,-0.00000000E+000,-2.53582679E+000
 9.65000000E-001,-2.42577929E+000, 3.62577929E+000,-1.99028893E-015,-7.21634838E-015,-0.00000000E+000,-2.42577929E+000
 9.75000000E-001,-2.30901699E+000, 3.50901699E+000,-1.54405059E-015,-5.41809975E-015,-0.00000000E+000,-2.30901699E+000
 9.85000000E-001,-2.18738131E+000, 3.38738131E+000,-4.32047522E-016,-1.46350970E-015,-0.00000000E+000,-2.18738131E+000
 9.95000000E-001,-2.06279052E+000, 3.26279052E+000,-5.34437081E-016,-1.74375624E-015,-0.00000000E+000,-2.06279052E+000
