   5400.0242140783257      ,         150
X,ZB,H,U,ZF,QS,TS
 1.00000000E-001, 3.23912338E-002, 5.80632282E-002, 6.06689683E-001,-1.50042700E+000, 6.48434272E-005, 5.45539006E-001
 3.00000000E-001, 3.10613145E-002, 5.80841651E-002, 6.05114184E-001,-1.50128100E+000, 6.42841027E-005, 5.42668030E-001
 5.00000000E-001, 2.94767412E-002, 5.82180115E-002, 6.03650649E-001,-1.50213500E+000, 6.37239164E-005, 5.39784273E-001
 7.00000000E-001, 2.78773268E-002, 5.83638033E-002, 6.02188383E-001,-1.50298900E+000, 6.31632315E-005, 5.36889476E-001
 9.00000000E-001, 2.62851396E-002, 5.85122235E-002, 6.00717430E-001,-1.50384300E+000, 6.26022145E-005, 5.33984377E-001
 1.10000000E+000, 2.47022216E-002, 5.86624041E-002, 5.99237092E-001,-1.50469700E+000, 6.20410132E-005, 5.31069629E-001
 1.30000000E+000, 2.31287622E-002, 5.88142593E-002, 5.97747528E-001,-1.50555100E+000, 6.14797737E-005, 5.28145880E-001
 1.50000000E+000, 2.15647780E-002, 5.89677751E-002, 5.96248980E-001,-1.50640500E+000, 6.09186417E-005, 5.25213783E-001
 1.70000000E+000, 2.00102675E-002, 5.91229437E-002, 5.94741703E-001,-1.50725900E+000, 6.03577621E-005, 5.22273994E-001
 1.90000000E+000, 1.84652258E-002, 5.92797570E-002, 5.93225960E-001,-1.50811300E+000, 5.97972797E-005, 5.19327177E-001
 2.10000000E+000, 1.69296458E-002, 5.94382064E-002, 5.91702015E-001,-1.50896700E+000, 5.92373383E-005, 5.16373995E-001
 2.30000000E+000, 1.54035181E-002, 5.95982825E-002, 5.90170141E-001,-1.50982100E+000, 5.86780810E-005, 5.13415120E-001
 2.50000000E+000, 1.38868315E-002, 5.97599750E-002, 5.88630614E-001,-1.51067500E+000, 5.81196503E-005, 5.10451223E-001
 2.70000000E+000, 1.23795728E-002, 5.99232729E-002, 5.87083716E-001,-1.51152900E+000, 5.75621876E-005, 5.07482981E-001
 2.90000000E+000, 1.08817269E-002, 6.00881644E-002, 5.85529733E-001,-1.51238300E+000, 5.70058333E-005, 5.04511071E-001
 3.10000000E+000, 9.39327652E-003, 6.02546369E-002, 5.83968956E-001,-1.51323700E+000, 5.64507266E-005, 5.01536174E-001
 3.30000000E+000, 7.91420284E-003, 6.04226766E-002, 5.82401681E-001,-1.51409100E+000, 5.58970058E-005, 4.98558974E-001
 3.50000000E+000, 6.44448507E-003, 6.05922694E-002, 5.80828210E-001,-1.51494500E+000, 5.53448078E-005, 4.95580155E-001
 3.70000000E+000, 4.98410067E-003, 6.07633997E-002, 5.79248849E-001,-1.51579900E+000, 5.47942681E-005, 4.92600403E-001
 3.90000000E+000, 3.53302539E-003, 6.09360514E-002, 5.77663907E-001,-1.51665300E+000, 5.42455209E-005, 4.89620405E-001
 4.10000000E+000, 2.09123327E-003, 6.11102071E-002, 5.76073700E-001,-1.51750700E+000, 5.36986990E-005, 4.86640849E-001
 4.30000000E+000, 6.58696760E-004, 6.12858487E-002, 5.74478547E-001,-1.51836100E+000, 5.31539335E-005, 4.83662425E-001
 4.50000000E+000,-7.64613281E-004, 6.14629569E-002, 5.72878775E-001,-1.51921500E+000, 5.26113542E-005, 4.80685822E-001
 4.70000000E+000,-2.17872751E-003, 6.16415114E-002, 5.71274711E-001,-1.52006900E+000, 5.20710889E-005, 4.77711729E-001
 4.90000000E+000,-3.58367804E-003, 6.18214908E-002, 5.69666690E-001,-1.52092300E+000, 5.15332640E-005, 4.74740836E-001
 5.10000000E+000,-4.97949841E-003, 6.20028726E-002, 5.68055049E-001,-1.52177700E+000, 5.09980040E-005, 4.71773833E-001
 5.30000000E+000,-6.36622348E-003, 6.21856332E-002, 5.66440133E-001,-1.52263100E+000, 5.04654318E-005, 4.68811408E-001
 5.50000000E+000,-7.74388941E-003, 6.23697477E-002, 5.64822289E-001,-1.52348500E+000, 4.99356684E-005, 4.65854250E-001
 5.70000000E+000,-9.11253358E-003, 6.25551902E-002, 5.63201870E-001,-1.52433900E+000, 4.94088329E-005, 4.62903046E-001
 5.90000000E+000,-1.04721945E-002, 6.27419334E-002, 5.61579231E-001,-1.52519300E+000, 4.88850426E-005, 4.59958483E-001
 6.10000000E+000,-1.18229119E-002, 6.29299486E-002, 5.59954736E-001,-1.52604700E+000, 4.83644128E-005, 4.57021247E-001
 6.30000000E+000,-1.31647264E-002, 6.31192061E-002, 5.58328751E-001,-1.52690100E+000, 4.78470569E-005, 4.54092023E-001
 6.50000000E+000,-1.44976795E-002, 6.33096745E-002, 5.56701645E-001,-1.52775500E+000, 4.73330865E-005, 4.51171494E-001
 6.70000000E+000,-1.58218140E-002, 6.35013213E-002, 5.55073797E-001,-1.52860900E+000, 4.68226111E-005, 4.48260343E-001
 6.90000000E+000,-1.71371730E-002, 6.36941124E-002, 5.53445584E-001,-1.52946300E+000, 4.63157382E-005, 4.45359248E-001
 7.10000000E+000,-1.84438007E-002, 6.38880121E-002, 5.51817395E-001,-1.53031700E+000, 4.58125733E-005, 4.42468891E-001
 7.30000000E+000,-1.97417420E-002, 6.40829834E-002, 5.50189617E-001,-1.53117100E+000, 4.53132200E-005, 4.39589948E-001
 7.50000000E+000,-2.10310422E-002, 6.42789876E-002, 5.48562647E-001,-1.53202500E+000, 4.48177799E-005, 4.36723095E-001
 7.70000000E+000,-2.23117473E-002, 6.44759845E-002, 5.46936884E-001,-1.53287900E+000, 4.43263524E-005, 4.33869006E-001
 7.90000000E+000,-2.35839038E-002, 6.46739322E-002, 5.45312733E-001,-1.53373300E+000, 4.38390350E-005, 4.31028353E-001
 8.10000000E+000,-2.48475585E-002, 6.48727870E-002, 5.43690604E-001,-1.53458700E+000, 4.33559231E-005, 4.28201806E-001
 8.30000000E+000,-2.61027588E-002, 6.50725037E-002, 5.42070910E-001,-1.53544100E+000, 4.28771101E-005, 4.25390032E-001
 8.50000000E+000,-2.73495520E-002, 6.52730353E-002, 5.40454071E-001,-1.53629500E+000, 4.24026872E-005, 4.22593697E-001
 8.70000000E+000,-2.85879861E-002, 6.54743330E-002, 5.38840509E-001,-1.53714900E+000, 4.19327434E-005, 4.19813461E-001
 8.90000000E+000,-2.98181089E-002, 6.56763464E-002, 5.37230653E-001,-1.53800300E+000, 4.14673656E-005, 4.17049984E-001
 9.10000000E+000,-3.10399687E-002, 6.58790232E-002, 5.35624934E-001,-1.53885700E+000, 4.10066382E-005, 4.14303920E-001
 9.30000000E+000,-3.22536137E-002, 6.60823096E-002, 5.34023784E-001,-1.53971100E+000, 4.05506431E-005, 4.11575915E-001
 9.50000000E+000,-3.34590924E-002, 6.62861504E-002, 5.32427642E-001,-1.54056500E+000, 4.00994593E-005, 4.08866613E-001
 9.70000000E+000,-3.46564537E-002, 6.64904887E-002, 5.30836943E-001,-1.54141900E+000, 3.96531630E-005, 4.06176643E-001
 9.90000000E+000,-3.58457468E-002, 6.66952669E-002, 5.29252123E-001,-1.54227300E+000, 3.92118261E-005, 4.03506622E-001
 1.01000000E+001,-3.70270216E-002, 6.69004271E-002, 5.27673609E-001,-1.54312700E+000, 3.87755159E-005, 4.00857148E-001
 1.03000000E+001,-3.82003296E-002, 6.71059120E-002, 5.26101818E-001,-1.54398100E+000, 3.83442930E-005, 3.98228783E-001
 1.05000000E+001,-3.93657249E-002, 6.73116669E-002, 5.24537140E-001,-1.54483500E+000, 3.79182083E-005, 3.95622042E-001
 1.07000000E+001,-4.05232656E-002, 6.75176423E-002, 5.22979925E-001,-1.54568900E+000, 3.74972986E-005, 3.93037356E-001
 1.09000000E+001,-4.16730169E-002, 6.77237985E-002, 5.21430451E-001,-1.54654300E+000, 3.70815796E-005, 3.90475034E-001
 1.11000000E+001,-4.28150545E-002, 6.79301113E-002, 5.19888889E-001,-1.54739700E+000, 3.66710360E-005, 3.87935198E-001
 1.13000000E+001,-4.39494689E-002, 6.81365793E-002, 5.18355252E-001,-1.54825100E+000, 3.62656107E-005, 3.85417709E-001
 1.15000000E+001,-4.50763694E-002, 6.83432311E-002, 5.16829349E-001,-1.54910500E+000, 3.58651926E-005, 3.82922087E-001
 1.17000000E+001,-4.61958856E-002, 6.85501299E-002, 5.15310745E-001,-1.54995900E+000, 3.54696100E-005, 3.80447468E-001
 1.19000000E+001,-4.73081642E-002, 6.87573715E-002, 5.13798771E-001,-1.55081300E+000, 3.50786347E-005, 3.77992616E-001
 1.21000000E+001,-4.84133568E-002, 6.89650690E-002, 5.12292605E-001,-1.55166700E+000, 3.46920063E-005, 3.75556074E-001
 1.23000000E+001,-4.95115964E-002, 6.91733210E-002, 5.10791463E-001,-1.55252100E+000, 3.43094826E-005, 3.73136478E-001
 1.25000000E+001,-5.06029602E-002, 6.93821585E-002, 5.09294943E-001,-1.55337500E+000, 3.39309269E-005, 3.70733114E-001
 1.27000000E+001,-5.16874206E-002, 6.95914709E-002, 5.07803497E-001,-1.55422900E+000, 3.35564226E-005, 3.68346660E-001
 1.29000000E+001,-5.27647919E-002, 6.98009197E-002, 5.06318983E-001,-1.55508300E+000, 3.31864039E-005, 3.65980054E-001
 1.31000000E+001,-5.38346826E-002, 7.00098567E-002, 5.04845225E-001,-1.55593700E+000, 3.28217793E-005, 3.63639324E-001
 1.33000000E+001,-5.48964688E-002, 7.02172658E-002, 5.03388417E-001,-1.55679100E+000, 3.24640122E-005, 3.61334170E-001
 1.35000000E+001,-5.59493012E-002, 7.04217492E-002, 5.01957253E-001,-1.55764500E+000, 3.21151304E-005, 3.59078087E-001
 1.37000000E+001,-5.69921521E-002, 7.06215723E-002, 5.00562671E-001,-1.55849900E+000, 3.17776422E-005, 3.56887883E-001
 1.39000000E+001,-5.80239027E-002, 7.08147706E-002, 4.99217193E-001,-1.55935300E+000, 3.14543612E-005, 3.54782582E-001
 1.41000000E+001,-5.90434573E-002, 7.09993034E-002, 4.97933933E-001,-1.56020700E+000, 3.11481621E-005, 3.52781846E-001
 1.43000000E+001,-6.00498658E-002, 7.11732324E-002, 4.96725431E-001,-1.56106100E+000, 3.08617103E-005, 3.50904181E-001
 1.45000000E+001,-6.10424316E-002, 7.13348910E-002, 4.95602529E-001,-1.56191500E+000, 3.05972118E-005, 3.49165235E-001
 1.47000000E+001,-6.20207888E-002, 7.14830189E-002, 4.94573458E-001,-1.56276900E+000, 3.03562253E-005, 3.47576486E-001
 1.49000000E+001,-6.29849357E-002, 7.16168414E-002, 4.93643277E-001,-1.56362300E+000, 3.01395600E-005, 3.46144472E-001
 1.51000000E+001,-6.39352274E-002, 7.17360907E-002, 4.92813709E-001,-1.56447700E+000, 2.99472641E-005, 3.44870633E-001
 1.53000000E+001,-6.48723316E-002, 7.18409725E-002, 4.92083322E-001,-1.56533100E+000, 2.97786899E-005, 3.43751681E-001
 1.55000000E+001,-6.57971628E-002, 7.19320942E-002, 4.91447990E-001,-1.56618500E+000, 2.96326130E-005, 3.42780342E-001
 1.57000000E+001,-6.67108053E-002, 7.20103718E-002, 4.90901498E-001,-1.56703900E+000, 2.95073800E-005, 3.41946325E-001
 1.59000000E+001,-6.76144368E-002, 7.20769294E-002, 4.90436205E-001,-1.56789300E+000, 2.94010597E-005, 3.41237330E-001
 1.61000000E+001,-6.85092616E-002, 7.21330062E-002, 4.90043662E-001,-1.56874700E+000, 2.93115825E-005, 3.40639985E-001
 1.63000000E+001,-6.93964565E-002, 7.21798767E-002, 4.89715156E-001,-1.56960100E+000, 2.92368570E-005, 3.40140653E-001
 1.65000000E+001,-7.02771306E-002, 7.22187887E-002, 4.89442130E-001,-1.57045500E+000, 2.91748592E-005, 3.39726043E-001
 1.67000000E+001,-7.11523000E-002, 7.22509184E-002, 4.89216491E-001,-1.57130900E+000, 2.91236953E-005, 3.39383664E-001
 1.69000000E+001,-7.20228732E-002, 7.22773424E-002, 4.89030810E-001,-1.57216300E+000, 2.90816414E-005, 3.39102094E-001
 1.71000000E+001,-7.28896463E-002, 7.22990227E-002, 4.88878431E-001,-1.57301700E+000, 2.90471621E-005, 3.38871138E-001
 1.73000000E+001,-7.37533051E-002, 7.23168010E-002, 4.88753508E-001,-1.57387100E+000, 2.90189162E-005, 3.38681867E-001
 1.75000000E+001,-7.46144315E-002, 7.23314019E-002, 4.88650998E-001,-1.57472500E+000, 2.89957508E-005, 3.38526594E-001
 1.77000000E+001,-7.54735128E-002, 7.23434397E-002, 4.88566612E-001,-1.57557900E+000, 2.89766883E-005, 3.38398791E-001
 1.79000000E+001,-7.63309522E-002, 7.23534286E-002, 4.88496752E-001,-1.57643300E+000, 2.89609105E-005, 3.38292989E-001
 1.81000000E+001,-7.71870801E-002, 7.23617940E-002, 4.88438431E-001,-1.57728700E+000, 2.89477397E-005, 3.38204655E-001
 1.83000000E+001,-7.80421644E-002, 7.23688845E-002, 4.88389198E-001,-1.57814100E+000, 2.89366206E-005, 3.38130070E-001
 1.85000000E+001,-7.88964206E-002, 7.23749827E-002, 4.88347057E-001,-1.57899500E+000, 2.89271016E-005, 3.38066213E-001
 1.87000000E+001,-7.97500203E-002, 7.23803163E-002, 4.88310400E-001,-1.57984900E+000, 2.89188193E-005, 3.38010646E-001
 1.89000000E+001,-8.06030994E-002, 7.23850669E-002, 4.88277941E-001,-1.58070300E+000, 2.89114827E-005, 3.37961421E-001
 1.91000000E+001,-8.14557647E-002, 7.23893786E-002, 4.88248655E-001,-1.58155700E+000, 2.89048612E-005, 3.37916990E-001
 1.93000000E+001,-8.23080992E-002, 7.23933648E-002, 4.88221736E-001,-1.58241100E+000, 2.88987726E-005, 3.37876133E-001
 1.95000000E+001,-8.31601674E-002, 7.23971142E-002, 4.88196552E-001,-1.58326500E+000, 2.88930743E-005, 3.37837893E-001
 1.97000000E+001,-8.40120186E-002, 7.24006958E-002, 4.88172609E-001,-1.58411900E+000, 2.88876553E-005, 3.37801525E-001
 1.99000000E+001,-8.48636905E-002, 7.24041631E-002, 4.88149525E-001,-1.58497300E+000, 2.88824293E-005, 3.37766451E-001
 2.01000000E+001,-8.57152116E-002, 7.24075573E-002, 4.88127004E-001,-1.58582700E+000, 2.88773301E-005, 3.37732225E-001
 2.03000000E+001,-8.65666031E-002, 7.24109098E-002, 4.88104822E-001,-1.58668100E+000, 2.88723067E-005, 3.37698507E-001
 2.05000000E+001,-8.74178808E-002, 7.24142446E-002, 4.88082804E-001,-1.58753500E+000, 2.88673203E-005, 3.37665035E-001
 2.07000000E+001,-8.82690563E-002, 7.24175802E-002, 4.88060819E-001,-1.58838900E+000, 2.88623411E-005, 3.37631610E-001
 2.09000000E+001,-8.91201379E-002, 7.24209303E-002, 4.88038768E-001,-1.58924300E+000, 2.88573468E-005, 3.37598082E-001
 2.11000000E+001,-8.99711314E-002, 7.24243054E-002, 4.88016574E-001,-1.59009700E+000, 2.88523205E-005, 3.37564337E-001
 2.13000000E+001,-9.08220408E-002, 7.24277135E-002, 4.87994181E-001,-1.59095100E+000, 2.88472492E-005, 3.37530288E-001
 2.15000000E+001,-9.16728685E-002, 7.24311606E-002, 4.87971545E-001,-1.59180500E+000, 2.88421234E-005, 3.37495871E-001
 2.17000000E+001,-9.25236162E-002, 7.24346512E-002, 4.87948635E-001,-1.59265900E+000, 2.88369357E-005, 3.37461036E-001
 2.19000000E+001,-9.33742844E-002, 7.24381887E-002, 4.87925424E-001,-1.59351300E+000, 2.88316805E-005, 3.37425747E-001
 2.21000000E+001,-9.42248732E-002, 7.24417758E-002, 4.87901895E-001,-1.59436700E+000, 2.88263539E-005, 3.37389975E-001
 2.23000000E+001,-9.50753824E-002, 7.24454144E-002, 4.87878033E-001,-1.59522100E+000, 2.88209525E-005, 3.37353699E-001
 2.25000000E+001,-9.59258113E-002, 7.24491061E-002, 4.87853827E-001,-1.59607500E+000, 2.88154738E-005, 3.37316902E-001
 2.27000000E+001,-9.67761589E-002, 7.24528522E-002, 4.87829269E-001,-1.59692900E+000, 2.88099161E-005, 3.37279571E-001
 2.29000000E+001,-9.76264241E-002, 7.24566535E-002, 4.87804351E-001,-1.59778300E+000, 2.88042778E-005, 3.37241697E-001
 2.31000000E+001,-9.84766056E-002, 7.24605110E-002, 4.87779070E-001,-1.59863700E+000, 2.87985578E-005, 3.37203271E-001
 2.33000000E+001,-9.93267022E-002, 7.24644252E-002, 4.87753419E-001,-1.59949100E+000, 2.87927550E-005, 3.37164287E-001
 2.35000000E+001,-1.00176712E-001, 7.24683967E-002, 4.87727395E-001,-1.60034500E+000, 2.87868688E-005, 3.37124739E-001
 2.37000000E+001,-1.01026635E-001, 7.24724259E-002, 4.87700997E-001,-1.60119900E+000, 2.87808984E-005, 3.37084624E-001
 2.39000000E+001,-1.01876467E-001, 7.24765132E-002, 4.87674220E-001,-1.60205300E+000, 2.87748434E-005, 3.37043936E-001
 2.41000000E+001,-1.02726209E-001, 7.24806589E-002, 4.87647063E-001,-1.60290700E+000, 2.87687033E-005, 3.37002674E-001
 2.43000000E+001,-1.03575858E-001, 7.24848634E-002, 4.87619524E-001,-1.60376100E+000, 2.87624776E-005, 3.36960834E-001
 2.45000000E+001,-1.04425413E-001, 7.24891269E-002, 4.87591601E-001,-1.60461500E+000, 2.87561662E-005, 3.36918415E-001
 2.47000000E+001,-1.05274871E-001, 7.24934495E-002, 4.87563293E-001,-1.60546900E+000, 2.87497687E-005, 3.36875414E-001
 2.49000000E+001,-1.06124232E-001, 7.24978316E-002, 4.87534599E-001,-1.60632300E+000, 2.87432849E-005, 3.36831829E-001
 2.51000000E+001,-1.06973493E-001, 7.25022732E-002, 4.87505519E-001,-1.60717700E+000, 2.87367146E-005, 3.36787660E-001
 2.53000000E+001,-1.07822653E-001, 7.25067744E-002, 4.87476050E-001,-1.60803100E+000, 2.87300578E-005, 3.36742906E-001
 2.55000000E+001,-1.08671710E-001, 7.25113355E-002, 4.87446194E-001,-1.60888500E+000, 2.87233143E-005, 3.36697566E-001
 2.57000000E+001,-1.09520661E-001, 7.25159563E-002, 4.87415949E-001,-1.60973900E+000, 2.87164841E-005, 3.36651639E-001
 2.59000000E+001,-1.10369506E-001, 7.25206370E-002, 4.87385315E-001,-1.61059300E+000, 2.87095673E-005, 3.36605126E-001
 2.61000000E+001,-1.11218243E-001, 7.25253775E-002, 4.87354293E-001,-1.61144700E+000, 2.87025639E-005, 3.36558027E-001
 2.63000000E+001,-1.12066869E-001, 7.25301779E-002, 4.87322882E-001,-1.61230100E+000, 2.86954740E-005, 3.36510342E-001
 2.65000000E+001,-1.12915382E-001, 7.25350381E-002, 4.87291084E-001,-1.61315500E+000, 2.86882978E-005, 3.36462072E-001
 2.67000000E+001,-1.13763781E-001, 7.25399579E-002, 4.87258899E-001,-1.61400900E+000, 2.86810354E-005, 3.36413220E-001
 2.69000000E+001,-1.14612064E-001, 7.25449373E-002, 4.87226328E-001,-1.61486300E+000, 2.86736872E-005, 3.36363785E-001
 2.71000000E+001,-1.15460229E-001, 7.25499760E-002, 4.87193372E-001,-1.61571700E+000, 2.86662535E-005, 3.36313771E-001
 2.73000000E+001,-1.16308274E-001, 7.25550739E-002, 4.87160033E-001,-1.61657100E+000, 2.86587346E-005, 3.36263180E-001
 2.75000000E+001,-1.17156196E-001, 7.25602307E-002, 4.87126311E-001,-1.61742500E+000, 2.86511310E-005, 3.36212013E-001
 2.77000000E+001,-1.18003994E-001, 7.25654461E-002, 4.87092212E-001,-1.61827900E+000, 2.86434432E-005, 3.36160277E-001
 2.79000000E+001,-1.18851667E-001, 7.25707202E-002, 4.87057731E-001,-1.61913300E+000, 2.86356712E-005, 3.36107967E-001
 2.81000000E+001,-1.19699209E-001, 7.25760508E-002, 4.87022887E-001,-1.61998700E+000, 2.86278185E-005, 3.36055111E-001
 2.83000000E+001,-1.20546627E-001, 7.25814442E-002, 4.86987629E-001,-1.62084100E+000, 2.86198741E-005, 3.36001633E-001
 2.85000000E+001,-1.21393893E-001, 7.25868753E-002, 4.86952158E-001,-1.62169500E+000, 2.86118826E-005, 3.35947832E-001
 2.87000000E+001,-1.22241098E-001, 7.25924349E-002, 4.86915746E-001,-1.62254900E+000, 2.86036828E-005, 3.35892624E-001
 2.89000000E+001,-1.23087894E-001, 7.25977845E-002, 4.86881097E-001,-1.62340300E+000, 2.85958738E-005, 3.35840042E-001
 2.91000000E+001,-1.23935556E-001, 7.26041727E-002, 4.86838232E-001,-1.62425700E+000, 2.85862457E-005, 3.35775204E-001
 2.93000000E+001,-1.24779363E-001, 7.26069731E-002, 4.86824056E-001,-1.62511100E+000, 2.85829708E-005, 3.35753149E-001
 2.95000000E+001,-1.25636694E-001, 7.26231750E-002, 4.86702119E-001,-1.62596500E+000, 2.85558575E-005, 3.35570516E-001
 2.97000000E+001,-1.26442031E-001, 7.25880529E-002, 4.86975222E-001,-1.62681900E+000, 2.86164531E-005, 3.35978604E-001
 2.99000000E+001,-1.27421468E-001, 7.27108089E-002, 4.85766548E-001,-1.62767300E+000, 2.83532344E-005, 3.34203829E-001
