   5400.0623804872675      ,         150
X,ZB,H,U,ZF,QS,TS
 1.00000000E-001,-1.99996265E-002, 8.70563848E-002, 4.05895031E-001,-1.50042700E+000, 1.39118172E-005, 2.25666697E-001
 3.00000000E-001,-2.01076862E-002, 8.65109219E-002, 4.08643607E-001,-1.50128100E+000, 1.43017719E-005, 2.28990022E-001
 5.00000000E-001,-2.02391120E-002, 8.60100763E-002, 4.11043793E-001,-1.50213500E+000, 1.46495804E-005, 2.31928757E-001
 7.00000000E-001,-2.03935319E-002, 8.55257715E-002, 4.13390135E-001,-1.50298900E+000, 1.49947078E-005, 2.34821936E-001
 9.00000000E-001,-2.05703488E-002, 8.50572752E-002, 4.15685507E-001,-1.50384300E+000, 1.53372577E-005, 2.37671640E-001
 1.10000000E+000,-2.07689703E-002, 8.46041220E-002, 4.17930081E-001,-1.50469700E+000, 1.56769673E-005, 2.40476837E-001
 1.30000000E+000,-2.09888118E-002, 8.41658567E-002, 4.20124076E-001,-1.50555100E+000, 1.60135848E-005, 2.43236583E-001
 1.50000000E+000,-2.12292977E-002, 8.37420331E-002, 4.22267772E-001,-1.50640500E+000, 1.63468732E-005, 2.45950048E-001
 1.70000000E+000,-2.14898620E-002, 8.33322147E-002, 4.24361511E-001,-1.50725900E+000, 1.66766098E-005, 2.48616507E-001
 1.90000000E+000,-2.17699488E-002, 8.29359747E-002, 4.26405686E-001,-1.50811300E+000, 1.70025863E-005, 2.51235339E-001
 2.10000000E+000,-2.20690132E-002, 8.25528972E-002, 4.28400734E-001,-1.50896700E+000, 1.73246083E-005, 2.53806018E-001
 2.30000000E+000,-2.23865213E-002, 8.21825772E-002, 4.30347136E-001,-1.50982100E+000, 1.76424946E-005, 2.56328106E-001
 2.50000000E+000,-2.27219508E-002, 8.18246204E-002, 4.32245408E-001,-1.51067500E+000, 1.79560774E-005, 2.58801251E-001
 2.70000000E+000,-2.30747907E-002, 8.14786443E-002, 4.34096096E-001,-1.51152900E+000, 1.82652016E-005, 2.61225180E-001
 2.90000000E+000,-2.34445422E-002, 8.11442772E-002, 4.35899776E-001,-1.51238300E+000, 1.85697241E-005, 2.63599691E-001
 3.10000000E+000,-2.38307178E-002, 8.08211590E-002, 4.37657045E-001,-1.51323700E+000, 1.88695141E-005, 2.65924654E-001
 3.30000000E+000,-2.42328422E-002, 8.05089406E-002, 4.39368520E-001,-1.51409100E+000, 1.91644517E-005, 2.68200001E-001
 3.50000000E+000,-2.46504516E-002, 8.02072843E-002, 4.41034837E-001,-1.51494500E+000, 1.94544282E-005, 2.70425723E-001
 3.70000000E+000,-2.50830937E-002, 7.99158631E-002, 4.42656643E-001,-1.51579900E+000, 1.97393454E-005, 2.72601867E-001
 3.90000000E+000,-2.55303279E-002, 7.96343609E-002, 4.44234598E-001,-1.51665300E+000, 2.00191152E-005, 2.74728530E-001
 4.10000000E+000,-2.59917248E-002, 7.93624723E-002, 4.45769370E-001,-1.51750700E+000, 2.02936588E-005, 2.76805858E-001
 4.30000000E+000,-2.64668660E-002, 7.90999020E-002, 4.47261632E-001,-1.51836100E+000, 2.05629069E-005, 2.78834038E-001
 4.50000000E+000,-2.69553442E-002, 7.88463649E-002, 4.48712065E-001,-1.51921500E+000, 2.08267988E-005, 2.80813299E-001
 4.70000000E+000,-2.74567627E-002, 7.86015858E-002, 4.50121349E-001,-1.52006900E+000, 2.10852822E-005, 2.82743908E-001
 4.90000000E+000,-2.79707352E-002, 7.83652990E-002, 4.51490169E-001,-1.52092300E+000, 2.13383128E-005, 2.84626163E-001
 5.10000000E+000,-2.84968855E-002, 7.81372480E-002, 4.52819206E-001,-1.52177700E+000, 2.15858537E-005, 2.86460395E-001
 5.30000000E+000,-2.90348475E-002, 7.79171854E-002, 4.54109145E-001,-1.52263100E+000, 2.18278754E-005, 2.88246964E-001
 5.50000000E+000,-2.95842648E-002, 7.77048722E-002, 4.55360662E-001,-1.52348500E+000, 2.20643549E-005, 2.89986255E-001
 5.70000000E+000,-3.01447903E-002, 7.75000781E-002, 4.56574436E-001,-1.52433900E+000, 2.22952761E-005, 2.91678679E-001
 5.90000000E+000,-3.07160861E-002, 7.73025807E-002, 4.57751139E-001,-1.52519300E+000, 2.25206286E-005, 2.93324667E-001
 6.10000000E+000,-3.12978232E-002, 7.71121656E-002, 4.58891436E-001,-1.52604700E+000, 2.27404083E-005, 2.94924670E-001
 6.30000000E+000,-3.18896814E-002, 7.69286256E-002, 4.59995992E-001,-1.52690100E+000, 2.29546163E-005, 2.96479159E-001
 6.50000000E+000,-3.24913488E-002, 7.67517610E-002, 4.61065461E-001,-1.52775500E+000, 2.31632590E-005, 2.97988620E-001
 6.70000000E+000,-3.31025216E-002, 7.65813789E-002, 4.62100494E-001,-1.52860900E+000, 2.33663479E-005, 2.99453554E-001
 6.90000000E+000,-3.37229040E-002, 7.64172932E-002, 4.63101734E-001,-1.52946300E+000, 2.35638989E-005, 3.00874477E-001
 7.10000000E+000,-3.43522079E-002, 7.62593241E-002, 4.64069817E-001,-1.53031700E+000, 2.37559328E-005, 3.02251915E-001
 7.30000000E+000,-3.49901526E-002, 7.61072979E-002, 4.65005372E-001,-1.53117100E+000, 2.39424742E-005, 3.03586407E-001
 7.50000000E+000,-3.56364648E-002, 7.59610470E-002, 4.65909020E-001,-1.53202500E+000, 2.41235518E-005, 3.04878502E-001
 7.70000000E+000,-3.62908778E-002, 7.58204093E-002, 4.66781377E-001,-1.53287900E+000, 2.42991983E-005, 3.06128757E-001
 7.90000000E+000,-3.69531322E-002, 7.56852280E-002, 4.67623049E-001,-1.53373300E+000, 2.44694497E-005, 3.07337738E-001
 8.10000000E+000,-3.76229749E-002, 7.55553518E-002, 4.68434634E-001,-1.53458700E+000, 2.46343454E-005, 3.08506019E-001
 8.30000000E+000,-3.83001593E-002, 7.54306340E-002, 4.69216726E-001,-1.53544100E+000, 2.47939283E-005, 3.09634179E-001
 8.50000000E+000,-3.89844448E-002, 7.53109329E-002, 4.69969909E-001,-1.53629500E+000, 2.49482440E-005, 3.10722803E-001
 8.70000000E+000,-3.96755971E-002, 7.51961110E-002, 4.70694759E-001,-1.53714900E+000, 2.50973411E-005, 3.11772484E-001
 8.90000000E+000,-4.03733875E-002, 7.50860354E-002, 4.71391846E-001,-1.53800300E+000, 2.52412710E-005, 3.12783817E-001
 9.10000000E+000,-4.10775931E-002, 7.49805773E-002, 4.72061733E-001,-1.53885700E+000, 2.53800877E-005, 3.13757402E-001
 9.30000000E+000,-4.17879964E-002, 7.48796115E-002, 4.72704976E-001,-1.53971100E+000, 2.55138474E-005, 3.14693843E-001
 9.50000000E+000,-4.25043853E-002, 7.47830169E-002, 4.73322124E-001,-1.54056500E+000, 2.56426090E-005, 3.15593748E-001
 9.70000000E+000,-4.32265528E-002, 7.46906757E-002, 4.73913719E-001,-1.54141900E+000, 2.57664333E-005, 3.16457728E-001
 9.90000000E+000,-4.39542969E-002, 7.46024736E-002, 4.74480297E-001,-1.54227300E+000, 2.58853834E-005, 3.17286397E-001
 1.01000000E+001,-4.46874206E-002, 7.45182994E-002, 4.75022389E-001,-1.54312700E+000, 2.59995244E-005, 3.18080371E-001
 1.03000000E+001,-4.54257314E-002, 7.44380450E-002, 4.75540517E-001,-1.54398100E+000, 2.61089233E-005, 3.18840269E-001
 1.05000000E+001,-4.61690415E-002, 7.43616053E-002, 4.76035200E-001,-1.54483500E+000, 2.62136488E-005, 3.19566711E-001
 1.07000000E+001,-4.69171678E-002, 7.42888778E-002, 4.76506950E-001,-1.54568900E+000, 2.63137714E-005, 3.20260322E-001
 1.09000000E+001,-4.76699311E-002, 7.42197624E-002, 4.76956276E-001,-1.54654300E+000, 2.64093633E-005, 3.20921726E-001
 1.11000000E+001,-4.84271567E-002, 7.41541619E-002, 4.77383679E-001,-1.54739700E+000, 2.65004983E-005, 3.21551550E-001
 1.13000000E+001,-4.91886741E-002, 7.40919811E-002, 4.77789657E-001,-1.54825100E+000, 2.65872516E-005, 3.22150423E-001
 1.15000000E+001,-4.99543165E-002, 7.40331271E-002, 4.78174702E-001,-1.54910500E+000, 2.66696998E-005, 3.22718975E-001
 1.17000000E+001,-5.07239212E-002, 7.39775089E-002, 4.78539305E-001,-1.54995900E+000, 2.67479211E-005, 3.23257837E-001
 1.19000000E+001,-5.14973293E-002, 7.39250378E-002, 4.78883949E-001,-1.55081300E+000, 2.68219947E-005, 3.23767642E-001
 1.21000000E+001,-5.22743855E-002, 7.38756265E-002, 4.79209114E-001,-1.55166700E+000, 2.68920013E-005, 3.24249026E-001
 1.23000000E+001,-5.30549382E-002, 7.38291898E-002, 4.79515279E-001,-1.55252100E+000, 2.69580225E-005, 3.24702624E-001
 1.25000000E+001,-5.38388392E-002, 7.37856439E-002, 4.79802915E-001,-1.55337500E+000, 2.70201413E-005, 3.25129073E-001
 1.27000000E+001,-5.46259439E-002, 7.37449068E-002, 4.80072495E-001,-1.55422900E+000, 2.70784415E-005, 3.25529010E-001
 1.29000000E+001,-5.54161111E-002, 7.37068977E-002, 4.80324483E-001,-1.55508300E+000, 2.71330079E-005, 3.25903074E-001
 1.31000000E+001,-5.62092028E-002, 7.36715372E-002, 4.80559344E-001,-1.55593700E+000, 2.71839264E-005, 3.26251905E-001
 1.33000000E+001,-5.70050842E-002, 7.36387475E-002, 4.80777539E-001,-1.55679100E+000, 2.72312834E-005, 3.26576143E-001
 1.35000000E+001,-5.78036239E-002, 7.36084518E-002, 4.80979525E-001,-1.55764500E+000, 2.72751664E-005, 3.26876429E-001
 1.37000000E+001,-5.86046934E-002, 7.35805744E-002, 4.81165758E-001,-1.55849900E+000, 2.73156634E-005, 3.27153401E-001
 1.39000000E+001,-5.94081674E-002, 7.35550410E-002, 4.81336688E-001,-1.55935300E+000, 2.73528630E-005, 3.27407702E-001
 1.41000000E+001,-6.02139236E-002, 7.35317783E-002, 4.81492764E-001,-1.56020700E+000, 2.73868542E-005, 3.27639971E-001
 1.43000000E+001,-6.10218429E-002, 7.35107140E-002, 4.81634434E-001,-1.56106100E+000, 2.74177267E-005, 3.27850845E-001
 1.45000000E+001,-6.18318087E-002, 7.34917769E-002, 4.81762138E-001,-1.56191500E+000, 2.74455702E-005, 3.28040963E-001
 1.47000000E+001,-6.26437078E-002, 7.34748968E-002, 4.81876317E-001,-1.56276900E+000, 2.74704747E-005, 3.28210961E-001
 1.49000000E+001,-6.34574298E-002, 7.34600045E-002, 4.81977405E-001,-1.56362300E+000, 2.74925305E-005, 3.28361470E-001
 1.51000000E+001,-6.42728669E-002, 7.34470320E-002, 4.82065836E-001,-1.56447700E+000, 2.75118276E-005, 3.28493122E-001
 1.53000000E+001,-6.50899147E-002, 7.34359120E-002, 4.82142037E-001,-1.56533100E+000, 2.75284560E-005, 3.28606543E-001
 1.55000000E+001,-6.59084711E-002, 7.34265785E-002, 4.82206431E-001,-1.56618500E+000, 2.75425052E-005, 3.28702356E-001
 1.57000000E+001,-6.67284372E-002, 7.34189664E-002, 4.82259438E-001,-1.56703900E+000, 2.75540646E-005, 3.28781177E-001
 1.59000000E+001,-6.75497168E-002, 7.34130119E-002, 4.82301471E-001,-1.56789300E+000, 2.75632228E-005, 3.28843619E-001
 1.61000000E+001,-6.83722166E-002, 7.34086520E-002, 4.82332939E-001,-1.56874700E+000, 2.75700678E-005, 3.28890286E-001
 1.63000000E+001,-6.91958462E-002, 7.34058251E-002, 4.82354244E-001,-1.56960100E+000, 2.75746867E-005, 3.28921776E-001
 1.65000000E+001,-7.00205177E-002, 7.34044709E-002, 4.82365782E-001,-1.57045500E+000, 2.75771655E-005, 3.28938678E-001
 1.67000000E+001,-7.08461465E-002, 7.34045301E-002, 4.82367941E-001,-1.57130900E+000, 2.75775891E-005, 3.28941572E-001
 1.69000000E+001,-7.16726505E-002, 7.34059449E-002, 4.82361104E-001,-1.57216300E+000, 2.75760412E-005, 3.28931028E-001
 1.71000000E+001,-7.24999504E-002, 7.34086588E-002, 4.82345643E-001,-1.57301700E+000, 2.75726038E-005, 3.28907605E-001
 1.73000000E+001,-7.33279699E-002, 7.34126169E-002, 4.82321925E-001,-1.57387100E+000, 2.75673575E-005, 3.28871850E-001
 1.75000000E+001,-7.41566354E-002, 7.34177656E-002, 4.82290304E-001,-1.57472500E+000, 2.75603808E-005, 3.28824297E-001
 1.77000000E+001,-7.49858761E-002, 7.34240531E-002, 4.82251127E-001,-1.57557900E+000, 2.75517506E-005, 3.28765466E-001
 1.79000000E+001,-7.58156241E-002, 7.34314289E-002, 4.82204730E-001,-1.57643300E+000, 2.75415415E-005, 3.28695863E-001
 1.81000000E+001,-7.66458140E-002, 7.34398445E-002, 4.82151440E-001,-1.57728700E+000, 2.75298260E-005, 3.28615979E-001
 1.83000000E+001,-7.74763834E-002, 7.34492530E-002, 4.82091571E-001,-1.57814100E+000, 2.75166744E-005, 3.28526287E-001
 1.85000000E+001,-7.83072727E-002, 7.34596093E-002, 4.82025426E-001,-1.57899500E+000, 2.75021543E-005, 3.28427245E-001
 1.87000000E+001,-7.91384246E-002, 7.34708702E-002, 4.81953299E-001,-1.57984900E+000, 2.74863310E-005, 3.28319293E-001
 1.89000000E+001,-7.99697848E-002, 7.34829943E-002, 4.81875467E-001,-1.58070300E+000, 2.74692671E-005, 3.28202854E-001
 1.91000000E+001,-8.08013015E-002, 7.34959420E-002, 4.81792199E-001,-1.58155700E+000, 2.74510226E-005, 3.28078331E-001
 1.93000000E+001,-8.16329255E-002, 7.35096759E-002, 4.81703750E-001,-1.58241100E+000, 2.74316546E-005, 3.27946109E-001
 1.95000000E+001,-8.24646100E-002, 7.35241603E-002, 4.81610361E-001,-1.58326500E+000, 2.74112175E-005, 3.27806556E-001
 1.97000000E+001,-8.32963108E-002, 7.35393615E-002, 4.81512263E-001,-1.58411900E+000, 2.73897630E-005, 3.27660017E-001
 1.99000000E+001,-8.41279860E-002, 7.35552480E-002, 4.81409671E-001,-1.58497300E+000, 2.73673399E-005, 3.27506821E-001
 2.01000000E+001,-8.49595959E-002, 7.35717897E-002, 4.81302791E-001,-1.58582700E+000, 2.73439942E-005, 3.27347276E-001
 2.03000000E+001,-8.57911033E-002, 7.35889590E-002, 4.81191812E-001,-1.58668100E+000, 2.73197690E-005, 3.27181674E-001
 2.05000000E+001,-8.66224729E-002, 7.36067297E-002, 4.81076915E-001,-1.58753500E+000, 2.72947049E-005, 3.27010284E-001
 2.07000000E+001,-8.74536717E-002, 7.36250779E-002, 4.80958265E-001,-1.58838900E+000, 2.72688395E-005, 3.26833360E-001
 2.09000000E+001,-8.82846683E-002, 7.36439810E-002, 4.80836017E-001,-1.58924300E+000, 2.72422079E-005, 3.26651136E-001
 2.11000000E+001,-8.91154335E-002, 7.36634187E-002, 4.80710315E-001,-1.59009700E+000, 2.72148426E-005, 3.26463831E-001
 2.13000000E+001,-8.99459399E-002, 7.36833721E-002, 4.80581289E-001,-1.59095100E+000, 2.71867737E-005, 3.26271643E-001
 2.15000000E+001,-9.07761617E-002, 7.37038238E-002, 4.80449060E-001,-1.59180500E+000, 2.71580287E-005, 3.26074759E-001
 2.17000000E+001,-9.16060745E-002, 7.37247582E-002, 4.80313740E-001,-1.59265900E+000, 2.71286330E-005, 3.25873345E-001
 2.19000000E+001,-9.24356557E-002, 7.37461612E-002, 4.80175427E-001,-1.59351300E+000, 2.70986097E-005, 3.25667555E-001
 2.21000000E+001,-9.32648839E-002, 7.37680200E-002, 4.80034213E-001,-1.59436700E+000, 2.70679799E-005, 3.25457530E-001
 2.23000000E+001,-9.40937392E-002, 7.37903232E-002, 4.79890181E-001,-1.59522100E+000, 2.70367626E-005, 3.25243395E-001
 2.25000000E+001,-9.49222027E-002, 7.38130606E-002, 4.79743403E-001,-1.59607500E+000, 2.70049751E-005, 3.25025263E-001
 2.27000000E+001,-9.57502567E-002, 7.38362233E-002, 4.79593945E-001,-1.59692900E+000, 2.69726329E-005, 3.24803238E-001
 2.29000000E+001,-9.65778845E-002, 7.38598033E-002, 4.79441867E-001,-1.59778300E+000, 2.69397500E-005, 3.24577409E-001
 2.31000000E+001,-9.74050703E-002, 7.38837937E-002, 4.79287219E-001,-1.59863700E+000, 2.69063388E-005, 3.24347858E-001
 2.33000000E+001,-9.82317993E-002, 7.39081886E-002, 4.79130048E-001,-1.59949100E+000, 2.68724105E-005, 3.24114658E-001
 2.35000000E+001,-9.90580572E-002, 7.39329829E-002, 4.78970393E-001,-1.60034500E+000, 2.68379750E-005, 3.23877870E-001
 2.37000000E+001,-9.98838307E-002, 7.39581722E-002, 4.78808289E-001,-1.60119900E+000, 2.68030411E-005, 3.23637552E-001
 2.39000000E+001,-1.00709107E-001, 7.39837527E-002, 4.78643767E-001,-1.60205300E+000, 2.67676168E-005, 3.23393753E-001
 2.41000000E+001,-1.01533873E-001, 7.40097213E-002, 4.78476854E-001,-1.60290700E+000, 2.67317090E-005, 3.23146518E-001
 2.43000000E+001,-1.02358118E-001, 7.40360753E-002, 4.78307573E-001,-1.60376100E+000, 2.66953241E-005, 3.22895884E-001
 2.45000000E+001,-1.03181829E-001, 7.40628123E-002, 4.78135945E-001,-1.60461500E+000, 2.66584681E-005, 3.22641889E-001
 2.47000000E+001,-1.04004995E-001, 7.40899300E-002, 4.77961990E-001,-1.60546900E+000, 2.66211465E-005, 3.22384566E-001
 2.49000000E+001,-1.04827605E-001, 7.41174261E-002, 4.77785729E-001,-1.60632300E+000, 2.65833650E-005, 3.22123950E-001
 2.51000000E+001,-1.05649646E-001, 7.41452978E-002, 4.77607183E-001,-1.60717700E+000, 2.65451297E-005, 3.21860077E-001
 2.53000000E+001,-1.06471107E-001, 7.41735415E-002, 4.77426379E-001,-1.60803100E+000, 2.65064475E-005, 3.21592992E-001
 2.55000000E+001,-1.07291974E-001, 7.42021519E-002, 4.77243351E-001,-1.60888500E+000, 2.64673274E-005, 3.21322751E-001
 2.57000000E+001,-1.08112230E-001, 7.42311209E-002, 4.77058149E-001,-1.60973900E+000, 2.64277814E-005, 3.21049432E-001
 2.59000000E+001,-1.08931857E-001, 7.42604361E-002, 4.76870846E-001,-1.61059300E+000, 2.63878267E-005, 3.20773150E-001
 2.61000000E+001,-1.09750831E-001, 7.42900779E-002, 4.76681554E-001,-1.61144700E+000, 2.63474888E-005, 3.20494077E-001
 2.63000000E+001,-1.10569118E-001, 7.43200152E-002, 4.76490446E-001,-1.61230100E+000, 2.63068063E-005, 3.20212475E-001
 2.65000000E+001,-1.11386672E-001, 7.43501993E-002, 4.76297792E-001,-1.61315500E+000, 2.62658383E-005, 3.19928751E-001
 2.67000000E+001,-1.12203425E-001, 7.43805532E-002, 4.76104011E-001,-1.61400900E+000, 2.62246766E-005, 3.19643537E-001
 2.69000000E+001,-1.13019275E-001, 7.44109557E-002, 4.75909762E-001,-1.61486300E+000, 2.61834636E-005, 3.19357817E-001
 2.71000000E+001,-1.13834070E-001, 7.44412165E-002, 4.75716076E-001,-1.61571700E+000, 2.61424213E-005, 3.19073132E-001
 2.73000000E+001,-1.14647572E-001, 7.44710366E-002, 4.75524568E-001,-1.61657100E+000, 2.61018964E-005, 3.18791890E-001
 2.75000000E+001,-1.15459417E-001, 7.44999467E-002, 4.75337766E-001,-1.61742500E+000, 2.60624305E-005, 3.18517858E-001
 2.77000000E+001,-1.16269035E-001, 7.45272111E-002, 4.75159632E-001,-1.61827900E+000, 2.60248700E-005, 3.18256927E-001
 2.79000000E+001,-1.17075543E-001, 7.45516772E-002, 4.74996363E-001,-1.61913300E+000, 2.59905384E-005, 3.18018318E-001
 2.81000000E+001,-1.17877561E-001, 7.45715403E-002, 4.74857662E-001,-1.61998700E+000, 2.59615054E-005, 3.17816452E-001
 2.83000000E+001,-1.18672938E-001, 7.45839771E-002, 4.74758711E-001,-1.62084100E+000, 2.59410090E-005, 3.17673897E-001
 2.85000000E+001,-1.19458318E-001, 7.45845751E-002, 4.74723259E-001,-1.62169500E+000, 2.59341189E-005, 3.17625968E-001
 2.87000000E+001,-1.20228477E-001, 7.45664470E-002, 4.74788458E-001,-1.62254900E+000, 2.59487820E-005, 3.17727968E-001
 2.89000000E+001,-1.20975306E-001, 7.45188612E-002, 4.75012434E-001,-1.62340300E+000, 2.59974803E-005, 3.18066582E-001
 2.91000000E+001,-1.21686264E-001, 7.44251377E-002, 4.75486160E-001,-1.62425700E+000, 2.60998856E-005, 3.18777947E-001
 2.93000000E+001,-1.22342087E-001, 7.42594454E-002, 4.76352134E-001,-1.62511100E+000, 2.62871678E-005, 3.20076511E-001
 2.95000000E+001,-1.22913494E-001, 7.39819994E-002, 4.77833919E-001,-1.62596500E+000, 2.66091410E-005, 3.22301801E-001
 2.97000000E+001,-1.23356714E-001, 7.35320178E-002, 4.80283270E-001,-1.62681900E+000, 2.71464944E-005, 3.25995792E-001
 2.99000000E+001,-1.23608133E-001, 7.28176888E-002, 4.84255225E-001,-1.62767300E+000, 2.80324391E-005, 3.32033393E-001
