   5400.0274890262172      ,         150
X,ZB,H,U,ZF,QS,TS
 1.00000000E-001, 2.20006487E-002, 6.24611262E-002, 5.63761302E-001,-1.50042700E+000, 4.95985162E-005, 4.63966301E-001
 3.00000000E-001, 2.06746979E-002, 6.25197121E-002, 5.63422129E-001,-1.50128100E+000, 4.94830793E-005, 4.63319086E-001
 5.00000000E-001, 1.93588202E-002, 6.26152566E-002, 5.62586488E-001,-1.50213500E+000, 4.92126934E-005, 4.61801141E-001
 7.00000000E-001, 1.80475881E-002, 6.27120209E-002, 5.61742046E-001,-1.50298900E+000, 4.89404904E-005, 4.60270184E-001
 9.00000000E-001, 1.67410013E-002, 6.28098620E-002, 5.60890827E-001,-1.50384300E+000, 4.86671277E-005, 4.58729846E-001
 1.10000000E+000, 1.54390807E-002, 6.29087785E-002, 5.60032917E-001,-1.50469700E+000, 4.83926545E-005, 4.57180346E-001
 1.30000000E+000, 1.41418467E-002, 6.30087696E-002, 5.59168396E-001,-1.50555100E+000, 4.81171191E-005, 4.55621900E-001
 1.50000000E+000, 1.28493191E-002, 6.31098336E-002, 5.58297352E-001,-1.50640500E+000, 4.78405707E-005, 4.54054730E-001
 1.70000000E+000, 1.15615170E-002, 6.32119685E-002, 5.57419874E-001,-1.50725900E+000, 4.75630598E-005, 4.52479067E-001
 1.90000000E+000, 1.02784590E-002, 6.33151716E-002, 5.56536059E-001,-1.50811300E+000, 4.72846376E-005, 4.50895149E-001
 2.10000000E+000, 9.00016294E-003, 6.34194397E-002, 5.55646005E-001,-1.50896700E+000, 4.70053569E-005, 4.49303219E-001
 2.30000000E+000, 7.72664608E-003, 6.35247691E-002, 5.54749819E-001,-1.50982100E+000, 4.67252712E-005, 4.47703532E-001
 2.50000000E+000, 6.45792507E-003, 6.36311552E-002, 5.53847610E-001,-1.51067500E+000, 4.64444351E-005, 4.46096346E-001
 2.70000000E+000, 5.19401587E-003, 6.37385931E-002, 5.52939492E-001,-1.51152900E+000, 4.61629043E-005, 4.44481930E-001
 2.90000000E+000, 3.93493384E-003, 6.38470771E-002, 5.52025585E-001,-1.51238300E+000, 4.58807356E-005, 4.42860560E-001
 3.10000000E+000, 2.68069366E-003, 6.39566007E-002, 5.51106014E-001,-1.51323700E+000, 4.55979866E-005, 4.41232517E-001
 3.30000000E+000, 1.43130936E-003, 6.40671569E-002, 5.50180910E-001,-1.51409100E+000, 4.53147160E-005, 4.39598093E-001
 3.50000000E+000, 1.86794323E-004, 6.41787378E-002, 5.49250407E-001,-1.51494500E+000, 4.50309834E-005, 4.37957586E-001
 3.70000000E+000,-1.05283871E-003, 6.42913351E-002, 5.48314646E-001,-1.51579900E+000, 4.47468494E-005, 4.36311302E-001
 3.90000000E+000,-2.28757766E-003, 6.44049392E-002, 5.47373773E-001,-1.51665300E+000, 4.44623754E-005, 4.34659553E-001
 4.10000000E+000,-3.51741108E-003, 6.45195403E-002, 5.46427938E-001,-1.51750700E+000, 4.41776238E-005, 4.33002661E-001
 4.30000000E+000,-4.74232820E-003, 6.46351273E-002, 5.45477300E-001,-1.51836100E+000, 4.38926579E-005, 4.31340954E-001
 4.50000000E+000,-5.96231886E-003, 6.47516885E-002, 5.44522020E-001,-1.51921500E+000, 4.36075417E-005, 4.29674768E-001
 4.70000000E+000,-7.17737355E-003, 6.48692113E-002, 5.43562266E-001,-1.52006900E+000, 4.33223402E-005, 4.28004446E-001
 4.90000000E+000,-8.38748341E-003, 6.49876823E-002, 5.42598212E-001,-1.52092300E+000, 4.30371191E-005, 4.26330340E-001
 5.10000000E+000,-9.59264017E-003, 6.51070869E-002, 5.41630038E-001,-1.52177700E+000, 4.27519449E-005, 4.24652807E-001
 5.30000000E+000,-1.07928362E-002, 6.52274100E-002, 5.40657929E-001,-1.52263100E+000, 4.24668849E-005, 4.22972215E-001
 5.50000000E+000,-1.19880645E-002, 6.53486350E-002, 5.39682077E-001,-1.52348500E+000, 4.21820071E-005, 4.21288936E-001
 5.70000000E+000,-1.31783186E-002, 6.54707448E-002, 5.38702678E-001,-1.52433900E+000, 4.18973803E-005, 4.19603351E-001
 5.90000000E+000,-1.43635928E-002, 6.55937209E-002, 5.37719937E-001,-1.52519300E+000, 4.16130740E-005, 4.17915849E-001
 6.10000000E+000,-1.55438817E-002, 6.57175440E-002, 5.36734062E-001,-1.52604700E+000, 4.13291583E-005, 4.16226826E-001
 6.30000000E+000,-1.67191806E-002, 6.58421934E-002, 5.35745270E-001,-1.52690100E+000, 4.10457040E-005, 4.14536686E-001
 6.50000000E+000,-1.78894855E-002, 6.59676476E-002, 5.34753784E-001,-1.52775500E+000, 4.07627827E-005, 4.12845839E-001
 6.70000000E+000,-1.90547928E-002, 6.60938837E-002, 5.33759832E-001,-1.52860900E+000, 4.04804663E-005, 4.11154704E-001
 6.90000000E+000,-2.02150994E-002, 6.62208777E-002, 5.32763649E-001,-1.52946300E+000, 4.01988278E-005, 4.09463707E-001
 7.10000000E+000,-2.13704027E-002, 6.63486044E-002, 5.31765477E-001,-1.53031700E+000, 3.99179403E-005, 4.07773282E-001
 7.30000000E+000,-2.25207006E-002, 6.64770372E-002, 5.30765566E-001,-1.53117100E+000, 3.96378779E-005, 4.06083870E-001
 7.50000000E+000,-2.36659916E-002, 6.66061482E-002, 5.29764171E-001,-1.53202500E+000, 3.93587151E-005, 4.04395920E-001
 7.70000000E+000,-2.48062745E-002, 6.67359084E-002, 5.28761555E-001,-1.53287900E+000, 3.90805270E-005, 4.02709890E-001
 7.90000000E+000,-2.59415486E-002, 6.68662870E-002, 5.27757987E-001,-1.53373300E+000, 3.88033894E-005, 4.01026243E-001
 8.10000000E+000,-2.70718135E-002, 6.69972521E-002, 5.26753746E-001,-1.53458700E+000, 3.85273784E-005, 3.99345452E-001
 8.30000000E+000,-2.81970694E-002, 6.71287701E-002, 5.25749115E-001,-1.53544100E+000, 3.82525709E-005, 3.97667997E-001
 8.50000000E+000,-2.93173166E-002, 6.72608059E-002, 5.24744388E-001,-1.53629500E+000, 3.79790444E-005, 3.95994368E-001
 8.70000000E+000,-3.04325559E-002, 6.73933230E-002, 5.23739863E-001,-1.53714900E+000, 3.77068768E-005, 3.94325061E-001
 8.90000000E+000,-3.15427883E-002, 6.75262830E-002, 5.22735850E-001,-1.53800300E+000, 3.74361467E-005, 3.92660581E-001
 9.10000000E+000,-3.26480153E-002, 6.76596460E-002, 5.21732663E-001,-1.53885700E+000, 3.71669333E-005, 3.91001443E-001
 9.30000000E+000,-3.37482384E-002, 6.77933703E-002, 5.20730629E-001,-1.53971100E+000, 3.68993164E-005, 3.89348168E-001
 9.50000000E+000,-3.48434593E-002, 6.79274124E-002, 5.19730079E-001,-1.54056500E+000, 3.66333763E-005, 3.87701288E-001
 9.70000000E+000,-3.59336802E-002, 6.80617269E-002, 5.18731355E-001,-1.54141900E+000, 3.63691941E-005, 3.86061343E-001
 9.90000000E+000,-3.70189032E-002, 6.81962666E-002, 5.17734808E-001,-1.54227300E+000, 3.61068514E-005, 3.84428884E-001
 1.01000000E+001,-3.80991305E-002, 6.83309823E-002, 5.16740798E-001,-1.54312700E+000, 3.58464307E-005, 3.82804469E-001
 1.03000000E+001,-3.91743647E-002, 6.84658227E-002, 5.15749692E-001,-1.54398100E+000, 3.55880148E-005, 3.81188666E-001
 1.05000000E+001,-4.02446082E-002, 6.86007344E-002, 5.14761872E-001,-1.54483500E+000, 3.53316877E-005, 3.79582055E-001
 1.07000000E+001,-4.13098635E-002, 6.87356621E-002, 5.13777723E-001,-1.54568900E+000, 3.50775338E-005, 3.77985225E-001
 1.09000000E+001,-4.23701332E-002, 6.88705480E-002, 5.12797645E-001,-1.54654300E+000, 3.48256383E-005, 3.76398774E-001
 1.11000000E+001,-4.34254199E-002, 6.90053323E-002, 5.11822046E-001,-1.54739700E+000, 3.45760872E-005, 3.74823312E-001
 1.13000000E+001,-4.44757260E-002, 6.91399527E-002, 5.10851344E-001,-1.54825100E+000, 3.43289672E-005, 3.73259458E-001
 1.15000000E+001,-4.55210542E-002, 6.92743447E-002, 5.09885968E-001,-1.54910500E+000, 3.40843658E-005, 3.71707843E-001
 1.17000000E+001,-4.65614069E-002, 6.94084415E-002, 5.08926357E-001,-1.54995900E+000, 3.38423710E-005, 3.70169106E-001
 1.19000000E+001,-4.75967867E-002, 6.95421739E-002, 5.07972959E-001,-1.55081300E+000, 3.36030716E-005, 3.68643897E-001
 1.21000000E+001,-4.86271960E-002, 6.96754706E-002, 5.07026231E-001,-1.55166700E+000, 3.33665567E-005, 3.67132873E-001
 1.23000000E+001,-4.96526376E-002, 6.98082579E-002, 5.06086640E-001,-1.55252100E+000, 3.31329156E-005, 3.65636699E-001
 1.25000000E+001,-5.06731145E-002, 6.99404607E-002, 5.05154656E-001,-1.55337500E+000, 3.29022371E-005, 3.64156042E-001
 1.27000000E+001,-5.16886304E-002, 7.00720022E-002, 5.04230754E-001,-1.55422900E+000, 3.26746087E-005, 3.62691568E-001
 1.29000000E+001,-5.26991905E-002, 7.02028061E-002, 5.03315397E-001,-1.55508300E+000, 3.24501140E-005, 3.61243920E-001
 1.31000000E+001,-5.37048035E-002, 7.03327993E-002, 5.02409023E-001,-1.55593700E+000, 3.22288283E-005, 3.59813693E-001
 1.33000000E+001,-5.47054848E-002, 7.04619172E-002, 5.01512003E-001,-1.55679100E+000, 3.20108091E-005, 3.58401374E-001
 1.35000000E+001,-5.57012618E-002, 7.05901134E-002, 5.00624578E-001,-1.55764500E+000, 3.17960815E-005, 3.57007242E-001
 1.37000000E+001,-5.66921823E-002, 7.07173721E-002, 4.99746775E-001,-1.55849900E+000, 3.15846188E-005, 3.55631236E-001
 1.39000000E+001,-5.76783215E-002, 7.08437221E-002, 4.98878318E-001,-1.55935300E+000, 3.13763217E-005, 3.54272825E-001
 1.41000000E+001,-5.86597855E-002, 7.09692434E-002, 4.98018584E-001,-1.56020700E+000, 3.11710102E-005, 3.52930942E-001
 1.43000000E+001,-5.96367033E-002, 7.10940562E-002, 4.97166688E-001,-1.56106100E+000, 3.09684445E-005, 3.51604116E-001
 1.45000000E+001,-6.06091984E-002, 7.12182783E-002, 4.96321766E-001,-1.56191500E+000, 3.07683948E-005, 3.50290930E-001
 1.47000000E+001,-6.15773379E-002, 7.13419450E-002, 4.95483526E-001,-1.56276900E+000, 3.05707690E-005, 3.48990860E-001
 1.49000000E+001,-6.25410614E-002, 7.14648954E-002, 4.94652994E-001,-1.56362300E+000, 3.03757863E-005, 3.47705427E-001
 1.51000000E+001,-6.35001087E-002, 7.15866522E-002, 4.93833306E-001,-1.56447700E+000, 3.01841536E-005, 3.46439392E-001
 1.53000000E+001,-6.44539715E-002, 7.17063356E-002, 4.93030244E-001,-1.56533100E+000, 2.99971823E-005, 3.45201561E-001
 1.55000000E+001,-6.54018980E-002, 7.18226551E-002, 4.92252260E-001,-1.56618500E+000, 2.98167799E-005, 3.44004766E-001
 1.57000000E+001,-6.63429647E-002, 7.19340050E-002, 4.91509800E-001,-1.56703900E+000, 2.96452844E-005, 3.42864805E-001
 1.59000000E+001,-6.72762084E-002, 7.20386566E-002, 4.90814016E-001,-1.56789300E+000, 2.94851636E-005, 3.41798450E-001
 1.61000000E+001,-6.82007890E-002, 7.21350009E-002, 4.90175165E-001,-1.56874700E+000, 2.93386502E-005, 3.40821007E-001
 1.63000000E+001,-6.91161372E-002, 7.22217799E-002, 4.89601119E-001,-1.56960100E+000, 2.92074113E-005, 3.39944065E-001
 1.65000000E+001,-7.00220531E-002, 7.22982483E-002, 4.89096343E-001,-1.57045500E+000, 2.90923316E-005, 3.39174004E-001
 1.67000000E+001,-7.09187323E-002, 7.23642333E-002, 4.88661554E-001,-1.57130900E+000, 2.89934498E-005, 3.38511508E-001
 1.69000000E+001,-7.18067270E-002, 7.24200972E-002, 4.88294008E-001,-1.57216300E+000, 2.89100357E-005, 3.37952048E-001
 1.71000000E+001,-7.26868590E-002, 7.24666274E-002, 4.87988242E-001,-1.57301700E+000, 2.88407648E-005, 3.37487031E-001
 1.73000000E+001,-7.35601132E-002, 7.25048931E-002, 4.87737020E-001,-1.57387100E+000, 2.87839343E-005, 3.37105243E-001
 1.75000000E+001,-7.44275349E-002, 7.25361018E-002, 4.87532271E-001,-1.57472500E+000, 2.87376724E-005, 3.36794268E-001
 1.77000000E+001,-7.52901451E-002, 7.25614772E-002, 4.87365869E-001,-1.57557900E+000, 2.87001120E-005, 3.36541660E-001
 1.79000000E+001,-7.61488813E-002, 7.25821717E-002, 4.87230197E-001,-1.57643300E+000, 2.86695130E-005, 3.36335789E-001
 1.81000000E+001,-7.70045633E-002, 7.25992116E-002, 4.87118496E-001,-1.57728700E+000, 2.86443370E-005, 3.36166351E-001
 1.83000000E+001,-7.78578800E-002, 7.26134714E-002, 4.87025017E-001,-1.57814100E+000, 2.86232796E-005, 3.36024596E-001
 1.85000000E+001,-7.87093907E-002, 7.26256695E-002, 4.86945043E-001,-1.57899500E+000, 2.86052731E-005, 3.35903353E-001
 1.87000000E+001,-7.95595366E-002, 7.26363782E-002, 4.86874823E-001,-1.57984900E+000, 2.85894692E-005, 3.35796922E-001
 1.89000000E+001,-8.04086561E-002, 7.26460411E-002, 4.86811451E-001,-1.58070300E+000, 2.85752117E-005, 3.35700890E-001
 1.91000000E+001,-8.12570033E-002, 7.26549943E-002, 4.86752728E-001,-1.58155700E+000, 2.85620044E-005, 3.35611920E-001
 1.93000000E+001,-8.21047642E-002, 7.26634863E-002, 4.86697027E-001,-1.58241100E+000, 2.85494805E-005, 3.35527543E-001
 1.95000000E+001,-8.29520724E-002, 7.26716981E-002, 4.86643166E-001,-1.58326500E+000, 2.85373738E-005, 3.35445965E-001
 1.97000000E+001,-8.37990216E-002, 7.26797583E-002, 4.86590302E-001,-1.58411900E+000, 2.85254947E-005, 3.35365911E-001
 1.99000000E+001,-8.46456762E-002, 7.26877575E-002, 4.86537845E-001,-1.58497300E+000, 2.85137102E-005, 3.35286484E-001
 2.01000000E+001,-8.54920794E-002, 7.26957581E-002, 4.86485388E-001,-1.58582700E+000, 2.85019287E-005, 3.35207067E-001
 2.03000000E+001,-8.63382593E-002, 7.27038027E-002, 4.86432653E-001,-1.58668100E+000, 2.84900879E-005, 3.35127240E-001
 2.05000000E+001,-8.71842336E-002, 7.27119201E-002, 4.86379452E-001,-1.58753500E+000, 2.84781459E-005, 3.35046719E-001
 2.07000000E+001,-8.80300127E-002, 7.27201292E-002, 4.86325661E-001,-1.58838900E+000, 2.84660747E-005, 3.34965316E-001
 2.09000000E+001,-8.88756022E-002, 7.27284430E-002, 4.86271197E-001,-1.58924300E+000, 2.84538561E-005, 3.34882906E-001
 2.11000000E+001,-8.97210047E-002, 7.27368697E-002, 4.86216007E-001,-1.59009700E+000, 2.84414778E-005, 3.34799409E-001
 2.13000000E+001,-9.05662203E-002, 7.27454152E-002, 4.86160053E-001,-1.59095100E+000, 2.84289319E-005, 3.34714768E-001
 2.15000000E+001,-9.14112482E-002, 7.27540831E-002, 4.86103311E-001,-1.59180500E+000, 2.84162130E-005, 3.34628947E-001
 2.17000000E+001,-9.22560863E-002, 7.27628763E-002, 4.86045765E-001,-1.59265900E+000, 2.84033176E-005, 3.34541922E-001
 2.19000000E+001,-9.31007321E-002, 7.27717965E-002, 4.85987402E-001,-1.59351300E+000, 2.83902431E-005, 3.34453676E-001
 2.21000000E+001,-9.39451829E-002, 7.27808453E-002, 4.85928214E-001,-1.59436700E+000, 2.83769876E-005, 3.34364193E-001
 2.23000000E+001,-9.47894355E-002, 7.27900240E-002, 4.85868193E-001,-1.59522100E+000, 2.83635497E-005, 3.34273466E-001
 2.25000000E+001,-9.56334867E-002, 7.27993334E-002, 4.85807333E-001,-1.59607500E+000, 2.83499283E-005, 3.34181485E-001
 2.27000000E+001,-9.64773332E-002, 7.28087744E-002, 4.85745630E-001,-1.59692900E+000, 2.83361225E-005, 3.34088243E-001
 2.29000000E+001,-9.73209716E-002, 7.28183478E-002, 4.85683079E-001,-1.59778300E+000, 2.83221315E-005, 3.33993736E-001
 2.31000000E+001,-9.81643983E-002, 7.28280544E-002, 4.85619677E-001,-1.59863700E+000, 2.83079546E-005, 3.33897956E-001
 2.33000000E+001,-9.90076099E-002, 7.28378947E-002, 4.85555419E-001,-1.59949100E+000, 2.82935911E-005, 3.33800900E-001
 2.35000000E+001,-9.98506028E-002, 7.28478694E-002, 4.85490302E-001,-1.60034500E+000, 2.82790406E-005, 3.33702563E-001
 2.37000000E+001,-1.00693373E-001, 7.28579790E-002, 4.85424325E-001,-1.60119900E+000, 2.82643026E-005, 3.33602942E-001
 2.39000000E+001,-1.01535918E-001, 7.28682241E-002, 4.85357483E-001,-1.60205300E+000, 2.82493767E-005, 3.33502034E-001
 2.41000000E+001,-1.02378233E-001, 7.28786051E-002, 4.85289775E-001,-1.60290700E+000, 2.82342626E-005, 3.33399834E-001
 2.43000000E+001,-1.03220314E-001, 7.28891224E-002, 4.85221199E-001,-1.60376100E+000, 2.82189601E-005, 3.33296342E-001
 2.45000000E+001,-1.04062158E-001, 7.28997764E-002, 4.85151753E-001,-1.60461500E+000, 2.82034689E-005, 3.33191556E-001
 2.47000000E+001,-1.04903761E-001, 7.29105675E-002, 4.85081436E-001,-1.60546900E+000, 2.81877891E-005, 3.33085474E-001
 2.49000000E+001,-1.05745120E-001, 7.29214959E-002, 4.85010246E-001,-1.60632300E+000, 2.81719206E-005, 3.32978095E-001
 2.51000000E+001,-1.06586229E-001, 7.29325619E-002, 4.84938184E-001,-1.60717700E+000, 2.81558634E-005, 3.32869419E-001
 2.53000000E+001,-1.07427087E-001, 7.29437655E-002, 4.84865249E-001,-1.60803100E+000, 2.81396178E-005, 3.32759446E-001
 2.55000000E+001,-1.08267687E-001, 7.29551070E-002, 4.84791440E-001,-1.60888500E+000, 2.81231839E-005, 3.32648178E-001
 2.57000000E+001,-1.09108027E-001, 7.29665864E-002, 4.84716759E-001,-1.60973900E+000, 2.81065621E-005, 3.32535615E-001
 2.59000000E+001,-1.09948103E-001, 7.29782037E-002, 4.84641207E-001,-1.61059300E+000, 2.80897529E-005, 3.32421760E-001
 2.61000000E+001,-1.10787909E-001, 7.29899589E-002, 4.84564784E-001,-1.61144700E+000, 2.80727566E-005, 3.32306616E-001
 2.63000000E+001,-1.11627444E-001, 7.30018517E-002, 4.84487492E-001,-1.61230100E+000, 2.80555740E-005, 3.32190185E-001
 2.65000000E+001,-1.12466701E-001, 7.30138820E-002, 4.84409334E-001,-1.61315500E+000, 2.80382057E-005, 3.32072472E-001
 2.67000000E+001,-1.13305678E-001, 7.30260496E-002, 4.84330313E-001,-1.61400900E+000, 2.80206526E-005, 3.31953482E-001
 2.69000000E+001,-1.14144370E-001, 7.30383541E-002, 4.84250430E-001,-1.61486300E+000, 2.80029155E-005, 3.31833219E-001
 2.71000000E+001,-1.14982772E-001, 7.30507952E-002, 4.84169690E-001,-1.61571700E+000, 2.79849955E-005, 3.31711691E-001
 2.73000000E+001,-1.15820881E-001, 7.30633723E-002, 4.84088096E-001,-1.61657100E+000, 2.79668938E-005, 3.31588903E-001
 2.75000000E+001,-1.16658693E-001, 7.30760849E-002, 4.84005654E-001,-1.61742500E+000, 2.79486114E-005, 3.31464864E-001
 2.77000000E+001,-1.17496202E-001, 7.30889323E-002, 4.83922368E-001,-1.61827900E+000, 2.79301499E-005, 3.31339581E-001
 2.79000000E+001,-1.18333406E-001, 7.31019139E-002, 4.83838244E-001,-1.61913300E+000, 2.79115106E-005, 3.31213064E-001
 2.81000000E+001,-1.19170298E-001, 7.31150289E-002, 4.83753288E-001,-1.61998700E+000, 2.78926952E-005, 3.31085324E-001
 2.83000000E+001,-1.20006876E-001, 7.31282764E-002, 4.83667506E-001,-1.62084100E+000, 2.78737054E-005, 3.30956369E-001
 2.85000000E+001,-1.20843135E-001, 7.31416553E-002, 4.83580906E-001,-1.62169500E+000, 2.78545429E-005, 3.30826214E-001
 2.87000000E+001,-1.21679070E-001, 7.31551646E-002, 4.83493497E-001,-1.62254900E+000, 2.78352102E-005, 3.30694871E-001
 2.89000000E+001,-1.22514678E-001, 7.31688052E-002, 4.83405272E-001,-1.62340300E+000, 2.78157058E-005, 3.30562331E-001
 2.91000000E+001,-1.23349939E-001, 7.31825514E-002, 4.83316403E-001,-1.62425700E+000, 2.77960681E-005, 3.30428854E-001
 2.93000000E+001,-1.24185024E-001, 7.31966629E-002, 4.83225169E-001,-1.62511100E+000, 2.77759178E-005, 3.30291860E-001
 2.95000000E+001,-1.25018052E-001, 7.32083648E-002, 4.83149962E-001,-1.62596500E+000, 2.77593063E-005, 3.30178900E-001
 2.97000000E+001,-1.25868979E-001, 7.32471471E-002, 4.82895498E-001,-1.62681900E+000, 2.77032559E-005, 3.29797584E-001
 2.99000000E+001,-1.26526877E-001, 7.29969604E-002, 4.84488690E-001,-1.62767300E+000, 2.80564475E-005, 3.32196116E-001
