   30.001790345947146      ,         100
X,ZB,H,U,T1,T2
 5.00000000E-002, 0.00000000E+000, 1.00000000E+000, 1.00000000E-001, 1.32864272E-011,-9.01323581E-020
 1.50000000E-001, 0.00000000E+000, 1.00000000E+000, 1.00000000E-001,-2.50607585E-011, 3.71054560E-019
 2.50000000E-001, 0.00000000E+000, 1.00000000E+000, 1.00000000E-001,-2.80805751E-011,-5.57163001E-019
 3.50000000E-001, 0.00000000E+000, 1.00000000E+000, 1.00000000E-001, 8.39853892E-011, 1.15517197E-018
 4.50000000E-001, 0.00000000E+000, 1.00000000E+000, 1.00000000E-001, 1.36396321E-010,-2.02293712E-018
 5.50000000E-001, 0.00000000E+000, 1.00000000E+000, 1.00000000E-001,-2.38172780E-010, 3.42244812E-018
 6.50000000E-001, 0.00000000E+000, 1.00000000E+000, 1.00000000E-001,-5.10361300E-010,-5.30843296E-018
 7.50000000E-001, 0.00000000E+000, 1.00000000E+000, 1.00000000E-001, 5.12508371E-010, 7.37856841E-018
 8.50000000E-001, 0.00000000E+000, 1.00000000E+000, 1.00000000E-001, 1.67821861E-009,-8.56742980E-018
 9.50000000E-001, 0.00000000E+000, 1.00000000E+000, 1.00000000E-001,-6.21207894E-010, 6.56838610E-018
 1.05000000E+000, 0.00000000E+000, 1.00000000E+000, 1.00000000E-001,-4.80612636E-009, 2.53486304E-018
 1.15000000E+000, 0.00000000E+000, 1.00000000E+000, 1.00000000E-001,-9.50298880E-010,-2.37474262E-017
 1.25000000E+000, 0.00000000E+000, 1.00000000E+000, 1.00000000E-001, 1.13588786E-008, 6.05000636E-017
 1.35000000E+000, 0.00000000E+000, 1.00000000E+000, 1.00000000E-001, 8.85807167E-009,-1.08360457E-016
 1.45000000E+000, 0.00000000E+000, 1.00000000E+000, 1.00000000E-001,-1.98921922E-008, 1.44857860E-016
 1.55000000E+000, 0.00000000E+000, 1.00000000E+000, 1.00000000E-001,-3.19733687E-008,-1.19415781E-016
 1.65000000E+000, 0.00000000E+000, 1.00000000E+000, 1.00000000E-001, 1.74228315E-008,-4.43207505E-017
 1.75000000E+000, 0.00000000E+000, 1.00000000E+000, 1.00000000E-001, 7.65762070E-008, 4.11821253E-016
 1.85000000E+000, 0.00000000E+000, 1.00000000E+000, 1.00000000E-001, 3.79473380E-008,-9.44636557E-016
 1.95000000E+000, 0.00000000E+000, 1.00000000E+000, 1.00000000E-001,-9.19993792E-008, 1.35980955E-015
 2.05000000E+000, 0.00000000E+000, 1.00000000E+000, 1.00000000E-001,-1.62329646E-007,-1.03402729E-015
 2.15000000E+000, 0.00000000E+000, 1.00000000E+000, 1.00000000E-001,-4.04252702E-008,-8.32129449E-016
 2.25000000E+000, 0.00000000E+000, 1.00000000E+000, 1.00000000E-001, 1.86508914E-007, 4.51831485E-015
 2.35000000E+000, 0.00000000E+000, 1.00000000E+000, 1.00000000E-001, 3.57448730E-007,-8.52870293E-015
 2.45000000E+000, 0.00000000E+000, 1.00000000E+000, 1.00000000E-001, 4.87185266E-007, 8.53285761E-015
 2.55000000E+000, 0.00000000E+000, 1.00000000E+000, 1.00000000E-001, 7.59662346E-007, 1.56952501E-015
 2.65000000E+000, 0.00000000E+000, 1.00000000E+000, 1.00000000E-001, 1.55794565E-006,-2.41378467E-014
 2.75000000E+000, 0.00000000E+000, 1.00000000E+000, 1.00000000E-001, 3.96276385E-006, 4.81736998E-014
 2.85000000E+000, 0.00000000E+000, 1.00000000E+000, 1.00000000E-001, 1.10206285E-005,-4.32802746E-014
 2.95000000E+000, 0.00000000E+000, 1.00000000E+000, 1.00000000E-001, 3.07806265E-005,-2.66307181E-014
 3.05000000E+000, 0.00000000E+000, 1.00000000E+000, 1.00000000E-001, 8.31339587E-005, 1.57133366E-013
 3.15000000E+000, 0.00000000E+000, 1.00000000E+000, 1.00000000E-001, 2.14023706E-004,-2.44641380E-013
 3.25000000E+000, 0.00000000E+000, 1.00000000E+000, 1.00000000E-001, 5.22270173E-004, 9.41669965E-014
 3.35000000E+000, 0.00000000E+000, 1.00000000E+000, 1.00000000E-001, 1.20527184E-003, 4.04333485E-013
 3.45000000E+000, 0.00000000E+000, 1.00000000E+000, 1.00000000E-001, 2.63120168E-003,-9.55416885E-013
 3.55000000E+000, 0.00000000E+000, 1.00000000E+000, 1.00000000E-001, 5.45013280E-003, 7.32525888E-013
 3.65000000E+000, 0.00000000E+000, 1.00000000E+000, 1.00000000E-001, 1.07576502E-002, 9.86401418E-013
 3.75000000E+000, 0.00000000E+000, 1.00000000E+000, 1.00000000E-001, 2.02991858E-002,-3.34946020E-012
 3.85000000E+000, 0.00000000E+000, 1.00000000E+000, 1.00000000E-001, 3.66383131E-002, 3.09194812E-012
 3.95000000E+000, 0.00000000E+000, 1.00000000E+000, 1.00000000E-001, 6.31802647E-002, 2.95749567E-012
 4.05000000E+000, 0.00000000E+000, 1.00000000E+000, 1.00000000E-001, 1.04019834E-001,-1.15944724E-011
 4.15000000E+000, 0.00000000E+000, 1.00000000E+000, 1.00000000E-001, 1.63470303E-001, 1.00044436E-011
 4.25000000E+000, 0.00000000E+000, 1.00000000E+000, 1.00000000E-001, 2.44873087E-001, 1.26440299E-011
 4.35000000E+000, 0.00000000E+000, 1.00000000E+000, 1.00000000E-001, 3.48779457E-001,-3.98605708E-011
 4.45000000E+000, 0.00000000E+000, 1.00000000E+000, 1.00000000E-001, 4.71472018E-001, 2.24698426E-011
 4.55000000E+000, 0.00000000E+000, 1.00000000E+000, 1.00000000E-001, 6.04696253E-001, 6.29656014E-011
 4.65000000E+000, 0.00000000E+000, 1.00000000E+000, 1.00000000E-001, 7.36676554E-001,-1.24939036E-010
 4.75000000E+000, 0.00000000E+000, 1.00000000E+000, 1.00000000E-001, 8.53910533E-001,-2.75255488E-012
 4.85000000E+000, 0.00000000E+000, 1.00000000E+000, 1.00000000E-001, 9.43031420E-001, 2.84879085E-010
 4.95000000E+000, 0.00000000E+000, 1.00000000E+000, 1.00000000E-001, 9.92175544E-001,-2.78835851E-010
 5.05000000E+000, 0.00000000E+000, 1.00000000E+000, 1.00000000E-001, 9.92287293E-001,-3.78678725E-010
 5.15000000E+000, 0.00000000E+000, 1.00000000E+000, 1.00000000E-001, 9.42876100E-001, 9.59350187E-010
 5.25000000E+000, 0.00000000E+000, 1.00000000E+000, 1.00000000E-001, 8.53274562E-001, 6.88383414E-011
 5.35000000E+000, 0.00000000E+000, 1.00000000E+000, 1.00000000E-001, 7.35831720E-001,-2.20798014E-009
 5.45000000E+000, 0.00000000E+000, 1.00000000E+000, 1.00000000E-001, 6.04221953E-001, 1.35202301E-009
 5.55000000E+000, 0.00000000E+000, 1.00000000E+000, 1.00000000E-001, 4.71825263E-001, 4.15257065E-009
 5.65000000E+000, 0.00000000E+000, 1.00000000E+000, 1.00000000E-001, 3.49897125E-001,-5.30378416E-009
 5.75000000E+000, 0.00000000E+000, 1.00000000E+000, 1.00000000E-001, 2.46174392E-001,-7.00972241E-009
 5.85000000E+000, 0.00000000E+000, 1.00000000E+000, 1.00000000E-001, 1.64319873E-001, 1.49493263E-008
 5.95000000E+000, 0.00000000E+000, 1.00000000E+000, 1.00000000E-001, 1.04241861E-001, 1.21415385E-008
 6.05000000E+000, 0.00000000E+000, 1.00000000E+000, 1.00000000E-001, 6.30700990E-002,-3.92865535E-008
 6.15000000E+000, 0.00000000E+000, 1.00000000E+000, 1.00000000E-001, 3.65156655E-002,-2.55086985E-008
 6.25000000E+000, 0.00000000E+000, 1.00000000E+000, 1.00000000E-001, 2.02432793E-002, 2.89292115E-007
 6.35000000E+000, 0.00000000E+000, 1.00000000E+000, 1.00000000E-001, 1.07289762E-002, 1.59335102E-006
 6.45000000E+000, 0.00000000E+000, 1.00000000E+000, 1.00000000E-001, 5.43268037E-003, 6.37079531E-006
 6.55000000E+000, 0.00000000E+000, 1.00000000E+000, 1.00000000E-001, 2.63236329E-003, 2.32157677E-005
 6.65000000E+000, 0.00000000E+000, 1.00000000E+000, 1.00000000E-001, 1.22421991E-003, 8.04450150E-005
 6.75000000E+000, 0.00000000E+000, 1.00000000E+000, 1.00000000E-001, 5.48374611E-004, 2.67304400E-004
 6.85000000E+000, 0.00000000E+000, 1.00000000E+000, 1.00000000E-001, 2.37484542E-004, 8.53220781E-004
 6.95000000E+000, 0.00000000E+000, 1.00000000E+000, 1.00000000E-001, 9.98313463E-005, 2.61717110E-003
 7.05000000E+000, 0.00000000E+000, 1.00000000E+000, 1.00000000E-001, 4.09098119E-005, 7.71308608E-003
 7.15000000E+000, 0.00000000E+000, 1.00000000E+000, 1.00000000E-001, 1.64129817E-005, 2.18213454E-002
 7.25000000E+000, 0.00000000E+000, 1.00000000E+000, 1.00000000E-001, 6.46260049E-006, 5.92170385E-002
 7.35000000E+000, 0.00000000E+000, 1.00000000E+000, 1.00000000E-001, 2.48198250E-006, 1.58459606E-001
 7.45000000E+000, 0.00000000E+000, 1.00000000E+000, 1.00000000E-001, 8.99391744E-007, 3.69244935E-001
 7.55000000E+000, 0.00000000E+000, 1.00000000E+000, 1.00000000E-001, 2.75582990E-007, 6.28428812E-001
 7.65000000E+000, 0.00000000E+000, 1.00000000E+000, 1.00000000E-001, 4.60314715E-008, 8.38618360E-001
 7.75000000E+000, 0.00000000E+000, 1.00000000E+000, 1.00000000E-001,-1.47393279E-008, 9.42151298E-001
 7.85000000E+000, 0.00000000E+000, 1.00000000E+000, 1.00000000E-001,-1.19201294E-008, 9.79311123E-001
 7.95000000E+000, 0.00000000E+000, 1.00000000E+000, 1.00000000E-001, 7.57357135E-010, 9.92918382E-001
 8.05000000E+000, 0.00000000E+000, 1.00000000E+000, 1.00000000E-001, 5.01664875E-009, 9.97625650E-001
 8.15000000E+000, 0.00000000E+000, 1.00000000E+000, 1.00000000E-001, 2.87689038E-009, 9.99194065E-001
 8.25000000E+000, 0.00000000E+000, 1.00000000E+000, 1.00000000E-001, 2.40777599E-010, 9.99722457E-001
 8.35000000E+000, 0.00000000E+000, 1.00000000E+000, 1.00000000E-001,-6.00587103E-010, 9.99922840E-001
 8.45000000E+000, 0.00000000E+000, 1.00000000E+000, 1.00000000E-001,-3.24415689E-010, 1.00000688E+000
 8.55000000E+000, 0.00000000E+000, 1.00000000E+000, 1.00000000E-001, 1.66390382E-011, 1.00002115E+000
 8.65000000E+000, 0.00000000E+000, 1.00000000E+000, 1.00000000E-001, 9.16946466E-011, 9.99956296E-001
 8.75000000E+000, 0.00000000E+000, 1.00000000E+000, 1.00000000E-001, 3.43676785E-011, 9.99740770E-001
 8.85000000E+000, 0.00000000E+000, 1.00000000E+000, 1.00000000E-001,-8.68763840E-012, 9.99121970E-001
 8.95000000E+000, 0.00000000E+000, 1.00000000E+000, 1.00000000E-001,-1.15825675E-011, 9.97335857E-001
 9.05000000E+000, 0.00000000E+000, 1.00000000E+000, 1.00000000E-001,-2.18571551E-012, 9.92238506E-001
 9.15000000E+000, 0.00000000E+000, 1.00000000E+000, 1.00000000E-001, 1.94551461E-012, 9.78149211E-001
 9.25000000E+000, 0.00000000E+000, 1.00000000E+000, 1.00000000E-001, 1.17571007E-012, 9.40811322E-001
 9.35000000E+000, 0.00000000E+000, 1.00000000E+000, 1.00000000E-001,-5.20069091E-014, 8.41413674E-001
 9.45000000E+000, 0.00000000E+000, 1.00000000E+000, 1.00000000E-001,-2.80153708E-013, 6.31309090E-001
 9.55000000E+000, 0.00000000E+000, 1.00000000E+000, 1.00000000E-001,-7.52507957E-014, 3.70350282E-001
 9.65000000E+000, 0.00000000E+000, 1.00000000E+000, 1.00000000E-001, 3.84961082E-014, 1.63420420E-001
 9.75000000E+000, 0.00000000E+000, 1.00000000E+000, 1.00000000E-001, 2.74856836E-014, 5.53955726E-002
 9.85000000E+000, 0.00000000E+000, 1.00000000E+000, 1.00000000E-001,-1.00078012E-015, 2.23587988E-002
 9.95000000E+000, 0.00000000E+000, 1.00000000E+000, 1.00000000E-001,-4.12760368E-015, 5.48413463E-003
