   60.010338274030190      ,         100
X,ZB,H,U,T1,T2
 5.00000000E-002, 0.00000000E+000, 9.96261922E-001, 1.00064248E-001, 5.00000000E-001, 1.00000000E+000
 1.50000000E-001, 0.00000000E+000, 9.96262194E-001, 1.00197106E-001, 5.00000000E-001, 1.00000000E+000
 2.50000000E-001, 0.00000000E+000, 9.96264129E-001, 1.00330497E-001, 5.00000000E-001, 1.00000000E+000
 3.50000000E-001, 0.00000000E+000, 9.96267704E-001, 1.00465015E-001, 5.00000000E-001, 1.00000000E+000
 4.50000000E-001, 0.00000000E+000, 9.96272893E-001, 1.00601248E-001, 5.00000000E-001, 1.00000000E+000
 5.50000000E-001, 0.00000000E+000, 9.96279667E-001, 1.00739776E-001, 5.00000000E-001, 1.00000000E+000
 6.50000000E-001, 0.00000000E+000, 9.96287998E-001, 1.00881162E-001, 5.00000000E-001, 1.00000000E+000
 7.50000000E-001, 0.00000000E+000, 9.96297852E-001, 1.01025955E-001, 5.00000000E-001, 1.00000000E+000
 8.50000000E-001, 0.00000000E+000, 9.96309197E-001, 1.01174682E-001, 5.00000000E-001, 1.00000000E+000
 9.50000000E-001, 0.00000000E+000, 9.96321998E-001, 1.01327849E-001, 5.00000000E-001, 1.00000000E+000
 1.05000000E+000, 0.00000000E+000, 9.96336218E-001, 1.01485937E-001, 5.00000000E-001, 1.00000000E+000
 1.15000000E+000, 0.00000000E+000, 9.96351821E-001, 1.01649400E-001, 5.00000000E-001, 1.00000000E+000
 1.25000000E+000, 0.00000000E+000, 9.96368769E-001, 1.01818663E-001, 5.00000000E-001, 1.00000000E+000
 1.35000000E+000, 0.00000000E+000, 9.96387025E-001, 1.01994125E-001, 5.00000000E-001, 1.00000000E+000
 1.45000000E+000, 0.00000000E+000, 9.96406553E-001, 1.02176161E-001, 5.00000000E-001, 1.00000000E+000
 1.55000000E+000, 0.00000000E+000, 9.96427317E-001, 1.02365130E-001, 5.00000000E-001, 1.00000000E+000
 1.65000000E+000, 0.00000000E+000, 9.96449284E-001, 1.02561389E-001, 5.00000000E-001, 1.00000000E+000
 1.75000000E+000, 0.00000000E+000, 9.96472429E-001, 1.02765321E-001, 5.00000000E-001, 1.00000000E+000
 1.85000000E+000, 0.00000000E+000, 9.96496733E-001, 1.02977382E-001, 5.00000000E-001, 1.00000000E+000
 1.95000000E+000, 0.00000000E+000, 9.96522190E-001, 1.03198174E-001, 5.00000000E-001, 1.00000000E+000
 2.05000000E+000, 0.00000000E+000, 9.96548816E-001, 1.03428561E-001, 5.00000000E-001, 1.00000000E+000
 2.15000000E+000, 0.00000000E+000, 9.96576657E-001, 1.03669847E-001, 5.00000000E-001, 1.00000000E+000
 2.25000000E+000, 0.00000000E+000, 9.96605800E-001, 1.03924040E-001, 5.00000000E-001, 1.00000000E+000
 2.35000000E+000, 0.00000000E+000, 9.96636392E-001, 1.04194213E-001, 5.00000000E-001, 1.00000000E+000
 2.45000000E+000, 0.00000000E+000, 9.96668658E-001, 1.04485015E-001, 5.00000000E-001, 1.00000000E+000
 2.55000000E+000, 0.00000000E+000, 9.96702919E-001, 1.04803334E-001, 5.00000000E-001, 1.00000000E+000
 2.65000000E+000, 0.00000000E+000, 9.96739616E-001, 1.05159141E-001, 5.00000000E-001, 1.00000000E+000
 2.75000000E+000, 0.00000000E+000, 9.96779328E-001, 1.05566508E-001, 5.00000000E-001, 1.00000000E+000
 2.85000000E+000, 0.00000000E+000, 9.96822782E-001, 1.06044806E-001, 5.00000000E-001, 1.00000000E+000
 2.95000000E+000, 0.00000000E+000, 9.96870854E-001, 1.06620011E-001, 5.00000000E-001, 1.00000000E+000
 3.05000000E+000, 0.00000000E+000, 9.96924561E-001, 1.07326091E-001, 5.00000000E-001, 1.00000000E+000
 3.15000000E+000, 0.00000000E+000, 9.96985036E-001, 1.08206383E-001, 5.00000000E-001, 1.00000000E+000
 3.25000000E+000, 0.00000000E+000, 9.97053486E-001, 1.09314886E-001, 5.00000000E-001, 1.00000000E+000
 3.35000000E+000, 0.00000000E+000, 9.97131139E-001, 1.10717405E-001, 5.00000000E-001, 1.00000000E+000
 3.45000000E+000, 0.00000000E+000, 9.97219175E-001, 1.12492468E-001, 5.00000000E-001, 1.00000000E+000
 3.55000000E+000, 0.00000000E+000, 9.97318634E-001, 1.14731947E-001, 5.00000000E-001, 1.00000000E+000
 3.65000000E+000, 0.00000000E+000, 9.97430274E-001, 1.17541227E-001, 5.00000000E-001, 1.00000000E+000
 3.75000000E+000, 0.00000000E+000, 9.97554357E-001, 1.21038597E-001, 5.00000000E-001, 1.00000000E+000
 3.85000000E+000, 0.00000000E+000, 9.97690283E-001, 1.25353218E-001, 5.00000000E-001, 1.00000000E+000
 3.95000000E+000, 0.00000000E+000, 9.97835981E-001, 1.30620465E-001, 5.00000000E-001, 1.00000000E+000
 4.05000000E+000, 0.00000000E+000, 9.97986938E-001, 1.36972590E-001, 5.00000000E-001, 1.00000000E+000
 4.15000000E+000, 0.00000000E+000, 9.98134737E-001, 1.44521572E-001, 5.00000000E-001, 1.00000000E+000
 4.25000000E+000, 0.00000000E+000, 9.98265094E-001, 1.53329932E-001, 5.00000000E-001, 1.00000000E+000
 4.35000000E+000, 0.00000000E+000, 9.98355695E-001, 1.63365097E-001, 5.00000000E-001, 1.00000000E+000
 4.45000000E+000, 0.00000000E+000, 9.98374870E-001, 1.74435531E-001, 5.00000000E-001, 1.00000000E+000
 4.55000000E+000, 0.00000000E+000, 9.98283351E-001, 1.86115513E-001, 5.00000000E-001, 1.00000000E+000
 4.65000000E+000, 0.00000000E+000, 9.98042380E-001, 1.97682912E-001, 5.00000000E-001, 1.00000000E+000
 4.75000000E+000, 0.00000000E+000, 9.97630493E-001, 2.08117180E-001, 5.00000000E-001, 1.00000000E+000
 4.85000000E+000, 0.00000000E+000, 9.97065625E-001, 2.16215339E-001, 5.00000000E-001, 1.00000000E+000
 4.95000000E+000, 0.00000000E+000, 9.96419422E-001, 2.20850590E-001, 5.00000000E-001, 1.00000000E+000
 5.05000000E+000, 0.00000000E+000, 9.95806059E-001, 2.21307204E-001, 5.00000000E-001, 1.00000000E+000
 5.15000000E+000, 0.00000000E+000, 9.95343719E-001, 2.17539624E-001, 5.00000000E-001, 1.00000000E+000
 5.25000000E+000, 0.00000000E+000, 9.95107894E-001, 2.10193402E-001, 5.00000000E-001, 1.00000000E+000
 5.35000000E+000, 0.00000000E+000, 9.95110563E-001, 2.00368305E-001, 5.00000000E-001, 1.00000000E+000
 5.45000000E+000, 0.00000000E+000, 9.95310370E-001, 1.89281303E-001, 5.00000000E-001, 1.00000000E+000
 5.55000000E+000, 0.00000000E+000, 9.95641304E-001, 1.77988600E-001, 5.00000000E-001, 1.00000000E+000
 5.65000000E+000, 0.00000000E+000, 9.96038746E-001, 1.67250601E-001, 5.00000000E-001, 1.00000000E+000
 5.75000000E+000, 0.00000000E+000, 9.96453106E-001, 1.57523806E-001, 5.00000000E-001, 1.00000000E+000
 5.85000000E+000, 0.00000000E+000, 9.96852462E-001, 1.49020803E-001, 5.00000000E-001, 1.00000000E+000
 5.95000000E+000, 0.00000000E+000, 9.97219472E-001, 1.41787056E-001, 5.00000000E-001, 1.00000000E+000
 6.05000000E+000, 0.00000000E+000, 9.97546811E-001, 1.35767202E-001, 5.00000000E-001, 1.00000000E+000
 6.15000000E+000, 0.00000000E+000, 9.97833200E-001, 1.30852701E-001, 5.00000000E-001, 1.00000000E+000
 6.25000000E+000, 0.00000000E+000, 9.98080614E-001, 1.26912363E-001, 5.00000000E-001, 1.00000000E+000
 6.35000000E+000, 0.00000000E+000, 9.98292539E-001, 1.23810318E-001, 5.00000000E-001, 1.00000000E+000
 6.45000000E+000, 0.00000000E+000, 9.98472999E-001, 1.21415822E-001, 5.00000000E-001, 1.00000000E+000
 6.55000000E+000, 0.00000000E+000, 9.98626054E-001, 1.19608226E-001, 5.00000000E-001, 1.00000000E+000
 6.65000000E+000, 0.00000000E+000, 9.98755565E-001, 1.18279220E-001, 5.00000000E-001, 1.00000000E+000
 6.75000000E+000, 0.00000000E+000, 9.98865111E-001, 1.17333629E-001, 5.00000000E-001, 1.00000000E+000
 6.85000000E+000, 0.00000000E+000, 9.98957945E-001, 1.16689428E-001, 5.00000000E-001, 1.00000000E+000
 6.95000000E+000, 0.00000000E+000, 9.99036992E-001, 1.16277287E-001, 5.00000000E-001, 1.00000000E+000
 7.05000000E+000, 0.00000000E+000, 9.99104837E-001, 1.16039808E-001, 5.00000000E-001, 1.00000000E+000
 7.15000000E+000, 0.00000000E+000, 9.99163723E-001, 1.15930512E-001, 5.00000000E-001, 1.00000000E+000
 7.25000000E+000, 0.00000000E+000, 9.99215553E-001, 1.15912634E-001, 5.00000000E-001, 1.00000000E+000
 7.35000000E+000, 0.00000000E+000, 9.99261902E-001, 1.15957799E-001, 5.00000000E-001, 1.00000000E+000
 7.45000000E+000, 0.00000000E+000, 9.99304036E-001, 1.16044659E-001, 5.00000000E-001, 1.00000000E+000
 7.55000000E+000, 0.00000000E+000, 9.99342946E-001, 1.16157560E-001, 5.00000000E-001, 1.00000000E+000
 7.65000000E+000, 0.00000000E+000, 9.99379387E-001, 1.16285323E-001, 5.00000000E-001, 1.00000000E+000
 7.75000000E+000, 0.00000000E+000, 9.99413914E-001, 1.16420174E-001, 5.00000000E-001, 1.00000000E+000
 7.85000000E+000, 0.00000000E+000, 9.99446930E-001, 1.16556843E-001, 5.00000000E-001, 1.00000000E+000
 7.95000000E+000, 0.00000000E+000, 9.99478719E-001, 1.16691858E-001, 5.00000000E-001, 1.00000000E+000
 8.05000000E+000, 0.00000000E+000, 9.99509478E-001, 1.16822994E-001, 5.00000000E-001, 1.00000000E+000
 8.15000000E+000, 0.00000000E+000, 9.99539343E-001, 1.16948865E-001, 5.00000000E-001, 1.00000000E+000
 8.25000000E+000, 0.00000000E+000, 9.99568410E-001, 1.17068642E-001, 5.00000000E-001, 1.00000000E+000
 8.35000000E+000, 0.00000000E+000, 9.99596748E-001, 1.17181848E-001, 5.00000000E-001, 1.00000000E+000
 8.45000000E+000, 0.00000000E+000, 9.99624410E-001, 1.17288224E-001, 5.00000000E-001, 1.00000000E+000
 8.55000000E+000, 0.00000000E+000, 9.99651442E-001, 1.17387650E-001, 5.00000000E-001, 1.00000000E+000
 8.65000000E+000, 0.00000000E+000, 9.99677883E-001, 1.17480081E-001, 5.00000000E-001, 1.00000000E+000
 8.75000000E+000, 0.00000000E+000, 9.99703773E-001, 1.17565521E-001, 5.00000000E-001, 1.00000000E+000
 8.85000000E+000, 0.00000000E+000, 9.99729152E-001, 1.17643996E-001, 5.00000000E-001, 1.00000000E+000
 8.95000000E+000, 0.00000000E+000, 9.99754061E-001, 1.17715545E-001, 5.00000000E-001, 1.00000000E+000
 9.05000000E+000, 0.00000000E+000, 9.99778544E-001, 1.17780213E-001, 5.00000000E-001, 1.00000000E+000
 9.15000000E+000, 0.00000000E+000, 9.99802646E-001, 1.17838045E-001, 5.00000000E-001, 1.00000000E+000
 9.25000000E+000, 0.00000000E+000, 9.99826417E-001, 1.17889083E-001, 5.00000000E-001, 1.00000000E+000
 9.35000000E+000, 0.00000000E+000, 9.99849907E-001, 1.17933365E-001, 5.00000000E-001, 1.00000000E+000
 9.45000000E+000, 0.00000000E+000, 9.99873169E-001, 1.17970925E-001, 5.00000000E-001, 1.00000000E+000
 9.55000000E+000, 0.00000000E+000, 9.99896258E-001, 1.18001788E-001, 5.00000000E-001, 1.00000000E+000
 9.65000000E+000, 0.00000000E+000, 9.99919232E-001, 1.18025975E-001, 5.00000000E-001, 1.00000000E+000
 9.75000000E+000, 0.00000000E+000, 9.99942148E-001, 1.18043496E-001, 5.00000000E-001, 1.00000000E+000
 9.85000000E+000, 0.00000000E+000, 9.99965067E-001, 1.18054357E-001, 5.00000000E-001, 1.00000000E+000
 9.95000000E+000, 0.00000000E+000, 9.99988050E-001, 1.18058553E-001, 5.00000000E-001, 1.00000000E+000
