 1.00000000E+003,150
X,ZB,H,U,L,Q,QL
 3.33333333E+000, 9.25674922E+000, 7.95619128E-001, 2.51394319E+000, 9.99929362E+000, 2.00014129E+000, 2.00000000E+001
 1.00000000E+001, 9.13897334E+000, 7.95914527E-001, 2.51440983E+000, 9.99372736E+000, 2.00125532E+000, 2.00000000E+001
 1.66666667E+001, 9.02372196E+000, 7.96494712E-001, 2.51532611E+000, 9.98280988E+000, 2.00344394E+000, 2.00000000E+001
 2.33333333E+001, 8.91080740E+000, 7.97349425E-001, 2.51667534E+000, 9.96676266E+000, 2.00666964E+000, 2.00000000E+001
 3.00000000E+001, 8.80005494E+000, 7.98469186E-001, 2.51844187E+000, 9.94580416E+000, 2.01089823E+000, 2.00000000E+001
 3.66666667E+001, 8.69130239E+000, 7.99845200E-001, 2.52061097E+000, 9.92014980E+000, 2.01609859E+000, 2.00000000E+001
 4.33333333E+001, 8.58439764E+000, 8.01469289E-001, 2.52316873E+000, 9.89001196E+000, 2.02224225E+000, 2.00000000E+001
 5.00000000E+001, 8.47919894E+000, 8.03333819E-001, 2.52610196E+000, 9.85560000E+000, 2.02930314E+000, 2.00000000E+001
 5.66666667E+001, 8.37557012E+000, 8.05431647E-001, 2.52939815E+000, 9.81712023E+000, 2.03725732E+000, 2.00000000E+001
 6.33333333E+001, 8.27338951E+000, 8.07756056E-001, 2.53304533E+000, 9.77477593E+000, 2.04608271E+000, 2.00000000E+001
 7.00000000E+001, 8.17253630E+000, 8.10300707E-001, 2.53703208E+000, 9.72876736E+000, 2.05575889E+000, 2.00000000E+001
 7.66666667E+001, 8.07289921E+000, 8.13059591E-001, 2.54134741E+000, 9.67929173E+000, 2.06626689E+000, 2.00000000E+001
 8.33333333E+001, 7.97437405E+000, 8.16026984E-001, 2.54598072E+000, 9.62654321E+000, 2.07758897E+000, 2.00000000E+001
 9.00000000E+001, 7.87686027E+000, 8.19197407E-001, 2.55092174E+000, 9.57071296E+000, 2.08970848E+000, 2.00000000E+001
 9.66666667E+001, 7.78026330E+000, 8.22565583E-001, 2.55616049E+000, 9.51198909E+000, 2.10260964E+000, 2.00000000E+001
 1.03333333E+002, 7.68449284E+000, 8.26126403E-001, 2.56168722E+000, 9.45055667E+000, 2.11627745E+000, 2.00000000E+001
 1.10000000E+002, 7.58946391E+000, 8.29874891E-001, 2.56749238E+000, 9.38659776E+000, 2.13069746E+000, 2.00000000E+001
 1.16666667E+002, 7.49509430E+000, 8.33806169E-001, 2.57356655E+000, 9.32029136E+000, 2.14585566E+000, 2.00000000E+001
 1.23333333E+002, 7.40130613E+000, 8.37915425E-001, 2.57990042E+000, 9.25181344E+000, 2.16173836E+000, 2.00000000E+001
 1.30000000E+002, 7.30802446E+000, 8.42197883E-001, 2.58648476E+000, 9.18133696E+000, 2.17833199E+000, 2.00000000E+001
 1.36666667E+002, 7.21517802E+000, 8.46648774E-001, 2.59331035E+000, 9.10903181E+000, 2.19562303E+000, 2.00000000E+001
 1.43333333E+002, 7.12269961E+000, 8.51263305E-001, 2.60036797E+000, 9.03506488E+000, 2.21359783E+000, 2.00000000E+001
 1.50000000E+002, 7.03052205E+000, 8.56036631E-001, 2.60764835E+000, 8.95960000E+000, 2.23224251E+000, 2.00000000E+001
 1.56666667E+002, 6.93858280E+000, 8.60963830E-001, 2.61514217E+000, 8.88279798E+000, 2.25154282E+000, 2.00000000E+001
 1.63333333E+002, 6.84682152E+000, 8.66039873E-001, 2.62283998E+000, 8.80481658E+000, 2.27148400E+000, 2.00000000E+001
 1.70000000E+002, 6.75517948E+000, 8.71259600E-001, 2.63073219E+000, 8.72581056E+000, 2.29205068E+000, 2.00000000E+001
 1.76666667E+002, 6.66359995E+000, 8.76617695E-001, 2.63880906E+000, 8.64593161E+000, 2.31322672E+000, 2.00000000E+001
 1.83333333E+002, 6.57203036E+000, 8.82108657E-001, 2.64706066E+000, 8.56532840E+000, 2.33499512E+000, 2.00000000E+001
 1.90000000E+002, 6.48043384E+000, 8.87726781E-001, 2.65547680E+000, 8.48414656E+000, 2.35733787E+000, 2.00000000E+001
 1.96666667E+002, 6.38871495E+000, 8.93466129E-001, 2.66404709E+000, 8.40252870E+000, 2.38023584E+000, 2.00000000E+001
 2.03333333E+002, 6.29687133E+000, 8.99320513E-001, 2.67276085E+000, 8.32061439E+000, 2.40366865E+000, 2.00000000E+001
 2.10000000E+002, 6.20484195E+000, 9.05283465E-001, 2.68160709E+000, 8.23854016E+000, 2.42761455E+000, 2.00000000E+001
 2.16666667E+002, 6.11258241E+000, 9.11348221E-001, 2.69057453E+000, 8.15643951E+000, 2.45205031E+000, 2.00000000E+001
 2.23333333E+002, 6.02005164E+000, 9.17507701E-001, 2.69965153E+000, 8.07444290E+000, 2.47695107E+000, 2.00000000E+001
 2.30000000E+002, 5.92720861E+000, 9.23754486E-001, 2.70882614E+000, 7.99267776E+000, 2.50229030E+000, 2.00000000E+001
 2.36666667E+002, 5.83401623E+000, 9.30080803E-001, 2.71808598E+000, 7.91126850E+000, 2.52803959E+000, 2.00000000E+001
 2.43333333E+002, 5.74043867E+000, 9.36478506E-001, 2.72741835E+000, 7.83033647E+000, 2.55416866E+000, 2.00000000E+001
 2.50000000E+002, 5.64644186E+000, 9.42939064E-001, 2.73681011E+000, 7.75000000E+000, 2.58064516E+000, 2.00000000E+001
 2.56666667E+002, 5.55199431E+000, 9.49453548E-001, 2.74624773E+000, 7.67037439E+000, 2.60743465E+000, 2.00000000E+001
 2.63333333E+002, 5.45706675E+000, 9.56012616E-001, 2.75571730E+000, 7.59157190E+000, 2.63450050E+000, 2.00000000E+001
 2.70000000E+002, 5.36163259E+000, 9.62606511E-001, 2.76520446E+000, 7.51370176E+000, 2.66180381E+000, 2.00000000E+001
 2.76666667E+002, 5.26566861E+000, 9.69225051E-001, 2.77469445E+000, 7.43687016E+000, 2.68930337E+000, 2.00000000E+001
 2.83333333E+002, 5.16914872E+000, 9.75857629E-001, 2.78417213E+000, 7.36118025E+000, 2.71695561E+000, 2.00000000E+001
 2.90000000E+002, 5.07205832E+000, 9.82493213E-001, 2.79362192E+000, 7.28673216E+000, 2.74471458E+000, 2.00000000E+001
 2.96666667E+002, 4.97437975E+000, 9.89120348E-001, 2.80302789E+000, 7.21362298E+000, 2.77253192E+000, 2.00000000E+001
 3.03333333E+002, 4.87609949E+000, 9.95727168E-001, 2.81237371E+000, 7.14194678E+000, 2.80035691E+000, 2.00000000E+001
 3.10000000E+002, 4.77720741E+000, 1.00230141E+000, 2.82164271E+000, 7.07179456E+000, 2.82813646E+000, 2.00000000E+001
 3.16666667E+002, 4.67769499E+000, 1.00883041E+000, 2.83081790E+000, 7.00325432E+000, 2.85581518E+000, 2.00000000E+001
 3.23333333E+002, 4.57756286E+000, 1.01530116E+000, 2.83988198E+000, 6.93641101E+000, 2.88333548E+000, 2.00000000E+001
 3.30000000E+002, 4.47680701E+000, 1.02170032E+000, 2.84881741E+000, 6.87134656E+000, 2.91063765E+000, 2.00000000E+001
 3.36666667E+002, 4.37543153E+000, 1.02801421E+000, 2.85760640E+000, 6.80813984E+000, 2.93765999E+000, 2.00000000E+001
 3.43333333E+002, 4.27344209E+000, 1.03422892E+000, 2.86623100E+000, 6.74686672E+000, 2.96433898E+000, 2.00000000E+001
 3.50000000E+002, 4.17085439E+000, 1.04033027E+000, 2.87467313E+000, 6.68760000E+000, 2.99060949E+000, 2.00000000E+001
 3.56666667E+002, 4.06767694E+000, 1.04630395E+000, 2.88291463E+000, 6.63040947E+000, 3.01640496E+000, 2.00000000E+001
 3.63333333E+002, 3.96392967E+000, 1.05213546E+000, 2.89093734E+000, 6.57536189E+000, 3.04165768E+000, 2.00000000E+001
 3.70000000E+002, 3.85964072E+000, 1.05781026E+000, 2.89872314E+000, 6.52252096E+000, 3.06629908E+000, 2.00000000E+001
 3.76666667E+002, 3.75482914E+000, 1.06331379E+000, 2.90625404E+000, 6.47194737E+000, 3.09025999E+000, 2.00000000E+001
 3.83333333E+002, 3.64952627E+000, 1.06863153E+000, 2.91351222E+000, 6.42369877E+000, 3.11347103E+000, 2.00000000E+001
 3.90000000E+002, 3.54376603E+000, 1.07374910E+000, 2.92048015E+000, 6.37782976E+000, 3.13586294E+000, 2.00000000E+001
 3.96666667E+002, 3.43758983E+000, 1.07865230E+000, 2.92714063E+000, 6.33439193E+000, 3.15736699E+000, 2.00000000E+001
 4.03333333E+002, 3.33103466E+000, 1.08332721E+000, 2.93347692E+000, 6.29343383E+000, 3.17791535E+000, 2.00000000E+001
 4.10000000E+002, 3.22412193E+000, 1.08776023E+000, 2.93947275E+000, 6.25500096E+000, 3.19744156E+000, 2.00000000E+001
 4.16666667E+002, 3.11697314E+000, 1.09193823E+000, 2.94511248E+000, 6.21913580E+000, 3.21588089E+000, 2.00000000E+001
 4.23333333E+002, 3.00956570E+000, 1.09584855E+000, 2.95038112E+000, 6.18587780E+000, 3.23317089E+000, 2.00000000E+001
 4.30000000E+002, 2.90197788E+000, 1.09947916E+000, 2.95526447E+000, 6.15526336E+000, 3.24925171E+000, 2.00000000E+001
 4.36666667E+002, 2.79426639E+000, 1.10281867E+000, 2.95974916E+000, 6.12732586E+000, 3.26406665E+000, 2.00000000E+001
 4.43333333E+002, 2.68648930E+000, 1.10585645E+000, 2.96382276E+000, 6.10209564E+000, 3.27756253E+000, 2.00000000E+001
 4.50000000E+002, 2.57870684E+000, 1.10858269E+000, 2.96747383E+000, 6.07960000E+000, 3.28969011E+000, 2.00000000E+001
 4.56666667E+002, 2.47097799E+000, 1.11098846E+000, 2.97069199E+000, 6.05986322E+000, 3.30040453E+000, 2.00000000E+001
 4.63333333E+002, 2.36337499E+000, 1.11306582E+000, 2.97346803E+000, 6.04290654E+000, 3.30966562E+000, 2.00000000E+001
 4.70000000E+002, 2.25595183E+000, 1.11480781E+000, 2.97579392E+000, 6.02874816E+000, 3.31743829E+000, 2.00000000E+001
 4.76666667E+002, 2.14877374E+000, 1.11620857E+000, 2.97766288E+000, 6.01740325E+000, 3.32369282E+000, 2.00000000E+001
 4.83333333E+002, 2.04190968E+000, 1.11726335E+000, 2.97906944E+000, 6.00888395E+000, 3.32840510E+000, 2.00000000E+001
 4.90000000E+002, 1.93541757E+000, 1.11796855E+000, 2.98000947E+000, 6.00319936E+000, 3.33155686E+000, 2.00000000E+001
 4.96666667E+002, 1.82936038E+000, 1.04722915E+000, 3.18281420E+000, 6.00035555E+000, 3.33313582E+000, 2.00000000E+001
 5.03333333E+002, 1.73470421E+000, 1.16268443E+000, 2.86675879E+000, 6.00035555E+000, 3.33313582E+000, 2.00000000E+001
 5.10000000E+002, 1.66002862E+000, 1.21695807E+000, 2.73761022E+000, 6.00319936E+000, 3.33155686E+000, 2.00000000E+001
 5.16666667E+002, 1.59503353E+000, 1.25234363E+000, 2.65774108E+000, 6.00888395E+000, 3.32840510E+000, 2.00000000E+001
 5.23333333E+002, 1.53642667E+000, 1.27770009E+000, 2.60130906E+000, 6.01740325E+000, 3.32369282E+000, 2.00000000E+001
 5.30000000E+002, 1.48204807E+000, 1.29769627E+000, 2.55640581E+000, 6.02874816E+000, 3.31743829E+000, 2.00000000E+001
 5.36666667E+002, 1.43070622E+000, 1.31460321E+000, 2.51761565E+000, 6.04290654E+000, 3.30966562E+000, 2.00000000E+001
 5.43333333E+002, 1.38177266E+000, 1.32949044E+000, 2.48245827E+000, 6.05986322E+000, 3.30040453E+000, 2.00000000E+001
 5.50000000E+002, 1.33490905E+000, 1.34286025E+000, 2.44976357E+000, 6.07960000E+000, 3.28969011E+000, 2.00000000E+001
 5.56666667E+002, 1.28991679E+000, 1.35496093E+000, 2.41893507E+000, 6.10209564E+000, 3.27756253E+000, 2.00000000E+001
 5.63333333E+002, 1.24666125E+000, 1.36593398E+000, 2.38962255E+000, 6.12732586E+000, 3.26406665E+000, 2.00000000E+001
 5.70000000E+002, 1.20503639E+000, 1.37587943E+000, 2.36158172E+000, 6.15526336E+000, 3.24925171E+000, 2.00000000E+001
 5.76666667E+002, 1.16494942E+000, 1.38488252E+000, 2.33461745E+000, 6.18587780E+000, 3.23317089E+000, 2.00000000E+001
 5.83333333E+002, 1.12631503E+000, 1.39302291E+000, 2.30856281E+000, 6.21913580E+000, 3.21588089E+000, 2.00000000E+001
 5.90000000E+002, 1.08905367E+000, 1.40037681E+000, 2.28327228E+000, 6.25500096E+000, 3.19744156E+000, 2.00000000E+001
 5.96666667E+002, 1.05309134E+000, 1.40701653E+000, 2.25861976E+000, 6.29343383E+000, 3.17791535E+000, 2.00000000E+001
 6.03333333E+002, 1.01835964E+000, 1.41300965E+000, 2.23449782E+000, 6.33439193E+000, 3.15736699E+000, 2.00000000E+001
 6.10000000E+002, 9.84795818E-001, 1.41841830E+000, 2.21081675E+000, 6.37782976E+000, 3.13586294E+000, 2.00000000E+001
 6.16666667E+002, 9.52342516E-001, 1.42329893E+000, 2.18750325E+000, 6.42369877E+000, 3.11347103E+000, 2.00000000E+001
 6.23333333E+002, 9.20947395E-001, 1.42770240E+000, 2.16449870E+000, 6.47194737E+000, 3.09025999E+000, 2.00000000E+001
 6.30000000E+002, 8.90562643E-001, 1.43167433E+000, 2.14175739E+000, 6.52252096E+000, 3.06629908E+000, 2.00000000E+001
 6.36666667E+002, 8.61144399E-001, 1.43525557E+000, 2.11924464E+000, 6.57536189E+000, 3.04165768E+000, 2.00000000E+001
 6.43333333E+002, 8.32652206E-001, 1.43848278E+000, 2.09693505E+000, 6.63040947E+000, 3.01640496E+000, 2.00000000E+001
 6.50000000E+002, 8.05048487E-001, 1.44138893E+000, 2.07481091E+000, 6.68760000E+000, 2.99060949E+000, 2.00000000E+001
 6.56666667E+002, 7.78298076E-001, 1.44400388E+000, 2.05286082E+000, 6.74686672E+000, 2.96433898E+000, 2.00000000E+001
 6.63333333E+002, 7.52367818E-001, 1.44635475E+000, 2.03107847E+000, 6.80813984E+000, 2.93765999E+000, 2.00000000E+001
 6.70000000E+002, 7.27226238E-001, 1.44846638E+000, 2.00946165E+000, 6.87134656E+000, 2.91063765E+000, 2.00000000E+001
 6.76666667E+002, 7.02843250E-001, 1.45036164E+000, 1.98801140E+000, 6.93641101E+000, 2.88333548E+000, 2.00000000E+001
 6.83333333E+002, 6.79189946E-001, 1.45206169E+000, 1.96673130E+000, 7.00325432E+000, 2.85581518E+000, 2.00000000E+001
 6.90000000E+002, 6.56238426E-001, 1.45358620E+000, 1.94562693E+000, 7.07179456E+000, 2.82813646E+000, 2.00000000E+001
 6.96666667E+002, 6.33961666E-001, 1.45495354E+000, 1.92470538E+000, 7.14194678E+000, 2.80035691E+000, 2.00000000E+001
 7.03333333E+002, 6.12333420E-001, 1.45618089E+000, 1.90397494E+000, 7.21362298E+000, 2.77253192E+000, 2.00000000E+001
 7.10000000E+002, 5.91328143E-001, 1.45728440E+000, 1.88344470E+000, 7.28673216E+000, 2.74471458E+000, 2.00000000E+001
 7.16666667E+002, 5.70920956E-001, 1.45827921E+000, 1.86312442E+000, 7.36118025E+000, 2.71695561E+000, 2.00000000E+001
 7.23333333E+002, 5.51087599E-001, 1.45917957E+000, 1.84302428E+000, 7.43687016E+000, 2.68930337E+000, 2.00000000E+001
 7.30000000E+002, 5.31804423E-001, 1.45999885E+000, 1.82315473E+000, 7.51370176E+000, 2.66180381E+000, 2.00000000E+001
 7.36666667E+002, 5.13048368E-001, 1.46074963E+000, 1.80352639E+000, 7.59157190E+000, 2.63450050E+000, 2.00000000E+001
 7.43333333E+002, 4.94796959E-001, 1.46144369E+000, 1.78414993E+000, 7.67037439E+000, 2.60743465E+000, 2.00000000E+001
 7.50000000E+002, 4.77028303E-001, 1.46209209E+000, 1.76503599E+000, 7.75000000E+000, 2.58064516E+000, 2.00000000E+001
 7.56666667E+002, 4.59721086E-001, 1.46270517E+000, 1.74619514E+000, 7.83033647E+000, 2.55416866E+000, 2.00000000E+001
 7.63333333E+002, 4.42854579E-001, 1.46329256E+000, 1.72763784E+000, 7.91126850E+000, 2.52803959E+000, 2.00000000E+001
 7.70000000E+002, 4.26408625E-001, 1.46386326E+000, 1.70937434E+000, 7.99267776E+000, 2.50229030E+000, 2.00000000E+001
 7.76666667E+002, 4.10363647E-001, 1.46442564E+000, 1.69141472E+000, 8.07444290E+000, 2.47695107E+000, 2.00000000E+001
 7.83333333E+002, 3.94700636E-001, 1.46498743E+000, 1.67376883E+000, 8.15643951E+000, 2.45205031E+000, 2.00000000E+001
 7.90000000E+002, 3.79401150E-001, 1.46555584E+000, 1.65644630E+000, 8.23854016E+000, 2.42761455E+000, 2.00000000E+001
 7.96666667E+002, 3.64447305E-001, 1.46613750E+000, 1.63945650E+000, 8.32061439E+000, 2.40366865E+000, 2.00000000E+001
 8.03333333E+002, 3.49821764E-001, 1.46673852E+000, 1.62280857E+000, 8.40252870E+000, 2.38023584E+000, 2.00000000E+001
 8.10000000E+002, 3.35507723E-001, 1.46736454E+000, 1.60651141E+000, 8.48414656E+000, 2.35733787E+000, 2.00000000E+001
 8.16666667E+002, 3.21488903E-001, 1.46802074E+000, 1.59057365E+000, 8.56532840E+000, 2.33499512E+000, 2.00000000E+001
 8.23333333E+002, 3.07749526E-001, 1.46871189E+000, 1.57500374E+000, 8.64593161E+000, 2.31322672E+000, 2.00000000E+001
 8.30000000E+002, 2.94274301E-001, 1.46944233E+000, 1.55980989E+000, 8.72581056E+000, 2.29205068E+000, 2.00000000E+001
 8.36666667E+002, 2.81048406E-001, 1.47021608E+000, 1.54500011E+000, 8.80481658E+000, 2.27148400E+000, 2.00000000E+001
 8.43333333E+002, 2.68057463E-001, 1.47103680E+000, 1.53058226E+000, 8.88279798E+000, 2.25154282E+000, 2.00000000E+001
 8.50000000E+002, 2.55287516E-001, 1.47190786E+000, 1.51656402E+000, 8.95960000E+000, 2.23224251E+000, 2.00000000E+001
 8.56666667E+002, 2.42725013E-001, 1.47283238E+000, 1.50295299E+000, 9.03506488E+000, 2.21359783E+000, 2.00000000E+001
 8.63333333E+002, 2.30356771E-001, 1.47381320E+000, 1.48975666E+000, 9.10903181E+000, 2.19562303E+000, 2.00000000E+001
 8.70000000E+002, 2.18169958E-001, 1.47485299E+000, 1.47698246E+000, 9.18133696E+000, 2.17833199E+000, 2.00000000E+001
 8.76666667E+002, 2.06152060E-001, 1.47595421E+000, 1.46463782E+000, 9.25181344E+000, 2.16173836E+000, 2.00000000E+001
 8.83333333E+002, 1.94290855E-001, 1.47711920E+000, 1.45273020E+000, 9.32029136E+000, 2.14585566E+000, 2.00000000E+001
 8.90000000E+002, 1.82574381E-001, 1.47835015E+000, 1.44126712E+000, 9.38659776E+000, 2.13069746E+000, 2.00000000E+001
 8.96666667E+002, 1.70990908E-001, 1.47964917E+000, 1.43025623E+000, 9.45055667E+000, 2.11627745E+000, 2.00000000E+001
 9.03333333E+002, 1.59528903E-001, 1.48101832E+000, 1.41970536E+000, 9.51198909E+000, 2.10260964E+000, 2.00000000E+001
 9.10000000E+002, 1.48176995E-001, 1.48245959E+000, 1.40962255E+000, 9.57071296E+000, 2.08970848E+000, 2.00000000E+001
 9.16666667E+002, 1.36923944E-001, 1.48397501E+000, 1.40001615E+000, 9.62654321E+000, 2.07758897E+000, 2.00000000E+001
 9.23333333E+002, 1.25758598E-001, 1.48556660E+000, 1.39089482E+000, 9.67929173E+000, 2.06626689E+000, 2.00000000E+001
 9.30000000E+002, 1.14669861E-001, 1.48723644E+000, 1.38226770E+000, 9.72876736E+000, 2.05575889E+000, 2.00000000E+001
 9.36666667E+002, 1.03646642E-001, 1.48898671E+000, 1.37414437E+000, 9.77477593E+000, 2.04608271E+000, 2.00000000E+001
 9.43333333E+002, 9.26778202E-002, 1.49081970E+000, 1.36653501E+000, 9.81712023E+000, 2.03725732E+000, 2.00000000E+001
 9.50000000E+002, 8.17521902E-002, 1.49273787E+000, 1.35945043E+000, 9.85560000E+000, 2.02930314E+000, 2.00000000E+001
 9.56666667E+002, 7.08584156E-002, 1.49474384E+000, 1.35290221E+000, 9.89001196E+000, 2.02224225E+000, 2.00000000E+001
 9.63333333E+002, 5.99849726E-002, 1.49684048E+000, 1.34690277E+000, 9.92014980E+000, 2.01609859E+000, 2.00000000E+001
 9.70000000E+002, 4.91200894E-002, 1.49903095E+000, 1.34146545E+000, 9.94580416E+000, 2.01089823E+000, 2.00000000E+001
 9.76666667E+002, 3.82516809E-002, 1.50131872E+000, 1.33660469E+000, 9.96676266E+000, 2.00666964E+000, 2.00000000E+001
 9.83333333E+002, 2.73672768E-002, 1.50370763E+000, 1.33233609E+000, 9.98280988E+000, 2.00344394E+000, 2.00000000E+001
 9.90000000E+002, 1.64539406E-002, 1.50620196E+000, 1.32867661E+000, 9.99372736E+000, 2.00125532E+000, 2.00000000E+001
 9.96666667E+002, 5.49818093E-003, 1.50880651E+000, 1.32564465E+000, 9.99929362E+000, 2.00014129E+000, 2.00000000E+001
