 1.00000000E+003,150
X,ZB,H,U,L,Q,QL
 3.33333333E+000, 9.25674922E+000, 7.95619128E-001, 2.51394319E+000, 9.99929362E+000, 2.00014129E+000, 2.00000000E+001
 1.00000000E+001, 9.13897334E+000, 7.95914527E-001, 2.51440983E+000, 9.99372736E+000, 2.00125532E+000, 2.00000000E+001
 1.66666667E+001, 9.02372196E+000, 7.96494712E-001, 2.51532611E+000, 9.98280988E+000, 2.00344394E+000, 2.00000000E+001
 2.33333333E+001, 8.91080740E+000, 7.97349425E-001, 2.51667534E+000, 9.96676266E+000, 2.00666964E+000, 2.00000000E+001
 3.00000000E+001, 8.80005494E+000, 8.38767849E-001, 2.39744315E+000, 9.94580416E+000, 2.01089823E+000, 2.00000000E+001
 3.66666667E+001, 8.69130239E+000, 9.87803978E-001, 2.04099055E+000, 9.92014980E+000, 2.01609859E+000, 2.00000000E+001
 4.33333333E+001, 8.58439764E+000, 8.01469289E-001, 2.52316873E+000, 9.89001196E+000, 2.02224225E+000, 2.00000000E+001
 5.00000000E+001, 8.47919894E+000, 8.03333819E-001, 2.52610196E+000, 9.85560000E+000, 2.02930314E+000, 2.00000000E+001
 5.66666667E+001, 8.37557012E+000, 8.05431647E-001, 2.52939815E+000, 9.81712023E+000, 2.03725732E+000, 2.00000000E+001
 6.33333333E+001, 8.27338951E+000, 8.07756056E-001, 2.53304533E+000, 9.77477593E+000, 2.04608271E+000, 2.00000000E+001
 7.00000000E+001, 8.17253630E+000, 8.10300707E-001, 2.53703208E+000, 9.72876736E+000, 2.05575889E+000, 2.00000000E+001
 7.66666667E+001, 8.07289921E+000, 8.13059591E-001, 2.54134741E+000, 9.67929173E+000, 2.06626689E+000, 2.00000000E+001
 8.33333333E+001, 7.97437405E+000, 8.16026984E-001, 2.54598072E+000, 9.62654321E+000, 2.07758897E+000, 2.00000000E+001
 9.00000000E+001, 7.87686027E+000, 8.19197407E-001, 2.55092174E+000, 9.57071296E+000, 2.08970848E+000, 2.00000000E+001
 9.66666667E+001, 7.78026330E+000, 8.22565583E-001, 2.55616049E+000, 9.51198909E+000, 2.10260964E+000, 2.00000000E+001
 1.03333333E+002, 7.68449284E+000, 8.26126403E-001, 2.56168722E+000, 9.45055667E+000, 2.11627745E+000, 2.00000000E+001
 1.10000000E+002, 7.58946391E+000, 8.29874891E-001, 2.56749238E+000, 9.38659776E+000, 2.13069746E+000, 2.00000000E+001
 1.16666667E+002, 7.49509430E+000, 8.33806169E-001, 2.57356655E+000, 9.32029136E+000, 2.14585566E+000, 2.00000000E+001
 1.23333333E+002, 7.40130613E+000, 8.37915425E-001, 2.57990042E+000, 9.25181344E+000, 2.16173836E+000, 2.00000000E+001
 1.30000000E+002, 7.30802446E+000, 8.42197883E-001, 2.58648476E+000, 9.18133696E+000, 2.17833199E+000, 2.00000000E+001
 1.36666667E+002, 7.21517802E+000, 8.46648774E-001, 2.59331035E+000, 9.10903181E+000, 2.19562303E+000, 2.00000000E+001
 1.43333333E+002, 7.12269961E+000, 8.51263305E-001, 2.60036797E+000, 9.03506488E+000, 2.21359783E+000, 2.00000000E+001
 1.50000000E+002, 7.03052205E+000, 8.56036631E-001, 2.60764835E+000, 8.95960000E+000, 2.23224251E+000, 2.00000000E+001
 1.56666667E+002, 6.93858280E+000, 8.60963830E-001, 2.61514217E+000, 8.88279798E+000, 2.25154282E+000, 2.00000000E+001
 1.63333333E+002, 6.84682152E+000, 8.66039873E-001, 2.62283998E+000, 8.80481658E+000, 2.27148400E+000, 2.00000000E+001
 1.70000000E+002, 6.75517948E+000, 8.71259600E-001, 2.63073219E+000, 8.72581056E+000, 2.29205068E+000, 2.00000000E+001
 1.76666667E+002, 6.66359995E+000, 8.76617695E-001, 2.63880906E+000, 8.64593161E+000, 2.31322672E+000, 2.00000000E+001
 1.83333333E+002, 6.57203036E+000, 8.82108657E-001, 2.64706066E+000, 8.56532840E+000, 2.33499512E+000, 2.00000000E+001
 1.90000000E+002, 6.48043384E+000, 8.87726781E-001, 2.65547680E+000, 8.48414656E+000, 2.35733787E+000, 2.00000000E+001
 1.96666667E+002, 6.38871495E+000, 8.61914442E-001, 2.76156858E+000, 8.40252870E+000, 2.38023584E+000, 2.00000000E+001
 2.03333333E+002, 6.29687133E+000, 8.99320513E-001, 2.67276085E+000, 8.32061439E+000, 2.40366865E+000, 2.00000000E+001
 2.10000000E+002, 6.20484195E+000, 9.05283465E-001, 2.68160709E+000, 8.23854016E+000, 2.42761455E+000, 2.00000000E+001
 2.16666667E+002, 6.11258241E+000, 9.11348221E-001, 2.69057453E+000, 8.15643951E+000, 2.45205031E+000, 2.00000000E+001
 2.23333333E+002, 6.02005164E+000, 9.17507701E-001, 2.69965153E+000, 8.07444290E+000, 2.47695107E+000, 2.00000000E+001
 2.30000000E+002, 5.92720861E+000, 9.23754486E-001, 2.70882614E+000, 7.99267776E+000, 2.50229030E+000, 2.00000000E+001
 2.36666667E+002, 5.83401623E+000, 9.30080803E-001, 2.71808598E+000, 7.91126850E+000, 2.52803959E+000, 2.00000000E+001
 2.43333333E+002, 5.74043867E+000, 9.29706785E-001, 2.74728409E+000, 7.83033647E+000, 2.55416866E+000, 2.00000000E+001
 2.50000000E+002, 5.64644186E+000, 9.05248002E-001, 2.85076040E+000, 7.75000000E+000, 2.58064516E+000, 2.00000000E+001
 2.56666667E+002, 5.55199431E+000, 9.49453548E-001, 2.74624773E+000, 7.67037439E+000, 2.60743465E+000, 2.00000000E+001
 2.63333333E+002, 5.45706675E+000, 9.56012616E-001, 2.75571730E+000, 7.59157190E+000, 2.63450050E+000, 2.00000000E+001
 2.70000000E+002, 5.36163259E+000, 9.62606511E-001, 2.76520446E+000, 7.51370176E+000, 2.66180381E+000, 2.00000000E+001
 2.76666667E+002, 5.26566861E+000, 9.69225051E-001, 2.77469445E+000, 7.43687016E+000, 2.68930337E+000, 2.00000000E+001
 2.83333333E+002, 5.16914872E+000, 9.75857629E-001, 2.78417213E+000, 7.36118025E+000, 2.71695561E+000, 2.00000000E+001
 2.90000000E+002, 5.07205832E+000, 9.92918020E-001, 2.76429124E+000, 7.28673216E+000, 2.74471458E+000, 2.00000000E+001
 2.96666667E+002, 4.97437975E+000, 1.10480386E+000, 2.50952411E+000, 7.21362298E+000, 2.77253192E+000, 2.00000000E+001
 3.03333333E+002, 4.87609949E+000, 9.95727168E-001, 2.81237371E+000, 7.14194678E+000, 2.80035691E+000, 2.00000000E+001
 3.10000000E+002, 4.77720741E+000, 1.00230141E+000, 2.82164271E+000, 7.07179456E+000, 2.82813646E+000, 2.00000000E+001
 3.16666667E+002, 4.67769499E+000, 1.00883041E+000, 2.83081790E+000, 7.00325432E+000, 2.85581518E+000, 2.00000000E+001
 3.23333333E+002, 4.57756286E+000, 1.01530116E+000, 2.83988198E+000, 6.93641101E+000, 2.88333548E+000, 2.00000000E+001
 3.30000000E+002, 4.47680701E+000, 1.07161586E+000, 2.71612036E+000, 6.87134656E+000, 2.91063765E+000, 2.00000000E+001
 3.36666667E+002, 4.37543153E+000, 1.02801421E+000, 2.85760640E+000, 6.80813984E+000, 2.93765999E+000, 2.00000000E+001
 3.43333333E+002, 4.27344209E+000, 1.03422892E+000, 2.86623100E+000, 6.74686672E+000, 2.96433898E+000, 2.00000000E+001
 3.50000000E+002, 4.17085439E+000, 1.04033027E+000, 2.87467313E+000, 6.68760000E+000, 2.99060949E+000, 2.00000000E+001
 3.56666667E+002, 4.06767694E+000, 1.00184984E+000, 3.01083539E+000, 6.63040947E+000, 3.01640496E+000, 2.00000000E+001
 3.63333333E+002, 3.96392967E+000, 1.05213546E+000, 2.89093734E+000, 6.57536189E+000, 3.04165768E+000, 2.00000000E+001
 3.70000000E+002, 3.85964072E+000, 1.05781026E+000, 2.89872314E+000, 6.52252096E+000, 3.06629908E+000, 2.00000000E+001
 3.76666667E+002, 3.75482914E+000, 1.06331379E+000, 2.90625404E+000, 6.47194737E+000, 3.09025999E+000, 2.00000000E+001
 3.83333333E+002, 3.64952627E+000, 1.06863153E+000, 2.91351222E+000, 6.42369877E+000, 3.11347103E+000, 2.00000000E+001
 3.90000000E+002, 3.54376603E+000, 1.07374910E+000, 2.92048015E+000, 6.37782976E+000, 3.13586294E+000, 2.00000000E+001
 3.96666667E+002, 3.43758983E+000, 1.07865230E+000, 2.92714063E+000, 6.33439193E+000, 3.15736699E+000, 2.00000000E+001
 4.03333333E+002, 3.33103466E+000, 1.03081091E+000, 3.08292755E+000, 6.29343383E+000, 3.17791535E+000, 2.00000000E+001
 4.10000000E+002, 3.22412193E+000, 1.08776023E+000, 2.93947275E+000, 6.25500096E+000, 3.19744156E+000, 2.00000000E+001
 4.16666667E+002, 3.11697314E+000, 1.09193823E+000, 2.94511248E+000, 6.21913580E+000, 3.21588089E+000, 2.00000000E+001
 4.23333333E+002, 3.00956570E+000, 1.09584855E+000, 2.95038112E+000, 6.18587780E+000, 3.23317089E+000, 2.00000000E+001
 4.30000000E+002, 2.90197788E+000, 1.09947916E+000, 2.95526447E+000, 6.15526336E+000, 3.24925171E+000, 2.00000000E+001
 4.36666667E+002, 2.79426639E+000, 1.10281867E+000, 2.95974916E+000, 6.12732586E+000, 3.26406665E+000, 2.00000000E+001
 4.43333333E+002, 2.68648930E+000, 1.10585645E+000, 2.96382276E+000, 6.10209564E+000, 3.27756253E+000, 2.00000000E+001
 4.50000000E+002, 2.57870684E+000, 1.10858269E+000, 2.96747383E+000, 6.07960000E+000, 3.28969011E+000, 2.00000000E+001
 4.56666667E+002, 2.47097799E+000, 1.11098846E+000, 2.97069199E+000, 6.05986322E+000, 3.30040453E+000, 2.00000000E+001
 4.63333333E+002, 2.36337499E+000, 1.11306582E+000, 2.97346803E+000, 6.04290654E+000, 3.30966562E+000, 2.00000000E+001
 4.70000000E+002, 2.25595183E+000, 1.11480781E+000, 2.97579392E+000, 6.02874816E+000, 3.31743829E+000, 2.00000000E+001
 4.76666667E+002, 2.14877374E+000, 1.11620857E+000, 2.97766288E+000, 6.01740325E+000, 3.32369282E+000, 2.00000000E+001
 4.83333333E+002, 2.04190968E+000, 1.11726335E+000, 2.97906944E+000, 6.00888395E+000, 3.32840510E+000, 2.00000000E+001
 4.90000000E+002, 1.93541757E+000, 1.11796855E+000, 2.98000947E+000, 6.00319936E+000, 3.33155686E+000, 2.00000000E+001
 4.96666667E+002, 1.82936038E+000, 1.11832175E+000, 2.98048018E+000, 6.00035555E+000, 3.33313582E+000, 2.00000000E+001
 5.03333333E+002, 1.73470421E+000, 1.15120651E+000, 2.89534135E+000, 6.00035555E+000, 3.33313582E+000, 2.00000000E+001
 5.10000000E+002, 1.66002862E+000, 1.20001598E+000, 2.77626042E+000, 6.00319936E+000, 3.33155686E+000, 2.00000000E+001
 5.16666667E+002, 1.59503353E+000, 1.22996388E+000, 2.70609988E+000, 6.00888395E+000, 3.32840510E+000, 2.00000000E+001
 5.23333333E+002, 1.53642667E+000, 1.25034305E+000, 2.65822473E+000, 6.01740325E+000, 3.32369282E+000, 2.00000000E+001
 5.30000000E+002, 1.48204807E+000, 1.26574209E+000, 2.62094332E+000, 6.02874816E+000, 3.31743829E+000, 2.00000000E+001
 5.36666667E+002, 1.43070622E+000, 1.27837030E+000, 2.58897255E+000, 6.04290654E+000, 3.30966562E+000, 2.00000000E+001
 5.43333333E+002, 1.38177266E+000, 1.28927102E+000, 2.55989973E+000, 6.05986322E+000, 3.30040453E+000, 2.00000000E+001
 5.50000000E+002, 1.33490905E+000, 1.29893616E+000, 2.53260337E+000, 6.07960000E+000, 3.28969011E+000, 2.00000000E+001
 5.56666667E+002, 1.28991679E+000, 1.30760875E+000, 2.50653150E+000, 6.10209564E+000, 3.27756253E+000, 2.00000000E+001
 5.63333333E+002, 1.24666125E+000, 1.31542636E+000, 2.48137544E+000, 6.12732586E+000, 3.26406665E+000, 2.00000000E+001
 5.70000000E+002, 1.20503639E+000, 1.32248559E+000, 2.45692787E+000, 6.15526336E+000, 3.24925171E+000, 2.00000000E+001
 5.76666667E+002, 1.16494942E+000, 1.32886862E+000, 2.43302522E+000, 6.18587780E+000, 3.23317089E+000, 2.00000000E+001
 5.83333333E+002, 1.12631503E+000, 1.33465234E+000, 2.40952702E+000, 6.21913580E+000, 3.21588089E+000, 2.00000000E+001
 5.90000000E+002, 1.08905367E+000, 1.33991032E+000, 2.38631013E+000, 6.25500096E+000, 3.19744156E+000, 2.00000000E+001
 5.96666667E+002, 1.05309134E+000, 1.34471215E+000, 2.36326811E+000, 6.29343383E+000, 3.17791535E+000, 2.00000000E+001
 6.03333333E+002, 1.01835964E+000, 1.34912240E+000, 2.34031174E+000, 6.33439193E+000, 3.15736699E+000, 2.00000000E+001
 6.10000000E+002, 9.84795818E-001, 1.35319961E+000, 2.31736909E+000, 6.37782976E+000, 3.13586294E+000, 2.00000000E+001
 6.16666667E+002, 9.52342516E-001, 1.35699592E+000, 2.29438496E+000, 6.42369877E+000, 3.11347103E+000, 2.00000000E+001
 6.23333333E+002, 9.20947395E-001, 1.36055704E+000, 2.27131968E+000, 6.47194737E+000, 3.09025999E+000, 2.00000000E+001
 6.30000000E+002, 8.90562643E-001, 1.36392248E+000, 2.24814763E+000, 6.52252096E+000, 3.06629908E+000, 2.00000000E+001
 6.36666667E+002, 8.61144399E-001, 1.36712603E+000, 2.22485537E+000, 6.57536189E+000, 3.04165768E+000, 2.00000000E+001
 6.43333333E+002, 8.32652206E-001, 1.37019636E+000, 2.20143992E+000, 6.63040947E+000, 3.01640496E+000, 2.00000000E+001
 6.50000000E+002, 8.05048487E-001, 1.37315758E+000, 2.17790699E+000, 6.68760000E+000, 2.99060949E+000, 2.00000000E+001
 6.56666667E+002, 7.78298076E-001, 1.37602987E+000, 2.15426936E+000, 6.74686672E+000, 2.96433898E+000, 2.00000000E+001
 6.63333333E+002, 7.52367818E-001, 1.37883000E+000, 2.13054545E+000, 6.80813984E+000, 2.93765999E+000, 2.00000000E+001
 6.70000000E+002, 7.27226238E-001, 1.38157189E+000, 2.10675802E+000, 6.87134656E+000, 2.91063765E+000, 2.00000000E+001
 6.76666667E+002, 7.02843250E-001, 1.38426699E+000, 2.08293307E+000, 6.93641101E+000, 2.88333548E+000, 2.00000000E+001
 6.83333333E+002, 6.79189946E-001, 1.38692475E+000, 2.05909887E+000, 7.00325432E+000, 2.85581518E+000, 2.00000000E+001
 6.90000000E+002, 6.56238426E-001, 1.38955289E+000, 2.03528522E+000, 7.07179456E+000, 2.82813646E+000, 2.00000000E+001
 6.96666667E+002, 6.33961666E-001, 1.39215773E+000, 2.01152272E+000, 7.14194678E+000, 2.80035691E+000, 2.00000000E+001
 7.03333333E+002, 6.12333420E-001, 1.39474443E+000, 1.98784227E+000, 7.21362298E+000, 2.77253192E+000, 2.00000000E+001
 7.10000000E+002, 5.91328143E-001, 1.39731717E+000, 1.96427457E+000, 7.28673216E+000, 2.74471458E+000, 2.00000000E+001
 7.16666667E+002, 5.70920956E-001, 1.39987934E+000, 1.94084985E+000, 7.36118025E+000, 2.71695561E+000, 2.00000000E+001
 7.23333333E+002, 5.51087599E-001, 1.40243372E+000, 1.91759749E+000, 7.43687016E+000, 2.68930337E+000, 2.00000000E+001
 7.30000000E+002, 5.31804423E-001, 1.40498250E+000, 1.89454589E+000, 7.51370176E+000, 2.66180381E+000, 2.00000000E+001
 7.36666667E+002, 5.13048368E-001, 1.40752747E+000, 1.87172226E+000, 7.59157190E+000, 2.63450050E+000, 2.00000000E+001
 7.43333333E+002, 4.94796959E-001, 1.41007008E+000, 1.84915253E+000, 7.67037439E+000, 2.60743465E+000, 2.00000000E+001
 7.50000000E+002, 4.77028303E-001, 1.41261147E+000, 1.82686126E+000, 7.75000000E+000, 2.58064516E+000, 2.00000000E+001
 7.56666667E+002, 4.59721086E-001, 1.41515256E+000, 1.80487159E+000, 7.83033647E+000, 2.55416866E+000, 2.00000000E+001
 7.63333333E+002, 4.42854579E-001, 1.41769410E+000, 1.78320527E+000, 7.91126850E+000, 2.52803959E+000, 2.00000000E+001
 7.70000000E+002, 4.26408625E-001, 1.42023667E+000, 1.76188261E+000, 7.99267776E+000, 2.50229030E+000, 2.00000000E+001
 7.76666667E+002, 4.10363647E-001, 1.42278074E+000, 1.74092255E+000, 8.07444290E+000, 2.47695107E+000, 2.00000000E+001
 7.83333333E+002, 3.94700636E-001, 1.42532669E+000, 1.72034265E+000, 8.15643951E+000, 2.45205031E+000, 2.00000000E+001
 7.90000000E+002, 3.79401150E-001, 1.42787483E+000, 1.70015922E+000, 8.23854016E+000, 2.42761455E+000, 2.00000000E+001
 7.96666667E+002, 3.64447305E-001, 1.43042538E+000, 1.68038731E+000, 8.32061439E+000, 2.40366865E+000, 2.00000000E+001
 8.03333333E+002, 3.49821764E-001, 1.43297856E+000, 1.66104079E+000, 8.40252870E+000, 2.38023584E+000, 2.00000000E+001
 8.10000000E+002, 3.35507723E-001, 1.43553453E+000, 1.64213247E+000, 8.48414656E+000, 2.35733787E+000, 2.00000000E+001
 8.16666667E+002, 3.21488903E-001, 1.43809343E+000, 1.62367415E+000, 8.56532840E+000, 2.33499512E+000, 2.00000000E+001
 8.23333333E+002, 3.07749526E-001, 1.44065537E+000, 1.60567667E+000, 8.64593161E+000, 2.31322672E+000, 2.00000000E+001
 8.30000000E+002, 2.94274301E-001, 1.44322047E+000, 1.58815006E+000, 8.72581056E+000, 2.29205068E+000, 2.00000000E+001
 8.36666667E+002, 2.81048406E-001, 1.44578882E+000, 1.57110359E+000, 8.80481658E+000, 2.27148400E+000, 2.00000000E+001
 8.43333333E+002, 2.68057463E-001, 1.44836051E+000, 1.55454585E+000, 8.88279798E+000, 2.25154282E+000, 2.00000000E+001
 8.50000000E+002, 2.55287516E-001, 1.45093563E+000, 1.53848486E+000, 8.95960000E+000, 2.23224251E+000, 2.00000000E+001
 8.56666667E+002, 2.42725013E-001, 1.45351427E+000, 1.52292817E+000, 9.03506488E+000, 2.21359783E+000, 2.00000000E+001
 8.63333333E+002, 2.30356771E-001, 1.45609652E+000, 1.50788289E+000, 9.10903181E+000, 2.19562303E+000, 2.00000000E+001
 8.70000000E+002, 2.18169958E-001, 1.45868246E+000, 1.49335585E+000, 9.18133696E+000, 2.17833199E+000, 2.00000000E+001
 8.76666667E+002, 2.06152060E-001, 1.46127220E+000, 1.47935365E+000, 9.25181344E+000, 2.16173836E+000, 2.00000000E+001
 8.83333333E+002, 1.94290855E-001, 1.46386583E+000, 1.46588275E+000, 9.32029136E+000, 2.14585566E+000, 2.00000000E+001
 8.90000000E+002, 1.82574381E-001, 1.46646346E+000, 1.45294957E+000, 9.38659776E+000, 2.13069746E+000, 2.00000000E+001
 8.96666667E+002, 1.70990908E-001, 1.46906521E+000, 1.44056060E+000, 9.45055667E+000, 2.11627745E+000, 2.00000000E+001
 9.03333333E+002, 1.59528903E-001, 1.47167119E+000, 1.42872243E+000, 9.51198909E+000, 2.10260964E+000, 2.00000000E+001
 9.10000000E+002, 1.48176995E-001, 1.47428154E+000, 1.41744193E+000, 9.57071296E+000, 2.08970848E+000, 2.00000000E+001
 9.16666667E+002, 1.36923944E-001, 1.47689639E+000, 1.40672628E+000, 9.62654321E+000, 2.07758897E+000, 2.00000000E+001
 9.23333333E+002, 1.25758598E-001, 1.47951589E+000, 1.39658310E+000, 9.67929173E+000, 2.06626689E+000, 2.00000000E+001
 9.30000000E+002, 1.14669861E-001, 1.48214020E+000, 1.38702053E+000, 9.72876736E+000, 2.05575889E+000, 2.00000000E+001
 9.36666667E+002, 1.03646642E-001, 1.48476949E+000, 1.37804738E+000, 9.77477593E+000, 2.04608271E+000, 2.00000000E+001
 9.43333333E+002, 9.26778202E-002, 1.48740394E+000, 1.36967320E+000, 9.81712023E+000, 2.03725732E+000, 2.00000000E+001
 9.50000000E+002, 8.17521902E-002, 1.49004375E+000, 1.36190842E+000, 9.85560000E+000, 2.02930314E+000, 2.00000000E+001
 9.56666667E+002, 7.08584156E-002, 1.49268913E+000, 1.35476451E+000, 9.89001196E+000, 2.02224225E+000, 2.00000000E+001
 9.63333333E+002, 5.99849726E-002, 1.49534029E+000, 1.34825404E+000, 9.92014980E+000, 2.01609859E+000, 2.00000000E+001
 9.70000000E+002, 4.91200894E-002, 1.49799750E+000, 1.34239091E+000, 9.94580416E+000, 2.01089823E+000, 2.00000000E+001
 9.76666667E+002, 3.82516809E-002, 1.50066102E+000, 1.33719048E+000, 9.96676266E+000, 2.00666964E+000, 2.00000000E+001
 9.83333333E+002, 2.73672768E-002, 1.50333113E+000, 1.33266976E+000, 9.98280988E+000, 2.00344394E+000, 2.00000000E+001
 9.90000000E+002, 1.64539406E-002, 1.50600816E+000, 1.32884759E+000, 9.99372736E+000, 2.00125532E+000, 2.00000000E+001
 9.96666667E+002, 5.49818093E-003, 1.50869243E+000, 1.32574489E+000, 9.99929362E+000, 2.00014129E+000, 2.00000000E+001
