   5000.1580152682909      ,          30
X,ZB,H,U,L,ZF,QS,TS
 0.00000000E+000, 0.00000000E+000, 1.20000000E+001, 0.00000000E+000, 4.00000000E+001, 0.00000000E+000, 0.00000000E+000, 0.00000000E+000
 5.00000000E+001, 0.00000000E+000, 1.20000000E+001, 0.00000000E+000, 4.00000000E+001, 0.00000000E+000, 0.00000000E+000, 0.00000000E+000
 1.00000000E+002, 2.50000000E+000, 9.50000000E+000, 0.00000000E+000, 3.00000000E+001, 6.24000000E-001, 0.00000000E+000, 0.00000000E+000
 1.50000000E+002, 5.00000000E+000, 7.00000000E+000, 0.00000000E+000, 3.00000000E+001, 1.24850000E+000, 0.00000000E+000, 0.00000000E+000
 2.00000000E+002, 5.00000000E+000, 7.00000000E+000, 0.00000000E+000, 2.00000000E+001, 1.24800000E+000, 0.00000000E+000, 0.00000000E+000
 2.50000000E+002, 5.00000000E+000, 7.00000000E+000, 0.00000000E+000, 3.00000000E+001, 1.24750000E+000, 0.00000000E+000, 0.00000000E+000
 3.00000000E+002, 3.00000000E+000, 9.00000000E+000, 0.00000000E+000, 3.00000000E+001, 7.47000000E-001, 0.00000000E+000, 0.00000000E+000
 3.50000000E+002, 5.00000000E+000, 7.00000000E+000, 0.00000000E+000, 2.50000000E+001, 1.24650000E+000, 0.00000000E+000, 0.00000000E+000
 4.00000000E+002, 5.00000000E+000, 7.00000000E+000, 0.00000000E+000, 2.50000000E+001, 1.24600000E+000, 0.00000000E+000, 0.00000000E+000
 4.25000000E+002, 7.50000000E+000, 4.50000000E+000, 4.44462177E-016, 3.00000000E+001, 1.87075000E+000, 7.46553850E-057, 0.00000000E+000
 4.35000000E+002, 8.00000000E+000, 4.00000000E+000,-4.78966477E-016, 3.50000000E+001, 1.99565000E+000,-8.64229401E-057, 0.00000000E+000
 4.50000000E+002, 9.00000000E+000, 3.00000000E+000,-1.31584197E-015, 3.50000000E+001, 2.24550000E+000,-2.27830154E-055, 0.00000000E+000
 4.70000000E+002, 9.00000000E+000, 3.00000000E+000,-3.11942270E-015, 4.00000000E+001, 2.24530000E+000,-3.03544721E-054, 0.00000000E+000
 4.75000000E+002, 9.00000000E+000, 3.00000000E+000,-3.99650448E-015, 4.00000000E+001, 2.24525000E+000,-6.28565971E-054, 0.00000000E+000
 5.00000000E+002, 9.10000038E+000, 2.89999962E+000,-1.99040030E-015, 4.00000000E+001, 9.10000038E+000,-0.00000000E+000, 0.00000000E+000
 5.05000000E+002, 9.00000000E+000, 3.00000000E+000, 3.37732773E-016, 4.50000000E+001, 9.00000000E+000, 0.00000000E+000, 0.00000000E+000
 5.30000000E+002, 7.00000000E+000, 5.00000000E+000,-4.91247669E-017, 5.00000000E+001, 7.00000000E+000,-0.00000000E+000, 0.00000000E+000
 5.50000000E+002, 6.00000000E+000, 6.00000000E+000, 0.00000000E+000, 5.00000000E+001, 6.00000000E+000, 0.00000000E+000, 0.00000000E+000
 5.65000000E+002, 5.50000000E+000, 6.50000000E+000, 0.00000000E+000, 4.50000000E+001, 5.50000000E+000, 0.00000000E+000, 0.00000000E+000
 5.75000000E+002, 5.50000000E+000, 6.50000000E+000, 0.00000000E+000, 4.00000000E+001, 5.50000000E+000, 0.00000000E+000, 0.00000000E+000
 6.00000000E+002, 5.00000000E+000, 7.00000000E+000, 0.00000000E+000, 4.00000000E+001, 0.00000000E+000, 0.00000000E+000, 0.00000000E+000
 6.50000000E+002, 4.00000000E+000, 8.00000000E+000, 0.00000000E+000, 3.00000000E+001, 0.00000000E+000, 0.00000000E+000, 0.00000000E+000
 7.00000000E+002, 3.00000000E+000, 9.00000000E+000, 3.11123524E-016, 4.00000000E+001, 0.00000000E+000, 3.01160873E-057, 0.00000000E+000
 7.50000000E+002, 3.00000000E+000, 9.00000000E+000, 3.09486032E-015, 4.00000000E+001, 0.00000000E+000, 2.96430684E-054, 0.00000000E+000
 8.00000000E+002, 2.29999995E+000, 9.70000005E+000, 6.18581377E-015, 5.00000000E+000, 0.00000000E+000, 2.41713904E-053, 0.00000000E+000
 8.20000000E+002, 2.00000000E+000, 1.00000000E+001, 5.49521924E-015, 4.00000000E+001, 0.00000000E+000, 1.61968368E-053, 0.00000000E+000
 9.00000000E+002, 1.20000005E+000, 1.08000000E+001, 3.48491938E-015, 3.50000000E+001, 0.00000000E+000, 4.42643058E-054, 0.00000000E+000
 9.50000000E+002, 4.00000010E-001, 1.16000000E+001, 4.49745711E-015, 2.50000000E+001, 0.00000000E+000, 8.64229403E-054, 0.00000000E+000
 1.00000000E+003, 0.00000000E+000, 1.20000000E+001, 3.24893345E-015, 4.00000000E+001, 0.00000000E+000, 0.00000000E+000, 0.00000000E+000
 1.50000000E+003, 0.00000000E+000, 1.20000000E+001, 4.37210426E-016, 4.00000000E+001, 0.00000000E+000, 0.00000000E+000, 0.00000000E+000
