   5000.1580152670695      ,          30
X,ZB,H,U,L,ZF,QS,TS
 0.00000000E+000, 0.00000000E+000, 1.20000000E+001, 0.00000000E+000, 4.00000000E+001, 0.00000000E+000, 0.00000000E+000, 0.00000000E+000
 5.00000000E+001, 5.15844185E-055, 1.20000000E+001, 2.94748602E-016, 4.00000000E+001, 0.00000000E+000, 0.00000000E+000, 0.00000000E+000
 1.00000000E+002, 2.50000000E+000, 9.50000000E+000,-3.72314023E-016, 3.00000000E+001, 6.24000000E-001,-5.16093253E-057, 0.00000000E+000
 1.50000000E+002, 5.00000000E+000, 7.00000000E+000, 0.00000000E+000, 3.00000000E+001, 1.24850000E+000, 0.00000000E+000, 0.00000000E+000
 2.00000000E+002, 5.00000000E+000, 7.00000000E+000, 0.00000000E+000, 2.00000000E+001, 1.24800000E+000, 0.00000000E+000, 0.00000000E+000
 2.50000000E+002, 5.00000000E+000, 7.00000000E+000, 0.00000000E+000, 3.00000000E+001, 1.24750000E+000, 0.00000000E+000, 0.00000000E+000
 3.00000000E+002, 3.00000000E+000, 9.00000000E+000, 0.00000000E+000, 3.00000000E+001, 7.47000000E-001, 0.00000000E+000, 0.00000000E+000
 3.50000000E+002, 5.00000000E+000, 7.00000000E+000, 0.00000000E+000, 2.50000000E+001, 1.24650000E+000, 0.00000000E+000, 0.00000000E+000
 4.00000000E+002, 5.00000000E+000, 7.00000000E+000, 0.00000000E+000, 2.50000000E+001, 1.24600000E+000, 0.00000000E+000, 0.00000000E+000
 4.25000000E+002, 7.50000000E+000, 4.50000000E+000, 0.00000000E+000, 3.00000000E+001, 1.87075000E+000, 0.00000000E+000, 0.00000000E+000
 4.35000000E+002, 8.00000000E+000, 4.00000000E+000, 0.00000000E+000, 3.50000000E+001, 1.99565000E+000, 0.00000000E+000, 0.00000000E+000
 4.50000000E+002, 9.00000000E+000, 3.00000000E+000,-4.91247669E-016, 3.50000000E+001, 2.24550000E+000,-1.18549986E-056, 0.00000000E+000
 4.70000000E+002, 9.00000000E+000, 3.00000000E+000,-1.76849161E-015, 4.00000000E+001, 2.24530000E+000,-5.53106816E-055, 0.00000000E+000
 4.75000000E+002, 9.00000000E+000, 3.00000000E+000,-2.52276147E-015, 4.00000000E+001, 2.24525000E+000,-1.53814266E-054, 0.00000000E+000
 5.00000000E+002, 9.10000038E+000, 2.89999962E+000,-1.10107251E-015, 4.00000000E+001, 9.10000038E+000,-0.00000000E+000, 0.00000000E+000
 5.05000000E+002, 9.00000000E+000, 3.00000000E+000, 1.48397733E-016, 4.50000000E+001, 9.00000000E+000, 0.00000000E+000, 0.00000000E+000
 5.30000000E+002, 7.00000000E+000, 5.00000000E+000,-1.96499068E-016, 5.00000000E+001, 7.00000000E+000,-0.00000000E+000, 0.00000000E+000
 5.50000000E+002, 6.00000000E+000, 6.00000000E+000, 2.10534715E-016, 5.00000000E+001, 6.00000000E+000, 0.00000000E+000, 0.00000000E+000
 5.65000000E+002, 5.50000000E+000, 6.50000000E+000, 0.00000000E+000, 4.50000000E+001, 5.50000000E+000, 0.00000000E+000, 0.00000000E+000
 5.75000000E+002, 5.50000000E+000, 6.50000000E+000, 0.00000000E+000, 4.00000000E+001, 5.50000000E+000, 0.00000000E+000, 0.00000000E+000
 6.00000000E+002, 5.00000000E+000, 7.00000000E+000, 0.00000000E+000, 4.00000000E+001, 0.00000000E+000, 0.00000000E+000, 0.00000000E+000
 6.50000000E+002, 4.00000000E+000, 8.00000000E+000, 0.00000000E+000, 3.00000000E+001, 0.00000000E+000, 0.00000000E+000, 0.00000000E+000
 7.00000000E+002, 3.00000000E+000, 9.00000000E+000, 0.00000000E+000, 4.00000000E+001, 0.00000000E+000, 0.00000000E+000, 0.00000000E+000
 7.50000000E+002, 3.00000000E+000, 9.00000000E+000, 1.30999378E-016, 4.00000000E+001, 0.00000000E+000, 2.24805900E-058, 0.00000000E+000
 8.00000000E+002, 2.29999995E+000, 9.70000005E+000, 7.81365950E-016, 5.00000000E+000, 0.00000000E+000, 4.77049500E-056, 0.00000000E+000
 8.20000000E+002, 2.00000000E+000, 1.00000000E+001, 1.34110614E-015, 4.00000000E+001, 0.00000000E+000, 2.33341938E-055, 0.00000000E+000
 9.00000000E+002, 1.20000005E+000, 1.08000000E+001, 7.55765648E-016, 3.50000000E+001, 0.00000000E+000, 5.07697158E-056, 0.00000000E+000
 9.50000000E+002, 4.00000010E-001, 1.16000000E+001, 1.84217876E-015, 2.50000000E+001, 0.00000000E+000, 5.87159834E-055, 0.00000000E+000
 1.00000000E+003, 0.00000000E+000, 1.20000000E+001, 2.65050447E-015, 4.00000000E+001, 0.00000000E+000, 0.00000000E+000, 0.00000000E+000
 1.50000000E+003, 0.00000000E+000, 1.20000000E+001, 4.42122902E-016, 4.00000000E+001, 0.00000000E+000, 0.00000000E+000, 0.00000000E+000
