   5000.1580152670695      ,          30
X,ZB,H,U,L,ZF,QS,TS
 0.00000000E+000, 3.90731399E-026, 1.20000000E+001,-1.28640958E-015, 4.00000000E+001, 0.00000000E+000,-0.00000000E+000, 0.00000000E+000
 5.00000000E+001, 5.59436539E-013, 1.20000000E+001, 1.34176545E-015, 4.00000000E+001, 0.00000000E+000, 0.00000000E+000, 0.00000000E+000
 1.00000000E+002, 2.50000000E+000, 9.50000000E+000, 2.82338134E-015, 3.00000000E+001, 6.24000000E-001, 2.32566912E-054, 0.00000000E+000
 1.50000000E+002, 5.00000000E+000, 7.00000000E+000,-5.89497203E-016, 3.00000000E+001, 1.24850000E+000,-2.04854376E-056, 0.00000000E+000
 2.00000000E+002, 5.00000000E+000, 7.00000000E+000,-2.98959296E-015, 2.00000000E+001, 1.24800000E+000,-2.67199835E-054, 0.00000000E+000
 2.50000000E+002, 5.00000000E+000, 7.00000000E+000,-5.43179566E-015, 3.00000000E+001, 1.24750000E+000,-1.60261894E-053, 0.00000000E+000
 3.00000000E+002, 3.00000000E+000, 9.00000000E+000,-4.91247669E-015, 3.00000000E+001, 7.47000000E-001,-1.18549986E-053, 0.00000000E+000
 3.50000000E+002, 5.00000000E+000, 7.00000000E+000,-1.08635913E-014, 2.50000000E+001, 1.24650000E+000,-1.28209515E-052, 0.00000000E+000
 4.00000000E+002, 5.00000000E+000, 7.00000000E+000,-1.33057940E-014, 2.50000000E+001, 1.24600000E+000,-2.34083490E-052, 0.00000000E+000
 4.25000000E+002, 7.50000000E+000, 4.50000000E+000,-2.08663296E-014, 3.00000000E+001, 1.87075000E+000,-8.96360111E-052, 0.00000000E+000
 4.35000000E+002, 8.00000000E+000, 4.00000000E+000,-2.05218714E-014, 3.50000000E+001, 1.99565000E+000,-8.78313139E-052, 0.00000000E+000
 4.50000000E+002, 9.00000000E+000, 3.00000000E+000,-2.64221068E-014, 3.50000000E+001, 2.24550000E+000,-1.84460053E-051, 0.00000000E+000
 4.70000000E+002, 9.00000000E+000, 3.00000000E+000,-2.43658844E-014, 4.00000000E+001, 2.24530000E+000,-1.44659359E-051, 0.00000000E+000
 4.75000000E+002, 9.00000000E+000, 3.00000000E+000,-2.30911990E-014, 4.00000000E+001, 2.24525000E+000,-1.22755096E-051, 0.00000000E+000
 5.00000000E+002, 9.10000038E+000, 2.89999962E+000,-2.35274844E-014, 4.00000000E+001, 9.10000038E+000,-0.00000000E+000, 0.00000000E+000
 5.05000000E+002, 9.00000000E+000, 3.00000000E+000,-1.97113127E-014, 4.50000000E+001, 9.00000000E+000,-0.00000000E+000, 0.00000000E+000
 5.30000000E+002, 7.00000000E+000, 5.00000000E+000,-1.23466914E-014, 5.00000000E+001, 7.00000000E+000,-0.00000000E+000, 0.00000000E+000
 5.50000000E+002, 6.00000000E+000, 6.00000000E+000,-1.17899441E-014, 5.00000000E+001, 6.00000000E+000,-0.00000000E+000, 0.00000000E+000
 5.65000000E+002, 5.50000000E+000, 6.50000000E+000,-1.28782466E-014, 4.50000000E+001, 5.50000000E+000,-0.00000000E+000, 0.00000000E+000
 5.75000000E+002, 5.50000000E+000, 6.50000000E+000,-1.47698200E-014, 4.00000000E+001, 5.50000000E+000,-0.00000000E+000, 0.00000000E+000
 6.00000000E+002, 5.00000000E+000, 7.00000000E+000,-1.52146421E-014, 4.00000000E+001, 0.00000000E+000,-3.52196651E-052, 0.00000000E+000
 6.50000000E+002, 4.00000000E+000, 8.00000000E+000,-1.41479329E-014, 3.00000000E+001, 0.00000000E+000,-2.83190690E-052, 0.00000000E+000
 7.00000000E+002, 3.00000000E+000, 9.00000000E+000,-1.32964369E-014, 4.00000000E+001, 0.00000000E+000,-2.35074668E-052, 0.00000000E+000
 7.50000000E+002, 3.00000000E+000, 9.00000000E+000,-1.59819242E-014, 4.00000000E+001, 0.00000000E+000,-4.08213344E-052, 0.00000000E+000
 8.00000000E+002, 2.29999995E+000, 9.70000005E+000,-1.68102202E-014, 5.00000000E+000, 0.00000000E+000,-4.75949692E-052, 0.00000000E+000
 8.20000000E+002, 2.00000000E+000, 1.00000000E+001,-1.43929426E-014, 4.00000000E+001, 0.00000000E+000,-2.96902018E-052, 0.00000000E+000
 9.00000000E+002, 1.20000005E+000, 1.08000000E+001,-1.03602874E-014, 3.50000000E+001, 0.00000000E+000,-1.11880096E-052, 0.00000000E+000
 9.50000000E+002, 4.00000010E-001, 1.16000000E+001,-8.70905890E-015, 2.50000000E+001, 0.00000000E+000,-6.39117026E-053, 0.00000000E+000
 1.00000000E+003, 5.56296251E-015, 1.20000000E+001,-2.14920855E-015, 4.00000000E+001, 0.00000000E+000,-0.00000000E+000, 0.00000000E+000
 1.50000000E+003, 6.13478862E-029, 1.20000000E+001, 4.60890935E-016, 4.00000000E+001, 0.00000000E+000, 0.00000000E+000, 0.00000000E+000
