   5000.1580152682909      ,          30
X,ZB,H,U,L,ZF,QS,TS
 0.00000000E+000, 1.56360776E-027, 1.20000000E+001,-4.59172495E-016, 4.00000000E+001, 0.00000000E+000,-0.00000000E+000, 0.00000000E+000
 5.00000000E+001, 4.22327707E-014, 1.20000000E+001, 4.79685166E-015, 4.00000000E+001, 0.00000000E+000, 0.00000000E+000, 0.00000000E+000
 1.00000000E+002, 2.50000000E+000, 9.50000000E+000, 1.91043633E-014, 3.00000000E+001, 6.24000000E-001, 7.04081131E-052, 0.00000000E+000
 1.50000000E+002, 5.00000000E+000, 7.00000000E+000, 1.80191400E-014, 3.00000000E+001, 1.24850000E+000, 5.85062382E-052, 0.00000000E+000
 2.00000000E+002, 5.00000000E+000, 7.00000000E+000, 1.68217238E-014, 2.00000000E+001, 1.24800000E+000, 4.76004973E-052, 0.00000000E+000
 2.50000000E+002, 5.00000000E+000, 7.00000000E+000, 1.46742697E-014, 3.00000000E+001, 1.24750000E+000, 3.15987197E-052, 0.00000000E+000
 3.00000000E+002, 3.00000000E+000, 9.00000000E+000, 8.98983235E-015, 3.00000000E+001, 7.47000000E-001, 7.26532050E-053, 0.00000000E+000
 3.50000000E+002, 5.00000000E+000, 7.00000000E+000, 1.06635833E-014, 2.50000000E+001, 1.24650000E+000, 1.21617208E-052, 0.00000000E+000
 4.00000000E+002, 5.00000000E+000, 7.00000000E+000, 1.01968980E-014, 2.50000000E+001, 1.24600000E+000, 1.05150791E-052, 0.00000000E+000
 4.25000000E+002, 7.50000000E+000, 4.50000000E+000, 1.42461824E-014, 3.00000000E+001, 1.87075000E+000, 2.93425525E-052, 0.00000000E+000
 4.35000000E+002, 8.00000000E+000, 4.00000000E+000, 1.37518644E-014, 3.50000000E+001, 1.99565000E+000, 2.56943852E-052, 0.00000000E+000
 4.50000000E+002, 9.00000000E+000, 3.00000000E+000, 1.83735401E-014, 3.50000000E+001, 2.24550000E+000, 6.23827259E-052, 0.00000000E+000
 4.70000000E+002, 9.00000000E+000, 3.00000000E+000, 1.75621042E-014, 4.00000000E+001, 2.24530000E+000, 5.37130868E-052, 0.00000000E+000
 4.75000000E+002, 9.00000000E+000, 3.00000000E+000, 1.66992225E-014, 4.00000000E+001, 2.24525000E+000, 4.69114439E-052, 0.00000000E+000
 5.00000000E+002, 9.10000038E+000, 2.89999962E+000, 1.68727451E-014, 4.00000000E+001, 9.10000038E+000, 0.00000000E+000, 0.00000000E+000
 5.05000000E+002, 9.00000000E+000, 3.00000000E+000, 1.56892224E-014, 4.50000000E+001, 9.00000000E+000, 0.00000000E+000, 0.00000000E+000
 5.30000000E+002, 7.00000000E+000, 5.00000000E+000, 9.71032893E-015, 5.00000000E+001, 7.00000000E+000, 0.00000000E+000, 0.00000000E+000
 5.50000000E+002, 6.00000000E+000, 6.00000000E+000, 5.75461555E-015, 5.00000000E+001, 6.00000000E+000, 0.00000000E+000, 0.00000000E+000
 5.65000000E+002, 5.50000000E+000, 6.50000000E+000, 2.58471851E-015, 4.50000000E+001, 5.50000000E+000, 0.00000000E+000, 0.00000000E+000
 5.75000000E+002, 5.50000000E+000, 6.50000000E+000, 7.44968993E-016, 4.00000000E+001, 5.50000000E+000, 0.00000000E+000, 0.00000000E+000
 6.00000000E+002, 5.00000000E+000, 7.00000000E+000, 0.00000000E+000, 4.00000000E+001, 0.00000000E+000, 0.00000000E+000, 0.00000000E+000
 6.50000000E+002, 4.00000000E+000, 8.00000000E+000,-2.06324021E-015, 3.00000000E+001, 0.00000000E+000,-8.78313139E-055, 0.00000000E+000
 7.00000000E+002, 3.00000000E+000, 9.00000000E+000,-4.24110488E-015, 4.00000000E+001, 0.00000000E+000,-7.62846287E-054, 0.00000000E+000
 7.50000000E+002, 3.00000000E+000, 9.00000000E+000,-5.56747358E-015, 4.00000000E+001, 0.00000000E+000,-1.74100846E-053, 0.00000000E+000
 8.00000000E+002, 2.29999995E+000, 9.70000005E+000,-4.64478648E-015, 5.00000000E+000, 0.00000000E+000,-9.88086017E-054, 0.00000000E+000
 8.20000000E+002, 2.00000000E+000, 1.00000000E+001,-5.20231282E-015, 4.00000000E+001, 0.00000000E+000,-1.40795699E-053, 0.00000000E+000
 9.00000000E+002, 1.20000005E+000, 1.08000000E+001,-4.02156547E-015, 3.50000000E+001, 0.00000000E+000,-6.40274591E-054, 0.00000000E+000
 9.50000000E+002, 4.00000010E-001, 1.16000000E+001,-4.86906904E-015, 2.50000000E+001, 0.00000000E+000,-1.19087337E-053, 0.00000000E+000
 1.00000000E+003, 1.95374514E-015, 1.20000000E+001,-1.31255237E-015, 4.00000000E+001, 0.00000000E+000,-0.00000000E+000, 0.00000000E+000
 1.50000000E+003, 1.91768199E-029, 1.20000000E+001, 4.35803749E-016, 4.00000000E+001, 0.00000000E+000, 0.00000000E+000, 0.00000000E+000
