   1.0006567697395965      ,         100
X,ZB,H,U,Q
 5.00000000E-003, 6.27905195E-002, 1.23720948E+000,-9.94958388E-017,-1.23097195E-016
 1.50000000E-002, 1.87381315E-001, 1.11261869E+000, 1.10637361E-016, 1.23097195E-016
 2.50000000E-002, 3.09016994E-001, 9.90983006E-001, 4.96869046E-016, 4.92388780E-016
 3.50000000E-002, 4.25779292E-001, 8.74220708E-001,-3.52019787E-017,-3.07742988E-017
 4.50000000E-002, 5.35826795E-001, 7.64173205E-001,-2.01356830E-016,-1.53871494E-016
 5.50000000E-002, 6.37423990E-001, 6.62576010E-001,-9.20852245E-031,-6.10134606E-031
 6.50000000E-002, 7.28968627E-001, 5.71031373E-001,-8.08387251E-017,-4.61614482E-017
 7.50000000E-002, 8.09016994E-001, 4.90983006E-001,-2.97725008E-016,-1.46177919E-016
 8.50000000E-002, 8.76306680E-001, 4.23693320E-001,-4.17642218E-016,-1.76952218E-016
 9.50000000E-002, 9.29776486E-001, 3.70223514E-001,-5.61084072E-016,-2.07726517E-016
 1.05000000E-001, 9.68583161E-001, 3.31416839E-001,-4.06248390E-016,-1.34637557E-016
 1.15000000E-001, 9.92114701E-001, 3.07885299E-001,-3.06108445E-016,-9.42462900E-017
 1.25000000E-001, 1.00000000E+000, 3.00000000E-001,-1.79516743E-016,-5.38550228E-017
 1.35000000E-001, 9.92114701E-001, 3.07885299E-001, 1.52273334E-016, 4.68827208E-017
 1.45000000E-001, 9.68583161E-001, 3.31416839E-001, 4.49775003E-016, 1.49063010E-016
 1.55000000E-001, 9.29776486E-001, 3.70223514E-001, 6.54598083E-016, 2.42347603E-016
 1.65000000E-001, 8.76306680E-001, 4.23693320E-001, 5.81067434E-016, 2.46194390E-016
 1.75000000E-001, 8.09016994E-001, 4.90983006E-001, 6.97303308E-016, 3.42364074E-016
 1.85000000E-001, 7.28968627E-001, 5.71031373E-001, 8.89225976E-016, 5.07775930E-016
 1.95000000E-001, 6.37423990E-001, 6.62576010E-001, 7.19919864E-016, 4.77001631E-016
 2.05000000E-001, 5.35826795E-001, 7.64173205E-001, 9.26241416E-016, 7.07808872E-016
 2.15000000E-001, 4.25779292E-001, 8.74220708E-001, 7.21640564E-016, 6.30873125E-016
 2.25000000E-001, 3.09016994E-001, 9.90983006E-001, 8.85047988E-016, 8.77067515E-016
 2.35000000E-001, 1.87381315E-001, 1.11261869E+000, 6.08505485E-016, 6.77034573E-016
 2.45000000E-001, 6.27905195E-002, 1.23720948E+000, 3.48235436E-016, 4.30840183E-016
 2.55000000E-001,-6.27905195E-002, 1.36279052E+000, 6.77454788E-017, 9.23228963E-017
 2.65000000E-001,-1.87381315E-001, 1.48738131E+000,-3.10353826E-016,-4.61614482E-016
 2.75000000E-001,-3.09016994E-001, 1.60901699E+000,-6.40725991E-016,-1.03093901E-015
 2.85000000E-001,-4.25779292E-001, 1.72577929E+000,-1.46223362E-015,-2.52349250E-015
 2.95000000E-001,-5.35826795E-001, 1.83582679E+000,-1.67631820E-015,-3.07742988E-015
 3.05000000E-001,-6.37423990E-001, 1.93742399E+000,-2.24760471E-015,-4.35456328E-015
 3.15000000E-001,-7.28968627E-001, 2.02896863E+000,-1.78976018E-015,-3.63136725E-015
 3.25000000E-001,-8.09016994E-001, 2.10901699E+000,-1.54672802E-015,-3.26207567E-015
 3.35000000E-001,-8.76306680E-001, 2.17630668E+000,-1.89484142E-015,-4.12375603E-015
 3.45000000E-001,-9.29776486E-001, 2.22977649E+000,-2.23584580E-015,-4.98543640E-015
 3.55000000E-001,-9.68583161E-001, 2.26858316E+000,-2.63169280E-015,-5.97021396E-015
 3.65000000E-001,-9.92114701E-001, 2.29211470E+000,-1.63799152E-015,-3.75446445E-015
 3.75000000E-001,-1.00000000E+000, 2.30000000E+000,-7.49287274E-016,-1.72336073E-015
 3.85000000E-001,-9.92114701E-001, 2.29211470E+000,-2.68523200E-017,-6.15485975E-017
 3.95000000E-001,-9.68583161E-001, 2.26858316E+000, 3.79831950E-016, 8.61680365E-016
 4.05000000E-001,-9.29776486E-001, 2.22977649E+000, 1.46296083E-015, 3.26207567E-015
 4.15000000E-001,-8.76306680E-001, 2.17630668E+000, 2.01503658E-015, 4.38533757E-015
 4.25000000E-001,-8.09016994E-001, 2.10901699E+000, 2.01366477E-015, 4.24685323E-015
 4.35000000E-001,-7.28968627E-001, 2.02896863E+000, 2.18411412E-015, 4.43149902E-015
 4.45000000E-001,-6.37423990E-001, 1.93742399E+000, 1.79490694E-015, 3.47749576E-015
 4.55000000E-001,-5.35826795E-001, 1.83582679E+000, 8.04632738E-016, 1.47716634E-015
 4.65000000E-001,-4.25779292E-001, 1.72577929E+000, 9.62934334E-016, 1.66181213E-015
 4.75000000E-001,-3.09016994E-001, 1.60901699E+000, 1.29101506E-015, 2.07726517E-015
 4.85000000E-001,-1.87381315E-001, 1.48738131E+000, 1.50004349E-015, 2.23113666E-015
 4.95000000E-001,-6.27905195E-002, 1.36279052E+000, 6.32291136E-016, 8.61680365E-016
 5.05000000E-001,-1.93720948E+000, 3.23720948E+000, 4.56308543E-016, 1.47716634E-015
 5.15000000E-001,-1.81261869E+000, 3.11261869E+000,-1.97738958E-016,-6.15485975E-016
 5.25000000E-001,-1.69098301E+000, 2.99098301E+000,-2.05780499E-016,-6.15485975E-016
 5.35000000E-001,-1.57422071E+000, 2.87422071E+000, 1.28484074E-016, 3.69291585E-016
 5.45000000E-001,-1.46417321E+000, 2.76417321E+000, 4.78730799E-016, 1.32329485E-015
 5.55000000E-001,-1.36257601E+000, 2.66257601E+000,-2.31161842E-016,-6.15485975E-016
 5.65000000E-001,-1.27103137E+000, 2.57103137E+000,-4.48861191E-016,-1.15403620E-015
 5.75000000E-001,-1.19098301E+000, 2.49098301E+000,-2.59439857E-016,-6.46260274E-016
 5.85000000E-001,-1.12369332E+000, 2.42369332E+000, 2.03156388E-016, 4.92388780E-016
 5.95000000E-001,-1.07022351E+000, 2.37022351E+000,-2.72657946E-016,-6.46260274E-016
 6.05000000E-001,-1.03141684E+000, 2.33141684E+000, 7.91989616E-017, 1.84645793E-016
 6.15000000E-001,-1.00788530E+000, 2.30788530E+000, 3.06691529E-016, 7.07808872E-016
 6.25000000E-001,-1.00000000E+000, 2.30000000E+000, 6.42246235E-016, 1.47716634E-015
 6.35000000E-001,-1.00788530E+000, 2.30788530E+000, 8.66736931E-016, 2.00032942E-015
 6.45000000E-001,-1.03141684E+000, 2.33141684E+000, 1.21438408E-015, 2.83123549E-015
 6.55000000E-001,-1.07022351E+000, 2.37022351E+000, 2.19424728E-015, 5.20085649E-015
 6.65000000E-001,-1.12369332E+000, 2.42369332E+000, 2.66642759E-015, 6.46260274E-015
 6.75000000E-001,-1.19098301E+000, 2.49098301E+000, 2.32260443E-015, 5.78556817E-015
 6.85000000E-001,-1.27103137E+000, 2.57103137E+000, 1.84930811E-015, 4.75462916E-015
 6.95000000E-001,-1.36257601E+000, 2.66257601E+000, 2.42719934E-015, 6.46260274E-015
 7.05000000E-001,-1.46417321E+000, 2.76417321E+000, 1.97058957E-015, 5.44705088E-015
 7.15000000E-001,-1.57422071E+000, 2.87422071E+000, 1.28484074E-015, 3.69291585E-015
 7.25000000E-001,-1.69098301E+000, 2.99098301E+000, 1.68740009E-015, 5.04698500E-015
 7.35000000E-001,-1.81261869E+000, 3.11261869E+000, 1.38417271E-015, 4.30840183E-015
 7.45000000E-001,-1.93720948E+000, 3.23720948E+000, 8.74591374E-016, 2.83123549E-015
 7.55000000E-001,-2.06279052E+000, 3.36279052E+000, 8.05324708E-016, 2.70813829E-015
 7.65000000E-001,-2.18738131E+000, 3.48738131E+000, 3.52978880E-016, 1.23097195E-015
 7.75000000E-001,-2.30901699E+000, 3.60901699E+000, 8.52705842E-016, 3.07742988E-015
 7.85000000E-001,-2.42577929E+000, 3.72577929E+000, 4.62550408E-016, 1.72336073E-015
 7.95000000E-001,-2.53582679E+000, 3.83582679E+000, 3.20914373E-017, 1.23097195E-016
 8.05000000E-001,-2.63742399E+000, 3.93742399E+000,-5.00214131E-016,-1.96955512E-015
 8.15000000E-001,-2.72896863E+000, 4.02896863E+000,-1.13810033E-015,-4.58537052E-015
 8.25000000E-001,-2.80901699E+000, 4.10901699E+000,-2.09704746E-015,-8.61680365E-015
 8.35000000E-001,-2.87630668E+000, 4.17630668E+000,-1.03162966E-015,-4.30840183E-015
 8.45000000E-001,-2.92977649E+000, 4.22977649E+000,-2.53192007E-015,-1.07094560E-014
 8.55000000E-001,-2.96858316E+000, 4.26858316E+000,-8.21881624E-016,-3.50827006E-015
 8.65000000E-001,-2.99211470E+000, 4.29211470E+000,-1.45550226E-015,-6.24718265E-015
 8.75000000E-001,-3.00000000E+000, 4.30000000E+000,-9.16072149E-016,-3.93911024E-015
 8.85000000E-001,-2.99211470E+000, 4.29211470E+000,-3.80007979E-016,-1.63103783E-015
 8.95000000E-001,-2.96858316E+000, 4.26858316E+000,-8.65138551E-016,-3.69291585E-015
 9.05000000E-001,-2.92977649E+000, 4.22977649E+000,-3.20127825E-016,-1.35406915E-015
 9.15000000E-001,-2.87630668E+000, 4.17630668E+000,-1.29690585E-015,-5.41627658E-015
 9.25000000E-001,-2.80901699E+000, 4.10901699E+000,-3.89451671E-016,-1.60026354E-015
 9.35000000E-001,-2.72896863E+000, 4.02896863E+000, 2.13871203E-016, 8.61680365E-016
 9.45000000E-001,-2.63742399E+000, 3.93742399E+000,-3.43897215E-016,-1.35406915E-015
 9.55000000E-001,-2.53582679E+000, 3.83582679E+000, 9.62743119E-017, 3.69291585E-016
 9.65000000E-001,-2.42577929E+000, 3.72577929E+000,-3.30393148E-016,-1.23097195E-015
 9.75000000E-001,-2.30901699E+000, 3.60901699E+000,-2.04649402E-016,-7.38583170E-016
 9.85000000E-001,-2.18738131E+000, 3.48738131E+000,-4.94170432E-016,-1.72336073E-015
 9.95000000E-001,-2.06279052E+000, 3.36279052E+000,-1.46422674E-016,-4.92388780E-016
