   6.9297560231264628      ,         100
X,ZB,H,U,Q
 5.00000000E-003, 6.27905195E-002, 1.23720948E+000, 2.72369859E-015, 3.36978572E-015
 1.50000000E-002, 1.87381315E-001, 1.11261869E+000, 2.95954940E-015, 3.29284997E-015
 2.50000000E-002, 3.09016994E-001, 9.90983006E-001, 3.86626226E-015, 3.83140020E-015
 3.50000000E-002, 4.25779292E-001, 8.74220708E-001, 4.69946416E-015, 4.10836889E-015
 4.50000000E-002, 5.35826795E-001, 7.64173205E-001, 5.77894101E-015, 4.41611187E-015
 5.50000000E-002, 6.37423990E-001, 6.62576010E-001, 7.07147092E-015, 4.68538699E-015
 6.50000000E-002, 7.28968627E-001, 5.71031373E-001, 8.54869518E-015, 4.88157314E-015
 7.50000000E-002, 8.09016994E-001, 4.90983006E-001, 1.02636779E-014, 5.03929142E-015
 8.50000000E-002, 8.76306680E-001, 4.23693320E-001, 1.19572783E-014, 5.06621893E-015
 9.50000000E-002, 9.29776486E-001, 3.70223514E-001, 1.34867986E-014, 4.99312998E-015
 1.05000000E-001, 9.68583161E-001, 3.31416839E-001, 1.51617703E-014, 5.02486597E-015
 1.15000000E-001, 9.92114701E-001, 3.07885299E-001, 1.68250320E-014, 5.18018001E-015
 1.25000000E-001, 1.00000000E+000, 3.00000000E-001, 1.73618336E-014, 5.20855007E-015
 1.35000000E-001, 9.92114701E-001, 3.07885299E-001, 1.70350911E-014, 5.24485412E-015
 1.45000000E-001, 9.68583161E-001, 3.31416839E-001, 1.63224799E-014, 5.40954471E-015
 1.55000000E-001, 9.29776486E-001, 3.70223514E-001, 1.54246167E-014, 5.71055582E-015
 1.65000000E-001, 8.76306680E-001, 4.23693320E-001, 1.40273310E-014, 5.94328645E-015
 1.75000000E-001, 8.09016994E-001, 4.90983006E-001, 1.25827990E-014, 6.17794048E-015
 1.85000000E-001, 7.28968627E-001, 5.71031373E-001, 1.11085881E-014, 6.34335233E-015
 1.95000000E-001, 6.37423990E-001, 6.62576010E-001, 9.53313239E-015, 6.31642482E-015
 2.05000000E-001, 5.35826795E-001, 7.64173205E-001, 8.22542649E-015, 6.28565052E-015
 2.15000000E-001, 4.25779292E-001, 8.74220708E-001, 7.99964966E-015, 6.99345939E-015
 2.25000000E-001, 3.09016994E-001, 9.90983006E-001, 7.06485674E-015, 7.00115297E-015
 2.35000000E-001, 1.87381315E-001, 1.11261869E+000, 6.84568671E-015, 7.61663894E-015
 2.45000000E-001, 6.27905195E-002, 1.23720948E+000, 6.15630503E-015, 7.61663894E-015
 2.55000000E-001,-6.27905195E-002, 1.36279052E+000, 5.60029292E-015, 7.63202609E-015
 2.65000000E-001,-1.87381315E-001, 1.48738131E+000, 5.66912989E-015, 8.43215786E-015
 2.75000000E-001,-3.09016994E-001, 1.60901699E+000, 5.93866926E-015, 9.55541977E-015
 2.85000000E-001,-4.25779292E-001, 1.72577929E+000, 6.29473741E-015, 1.08633275E-014
 2.95000000E-001,-5.35826795E-001, 1.83582679E+000, 5.56537644E-015, 1.02170672E-014
 3.05000000E-001,-6.37423990E-001, 1.93742399E+000, 5.74211379E-015, 1.11249090E-014
 3.15000000E-001,-7.28968627E-001, 2.02896863E+000, 4.71707979E-015, 9.57080692E-015
 3.25000000E-001,-8.09016994E-001, 2.10901699E+000, 3.61875988E-015, 7.63202609E-015
 3.35000000E-001,-8.76306680E-001, 2.17630668E+000, 3.95937013E-015, 8.61680365E-015
 3.45000000E-001,-9.29776486E-001, 2.22977649E+000, 5.07895837E-015, 1.13249419E-014
 3.55000000E-001,-9.68583161E-001, 2.26858316E+000, 4.59867968E-015, 1.04324873E-014
 3.65000000E-001,-9.92114701E-001, 2.29211470E+000, 4.29637121E-015, 9.84777561E-015
 3.75000000E-001,-1.00000000E+000, 2.30000000E+000, 3.42531325E-015, 7.87822048E-015
 3.85000000E-001,-9.92114701E-001, 2.29211470E+000, 3.75932481E-015, 8.61680365E-015
 3.95000000E-001,-9.68583161E-001, 2.26858316E+000, 3.59822945E-015, 8.16288275E-015
 4.05000000E-001,-9.29776486E-001, 2.22977649E+000, 2.53257843E-015, 5.64708382E-015
 4.15000000E-001,-8.76306680E-001, 2.17630668E+000, 1.41406076E-015, 3.07742988E-015
 4.25000000E-001,-8.09016994E-001, 2.10901699E+000, 1.74371696E-015, 3.67752870E-015
 4.35000000E-001,-7.28968627E-001, 2.02896863E+000, 5.68779718E-016, 1.15403620E-015
 4.45000000E-001,-6.37423990E-001, 1.93742399E+000, 8.33916940E-016, 1.61565069E-015
 4.55000000E-001,-5.35826795E-001, 1.83582679E+000, 4.60987506E-016, 8.46293216E-016
 4.65000000E-001,-4.25779292E-001, 1.72577929E+000, 5.17131402E-016, 8.92454664E-016
 4.75000000E-001,-3.09016994E-001, 1.60901699E+000, 6.88541364E-016, 1.10787476E-015
 4.85000000E-001,-1.87381315E-001, 1.48738131E+000, 1.33452145E-015, 1.98494227E-015
 4.95000000E-001,-6.27905195E-002, 1.36279052E+000, 1.53556419E-015, 2.09265232E-015
 5.05000000E-001,-1.93720948E+000, 3.23720948E+000, 1.21682278E-015, 3.93911024E-015
 5.15000000E-001,-1.81261869E+000, 3.11261869E+000, 1.13699901E-015, 3.53904436E-015
 5.25000000E-001,-1.69098301E+000, 2.99098301E+000, 1.57422082E-015, 4.70846771E-015
 5.35000000E-001,-1.57422071E+000, 2.87422071E+000, 1.31696175E-015, 3.78523875E-015
 5.45000000E-001,-1.46417321E+000, 2.76417321E+000,-1.11332744E-016,-3.07742988E-016
 5.55000000E-001,-1.36257601E+000, 2.66257601E+000,-6.70369342E-016,-1.78490933E-015
 5.65000000E-001,-1.27103137E+000, 2.57103137E+000,-1.09522131E-015,-2.81584834E-015
 5.75000000E-001,-1.19098301E+000, 2.49098301E+000,-7.59788152E-016,-1.89261937E-015
 5.85000000E-001,-1.12369332E+000, 2.42369332E+000,-5.07890970E-016,-1.23097195E-015
 5.95000000E-001,-1.07022351E+000, 2.37022351E+000,-1.59699654E-015,-3.78523875E-015
 6.05000000E-001,-1.03141684E+000, 2.33141684E+000,-1.66647815E-015,-3.88525522E-015
 6.15000000E-001,-1.00788530E+000, 2.30788530E+000,-1.51428943E-015,-3.49480630E-015
 6.25000000E-001,-1.00000000E+000, 2.30000000E+000,-1.60561559E-015,-3.69291585E-015
 6.35000000E-001,-1.00788530E+000, 2.30788530E+000,-1.91515526E-015,-4.41995866E-015
 6.45000000E-001,-1.03141684E+000, 2.33141684E+000,-1.63677854E-015,-3.81601305E-015
 6.55000000E-001,-1.07022351E+000, 2.37022351E+000,-1.12309106E-015,-2.66197684E-015
 6.65000000E-001,-1.12369332E+000, 2.42369332E+000,-1.28877334E-015,-3.12359132E-015
 6.75000000E-001,-1.19098301E+000, 2.49098301E+000,-1.06864512E-015,-2.66197684E-015
 6.85000000E-001,-1.27103137E+000, 2.57103137E+000,-1.93309553E-015,-4.97004925E-015
 6.95000000E-001,-1.36257601E+000, 2.66257601E+000,-2.30006033E-015,-6.12408545E-015
 7.05000000E-001,-1.46417321E+000, 2.76417321E+000,-3.02825064E-015,-8.37060926E-015
 7.15000000E-001,-1.57422071E+000, 2.87422071E+000,-2.96584070E-015,-8.52448076E-015
 7.25000000E-001,-1.69098301E+000, 2.99098301E+000,-2.65456844E-015,-7.93976908E-015
 7.35000000E-001,-1.81261869E+000, 3.11261869E+000,-2.99574521E-015,-9.32461253E-015
 7.45000000E-001,-1.93720948E+000, 3.23720948E+000,-2.27203629E-015,-7.35505741E-015
 7.55000000E-001,-2.06279052E+000, 3.36279052E+000,-2.76372797E-015,-9.29383823E-015
 7.65000000E-001,-2.18738131E+000, 3.48738131E+000,-1.74724546E-015,-6.09331116E-015
 7.75000000E-001,-2.30901699E+000, 3.60901699E+000,-1.33022111E-015,-4.80079061E-015
 7.85000000E-001,-2.42577929E+000, 3.72577929E+000,-2.52750759E-015,-9.41693542E-015
 7.95000000E-001,-2.53582679E+000, 3.83582679E+000,-2.06989771E-015,-7.93976908E-015
 8.05000000E-001,-2.63742399E+000, 3.93742399E+000,-2.56359742E-015,-1.00939700E-014
 8.15000000E-001,-2.72896863E+000, 4.02896863E+000,-3.20806804E-015,-1.29252055E-014
 8.25000000E-001,-2.80901699E+000, 4.10901699E+000,-3.83460107E-015,-1.57564410E-014
 8.35000000E-001,-2.87630668E+000, 4.17630668E+000,-2.15168471E-015,-8.98609524E-015
 8.45000000E-001,-2.92977649E+000, 4.22977649E+000,-2.40823432E-015,-1.01862929E-014
 8.55000000E-001,-2.96858316E+000, 4.26858316E+000,-2.21691754E-015,-9.46309687E-015
 8.65000000E-001,-2.99211470E+000, 4.29211470E+000,-2.52203409E-015,-1.08248596E-014
 8.75000000E-001,-3.00000000E+000, 4.30000000E+000,-2.51919841E-015,-1.08325532E-014
 8.85000000E-001,-2.99211470E+000, 4.29211470E+000,-3.90404424E-015,-1.67566057E-014
 8.95000000E-001,-2.96858316E+000, 4.26858316E+000,-4.35453071E-015,-1.85876765E-014
 9.05000000E-001,-2.92977649E+000, 4.22977649E+000,-4.66368036E-015,-1.97263255E-014
 9.15000000E-001,-2.87630668E+000, 4.17630668E+000,-6.21188429E-015,-2.59427339E-014
 9.25000000E-001,-2.80901699E+000, 4.10901699E+000,-4.82320916E-015,-1.98186484E-014
 9.35000000E-001,-2.72896863E+000, 4.02896863E+000,-5.79743724E-015,-2.33576928E-014
 9.45000000E-001,-2.63742399E+000, 3.93742399E+000,-6.47152033E-015,-2.54811194E-014
 9.55000000E-001,-2.53582679E+000, 3.83582679E+000,-6.85152186E-015,-2.62812511E-014
 9.65000000E-001,-2.42577929E+000, 3.72577929E+000,-7.02085441E-015,-2.61581540E-014
 9.75000000E-001,-2.30901699E+000, 3.60901699E+000,-7.52086553E-015,-2.71429315E-014
 9.85000000E-001,-2.18738131E+000, 3.48738131E+000,-8.38324840E-015,-2.92355838E-014
 9.95000000E-001,-2.06279052E+000, 3.36279052E+000,-8.05324708E-015,-2.70813829E-014
