   1.0003102819384919      ,         100
X,ZB,H,U,Q
 5.00000000E-003, 6.27905195E-002, 1.23720948E+000,-1.13487441E-015,-1.40407738E-015
 1.50000000E-002, 1.87381315E-001, 1.11261869E+000,-3.37789693E-015,-3.75831124E-015
 2.50000000E-002, 3.09016994E-001, 9.90983006E-001,-3.86238047E-015,-3.82755341E-015
 3.50000000E-002, 4.25779292E-001, 8.74220708E-001,-4.97887986E-015,-4.35263988E-015
 4.50000000E-002, 5.35826795E-001, 7.64173205E-001,-7.13306569E-015,-5.45089767E-015
 5.50000000E-002, 6.37423990E-001, 6.62576010E-001,-9.74214138E-015,-6.45490917E-015
 6.50000000E-002, 7.28968627E-001, 5.71031373E-001,-1.37510040E-014,-7.85225467E-015
 7.50000000E-002, 8.09016994E-001, 4.90983006E-001,-1.56991180E-014,-7.70800014E-015
 8.50000000E-002, 8.76306680E-001, 4.23693320E-001,-1.78814424E-014,-7.57624768E-015
 9.50000000E-002, 9.29776486E-001, 3.70223514E-001,-2.09783100E-014,-7.76666365E-015
 1.05000000E-001, 9.68583161E-001, 3.31416839E-001,-2.48188748E-014,-8.22539304E-015
 1.15000000E-001, 9.92114701E-001, 3.07885299E-001,-2.62525084E-014,-8.08276138E-015
 1.25000000E-001, 1.00000000E+000, 3.00000000E-001,-2.61517426E-014,-7.84552279E-015
 1.35000000E-001, 9.92114701E-001, 3.07885299E-001,-2.49900063E-014,-7.69405554E-015
 1.45000000E-001, 9.68583161E-001, 3.31416839E-001,-2.26701110E-014,-7.51325654E-015
 1.55000000E-001, 9.29776486E-001, 3.70223514E-001,-1.94223408E-014,-7.19060725E-015
 1.65000000E-001, 8.76306680E-001, 4.23693320E-001,-1.68123691E-014,-7.12328847E-015
 1.75000000E-001, 8.09016994E-001, 4.90983006E-001,-1.43946124E-014,-7.06751005E-015
 1.85000000E-001, 7.28968627E-001, 5.71031373E-001,-1.08829134E-014,-6.21448496E-015
 1.95000000E-001, 6.37423990E-001, 6.62576010E-001,-8.06136073E-015,-5.34126423E-015
 2.05000000E-001, 5.35826795E-001, 7.64173205E-001,-6.86878485E-015,-5.24894133E-015
 2.15000000E-001, 4.25779292E-001, 8.74220708E-001,-7.28460947E-015,-6.36835645E-015
 2.25000000E-001, 3.09016994E-001, 9.90983006E-001,-7.79851494E-015,-7.72819578E-015
 2.35000000E-001, 1.87381315E-001, 1.11261869E+000,-7.18797104E-015,-7.99747089E-015
 2.45000000E-001, 6.27905195E-002, 1.23720948E+000,-5.29815342E-015,-6.55492564E-015
 2.55000000E-001,-6.27905195E-002, 1.36279052E+000,-3.98286961E-015,-5.42781695E-015
 2.65000000E-001,-1.87381315E-001, 1.48738131E+000,-3.34147619E-015,-4.97004925E-015
 2.75000000E-001,-3.09016994E-001, 1.60901699E+000,-3.45944220E-015,-5.56630129E-015
 2.85000000E-001,-4.25779292E-001, 1.72577929E+000,-4.03897457E-015,-6.97037867E-015
 2.95000000E-001,-5.35826795E-001, 1.83582679E+000,-4.86341819E-015,-8.92839343E-015
 3.05000000E-001,-6.37423990E-001, 1.93742399E+000,-4.35423774E-015,-8.43600465E-015
 3.15000000E-001,-7.28968627E-001, 2.02896863E+000,-5.71434023E-015,-1.15942171E-014
 3.25000000E-001,-8.09016994E-001, 2.10901699E+000,-6.50245917E-015,-1.37137969E-014
 3.35000000E-001,-8.76306680E-001, 2.17630668E+000,-5.75522729E-015,-1.25251396E-014
 3.45000000E-001,-9.29776486E-001, 2.22977649E+000,-4.23189025E-015,-9.43616936E-015
 3.55000000E-001,-9.68583161E-001, 2.26858316E+000,-2.03650970E-015,-4.61999160E-015
 3.65000000E-001,-9.92114701E-001, 2.29211470E+000,-2.58034013E-015,-5.91443554E-015
 3.75000000E-001,-1.00000000E+000, 2.30000000E+000,-3.05066962E-015,-7.01654012E-015
 3.85000000E-001,-9.92114701E-001, 2.29211470E+000,-3.63492304E-015,-8.33166054E-015
 3.95000000E-001,-9.68583161E-001, 2.26858316E+000,-9.12274951E-016,-2.06957159E-015
 4.05000000E-001,-9.29776486E-001, 2.22977649E+000,-1.55439589E-015,-3.46595540E-015
 4.15000000E-001,-8.76306680E-001, 2.17630668E+000,-2.76802394E-015,-6.02406898E-015
 4.25000000E-001,-8.09016994E-001, 2.10901699E+000,-9.42993377E-016,-1.98878906E-015
 4.35000000E-001,-7.28968627E-001, 2.02896863E+000,-1.31767301E-015,-2.67351721E-015
 4.45000000E-001,-6.37423990E-001, 1.93742399E+000,-1.10394719E-015,-2.13881376E-015
 4.55000000E-001,-5.35826795E-001, 1.83582679E+000,-2.28817435E-015,-4.20069178E-015
 4.65000000E-001,-4.25779292E-001, 1.72577929E+000,-3.06489516E-015,-5.28933260E-015
 4.75000000E-001,-3.09016994E-001, 1.60901699E+000,-1.17386739E-015,-1.88877259E-015
 4.85000000E-001,-1.87381315E-001, 1.48738131E+000,-2.13626883E-015,-3.17744635E-015
 4.95000000E-001,-6.27905195E-002, 1.36279052E+000,-2.89047376E-015,-3.93911024E-015
 5.05000000E-001,-1.93720948E+000, 3.23720948E+000,-1.59707990E-015,-5.17008219E-015
 5.15000000E-001,-1.81261869E+000, 3.11261869E+000, 4.27610497E-016, 1.33098842E-015
 5.25000000E-001,-1.69098301E+000, 2.99098301E+000, 3.65260386E-016, 1.09248761E-015
 5.35000000E-001,-1.57422071E+000, 2.87422071E+000, 3.08629452E-015, 8.87069162E-015
 5.45000000E-001,-1.46417321E+000, 2.76417321E+000, 2.80001851E-015, 7.73973614E-015
 5.55000000E-001,-1.36257601E+000, 2.66257601E+000, 1.02867020E-015, 2.73891259E-015
 5.65000000E-001,-1.27103137E+000, 2.57103137E+000,-1.88521700E-016,-4.84695206E-016
 5.75000000E-001,-1.19098301E+000, 2.49098301E+000, 1.74504189E-015, 4.34686970E-015
 5.85000000E-001,-1.12369332E+000, 2.42369332E+000, 1.27448890E-015, 3.08897024E-015
 5.95000000E-001,-1.07022351E+000, 2.37022351E+000, 3.68331671E-015, 8.73028388E-015
 6.05000000E-001,-1.03141684E+000, 2.33141684E+000, 4.84351149E-015, 1.12922443E-014
 6.15000000E-001,-1.00788530E+000, 2.30788530E+000, 5.34105798E-015, 1.23265492E-014
 6.25000000E-001,-1.00000000E+000, 2.30000000E+000, 3.79995689E-015, 8.73990085E-015
 6.35000000E-001,-1.00788530E+000, 2.30788530E+000, 2.55020674E-015, 5.88558464E-015
 6.45000000E-001,-1.03141684E+000, 2.33141684E+000, 1.24160872E-015, 2.89470748E-015
 6.55000000E-001,-1.07022351E+000, 2.37022351E+000, 4.82020297E-016, 1.14249584E-015
 6.65000000E-001,-1.12369332E+000, 2.42369332E+000,-4.52340395E-016,-1.09633439E-015
 6.75000000E-001,-1.19098301E+000, 2.49098301E+000, 1.45162777E-016, 3.61598011E-016
 6.85000000E-001,-1.27103137E+000, 2.57103137E+000, 1.93010312E-015, 4.96235568E-015
 6.95000000E-001,-1.36257601E+000, 2.66257601E+000, 2.97042967E-015, 7.90899478E-015
 7.05000000E-001,-1.46417321E+000, 2.76417321E+000, 2.22387156E-015, 6.14716618E-015
 7.15000000E-001,-1.57422071E+000, 2.87422071E+000, 2.56700472E-015, 7.37813813E-015
 7.25000000E-001,-1.69098301E+000, 2.99098301E+000, 1.25011653E-015, 3.73907730E-015
 7.35000000E-001,-1.81261869E+000, 3.11261869E+000,-4.02893127E-016,-1.25405267E-015
 7.45000000E-001,-1.93720948E+000, 3.23720948E+000, 2.29580236E-015, 7.43199315E-015
 7.55000000E-001,-2.06279052E+000, 3.36279052E+000, 1.87604051E-015, 6.30873125E-015
 7.65000000E-001,-2.18738131E+000, 3.48738131E+000, 2.60763148E-015, 9.09380529E-015
 7.75000000E-001,-2.30901699E+000, 3.60901699E+000, 3.27012691E-015, 1.18019436E-014
 7.85000000E-001,-2.42577929E+000, 3.72577929E+000, 2.65140502E-015, 9.87854990E-015
 7.95000000E-001,-2.53582679E+000, 3.83582679E+000, 3.11286942E-015, 1.19404279E-014
 8.05000000E-001,-2.63742399E+000, 3.93742399E+000, 2.44245181E-015, 9.61696836E-015
 8.15000000E-001,-2.72896863E+000, 4.02896863E+000, 3.14314285E-015, 1.26636239E-014
 8.25000000E-001,-2.80901699E+000, 4.10901699E+000, 2.68496970E-015, 1.10325861E-014
 8.35000000E-001,-2.87630668E+000, 4.17630668E+000, 4.19836426E-015, 1.75336567E-014
 8.45000000E-001,-2.92977649E+000, 4.22977649E+000, 2.60831421E-015, 1.10325861E-014
 8.55000000E-001,-2.96858316E+000, 4.26858316E+000, 2.25656972E-015, 9.63235551E-015
 8.65000000E-001,-2.99211470E+000, 4.29211470E+000, 3.24127089E-015, 1.39119064E-014
 8.75000000E-001,-3.00000000E+000, 4.30000000E+000, 3.66428860E-015, 1.57564410E-014
 8.85000000E-001,-2.99211470E+000, 4.29211470E+000, 3.09137387E-015, 1.32685313E-014
 8.95000000E-001,-2.96858316E+000, 4.26858316E+000, 4.24233305E-015, 1.81087514E-014
 9.05000000E-001,-2.92977649E+000, 4.22977649E+000, 6.33889471E-015, 2.68121078E-014
 9.15000000E-001,-2.87630668E+000, 4.17630668E+000, 4.91682063E-015, 2.05341509E-014
 9.25000000E-001,-2.80901699E+000, 4.10901699E+000, 5.52721795E-015, 2.27114325E-014
 9.35000000E-001,-2.72896863E+000, 4.02896863E+000, 3.87832511E-015, 1.56256502E-014
 9.45000000E-001,-2.63742399E+000, 3.93742399E+000, 3.97631155E-015, 1.56564245E-014
 9.55000000E-001,-2.53582679E+000, 3.83582679E+000, 2.38278922E-015, 9.13996673E-015
 9.65000000E-001,-2.42577929E+000, 3.72577929E+000, 2.91158962E-015, 1.08479403E-014
 9.75000000E-001,-2.30901699E+000, 3.60901699E+000, 3.14648456E-015, 1.13557162E-014
 9.85000000E-001,-2.18738131E+000, 3.48738131E+000, 1.23542608E-015, 4.30840183E-015
 9.95000000E-001,-2.06279052E+000, 3.36279052E+000, 4.39268022E-016, 1.47716634E-015
