   1.0003102819383598      ,         100
X,ZB,H,U,Q
 5.00000000E-003, 6.27905195E-002, 1.23720948E+000, 3.94874110E-016, 4.88541993E-016
 1.50000000E-002, 1.87381315E-001, 1.11261869E+000, 2.14359887E-015, 2.38500815E-015
 2.50000000E-002, 3.09016994E-001, 9.90983006E-001, 3.98659773E-015, 3.95065060E-015
 3.50000000E-002, 4.25779292E-001, 8.74220708E-001, 4.31664264E-015, 3.77369839E-015
 4.50000000E-002, 5.35826795E-001, 7.64173205E-001, 4.66896149E-015, 3.56789526E-015
 5.50000000E-002, 6.37423990E-001, 6.62576010E-001, 3.53283256E-015, 2.34077010E-015
 6.50000000E-002, 7.28968627E-001, 5.71031373E-001, 3.30259875E-015, 1.88588750E-015
 7.50000000E-002, 8.09016994E-001, 4.90983006E-001, 3.32002558E-015, 1.63007614E-015
 8.50000000E-002, 8.76306680E-001, 4.23693320E-001, 2.48542516E-015, 1.05305804E-015
 9.50000000E-002, 9.29776486E-001, 3.70223514E-001, 1.43518032E-015, 5.31337502E-016
 1.05000000E-001, 9.68583161E-001, 3.31416839E-001,-6.09372585E-017,-2.01956336E-017
 1.15000000E-001, 9.92114701E-001, 3.07885299E-001,-1.76090445E-015,-5.42156592E-016
 1.25000000E-001, 1.00000000E+000, 3.00000000E-001,-1.66694118E-015,-5.00082355E-016
 1.35000000E-001, 9.92114701E-001, 3.07885299E-001,-1.46065267E-015,-4.49713483E-016
 1.45000000E-001, 9.68583161E-001, 3.31416839E-001,-1.57276162E-015,-5.21239685E-016
 1.55000000E-001, 9.29776486E-001, 3.70223514E-001,-1.54817642E-015,-5.73171315E-016
 1.65000000E-001, 8.76306680E-001, 4.23693320E-001,-1.17121405E-015,-4.96235568E-016
 1.75000000E-001, 8.09016994E-001, 4.90983006E-001,-5.95450015E-016,-2.92355838E-016
 1.85000000E-001, 7.28968627E-001, 5.71031373E-001, 3.67142543E-016, 2.09649910E-016
 1.95000000E-001, 6.37423990E-001, 6.62576010E-001, 6.35735686E-016, 4.21223214E-016
 2.05000000E-001, 5.35826795E-001, 7.64173205E-001, 6.77062340E-016, 5.17392898E-016
 2.15000000E-001, 4.25779292E-001, 8.74220708E-001, 1.58408904E-016, 1.38484344E-016
 2.25000000E-001, 3.09016994E-001, 9.90983006E-001, 1.35086272E-015, 1.33868200E-015
 2.35000000E-001, 1.87381315E-001, 1.11261869E+000, 2.52045738E-015, 2.80430798E-015
 2.45000000E-001, 6.27905195E-002, 1.23720948E+000, 3.74664018E-015, 4.63537875E-015
 2.55000000E-001,-6.27905195E-002, 1.36279052E+000, 4.45144251E-015, 6.06638364E-015
 2.65000000E-001,-1.87381315E-001, 1.48738131E+000, 3.08802057E-015, 4.59306409E-015
 2.75000000E-001,-3.09016994E-001, 1.60901699E+000, 3.28730686E-015, 5.28933260E-015
 2.85000000E-001,-4.25779292E-001, 1.72577929E+000, 2.05515152E-015, 3.54673793E-015
 2.95000000E-001,-5.35826795E-001, 1.83582679E+000, 2.34475009E-015, 4.30455504E-015
 3.05000000E-001,-6.37423990E-001, 1.93742399E+000, 2.31908330E-015, 4.49304762E-015
 3.15000000E-001,-7.28968627E-001, 2.02896863E+000, 2.95765453E-015, 6.00098826E-015
 3.25000000E-001,-8.09016994E-001, 2.10901699E+000, 2.36933926E-015, 4.99697676E-015
 3.35000000E-001,-8.76306680E-001, 2.17630668E+000, 1.61909957E-015, 3.52365721E-015
 3.45000000E-001,-9.29776486E-001, 2.22977649E+000,-3.39862364E-016,-7.57817107E-016
 3.55000000E-001,-9.68583161E-001, 2.26858316E+000, 1.11914771E-016, 2.53887965E-016
 3.65000000E-001,-9.92114701E-001, 2.29211470E+000, 2.35629108E-015, 5.40088943E-015
 3.75000000E-001,-1.00000000E+000, 2.30000000E+000, 1.28449247E-015, 2.95433268E-015
 3.85000000E-001,-9.92114701E-001, 2.29211470E+000, 1.51421911E-015, 3.47076388E-015
 3.95000000E-001,-9.68583161E-001, 2.26858316E+000, 3.97721356E-015, 9.02263972E-015
 4.05000000E-001,-9.29776486E-001, 2.22977649E+000, 4.04039419E-015, 9.00917596E-015
 4.15000000E-001,-8.76306680E-001, 2.17630668E+000, 3.12153913E-015, 6.79342645E-015
 4.25000000E-001,-8.09016994E-001, 2.10901699E+000, 1.31508361E-015, 2.77353368E-015
 4.35000000E-001,-7.28968627E-001, 2.02896863E+000, 2.58415585E-015, 5.24317115E-015
 4.45000000E-001,-6.37423990E-001, 1.93742399E+000, 2.99018789E-015, 5.79326174E-015
 4.55000000E-001,-5.35826795E-001, 1.83582679E+000, 4.43805245E-015, 8.14749560E-015
 4.65000000E-001,-4.25779292E-001, 1.72577929E+000, 5.25378756E-015, 9.06687777E-015
 4.75000000E-001,-3.09016994E-001, 1.60901699E+000, 4.85326031E-015, 7.80897831E-015
 4.85000000E-001,-1.87381315E-001, 1.48738131E+000, 4.88807276E-015, 7.27042808E-015
 4.95000000E-001,-6.27905195E-002, 1.36279052E+000, 4.29054699E-015, 5.84711677E-015
 5.05000000E-001,-1.93720948E+000, 3.23720948E+000, 2.81390268E-015, 9.10919244E-015
 5.15000000E-001,-1.81261869E+000, 3.11261869E+000, 7.26690670E-016, 2.26191096E-015
 5.25000000E-001,-1.69098301E+000, 2.99098301E+000, 8.02543946E-016, 2.40039530E-015
 5.35000000E-001,-1.57422071E+000, 2.87422071E+000, 1.90584709E-015, 5.47782518E-015
 5.45000000E-001,-1.46417321E+000, 2.76417321E+000, 8.73962040E-016, 2.41578245E-015
 5.55000000E-001,-1.36257601E+000, 2.66257601E+000,-2.45609457E-016,-6.53953849E-016
 5.65000000E-001,-1.27103137E+000, 2.57103137E+000, 8.25904591E-016, 2.12342661E-015
 5.75000000E-001,-1.19098301E+000, 2.49098301E+000, 1.23388360E-015, 3.07358309E-015
 5.85000000E-001,-1.12369332E+000, 2.42369332E+000, 1.09196559E-015, 2.64658969E-015
 5.95000000E-001,-1.07022351E+000, 2.37022351E+000, 1.16285368E-015, 2.75622313E-015
 6.05000000E-001,-1.03141684E+000, 2.33141684E+000, 2.48156746E-015, 5.78556817E-015
 6.15000000E-001,-1.00788530E+000, 2.30788530E+000, 3.39715040E-015, 7.84023346E-015
 6.25000000E-001,-1.00000000E+000, 2.30000000E+000, 3.90699793E-015, 8.98609524E-015
 6.35000000E-001,-1.00788530E+000, 2.30788530E+000, 3.66113013E-015, 8.44946841E-015
 6.45000000E-001,-1.03141684E+000, 2.33141684E+000, 3.33625626E-015, 7.77820401E-015
 6.55000000E-001,-1.07022351E+000, 2.37022351E+000, 3.23294421E-015, 7.66280039E-015
 6.65000000E-001,-1.12369332E+000, 2.42369332E+000, 4.05043048E-015, 9.81700131E-015
 6.75000000E-001,-1.19098301E+000, 2.49098301E+000, 3.53950090E-015, 8.81683660E-015
 6.85000000E-001,-1.27103137E+000, 2.57103137E+000, 2.99240794E-015, 7.69357469E-015
 6.95000000E-001,-1.36257601E+000, 2.66257601E+000, 2.27405462E-015, 6.05484328E-015
 7.05000000E-001,-1.46417321E+000, 2.76417321E+000, 9.68594872E-016, 2.67736399E-015
 7.15000000E-001,-1.57422071E+000, 2.87422071E+000, 8.00348709E-016, 2.30037883E-015
 7.25000000E-001,-1.69098301E+000, 2.99098301E+000,-2.10925011E-016,-6.30873125E-016
 7.35000000E-001,-1.81261869E+000, 3.11261869E+000, 1.39405965E-015, 4.33917613E-015
 7.45000000E-001,-1.93720948E+000, 3.23720948E+000, 9.41136370E-016, 3.04665558E-015
 7.55000000E-001,-2.06279052E+000, 3.36279052E+000, 2.09567452E-015, 7.04731442E-015
 7.65000000E-001,-2.18738131E+000, 3.48738131E+000, 1.00157757E-015, 3.49288291E-015
 7.75000000E-001,-2.30901699E+000, 3.60901699E+000, 1.47091758E-015, 5.30856654E-015
 7.85000000E-001,-2.42577929E+000, 3.72577929E+000, 1.23484439E-015, 4.60075767E-015
 7.95000000E-001,-2.53582679E+000, 3.83582679E+000,-1.08308601E-016,-4.15453033E-016
 8.05000000E-001,-2.63742399E+000, 3.93742399E+000, 4.39641326E-016, 1.73105431E-015
 8.15000000E-001,-2.72896863E+000, 4.02896863E+000,-2.27238153E-015,-9.15535388E-015
 8.25000000E-001,-2.80901699E+000, 4.10901699E+000,-6.08518236E-016,-2.50041177E-015
 8.35000000E-001,-2.87630668E+000, 4.17630668E+000,-1.09794871E-015,-4.58537052E-015
 8.45000000E-001,-2.92977649E+000, 4.22977649E+000,-3.69238343E-016,-1.56179566E-015
 8.55000000E-001,-2.96858316E+000, 4.26858316E+000, 3.72189814E-016, 1.58872317E-015
 8.65000000E-001,-2.99211470E+000, 4.29211470E+000, 4.84868672E-016, 2.08111195E-015
 8.75000000E-001,-3.00000000E+000, 4.30000000E+000, 1.03058117E-015, 4.43149902E-015
 8.85000000E-001,-2.99211470E+000, 4.29211470E+000, 2.10012665E-015, 9.01398445E-015
 8.95000000E-001,-2.96858316E+000, 4.26858316E+000, 2.02856967E-015, 8.65911832E-015
 9.05000000E-001,-2.92977649E+000, 4.22977649E+000, 2.18268971E-015, 9.23228963E-015
 9.15000000E-001,-2.87630668E+000, 4.17630668E+000, 2.05773273E-015, 8.59372293E-015
 9.25000000E-001,-2.80901699E+000, 4.10901699E+000, 1.39116631E-015, 5.71632600E-015
 9.35000000E-001,-2.72896863E+000, 4.02896863E+000, 2.16544593E-015, 8.72451370E-015
 9.45000000E-001,-2.63742399E+000, 3.93742399E+000, 3.41943254E-016, 1.34637557E-015
 9.55000000E-001,-2.53582679E+000, 3.83582679E+000, 1.56646328E-015, 6.00868183E-015
 9.65000000E-001,-2.42577929E+000, 3.72577929E+000, 2.03604778E-015, 7.58586465E-015
 9.75000000E-001,-2.30901699E+000, 3.60901699E+000, 7.20536437E-016, 2.60042825E-015
 9.85000000E-001,-2.18738131E+000, 3.48738131E+000, 4.85345960E-016, 1.69258643E-015
 9.95000000E-001,-2.06279052E+000, 3.36279052E+000, 2.92845348E-016, 9.84777561E-016
