   3.4648780115632243      ,         100
X,ZB,H,U,Q
 5.00000000E-003, 6.27905195E-002, 1.23720948E+000,-6.26823785E-015,-7.75512329E-015
 1.50000000E-002, 1.87381315E-001, 1.11261869E+000,-5.58372931E-015,-6.21256156E-015
 2.50000000E-002, 3.09016994E-001, 9.90983006E-001,-7.04544780E-015,-6.98191903E-015
 3.50000000E-002, 4.25779292E-001, 8.74220708E-001,-8.72789060E-015,-7.63010270E-015
 4.50000000E-002, 5.35826795E-001, 7.64173205E-001,-1.16006703E-014,-8.86492144E-015
 5.50000000E-002, 6.37423990E-001, 6.62576010E-001,-1.50138126E-014,-9.94779208E-015
 6.50000000E-002, 7.28968627E-001, 5.71031373E-001,-1.88994203E-014,-1.07921619E-014
 7.50000000E-002, 8.09016994E-001, 4.90983006E-001,-2.23979307E-014,-1.09970033E-014
 8.50000000E-002, 8.76306680E-001, 4.23693320E-001,-2.41630991E-014,-1.02377437E-014
 9.50000000E-002, 9.29776486E-001, 3.70223514E-001,-2.58761064E-014,-9.57994304E-015
 1.05000000E-001, 9.68583161E-001, 3.31416839E-001,-2.69291901E-014,-8.92478707E-015
 1.15000000E-001, 9.92114701E-001, 3.07885299E-001,-2.64754521E-014,-8.15140249E-015
 1.25000000E-001, 1.00000000E+000, 3.00000000E-001,-2.54400870E-014,-7.63202609E-015
 1.35000000E-001, 9.92114701E-001, 3.07885299E-001,-2.33231989E-014,-7.18087007E-015
 1.45000000E-001, 9.68583161E-001, 3.31416839E-001,-1.97654350E-014,-6.55059800E-015
 1.55000000E-001, 9.29776486E-001, 3.70223514E-001,-1.55064415E-014,-5.74084927E-015
 1.65000000E-001, 8.76306680E-001, 4.23693320E-001,-1.22659704E-014,-5.19700970E-015
 1.75000000E-001, 8.09016994E-001, 4.90983006E-001,-9.35875057E-015,-4.59498748E-015
 1.85000000E-001, 7.28968627E-001, 5.71031373E-001,-7.07675673E-015,-4.04105011E-015
 1.95000000E-001, 6.37423990E-001, 6.62576010E-001,-6.64184132E-015,-4.40072472E-015
 2.05000000E-001, 5.35826795E-001, 7.64173205E-001,-5.72105092E-015,-4.37187382E-015
 2.15000000E-001, 4.25779292E-001, 8.74220708E-001,-4.53885513E-015,-3.96796115E-015
 2.25000000E-001, 3.09016994E-001, 9.90983006E-001,-3.40432932E-015,-3.37363250E-015
 2.35000000E-001, 1.87381315E-001, 1.11261869E+000,-2.92151781E-015,-3.25053531E-015
 2.45000000E-001, 6.27905195E-002, 1.23720948E+000,-3.97050582E-015,-4.91234744E-015
 2.55000000E-001,-6.27905195E-002, 1.36279052E+000,-3.64131949E-015,-4.96235568E-015
 2.65000000E-001,-1.87381315E-001, 1.48738131E+000,-4.64496226E-015,-6.90883007E-015
 2.75000000E-001,-3.09016994E-001, 1.60901699E+000,-3.50486680E-015,-5.63939025E-015
 2.85000000E-001,-4.25779292E-001, 1.72577929E+000,-3.09833038E-015,-5.34703441E-015
 2.95000000E-001,-5.35826795E-001, 1.83582679E+000,-3.54122221E-015,-6.50107061E-015
 3.05000000E-001,-6.37423990E-001, 1.93742399E+000,-4.15171505E-015,-8.04363234E-015
 3.15000000E-001,-7.28968627E-001, 2.02896863E+000,-2.96713420E-015,-6.02022220E-015
 3.25000000E-001,-8.09016994E-001, 2.10901699E+000,-4.00908983E-015,-8.45523859E-015
 3.35000000E-001,-8.76306680E-001, 2.17630668E+000,-1.31330893E-015,-2.85816300E-015
 3.45000000E-001,-9.29776486E-001, 2.22977649E+000,-2.11680772E-015,-4.72000807E-015
 3.55000000E-001,-9.68583161E-001, 2.26858316E+000,-1.07590791E-015,-2.44078657E-015
 3.65000000E-001,-9.92114701E-001, 2.29211470E+000,-1.95350628E-015,-4.47766047E-015
 3.75000000E-001,-1.00000000E+000, 2.30000000E+000,-6.42246235E-016,-1.47716634E-015
 3.85000000E-001,-9.92114701E-001, 2.29211470E+000,-5.76905313E-017,-1.32233315E-016
 3.95000000E-001,-9.68583161E-001, 2.26858316E+000,-9.49579875E-016,-2.15420091E-015
 4.05000000E-001,-9.29776486E-001, 2.22977649E+000,-6.62472831E-016,-1.47716634E-015
 4.15000000E-001,-8.76306680E-001, 2.17630668E+000,-1.58374805E-015,-3.44672146E-015
 4.25000000E-001,-8.09016994E-001, 2.10901699E+000, 1.76925256E-016, 3.73138373E-016
 4.35000000E-001,-7.28968627E-001, 2.02896863E+000,-7.20454309E-017,-1.46177919E-016
 4.45000000E-001,-6.37423990E-001, 1.93742399E+000, 1.94580619E-016, 3.76985160E-016
 4.55000000E-001,-5.35826795E-001, 1.83582679E+000,-2.20016764E-016,-4.03912671E-016
 4.65000000E-001,-4.25779292E-001, 1.72577929E+000, 9.80766452E-016, 1.69258643E-015
 4.75000000E-001,-3.09016994E-001, 1.60901699E+000, 1.91261490E-016, 3.07742988E-016
 4.85000000E-001,-1.87381315E-001, 1.48738131E+000, 1.03192647E-015, 1.53486815E-015
 4.95000000E-001,-6.27905195E-002, 1.36279052E+000, 2.25818263E-016, 3.07742988E-016
 5.05000000E-001,-1.93720948E+000, 3.23720948E+000,-1.36892563E-015,-4.43149902E-015
 5.15000000E-001,-1.81261869E+000, 3.11261869E+000,-9.39260050E-016,-2.92355838E-015
 5.25000000E-001,-1.69098301E+000, 2.99098301E+000,-3.90982948E-016,-1.16942335E-015
 5.35000000E-001,-1.57422071E+000, 2.87422071E+000,-1.27413373E-015,-3.66214155E-015
 5.45000000E-001,-1.46417321E+000, 2.76417321E+000, 3.61831418E-017, 1.00016471E-016
 5.55000000E-001,-1.36257601E+000, 2.66257601E+000,-8.03287401E-016,-2.13881376E-015
 5.65000000E-001,-1.27103137E+000, 2.57103137E+000,-1.60093825E-015,-4.11606246E-015
 5.75000000E-001,-1.19098301E+000, 2.49098301E+000,-1.07173369E-015,-2.66967042E-015
 5.85000000E-001,-1.12369332E+000, 2.42369332E+000,-3.84092546E-016,-9.30922538E-016
 5.95000000E-001,-1.07022351E+000, 2.37022351E+000,-6.43505211E-016,-1.52525118E-015
 6.05000000E-001,-1.03141684E+000, 2.33141684E+000,-4.25694418E-016,-9.92471135E-016
 6.15000000E-001,-1.00788530E+000, 2.30788530E+000,-1.10133928E-015,-2.54176474E-015
 6.25000000E-001,-1.00000000E+000, 2.30000000E+000,-6.42246235E-016,-1.47716634E-015
 6.35000000E-001,-1.00788530E+000, 2.30788530E+000,-1.15842724E-016,-2.67351721E-016
 6.45000000E-001,-1.03141684E+000, 2.33141684E+000,-8.96763242E-016,-2.09072892E-015
 6.55000000E-001,-1.07022351E+000, 2.37022351E+000, 8.17973837E-016, 1.93878082E-015
 6.65000000E-001,-1.12369332E+000, 2.42369332E+000, 2.63468441E-015, 6.38566699E-015
 6.75000000E-001,-1.19098301E+000, 2.49098301E+000, 1.79291472E-015, 4.46612011E-015
 6.85000000E-001,-1.27103137E+000, 2.57103137E+000, 1.49620397E-015, 3.84678735E-015
 6.95000000E-001,-1.36257601E+000, 2.66257601E+000,-2.31161842E-016,-6.15485975E-016
 7.05000000E-001,-1.46417321E+000, 2.76417321E+000, 3.86881285E-016, 1.06940688E-015
 7.15000000E-001,-1.57422071E+000, 2.87422071E+000,-1.11620539E-015,-3.20822065E-015
 7.25000000E-001,-1.69098301E+000, 2.99098301E+000, 4.11560998E-016, 1.23097195E-015
 7.35000000E-001,-1.81261869E+000, 3.11261869E+000, 3.46043176E-017, 1.07710046E-016
 7.45000000E-001,-1.93720948E+000, 3.23720948E+000, 2.21024450E-015, 7.15502446E-015
 7.55000000E-001,-2.06279052E+000, 3.36279052E+000, 1.57404375E-015, 5.29317939E-015
 7.65000000E-001,-2.18738131E+000, 3.48738131E+000, 2.39584415E-015, 8.35522212E-015
 7.75000000E-001,-2.30901699E+000, 3.60901699E+000, 3.14648456E-015, 1.13557162E-014
 7.85000000E-001,-2.42577929E+000, 3.72577929E+000, 2.47381870E-015, 9.21690248E-015
 7.95000000E-001,-2.53582679E+000, 3.83582679E+000, 2.86817221E-015, 1.10018118E-014
 8.05000000E-001,-2.63742399E+000, 3.93742399E+000, 1.42834582E-015, 5.62400310E-015
 8.15000000E-001,-2.72896863E+000, 4.02896863E+000, 1.90574518E-015, 7.67818754E-015
 8.25000000E-001,-2.80901699E+000, 4.10901699E+000, 1.67576560E-015, 6.88574935E-015
 8.35000000E-001,-2.87630668E+000, 4.17630668E+000, 3.19620974E-015, 1.33483521E-014
 8.45000000E-001,-2.92977649E+000, 4.22977649E+000, 1.71704924E-015, 7.26273451E-015
 8.55000000E-001,-2.96858316E+000, 4.26858316E+000, 2.16284638E-015, 9.23228963E-015
 8.65000000E-001,-2.99211470E+000, 4.29211470E+000, 3.06515870E-015, 1.31560127E-014
 8.75000000E-001,-3.00000000E+000, 4.30000000E+000, 2.40468939E-015, 1.03401644E-014
 8.85000000E-001,-2.99211470E+000, 4.29211470E+000, 1.68202824E-015, 7.21945815E-015
 8.95000000E-001,-2.96858316E+000, 4.26858316E+000, 2.34849069E-015, 1.00247278E-014
 9.05000000E-001,-2.92977649E+000, 4.22977649E+000, 1.49696136E-015, 6.33181197E-015
 9.15000000E-001,-2.87630668E+000, 4.17630668E+000,-4.05283079E-017,-1.69258643E-016
 9.25000000E-001,-2.80901699E+000, 4.10901699E+000, 4.08175309E-016, 1.67719928E-015
 9.35000000E-001,-2.72896863E+000, 4.02896863E+000,-1.31378024E-015,-5.29317939E-015
 9.45000000E-001,-2.63742399E+000, 3.93742399E+000,-8.36295501E-016,-3.29284997E-015
 9.55000000E-001,-2.53582679E+000, 3.83582679E+000,-1.10314316E-015,-4.23146608E-015
 9.65000000E-001,-2.42577929E+000, 3.72577929E+000,-7.64034156E-016,-2.84662264E-015
 9.75000000E-001,-2.30901699E+000, 3.60901699E+000,-5.11623505E-016,-1.84645793E-015
 9.85000000E-001,-2.18738131E+000, 3.48738131E+000,-2.84589222E-015,-9.92471135E-015
 9.95000000E-001,-2.06279052E+000, 3.36279052E+000,-3.07487616E-015,-1.03401644E-014
