   6.9297560231265551      ,         100
X,ZB,H,U,Q
 5.00000000E-003, 6.27905195E-002, 1.23720948E+000, 2.92269027E-015, 3.61598011E-015
 1.50000000E-002, 1.87381315E-001, 1.11261869E+000, 2.57231864E-015, 2.86200979E-015
 2.50000000E-002, 3.09016994E-001, 9.90983006E-001, 2.45329091E-015, 2.43116960E-015
 3.50000000E-002, 4.25779292E-001, 8.74220708E-001, 2.42013604E-015, 2.11573304E-015
 4.50000000E-002, 5.35826795E-001, 7.64173205E-001, 2.61763878E-015, 2.00032942E-015
 5.50000000E-002, 6.37423990E-001, 6.62576010E-001, 2.46166147E-015, 1.63103783E-015
 6.50000000E-002, 7.28968627E-001, 5.71031373E-001, 2.05465093E-015, 1.17327014E-015
 7.50000000E-002, 8.09016994E-001, 4.90983006E-001, 1.73150597E-015, 8.50140003E-016
 8.50000000E-002, 8.76306680E-001, 4.23693320E-001, 1.40727269E-015, 5.96252039E-016
 9.50000000E-002, 9.29776486E-001, 3.70223514E-001, 1.24165827E-015, 4.59691088E-016
 1.05000000E-001, 9.68583161E-001, 3.31416839E-001, 1.02722807E-015, 3.40440680E-016
 1.15000000E-001, 9.92114701E-001, 3.07885299E-001, 1.12369911E-015, 3.45970437E-016
 1.25000000E-001, 1.00000000E+000, 3.00000000E-001, 8.97583714E-016, 2.69275114E-016
 1.35000000E-001, 9.92114701E-001, 3.07885299E-001, 9.83920001E-016, 3.02934503E-016
 1.45000000E-001, 9.68583161E-001, 3.31416839E-001, 1.32030727E-015, 4.37572061E-016
 1.55000000E-001, 9.29776486E-001, 3.70223514E-001, 1.61051909E-015, 5.96252039E-016
 1.65000000E-001, 8.76306680E-001, 4.23693320E-001, 1.64333134E-015, 6.96268510E-016
 1.75000000E-001, 8.09016994E-001, 4.90983006E-001, 2.01356124E-015, 9.88624348E-016
 1.85000000E-001, 7.28968627E-001, 5.71031373E-001, 2.51947360E-015, 1.43869847E-015
 1.95000000E-001, 6.37423990E-001, 6.62576010E-001, 3.10030006E-015, 2.05418444E-015
 2.05000000E-001, 5.35826795E-001, 7.64173205E-001, 3.35259121E-015, 2.56196037E-015
 2.15000000E-001, 4.25779292E-001, 8.74220708E-001, 3.56420034E-015, 3.11589775E-015
 2.25000000E-001, 3.09016994E-001, 9.90983006E-001, 3.64888205E-015, 3.61598011E-015
 2.35000000E-001, 1.87381315E-001, 1.11261869E+000, 3.51273621E-015, 3.90833594E-015
 2.45000000E-001, 6.27905195E-002, 1.23720948E+000, 3.71865698E-015, 4.60075767E-015
 2.55000000E-001,-6.27905195E-002, 1.36279052E+000, 4.44861978E-015, 6.06253686E-015
 2.65000000E-001,-1.87381315E-001, 1.48738131E+000, 3.36216645E-015, 5.00082355E-015
 2.75000000E-001,-3.09016994E-001, 1.60901699E+000, 2.43858400E-015, 3.92372309E-015
 2.85000000E-001,-4.25779292E-001, 1.72577929E+000, 2.12202196E-015, 3.66214155E-015
 2.95000000E-001,-5.35826795E-001, 1.83582679E+000, 1.37458093E-015, 2.52349250E-015
 3.05000000E-001,-6.37423990E-001, 1.93742399E+000, 1.72342834E-015, 3.33901142E-015
 3.15000000E-001,-7.28968627E-001, 2.02896863E+000, 1.57741575E-015, 3.20052707E-015
 3.25000000E-001,-8.09016994E-001, 2.10901699E+000, 3.03508894E-015, 6.40105414E-015
 3.35000000E-001,-8.76306680E-001, 2.17630668E+000, 3.49273008E-015, 7.60125180E-015
 3.45000000E-001,-9.29776486E-001, 2.22977649E+000, 4.08524912E-015, 9.10919244E-015
 3.55000000E-001,-9.68583161E-001, 2.26858316E+000, 5.49399785E-015, 1.24635910E-014
 3.65000000E-001,-9.92114701E-001, 2.29211470E+000, 5.90751041E-015, 1.35406915E-014
 3.75000000E-001,-1.00000000E+000, 2.30000000E+000, 6.10133923E-015, 1.40330802E-014
 3.85000000E-001,-9.92114701E-001, 2.29211470E+000, 6.22973825E-015, 1.42792746E-014
 3.95000000E-001,-9.68583161E-001, 2.26858316E+000, 6.77593068E-015, 1.53717622E-014
 4.05000000E-001,-9.29776486E-001, 2.22977649E+000, 7.76335349E-015, 1.73105431E-014
 4.15000000E-001,-8.76306680E-001, 2.17630668E+000, 8.17327119E-015, 1.77875447E-014
 4.25000000E-001,-8.09016994E-001, 2.10901699E+000, 8.36838223E-015, 1.76490603E-014
 4.35000000E-001,-7.28968627E-001, 2.02896863E+000, 9.31281992E-015, 1.88954194E-014
 4.45000000E-001,-6.37423990E-001, 1.93742399E+000, 1.03326280E-014, 2.00186813E-014
 4.55000000E-001,-5.35826795E-001, 1.83582679E+000, 1.00914356E-014, 1.85261279E-014
 4.65000000E-001,-4.25779292E-001, 1.72577929E+000, 1.02891317E-014, 1.77567704E-014
 4.75000000E-001,-3.09016994E-001, 1.60901699E+000, 1.06723911E-014, 1.71720587E-014
 4.85000000E-001,-1.87381315E-001, 1.48738131E+000, 1.23313920E-014, 1.83414821E-014
 4.95000000E-001,-6.27905195E-002, 1.36279052E+000, 1.29168046E-014, 1.76028989E-014
 5.05000000E-001,-1.93720948E+000, 3.23720948E+000, 7.60514238E-015, 2.46194390E-014
 5.15000000E-001,-1.81261869E+000, 3.11261869E+000, 6.14968159E-015, 1.91416138E-014
 5.25000000E-001,-1.69098301E+000, 2.99098301E+000, 6.44092962E-015, 1.92647110E-014
 5.35000000E-001,-1.57422071E+000, 2.87422071E+000, 7.25935016E-015, 2.08649746E-014
 5.45000000E-001,-1.46417321E+000, 2.76417321E+000, 6.30143331E-015, 1.74182531E-014
 5.55000000E-001,-1.36257601E+000, 2.66257601E+000, 7.09666855E-015, 1.88954194E-014
 5.65000000E-001,-1.27103137E+000, 2.57103137E+000, 6.46360115E-015, 1.66181213E-014
 5.75000000E-001,-1.19098301E+000, 2.49098301E+000, 6.89986476E-015, 1.71874459E-014
 5.85000000E-001,-1.12369332E+000, 2.42369332E+000, 8.56431148E-015, 2.07572645E-014
 5.95000000E-001,-1.07022351E+000, 2.37022351E+000, 8.76725132E-015, 2.07803452E-014
 6.05000000E-001,-1.03141684E+000, 2.33141684E+000, 9.26957846E-015, 2.16112513E-014
 6.15000000E-001,-1.00788530E+000, 2.30788530E+000, 8.60069723E-015, 1.98494227E-014
 6.25000000E-001,-1.00000000E+000, 2.30000000E+000, 9.20552937E-015, 2.11727176E-014
 6.35000000E-001,-1.00788530E+000, 2.30788530E+000, 9.46826757E-015, 2.18516755E-014
 6.45000000E-001,-1.03141684E+000, 2.33141684E+000, 1.00087688E-014, 2.33346120E-014
 6.55000000E-001,-1.07022351E+000, 2.37022351E+000, 1.11140572E-014, 2.63427997E-014
 6.65000000E-001,-1.12369332E+000, 2.42369332E+000, 1.09831422E-014, 2.66197684E-014
 6.75000000E-001,-1.19098301E+000, 2.49098301E+000, 1.05999713E-014, 2.64043483E-014
 6.85000000E-001,-1.27103137E+000, 2.57103137E+000, 1.08863801E-014, 2.79892247E-014
 6.95000000E-001,-1.36257601E+000, 2.66257601E+000, 1.12922560E-014, 3.00664899E-014
 7.05000000E-001,-1.46417321E+000, 2.76417321E+000, 1.16231385E-014, 3.21283679E-014
 7.15000000E-001,-1.57422071E+000, 2.87422071E+000, 1.11459934E-014, 3.20360450E-014
 7.25000000E-001,-1.69098301E+000, 2.99098301E+000, 1.08652103E-014, 3.24976595E-014
 7.35000000E-001,-1.81261869E+000, 3.11261869E+000, 1.04505039E-014, 3.25284338E-014
 7.45000000E-001,-1.93720948E+000, 3.23720948E+000, 1.03810193E-014, 3.36055343E-014
 7.55000000E-001,-2.06279052E+000, 3.36279052E+000, 1.08169750E-014, 3.63752211E-014
 7.65000000E-001,-2.18738131E+000, 3.48738131E+000, 1.02540365E-014, 3.57597352E-014
 7.75000000E-001,-2.30901699E+000, 3.60901699E+000, 1.01301454E-014, 3.65598669E-014
 7.85000000E-001,-2.42577929E+000, 3.72577929E+000, 9.49880302E-015, 3.53904436E-014
 7.95000000E-001,-2.53582679E+000, 3.83582679E+000, 9.72370550E-015, 3.72984501E-014
 8.05000000E-001,-2.63742399E+000, 3.93742399E+000, 1.01918629E-014, 4.01296856E-014
 8.15000000E-001,-2.72896863E+000, 4.02896863E+000, 9.47143897E-015, 3.81601305E-014
 8.25000000E-001,-2.80901699E+000, 4.10901699E+000, 8.53048949E-015, 3.50519263E-014
 8.35000000E-001,-2.87630668E+000, 4.17630668E+000, 6.66874885E-015, 2.78507404E-014
 8.45000000E-001,-2.92977649E+000, 4.22977649E+000, 6.19883879E-015, 2.62197026E-014
 8.55000000E-001,-2.96858316E+000, 4.26858316E+000, 6.34434938E-015, 2.70813829E-014
 8.65000000E-001,-2.99211470E+000, 4.29211470E+000, 6.19305457E-015, 2.65813006E-014
 8.75000000E-001,-3.00000000E+000, 4.30000000E+000, 6.41250505E-015, 2.75737717E-014
 8.85000000E-001,-2.99211470E+000, 4.29211470E+000, 6.88674838E-015, 2.95587140E-014
 8.95000000E-001,-2.96858316E+000, 4.26858316E+000, 7.29600178E-015, 3.11435904E-014
 9.05000000E-001,-2.92977649E+000, 4.22977649E+000, 7.31928618E-015, 3.09589446E-014
 9.15000000E-001,-2.87630668E+000, 4.17630668E+000, 7.05192558E-015, 2.94510039E-014
 9.25000000E-001,-2.80901699E+000, 4.10901699E+000, 8.13354837E-015, 3.34208885E-014
 9.35000000E-001,-2.72896863E+000, 4.02896863E+000, 7.08830271E-015, 2.85585493E-014
 9.45000000E-001,-2.63742399E+000, 3.93742399E+000, 6.91702354E-015, 2.72352544E-014
 9.55000000E-001,-2.53582679E+000, 3.83582679E+000, 8.11913364E-015, 3.11435904E-014
 9.65000000E-001,-2.42577929E+000, 3.72577929E+000, 8.47458426E-015, 3.15744305E-014
 9.75000000E-001,-2.30901699E+000, 3.60901699E+000, 9.75495484E-015, 3.52057978E-014
 9.85000000E-001,-2.18738131E+000, 3.48738131E+000, 1.00951960E-014, 3.52057978E-014
 9.95000000E-001,-2.06279052E+000, 3.36279052E+000, 9.66389649E-015, 3.24976595E-014
