   1.0006567697395965      ,         100
X,ZB,H,U,Q
 5.00000000E-003, 6.27905195E-002, 1.23720948E+000,-7.46218791E-017,-9.23228963E-017
 1.50000000E-002, 1.87381315E-001, 1.11261869E+000, 1.59041206E-016, 1.76952218E-016
 2.50000000E-002, 3.09016994E-001, 9.90983006E-001, 5.20159782E-016, 5.15469504E-016
 3.50000000E-002, 4.25779292E-001, 8.74220708E-001, 8.80049468E-016, 7.69357469E-016
 4.50000000E-002, 5.35826795E-001, 7.64173205E-001, 9.11139654E-016, 6.96268510E-016
 5.50000000E-002, 6.37423990E-001, 6.62576010E-001, 7.48948890E-016, 4.96235568E-016
 6.50000000E-002, 7.28968627E-001, 5.71031373E-001, 9.29645339E-016, 5.30856654E-016
 7.50000000E-002, 8.09016994E-001, 4.90983006E-001, 1.26533128E-015, 6.21256156E-016
 8.50000000E-002, 8.76306680E-001, 4.23693320E-001, 1.69780641E-015, 7.19349234E-016
 9.50000000E-002, 9.29776486E-001, 3.70223514E-001, 1.62870237E-015, 6.02983916E-016
 1.05000000E-001, 9.68583161E-001, 3.31416839E-001, 1.65981485E-015, 5.50090590E-016
 1.15000000E-001, 9.92114701E-001, 3.07885299E-001, 1.63674311E-015, 5.03929142E-016
 1.25000000E-001, 1.00000000E+000, 3.00000000E-001, 1.55594534E-015, 4.66783602E-016
 1.35000000E-001, 9.92114701E-001, 3.07885299E-001, 1.19944533E-015, 3.69291585E-016
 1.45000000E-001, 9.68583161E-001, 3.31416839E-001, 9.38723958E-016, 3.11108927E-016
 1.55000000E-001, 9.29776486E-001, 3.70223514E-001, 6.67586141E-016, 2.47156087E-016
 1.65000000E-001, 8.76306680E-001, 4.23693320E-001, 1.88392957E-016, 7.98208374E-017
 1.75000000E-001, 8.09016994E-001, 4.90983006E-001,-7.05138176E-017,-3.46210861E-017
 1.85000000E-001, 7.28968627E-001, 5.71031373E-001,-2.15569934E-016,-1.23097195E-016
 1.95000000E-001, 6.37423990E-001, 6.62576010E-001,-4.99299260E-016,-3.30823712E-016
 2.05000000E-001, 5.35826795E-001, 7.64173205E-001,-6.94681062E-016,-5.30856654E-016
 2.15000000E-001, 4.25779292E-001, 8.74220708E-001,-7.21640564E-016,-6.30873125E-016
 2.25000000E-001, 3.09016994E-001, 9.90983006E-001,-3.10543154E-016,-3.07742988E-016
 2.35000000E-001, 1.87381315E-001, 1.11261869E+000,-4.42549444E-016,-4.92388780E-016
 2.45000000E-001, 6.27905195E-002, 1.23720948E+000,-1.98991678E-016,-2.46194390E-016
 2.55000000E-001,-6.27905195E-002, 1.36279052E+000,-5.98418396E-016,-8.15518917E-016
 2.65000000E-001,-1.87381315E-001, 1.48738131E+000,-7.18986363E-016,-1.06940688E-015
 2.75000000E-001,-3.09016994E-001, 1.60901699E+000,-9.61088987E-016,-1.54640851E-015
 2.85000000E-001,-4.25779292E-001, 1.72577929E+000,-1.17691974E-015,-2.03110372E-015
 2.95000000E-001,-5.35826795E-001, 1.83582679E+000,-8.42349898E-016,-1.54640851E-015
 3.05000000E-001,-6.37423990E-001, 1.93742399E+000,-1.20322301E-015,-2.33115313E-015
 3.15000000E-001,-7.28968627E-001, 2.02896863E+000,-1.44090862E-015,-2.92355838E-015
 3.25000000E-001,-8.09016994E-001, 2.10901699E+000,-1.19652545E-015,-2.52349250E-015
 3.35000000E-001,-8.76306680E-001, 2.17630668E+000,-1.43880682E-015,-3.13128490E-015
 3.45000000E-001,-9.29776486E-001, 2.22977649E+000,-1.83905218E-015,-4.10067531E-015
 3.55000000E-001,-9.68583161E-001, 2.26858316E+000,-2.08229301E-015,-4.72385486E-015
 3.65000000E-001,-9.92114701E-001, 2.29211470E+000,-1.73700945E-015,-3.98142490E-015
 3.75000000E-001,-1.00000000E+000, 2.30000000E+000,-1.26943982E-015,-2.91971160E-015
 3.85000000E-001,-9.92114701E-001, 2.29211470E+000,-1.57337813E-015,-3.60636314E-015
 3.95000000E-001,-9.68583161E-001, 2.26858316E+000,-7.74925005E-016,-1.75798182E-015
 4.05000000E-001,-9.29776486E-001, 2.22977649E+000,-2.86381484E-016,-6.38566699E-016
 4.15000000E-001,-8.76306680E-001, 2.17630668E+000,-2.82812152E-016,-6.15485975E-016
 4.25000000E-001,-8.09016994E-001, 2.10901699E+000, 8.39026989E-016, 1.76952218E-015
 4.35000000E-001,-7.28968627E-001, 2.02896863E+000, 5.49820394E-016, 1.11556833E-015
 4.45000000E-001,-6.37423990E-001, 1.93742399E+000, 1.09600512E-015, 2.12342661E-015
 4.55000000E-001,-5.35826795E-001, 1.83582679E+000, 5.36421825E-016, 9.84777561E-016
 4.65000000E-001,-4.25779292E-001, 1.72577929E+000, 7.97987249E-016, 1.37714987E-015
 4.75000000E-001,-3.09016994E-001, 1.60901699E+000, 1.07106434E-015, 1.72336073E-015
 4.85000000E-001,-1.87381315E-001, 1.48738131E+000, 9.56924296E-016, 1.42331132E-015
 4.95000000E-001,-6.27905195E-002, 1.36279052E+000, 7.50845724E-016, 1.02324543E-015
 5.05000000E-001,-1.93720948E+000, 3.23720948E+000, 6.84462814E-016, 2.21574951E-015
 5.15000000E-001,-1.81261869E+000, 3.11261869E+000, 6.87142879E-016, 2.13881376E-015
 5.25000000E-001,-1.69098301E+000, 2.99098301E+000, 2.31503061E-016, 6.92421722E-016
 5.35000000E-001,-1.57422071E+000, 2.87422071E+000,-2.24847129E-016,-6.46260274E-016
 5.45000000E-001,-1.46417321E+000, 2.76417321E+000,-4.11931153E-016,-1.13864905E-015
 5.55000000E-001,-1.36257601E+000, 2.66257601E+000,-1.50255197E-016,-4.00065884E-016
 5.65000000E-001,-1.27103137E+000, 2.57103137E+000,-6.34390483E-016,-1.63103783E-015
 5.75000000E-001,-1.19098301E+000, 2.49098301E+000,-1.16747936E-015,-2.90817123E-015
 5.85000000E-001,-1.12369332E+000, 2.42369332E+000,-9.39598294E-016,-2.27729811E-015
 5.95000000E-001,-1.07022351E+000, 2.37022351E+000,-7.59547134E-016,-1.80029648E-015
 6.05000000E-001,-1.03141684E+000, 2.33141684E+000,-1.71597750E-015,-4.00065884E-015
 6.15000000E-001,-1.00788530E+000, 2.30788530E+000,-1.95515850E-015,-4.51228156E-015
 6.25000000E-001,-1.00000000E+000, 2.30000000E+000,-1.84144038E-015,-4.23531287E-015
 6.35000000E-001,-1.00788530E+000, 2.30788530E+000,-2.09141955E-015,-4.82675642E-015
 6.45000000E-001,-1.03141684E+000, 2.33141684E+000,-1.27708326E-015,-2.97741341E-015
 6.55000000E-001,-1.07022351E+000, 2.37022351E+000,-1.94755675E-016,-4.61614482E-016
 6.65000000E-001,-1.12369332E+000, 2.42369332E+000, 1.30147061E-016, 3.15436562E-016
 6.75000000E-001,-1.19098301E+000, 2.49098301E+000,-6.79485339E-017,-1.69258643E-016
 6.85000000E-001,-1.27103137E+000, 2.57103137E+000, 5.77534732E-016, 1.48485992E-015
 6.95000000E-001,-1.36257601E+000, 2.66257601E+000, 1.10957684E-015, 2.95433268E-015
 7.05000000E-001,-1.46417321E+000, 2.76417321E+000, 5.23263897E-016, 1.44639204E-015
 7.15000000E-001,-1.57422071E+000, 2.87422071E+000, 4.28280246E-017, 1.23097195E-016
 7.25000000E-001,-1.69098301E+000, 2.99098301E+000,-3.24104286E-016,-9.69390411E-016
 7.35000000E-001,-1.81261869E+000, 3.11261869E+000,-1.31002060E-015,-4.07759459E-015
 7.45000000E-001,-1.93720948E+000, 3.23720948E+000,-1.68739097E-015,-5.46243803E-015
 7.55000000E-001,-2.06279052E+000, 3.36279052E+000,-1.32695548E-015,-4.46227332E-015
 7.65000000E-001,-2.18738131E+000, 3.48738131E+000,-1.36779316E-015,-4.77001631E-015
 7.75000000E-001,-2.30901699E+000, 3.60901699E+000,-1.08293642E-015,-3.90833594E-015
 7.85000000E-001,-2.42577929E+000, 3.72577929E+000,-1.66848540E-015,-6.21640835E-015
 7.95000000E-001,-2.53582679E+000, 3.83582679E+000,-1.60457186E-015,-6.15485975E-015
 8.05000000E-001,-2.63742399E+000, 3.93742399E+000,-1.77028907E-015,-6.97037867E-015
 8.15000000E-001,-2.72896863E+000, 4.02896863E+000,-2.26092414E-015,-9.10919244E-015
 8.25000000E-001,-2.80901699E+000, 4.10901699E+000,-2.71867224E-015,-1.11710705E-014
 8.35000000E-001,-2.87630668E+000, 4.17630668E+000,-2.26221646E-015,-9.44770972E-015
 8.45000000E-001,-2.92977649E+000, 4.22977649E+000,-2.81930755E-015,-1.19250408E-014
 8.55000000E-001,-2.96858316E+000, 4.26858316E+000,-2.31965274E-015,-9.90163063E-015
 8.65000000E-001,-2.99211470E+000, 4.29211470E+000,-1.76381062E-015,-7.57047750E-015
 8.75000000E-001,-3.00000000E+000, 4.30000000E+000,-1.36560951E-015,-5.87212088E-015
 8.85000000E-001,-2.99211470E+000, 4.29211470E+000,-9.85421635E-016,-4.22954269E-015
 8.95000000E-001,-2.96858316E+000, 4.26858316E+000,-6.69581191E-016,-2.85816300E-015
 9.05000000E-001,-2.92977649E+000, 4.22977649E+000,-9.73115831E-016,-4.11606246E-015
 9.15000000E-001,-2.87630668E+000, 4.17630668E+000,-1.29322146E-015,-5.40088943E-015
 9.25000000E-001,-2.80901699E+000, 4.10901699E+000,-2.15321838E-015,-8.84761090E-015
 9.35000000E-001,-2.72896863E+000, 4.02896863E+000,-4.92667592E-016,-1.98494227E-015
 9.45000000E-001,-2.63742399E+000, 3.93742399E+000,-3.12633832E-017,-1.23097195E-016
 9.55000000E-001,-2.53582679E+000, 3.83582679E+000, 1.12721174E-015, 4.32378898E-015
 9.65000000E-001,-2.42577929E+000, 3.72577929E+000, 1.23071448E-015, 4.58537052E-015
 9.75000000E-001,-2.30901699E+000, 3.60901699E+000, 1.01471995E-015, 3.66214155E-015
 9.85000000E-001,-2.18738131E+000, 3.48738131E+000, 6.79484344E-016, 2.36962101E-015
 9.95000000E-001,-2.06279052E+000, 3.36279052E+000, 1.64725508E-016, 5.53937378E-016
