   3.4648780115633562      ,         100
X,ZB,H,U,Q
 5.00000000E-003, 6.27905195E-002, 1.23720948E+000,-3.20252231E-016,-3.96219097E-016
 1.50000000E-002, 1.87381315E-001, 1.11261869E+000, 9.88821413E-016, 1.10018118E-015
 2.50000000E-002, 3.09016994E-001, 9.90983006E-001, 2.66290754E-015, 2.63889612E-015
 3.50000000E-002, 4.25779292E-001, 8.74220708E-001, 2.96136646E-015, 2.58888788E-015
 4.50000000E-002, 5.35826795E-001, 7.64173205E-001, 4.40971457E-015, 3.36978572E-015
 5.50000000E-002, 6.37423990E-001, 6.62576010E-001, 6.89729676E-015, 4.56998337E-015
 6.50000000E-002, 7.28968627E-001, 5.71031373E-001, 9.71412013E-015, 5.54706735E-015
 7.50000000E-002, 8.09016994E-001, 4.90983006E-001, 1.20206472E-014, 5.90193349E-015
 8.50000000E-002, 8.76306680E-001, 4.23693320E-001, 1.22489469E-014, 5.18979698E-015
 9.50000000E-002, 9.29776486E-001, 3.70223514E-001, 1.20996741E-014, 4.47958386E-015
 1.05000000E-001, 9.68583161E-001, 3.31416839E-001, 1.30260644E-014, 4.31705710E-015
 1.15000000E-001, 9.92114701E-001, 3.07885299E-001, 1.49721779E-014, 4.60971347E-015
 1.25000000E-001, 1.00000000E+000, 3.00000000E-001, 1.70861471E-014, 5.12584414E-015
 1.35000000E-001, 9.92114701E-001, 3.07885299E-001, 1.85016005E-014, 5.69637079E-015
 1.45000000E-001, 9.68583161E-001, 3.31416839E-001, 1.90102483E-014, 6.30031640E-015
 1.55000000E-001, 9.29776486E-001, 3.70223514E-001, 1.79391046E-014, 6.64147835E-015
 1.65000000E-001, 8.76306680E-001, 4.23693320E-001, 1.55980289E-014, 6.60878066E-015
 1.75000000E-001, 8.09016994E-001, 4.90983006E-001, 1.28178451E-014, 6.29334410E-015
 1.85000000E-001, 7.28968627E-001, 5.71031373E-001, 9.24256090E-015, 5.27779224E-015
 1.95000000E-001, 6.37423990E-001, 6.62576010E-001, 6.05255208E-015, 4.01027581E-015
 2.05000000E-001, 5.35826795E-001, 7.64173205E-001, 3.90380553E-015, 2.98318359E-015
 2.15000000E-001, 4.25779292E-001, 8.74220708E-001, 3.42339243E-015, 2.99280056E-015
 2.25000000E-001, 3.09016994E-001, 9.90983006E-001, 2.46493628E-015, 2.44270996E-015
 2.35000000E-001, 1.87381315E-001, 1.11261869E+000, 1.18589421E-015, 1.31944806E-015
 2.45000000E-001, 6.27905195E-002, 1.23720948E+000,-6.80924647E-016,-8.42446429E-016
 2.55000000E-001,-6.27905195E-002, 1.36279052E+000,-1.36620049E-015,-1.86184508E-015
 2.65000000E-001,-1.87381315E-001, 1.48738131E+000,-1.35521171E-015,-2.01571657E-015
 2.75000000E-001,-3.09016994E-001, 1.60901699E+000,-4.30338352E-016,-6.92421722E-016
 2.85000000E-001,-4.25779292E-001, 1.72577929E+000,-1.48898179E-015,-2.56965395E-015
 2.95000000E-001,-5.35826795E-001, 1.83582679E+000,-1.76013411E-016,-3.23130137E-016
 3.05000000E-001,-6.37423990E-001, 1.93742399E+000, 6.94930783E-017, 1.34637557E-016
 3.15000000E-001,-7.28968627E-001, 2.02896863E+000, 1.38782251E-015, 2.81584834E-015
 3.25000000E-001,-8.09016994E-001, 2.10901699E+000,-5.45367543E-016,-1.15018942E-015
 3.35000000E-001,-8.76306680E-001, 2.17630668E+000,-1.13124861E-015,-2.46194390E-015
 3.45000000E-001,-9.29776486E-001, 2.22977649E+000,-3.19850164E-015,-7.13194374E-015
 3.55000000E-001,-9.68583161E-001, 2.26858316E+000,-2.76310787E-015,-6.26833998E-015
 3.65000000E-001,-9.92114701E-001, 2.29211470E+000,-4.98446191E-016,-1.14249584E-015
 3.75000000E-001,-1.00000000E+000, 2.30000000E+000,-1.01688987E-015,-2.33884671E-015
 3.85000000E-001,-9.92114701E-001, 2.29211470E+000,-7.35082261E-016,-1.68489286E-015
 3.95000000E-001,-9.68583161E-001, 2.26858316E+000, 9.85189120E-016, 2.23498345E-015
 4.05000000E-001,-9.29776486E-001, 2.22977649E+000, 2.10473139E-015, 4.69308056E-015
 4.15000000E-001,-8.76306680E-001, 2.17630668E+000, 4.40479927E-015, 9.58619407E-015
 4.25000000E-001,-8.09016994E-001, 2.10901699E+000, 6.91102883E-015, 1.45754773E-014
 4.35000000E-001,-7.28968627E-001, 2.02896863E+000, 5.80913685E-015, 1.17865564E-014
 4.45000000E-001,-6.37423990E-001, 1.93742399E+000, 8.33916940E-015, 1.61565069E-014
 4.55000000E-001,-5.35826795E-001, 1.83582679E+000, 7.33808294E-015, 1.34714493E-014
 4.65000000E-001,-4.25779292E-001, 1.72577929E+000, 9.14787618E-015, 1.57872153E-014
 4.75000000E-001,-3.09016994E-001, 1.60901699E+000, 8.43463171E-015, 1.35714658E-014
 4.85000000E-001,-1.87381315E-001, 1.48738131E+000, 8.43127894E-015, 1.25405267E-014
 4.95000000E-001,-6.27905195E-002, 1.36279052E+000, 7.72298459E-015, 1.05248102E-014
 5.05000000E-001,-1.93720948E+000, 3.23720948E+000, 3.49836549E-015, 1.13249419E-014
 5.15000000E-001,-1.81261869E+000, 3.11261869E+000, 3.08472774E-015, 9.60158122E-015
 5.25000000E-001,-1.69098301E+000, 2.99098301E+000, 4.24936730E-015, 1.27097854E-014
 5.35000000E-001,-1.57422071E+000, 2.87422071E+000, 2.79452860E-015, 8.03209198E-015
 5.45000000E-001,-1.46417321E+000, 2.76417321E+000, 4.85689095E-015, 1.34252878E-014
 5.55000000E-001,-1.36257601E+000, 2.66257601E+000, 6.18357928E-015, 1.64642498E-014
 5.65000000E-001,-1.27103137E+000, 2.57103137E+000, 9.30638869E-015, 2.39270173E-014
 5.75000000E-001,-1.19098301E+000, 2.49098301E+000, 8.36384681E-015, 2.08342003E-014
 5.85000000E-001,-1.12369332E+000, 2.42369332E+000, 1.05863524E-014, 2.56580716E-014
 5.95000000E-001,-1.07022351E+000, 2.37022351E+000, 9.60632369E-015, 2.27691343E-014
 6.05000000E-001,-1.03141684E+000, 2.33141684E+000, 1.02562655E-014, 2.39116301E-014
 6.15000000E-001,-1.00788530E+000, 2.30788530E+000, 1.09425537E-014, 2.52541589E-014
 6.25000000E-001,-1.00000000E+000, 2.30000000E+000, 1.09181860E-014, 2.51118278E-014
 6.35000000E-001,-1.00788530E+000, 2.30788530E+000, 1.04287621E-014, 2.40683867E-014
 6.45000000E-001,-1.03141684E+000, 2.33141684E+000, 8.70116091E-015, 2.02860331E-014
 6.55000000E-001,-1.07022351E+000, 2.37022351E+000, 8.05477014E-015, 1.90916056E-014
 6.65000000E-001,-1.12369332E+000, 2.42369332E+000, 9.46899227E-015, 2.29499333E-014
 6.75000000E-001,-1.19098301E+000, 2.49098301E+000, 7.82489139E-015, 1.94916715E-014
 6.85000000E-001,-1.27103137E+000, 2.57103137E+000, 8.64506654E-015, 2.22267373E-014
 6.95000000E-001,-1.36257601E+000, 2.66257601E+000, 6.87417528E-015, 1.83030142E-014
 7.05000000E-001,-1.46417321E+000, 2.76417321E+000, 7.48712703E-015, 2.06957159E-014
 7.15000000E-001,-1.57422071E+000, 2.87422071E+000, 5.79516707E-015, 1.66565892E-014
 7.25000000E-001,-1.69098301E+000, 2.99098301E+000, 6.72130555E-015, 2.01033107E-014
 7.35000000E-001,-1.81261869E+000, 3.11261869E+000, 5.41063224E-015, 1.68412350E-014
 7.45000000E-001,-1.93720948E+000, 3.23720948E+000, 7.66693416E-015, 2.48194720E-014
 7.55000000E-001,-2.06279052E+000, 3.36279052E+000, 6.54326325E-015, 2.20036236E-014
 7.65000000E-001,-2.18738131E+000, 3.48738131E+000, 5.31674438E-015, 1.85415150E-014
 7.75000000E-001,-2.30901699E+000, 3.60901699E+000, 4.64298331E-015, 1.67566057E-014
 7.85000000E-001,-2.42577929E+000, 3.72577929E+000, 5.35236901E-015, 1.99417456E-014
 7.95000000E-001,-2.53582679E+000, 3.83582679E+000, 5.00626422E-015, 1.92031624E-014
 8.05000000E-001,-2.63742399E+000, 3.93742399E+000, 4.15607601E-015, 1.63642334E-014
 8.15000000E-001,-2.72896863E+000, 4.02896863E+000, 5.25321141E-015, 2.11650240E-014
 8.25000000E-001,-2.80901699E+000, 4.10901699E+000, 4.60788732E-015, 1.89338873E-014
 8.35000000E-001,-2.87630668E+000, 4.17630668E+000, 6.43478998E-015, 2.68736564E-014
 8.45000000E-001,-2.92977649E+000, 4.22977649E+000, 4.61638875E-015, 1.95262926E-014
 8.55000000E-001,-2.96858316E+000, 4.26858316E+000, 4.50412758E-015, 1.92262432E-014
 8.65000000E-001,-2.99211470E+000, 4.29211470E+000, 3.48684208E-015, 1.49659262E-014
 8.75000000E-001,-3.00000000E+000, 4.30000000E+000, 2.17567135E-015, 9.35538683E-015
 8.85000000E-001,-2.99211470E+000, 4.29211470E+000, 1.27871789E-015, 5.48840385E-015
 8.95000000E-001,-2.96858316E+000, 4.26858316E+000, 1.96909139E-015, 8.40523035E-015
 9.05000000E-001,-2.92977649E+000, 4.22977649E+000, 3.77969102E-015, 1.59872482E-014
 9.15000000E-001,-2.87630668E+000, 4.17630668E+000, 2.72092322E-015, 1.13634098E-014
 9.25000000E-001,-2.80901699E+000, 4.10901699E+000, 2.92837699E-015, 1.20327508E-014
 9.35000000E-001,-2.72896863E+000, 4.02896863E+000, 1.35960979E-015, 5.47782518E-015
 9.45000000E-001,-2.63742399E+000, 3.93742399E+000, 2.39946466E-015, 9.44770972E-015
 9.55000000E-001,-2.53582679E+000, 3.83582679E+000, 3.46587523E-015, 1.32944971E-014
 9.65000000E-001,-2.42577929E+000, 3.72577929E+000, 3.29154174E-015, 1.22635581E-014
 9.75000000E-001,-2.30901699E+000, 3.60901699E+000, 3.14222103E-015, 1.13403291E-014
 9.85000000E-001,-2.18738131E+000, 3.48738131E+000, 2.53703570E-015, 8.84761090E-015
 9.95000000E-001,-2.06279052E+000, 3.36279052E+000, 5.12479359E-016, 1.72336073E-015
