   6.9297560231265614      ,         100
X,ZB,H,U,Q
 5.00000000E-003, 6.27905195E-002, 1.23720948E+000,-2.98487516E-016,-3.69291585E-016
 1.50000000E-002, 1.87381315E-001, 1.11261869E+000,-4.97868124E-016,-5.53937378E-016
 2.50000000E-002, 3.09016994E-001, 9.90983006E-001, 2.48434523E-016, 2.46194390E-016
 3.50000000E-002, 4.25779292E-001, 8.74220708E-001, 5.63231659E-016, 4.92388780E-016
 4.50000000E-002, 5.35826795E-001, 7.64173205E-001, 7.65155953E-016, 5.84711677E-016
 5.50000000E-002, 6.37423990E-001, 6.62576010E-001, 1.06826818E-015, 7.07808872E-016
 6.50000000E-002, 7.28968627E-001, 5.71031373E-001, 1.56288202E-015, 8.92454664E-016
 7.50000000E-002, 8.09016994E-001, 4.90983006E-001, 2.18592835E-015, 1.07325367E-015
 8.50000000E-002, 8.76306680E-001, 4.23693320E-001, 3.10507910E-015, 1.31560127E-015
 9.50000000E-002, 9.29776486E-001, 3.70223514E-001, 3.88602672E-015, 1.43869847E-015
 1.05000000E-001, 9.68583161E-001, 3.31416839E-001, 4.77341858E-015, 1.58199130E-015
 1.15000000E-001, 9.92114701E-001, 3.07885299E-001, 5.70361245E-015, 1.75605842E-015
 1.25000000E-001, 1.00000000E+000, 3.00000000E-001, 6.53953849E-015, 1.96186155E-015
 1.35000000E-001, 9.92114701E-001, 3.07885299E-001, 7.31927157E-015, 2.25349611E-015
 1.45000000E-001, 9.68583161E-001, 3.31416839E-001, 7.63746973E-015, 2.53118607E-015
 1.55000000E-001, 9.29776486E-001, 3.70223514E-001, 7.47592573E-015, 2.76776350E-015
 1.65000000E-001, 8.76306680E-001, 4.23693320E-001, 6.99550715E-015, 2.96394965E-015
 1.75000000E-001, 8.09016994E-001, 4.90983006E-001, 6.54995017E-015, 3.21591422E-015
 1.85000000E-001, 7.28968627E-001, 5.71031373E-001, 5.51050643E-015, 3.14667205E-015
 1.95000000E-001, 6.37423990E-001, 6.62576010E-001, 5.00460421E-015, 3.31593069E-015
 2.05000000E-001, 5.35826795E-001, 7.64173205E-001, 4.72181765E-015, 3.60828653E-015
 2.15000000E-001, 4.25779292E-001, 8.74220708E-001, 4.50585328E-015, 3.93911024E-015
 2.25000000E-001, 3.09016994E-001, 9.90983006E-001, 3.99047952E-015, 3.95449739E-015
 2.35000000E-001, 1.87381315E-001, 1.11261869E+000, 3.78932961E-015, 4.21607893E-015
 2.45000000E-001, 6.27905195E-002, 1.23720948E+000, 3.04706006E-015, 3.76985160E-015
 2.55000000E-001,-6.27905195E-002, 1.36279052E+000, 3.75987408E-015, 5.12392074E-015
 2.65000000E-001,-1.87381315E-001, 1.48738131E+000, 2.46214035E-015, 3.66214155E-015
 2.75000000E-001,-3.09016994E-001, 1.60901699E+000, 2.37164248E-015, 3.81601305E-015
 2.85000000E-001,-4.25779292E-001, 1.72577929E+000, 2.51432854E-015, 4.33917613E-015
 2.95000000E-001,-5.35826795E-001, 1.83582679E+000, 2.34684549E-015, 4.30840183E-015
 3.05000000E-001,-6.37423990E-001, 1.93742399E+000, 2.89091206E-015, 5.60092238E-015
 3.15000000E-001,-7.28968627E-001, 2.02896863E+000, 1.68358797E-015, 3.41594716E-015
 3.25000000E-001,-8.09016994E-001, 2.10901699E+000, 2.68488637E-015, 5.66247097E-015
 3.35000000E-001,-8.76306680E-001, 2.17630668E+000, 1.61909957E-015, 3.52365721E-015
 3.45000000E-001,-9.29776486E-001, 2.22977649E+000, 1.54576994E-015, 3.44672146E-015
 3.55000000E-001,-9.68583161E-001, 2.26858316E+000, 2.65882365E-015, 6.03176256E-015
 3.65000000E-001,-9.92114701E-001, 2.29211470E+000, 2.36300416E-015, 5.41627658E-015
 3.75000000E-001,-1.00000000E+000, 2.30000000E+000, 2.56898494E-015, 5.90866536E-015
 3.85000000E-001,-9.92114701E-001, 2.29211470E+000, 2.90005056E-015, 6.64724853E-015
 3.95000000E-001,-9.68583161E-001, 2.26858316E+000, 2.54351752E-015, 5.77018102E-015
 4.05000000E-001,-9.29776486E-001, 2.22977649E+000, 3.64360057E-015, 8.12441487E-015
 4.15000000E-001,-8.76306680E-001, 2.17630668E+000, 3.28769127E-015, 7.15502446E-015
 4.25000000E-001,-8.09016994E-001, 2.10901699E+000, 3.59687222E-015, 7.58586465E-015
 4.35000000E-001,-7.28968627E-001, 2.02896863E+000, 4.00420921E-015, 8.12441487E-015
 4.45000000E-001,-6.37423990E-001, 1.93742399E+000, 5.22587949E-015, 1.01247443E-014
 4.55000000E-001,-5.35826795E-001, 1.83582679E+000, 5.55699485E-015, 1.02016800E-014
 4.65000000E-001,-4.25779292E-001, 1.72577929E+000, 6.43739435E-015, 1.11095219E-014
 4.75000000E-001,-3.09016994E-001, 1.60901699E+000, 7.16274280E-015, 1.15249749E-014
 4.85000000E-001,-1.87381315E-001, 1.48738131E+000, 7.99678358E-015, 1.18942665E-014
 4.95000000E-001,-6.27905195E-002, 1.36279052E+000, 7.76814824E-015, 1.05863588E-014
 5.05000000E-001,-1.93720948E+000, 3.23720948E+000, 4.25887973E-015, 1.37868858E-014
 5.15000000E-001,-1.81261869E+000, 3.11261869E+000, 3.40111008E-015, 1.05863588E-014
 5.25000000E-001,-1.69098301E+000, 2.99098301E+000, 3.12786358E-015, 9.35538683E-015
 5.35000000E-001,-1.57422071E+000, 2.87422071E+000, 3.19068783E-015, 9.17074103E-015
 5.45000000E-001,-1.46417321E+000, 2.76417321E+000, 4.52010940E-015, 1.24943653E-014
 5.55000000E-001,-1.36257601E+000, 2.66257601E+000, 4.99309579E-015, 1.32944971E-014
 5.65000000E-001,-1.27103137E+000, 2.57103137E+000, 4.69808046E-015, 1.20789123E-014
 5.75000000E-001,-1.19098301E+000, 2.49098301E+000, 4.30546619E-015, 1.07248431E-014
 5.85000000E-001,-1.12369332E+000, 2.42369332E+000, 3.75839318E-015, 9.10919244E-015
 5.95000000E-001,-1.07022351E+000, 2.37022351E+000, 3.98275356E-015, 9.44001615E-015
 6.05000000E-001,-1.03141684E+000, 2.33141684E+000, 3.59035292E-015, 8.37060926E-015
 6.15000000E-001,-1.00788530E+000, 2.30788530E+000, 2.72022052E-015, 6.27795695E-015
 6.25000000E-001,-1.00000000E+000, 2.30000000E+000, 2.03377974E-015, 4.67769341E-015
 6.35000000E-001,-1.00788530E+000, 2.30788530E+000, 1.86681800E-015, 4.30840183E-015
 6.45000000E-001,-1.03141684E+000, 2.33141684E+000, 1.51138018E-015, 3.52365721E-015
 6.55000000E-001,-1.07022351E+000, 2.37022351E+000, 2.46690522E-015, 5.84711677E-015
 6.65000000E-001,-1.12369332E+000, 2.42369332E+000, 2.03156388E-015, 4.92388780E-015
 6.75000000E-001,-1.19098301E+000, 2.49098301E+000, 2.03845602E-015, 5.07775930E-015
 6.85000000E-001,-1.27103137E+000, 2.57103137E+000, 1.47226471E-015, 3.78523875E-015
 6.95000000E-001,-1.36257601E+000, 2.66257601E+000, 5.89462697E-016, 1.56948924E-015
 7.05000000E-001,-1.46417321E+000, 2.76417321E+000, 1.11332744E-016, 3.07742988E-016
 7.15000000E-001,-1.57422071E+000, 2.87422071E+000, 5.99592344E-016, 1.72336073E-015
 7.25000000E-001,-1.69098301E+000, 2.99098301E+000, 5.35029297E-016, 1.60026354E-015
 7.35000000E-001,-1.81261869E+000, 3.11261869E+000, 9.98581738E-016, 3.10820418E-015
 7.45000000E-001,-1.93720948E+000, 3.23720948E+000, 1.16929064E-015, 3.78523875E-015
 7.55000000E-001,-2.06279052E+000, 3.36279052E+000, 5.49085028E-016, 1.84645793E-015
 7.65000000E-001,-2.18738131E+000, 3.48738131E+000, 2.64734160E-016, 9.23228963E-016
 7.75000000E-001,-2.30901699E+000, 3.60901699E+000, 7.16272908E-016, 2.58504110E-015
 7.85000000E-001,-2.42577929E+000, 3.72577929E+000,-4.95589723E-016,-1.84645793E-015
 7.95000000E-001,-2.53582679E+000, 3.83582679E+000,-5.61600153E-016,-2.15420091E-015
 8.05000000E-001,-2.63742399E+000, 3.93742399E+000,-7.19057814E-016,-2.83123549E-015
 8.15000000E-001,-2.72896863E+000, 4.02896863E+000,-1.67277833E-015,-6.73957143E-015
 8.25000000E-001,-2.80901699E+000, 4.10901699E+000,-2.44905186E-015,-1.00631957E-014
 8.35000000E-001,-2.87630668E+000, 4.17630668E+000,-8.54778859E-016,-3.56981866E-015
 8.45000000E-001,-2.92977649E+000, 4.22977649E+000,-5.82050591E-016,-2.46194390E-015
 8.55000000E-001,-2.96858316E+000, 4.26858316E+000,-4.61407227E-016,-1.96955512E-015
 8.65000000E-001,-2.99211470E+000, 4.29211470E+000,-1.00379466E-015,-4.30840183E-015
 8.75000000E-001,-3.00000000E+000, 4.30000000E+000,-1.14509019E-015,-4.92388780E-015
 8.85000000E-001,-2.99211470E+000, 4.29211470E+000,-1.29059314E-015,-5.53937378E-015
 8.95000000E-001,-2.96858316E+000, 4.26858316E+000,-1.61492530E-015,-6.89344292E-015
 9.05000000E-001,-2.92977649E+000, 4.22977649E+000,-1.51333154E-015,-6.40105414E-015
 9.15000000E-001,-2.87630668E+000, 4.17630668E+000,-2.47591118E-015,-1.03401644E-014
 9.25000000E-001,-2.80901699E+000, 4.10901699E+000,-1.31814412E-015,-5.41627658E-015
 9.35000000E-001,-2.72896863E+000, 4.02896863E+000,-1.48182190E-015,-5.97021396E-015
 9.45000000E-001,-2.63742399E+000, 3.93742399E+000,-2.13372590E-015,-8.40138356E-015
 9.55000000E-001,-2.53582679E+000, 3.83582679E+000,-6.73920183E-016,-2.58504110E-015
 9.65000000E-001,-2.42577929E+000, 3.72577929E+000,-1.13985636E-015,-4.24685323E-015
 9.75000000E-001,-2.30901699E+000, 3.60901699E+000,-6.99218791E-016,-2.52349250E-015
 9.85000000E-001,-2.18738131E+000, 3.48738131E+000,-1.11188347E-015,-3.87756164E-015
 9.95000000E-001,-2.06279052E+000, 3.36279052E+000, 2.92845348E-016, 9.84777561E-016
