 2.16000667E+004,150
X,ZB,H,U,ZF,QS,TS
 1.00000000E-001, 1.66977738E-003, 6.91201352E-002, 5.10711913E-001,-1.50042700E+000, 3.42998832E-005, 3.73076810E-001
 3.00000000E-001, 3.23738341E-004, 6.97550511E-002, 5.06304317E-001,-1.50128100E+000, 3.31899461E-005, 3.66006086E-001
 5.00000000E-001,-1.20207742E-003, 7.06214893E-002, 5.00557871E-001,-1.50213500E+000, 3.17758261E-005, 3.56881121E-001
 7.00000000E-001,-2.71982676E-003, 7.15399141E-002, 4.94335146E-001,-1.50298900E+000, 3.02964796E-005, 3.47187915E-001
 9.00000000E-001,-4.11518625E-003, 7.23513427E-002, 4.88683291E-001,-1.50384300E+000, 2.89988002E-005, 3.38553288E-001
 1.10000000E+000,-5.32379900E-003, 7.29469825E-002, 4.84369074E-001,-1.50469700E+000, 2.80379717E-005, 3.32075929E-001
 1.30000000E+000,-6.34231616E-003, 7.32965683E-002, 4.81656410E-001,-1.50555100E+000, 2.74485022E-005, 3.28064694E-001
 1.50000000E+000,-7.20692728E-003, 7.34292496E-002, 4.80407654E-001,-1.50640500E+000, 2.71836483E-005, 3.26252328E-001
 1.70000000E+000,-7.96613315E-003, 7.33998957E-002, 4.80293996E-001,-1.50725900E+000, 2.71649421E-005, 3.26123036E-001
 1.90000000E+000,-8.66437176E-003, 7.32653711E-002, 4.80949723E-001,-1.50811300E+000, 2.73121322E-005, 3.27129515E-001
 2.10000000E+000,-9.33548263E-003, 7.30714443E-002, 4.82073257E-001,-1.50896700E+000, 2.75609107E-005, 3.28827416E-001
 2.30000000E+000,-1.00027918E-002, 7.28520606E-002, 4.83431595E-001,-1.50982100E+000, 2.78618409E-005, 3.30874780E-001
 2.50000000E+000,-1.06817404E-002, 7.26312483E-002, 4.84854343E-001,-1.51067500E+000, 2.81783221E-005, 3.33020202E-001
 2.70000000E+000,-1.13820907E-002, 7.24255156E-002, 4.86220477E-001,-1.51152900E+000, 2.84837295E-005, 3.35083081E-001
 2.90000000E+000,-1.21096325E-002, 7.22459355E-002, 4.87445658E-001,-1.51238300E+000, 2.87589195E-005, 3.36935651E-001
 3.10000000E+000,-1.28673129E-002, 7.20996001E-002, 4.88472924E-001,-1.51323700E+000, 2.89904975E-005, 3.38490143E-001
 3.30000000E+000,-1.36558839E-002, 7.19904671E-002, 4.89267055E-001,-1.51409100E+000, 2.91698499E-005, 3.39691312E-001
 3.50000000E+000,-1.44742218E-002, 7.19197502E-002, 4.89811954E-001,-1.51494500E+000, 2.92927718E-005, 3.40513232E-001
 3.70000000E+000,-1.53195012E-002, 7.18860700E-002, 4.90109657E-001,-1.51579900E+000, 2.93593788E-005, 3.40958246E-001
 3.90000000E+000,-1.61874125E-002, 7.18856468E-002, 4.90179483E-001,-1.51665300E+000, 2.93739571E-005, 3.41055796E-001
 4.10000000E+000,-1.70725694E-002, 7.19128639E-002, 4.90053364E-001,-1.51750700E+000, 2.93438849E-005, 3.40855295E-001
 4.30000000E+000,-1.79688639E-002, 7.19602721E-002, 4.89778353E-001,-1.51836100E+000, 2.92800765E-005, 3.40429338E-001
 4.50000000E+000,-1.88699293E-002, 7.20195351E-002, 4.89408841E-001,-1.51921500E+000, 2.91951235E-005, 3.39861631E-001
 4.70000000E+000,-1.97700518E-002, 7.20826166E-002, 4.88998992E-001,-1.52006900E+000, 2.91014738E-005, 3.39235099E-001
 4.90000000E+000,-2.06647376E-002, 7.21426706E-002, 4.88596506E-001,-1.52092300E+000, 2.90099776E-005, 3.38622272E-001
 5.10000000E+000,-2.15510171E-002, 7.21946307E-002, 4.88238161E-001,-1.52177700E+000, 2.89288964E-005, 3.38078622E-001
 5.30000000E+000,-2.24274721E-002, 7.22354319E-002, 4.87947776E-001,-1.52263100E+000, 2.88634897E-005, 3.37639664E-001
 5.50000000E+000,-2.32940377E-002, 7.22639003E-002, 4.87736461E-001,-1.52348500E+000, 2.88161269E-005, 3.37321562E-001
 5.70000000E+000,-2.41516715E-002, 7.22804125E-002, 4.87604523E-001,-1.52433900E+000, 2.87867570E-005, 3.37124184E-001
 5.90000000E+000,-2.50019836E-002, 7.22864528E-002, 4.87544238E-001,-1.52519300E+000, 2.87735521E-005, 3.37035380E-001
 6.10000000E+000,-2.58469050E-002, 7.22841860E-002, 4.87542616E-001,-1.52604700E+000, 2.87735325E-005, 3.37035182E-001
 6.30000000E+000,-2.66884234E-002, 7.22760832E-002, 4.87583824E-001,-1.52690100E+000, 2.87831076E-005, 3.37099470E-001
 6.50000000E+000,-2.75283224E-002, 7.22644805E-002, 4.87652603E-001,-1.52775500E+000, 2.87988287E-005, 3.37205055E-001
 6.70000000E+000,-2.83680754E-002, 7.22514579E-002, 4.87734861E-001,-1.52860900E+000, 2.88175207E-005, 3.37330590E-001
 6.90000000E+000,-2.92088169E-002, 7.22387351E-002, 4.87818606E-001,-1.52946300E+000, 2.88364853E-005, 3.37457941E-001
 7.10000000E+000,-3.00513261E-002, 7.22276102E-002, 4.87894474E-001,-1.53031700E+000, 2.88536181E-005, 3.37572977E-001
 7.30000000E+000,-3.08960436E-002, 7.22189472E-002, 4.87955913E-001,-1.53117100E+000, 2.88674496E-005, 3.37665840E-001
 7.50000000E+000,-3.17431101E-002, 7.22132010E-002, 4.87999105E-001,-1.53202500E+000, 2.88771285E-005, 3.37730822E-001
 7.70000000E+000,-3.25924198E-002, 7.22104675E-002, 4.88022695E-001,-1.53287900E+000, 2.88823596E-005, 3.37765950E-001
 7.90000000E+000,-3.34436858E-002, 7.22105578E-002, 4.88027366E-001,-1.53373300E+000, 2.88833079E-005, 3.37772333E-001
 8.10000000E+000,-3.42965134E-002, 7.22130995E-002, 4.88015072E-001,-1.53458700E+000, 2.88804269E-005, 3.37753016E-001
 8.30000000E+000,-3.51504462E-002, 7.22175624E-002, 4.87989088E-001,-1.53544100E+000, 2.88744640E-005, 3.37713009E-001
 8.50000000E+000,-3.60050041E-002, 7.22233446E-002, 4.87953262E-001,-1.53629500E+000, 2.88662957E-005, 3.37658193E-001
 8.70000000E+000,-3.68597467E-002, 7.22298543E-002, 4.87911512E-001,-1.53714900E+000, 2.88568102E-005, 3.37594524E-001
 8.90000000E+000,-3.77143064E-002, 7.22365632E-002, 4.87867434E-001,-1.53800300E+000, 2.88468210E-005, 3.37527463E-001
 9.10000000E+000,-3.85684072E-002, 7.22430428E-002, 4.87824039E-001,-1.53885700E+000, 2.88370064E-005, 3.37461563E-001
 9.30000000E+000,-3.94218702E-002, 7.22489824E-002, 4.87783596E-001,-1.53971100E+000, 2.88278752E-005, 3.37400242E-001
 9.50000000E+000,-4.02746093E-002, 7.22541926E-002, 4.87747582E-001,-1.54056500E+000, 2.88197567E-005, 3.37345715E-001
 9.70000000E+000,-4.11266181E-002, 7.22585958E-002, 4.87716721E-001,-1.54141900E+000, 2.88128097E-005, 3.37299050E-001
 9.90000000E+000,-4.19779525E-002, 7.22622080E-002, 4.87691089E-001,-1.54227300E+000, 2.88070467E-005, 3.37260335E-001
 1.01000000E+001,-4.28287107E-002, 7.22651158E-002, 4.87670252E-001,-1.54312700E+000, 2.88023664E-005, 3.37228889E-001
 1.03000000E+001,-4.36790148E-002, 7.22674521E-002, 4.87653425E-001,-1.54398100E+000, 2.87985891E-005, 3.37203509E-001
 1.05000000E+001,-4.45289937E-002, 7.22693731E-002, 4.87639628E-001,-1.54483500E+000, 2.87954913E-005, 3.37182694E-001
 1.07000000E+001,-4.53787701E-002, 7.22710392E-002, 4.87627816E-001,-1.54568900E+000, 2.87928364E-005, 3.37164855E-001
 1.09000000E+001,-4.62284501E-002, 7.22725985E-002, 4.87616992E-001,-1.54654300E+000, 2.87903993E-005, 3.37148479E-001
 1.11000000E+001,-4.70781174E-002, 7.22741768E-002, 4.87606287E-001,-1.54739700E+000, 2.87879842E-005, 3.37132252E-001
 1.13000000E+001,-4.79278309E-002, 7.22758703E-002, 4.87595013E-001,-1.54825100E+000, 2.87854364E-005, 3.37115134E-001
 1.15000000E+001,-4.87776243E-002, 7.22777440E-002, 4.87582682E-001,-1.54910500E+000, 2.87826470E-005, 3.37096392E-001
 1.17000000E+001,-4.96275091E-002, 7.22798323E-002, 4.87569009E-001,-1.54995900E+000, 2.87795529E-005, 3.37075603E-001
 1.19000000E+001,-5.04774780E-002, 7.22821429E-002, 4.87553893E-001,-1.55081300E+000, 2.87761321E-005, 3.37052618E-001
 1.21000000E+001,-5.13275101E-002, 7.22846619E-002, 4.87537384E-001,-1.55166700E+000, 2.87723969E-005, 3.37027519E-001
 1.23000000E+001,-5.21775759E-002, 7.22873599E-002, 4.87519643E-001,-1.55252100E+000, 2.87683848E-005, 3.37000558E-001
 1.25000000E+001,-5.30276415E-002, 7.22901984E-002, 4.87500907E-001,-1.55337500E+000, 2.87641495E-005, 3.36972096E-001
 1.27000000E+001,-5.38776732E-002, 7.22931352E-002, 4.87481445E-001,-1.55422900E+000, 2.87597523E-005, 3.36942544E-001
 1.29000000E+001,-5.47276403E-002, 7.22961292E-002, 4.87461530E-001,-1.55508300E+000, 2.87552546E-005, 3.36912315E-001
 1.31000000E+001,-5.55775172E-002, 7.22991440E-002, 4.87441409E-001,-1.55593700E+000, 2.87507123E-005, 3.36881784E-001
 1.33000000E+001,-5.64272850E-002, 7.23021505E-002, 4.87421288E-001,-1.55679100E+000, 2.87461716E-005, 3.36851262E-001
 1.35000000E+001,-5.72769313E-002, 7.23051276E-002, 4.87401320E-001,-1.55764500E+000, 2.87416669E-005, 3.36820980E-001
 1.37000000E+001,-5.81264503E-002, 7.23080625E-002, 4.87381605E-001,-1.55849900E+000, 2.87372205E-005, 3.36791088E-001
 1.39000000E+001,-5.89758413E-002, 7.23109503E-002, 4.87362191E-001,-1.55935300E+000, 2.87328426E-005, 3.36761656E-001
 1.41000000E+001,-5.98251083E-002, 7.23137924E-002, 4.87343081E-001,-1.56020700E+000, 2.87285338E-005, 3.36732686E-001
 1.43000000E+001,-6.06742580E-002, 7.23165952E-002, 4.87324241E-001,-1.56106100E+000, 2.87242864E-005, 3.36704128E-001
 1.45000000E+001,-6.15232988E-002, 7.23193682E-002, 4.87305617E-001,-1.56191500E+000, 2.87200876E-005, 3.36675895E-001
 1.47000000E+001,-6.23722396E-002, 7.23221226E-002, 4.87287138E-001,-1.56276900E+000, 2.87159216E-005, 3.36647882E-001
 1.49000000E+001,-6.32210886E-002, 7.23248696E-002, 4.87268730E-001,-1.56362300E+000, 2.87117715E-005, 3.36619974E-001
 1.51000000E+001,-6.40698531E-002, 7.23276199E-002, 4.87250322E-001,-1.56447700E+000, 2.87076215E-005, 3.36592065E-001
 1.53000000E+001,-6.49185387E-002, 7.23303822E-002, 4.87231854E-001,-1.56533100E+000, 2.87034578E-005, 3.36564063E-001
 1.55000000E+001,-6.57671491E-002, 7.23331634E-002, 4.87213276E-001,-1.56618500E+000, 2.86992696E-005, 3.36535896E-001
 1.57000000E+001,-6.66156864E-002, 7.23359678E-002, 4.87194556E-001,-1.56703900E+000, 2.86950494E-005, 3.36507511E-001
 1.59000000E+001,-6.74641510E-002, 7.23387979E-002, 4.87175674E-001,-1.56789300E+000, 2.86907929E-005, 3.36478881E-001
 1.61000000E+001,-6.83125420E-002, 7.23416541E-002, 4.87156622E-001,-1.56874700E+000, 2.86864986E-005, 3.36449995E-001
 1.63000000E+001,-6.91608575E-002, 7.23445354E-002, 4.87137406E-001,-1.56960100E+000, 2.86821675E-005, 3.36420861E-001
 1.65000000E+001,-7.00090953E-002, 7.23474398E-002, 4.87118036E-001,-1.57045500E+000, 2.86778023E-005, 3.36391495E-001
 1.67000000E+001,-7.08572526E-002, 7.23503645E-002, 4.87098529E-001,-1.57130900E+000, 2.86734068E-005, 3.36361924E-001
 1.69000000E+001,-7.17053268E-002, 7.23533066E-002, 4.87078904E-001,-1.57216300E+000, 2.86689852E-005, 3.36332176E-001
 1.71000000E+001,-7.25533154E-002, 7.23562632E-002, 4.87059179E-001,-1.57301700E+000, 2.86645417E-005, 3.36302279E-001
 1.73000000E+001,-7.34012164E-002, 7.23592320E-002, 4.87039373E-001,-1.57387100E+000, 2.86600801E-005, 3.36272259E-001
 1.75000000E+001,-7.42490282E-002, 7.23622110E-002, 4.87019497E-001,-1.57472500E+000, 2.86556036E-005, 3.36242137E-001
 1.77000000E+001,-7.50967496E-002, 7.23651987E-002, 4.86999563E-001,-1.57557900E+000, 2.86511144E-005, 3.36211928E-001
 1.79000000E+001,-7.59443801E-002, 7.23681945E-002, 4.86979577E-001,-1.57643300E+000, 2.86466139E-005, 3.36181641E-001
 1.81000000E+001,-7.67919193E-002, 7.23711979E-002, 4.86959541E-001,-1.57728700E+000, 2.86421028E-005, 3.36151281E-001
 1.83000000E+001,-7.76393671E-002, 7.23742093E-002, 4.86939456E-001,-1.57814100E+000, 2.86375809E-005, 3.36120848E-001
 1.85000000E+001,-7.84867238E-002, 7.23772290E-002, 4.86919319E-001,-1.57899500E+000, 2.86330478E-005, 3.36090337E-001
 1.87000000E+001,-7.93339896E-002, 7.23802578E-002, 4.86899126E-001,-1.57984900E+000, 2.86285025E-005, 3.36059742E-001
 1.89000000E+001,-8.01811648E-002, 7.23832964E-002, 4.86878872E-001,-1.58070300E+000, 2.86239438E-005, 3.36029055E-001
 1.91000000E+001,-8.10282496E-002, 7.23863457E-002, 4.86858552E-001,-1.58155700E+000, 2.86193707E-005, 3.35998270E-001
 1.93000000E+001,-8.18752441E-002, 7.23894062E-002, 4.86838161E-001,-1.58241100E+000, 2.86147822E-005, 3.35967380E-001
 1.95000000E+001,-8.27221484E-002, 7.23924787E-002, 4.86817696E-001,-1.58326500E+000, 2.86101773E-005, 3.35936377E-001
 1.97000000E+001,-8.35689623E-002, 7.23955634E-002, 4.86797154E-001,-1.58411900E+000, 2.86055554E-005, 3.35905259E-001
 1.99000000E+001,-8.44156857E-002, 7.23986605E-002, 4.86776532E-001,-1.58497300E+000, 2.86009162E-005, 3.35874023E-001
 2.01000000E+001,-8.52623180E-002, 7.24017702E-002, 4.86755831E-001,-1.58582700E+000, 2.85962596E-005, 3.35842667E-001
 2.03000000E+001,-8.61088590E-002, 7.24048924E-002, 4.86735051E-001,-1.58668100E+000, 2.85915856E-005, 3.35811193E-001
 2.05000000E+001,-8.69553080E-002, 7.24080268E-002, 4.86714193E-001,-1.58753500E+000, 2.85868945E-005, 3.35779601E-001
 2.07000000E+001,-8.78016645E-002, 7.24111732E-002, 4.86693258E-001,-1.58838900E+000, 2.85821867E-005, 3.35747896E-001
 2.09000000E+001,-8.86479279E-002, 7.24143312E-002, 4.86672249E-001,-1.58924300E+000, 2.85774627E-005, 3.35716080E-001
 2.11000000E+001,-8.94940976E-002, 7.24175006E-002, 4.86651168E-001,-1.59009700E+000, 2.85727230E-005, 3.35684156E-001
 2.13000000E+001,-9.03401730E-002, 7.24206808E-002, 4.86630018E-001,-1.59095100E+000, 2.85679681E-005, 3.35652128E-001
 2.15000000E+001,-9.11861537E-002, 7.24238717E-002, 4.86608800E-001,-1.59180500E+000, 2.85631987E-005, 3.35620001E-001
 2.17000000E+001,-9.20320390E-002, 7.24270728E-002, 4.86587518E-001,-1.59265900E+000, 2.85584152E-005, 3.35587777E-001
 2.19000000E+001,-9.28778284E-002, 7.24302839E-002, 4.86566173E-001,-1.59351300E+000, 2.85536181E-005, 3.35555459E-001
 2.21000000E+001,-9.37235216E-002, 7.24335046E-002, 4.86544767E-001,-1.59436700E+000, 2.85488078E-005, 3.35523051E-001
 2.23000000E+001,-9.45691181E-002, 7.24367349E-002, 4.86523302E-001,-1.59522100E+000, 2.85439847E-005, 3.35490555E-001
 2.25000000E+001,-9.54146173E-002, 7.24399742E-002, 4.86501780E-001,-1.59607500E+000, 2.85391493E-005, 3.35457974E-001
 2.27000000E+001,-9.62600191E-002, 7.24432226E-002, 4.86480202E-001,-1.59692900E+000, 2.85343018E-005, 3.35425310E-001
 2.29000000E+001,-9.71053228E-002, 7.24464796E-002, 4.86458570E-001,-1.59778300E+000, 2.85294427E-005, 3.35392565E-001
 2.31000000E+001,-9.79505281E-002, 7.24497451E-002, 4.86436886E-001,-1.59863700E+000, 2.85245724E-005, 3.35359744E-001
 2.33000000E+001,-9.87956345E-002, 7.24530187E-002, 4.86415152E-001,-1.59949100E+000, 2.85196914E-005, 3.35326848E-001
 2.35000000E+001,-9.96406417E-002, 7.24563002E-002, 4.86393369E-001,-1.60034500E+000, 2.85148000E-005, 3.35293880E-001
 2.37000000E+001,-1.00485549E-001, 7.24595892E-002, 4.86371541E-001,-1.60119900E+000, 2.85098988E-005, 3.35260845E-001
 2.39000000E+001,-1.01330356E-001, 7.24628853E-002, 4.86349670E-001,-1.60205300E+000, 2.85049885E-005, 3.35227746E-001
 2.41000000E+001,-1.02175063E-001, 7.24661880E-002, 4.86327758E-001,-1.60290700E+000, 2.85000695E-005, 3.35194587E-001
 2.43000000E+001,-1.03019668E-001, 7.24694970E-002, 4.86305808E-001,-1.60376100E+000, 2.84951427E-005, 3.35161374E-001
 2.45000000E+001,-1.03864172E-001, 7.24728118E-002, 4.86283825E-001,-1.60461500E+000, 2.84902087E-005, 3.35128110E-001
 2.47000000E+001,-1.04708573E-001, 7.24761318E-002, 4.86261810E-001,-1.60546900E+000, 2.84852684E-005, 3.35094801E-001
 2.49000000E+001,-1.05552872E-001, 7.24794564E-002, 4.86239769E-001,-1.60632300E+000, 2.84803224E-005, 3.35061452E-001
 2.51000000E+001,-1.06397068E-001, 7.24827851E-002, 4.86217704E-001,-1.60717700E+000, 2.84753719E-005, 3.35028071E-001
 2.53000000E+001,-1.07241160E-001, 7.24861173E-002, 4.86195621E-001,-1.60803100E+000, 2.84704175E-005, 3.34994662E-001
 2.55000000E+001,-1.08085148E-001, 7.24894523E-002, 4.86173523E-001,-1.60888500E+000, 2.84654604E-005, 3.34961233E-001
 2.57000000E+001,-1.08929031E-001, 7.24927894E-002, 4.86151414E-001,-1.60973900E+000, 2.84605016E-005, 3.34927790E-001
 2.59000000E+001,-1.09772809E-001, 7.24961280E-002, 4.86129301E-001,-1.61059300E+000, 2.84555421E-005, 3.34894340E-001
 2.61000000E+001,-1.10616481E-001, 7.24994672E-002, 4.86107186E-001,-1.61144700E+000, 2.84505830E-005, 3.34860892E-001
 2.63000000E+001,-1.11460047E-001, 7.25028062E-002, 4.86085077E-001,-1.61230100E+000, 2.84456255E-005, 3.34827452E-001
 2.65000000E+001,-1.12303507E-001, 7.25061444E-002, 4.86062978E-001,-1.61315500E+000, 2.84406709E-005, 3.34794030E-001
 2.67000000E+001,-1.13146859E-001, 7.25094807E-002, 4.86040895E-001,-1.61400900E+000, 2.84357203E-005, 3.34760633E-001
 2.69000000E+001,-1.13990103E-001, 7.25128144E-002, 4.86018834E-001,-1.61486300E+000, 2.84307751E-005, 3.34727271E-001
 2.71000000E+001,-1.14833239E-001, 7.25161444E-002, 4.85996801E-001,-1.61571700E+000, 2.84258368E-005, 3.34693953E-001
 2.73000000E+001,-1.15676267E-001, 7.25194698E-002, 4.85974802E-001,-1.61657100E+000, 2.84209067E-005, 3.34660689E-001
 2.75000000E+001,-1.16519185E-001, 7.25227896E-002, 4.85952845E-001,-1.61742500E+000, 2.84159864E-005, 3.34627489E-001
 2.77000000E+001,-1.17361993E-001, 7.25261025E-002, 4.85930938E-001,-1.61827900E+000, 2.84110778E-005, 3.34594365E-001
 2.79000000E+001,-1.18204692E-001, 7.25294081E-002, 4.85909082E-001,-1.61913300E+000, 2.84061813E-005, 3.34561322E-001
 2.81000000E+001,-1.19047278E-001, 7.25327027E-002, 4.85887306E-001,-1.61998700E+000, 2.84013030E-005, 3.34528400E-001
 2.83000000E+001,-1.19889759E-001, 7.25359939E-002, 4.85865547E-001,-1.62084100E+000, 2.83964291E-005, 3.34495506E-001
 2.85000000E+001,-1.20732103E-001, 7.25392477E-002, 4.85844074E-001,-1.62169500E+000, 2.83916194E-005, 3.34463043E-001
 2.87000000E+001,-1.21574432E-001, 7.25425846E-002, 4.85821924E-001,-1.62254900E+000, 2.83866610E-005, 3.34429575E-001
 2.89000000E+001,-1.22416285E-001, 7.25455501E-002, 4.85802725E-001,-1.62340300E+000, 2.83823540E-005, 3.34400501E-001
 2.91000000E+001,-1.23259375E-001, 7.25498237E-002, 4.85773066E-001,-1.62425700E+000, 2.83757420E-005, 3.34355866E-001
 2.93000000E+001,-1.24097342E-001, 7.25491720E-002, 4.85782577E-001,-1.62511100E+000, 2.83777671E-005, 3.34369539E-001
 2.95000000E+001,-1.24953625E-001, 7.25665477E-002, 4.85648348E-001,-1.62596500E+000, 2.83481149E-005, 3.34169324E-001
 2.97000000E+001,-1.25741386E-001, 7.25167015E-002, 4.86039683E-001,-1.62681900E+000, 2.84345154E-005, 3.34752522E-001
 2.99000000E+001,-1.26770229E-001, 7.26976219E-002, 4.84510498E-001,-1.62767300E+000, 2.80997226E-005, 3.32489396E-001
