 2.16000310E+004,150
X,ZB,H,U,ZF,QS,TS
 1.00000000E-001,-4.42338444E-002, 9.53559939E-002, 3.70820365E-001,-1.50042700E+000, 9.48288968E-006, 1.85382798E-001
 3.00000000E-001,-4.42820289E-002, 9.49257520E-002, 3.72564332E-001,-1.50128100E+000, 9.67807446E-006, 1.87275215E-001
 5.00000000E-001,-4.43415645E-002, 9.45118571E-002, 3.74198649E-001,-1.50213500E+000, 9.86370454E-006, 1.89063222E-001
 7.00000000E-001,-4.44128759E-002, 9.41051021E-002, 3.75819425E-001,-1.50298900E+000, 1.00499283E-005, 1.90845712E-001
 9.00000000E-001,-4.44963695E-002, 9.37059353E-002, 3.77424774E-001,-1.50384300E+000, 1.02364791E-005, 1.92620327E-001
 1.10000000E+000,-4.45923337E-002, 9.33147846E-002, 3.79012177E-001,-1.50469700E+000, 1.04230115E-005, 1.94384021E-001
 1.30000000E+000,-4.47008909E-002, 9.29319124E-002, 3.80579619E-001,-1.50555100E+000, 1.06092286E-005, 1.96134270E-001
 1.50000000E+000,-4.48220080E-002, 9.25574046E-002, 3.82125779E-001,-1.50640500E+000, 1.07949068E-005, 1.97869288E-001
 1.70000000E+000,-4.49555333E-002, 9.21912011E-002, 3.83649990E-001,-1.50725900E+000, 1.09798954E-005, 1.99587998E-001
 1.90000000E+000,-4.51012375E-002, 9.18331393E-002, 3.85152094E-001,-1.50811300E+000, 1.11641031E-005, 2.01289888E-001
 2.10000000E+000,-4.52588510E-002, 9.14829965E-002, 3.86632278E-001,-1.50896700E+000, 1.13474803E-005, 2.02974833E-001
 2.30000000E+000,-4.54280904E-002, 9.11405233E-002, 3.88090926E-001,-1.50982100E+000, 1.15300031E-005, 2.04642937E-001
 2.50000000E+000,-4.56086759E-002, 9.08054668E-002, 3.89528506E-001,-1.51067500E+000, 1.17116599E-005, 2.06294411E-001
 2.70000000E+000,-4.58003412E-002, 9.04775840E-002, 3.90945495E-001,-1.51152900E+000, 1.18924434E-005, 2.07929488E-001
 2.90000000E+000,-4.60028365E-002, 9.01566486E-002, 3.92342339E-001,-1.51238300E+000, 1.20723443E-005, 2.09548378E-001
 3.10000000E+000,-4.62159293E-002, 8.98424525E-002, 3.93719438E-001,-1.51323700E+000, 1.22513500E-005, 2.11151250E-001
 3.30000000E+000,-4.64394018E-002, 8.95348045E-002, 3.95077140E-001,-1.51409100E+000, 1.24294432E-005, 2.12738223E-001
 3.50000000E+000,-4.66730489E-002, 8.92335281E-002, 3.96415749E-001,-1.51494500E+000, 1.26066031E-005, 2.14309377E-001
 3.70000000E+000,-4.69166754E-002, 8.89384582E-002, 3.97735537E-001,-1.51579900E+000, 1.27828059E-005, 2.15864759E-001
 3.90000000E+000,-4.71700937E-002, 8.86494388E-002, 3.99036750E-001,-1.51665300E+000, 1.29580267E-005, 2.17404401E-001
 4.10000000E+000,-4.74331222E-002, 8.83663208E-002, 4.00319623E-001,-1.51750700E+000, 1.31322397E-005, 2.18928323E-001
 4.30000000E+000,-4.77055842E-002, 8.80889605E-002, 4.01584379E-001,-1.51836100E+000, 1.33054198E-005, 2.20436545E-001
 4.50000000E+000,-4.79873071E-002, 8.78172187E-002, 4.02831242E-001,-1.51921500E+000, 1.34775427E-005, 2.21929089E-001
 4.70000000E+000,-4.82781221E-002, 8.75509599E-002, 4.04060431E-001,-1.52006900E+000, 1.36485853E-005, 2.23405985E-001
 4.90000000E+000,-4.85778638E-002, 8.72900522E-002, 4.05272169E-001,-1.52092300E+000, 1.38185261E-005, 2.24867269E-001
 5.10000000E+000,-4.88863704E-002, 8.70343671E-002, 4.06466678E-001,-1.52177700E+000, 1.39873448E-005, 2.26312985E-001
 5.30000000E+000,-4.92034833E-002, 8.67837794E-002, 4.07644180E-001,-1.52263100E+000, 1.41550226E-005, 2.27743185E-001
 5.50000000E+000,-4.95290478E-002, 8.65381674E-002, 4.08804897E-001,-1.52348500E+000, 1.43215419E-005, 2.29157925E-001
 5.70000000E+000,-4.98629123E-002, 8.62974127E-002, 4.09949051E-001,-1.52433900E+000, 1.44868863E-005, 2.30557269E-001
 5.90000000E+000,-5.02049289E-002, 8.60614005E-002, 4.11076860E-001,-1.52519300E+000, 1.46510403E-005, 2.31941281E-001
 6.10000000E+000,-5.05549531E-002, 8.58300193E-002, 4.12188541E-001,-1.52604700E+000, 1.48139896E-005, 2.33310033E-001
 6.30000000E+000,-5.09128438E-002, 8.56031609E-002, 4.13284309E-001,-1.52690100E+000, 1.49757203E-005, 2.34663596E-001
 6.50000000E+000,-5.12784630E-002, 8.53807205E-002, 4.14364373E-001,-1.52775500E+000, 1.51362197E-005, 2.36002044E-001
 6.70000000E+000,-5.16516762E-002, 8.51625964E-002, 4.15428943E-001,-1.52860900E+000, 1.52954755E-005, 2.37325455E-001
 6.90000000E+000,-5.20323518E-002, 8.49486900E-002, 4.16478221E-001,-1.52946300E+000, 1.54534765E-005, 2.38633905E-001
 7.10000000E+000,-5.24203611E-002, 8.47389057E-002, 4.17512411E-001,-1.53031700E+000, 1.56102116E-005, 2.39927475E-001
 7.30000000E+000,-5.28155784E-002, 8.45331507E-002, 4.18531711E-001,-1.53117100E+000, 1.57656710E-005, 2.41206246E-001
 7.50000000E+000,-5.32178808E-002, 8.43313349E-002, 4.19536315E-001,-1.53202500E+000, 1.59198450E-005, 2.42470299E-001
 7.70000000E+000,-5.36271479E-002, 8.41333709E-002, 4.20526417E-001,-1.53287900E+000, 1.60727249E-005, 2.43719720E-001
 7.90000000E+000,-5.40432620E-002, 8.39391739E-002, 4.21502207E-001,-1.53373300E+000, 1.62243026E-005, 2.44954592E-001
 8.10000000E+000,-5.44661079E-002, 8.37486612E-002, 4.22463871E-001,-1.53458700E+000, 1.63745703E-005, 2.46175002E-001
 8.30000000E+000,-5.48955725E-002, 8.35617527E-002, 4.23411594E-001,-1.53544100E+000, 1.65235211E-005, 2.47381039E-001
 8.50000000E+000,-5.53315455E-002, 8.33783706E-002, 4.24345558E-001,-1.53629500E+000, 1.66711488E-005, 2.48572791E-001
 8.70000000E+000,-5.57739185E-002, 8.31984390E-002, 4.25265943E-001,-1.53714900E+000, 1.68174473E-005, 2.49750348E-001
 8.90000000E+000,-5.62225853E-002, 8.30218843E-002, 4.26172924E-001,-1.53800300E+000, 1.69624117E-005, 2.50913803E-001
 9.10000000E+000,-5.66774420E-002, 8.28486348E-002, 4.27066678E-001,-1.53885700E+000, 1.71060370E-005, 2.52063248E-001
 9.30000000E+000,-5.71383866E-002, 8.26786209E-002, 4.27947377E-001,-1.53971100E+000, 1.72483193E-005, 2.53198776E-001
 9.50000000E+000,-5.76053190E-002, 8.25117747E-002, 4.28815189E-001,-1.54056500E+000, 1.73892549E-005, 2.54320483E-001
 9.70000000E+000,-5.80781412E-002, 8.23480301E-002, 4.29670284E-001,-1.54141900E+000, 1.75288407E-005, 2.55428463E-001
 9.90000000E+000,-5.85567570E-002, 8.21873229E-002, 4.30512825E-001,-1.54227300E+000, 1.76670740E-005, 2.56522813E-001
 1.01000000E+001,-5.90410720E-002, 8.20295905E-002, 4.31342978E-001,-1.54312700E+000, 1.78039527E-005, 2.57603630E-001
 1.03000000E+001,-5.95309936E-002, 8.18747720E-002, 4.32160901E-001,-1.54398100E+000, 1.79394751E-005, 2.58671013E-001
 1.05000000E+001,-6.00264310E-002, 8.17228080E-002, 4.32966755E-001,-1.54483500E+000, 1.80736400E-005, 2.59725059E-001
 1.07000000E+001,-6.05272948E-002, 8.15736407E-002, 4.33760697E-001,-1.54568900E+000, 1.82064466E-005, 2.60765868E-001
 1.09000000E+001,-6.10334976E-002, 8.14272137E-002, 4.34542880E-001,-1.54654300E+000, 1.83378946E-005, 2.61793541E-001
 1.11000000E+001,-6.15449532E-002, 8.12834722E-002, 4.35313458E-001,-1.54739700E+000, 1.84679839E-005, 2.62808177E-001
 1.13000000E+001,-6.20615771E-002, 8.11423625E-002, 4.36072581E-001,-1.54825100E+000, 1.85967150E-005, 2.63809877E-001
 1.15000000E+001,-6.25832865E-002, 8.10038326E-002, 4.36820398E-001,-1.54910500E+000, 1.87240889E-005, 2.64798744E-001
 1.17000000E+001,-6.31099997E-002, 8.08678314E-002, 4.37557057E-001,-1.54995900E+000, 1.88501067E-005, 2.65774878E-001
 1.19000000E+001,-6.36416366E-002, 8.07343093E-002, 4.38282701E-001,-1.55081300E+000, 1.89747700E-005, 2.66738383E-001
 1.21000000E+001,-6.41781185E-002, 8.06032180E-002, 4.38997475E-001,-1.55166700E+000, 1.90980809E-005, 2.67689361E-001
 1.23000000E+001,-6.47193680E-002, 8.04745100E-002, 4.39701520E-001,-1.55252100E+000, 1.92200415E-005, 2.68627916E-001
 1.25000000E+001,-6.52653090E-002, 8.03481393E-002, 4.40394975E-001,-1.55337500E+000, 1.93406547E-005, 2.69554150E-001
 1.27000000E+001,-6.58158666E-002, 8.02240607E-002, 4.41077979E-001,-1.55422900E+000, 1.94599234E-005, 2.70468168E-001
 1.29000000E+001,-6.63709673E-002, 8.01022304E-002, 4.41750667E-001,-1.55508300E+000, 1.95778510E-005, 2.71370074E-001
 1.31000000E+001,-6.69305388E-002, 7.99826052E-002, 4.42413175E-001,-1.55593700E+000, 1.96944411E-005, 2.72259973E-001
 1.33000000E+001,-6.74945099E-002, 7.98651433E-002, 4.43065635E-001,-1.55679100E+000, 1.98096977E-005, 2.73137969E-001
 1.35000000E+001,-6.80628106E-002, 7.97498036E-002, 4.43708180E-001,-1.55764500E+000, 1.99236251E-005, 2.74004168E-001
 1.37000000E+001,-6.86353720E-002, 7.96365460E-002, 4.44340939E-001,-1.55849900E+000, 2.00362278E-005, 2.74858675E-001
 1.39000000E+001,-6.92121264E-002, 7.95253314E-002, 4.44964040E-001,-1.55935300E+000, 2.01475107E-005, 2.75701595E-001
 1.41000000E+001,-6.97930070E-002, 7.94161213E-002, 4.45577611E-001,-1.56020700E+000, 2.02574791E-005, 2.76533033E-001
 1.43000000E+001,-7.03779482E-002, 7.93088783E-002, 4.46181778E-001,-1.56106100E+000, 2.03661382E-005, 2.77353098E-001
 1.45000000E+001,-7.09668854E-002, 7.92035658E-002, 4.46776665E-001,-1.56191500E+000, 2.04734938E-005, 2.78161893E-001
 1.47000000E+001,-7.15597550E-002, 7.91001478E-002, 4.47362394E-001,-1.56276900E+000, 2.05795518E-005, 2.78959526E-001
 1.49000000E+001,-7.21564945E-002, 7.89985892E-002, 4.47939087E-001,-1.56362300E+000, 2.06843186E-005, 2.79746102E-001
 1.51000000E+001,-7.27570421E-002, 7.88988557E-002, 4.48506866E-001,-1.56447700E+000, 2.07878004E-005, 2.80521730E-001
 1.53000000E+001,-7.33613372E-002, 7.88009136E-002, 4.49065847E-001,-1.56533100E+000, 2.08900041E-005, 2.81286515E-001
 1.55000000E+001,-7.39693201E-002, 7.87047299E-002, 4.49616151E-001,-1.56618500E+000, 2.09909366E-005, 2.82040565E-001
 1.57000000E+001,-7.45809317E-002, 7.86102725E-002, 4.50157892E-001,-1.56703900E+000, 2.10906050E-005, 2.82783986E-001
 1.59000000E+001,-7.51961143E-002, 7.85175095E-002, 4.50691187E-001,-1.56789300E+000, 2.11890168E-005, 2.83516886E-001
 1.61000000E+001,-7.58148107E-002, 7.84264100E-002, 4.51216150E-001,-1.56874700E+000, 2.12861796E-005, 2.84239373E-001
 1.63000000E+001,-7.64369646E-002, 7.83369437E-002, 4.51732893E-001,-1.56960100E+000, 2.13821013E-005, 2.84951553E-001
 1.65000000E+001,-7.70625207E-002, 7.82490806E-002, 4.52241531E-001,-1.57045500E+000, 2.14767900E-005, 2.85653534E-001
 1.67000000E+001,-7.76914243E-002, 7.81627917E-002, 4.52742172E-001,-1.57130900E+000, 2.15702538E-005, 2.86345424E-001
 1.69000000E+001,-7.83236217E-002, 7.80780482E-002, 4.53234928E-001,-1.57216300E+000, 2.16625013E-005, 2.87027331E-001
 1.71000000E+001,-7.89590600E-002, 7.79948220E-002, 4.53719907E-001,-1.57301700E+000, 2.17535412E-005, 2.87699363E-001
 1.73000000E+001,-7.95976868E-002, 7.79130854E-002, 4.54197218E-001,-1.57387100E+000, 2.18433823E-005, 2.88361627E-001
 1.75000000E+001,-8.02394508E-002, 7.78328114E-002, 4.54666967E-001,-1.57472500E+000, 2.19320337E-005, 2.89014231E-001
 1.77000000E+001,-8.08843014E-002, 7.77539734E-002, 4.55129261E-001,-1.57557900E+000, 2.20195047E-005, 2.89657285E-001
 1.79000000E+001,-8.15321884E-002, 7.76765451E-002, 4.55584205E-001,-1.57643300E+000, 2.21058046E-005, 2.90290896E-001
 1.81000000E+001,-8.21830628E-002, 7.76005010E-002, 4.56031904E-001,-1.57728700E+000, 2.21909431E-005, 2.90915173E-001
 1.83000000E+001,-8.28368760E-002, 7.75258158E-002, 4.56472461E-001,-1.57814100E+000, 2.22749300E-005, 2.91530223E-001
 1.85000000E+001,-8.34935803E-002, 7.74524647E-002, 4.56905978E-001,-1.57899500E+000, 2.23577753E-005, 2.92136156E-001
 1.87000000E+001,-8.41531284E-002, 7.73804232E-002, 4.57332559E-001,-1.57984900E+000, 2.24394890E-005, 2.92733081E-001
 1.89000000E+001,-8.48154740E-002, 7.73096674E-002, 4.57752304E-001,-1.58070300E+000, 2.25200815E-005, 2.93321105E-001
 1.91000000E+001,-8.54805713E-002, 7.72401738E-002, 4.58165314E-001,-1.58155700E+000, 2.25995632E-005, 2.93900339E-001
 1.93000000E+001,-8.61483752E-002, 7.71719190E-002, 4.58571687E-001,-1.58241100E+000, 2.26779448E-005, 2.94470891E-001
 1.95000000E+001,-8.68188412E-002, 7.71048803E-002, 4.58971524E-001,-1.58326500E+000, 2.27552370E-005, 2.95032869E-001
 1.97000000E+001,-8.74919256E-002, 7.70390352E-002, 4.59364923E-001,-1.58411900E+000, 2.28314508E-005, 2.95586384E-001
 1.99000000E+001,-8.81675851E-002, 7.69743614E-002, 4.59751981E-001,-1.58497300E+000, 2.29065972E-005, 2.96131544E-001
 2.01000000E+001,-8.88457772E-002, 7.69108372E-002, 4.60132796E-001,-1.58582700E+000, 2.29806874E-005, 2.96668458E-001
 2.03000000E+001,-8.95264599E-002, 7.68484411E-002, 4.60507463E-001,-1.58668100E+000, 2.30537329E-005, 2.97197238E-001
 2.05000000E+001,-9.02095920E-002, 7.67871519E-002, 4.60876079E-001,-1.58753500E+000, 2.31257452E-005, 2.97717991E-001
 2.07000000E+001,-9.08951326E-002, 7.67269487E-002, 4.61238738E-001,-1.58838900E+000, 2.31967358E-005, 2.98230827E-001
 2.09000000E+001,-9.15830415E-002, 7.66678110E-002, 4.61595537E-001,-1.58924300E+000, 2.32667167E-005, 2.98735858E-001
 2.11000000E+001,-9.22732794E-002, 7.66097184E-002, 4.61946567E-001,-1.59009700E+000, 2.33356997E-005, 2.99233191E-001
 2.13000000E+001,-9.29658070E-002, 7.65526508E-002, 4.62291924E-001,-1.59095100E+000, 2.34036969E-005, 2.99722939E-001
 2.15000000E+001,-9.36605860E-002, 7.64965886E-002, 4.62631701E-001,-1.59180500E+000, 2.34707205E-005, 3.00205210E-001
 2.17000000E+001,-9.43575786E-002, 7.64415122E-002, 4.62965989E-001,-1.59265900E+000, 2.35367828E-005, 3.00680115E-001
 2.19000000E+001,-9.50567473E-002, 7.63874023E-002, 4.63294882E-001,-1.59351300E+000, 2.36018963E-005, 3.01147765E-001
 2.21000000E+001,-9.57580555E-002, 7.63342399E-002, 4.63618470E-001,-1.59436700E+000, 2.36660736E-005, 3.01608270E-001
 2.23000000E+001,-9.64614669E-002, 7.62820063E-002, 4.63936845E-001,-1.59522100E+000, 2.37293274E-005, 3.02061741E-001
 2.25000000E+001,-9.71669459E-002, 7.62306827E-002, 4.64250099E-001,-1.59607500E+000, 2.37916705E-005, 3.02508290E-001
 2.27000000E+001,-9.78744571E-002, 7.61802508E-002, 4.64558321E-001,-1.59692900E+000, 2.38531158E-005, 3.02948026E-001
 2.29000000E+001,-9.85839661E-002, 7.61306925E-002, 4.64861602E-001,-1.59778300E+000, 2.39136765E-005, 3.03381063E-001
 2.31000000E+001,-9.92954386E-002, 7.60819898E-002, 4.65160032E-001,-1.59863700E+000, 2.39733658E-005, 3.03807511E-001
 2.33000000E+001,-1.00008841E-001, 7.60341249E-002, 4.65453700E-001,-1.59949100E+000, 2.40321970E-005, 3.04227482E-001
 2.35000000E+001,-1.00724140E-001, 7.59870801E-002, 4.65742695E-001,-1.60034500E+000, 2.40901836E-005, 3.04641089E-001
 2.37000000E+001,-1.01441304E-001, 7.59408380E-002, 4.66027107E-001,-1.60119900E+000, 2.41473392E-005, 3.05048444E-001
 2.39000000E+001,-1.02160299E-001, 7.58953812E-002, 4.66307026E-001,-1.60205300E+000, 2.42036776E-005, 3.05449660E-001
 2.41000000E+001,-1.02881095E-001, 7.58506923E-002, 4.66582540E-001,-1.60290700E+000, 2.42592129E-005, 3.05844853E-001
 2.43000000E+001,-1.03603659E-001, 7.58067541E-002, 4.66853739E-001,-1.60376100E+000, 2.43139593E-005, 3.06234136E-001
 2.45000000E+001,-1.04327961E-001, 7.57635492E-002, 4.67120715E-001,-1.60461500E+000, 2.43679315E-005, 3.06617628E-001
 2.47000000E+001,-1.05053969E-001, 7.57210603E-002, 4.67383559E-001,-1.60546900E+000, 2.44211444E-005, 3.06995449E-001
 2.49000000E+001,-1.05781654E-001, 7.56792692E-002, 4.67642366E-001,-1.60632300E+000, 2.44736139E-005, 3.07367723E-001
 2.51000000E+001,-1.06510984E-001, 7.56381577E-002, 4.67897235E-001,-1.60717700E+000, 2.45253567E-005, 3.07734580E-001
 2.53000000E+001,-1.07241928E-001, 7.55977059E-002, 4.68148271E-001,-1.60803100E+000, 2.45763910E-005, 3.08096161E-001
 2.55000000E+001,-1.07974454E-001, 7.55578924E-002, 4.68395589E-001,-1.60888500E+000, 2.46267372E-005, 3.08452622E-001
 2.57000000E+001,-1.08708526E-001, 7.55186930E-002, 4.68639320E-001,-1.60973900E+000, 2.46764192E-005, 3.08804142E-001
 2.59000000E+001,-1.09444109E-001, 7.54800787E-002, 4.68879619E-001,-1.61059300E+000, 2.47254660E-005, 3.09150938E-001
 2.61000000E+001,-1.10181160E-001, 7.54420135E-002, 4.69116680E-001,-1.61144700E+000, 2.47739151E-005, 3.09493281E-001
 2.63000000E+001,-1.10919627E-001, 7.54044503E-002, 4.69350756E-001,-1.61230100E+000, 2.48218164E-005, 3.09831534E-001
 2.65000000E+001,-1.11659448E-001, 7.53673244E-002, 4.69582194E-001,-1.61315500E+000, 2.48692397E-005, 3.10166198E-001
 2.67000000E+001,-1.12400539E-001, 7.53305436E-002, 4.69811488E-001,-1.61400900E+000, 2.49162854E-005, 3.10497987E-001
 2.69000000E+001,-1.13142783E-001, 7.52939735E-002, 4.70039358E-001,-1.61486300E+000, 2.49631021E-005, 3.10827954E-001
 2.71000000E+001,-1.13886014E-001, 7.52574130E-002, 4.70266877E-001,-1.61571700E+000, 2.50099131E-005, 3.11157674E-001
 2.73000000E+001,-1.14629988E-001, 7.52205573E-002, 4.70495675E-001,-1.61657100E+000, 2.50570587E-005, 3.11489544E-001
 2.75000000E+001,-1.15374337E-001, 7.51829403E-002, 4.70728243E-001,-1.61742500E+000, 2.51050620E-005, 3.11827237E-001
 2.77000000E+001,-1.16118501E-001, 7.51438435E-002, 4.70968423E-001,-1.61827900E+000, 2.51547314E-005, 3.12176424E-001
 2.79000000E+001,-1.16861625E-001, 7.51021558E-002, 4.71222160E-001,-1.61913300E+000, 2.52073224E-005, 3.12545901E-001
 2.81000000E+001,-1.17602387E-001, 7.50561529E-002, 4.71498694E-001,-1.61998700E+000, 2.52647901E-005, 3.12949344E-001
 2.83000000E+001,-1.18338741E-001, 7.50031555E-002, 4.71812405E-001,-1.62084100E+000, 2.53301870E-005, 3.13408081E-001
 2.85000000E+001,-1.19067520E-001, 7.49389960E-002, 4.72185723E-001,-1.62169500E+000, 2.54082888E-005, 3.13955422E-001
 2.87000000E+001,-1.19783810E-001, 7.48571910E-002, 4.72653668E-001,-1.62254900E+000, 2.55065856E-005, 3.14643492E-001
 2.89000000E+001,-1.20480007E-001, 7.47476591E-002, 4.73270993E-001,-1.62340300E+000, 2.56368579E-005, 3.15554028E-001
 2.91000000E+001,-1.21144373E-001, 7.45947474E-002, 4.74123408E-001,-1.62425700E+000, 2.58177095E-005, 3.16815534E-001
 2.93000000E+001,-1.21758885E-001, 7.43742140E-002, 4.75345307E-001,-1.62511100E+000, 2.60786906E-005, 3.18630793E-001
 2.95000000E+001,-1.22296123E-001, 7.40486773E-002, 4.77147899E-001,-1.62596500E+000, 2.64671510E-005, 3.21321563E-001
 2.97000000E+001,-1.22714992E-001, 7.35608876E-002, 4.79864263E-001,-1.62681900E+000, 2.70599775E-005, 3.25402698E-001
 2.99000000E+001,-1.22955482E-001, 7.28240205E-002, 4.84021328E-001,-1.62767300E+000, 2.79843263E-005, 3.31707161E-001
